RUSBag
0.9333,0.875,0.9032,0.9782
0.9054,0.8701,0.8874,0.9735
0.8784,0.8442,0.8609,0.9684
0.8784,0.8333,0.8553,0.9738
0.9054,0.8481,0.8758,0.9735
0.9324,0.8313,0.879,0.9734
0.9595,0.8659,0.9103,0.9864
0.9324,0.8961,0.9139,0.9782
0.88,0.9041,0.8919,0.9746
0.9467,0.8875,0.9161,0.9855
0.9467,0.9467,0.9467,0.9913
0.9324,0.8118,0.8679,0.97
0.9054,0.859,0.8816,0.9742
0.9865,0.8488,0.9125,0.9785
0.9459,0.8434,0.8917,0.9725
0.9054,0.8072,0.8535,0.9783
0.9189,0.8831,0.9007,0.9809
0.9054,0.8701,0.8874,0.9757
0.9467,0.8765,0.9103,0.9885
0.88,0.8571,0.8684,0.9708
0.92,0.8118,0.8625,0.9715
0.8919,0.8684,0.88,0.9696
0.9595,0.9103,0.9342,0.9855
0.9595,0.8554,0.9045,0.9802
0.9324,0.8846,0.9079,0.989
0.9865,0.8022,0.8848,0.9861
0.9459,0.8861,0.915,0.9848
0.9189,0.8095,0.8608,0.976
0.9067,0.8293,0.8662,0.9618
0.92,0.9079,0.9139,0.9846
0.9467,0.7717,0.8503,0.9617
0.9189,0.9189,0.9189,0.9898
0.9324,0.8846,0.9079,0.9838
0.9324,0.8846,0.9079,0.9889
0.9459,0.8861,0.915,0.9709
0.973,0.8,0.878,0.9844
0.8784,0.8442,0.8609,0.9614
0.9595,0.9103,0.9342,0.9874
0.9733,0.8588,0.9125,0.9875
0.9333,0.8434,0.8861,0.9786
0.9733,0.9359,0.9542,0.9929
0.9467,0.9221,0.9342,0.9838
0.9333,0.8642,0.8974,0.9813
0.9595,0.8875,0.9221,0.9861
0.9189,0.8293,0.8718,0.9679
0.8514,0.8182,0.8344,0.9516
0.9189,0.85,0.8831,0.9731
0.9054,0.8481,0.8758,0.9739
0.8919,0.8684,0.88,0.9779
0.9595,0.8875,0.9221,0.9801
0.9467,0.8659,0.9045,0.9832
0.9459,0.9091,0.9272,0.9866
0.9595,0.8256,0.8875,0.9751
0.8784,0.7927,0.8333,0.952
0.9324,0.8846,0.9079,0.979
0.9324,0.8519,0.8903,0.979
0.8919,0.9167,0.9041,0.9841
0.973,0.8471,0.9057,0.9768
0.96,0.9114,0.9351,0.987
0.92,0.8734,0.8961,0.9775
0.9333,0.8537,0.8917,0.982
0.9459,0.8333,0.8861,0.977
0.9595,0.8875,0.9221,0.9917
0.9324,0.8214,0.8734,0.9714
0.9189,0.9067,0.9128,0.9909
0.9324,0.8118,0.8679,0.9641
0.9324,0.8625,0.8961,0.9783
0.9324,0.8846,0.9079,0.9876
0.9333,0.8861,0.9091,0.9784
0.96,0.8372,0.8944,0.9748
0.92,0.8519,0.8846,0.9755
0.9467,0.8765,0.9103,0.981
0.96,0.878,0.9172,0.981
0.9189,0.8395,0.8774,0.9775
0.9459,0.8235,0.8805,0.9676
0.9459,0.9211,0.9333,0.9913
0.973,0.8471,0.9057,0.983
0.9189,0.9067,0.9128,0.982
0.9459,0.814,0.875,0.9782
0.9189,0.8608,0.8889,0.972
0.8533,0.8649,0.8591,0.9618
0.9733,0.9012,0.9359,0.9897
0.9467,0.8765,0.9103,0.9835
0.9324,0.8415,0.8846,0.9781
0.8649,0.8767,0.8707,0.9632
0.973,0.8471,0.9057,0.986
0.8919,0.8462,0.8684,0.9718
0.973,0.8182,0.8889,0.9822
0.9324,0.92,0.9262,0.9842
0.973,0.8276,0.8944,0.9689
0.92,0.8214,0.8679,0.976
0.96,0.8675,0.9114,0.9832
0.96,0.9114,0.9351,0.9904
0.9189,0.8608,0.8889,0.9783
0.9054,0.9178,0.9116,0.9769
0.9595,0.8554,0.9045,0.9864
0.9459,0.8861,0.915,0.9794
0.9459,0.8642,0.9032,0.9737
0.8784,0.8333,0.8553,0.9578
0.9189,0.85,0.8831,0.9774
0.9067,0.85,0.8774,0.9779
0.9595,0.8161,0.882,0.9681
0.9189,0.85,0.8831,0.9645
0.9595,0.8659,0.9103,0.9819
0.9324,0.8415,0.8846,0.9696
0.9054,0.859,0.8816,0.9814
0.9324,0.8625,0.8961,0.98
0.8919,0.88,0.8859,0.9679
0.9733,0.8391,0.9012,0.9875
0.92,0.8846,0.902,0.9759
0.9333,0.8974,0.915,0.9859
0.96,0.8675,0.9114,0.983
0.9333,0.8235,0.875,0.9749
0.8649,0.9014,0.8828,0.977
0.9324,0.8214,0.8734,0.9754
0.9189,0.8395,0.8774,0.9629
0.9595,0.8765,0.9161,0.9929
0.9189,0.8,0.8553,0.9635
0.9189,0.8947,0.9067,0.9857
0.9189,0.8947,0.9067,0.9835
0.9067,0.8193,0.8608,0.9631
0.9867,0.9024,0.9427,0.9926
0.92,0.8734,0.8961,0.975
0.9595,0.8554,0.9045,0.9836
0.9459,0.8333,0.8861,0.9806
0.9054,0.8481,0.8758,0.9692
0.8784,0.8553,0.8667,0.9777
0.9054,0.8272,0.8645,0.9613
0.9595,0.8452,0.8987,0.9746
0.8784,0.942,0.9091,0.9758
0.9467,0.8659,0.9045,0.9817
0.8784,0.8553,0.8667,0.9698
0.9595,0.9221,0.9404,0.9813
0.9324,0.8734,0.902,0.9834
0.9595,0.8875,0.9221,0.9854
0.9595,0.8161,0.882,0.9737
0.9324,0.8023,0.8625,0.9703
0.9459,0.8974,0.9211,0.9874
0.8933,0.8072,0.8481,0.9573
0.9467,0.8765,0.9103,0.9916
0.8933,0.8272,0.859,0.9748
0.9189,0.8718,0.8947,0.9759
0.9459,0.814,0.875,0.9847
0.9595,0.8452,0.8987,0.9844
0.9595,0.8554,0.9045,0.9839
0.9324,0.8519,0.8903,0.9695
0.9324,0.8625,0.8961,0.9796
0.9324,0.9324,0.9324,0.9834
0.9067,0.9189,0.9128,0.9756
0.9467,0.8452,0.8931,0.9781
0.96,0.8372,0.8944,0.9828
0.92,0.8625,0.8903,0.9781
0.96,0.8182,0.8834,0.9792
0.9459,0.8537,0.8974,0.9821
0.8784,0.8667,0.8725,0.9631
0.9189,0.8831,0.9007,0.985
0.9595,0.8987,0.9281,0.9889
0.9054,0.9178,0.9116,0.9792
0.973,0.8372,0.9,0.976
0.8919,0.88,0.8859,0.9659
0.9467,0.8659,0.9045,0.9829
0.9333,0.9459,0.9396,0.9881
0.9467,0.8452,0.8931,0.9784
0.8919,0.8354,0.8627,0.9646
0.9459,0.8434,0.8917,0.9649
0.9324,0.8734,0.902,0.9756
0.9054,0.8701,0.8874,0.9751
0.9324,0.8519,0.8903,0.9723
0.9459,0.8861,0.915,0.9849
0.9324,0.8118,0.8679,0.9766
0.9333,0.8974,0.915,0.9834
1.0,0.8506,0.9193,0.99
0.9189,0.8718,0.8947,0.9756
0.9459,0.8046,0.8696,0.9679
0.9595,0.8875,0.9221,0.9881
0.9324,0.8734,0.902,0.9816
0.8919,0.8684,0.88,0.9654
0.9324,0.8625,0.8961,0.9733
0.88,0.825,0.8516,0.9722
0.9467,0.9467,0.9467,0.9914
0.9467,0.9221,0.9342,0.9891
0.9459,0.7955,0.8642,0.9792
0.9054,0.9306,0.9178,0.9899
0.9054,0.8171,0.859,0.9661
0.9595,0.8875,0.9221,0.9879
0.9459,0.8861,0.915,0.9866
0.8514,0.9403,0.8936,0.9861
0.9459,0.8333,0.8861,0.9724
0.9333,0.8434,0.8861,0.9761
0.8933,0.859,0.8758,0.9692
0.9333,0.8974,0.915,0.9839
0.9054,0.8481,0.8758,0.9701
0.8649,0.8421,0.8533,0.9626
0.9459,0.8974,0.9211,0.9779
0.9189,0.8293,0.8718,0.9681
0.9459,0.8235,0.8805,0.9774
0.8919,0.8354,0.8627,0.9741
0.8919,0.88,0.8859,0.9747
0.96,0.9,0.929,0.9833
0.9467,0.8554,0.8987,0.9792
0.84,0.8873,0.863,0.9759
0.9324,0.8118,0.8679,0.9727
0.9054,0.8072,0.8535,0.9734
0.8378,0.8267,0.8322,0.9635
0.9865,0.9241,0.9542,0.9934
0.9865,0.9012,0.9419,0.9806
0.9595,0.9103,0.9342,0.9865
0.9595,0.8659,0.9103,0.9784
0.92,0.8313,0.8734,0.9784
0.8667,0.8442,0.8553,0.9647
0.92,0.8846,0.902,0.9789
0.9324,0.92,0.9262,0.9859
0.9595,0.8765,0.9161,0.9813
0.9324,0.7841,0.8519,0.9642
0.9865,0.8391,0.9068,0.9807
0.9595,0.8765,0.9161,0.9907
0.9054,0.8816,0.8933,0.9768
0.8378,0.8611,0.8493,0.9723
0.9467,0.9467,0.9467,0.9954
0.8933,0.8375,0.8645,0.9589
0.9333,0.8434,0.8861,0.9641
0.96,0.8675,0.9114,0.9828
0.92,0.7419,0.8214,0.9533
0.8784,0.8784,0.8784,0.9695
0.9595,0.8659,0.9103,0.9729
0.9189,0.8395,0.8774,0.9779
0.9054,0.8701,0.8874,0.9834
0.9189,0.8395,0.8774,0.9836
0.9865,0.8902,0.9359,0.9851
0.9595,0.9726,0.966,0.9918
0.92,0.9079,0.9139,0.9802
0.9189,0.8293,0.8718,0.9672
0.9189,0.8395,0.8774,0.9766
0.9595,0.8353,0.8931,0.981
0.8649,0.8312,0.8477,0.9599
0.9459,0.8974,0.9211,0.9878
0.9324,0.8961,0.9139,0.9764
0.9865,0.8488,0.9125,0.9881
0.9467,0.8875,0.9161,0.9855
0.8933,0.859,0.8758,0.9695
0.9067,0.9189,0.9128,0.969
0.9467,0.9103,0.9281,0.9806
0.9733,0.8488,0.9068,0.9816
0.9459,0.8537,0.8974,0.983
0.8919,0.9296,0.9103,0.9804
0.9595,0.8765,0.9161,0.9881
0.9324,0.8846,0.9079,0.984
0.9459,0.8235,0.8805,0.9813
0.9459,0.8235,0.8805,0.9832
0.9054,0.8375,0.8701,0.9649
0.9333,0.9459,0.9396,0.982
0.9333,0.8235,0.875,0.9632
0.96,0.8675,0.9114,0.9854
0.9324,0.8961,0.9139,0.9876
0.8919,0.9167,0.9041,0.9794
0.973,0.8675,0.9172,0.9776
0.9189,0.8831,0.9007,0.9752
0.9459,0.8333,0.8861,0.97
0.9595,0.8875,0.9221,0.9846
0.9459,0.8235,0.8805,0.9788
0.8933,0.859,0.8758,0.9702
0.9595,0.9221,0.9404,0.9915
0.8919,0.8462,0.8684,0.9758
0.9324,0.8118,0.8679,0.9771
0.9054,0.8933,0.8993,0.9779
0.9324,0.8734,0.902,0.9789
0.9054,0.8171,0.859,0.9629
0.9459,0.8434,0.8917,0.9806
0.9067,0.8831,0.8947,0.9829
0.88,0.8571,0.8684,0.9692
0.9333,0.8861,0.9091,0.9851
0.9324,0.8415,0.8846,0.9681
0.9595,0.8554,0.9045,0.984
0.9054,0.8272,0.8645,0.9635
0.9324,0.8023,0.8625,0.9737
0.9459,0.9091,0.9272,0.9841
0.9595,0.8554,0.9045,0.9864
0.9324,0.7841,0.8519,0.9779
0.9467,0.8452,0.8931,0.9844
0.8933,0.8481,0.8701,0.9721
0.96,0.8471,0.9,0.9824
0.9467,0.8659,0.9045,0.9812
0.92,0.8625,0.8903,0.9786
0.9189,0.9189,0.9189,0.983
0.9189,0.9067,0.9128,0.9802
0.9189,0.8718,0.8947,0.975
0.9054,0.8375,0.8701,0.97
0.9189,0.8,0.8553,0.955
0.9595,0.8659,0.9103,0.976
0.9054,0.859,0.8816,0.9793
0.92,0.8519,0.8846,0.9706
0.9189,0.8947,0.9067,0.9783
0.973,0.8571,0.9114,0.9877
0.9189,0.8293,0.8718,0.9773
0.9459,0.9091,0.9272,0.9838
0.8649,0.8533,0.8591,0.9718
0.9595,0.9221,0.9404,0.9868
0.9324,0.8734,0.902,0.9794
0.9333,0.8537,0.8917,0.9805
0.9333,0.8642,0.8974,0.9746
0.8667,0.8904,0.8784,0.9687
0.8933,0.8933,0.8933,0.9846
0.8667,0.7386,0.7975,0.928
0.9189,0.8831,0.9007,0.9793
0.9189,0.8395,0.8774,0.9768
0.9054,0.859,0.8816,0.9783
0.9865,0.9605,0.9733,0.9926
0.973,0.878,0.9231,0.9903
0.9189,0.8395,0.8774,0.9703
0.9324,0.8313,0.879,0.9655
0.9467,0.8659,0.9045,0.9778
0.88,0.9296,0.9041,0.9858
0.92,0.8313,0.8734,0.9677
0.9595,0.8161,0.882,0.972
0.9189,0.8608,0.8889,0.9731
0.9189,0.9067,0.9128,0.9857
0.9054,0.8272,0.8645,0.9674
0.973,0.9,0.9351,0.9944
0.9054,0.8701,0.8874,0.9817
0.9595,0.8765,0.9161,0.9877
0.9733,0.8295,0.8957,0.9834
0.9324,0.8625,0.8961,0.9829
0.9865,0.9012,0.9419,0.9902
0.9324,0.8313,0.879,0.9835
0.9054,0.9178,0.9116,0.9832
0.9324,0.8118,0.8679,0.9616
0.9054,0.8701,0.8874,0.9759
0.9595,0.8068,0.8765,0.9733
0.92,0.8519,0.8846,0.9758
0.8667,0.8442,0.8553,0.9658
0.9067,0.8947,0.9007,0.9774
0.9333,0.8974,0.915,0.9794
0.96,0.9114,0.9351,0.9876
0.9324,0.8846,0.9079,0.9809
0.9324,0.8519,0.8903,0.981
0.9324,0.8415,0.8846,0.9747
0.9189,0.8193,0.8662,0.9649
0.9324,0.9079,0.92,0.9833
0.9459,0.9091,0.9272,0.9858
0.9324,0.9079,0.92,0.9909
0.8667,0.8333,0.8497,0.9684
0.96,0.8372,0.8944,0.9825
0.92,0.9079,0.9139,0.9801
0.9595,0.8659,0.9103,0.9871
0.973,0.878,0.9231,0.9878
0.8108,0.9231,0.8633,0.969
0.8649,0.8312,0.8477,0.9616
0.9324,0.8214,0.8734,0.9613
0.9595,0.8875,0.9221,0.986
0.9459,0.875,0.9091,0.9789
0.9467,0.8987,0.9221,0.9876
0.9067,0.8608,0.8831,0.9691
0.92,0.92,0.92,0.9803
0.9324,0.7582,0.8364,0.9548
0.973,0.8571,0.9114,0.9801
0.9189,0.8831,0.9007,0.9777
0.9595,0.8353,0.8931,0.9712
0.9595,0.8554,0.9045,0.9824
0.9595,0.9342,0.9467,0.9901
0.9595,0.8659,0.9103,0.9833
0.9733,0.8488,0.9068,0.9788
0.9189,0.8831,0.9007,0.9795
0.9054,0.8701,0.8874,0.97
0.9189,0.85,0.8831,0.9848
0.9324,0.8415,0.8846,0.9763
0.973,0.8889,0.929,0.9916
0.9189,0.8608,0.8889,0.9752
0.9865,0.8295,0.9012,0.9858
0.92,0.8734,0.8961,0.9729
0.92,0.8625,0.8903,0.9759
1.0,0.9615,0.9804,0.9973
0.9189,0.8718,0.8947,0.9777
0.973,0.809,0.8834,0.984
0.9459,0.8537,0.8974,0.9772
0.8784,0.8904,0.8844,0.9699
0.8378,0.8857,0.8611,0.965
0.9189,0.85,0.8831,0.9741
0.9054,0.8072,0.8535,0.9583
0.8933,0.859,0.8758,0.9756
0.92,0.8214,0.8679,0.9732
0.88,0.8354,0.8571,0.9715
0.9459,0.8974,0.9211,0.9865
0.9189,0.8718,0.8947,0.9716
0.9459,0.814,0.875,0.9634
0.9189,0.8193,0.8662,0.9658
0.9189,0.8718,0.8947,0.977
0.9595,0.9342,0.9467,0.986
0.9595,0.8659,0.9103,0.9839
0.9867,0.8132,0.8916,0.9815
0.9067,0.9067,0.9067,0.9734
0.9067,0.8,0.85,0.9539
0.973,0.9,0.9351,0.9882
0.9459,0.8046,0.8696,0.9645
0.8919,0.8462,0.8684,0.9729
0.9459,0.8642,0.9032,0.9864
0.9054,0.8375,0.8701,0.9708
0.9189,0.7816,0.8447,0.9632
1.0,0.881,0.9367,0.9927
0.92,0.8846,0.902,0.9817
0.96,0.9,0.929,0.9894
0.9333,0.8333,0.8805,0.9792
0.8649,0.8205,0.8421,0.9671
0.9189,0.9315,0.9252,0.9867
0.9459,0.8974,0.9211,0.9892
0.9595,0.8987,0.9281,0.986
0.9595,0.8256,0.8875,0.984
0.8514,0.875,0.863,0.9587
0.9595,0.8659,0.9103,0.9833
0.9067,0.8395,0.8718,0.9596
0.9333,0.8333,0.8805,0.9688
0.8933,0.859,0.8758,0.9807
0.9333,0.8235,0.875,0.9727
0.92,0.8961,0.9079,0.9828
0.9595,0.8452,0.8987,0.9781
0.9459,0.8235,0.8805,0.975
0.9189,0.8831,0.9007,0.9871
0.9324,0.8519,0.8903,0.9739
0.9189,0.8831,0.9007,0.9809
0.9459,0.875,0.9091,0.9913
0.9324,0.8846,0.9079,0.9723
0.92,0.8846,0.902,0.9709
0.9865,0.8202,0.8957,0.983
0.9189,0.8608,0.8889,0.9865
0.8649,0.8767,0.8707,0.9787
0.9189,0.8608,0.8889,0.976
0.9054,0.8816,0.8933,0.9746
0.9054,0.8481,0.8758,0.9781
0.973,0.8471,0.9057,0.9663
0.9733,0.8391,0.9012,0.9887
0.9467,0.8659,0.9045,0.9642
0.9067,0.8831,0.8947,0.9799
0.8649,0.8205,0.8421,0.9629
0.8784,0.9155,0.8966,0.978
0.973,0.766,0.8571,0.9757
0.9595,0.8765,0.9161,0.9847
0.9189,0.85,0.8831,0.9742
0.9459,0.875,0.9091,0.9928
0.9459,0.7865,0.8589,0.9725
0.96,0.9231,0.9412,0.9939
0.9733,0.8795,0.9241,0.9848
0.9467,0.8452,0.8931,0.9727
0.9595,0.9342,0.9467,0.9838
0.8784,0.8667,0.8725,0.9704
0.8919,0.8684,0.88,0.9778
0.973,0.8372,0.9,0.9796
0.9324,0.8313,0.879,0.9789
0.8919,0.88,0.8859,0.9796
0.9459,0.8642,0.9032,0.9759
0.9333,0.8642,0.8974,0.9792
0.9067,0.8718,0.8889,0.9746
0.9733,0.9012,0.9359,0.9883
0.96,0.878,0.9172,0.9901
0.9067,0.8293,0.8662,0.9797
0.9324,0.8519,0.8903,0.9775
0.973,0.878,0.9231,0.9819
0.8919,0.8462,0.8684,0.9687
0.9054,0.859,0.8816,0.963
0.8784,0.8333,0.8553,0.9752
0.8784,0.8904,0.8844,0.9691
0.9324,0.92,0.9262,0.9899
0.8933,0.8272,0.859,0.9672
0.9595,0.8161,0.882,0.9699
0.9189,0.8831,0.9007,0.9747
0.9459,0.9333,0.9396,0.9894
0.8919,0.8049,0.8462,0.9661
0.9459,0.8235,0.8805,0.9814
0.9324,0.8846,0.9079,0.9799
0.9459,0.8861,0.915,0.9824
0.92,0.9079,0.9139,0.9721
0.9067,0.8395,0.8718,0.9718
0.9333,0.8235,0.875,0.9536
0.8933,0.8933,0.8933,0.9884
0.9067,0.8395,0.8718,0.9723
0.9324,0.8961,0.9139,0.9867
0.9324,0.7931,0.8571,0.9654
0.9595,0.8452,0.8987,0.9805
0.8784,0.9559,0.9155,0.9771
0.9054,0.9306,0.9178,0.9823
0.9459,0.814,0.875,0.9539
0.9459,0.8642,0.9032,0.9832
0.88,0.8462,0.8627,0.9675
0.96,0.8889,0.9231,0.9854
0.9333,0.8642,0.8974,0.9811
0.9459,0.8642,0.9032,0.9847
0.9054,0.8072,0.8535,0.9626
0.9054,0.859,0.8816,0.9817
0.9595,0.8987,0.9281,0.9914
0.973,0.878,0.9231,0.9793
0.9054,0.8171,0.859,0.96
0.973,0.8571,0.9114,0.9818
0.9333,0.9333,0.9333,0.9839
0.92,0.9079,0.9139,0.9818
0.92,0.8846,0.902,0.9831
0.9324,0.8519,0.8903,0.9843
0.9324,0.92,0.9262,0.9855
0.9054,0.8272,0.8645,0.9621
0.9189,0.8395,0.8774,0.9661
0.9324,0.8118,0.8679,0.97
0.8649,0.8533,0.8591,0.9663
0.9595,0.8659,0.9103,0.9884
0.9333,0.9211,0.9272,0.9839
0.9324,0.8313,0.879,0.9771
0.9324,0.8519,0.8903,0.9819
0.9459,0.8861,0.915,0.9717
0.9865,0.8902,0.9359,0.9935
0.9324,0.7753,0.8466,0.971
0.9189,0.8395,0.8774,0.9675
0.9189,0.9189,0.9189,0.984
0.9467,0.8452,0.8931,0.9679
0.9733,0.8795,0.9241,0.985
0.9333,0.8974,0.915,0.9885
0.9867,0.881,0.9308,0.9898
0.9067,0.8608,0.8831,0.9811
0.973,0.8276,0.8944,0.9784
0.9189,0.9067,0.9128,0.9893
0.9595,0.8554,0.9045,0.9827
0.8784,0.9155,0.8966,0.9696
0.9189,0.8947,0.9067,0.979
0.9595,0.8353,0.8931,0.9746
0.8784,0.8553,0.8667,0.9626
0.9067,0.8395,0.8718,0.9802
0.973,0.8675,0.9172,0.991
0.9459,0.8434,0.8917,0.9718
0.8919,0.9041,0.898,0.9787
0.9189,0.9189,0.9189,0.9821
0.9324,0.8519,0.8903,0.9764
0.9324,0.8625,0.8961,0.9819
0.9054,0.8701,0.8874,0.9756
0.8933,0.8816,0.8874,0.9755
0.96,0.8182,0.8834,0.9769
0.8267,0.8378,0.8322,0.9649
0.9054,0.8816,0.8933,0.9793
0.9459,0.875,0.9091,0.9878
0.9324,0.8734,0.902,0.9796
0.9595,0.9103,0.9342,0.9941
0.9324,0.8734,0.902,0.974
0.9459,0.8434,0.8917,0.9771
0.9459,0.8537,0.8974,0.9717
0.9067,0.8718,0.8889,0.9782
0.9067,0.7907,0.8447,0.9724
0.96,0.8471,0.9,0.9747
0.9733,0.9012,0.9359,0.9885
0.8533,0.8312,0.8421,0.9663
0.9054,0.8701,0.8874,0.976
0.9324,0.8519,0.8903,0.9799
0.8919,0.8919,0.8919,0.9694
0.8919,0.88,0.8859,0.9768
0.9459,0.8861,0.915,0.9856
0.973,0.8182,0.8889,0.9757
0.9459,0.875,0.9091,0.9853
0.92,0.92,0.92,0.9859
0.9733,0.9012,0.9359,0.9929
0.9467,0.9726,0.9595,0.9928
0.8649,0.8205,0.8421,0.9646
0.9054,0.8816,0.8933,0.9747
0.8919,0.8148,0.8516,0.9612
0.9324,0.8961,0.9139,0.9822
0.8784,0.8025,0.8387,0.9697
0.9595,0.8256,0.8875,0.9813
0.9459,0.875,0.9091,0.9806
0.9333,0.8974,0.915,0.9846
0.9067,0.8193,0.8608,0.9498
0.96,0.8571,0.9057,0.9755
0.9054,0.8171,0.859,0.9561
0.9324,0.8625,0.8961,0.9735
0.9324,0.8415,0.8846,0.986
0.8919,0.9041,0.898,0.9844
0.9595,0.8353,0.8931,0.9854
0.9459,0.9211,0.9333,0.9905
0.9189,0.8395,0.8774,0.9663
0.9467,0.8256,0.882,0.9751
0.9189,0.8718,0.8947,0.9733
0.9459,0.8333,0.8861,0.9621
0.9189,0.8395,0.8774,0.9737
0.9324,0.8313,0.879,0.9699
0.9324,0.8846,0.9079,0.9883
0.9189,0.8831,0.9007,0.984
0.9595,0.8765,0.9161,0.9771
0.9333,0.8974,0.915,0.9884
0.9333,0.8974,0.915,0.9785
0.92,0.8519,0.8846,0.9798
0.9595,0.8659,0.9103,0.9886
0.9189,0.8718,0.8947,0.9768
0.9054,0.9178,0.9116,0.9878
0.9189,0.8718,0.8947,0.9767
0.9595,0.8353,0.8931,0.9802
0.9595,0.8765,0.9161,0.9864
0.8784,0.7927,0.8333,0.9601
0.9067,0.8831,0.8947,0.962
0.9067,0.9315,0.9189,0.9868
0.8667,0.8228,0.8442,0.9523
0.9865,0.8902,0.9359,0.9892
0.9054,0.8072,0.8535,0.9751
0.9459,0.8537,0.8974,0.9779
0.9459,0.875,0.9091,0.9841
0.973,0.878,0.9231,0.99
0.9189,0.85,0.8831,0.9763
0.8919,0.8571,0.8742,0.9683
0.9467,0.8659,0.9045,0.9754
0.9333,0.8974,0.915,0.9815
0.96,0.9231,0.9412,0.9885
0.8919,0.9041,0.898,0.975
0.9459,0.8235,0.8805,0.9718
0.9324,0.8625,0.8961,0.9749
0.9865,0.8295,0.9012,0.9739
0.9189,0.8293,0.8718,0.98
0.973,0.9,0.9351,0.9848
0.9189,0.8831,0.9007,0.9755
0.96,0.9,0.929,0.9771
0.8933,0.8272,0.859,0.9666
0.9333,0.7778,0.8485,0.9672
0.8919,0.8684,0.88,0.9617
0.9324,0.8846,0.9079,0.9775
0.973,0.8889,0.929,0.9869
0.9324,0.8625,0.8961,0.9779
0.9595,0.8875,0.9221,0.9848
0.9324,0.8415,0.8846,0.9815
0.9189,0.8947,0.9067,0.9791
0.9067,0.8395,0.8718,0.9707
0.9067,0.8831,0.8947,0.9719
0.9867,0.8706,0.925,0.9866
0.973,0.8372,0.9,0.9875
0.8784,0.8784,0.8784,0.9855
0.9324,0.8415,0.8846,0.982
0.8784,0.8904,0.8844,0.9811
0.9459,0.8642,0.9032,0.9767
0.9054,0.859,0.8816,0.9621
0.9459,0.8974,0.9211,0.9808
0.9067,0.9067,0.9067,0.978
0.9067,0.8095,0.8553,0.9751
0.8667,0.8333,0.8497,0.9397
0.9324,0.8313,0.879,0.9704
0.9189,0.85,0.8831,0.9721
0.973,0.8571,0.9114,0.9809
0.8919,0.9041,0.898,0.9702
0.9324,0.8961,0.9139,0.9842
0.9054,0.8272,0.8645,0.9731
0.9595,0.8987,0.9281,0.9872
0.9733,0.8488,0.9068,0.9754
0.9733,0.9241,0.9481,0.9927
0.9467,0.8353,0.8875,0.9794
0.9333,0.875,0.9032,0.9785
0.96,0.8889,0.9231,0.9856
0.8919,0.8462,0.8684,0.9632
0.9054,0.8816,0.8933,0.9684
0.9054,0.9054,0.9054,0.9796
0.9595,0.8068,0.8765,0.9738
0.9324,0.8734,0.902,0.9793
0.9865,0.8588,0.9182,0.9956
0.9459,0.8974,0.9211,0.9894
0.9067,0.8947,0.9007,0.9821
0.8919,0.9167,0.9041,0.9896
0.9595,0.9103,0.9342,0.98
0.9459,0.8642,0.9032,0.9858
0.9054,0.8481,0.8758,0.9626
0.9324,0.8846,0.9079,0.9765
0.9054,0.8171,0.859,0.9661
1.0,0.8605,0.925,0.9913
0.9067,0.8947,0.9007,0.9757
0.9467,0.8659,0.9045,0.9821
0.9467,0.8161,0.8765,0.9831
0.8919,0.8919,0.8919,0.973
0.973,0.8571,0.9114,0.9798
0.973,0.878,0.9231,0.9885
0.9054,0.8072,0.8535,0.9711
0.8649,0.8889,0.8767,0.9824
0.8784,0.8553,0.8667,0.9788
0.8784,0.8333,0.8553,0.9729
0.8933,0.8481,0.8701,0.9735
0.96,0.8471,0.9,0.9768
0.92,0.8961,0.9079,0.9846
0.9459,0.8537,0.8974,0.9891
0.9189,0.8947,0.9067,0.9772
0.9189,0.8718,0.8947,0.9764
0.9324,0.8023,0.8625,0.9704
0.9189,0.9067,0.9128,0.9813
0.9595,0.8452,0.8987,0.9871
0.9459,0.8333,0.8861,0.9788
0.88,0.8684,0.8742,0.9705
0.92,0.8734,0.8961,0.9675
0.96,0.9,0.929,0.9907
0.9324,0.8415,0.8846,0.9796
0.8784,0.8667,0.8725,0.9624
0.9459,0.8537,0.8974,0.9714
0.9324,0.92,0.9262,0.9817
0.9324,0.8519,0.8903,0.98
0.8919,0.7674,0.825,0.955
0.9189,0.8293,0.8718,0.9663
1.0,0.9375,0.9677,0.9964
0.9067,0.8395,0.8718,0.9717
0.9067,0.8395,0.8718,0.9746
0.9467,0.7978,0.8659,0.9768
0.9067,0.8193,0.8608,0.9547
0.973,0.8889,0.929,0.9896
0.9189,0.8,0.8553,0.9621
0.9595,0.8554,0.9045,0.977
0.9324,0.8846,0.9079,0.9811
0.9324,0.8519,0.8903,0.9714
0.9324,0.8961,0.9139,0.988
0.8784,0.8904,0.8844,0.9827
0.9867,0.8315,0.9024,0.9875
0.8919,0.88,0.8859,0.9762
0.9324,0.8961,0.9139,0.9869
0.9054,0.8816,0.8933,0.9737
0.9595,0.8256,0.8875,0.9732
0.8919,0.8462,0.8684,0.9735
0.973,0.8675,0.9172,0.9869
0.9324,0.8846,0.9079,0.9746
0.9333,0.8537,0.8917,0.9767
0.9333,0.8642,0.8974,0.9841
0.9333,0.8235,0.875,0.9727
0.9054,0.9054,0.9054,0.9859
0.9324,0.9452,0.9388,0.9919
0.9865,0.8022,0.8848,0.9841
0.9459,0.9091,0.9272,0.9832
0.8784,0.8784,0.8784,0.9681
0.8784,0.8442,0.8609,0.9584
0.9189,0.8831,0.9007,0.9741
0.92,0.8118,0.8625,0.9568
0.9067,0.85,0.8774,0.9679
0.92,0.8313,0.8734,0.9747
0.9733,0.8902,0.9299,0.9851
0.9467,0.8659,0.9045,0.9799
0.9595,0.8353,0.8931,0.9835
0.9189,0.8831,0.9007,0.9763
0.8919,0.8462,0.8684,0.9766
0.9189,0.8608,0.8889,0.9739
0.8919,0.8571,0.8742,0.9714
0.9459,0.7865,0.8589,0.9651
0.9459,0.9091,0.9272,0.9813
0.9067,0.8608,0.8831,0.9588
0.973,0.8182,0.8889,0.9846
0.9189,0.8831,0.9007,0.9792
0.9189,0.8395,0.8774,0.9797
0.9459,0.875,0.9091,0.9879
0.9324,0.92,0.9262,0.9907
0.9189,0.8831,0.9007,0.9812
0.8919,0.8919,0.8919,0.9822
0.9067,0.8608,0.8831,0.9675
0.9067,0.85,0.8774,0.9708
0.9733,0.8588,0.9125,0.9867
0.9067,0.8718,0.8889,0.9628
0.9333,0.8333,0.8805,0.9712
0.9459,0.875,0.9091,0.9859
0.9459,0.9211,0.9333,0.9901
0.973,0.7742,0.8623,0.9779
0.9459,0.9211,0.9333,0.9905
0.9189,0.8608,0.8889,0.9827
0.8649,0.8533,0.8591,0.9618
0.8514,0.8873,0.869,0.9616
0.96,0.9,0.929,0.9845
0.92,0.8625,0.8903,0.9723
0.92,0.8519,0.8846,0.9749
0.9595,0.7978,0.8712,0.9822
0.8919,0.9041,0.898,0.9771
0.9324,0.8734,0.902,0.984
0.9595,0.8452,0.8987,0.9785
0.9189,0.85,0.8831,0.972
0.9324,0.9079,0.92,0.9827
0.8514,0.8873,0.869,0.9563
0.9067,0.8947,0.9007,0.9812
0.8378,0.8611,0.8493,0.9578
0.8784,0.8228,0.8497,0.9682
0.9595,0.8452,0.8987,0.9797
0.9459,0.8861,0.915,0.983
0.8784,0.8904,0.8844,0.986
0.9459,0.8974,0.9211,0.9813
0.9595,0.8256,0.8875,0.9667
0.9333,0.8642,0.8974,0.9807
0.9733,0.8588,0.9125,0.9887
0.9333,0.8974,0.915,0.9799
0.9333,0.8861,0.9091,0.9808
0.92,0.8625,0.8903,0.9772
0.9595,0.9103,0.9342,0.9939
0.9054,0.8816,0.8933,0.972
0.973,0.9,0.9351,0.9947
0.9865,0.8295,0.9012,0.9886
0.8378,0.8158,0.8267,0.9407
0.8784,0.8333,0.8553,0.965
0.973,0.8889,0.929,0.9863
0.9733,0.8202,0.8902,0.9803
0.9865,0.8202,0.8957,0.9968
0.9865,0.8795,0.9299,0.985
0.9054,0.859,0.8816,0.9689
0.9189,0.85,0.8831,0.9768
0.9189,0.9315,0.9252,0.9866
0.9324,0.8625,0.8961,0.983
0.9189,0.8608,0.8889,0.979
0.9333,0.8974,0.915,0.9777
0.8267,0.8267,0.8267,0.9576
0.9867,0.8706,0.925,0.9875
0.9189,0.8,0.8553,0.9723
0.9189,0.8395,0.8774,0.9839
0.9054,0.9054,0.9054,0.9868
0.9189,0.8831,0.9007,0.9822
0.9459,0.8537,0.8974,0.9881
0.8919,0.8684,0.88,0.9731
0.9459,0.8642,0.9032,0.9781
0.92,0.8118,0.8625,0.9638
0.9333,0.8537,0.8917,0.9812
0.9067,0.8947,0.9007,0.9704
0.9595,0.8353,0.8931,0.9734
0.9189,0.8193,0.8662,0.9751
0.9595,0.8765,0.9161,0.9926
0.9189,0.9315,0.9252,0.9908
0.9054,0.8171,0.859,0.9727
0.9459,0.9091,0.9272,0.988
0.973,0.9114,0.9412,0.9881
0.92,0.8023,0.8571,0.9677
0.9467,0.8659,0.9045,0.9854
0.9333,0.8434,0.8861,0.9741
0.9333,0.875,0.9032,0.9859
0.88,0.8684,0.8742,0.9638
0.9595,0.8452,0.8987,0.9746
0.973,0.8372,0.9,0.9841
0.973,0.9,0.9351,0.9878
0.9054,0.859,0.8816,0.9768
0.8649,0.8421,0.8533,0.9642
0.9459,0.875,0.9091,0.9902
0.9324,0.8519,0.8903,0.9756
0.9467,0.9221,0.9342,0.9887
0.9324,0.8625,0.8961,0.9729
0.9054,0.8171,0.859,0.9635
0.9054,0.7363,0.8121,0.9567
0.8919,0.8462,0.8684,0.9668
0.9189,0.8608,0.8889,0.9693
0.9324,0.8961,0.9139,0.9891
0.9459,0.9091,0.9272,0.9857
0.92,0.9324,0.9262,0.9907
0.96,0.8889,0.9231,0.9855
0.9867,0.925,0.9548,0.9949
0.9054,0.8171,0.859,0.9704
0.8919,0.88,0.8859,0.9789
0.8784,0.8553,0.8667,0.9645
0.9324,0.8313,0.879,0.9763
0.8514,0.875,0.863,0.9759
1.0,0.8706,0.9308,0.993
0.9324,0.8519,0.8903,0.9819
0.92,0.8846,0.902,0.9809
0.8933,0.8072,0.8481,0.9612
0.96,0.8471,0.9,0.977
0.9467,0.8554,0.8987,0.9742
0.8933,0.8816,0.8874,0.9769
0.9595,0.8554,0.9045,0.9813
0.9865,0.8795,0.9299,0.9933
0.8784,0.8125,0.8442,0.9632
0.8784,0.8667,0.8725,0.9689
0.8784,0.9559,0.9155,0.9906
0.8919,0.8571,0.8742,0.9659
0.9595,0.8765,0.9161,0.9866
0.9333,0.8861,0.9091,0.9858
1.0,0.8706,0.9308,0.9807
0.8919,0.8354,0.8627,0.9718
0.973,0.8471,0.9057,0.978
0.8919,0.8919,0.8919,0.9706
0.9054,0.8171,0.859,0.9675
0.9324,0.8519,0.8903,0.9834
0.9865,0.869,0.9241,0.9865
0.92,0.8734,0.8961,0.9789
0.9333,0.8642,0.8974,0.9763
0.84,0.875,0.8571,0.97
0.92,0.8519,0.8846,0.975
0.92,0.8734,0.8961,0.9799
0.973,0.8182,0.8889,0.9818
0.9459,0.8861,0.915,0.9846
0.8784,0.8228,0.8497,0.9651
0.9189,0.8831,0.9007,0.9824
0.8919,0.9041,0.898,0.9775
0.9189,0.8947,0.9067,0.9795
0.9595,0.8659,0.9103,0.9858
0.9333,0.8974,0.915,0.9815
0.9189,0.8193,0.8662,0.9754
0.8919,0.88,0.8859,0.9744
0.9324,0.8415,0.8846,0.9836
0.9459,0.8537,0.8974,0.981
0.9054,0.8272,0.8645,0.9706
0.9189,0.8608,0.8889,0.9754
0.9324,0.8625,0.8961,0.9775
0.96,0.8889,0.9231,0.9844
0.9067,0.9067,0.9067,0.9858
0.96,0.7826,0.8623,0.979
0.8667,0.8553,0.8609,0.9733
0.9867,0.8409,0.908,0.9841
0.9189,0.8395,0.8774,0.9739
0.9459,0.8861,0.915,0.9844
0.9459,0.875,0.9091,0.9822
0.9865,0.9012,0.9419,0.9821
0.8649,0.8312,0.8477,0.961
0.8649,0.9014,0.8828,0.9739
0.8784,0.8125,0.8442,0.9675
0.9467,0.8659,0.9045,0.9841
0.9189,0.8395,0.8774,0.9743
0.973,0.878,0.9231,0.9881
0.9054,0.859,0.8816,0.9667
0.9054,0.8481,0.8758,0.9772
0.9189,0.8395,0.8774,0.9766
0.9324,0.8214,0.8734,0.9583
0.9595,0.8452,0.8987,0.9882
0.88,0.9041,0.8919,0.9748
0.9333,0.8434,0.8861,0.9762
0.8667,0.8125,0.8387,0.9628
1.0,0.8605,0.925,0.99
0.9054,0.8933,0.8993,0.9857
0.9189,0.8718,0.8947,0.9746
0.9459,0.8537,0.8974,0.9827
0.9054,0.8481,0.8758,0.9572
0.9054,0.859,0.8816,0.9749
0.9324,0.9324,0.9324,0.9883
0.9333,0.8537,0.8917,0.9844
0.9467,0.8353,0.8875,0.9785
0.9333,0.9211,0.9272,0.9923
0.9054,0.9054,0.9054,0.9765
0.9054,0.8701,0.8874,0.9754
0.9865,0.8295,0.9012,0.9727
0.9459,0.8642,0.9032,0.9817
0.9189,0.85,0.8831,0.9549
0.9324,0.8519,0.8903,0.971
0.9459,0.8974,0.9211,0.9871
0.92,0.8734,0.8961,0.9716
0.8533,0.9014,0.8767,0.9788
0.92,0.8519,0.8846,0.971
0.8919,0.825,0.8571,0.9554
0.9459,0.8861,0.915,0.9825
0.9595,0.8161,0.882,0.9817
0.8919,0.825,0.8571,0.9718
0.8919,0.9041,0.898,0.9802
0.9054,0.8701,0.8874,0.9781
0.9865,0.8391,0.9068,0.9798
0.8667,0.8784,0.8725,0.9731
0.92,0.8625,0.8903,0.9833
0.96,0.8471,0.9,0.9801
0.9595,0.8068,0.8765,0.9796
0.9595,0.8875,0.9221,0.9793
0.9459,0.875,0.9091,0.9838
0.9459,0.8434,0.8917,0.9785
0.9595,0.8875,0.9221,0.9754
0.9189,0.85,0.8831,0.9622
0.9459,0.8974,0.9211,0.9891
0.92,0.8415,0.879,0.9713
0.9467,0.8659,0.9045,0.9806
0.88,0.8354,0.8571,0.9729
0.8784,0.8667,0.8725,0.9611
0.9324,0.8313,0.879,0.9813
0.9865,0.8202,0.8957,0.9786
0.9189,0.9315,0.9252,0.9896
0.8784,0.8553,0.8667,0.9782
0.8649,0.9014,0.8828,0.9806
0.9865,0.8902,0.9359,0.9911
0.92,0.8846,0.902,0.9805
0.92,0.8313,0.8734,0.9707
0.9067,0.8395,0.8718,0.9626
0.9867,0.8706,0.925,0.9854
0.9467,0.8452,0.8931,0.9746
0.9459,0.875,0.9091,0.9827
0.8784,0.8228,0.8497,0.9568
0.9459,0.8537,0.8974,0.9716
0.9595,0.8554,0.9045,0.9724
0.9324,0.8846,0.9079,0.9846
0.9865,0.869,0.9241,0.993
0.9189,0.8395,0.8774,0.9674
0.9333,0.8434,0.8861,0.9691
0.9054,0.8481,0.8758,0.9744
0.9595,0.9103,0.9342,0.9774
0.9595,0.8765,0.9161,0.9867
0.9459,0.8974,0.9211,0.9723
0.9459,0.814,0.875,0.9773
0.973,0.8372,0.9,0.986
0.8919,0.8571,0.8742,0.9775
0.8667,0.8125,0.8387,0.9566
0.8533,0.8649,0.8591,0.9703
0.9333,0.814,0.8696,0.968
0.92,0.8625,0.8903,0.9741
0.8933,0.8481,0.8701,0.9741
0.9324,0.8519,0.8903,0.9746
0.9459,0.8333,0.8861,0.9712
0.9324,0.9324,0.9324,0.9884
0.9595,0.8554,0.9045,0.9896
0.8919,0.8462,0.8684,0.9756
0.9459,0.8974,0.9211,0.9857
0.9189,0.8831,0.9007,0.9825
0.92,0.8313,0.8734,0.9807
0.8919,0.8148,0.8516,0.9539
0.9054,0.8272,0.8645,0.9611
0.8919,0.9565,0.9231,0.9857
0.9324,0.8961,0.9139,0.9875
0.8649,0.8421,0.8533,0.9689
0.8919,0.8684,0.88,0.9771
0.973,0.8889,0.929,0.9899
0.96,0.8889,0.9231,0.9855
0.92,0.8625,0.8903,0.9697
0.8933,0.9178,0.9054,0.9846
0.8649,0.8421,0.8533,0.9491
0.9054,0.8375,0.8701,0.9752
0.9324,0.8214,0.8734,0.9574
0.9459,0.7955,0.8642,0.9666
0.9189,0.9577,0.9379,0.9901
0.9459,0.9333,0.9396,0.9892
0.973,0.809,0.8834,0.9792
0.9867,0.8409,0.908,0.9802
0.9333,0.8537,0.8917,0.9775
