RUSBag
1.0,0.4286,0.6,0.9412
1.0,0.4098,0.5814,0.9431
1.0,0.4717,0.641,0.9598
0.96,0.5,0.6575,0.966
1.0,0.4211,0.5926,0.9577
1.0,0.4364,0.6076,0.979
1.0,0.4,0.5714,0.9534
1.0,0.5714,0.7273,0.9761
1.0,0.4528,0.6234,0.9675
1.0,0.4528,0.6234,0.9505
0.9583,0.451,0.6133,0.9545
0.84,0.5122,0.6364,0.963
0.96,0.4528,0.6154,0.9443
1.0,0.5102,0.6757,0.9748
1.0,0.4364,0.6076,0.938
1.0,0.5,0.6667,0.9805
0.9583,0.5,0.6571,0.9509
1.0,0.4444,0.6154,0.939
1.0,0.4615,0.6316,0.9704
1.0,0.3934,0.5647,0.9299
1.0,0.4211,0.5926,0.9579
1.0,0.4237,0.5952,0.9504
1.0,0.5208,0.6849,0.9742
1.0,0.4902,0.6579,0.9619
1.0,0.3934,0.5647,0.937
1.0,0.5,0.6667,0.9781
1.0,0.5854,0.7385,0.9583
1.0,0.4706,0.64,0.9682
1.0,0.375,0.5455,0.9597
1.0,0.4898,0.6575,0.9816
1.0,0.4138,0.5854,0.9527
1.0,0.4808,0.6494,0.9553
1.0,0.4902,0.6579,0.9659
1.0,0.4464,0.6173,0.9547
1.0,0.4068,0.5783,0.9462
1.0,0.4286,0.6,0.9549
1.0,0.4615,0.6316,0.9518
1.0,0.48,0.6486,0.9633
0.9167,0.5238,0.6667,0.9581
1.0,0.3934,0.5647,0.9662
1.0,0.4138,0.5854,0.9605
0.96,0.5,0.6575,0.9642
1.0,0.4098,0.5814,0.9384
1.0,0.4386,0.6098,0.9377
1.0,0.4286,0.6,0.963
1.0,0.4364,0.6076,0.9685
1.0,0.4364,0.6076,0.9523
1.0,0.4528,0.6234,0.9657
1.0,0.5217,0.6857,0.9554
1.0,0.4706,0.64,0.973
1.0,0.4364,0.6076,0.9408
1.0,0.4902,0.6579,0.98
1.0,0.4902,0.6579,0.9467
1.0,0.4902,0.6579,0.966
1.0,0.4211,0.5926,0.9365
1.0,0.5106,0.6761,0.9806
0.9583,0.4107,0.575,0.9561
1.0,0.4286,0.6,0.9466
0.9583,0.4423,0.6053,0.9619
1.0,0.4364,0.6076,0.9709
0.9583,0.434,0.5974,0.9548
0.96,0.4444,0.6076,0.9515
1.0,0.5102,0.6757,0.9717
1.0,0.3906,0.5618,0.9417
1.0,0.3934,0.5647,0.9417
1.0,0.5455,0.7059,0.9801
1.0,0.4898,0.6575,0.9573
1.0,0.4286,0.6,0.9596
1.0,0.4138,0.5854,0.9228
1.0,0.5333,0.6957,0.9785
1.0,0.4898,0.6575,0.9761
1.0,0.463,0.6329,0.9611
0.92,0.4182,0.575,0.9479
0.96,0.5,0.6575,0.9668
1.0,0.4615,0.6316,0.9715
0.9167,0.5641,0.6984,0.9617
1.0,0.4444,0.6154,0.9479
1.0,0.381,0.5517,0.9495
1.0,0.4068,0.5783,0.9406
1.0,0.4211,0.5926,0.9649
1.0,0.4528,0.6234,0.9471
1.0,0.431,0.6024,0.8981
0.92,0.5,0.6479,0.9656
1.0,0.463,0.6329,0.9631
1.0,0.4444,0.6154,0.9631
1.0,0.5,0.6667,0.9754
1.0,0.4068,0.5783,0.9706
1.0,0.4364,0.6076,0.9455
1.0,0.4286,0.6,0.9452
1.0,0.48,0.6486,0.9411
1.0,0.4286,0.6,0.9503
0.92,0.575,0.7077,0.9483
1.0,0.4464,0.6173,0.9615
1.0,0.431,0.6024,0.9441
1.0,0.4138,0.5854,0.9524
1.0,0.5106,0.6761,0.9733
1.0,0.4364,0.6076,0.9662
1.0,0.4528,0.6234,0.9667
1.0,0.4615,0.6316,0.9528
1.0,0.5106,0.6761,0.9792
1.0,0.4615,0.6316,0.9601
1.0,0.4717,0.641,0.9809
1.0,0.4902,0.6579,0.9521
1.0,0.5952,0.7463,0.968
1.0,0.4615,0.6316,0.9532
1.0,0.3871,0.5581,0.9672
1.0,0.4,0.5714,0.9651
1.0,0.4706,0.64,0.9474
1.0,0.4444,0.6154,0.9549
1.0,0.4138,0.5854,0.9776
1.0,0.4615,0.6316,0.9746
1.0,0.463,0.6329,0.9437
1.0,0.4098,0.5814,0.9599
0.96,0.4364,0.6,0.9588
1.0,0.4364,0.6076,0.9604
1.0,0.48,0.6486,0.9716
0.9583,0.4894,0.6479,0.9641
0.9583,0.575,0.7188,0.9642
1.0,0.5106,0.6761,0.9595
1.0,0.4528,0.6234,0.9464
1.0,0.5,0.6667,0.9656
1.0,0.5435,0.7042,0.9667
1.0,0.4032,0.5747,0.9484
1.0,0.4098,0.5814,0.9501
0.9167,0.55,0.6875,0.9672
1.0,0.4138,0.5854,0.9446
1.0,0.3934,0.5647,0.9352
1.0,0.5217,0.6857,0.9708
1.0,0.4211,0.5926,0.9657
0.9167,0.4889,0.6377,0.9502
1.0,0.5106,0.6761,0.9695
1.0,0.431,0.6024,0.9379
1.0,0.4464,0.6173,0.952
1.0,0.4717,0.641,0.974
1.0,0.4528,0.6234,0.9776
1.0,0.4286,0.6,0.9681
1.0,0.4,0.5714,0.9572
0.9167,0.44,0.5946,0.9559
1.0,0.5,0.6667,0.9688
1.0,0.4286,0.6,0.9446
1.0,0.4615,0.6316,0.9574
1.0,0.4902,0.6579,0.9586
1.0,0.5102,0.6757,0.9523
0.96,0.4615,0.6234,0.9801
1.0,0.5,0.6667,0.9733
0.9167,0.5,0.6471,0.9645
0.9583,0.4107,0.575,0.9462
1.0,0.4444,0.6154,0.9635
1.0,0.4528,0.6234,0.9642
1.0,0.4,0.5714,0.9279
0.9167,0.4783,0.6286,0.9507
1.0,0.5102,0.6757,0.9517
1.0,0.5,0.6667,0.9417
1.0,0.431,0.6024,0.9616
1.0,0.4615,0.6316,0.9579
1.0,0.4138,0.5854,0.9691
0.9583,0.4107,0.575,0.9441
0.9583,0.434,0.5974,0.941
1.0,0.375,0.5455,0.9691
1.0,0.5455,0.7059,0.9846
1.0,0.4364,0.6076,0.9531
1.0,0.3731,0.5435,0.9556
0.88,0.449,0.5946,0.9404
1.0,0.4902,0.6579,0.9743
1.0,0.48,0.6486,0.9622
1.0,0.4898,0.6575,0.965
1.0,0.48,0.6486,0.9564
1.0,0.381,0.5517,0.9344
1.0,0.4898,0.6575,0.9698
1.0,0.5714,0.7273,0.9807
1.0,0.4528,0.6234,0.967
1.0,0.3968,0.5682,0.961
0.96,0.5,0.6575,0.954
1.0,0.5319,0.6944,0.9544
0.9583,0.4694,0.6301,0.9484
1.0,0.4286,0.6,0.9648
1.0,0.48,0.6486,0.9752
1.0,0.4286,0.6,0.973
1.0,0.381,0.5517,0.9653
1.0,0.4615,0.6316,0.9603
1.0,0.4068,0.5783,0.9288
1.0,0.4032,0.5747,0.9374
1.0,0.4545,0.625,0.959
1.0,0.4464,0.6173,0.9414
1.0,0.4286,0.6,0.9861
0.9583,0.4694,0.6301,0.9541
1.0,0.4898,0.6575,0.9702
1.0,0.4706,0.64,0.9689
1.0,0.5106,0.6761,0.9726
1.0,0.4706,0.64,0.9682
1.0,0.5,0.6667,0.9464
1.0,0.4545,0.625,0.9636
0.96,0.5106,0.6667,0.954
0.96,0.5106,0.6667,0.9591
1.0,0.4444,0.6154,0.9765
1.0,0.4444,0.6154,0.9681
1.0,0.4068,0.5783,0.9599
1.0,0.4528,0.6234,0.9636
1.0,0.4444,0.6154,0.9487
1.0,0.3934,0.5647,0.9591
1.0,0.5,0.6667,0.9487
1.0,0.3906,0.5618,0.9648
0.96,0.5,0.6575,0.964
1.0,0.463,0.6329,0.9614
0.9583,0.5,0.6571,0.9569
1.0,0.4286,0.6,0.9637
1.0,0.4211,0.5926,0.9456
1.0,0.5106,0.6761,0.9739
1.0,0.4286,0.6,0.9691
1.0,0.4138,0.5854,0.9533
1.0,0.4528,0.6234,0.9792
0.96,0.4615,0.6234,0.96
0.92,0.5111,0.6571,0.9663
1.0,0.5,0.6667,0.9706
1.0,0.4286,0.6,0.9595
1.0,0.381,0.5517,0.9697
1.0,0.48,0.6486,0.9675
1.0,0.4211,0.5926,0.9318
1.0,0.48,0.6486,0.9369
1.0,0.5,0.6667,0.9735
1.0,0.3871,0.5581,0.9375
1.0,0.5,0.6667,0.9523
1.0,0.4808,0.6494,0.9591
1.0,0.4464,0.6173,0.9731
0.9167,0.4783,0.6286,0.9541
1.0,0.4528,0.6234,0.9803
1.0,0.4364,0.6076,0.9483
1.0,0.4898,0.6575,0.9712
0.9583,0.5227,0.6765,0.9658
1.0,0.4364,0.6076,0.9659
1.0,0.4211,0.5926,0.9525
1.0,0.4464,0.6173,0.9606
1.0,0.4464,0.6173,0.9862
1.0,0.4717,0.641,0.9743
0.9167,0.4681,0.6197,0.9596
1.0,0.4364,0.6076,0.9691
1.0,0.4706,0.64,0.9697
1.0,0.4528,0.6234,0.9619
1.0,0.48,0.6486,0.9561
1.0,0.4286,0.6,0.9443
1.0,0.4706,0.64,0.9664
1.0,0.4386,0.6098,0.9546
1.0,0.5435,0.7042,0.9725
1.0,0.4545,0.625,0.9754
1.0,0.4211,0.5926,0.9421
1.0,0.4898,0.6575,0.9545
0.9583,0.4035,0.5679,0.9479
1.0,0.5217,0.6857,0.9819
0.9167,0.44,0.5946,0.9222
1.0,0.3934,0.5647,0.945
1.0,0.4808,0.6494,0.9599
0.96,0.3934,0.5581,0.933
1.0,0.5,0.6667,0.9653
1.0,0.5,0.6667,0.9544
0.9583,0.434,0.5974,0.9522
1.0,0.4615,0.6316,0.9712
1.0,0.4138,0.5854,0.9612
0.9583,0.451,0.6133,0.9624
1.0,0.4706,0.64,0.9632
1.0,0.4528,0.6234,0.9725
1.0,0.463,0.6329,0.9622
0.92,0.4694,0.6216,0.9535
1.0,0.4464,0.6173,0.9591
0.9167,0.4314,0.5867,0.9591
1.0,0.5333,0.6957,0.9794
1.0,0.4444,0.6154,0.9621
1.0,0.4211,0.5926,0.9459
1.0,0.4528,0.6234,0.9457
1.0,0.4286,0.6,0.9504
1.0,0.4898,0.6575,0.9706
1.0,0.5,0.6667,0.9682
1.0,0.4545,0.625,0.9422
1.0,0.3472,0.5155,0.9072
0.92,0.451,0.6053,0.9495
1.0,0.4615,0.6316,0.9775
1.0,0.5106,0.6761,0.9749
1.0,0.5,0.6667,0.9803
1.0,0.4444,0.6154,0.9682
1.0,0.4615,0.6316,0.9552
1.0,0.4528,0.6234,0.9797
1.0,0.4211,0.5926,0.9741
1.0,0.4032,0.5747,0.9567
1.0,0.5435,0.7042,0.959
1.0,0.5102,0.6757,0.9546
1.0,0.48,0.6486,0.9688
1.0,0.4528,0.6234,0.9529
1.0,0.5106,0.6761,0.9781
1.0,0.4211,0.5926,0.9497
0.9583,0.4259,0.5897,0.9327
1.0,0.4211,0.5926,0.9533
1.0,0.3636,0.5333,0.9565
1.0,0.4167,0.5882,0.9528
1.0,0.4902,0.6579,0.9662
0.96,0.48,0.64,0.9409
1.0,0.4364,0.6076,0.955
0.9167,0.55,0.6875,0.968
1.0,0.5854,0.7385,0.9743
1.0,0.5,0.6667,0.9754
1.0,0.4706,0.64,0.9797
1.0,0.4138,0.5854,0.9657
1.0,0.4364,0.6076,0.961
0.96,0.5854,0.7273,0.9702
1.0,0.4098,0.5814,0.9649
1.0,0.4902,0.6579,0.9498
1.0,0.5106,0.6761,0.9751
1.0,0.4286,0.6,0.9695
1.0,0.3871,0.5581,0.9505
1.0,0.4211,0.5926,0.9546
0.9583,0.451,0.6133,0.9578
1.0,0.5,0.6667,0.9716
1.0,0.5333,0.6957,0.9774
1.0,0.4032,0.5747,0.9263
0.88,0.5,0.6377,0.9637
0.96,0.381,0.5455,0.9474
1.0,0.4444,0.6154,0.9554
1.0,0.5,0.6667,0.9599
1.0,0.4706,0.64,0.9745
0.9583,0.46,0.6216,0.9641
1.0,0.3934,0.5647,0.9608
1.0,0.4444,0.6154,0.9798
1.0,0.4444,0.6154,0.9614
0.96,0.4068,0.5714,0.9374
1.0,0.5208,0.6849,0.974
1.0,0.463,0.6329,0.973
1.0,0.5455,0.7059,0.9757
1.0,0.4068,0.5783,0.9676
1.0,0.4068,0.5783,0.9358
1.0,0.4898,0.6575,0.9659
0.9167,0.4,0.557,0.9411
1.0,0.48,0.6486,0.9731
1.0,0.4545,0.625,0.9622
1.0,0.5,0.6667,0.9669
1.0,0.4032,0.5747,0.9562
1.0,0.4068,0.5783,0.9614
1.0,0.4444,0.6154,0.9399
1.0,0.4615,0.6316,0.9595
1.0,0.4286,0.6,0.9693
1.0,0.6,0.75,0.9729
1.0,0.4898,0.6575,0.963
1.0,0.3934,0.5647,0.9609
1.0,0.4068,0.5783,0.954
0.96,0.5455,0.6957,0.9795
1.0,0.463,0.6329,0.9626
1.0,0.4808,0.6494,0.9512
1.0,0.4286,0.6,0.9699
1.0,0.4286,0.6,0.9619
1.0,0.4138,0.5854,0.9408
1.0,0.4615,0.6316,0.9519
1.0,0.4528,0.6234,0.959
1.0,0.48,0.6486,0.9709
1.0,0.3934,0.5647,0.9305
1.0,0.3731,0.5435,0.8735
1.0,0.5208,0.6849,0.9606
1.0,0.3968,0.5682,0.958
1.0,0.5,0.6667,0.956
1.0,0.4528,0.6234,0.9564
0.9167,0.5789,0.7097,0.9807
1.0,0.5106,0.6761,0.9734
0.9583,0.4894,0.6479,0.9681
1.0,0.48,0.6486,0.9673
0.875,0.4375,0.5833,0.9361
1.0,0.4808,0.6494,0.9717
1.0,0.4545,0.625,0.9656
1.0,0.5435,0.7042,0.9806
1.0,0.48,0.6486,0.9507
1.0,0.48,0.6486,0.9648
1.0,0.48,0.6486,0.9628
1.0,0.48,0.6486,0.9823
1.0,0.4211,0.5926,0.959
0.9583,0.3833,0.5476,0.9394
1.0,0.431,0.6024,0.9583
1.0,0.431,0.6024,0.9684
0.96,0.4286,0.5926,0.9467
1.0,0.4,0.5714,0.9224
1.0,0.4528,0.6234,0.9549
1.0,0.5714,0.7273,0.9743
1.0,0.5,0.6667,0.9527
1.0,0.5455,0.7059,0.9731
1.0,0.381,0.5517,0.9441
1.0,0.4444,0.6154,0.9682
0.9583,0.434,0.5974,0.9608
1.0,0.3968,0.5682,0.9659
1.0,0.4167,0.5882,0.9573
0.92,0.4894,0.6389,0.9491
1.0,0.6,0.75,0.9717
1.0,0.5106,0.6761,0.9513
1.0,0.5,0.6667,0.9619
1.0,0.4,0.5714,0.9671
1.0,0.4138,0.5854,0.9177
0.9583,0.4894,0.6479,0.9699
0.9583,0.5,0.6571,0.9735
0.92,0.4894,0.6389,0.9586
0.96,0.4444,0.6076,0.9428
1.0,0.3846,0.5556,0.9686
1.0,0.5455,0.7059,0.951
1.0,0.5,0.6667,0.9573
1.0,0.4898,0.6575,0.9673
1.0,0.4,0.5714,0.9479
1.0,0.4528,0.6234,0.9577
1.0,0.5106,0.6761,0.9796
1.0,0.4138,0.5854,0.9665
1.0,0.4032,0.5747,0.9178
1.0,0.4717,0.641,0.9737
1.0,0.463,0.6329,0.9707
1.0,0.4528,0.6234,0.9543
0.9583,0.561,0.7077,0.9758
1.0,0.4068,0.5783,0.9633
1.0,0.5714,0.7273,0.963
0.9583,0.4423,0.6053,0.9441
0.9583,0.4894,0.6479,0.9745
1.0,0.5,0.6667,0.9609
1.0,0.5319,0.6944,0.9499
1.0,0.3906,0.5618,0.9423
0.9583,0.3833,0.5476,0.9427
1.0,0.48,0.6486,0.9668
1.0,0.4211,0.5926,0.9552
1.0,0.5581,0.7164,0.9826
1.0,0.4211,0.5926,0.956
1.0,0.4898,0.6575,0.9749
0.8333,0.4762,0.6061,0.9559
0.9583,0.4259,0.5897,0.9379
1.0,0.5208,0.6849,0.976
1.0,0.5,0.6667,0.972
0.92,0.4792,0.6301,0.9336
1.0,0.4138,0.5854,0.9522
1.0,0.4615,0.6316,0.9639
1.0,0.4068,0.5783,0.9471
1.0,0.4706,0.64,0.9754
1.0,0.4138,0.5854,0.959
1.0,0.48,0.6486,0.9583
0.96,0.4706,0.6316,0.959
1.0,0.463,0.6329,0.9514
1.0,0.5102,0.6757,0.9663
1.0,0.4211,0.5926,0.9554
1.0,0.4615,0.6316,0.9668
1.0,0.5,0.6667,0.981
1.0,0.3871,0.5581,0.9628
1.0,0.4444,0.6154,0.9498
1.0,0.5,0.6667,0.9622
1.0,0.4364,0.6076,0.9459
0.9583,0.4694,0.6301,0.9659
0.96,0.48,0.64,0.9517
1.0,0.4545,0.625,0.9536
1.0,0.4167,0.5882,0.9435
1.0,0.4286,0.6,0.9554
1.0,0.4138,0.5854,0.9547
1.0,0.4706,0.64,0.9725
0.9583,0.4035,0.5679,0.9465
1.0,0.5,0.6667,0.97
1.0,0.4706,0.64,0.9693
1.0,0.4,0.5714,0.95
1.0,0.4167,0.5882,0.9668
0.96,0.5581,0.7059,0.9721
1.0,0.4386,0.6098,0.9658
1.0,0.4444,0.6154,0.9405
1.0,0.4898,0.6575,0.9682
1.0,0.48,0.6486,0.9724
1.0,0.4706,0.64,0.9502
0.9583,0.4792,0.6389,0.9473
1.0,0.4364,0.6076,0.9681
1.0,0.3692,0.5393,0.9375
1.0,0.4237,0.5952,0.9405
1.0,0.5556,0.7143,0.9801
1.0,0.4386,0.6098,0.9543
1.0,0.4364,0.6076,0.96
1.0,0.4444,0.6154,0.9405
1.0,0.4138,0.5854,0.9588
1.0,0.4615,0.6316,0.9743
1.0,0.6154,0.7619,0.9747
1.0,0.5,0.6667,0.9684
1.0,0.4211,0.5926,0.97
1.0,0.4717,0.641,0.9774
1.0,0.463,0.6329,0.9672
0.96,0.4528,0.6154,0.9506
1.0,0.4528,0.6234,0.9549
0.9583,0.434,0.5974,0.9632
1.0,0.4528,0.6234,0.9513
1.0,0.4615,0.6316,0.9527
1.0,0.4364,0.6076,0.9532
1.0,0.4615,0.6316,0.9613
1.0,0.375,0.5455,0.9579
1.0,0.4545,0.625,0.9631
1.0,0.4386,0.6098,0.9496
1.0,0.4386,0.6098,0.9619
1.0,0.5,0.6667,0.9655
1.0,0.4898,0.6575,0.9639
1.0,0.4286,0.6,0.9622
1.0,0.48,0.6486,0.965
1.0,0.4,0.5714,0.9642
1.0,0.5106,0.6761,0.9731
1.0,0.4286,0.6,0.9674
1.0,0.463,0.6329,0.9759
1.0,0.431,0.6024,0.9673
1.0,0.5102,0.6757,0.9473
1.0,0.4444,0.6154,0.938
1.0,0.4364,0.6076,0.957
1.0,0.5,0.6667,0.9676
0.9583,0.5349,0.6866,0.9582
1.0,0.4286,0.6,0.9801
1.0,0.4068,0.5783,0.9642
1.0,0.48,0.6486,0.9692
1.0,0.463,0.6329,0.9622
1.0,0.3521,0.5208,0.936
1.0,0.5556,0.7143,0.954
0.9583,0.4182,0.5823,0.9492
1.0,0.4286,0.6,0.954
1.0,0.4444,0.6154,0.9796
1.0,0.4138,0.5854,0.9736
1.0,0.5455,0.7059,0.9778
1.0,0.5106,0.6761,0.9639
1.0,0.4615,0.6316,0.9714
1.0,0.5,0.6667,0.9667
1.0,0.3968,0.5682,0.9344
1.0,0.4545,0.625,0.9451
1.0,0.6,0.75,0.9839
1.0,0.4444,0.6154,0.9426
1.0,0.5,0.6667,0.9716
1.0,0.4444,0.6154,0.9739
1.0,0.4706,0.64,0.9534
1.0,0.3692,0.5393,0.9344
1.0,0.4898,0.6575,0.9565
1.0,0.3906,0.5618,0.949
1.0,0.4808,0.6494,0.9772
1.0,0.4386,0.6098,0.9651
1.0,0.4898,0.6575,0.9698
1.0,0.4444,0.6154,0.9456
1.0,0.5,0.6667,0.9617
1.0,0.4444,0.6154,0.9529
0.9583,0.451,0.6133,0.9356
1.0,0.48,0.6486,0.9727
1.0,0.4138,0.5854,0.9647
1.0,0.463,0.6329,0.9741
1.0,0.463,0.6329,0.9406
1.0,0.4808,0.6494,0.9657
1.0,0.5,0.6667,0.9637
1.0,0.4211,0.5926,0.9387
1.0,0.4615,0.6316,0.9819
0.9583,0.46,0.6216,0.9615
1.0,0.48,0.6486,0.966
1.0,0.4444,0.6154,0.9586
0.9583,0.4694,0.6301,0.9489
1.0,0.4237,0.5952,0.9537
1.0,0.5,0.6667,0.9531
1.0,0.5102,0.6757,0.9686
1.0,0.4068,0.5783,0.9399
1.0,0.4138,0.5854,0.9448
1.0,0.4706,0.64,0.9653
1.0,0.4615,0.6316,0.9641
1.0,0.4444,0.6154,0.9796
1.0,0.4706,0.64,0.961
1.0,0.431,0.6024,0.9535
1.0,0.431,0.6024,0.9452
1.0,0.5,0.6667,0.9647
1.0,0.4898,0.6575,0.9769
1.0,0.4706,0.64,0.9398
1.0,0.4211,0.5926,0.9563
1.0,0.4528,0.6234,0.9752
0.9583,0.4894,0.6479,0.9706
1.0,0.4528,0.6234,0.9752
1.0,0.4286,0.6,0.9441
0.96,0.5581,0.7059,0.9775
1.0,0.4464,0.6173,0.9532
1.0,0.4464,0.6173,0.9565
1.0,0.4,0.5714,0.9505
1.0,0.5106,0.6761,0.9597
1.0,0.4364,0.6076,0.9342
1.0,0.5217,0.6857,0.9711
1.0,0.3934,0.5647,0.9534
1.0,0.3934,0.5647,0.929
1.0,0.5106,0.6761,0.9703
0.9583,0.5111,0.6667,0.9631
1.0,0.4545,0.625,0.9647
1.0,0.5319,0.6944,0.9817
1.0,0.4032,0.5747,0.94
1.0,0.4138,0.5854,0.9248
1.0,0.4286,0.6,0.9466
1.0,0.4138,0.5854,0.963
1.0,0.3934,0.5647,0.9608
1.0,0.48,0.6486,0.9734
0.9583,0.5349,0.6866,0.9605
1.0,0.4528,0.6234,0.9646
1.0,0.4032,0.5747,0.9219
0.92,0.4694,0.6216,0.9548
1.0,0.463,0.6329,0.9521
1.0,0.381,0.5517,0.9378
1.0,0.5106,0.6761,0.9882
0.9583,0.561,0.7077,0.9739
1.0,0.4,0.5714,0.9641
1.0,0.5455,0.7059,0.9715
1.0,0.4615,0.6316,0.9497
1.0,0.4211,0.5926,0.9403
1.0,0.4808,0.6494,0.9511
1.0,0.4545,0.625,0.9778
1.0,0.4237,0.5952,0.969
1.0,0.4528,0.6234,0.9778
1.0,0.4615,0.6316,0.9462
1.0,0.5854,0.7385,0.9693
1.0,0.4706,0.64,0.9588
1.0,0.4444,0.6154,0.9613
1.0,0.4286,0.6,0.9275
1.0,0.5333,0.6957,0.9724
0.96,0.5333,0.6857,0.9535
1.0,0.4237,0.5952,0.9643
1.0,0.4386,0.6098,0.9453
0.9583,0.434,0.5974,0.9455
1.0,0.48,0.6486,0.9578
1.0,0.4444,0.6154,0.9729
1.0,0.4615,0.6316,0.9838
1.0,0.4,0.5714,0.9392
1.0,0.4286,0.6,0.9636
0.9167,0.4783,0.6286,0.9513
1.0,0.5102,0.6757,0.9635
1.0,0.5,0.6667,0.9621
1.0,0.4167,0.5882,0.9299
1.0,0.5,0.6667,0.9551
0.9583,0.4423,0.6053,0.9534
1.0,0.4898,0.6575,0.9649
1.0,0.48,0.6486,0.9749
1.0,0.4364,0.6076,0.9631
0.9583,0.434,0.5974,0.9524
1.0,0.4286,0.6,0.95
0.96,0.4615,0.6234,0.9599
1.0,0.4545,0.625,0.9783
0.96,0.5455,0.6957,0.9646
1.0,0.4444,0.6154,0.9663
0.9167,0.4314,0.5867,0.9559
1.0,0.48,0.6486,0.9839
1.0,0.4138,0.5854,0.9465
1.0,0.48,0.6486,0.9334
1.0,0.4528,0.6234,0.9713
1.0,0.4808,0.6494,0.9533
1.0,0.4717,0.641,0.9599
0.96,0.4211,0.5854,0.94
0.9583,0.434,0.5974,0.9646
1.0,0.5106,0.6761,0.9807
1.0,0.4615,0.6316,0.979
1.0,0.48,0.6486,0.9563
1.0,0.4706,0.64,0.9712
1.0,0.4528,0.6234,0.9649
0.9167,0.4231,0.5789,0.9357
0.96,0.4706,0.6316,0.9474
1.0,0.431,0.6024,0.9605
1.0,0.5814,0.7353,0.9735
1.0,0.5,0.6667,0.9399
1.0,0.5,0.6667,0.9551
1.0,0.4068,0.5783,0.9579
0.9583,0.4035,0.5679,0.9452
1.0,0.4364,0.6076,0.9846
1.0,0.4528,0.6234,0.9572
1.0,0.4444,0.6154,0.9561
1.0,0.4528,0.6234,0.9573
1.0,0.4717,0.641,0.9577
1.0,0.4167,0.5882,0.957
1.0,0.4167,0.5882,0.9693
1.0,0.4528,0.6234,0.9718
0.8333,0.4348,0.5714,0.9397
1.0,0.5,0.6667,0.9623
1.0,0.5106,0.6761,0.9658
0.7917,0.5278,0.6333,0.9369
1.0,0.4364,0.6076,0.9618
1.0,0.4898,0.6575,0.9484
1.0,0.4902,0.6579,0.9578
1.0,0.4717,0.641,0.9593
1.0,0.5319,0.6944,0.9744
1.0,0.4286,0.6,0.9401
1.0,0.4444,0.6154,0.9695
1.0,0.4286,0.6,0.9726
1.0,0.4364,0.6076,0.9516
1.0,0.4068,0.5783,0.9451
1.0,0.4528,0.6234,0.9663
1.0,0.4,0.5714,0.97
1.0,0.5,0.6667,0.9662
0.92,0.4182,0.575,0.9464
0.96,0.6486,0.7742,0.9904
1.0,0.48,0.6486,0.9676
1.0,0.4286,0.6,0.9688
1.0,0.4528,0.6234,0.9306
1.0,0.4615,0.6316,0.9591
0.7917,0.4634,0.5846,0.9595
1.0,0.3692,0.5393,0.9307
1.0,0.4898,0.6575,0.9692
1.0,0.4717,0.641,0.9502
1.0,0.4808,0.6494,0.9805
1.0,0.463,0.6329,0.9505
0.9583,0.4423,0.6053,0.9419
1.0,0.4615,0.6316,0.9761
0.9583,0.4182,0.5823,0.9572
0.9167,0.44,0.5946,0.9407
1.0,0.4615,0.6316,0.9695
1.0,0.5333,0.6957,0.9724
1.0,0.4615,0.6316,0.9739
1.0,0.4464,0.6173,0.9693
1.0,0.431,0.6024,0.9609
0.96,0.4444,0.6076,0.9573
0.9583,0.6216,0.7541,0.9758
1.0,0.4211,0.5926,0.961
1.0,0.4444,0.6154,0.9538
0.9583,0.5476,0.697,0.9645
1.0,0.4286,0.6,0.9424
1.0,0.4,0.5714,0.9558
1.0,0.3934,0.5647,0.9288
1.0,0.4717,0.641,0.9591
1.0,0.5208,0.6849,0.9694
1.0,0.5102,0.6757,0.9725
1.0,0.4444,0.6154,0.9681
1.0,0.4,0.5714,0.9577
1.0,0.4615,0.6316,0.9695
1.0,0.5106,0.6761,0.9695
1.0,0.4138,0.5854,0.9447
1.0,0.4444,0.6154,0.9735
1.0,0.4706,0.64,0.9689
1.0,0.4808,0.6494,0.9586
1.0,0.463,0.6329,0.947
1.0,0.4032,0.5747,0.9593
1.0,0.4364,0.6076,0.9666
1.0,0.5106,0.6761,0.9787
1.0,0.5,0.6667,0.9639
1.0,0.4615,0.6316,0.9745
0.9583,0.4423,0.6053,0.9612
1.0,0.4286,0.6,0.9425
0.9583,0.5111,0.6667,0.9702
1.0,0.4902,0.6579,0.9589
1.0,0.4717,0.641,0.9479
1.0,0.4545,0.625,0.9447
1.0,0.48,0.6486,0.9801
1.0,0.4286,0.6,0.951
1.0,0.4444,0.6154,0.965
1.0,0.4444,0.6154,0.9646
1.0,0.48,0.6486,0.9662
1.0,0.4,0.5714,0.9514
0.9167,0.5,0.6471,0.9755
1.0,0.4464,0.6173,0.9538
1.0,0.4808,0.6494,0.9502
1.0,0.4545,0.625,0.9694
1.0,0.4898,0.6575,0.9495
1.0,0.4615,0.6316,0.9677
1.0,0.4211,0.5926,0.9477
1.0,0.4286,0.6,0.9415
0.9167,0.386,0.5432,0.9385
1.0,0.4138,0.5854,0.956
1.0,0.5106,0.6761,0.99
1.0,0.5,0.6667,0.9732
1.0,0.4464,0.6173,0.9694
0.92,0.4182,0.575,0.9432
1.0,0.3871,0.5581,0.9447
1.0,0.3934,0.5647,0.9313
1.0,0.4898,0.6575,0.9594
1.0,0.5106,0.6761,0.9637
1.0,0.4444,0.6154,0.9407
0.9583,0.4694,0.6301,0.9711
1.0,0.4898,0.6575,0.9693
1.0,0.5102,0.6757,0.9528
1.0,0.5435,0.7042,0.9923
1.0,0.3968,0.5682,0.9385
1.0,0.4,0.5714,0.9569
1.0,0.4615,0.6316,0.9824
1.0,0.4615,0.6316,0.9486
1.0,0.4211,0.5926,0.963
1.0,0.48,0.6486,0.9565
1.0,0.4364,0.6076,0.9579
1.0,0.381,0.5517,0.9514
1.0,0.4545,0.625,0.9612
1.0,0.4237,0.5952,0.9475
1.0,0.463,0.6329,0.9622
1.0,0.4286,0.6,0.9639
1.0,0.4706,0.64,0.9392
0.9583,0.5,0.6571,0.9704
0.9583,0.4259,0.5897,0.9581
1.0,0.4615,0.6316,0.9734
1.0,0.48,0.6486,0.9426
1.0,0.4138,0.5854,0.9323
1.0,0.5208,0.6849,0.9638
1.0,0.4545,0.625,0.9402
0.96,0.375,0.5393,0.9648
1.0,0.4898,0.6575,0.9744
0.9167,0.55,0.6875,0.9789
1.0,0.4211,0.5926,0.9613
1.0,0.4528,0.6234,0.9541
0.875,0.525,0.6563,0.9581
1.0,0.3934,0.5647,0.9538
1.0,0.4138,0.5854,0.9397
1.0,0.4902,0.6579,0.9653
0.96,0.4138,0.5783,0.9519
1.0,0.5,0.6667,0.9663
1.0,0.4211,0.5926,0.9568
1.0,0.48,0.6486,0.9608
1.0,0.4706,0.64,0.9624
1.0,0.4364,0.6076,0.9642
1.0,0.4528,0.6234,0.9717
1.0,0.4364,0.6076,0.9609
1.0,0.48,0.6486,0.9655
1.0,0.4808,0.6494,0.9444
1.0,0.4464,0.6173,0.9702
1.0,0.4717,0.641,0.9631
1.0,0.3871,0.5581,0.9169
1.0,0.4444,0.6154,0.959
1.0,0.4706,0.64,0.957
1.0,0.4286,0.6,0.9639
1.0,0.4615,0.6316,0.9659
0.9583,0.5,0.6571,0.9635
1.0,0.4706,0.64,0.9611
1.0,0.4902,0.6579,0.976
1.0,0.4032,0.5747,0.93
1.0,0.463,0.6329,0.983
1.0,0.4444,0.6154,0.9596
1.0,0.4444,0.6154,0.9694
1.0,0.4286,0.6,0.9378
1.0,0.4528,0.6234,0.9626
1.0,0.5,0.6667,0.9689
1.0,0.4068,0.5783,0.959
1.0,0.3934,0.5647,0.9458
1.0,0.5,0.6667,0.9667
1.0,0.431,0.6024,0.9748
1.0,0.5208,0.6849,0.9736
0.9583,0.4182,0.5823,0.9394
1.0,0.5333,0.6957,0.968
1.0,0.3692,0.5393,0.9325
0.9167,0.5641,0.6984,0.9682
1.0,0.4706,0.64,0.9631
1.0,0.5,0.6667,0.9727
0.9583,0.4894,0.6479,0.9591
1.0,0.5208,0.6849,0.9753
1.0,0.431,0.6024,0.9319
1.0,0.4237,0.5952,0.9489
1.0,0.4444,0.6154,0.9739
1.0,0.4706,0.64,0.9513
1.0,0.3871,0.5581,0.9164
1.0,0.4286,0.6,0.9829
1.0,0.4898,0.6575,0.9761
0.9583,0.4894,0.6479,0.9689
1.0,0.5106,0.6761,0.9678
1.0,0.4237,0.5952,0.9512
0.92,0.5111,0.6571,0.9498
1.0,0.4386,0.6098,0.9852
1.0,0.4364,0.6076,0.9592
0.9583,0.4423,0.6053,0.9505
1.0,0.4528,0.6234,0.9613
1.0,0.4615,0.6316,0.9507
1.0,0.4615,0.6316,0.9587
1.0,0.4444,0.6154,0.9628
1.0,0.4364,0.6076,0.9429
1.0,0.4032,0.5747,0.982
0.92,0.561,0.697,0.967
1.0,0.5682,0.7246,0.9674
1.0,0.4706,0.64,0.9644
1.0,0.48,0.6486,0.9694
1.0,0.4286,0.6,0.9592
1.0,0.4528,0.6234,0.9406
1.0,0.4211,0.5926,0.9608
1.0,0.4211,0.5926,0.9574
1.0,0.4898,0.6575,0.9503
0.88,0.55,0.6769,0.9642
1.0,0.4237,0.5952,0.9422
0.96,0.5217,0.6761,0.9741
1.0,0.4364,0.6076,0.9763
1.0,0.3934,0.5647,0.9411
1.0,0.4444,0.6154,0.973
1.0,0.5,0.6667,0.9802
1.0,0.4364,0.6076,0.9757
1.0,0.4286,0.6,0.9587
0.8333,0.5,0.625,0.9576
1.0,0.5102,0.6757,0.9652
0.96,0.5217,0.6761,0.9688
1.0,0.4808,0.6494,0.9465
1.0,0.3692,0.5393,0.9078
1.0,0.4528,0.6234,0.9842
1.0,0.4898,0.6575,0.9776
1.0,0.4,0.5714,0.9516
0.9167,0.5116,0.6567,0.97
1.0,0.4068,0.5783,0.9226
1.0,0.4211,0.5926,0.9626
1.0,0.4098,0.5814,0.957
1.0,0.4464,0.6173,0.9362
0.96,0.5,0.6575,0.9677
1.0,0.5,0.6667,0.952
0.9583,0.4792,0.6389,0.972
1.0,0.4898,0.6575,0.9663
0.9583,0.4694,0.6301,0.9532
1.0,0.4286,0.6,0.9552
1.0,0.4286,0.6,0.9552
1.0,0.4286,0.6,0.9739
1.0,0.463,0.6329,0.9793
0.96,0.5217,0.6761,0.9636
1.0,0.4464,0.6173,0.9689
1.0,0.4444,0.6154,0.9583
1.0,0.4898,0.6575,0.9783
1.0,0.4211,0.5926,0.947
1.0,0.3871,0.5581,0.951
1.0,0.5,0.6667,0.9781
0.9583,0.4894,0.6479,0.9538
0.9583,0.575,0.7188,0.9591
0.92,0.5227,0.6667,0.9647
1.0,0.5208,0.6849,0.969
1.0,0.5102,0.6757,0.9672
1.0,0.4286,0.6,0.9515
1.0,0.4211,0.5926,0.9545
1.0,0.381,0.5517,0.9438
1.0,0.4068,0.5783,0.9601
1.0,0.4444,0.6154,0.9586
0.875,0.4286,0.5753,0.9154
1.0,0.463,0.6329,0.9591
1.0,0.431,0.6024,0.9688
0.92,0.4694,0.6216,0.9383
1.0,0.4068,0.5783,0.9739
1.0,0.4444,0.6154,0.9577
1.0,0.4615,0.6316,0.9691
1.0,0.4138,0.5854,0.9605
1.0,0.5333,0.6957,0.9538
1.0,0.4364,0.6076,0.954
1.0,0.4444,0.6154,0.9655
1.0,0.4528,0.6234,0.9672
1.0,0.5,0.6667,0.9637
1.0,0.4386,0.6098,0.9796
1.0,0.5102,0.6757,0.9635
1.0,0.4528,0.6234,0.9677
1.0,0.4138,0.5854,0.9437
1.0,0.4211,0.5926,0.938
1.0,0.3478,0.5161,0.9531
1.0,0.4528,0.6234,0.9724
1.0,0.6316,0.7742,0.9784
1.0,0.4898,0.6575,0.9688
1.0,0.4902,0.6579,0.9585
1.0,0.5102,0.6757,0.9649
0.96,0.5455,0.6957,0.9649
1.0,0.4444,0.6154,0.9688
1.0,0.375,0.5455,0.9632
1.0,0.4615,0.6316,0.9451
1.0,0.4528,0.6234,0.9529
1.0,0.4068,0.5783,0.9455
1.0,0.4211,0.5926,0.9618
1.0,0.4706,0.64,0.9578
1.0,0.4237,0.5952,0.959
1.0,0.4545,0.625,0.9638
1.0,0.3906,0.5618,0.9573
1.0,0.4364,0.6076,0.9738
1.0,0.4898,0.6575,0.9681
1.0,0.4615,0.6316,0.9525
1.0,0.5854,0.7385,0.9778
1.0,0.4138,0.5854,0.9176
1.0,0.4364,0.6076,0.9345
1.0,0.5217,0.6857,0.9771
0.96,0.48,0.64,0.9557
1.0,0.431,0.6024,0.9735
1.0,0.5,0.6667,0.9741
1.0,0.4706,0.64,0.9708
1.0,0.4444,0.6154,0.9362
1.0,0.4444,0.6154,0.965
1.0,0.4898,0.6575,0.9743
1.0,0.4068,0.5783,0.9519
1.0,0.4,0.5714,0.9344
1.0,0.4615,0.6316,0.9623
1.0,0.4717,0.641,0.9472
1.0,0.4098,0.5814,0.9507
1.0,0.5682,0.7246,0.9711
1.0,0.4528,0.6234,0.9351
1.0,0.3692,0.5393,0.9313
1.0,0.5106,0.6761,0.9603
1.0,0.4528,0.6234,0.9756
1.0,0.4528,0.6234,0.9627
1.0,0.4138,0.5854,0.9452
1.0,0.4286,0.6,0.968
1.0,0.4464,0.6173,0.9614
1.0,0.463,0.6329,0.9644
1.0,0.4545,0.625,0.9656
1.0,0.4444,0.6154,0.9561
0.875,0.4468,0.5915,0.9389
1.0,0.48,0.6486,0.9793
1.0,0.5,0.6667,0.9803
1.0,0.4706,0.64,0.9478
1.0,0.4138,0.5854,0.9559
1.0,0.4706,0.64,0.9674
1.0,0.4386,0.6098,0.961
0.96,0.4898,0.6486,0.961
1.0,0.4808,0.6494,0.9553
1.0,0.4444,0.6154,0.9579
0.9583,0.434,0.5974,0.9545
1.0,0.4528,0.6234,0.9345
0.9583,0.5,0.6571,0.9718
1.0,0.4706,0.64,0.9586
0.9167,0.55,0.6875,0.9581
0.92,0.451,0.6053,0.9426
1.0,0.4464,0.6173,0.9384
1.0,0.4464,0.6173,0.957
1.0,0.5333,0.6957,0.9695
1.0,0.4898,0.6575,0.9612
0.9583,0.4035,0.5679,0.9648
1.0,0.4211,0.5926,0.9594
1.0,0.4615,0.6316,0.9437
1.0,0.4528,0.6234,0.9619
1.0,0.4286,0.6,0.95
0.875,0.5,0.6364,0.9576
1.0,0.4167,0.5882,0.9573
1.0,0.5208,0.6849,0.9747
1.0,0.3846,0.5556,0.9531
1.0,0.4211,0.5926,0.9475
1.0,0.4528,0.6234,0.9671
1.0,0.5,0.6667,0.963
1.0,0.4211,0.5926,0.9428
1.0,0.4068,0.5783,0.9351
1.0,0.48,0.6486,0.9735
