RUSBag
0.8,0.5,0.6154,0.8243
0.8667,0.6842,0.7647,0.9099
0.7333,0.5238,0.6111,0.8387
0.7333,0.55,0.6286,0.845
0.8,0.6667,0.7273,0.9045
0.7333,0.5238,0.6111,0.8423
0.6,0.5625,0.5806,0.7937
0.8667,0.5652,0.6842,0.8595
0.75,0.4615,0.5714,0.7786
0.8,0.7059,0.75,0.9231
0.8,0.5455,0.6486,0.8414
0.6,0.5,0.5455,0.7694
0.8,0.6,0.6857,0.8982
0.8,0.6316,0.7059,0.8811
1.0,0.5769,0.7317,0.8991
0.8667,0.619,0.7222,0.909
0.6667,0.5,0.5714,0.7865
0.8,0.75,0.7742,0.9081
0.75,0.5,0.6,0.77
0.6667,0.5263,0.5882,0.8037
0.8667,0.619,0.7222,0.8685
0.8667,0.52,0.65,0.8198
0.8,0.75,0.7742,0.8946
0.8,0.4444,0.5714,0.827
0.8667,0.5909,0.7027,0.8883
0.8,0.5714,0.6667,0.8613
0.5333,0.5,0.5161,0.8036
0.6667,0.5556,0.6061,0.8414
0.875,0.6667,0.7568,0.9132
0.7333,0.6875,0.7097,0.8861
0.6667,0.5556,0.6061,0.8559
0.6667,0.7692,0.7143,0.8604
0.6667,0.5882,0.625,0.8676
0.9333,0.6087,0.7368,0.8667
0.6,0.6,0.6,0.8468
0.6,0.6923,0.6429,0.8135
0.9333,0.6087,0.7368,0.9189
0.9333,0.6364,0.7568,0.8829
0.8125,0.5417,0.65,0.8776
0.7333,0.5789,0.6471,0.8593
0.6667,0.4762,0.5556,0.7982
0.8667,0.6842,0.7647,0.9027
0.6667,0.625,0.6452,0.8595
0.7333,0.55,0.6286,0.7477
1.0,0.7143,0.8333,0.9658
0.8,0.5,0.6154,0.8342
0.6,0.4737,0.5294,0.7297
0.8,0.5714,0.6667,0.8261
0.8125,0.5909,0.6842,0.8238
0.9333,0.875,0.9032,0.9352
0.9333,0.6087,0.7368,0.9514
0.8,0.75,0.7742,0.8694
0.6,0.45,0.5143,0.7712
0.8,0.6,0.6857,0.8712
0.7333,0.4783,0.5789,0.8369
1.0,0.6,0.75,0.891
0.6,0.4737,0.5294,0.6856
0.8,0.6,0.6857,0.8856
0.6875,0.5789,0.6286,0.8533
0.7333,0.4583,0.5641,0.838
0.6667,0.5,0.5714,0.8189
0.9333,0.7368,0.8235,0.9297
0.8,0.6316,0.7059,0.9234
0.8,0.5714,0.6667,0.8757
0.6667,0.4545,0.5405,0.7486
0.8,0.6667,0.7273,0.9162
0.7333,0.4783,0.5789,0.8342
0.7333,0.4074,0.5238,0.7739
0.8125,0.65,0.7222,0.8698
0.6667,0.625,0.6452,0.8333
0.6667,0.5556,0.6061,0.7793
0.9333,0.5833,0.7179,0.9351
0.6667,0.5882,0.625,0.8081
0.8667,0.619,0.7222,0.8829
0.6667,0.6667,0.6667,0.8676
0.6667,0.5263,0.5882,0.7847
0.8667,0.619,0.7222,0.9243
0.6667,0.4762,0.5556,0.7802
0.75,0.4615,0.5714,0.783
0.8667,0.65,0.7429,0.9204
0.7333,0.6111,0.6667,0.8225
0.7333,0.5,0.5946,0.7946
0.6,0.6,0.6,0.7649
0.9333,0.7368,0.8235,0.9477
0.6667,0.625,0.6452,0.9009
1.0,0.625,0.7692,0.9333
0.8667,0.619,0.7222,0.8577
0.6667,0.5882,0.625,0.8874
0.8125,0.5652,0.6667,0.901
0.6,0.4286,0.5,0.7491
0.8,0.6,0.6857,0.8721
0.9333,0.5185,0.6667,0.8802
0.7333,0.4783,0.5789,0.7712
0.8,0.7059,0.75,0.9216
0.6,0.5294,0.5625,0.7297
0.6667,0.5556,0.6061,0.8207
0.7333,0.5789,0.6471,0.8495
0.8667,0.7222,0.7879,0.9369
0.9375,0.6522,0.7692,0.9115
0.9333,0.7368,0.8235,0.9343
0.5333,0.4211,0.4706,0.7027
0.6667,0.7143,0.6897,0.8523
0.8,0.5714,0.6667,0.8514
0.8667,0.5652,0.6842,0.9162
0.8667,0.5909,0.7027,0.8883
0.9333,0.6667,0.7778,0.8748
0.8667,0.6842,0.7647,0.9099
0.8667,0.5909,0.7027,0.8766
0.6875,0.5789,0.6286,0.8056
0.8,0.5714,0.6667,0.8389
0.9375,0.6818,0.7895,0.8637
0.7333,0.4783,0.5789,0.8459
0.8,0.5455,0.6486,0.8613
0.8,0.6,0.6857,0.8306
0.8,0.5714,0.6667,0.8541
0.7333,0.7333,0.7333,0.8685
0.8667,0.5,0.6341,0.8658
0.8667,0.5652,0.6842,0.8649
0.8667,0.7222,0.7879,0.9604
0.7333,0.55,0.6286,0.8231
0.8,0.6667,0.7273,0.8604
0.6667,0.5,0.5714,0.7631
0.8,0.5,0.6154,0.8414
0.9333,0.7778,0.8485,0.9423
0.8667,0.619,0.7222,0.8721
0.8,0.5455,0.6486,0.9027
0.8,0.5217,0.6316,0.8324
0.8,0.6316,0.7059,0.8829
0.8125,0.619,0.7027,0.8872
0.8,0.5217,0.6316,0.8056
0.875,0.6364,0.7368,0.9045
0.8667,0.6842,0.7647,0.9189
0.7333,0.4783,0.5789,0.7595
0.8667,0.5652,0.6842,0.9027
1.0,0.5556,0.7143,0.9243
0.9333,0.7368,0.8235,0.9342
0.6667,0.5556,0.6061,0.8018
0.6,0.4737,0.5294,0.7261
0.4,0.4286,0.4138,0.7847
0.6667,0.5556,0.6061,0.8287
0.6875,0.5789,0.6286,0.7691
0.9333,0.6087,0.7368,0.8901
0.6,0.6,0.6,0.8405
0.8667,0.7222,0.7879,0.9486
0.7333,0.6111,0.6667,0.8568
0.7333,0.5789,0.6471,0.809
0.7333,0.4583,0.5641,0.7721
0.9333,0.6667,0.7778,0.9387
0.8,0.5,0.6154,0.836
0.8,0.6667,0.7273,0.8213
0.7333,0.6111,0.6667,0.7802
0.8667,0.5417,0.6667,0.8964
0.9333,0.6087,0.7368,0.9027
0.8,0.6,0.6857,0.8856
0.7333,0.5789,0.6471,0.8937
0.8667,0.5652,0.6842,0.891
0.7333,0.55,0.6286,0.8162
0.7333,0.5238,0.6111,0.8162
0.75,0.6316,0.6857,0.8715
0.8667,0.5652,0.6842,0.9028
0.8,0.5,0.6154,0.8207
0.7333,0.6111,0.6667,0.8667
0.7333,0.7333,0.7333,0.8811
0.8,0.7059,0.75,0.8874
0.6667,0.5,0.5714,0.7928
0.9333,0.7368,0.8235,0.9252
0.8,0.5455,0.6486,0.8495
1.0,0.5556,0.7143,0.9099
0.75,0.5714,0.6486,0.8932
0.6667,0.5556,0.6061,0.8074
0.8125,0.52,0.6341,0.8533
0.8,0.4615,0.5854,0.8261
0.8667,0.7222,0.7879,0.9081
0.6667,0.7143,0.6897,0.9054
0.6667,0.4545,0.5405,0.7631
0.7333,0.6111,0.6667,0.8829
0.8,0.6667,0.7273,0.882
0.9333,0.56,0.7,0.8919
0.7333,0.6875,0.7097,0.9018
0.6,0.4737,0.5294,0.8093
0.875,0.7,0.7778,0.8854
0.8,0.6,0.6857,0.8477
0.7333,0.5,0.5946,0.818
0.9333,0.5833,0.7179,0.9189
0.8667,0.65,0.7429,0.8559
0.8667,0.65,0.7429,0.9117
0.6,0.5,0.5455,0.7586
0.7333,0.6471,0.6875,0.8838
0.6,0.5,0.5455,0.791
0.8,0.6316,0.7059,0.8824
0.7333,0.4583,0.5641,0.8018
0.9333,0.6364,0.7568,0.9216
0.6,0.6,0.6,0.782
0.6667,0.5882,0.625,0.9189
0.8667,0.619,0.7222,0.8856
0.8667,0.65,0.7429,0.9
0.8667,0.5652,0.6842,0.8306
0.7333,0.5,0.5946,0.7441
0.75,0.5714,0.6486,0.8438
0.8,0.5714,0.6667,0.888
0.7333,0.7333,0.7333,0.8838
0.9333,0.6667,0.7778,0.9162
0.9333,0.4828,0.6364,0.8459
0.8,0.6,0.6857,0.8874
0.8,0.6,0.6857,0.8225
0.7333,0.6111,0.6667,0.8784
0.8667,0.7647,0.8125,0.9342
0.8,0.6316,0.7059,0.8865
0.5,0.4706,0.4848,0.7457
0.8,0.4615,0.5854,0.8306
0.7333,0.6111,0.6667,0.8532
0.8667,0.5652,0.6842,0.9207
0.8,0.5455,0.6486,0.855
0.8,0.5714,0.6667,0.8766
0.7333,0.55,0.6286,0.8234
0.6667,0.5,0.5714,0.7721
0.8667,0.5909,0.7027,0.8081
0.8667,0.619,0.7222,0.9027
0.9375,0.625,0.75,0.888
0.8,0.6667,0.7273,0.875
0.75,0.5714,0.6486,0.8264
0.6667,0.5,0.5714,0.7838
0.8667,0.619,0.7222,0.8514
0.8667,0.5652,0.6842,0.8865
0.7333,0.6111,0.6667,0.8631
0.8667,0.5909,0.7027,0.8991
0.6667,0.6667,0.6667,0.7667
0.6667,0.5,0.5714,0.8342
0.6667,0.7143,0.6897,0.9018
0.8667,0.619,0.7222,0.9157
0.875,0.5185,0.6512,0.908
0.7333,0.6111,0.6667,0.9081
0.8,0.5455,0.6486,0.7982
0.5333,0.5333,0.5333,0.7568
0.7333,0.5789,0.6471,0.8027
0.8,0.7059,0.75,0.873
0.8,0.6316,0.7059,0.9315
0.7333,0.7333,0.7333,0.8928
0.8667,0.5652,0.6842,0.8802
0.6,0.375,0.4615,0.7296
0.9333,0.6667,0.7778,0.918
0.9333,0.56,0.7,0.8676
0.6,0.5625,0.5806,0.7631
0.6,0.5625,0.5806,0.8234
0.6,0.4737,0.5294,0.7351
0.8,0.5,0.6154,0.8099
0.8667,0.619,0.7222,0.9081
0.8,0.6667,0.7273,0.8892
0.875,0.6667,0.7568,0.8628
0.7333,0.5789,0.6471,0.8546
1.0,0.5769,0.7317,0.8865
0.9333,0.7368,0.8235,0.9414
0.8,0.5714,0.6667,0.9027
0.6667,0.4348,0.5263,0.7739
0.8,0.5714,0.6667,0.8604
0.6667,0.7143,0.6897,0.8865
0.8,0.5217,0.6316,0.8342
0.8,0.5455,0.6486,0.8586
0.5625,0.6,0.5806,0.7535
0.6667,0.625,0.6452,0.888
0.625,0.5556,0.5882,0.7839
0.7333,0.6471,0.6875,0.8784
0.8667,0.7222,0.7879,0.927
0.9333,0.5185,0.6667,0.8523
0.8,0.4444,0.5714,0.7928
0.8,0.6,0.6857,0.8946
0.8667,0.6842,0.7647,0.9153
0.6,0.5294,0.5625,0.7757
0.8667,0.6842,0.7647,0.9099
0.8,0.5714,0.6667,0.8935
0.8,0.5714,0.6667,0.8667
0.9333,0.6087,0.7368,0.936
0.8,0.6,0.6857,0.8396
0.8667,0.65,0.7429,0.8505
0.6667,0.625,0.6452,0.8514
0.6667,0.5556,0.6061,0.7568
0.8667,0.6842,0.7647,0.9027
0.7333,0.5238,0.6111,0.8045
0.8125,0.5652,0.6667,0.9045
0.6,0.5294,0.5625,0.7759
0.625,0.625,0.625,0.8342
0.9333,0.5385,0.6829,0.936
0.8667,0.4333,0.5778,0.7802
0.8667,0.7222,0.7879,0.9216
0.8,0.6316,0.7059,0.864
0.7333,0.6471,0.6875,0.8595
0.5333,0.4706,0.5,0.7928
0.8667,0.5652,0.6842,0.8937
0.7333,0.7857,0.7586,0.8964
0.7333,0.5238,0.6111,0.8315
0.8125,0.5909,0.6842,0.842
0.8667,0.5909,0.7027,0.9126
0.8,0.5714,0.6667,0.891
0.6,0.5294,0.5625,0.8009
0.6667,0.625,0.6452,0.8721
0.9333,0.6087,0.7368,0.9297
0.8667,0.5909,0.7027,0.9045
0.6667,0.5882,0.625,0.827
0.6667,0.5,0.5714,0.773
1.0,0.625,0.7692,0.95
0.625,0.4348,0.5128,0.7491
0.9333,0.6087,0.7368,0.8342
0.8667,0.65,0.7429,0.9018
0.6667,0.5882,0.625,0.8486
0.8667,0.5652,0.6842,0.8874
0.5333,0.4211,0.4706,0.6523
0.9333,0.6087,0.7368,0.9342
0.8,0.6316,0.7059,0.8919
0.9333,0.5833,0.7179,0.9
0.7333,0.6471,0.6875,0.8426
0.7333,0.55,0.6286,0.8784
0.8667,0.6842,0.7647,0.9216
0.8,0.6,0.6857,0.9108
0.8667,0.619,0.7222,0.909
0.8667,0.5909,0.7027,0.9
0.4,0.3529,0.375,0.6423
0.9333,0.4516,0.6087,0.8279
0.4,0.3529,0.375,0.6964
0.9375,0.7895,0.8571,0.9809
0.7333,0.55,0.6286,0.8657
0.9333,0.5833,0.7179,0.9135
0.8,0.4444,0.5714,0.7739
0.8,0.5455,0.6486,0.8829
0.8,0.6667,0.7273,0.8676
0.6667,0.7143,0.6897,0.855
0.8,0.5,0.6154,0.8405
0.8,0.6316,0.7059,0.8622
0.8667,0.5417,0.6667,0.8468
0.75,0.6316,0.6857,0.9097
0.5333,0.5714,0.5517,0.8306
0.8,0.8,0.8,0.9252
0.8,0.7059,0.75,0.8793
0.8667,0.5417,0.6667,0.8514
0.9333,0.5833,0.7179,0.9117
0.8,0.6,0.6857,0.8703
0.6667,0.6667,0.6667,0.8414
0.8,0.6316,0.7059,0.8577
0.7333,0.5,0.5946,0.8153
0.875,0.6364,0.7368,0.9089
0.8667,0.5652,0.6842,0.8611
0.7333,0.5789,0.6471,0.8595
0.7333,0.6875,0.7097,0.8982
0.9333,0.6667,0.7778,0.9477
0.6667,0.625,0.6452,0.8658
0.9333,0.6667,0.7778,0.9279
0.7333,0.44,0.55,0.8117
0.8667,0.5417,0.6667,0.8784
0.7333,0.44,0.55,0.791
0.6875,0.55,0.6111,0.8186
0.7333,0.6471,0.6875,0.85
0.6667,0.5263,0.5882,0.8279
0.8667,0.619,0.7222,0.8973
0.7333,0.5,0.5946,0.7541
0.9333,0.7,0.8,0.945
0.6,0.6923,0.6429,0.8027
0.9333,0.6667,0.7778,0.9459
0.8,0.5455,0.6486,0.8468
0.8,0.6,0.6857,0.8919
0.75,0.7059,0.7273,0.8776
0.6667,0.625,0.6452,0.8593
0.8667,0.4333,0.5778,0.8216
0.5333,0.5714,0.5517,0.8045
0.6667,0.5882,0.625,0.8207
0.6667,0.5,0.5714,0.8009
0.8667,0.619,0.7222,0.8396
0.5333,0.5714,0.5517,0.8207
0.7333,0.7857,0.7586,0.8856
0.8,0.6316,0.7059,0.8991
0.9375,0.625,0.75,0.9227
0.8,0.7059,0.75,0.8907
0.75,0.7059,0.7273,0.9444
0.9333,0.6667,0.7778,0.9441
0.8,0.5217,0.6316,0.8351
0.6,0.4737,0.5294,0.7306
0.7333,0.6111,0.6667,0.8396
0.6667,0.4762,0.5556,0.7342
0.8,0.6,0.6857,0.8865
0.8,0.6316,0.7059,0.864
0.8667,0.5417,0.6667,0.8432
0.9333,0.5833,0.7179,0.9481
0.8,0.5455,0.6486,0.8613
0.8,0.6667,0.7273,0.873
0.6,0.6429,0.6207,0.8477
0.8,0.5217,0.6316,0.7802
0.6,0.6429,0.6207,0.7964
0.8667,0.7647,0.8125,0.9676
0.7333,0.5789,0.6471,0.8802
0.8667,0.65,0.7429,0.9405
0.75,0.5,0.6,0.77
1.0,0.5556,0.7143,0.9648
0.6667,0.5263,0.5882,0.7342
0.8,0.75,0.7742,0.9
0.7333,0.5789,0.6471,0.8748
0.8667,0.7222,0.7879,0.9351
0.8,0.7059,0.75,0.8757
0.8667,0.65,0.7429,0.8748
0.8,0.48,0.6,0.8171
0.6,0.5294,0.5625,0.7748
0.8125,0.5417,0.65,0.8455
0.8,0.5455,0.6486,0.8565
0.6875,0.6111,0.6471,0.8177
1.0,0.6522,0.7895,0.964
0.8,0.6,0.6857,0.9009
0.7333,0.5789,0.6471,0.8288
0.6667,0.5,0.5714,0.6973
0.9333,0.56,0.7,0.891
0.9333,0.6667,0.7778,0.9486
0.8,0.7059,0.75,0.9144
0.7333,0.7857,0.7586,0.8477
0.6667,0.6667,0.6667,0.8444
0.6667,0.5882,0.625,0.8396
0.8,0.5217,0.6316,0.8189
0.8,0.6667,0.7273,0.8838
0.8,0.48,0.6,0.8189
0.6667,0.4762,0.5556,0.8063
0.6,0.4737,0.5294,0.8126
0.7333,0.6471,0.6875,0.882
1.0,0.6522,0.7895,0.9459
0.8125,0.7647,0.7879,0.9193
0.8667,0.5909,0.7027,0.9222
0.8667,0.6842,0.7647,0.9063
0.6667,0.7143,0.6897,0.8189
0.8667,0.52,0.65,0.8477
0.8667,0.6842,0.7647,0.8991
0.7333,0.55,0.6286,0.8595
0.8,0.5217,0.6316,0.8306
0.5333,0.4706,0.5,0.7676
0.7333,0.55,0.6286,0.8135
0.9375,0.7143,0.8108,0.9722
0.6667,0.5,0.5714,0.7657
0.7333,0.5238,0.6111,0.8018
0.7333,0.5,0.5946,0.8631
0.6667,0.5,0.5714,0.7946
0.9333,0.4828,0.6364,0.8712
0.8,0.6316,0.7059,0.9441
0.7333,0.5789,0.6471,0.8559
0.8,0.5455,0.6486,0.8405
0.8,0.6667,0.7273,0.9279
0.6875,0.6875,0.6875,0.8281
0.7333,0.6111,0.6667,0.8352
0.8,0.7059,0.75,0.8865
0.6,0.5625,0.5806,0.8568
0.9333,0.6364,0.7568,0.8982
0.6667,0.4348,0.5263,0.7667
0.8667,0.5909,0.7027,0.8919
0.8,0.5217,0.6316,0.8135
0.7333,0.55,0.6286,0.8153
0.9333,0.5385,0.6829,0.9108
0.625,0.7143,0.6667,0.8793
0.8,0.6,0.6857,0.875
0.8,0.5714,0.6667,0.8279
0.7333,0.5238,0.6111,0.8108
0.8667,0.7222,0.7879,0.9387
0.7333,0.5238,0.6111,0.8306
0.8667,0.65,0.7429,0.9261
0.8,0.6,0.6857,0.8261
0.8,0.6667,0.7273,0.8559
0.6,0.8182,0.6923,0.9018
0.8125,0.619,0.7027,0.8611
0.7333,0.6111,0.6667,0.9009
0.8,0.6,0.6857,0.8577
0.8,0.7059,0.75,0.9036
0.6,0.4737,0.5294,0.8423
0.8,0.6,0.6857,0.8532
0.7333,0.55,0.6286,0.8541
0.9333,0.56,0.7,0.855
0.8,0.4615,0.5854,0.8036
0.8,0.6316,0.7059,0.8775
0.75,0.5714,0.6486,0.8099
0.8667,0.8125,0.8387,0.9472
0.75,0.6316,0.6857,0.9089
0.7333,0.5789,0.6471,0.8766
0.7333,0.5789,0.6471,0.8162
0.6667,0.625,0.6452,0.8748
0.8,0.5455,0.6486,0.8811
0.7333,0.55,0.6286,0.8279
0.8,0.4444,0.5714,0.7631
1.0,0.7143,0.8333,0.9405
0.8,0.6667,0.7273,0.8766
0.7333,0.5238,0.6111,0.8398
0.625,0.4762,0.5405,0.7821
0.8,0.5217,0.6316,0.7865
0.9333,0.5833,0.7179,0.8667
0.8667,0.619,0.7222,0.8811
0.6667,0.5556,0.6061,0.8333
0.8,0.7059,0.75,0.9216
0.6,0.5625,0.5806,0.7568
0.8,0.7059,0.75,0.873
0.9333,0.5833,0.7179,0.8712
0.8,0.6316,0.7059,0.9231
0.7333,0.55,0.6286,0.8739
0.8667,0.4815,0.619,0.7703
0.6667,0.4762,0.5556,0.7919
0.8,0.4286,0.5581,0.7414
0.8,0.7059,0.75,0.9279
0.6667,0.625,0.6452,0.8072
0.9333,0.6667,0.7778,0.9153
0.8667,0.5417,0.6667,0.8793
0.9375,0.8333,0.8824,0.9826
0.8,0.6667,0.7273,0.9083
0.6,0.5294,0.5625,0.8081
0.8667,0.619,0.7222,0.8739
0.6,0.6429,0.6207,0.8243
0.9333,0.6087,0.7368,0.9369
0.7333,0.4231,0.5366,0.8063
0.7333,0.55,0.6286,0.8559
0.8,0.6316,0.7059,0.8505
0.9333,0.56,0.7,0.8946
0.5,0.5333,0.5161,0.8125
0.9333,0.56,0.7,0.8796
0.6,0.6923,0.6429,0.8721
0.8,0.5217,0.6316,0.8829
0.7333,0.6111,0.6667,0.8532
0.6667,0.5556,0.6061,0.8315
0.6667,0.5556,0.6061,0.8018
0.8667,0.52,0.65,0.8189
0.8,0.75,0.7742,0.9423
0.8,0.4286,0.5581,0.8324
0.875,0.5833,0.7,0.9036
0.8667,0.5417,0.6667,0.8917
0.6875,0.6875,0.6875,0.8602
0.6667,0.7143,0.6897,0.8622
1.0,0.7143,0.8333,0.955
0.6667,0.625,0.6452,0.8027
0.9333,0.56,0.7,0.8667
0.8667,0.7222,0.7879,0.9505
0.7333,0.55,0.6286,0.8081
0.8667,0.5652,0.6842,0.9234
0.8,0.5455,0.6486,0.8315
0.6,0.4091,0.4865,0.7454
0.6667,0.5263,0.5882,0.7847
0.8667,0.619,0.7222,0.9063
0.6667,0.7692,0.7143,0.8568
0.7333,0.5789,0.6471,0.8622
0.8667,0.5417,0.6667,0.8207
0.6,0.5294,0.5625,0.8441
0.7333,0.44,0.55,0.7405
0.6667,0.6667,0.6667,0.755
0.9375,0.6818,0.7895,0.9774
0.9333,0.56,0.7,0.8537
0.9333,0.6667,0.7778,0.9243
0.8,0.5714,0.6667,0.8514
0.8667,0.5652,0.6842,0.8586
0.8,0.8,0.8,0.9279
0.8,0.5455,0.6486,0.8477
0.8,0.5714,0.6667,0.8586
0.8667,0.5909,0.7027,0.8982
0.5333,0.5,0.5161,0.8126
0.75,0.5714,0.6486,0.7934
0.8,0.7059,0.75,0.8556
1.0,0.7143,0.8333,0.9586
0.8667,0.5909,0.7027,0.9523
0.6,0.5625,0.5806,0.7838
0.9333,0.5185,0.6667,0.8685
0.6667,0.5556,0.6061,0.7829
0.7333,0.5238,0.6111,0.8414
0.7333,0.55,0.6286,0.8171
0.9333,0.6087,0.7368,0.9207
0.75,0.5217,0.6154,0.8403
0.6667,0.7143,0.6897,0.838
0.7333,0.5789,0.6471,0.8748
0.9333,0.7778,0.8485,0.9523
0.6,0.5625,0.5806,0.8027
0.7333,0.6111,0.6667,0.8324
0.8,0.6667,0.7273,0.8901
0.6667,0.5263,0.5882,0.8568
0.8,0.5455,0.6486,0.8162
0.8667,0.619,0.7222,0.8973
0.6875,0.4783,0.5641,0.7344
1.0,0.5357,0.6977,0.9176
0.7333,0.4583,0.5641,0.782
0.8,0.7059,0.75,0.8505
0.7333,0.5238,0.6111,0.8514
0.8,0.6316,0.7059,0.8865
0.8,0.7059,0.75,0.9198
0.8,0.6316,0.7059,0.8775
1.0,0.7143,0.8333,0.9568
0.8,0.4615,0.5854,0.8532
0.875,0.6667,0.7568,0.8585
0.7333,0.55,0.6286,0.7741
0.8,0.5455,0.6486,0.8495
0.7333,0.6111,0.6667,0.8685
0.8,0.5217,0.6316,0.7784
0.5333,0.4444,0.4848,0.7126
0.7333,0.6875,0.7097,0.8838
0.8667,0.7647,0.8125,0.9351
0.8,0.6,0.6857,0.8441
0.8,0.5714,0.6667,0.8559
0.9375,0.4688,0.625,0.8368
0.9333,0.7,0.8,0.9213
0.8667,0.5652,0.6842,0.864
0.6667,0.5556,0.6061,0.7802
0.8667,0.4483,0.5909,0.8018
0.7333,0.6471,0.6875,0.8847
0.6667,0.7692,0.7143,0.9009
0.8,0.6,0.6857,0.909
0.7333,0.5,0.5946,0.7658
0.8667,0.5652,0.6842,0.8775
0.75,0.6316,0.6857,0.8741
0.8,0.4615,0.5854,0.8454
0.8,0.5714,0.6667,0.8838
0.8667,0.65,0.7429,0.9027
0.6667,0.5263,0.5882,0.8577
0.7333,0.6111,0.6667,0.8342
0.8667,0.6842,0.7647,0.9369
0.6667,0.6667,0.6667,0.8766
0.6667,0.625,0.6452,0.7757
1.0,0.5357,0.6977,0.9126
0.8125,0.5909,0.6842,0.8377
0.8,0.5714,0.6667,0.8741
0.6667,0.5263,0.5882,0.7243
0.6,0.5625,0.5806,0.7784
0.9333,0.5833,0.7179,0.8901
0.7333,0.6875,0.7097,0.8874
0.7333,0.4783,0.5789,0.7622
0.7333,0.6471,0.6875,0.8586
0.8667,0.65,0.7429,0.8757
0.8,0.6,0.6857,0.8694
0.9375,0.6,0.7317,0.9358
0.8667,0.5417,0.6667,0.8546
0.875,0.56,0.6829,0.8785
0.8,0.6,0.6857,0.8532
0.6667,0.5556,0.6061,0.8126
0.8,0.5714,0.6667,0.9036
0.8667,0.4643,0.6047,0.7721
0.8,0.6,0.6857,0.8703
0.8,0.5217,0.6316,0.8072
0.9333,0.56,0.7,0.9189
0.4667,0.5385,0.5,0.7595
0.8667,0.7647,0.8125,0.9065
0.6875,0.55,0.6111,0.816
0.8667,0.65,0.7429,0.9009
0.8667,0.619,0.7222,0.9081
0.8,0.5217,0.6316,0.8288
0.8,0.7059,0.75,0.8973
0.6667,0.625,0.6452,0.8459
0.4,0.5,0.4444,0.7928
0.9333,0.5385,0.6829,0.9126
0.9333,0.5833,0.7179,0.8865
0.9333,0.6087,0.7368,0.925
0.7333,0.5238,0.6111,0.7973
0.8,0.7059,0.75,0.8477
0.6667,0.5263,0.5882,0.7973
0.8667,0.65,0.7429,0.8838
0.8,0.6,0.6857,0.9036
0.8667,0.52,0.65,0.8432
0.8,0.75,0.7742,0.9
0.9333,0.5385,0.6829,0.8991
0.6875,0.6111,0.6471,0.8056
0.8,0.6,0.6857,0.8509
0.7333,0.7857,0.7586,0.891
0.6,0.5,0.5455,0.7784
0.8,0.6667,0.7273,0.8856
0.8,0.6316,0.7059,0.8874
0.7333,0.5238,0.6111,0.8604
0.8667,0.6842,0.7647,0.8946
0.8,0.8,0.8,0.9369
0.7333,0.55,0.6286,0.8135
1.0,0.6154,0.7619,0.9106
0.8,0.48,0.6,0.7917
0.8125,0.7222,0.7647,0.9071
0.9333,0.7778,0.8485,0.9423
0.8,0.48,0.6,0.7676
0.8,0.5,0.6154,0.864
0.9333,0.5833,0.7179,0.8955
0.6667,0.8333,0.7407,0.8739
0.6667,0.7143,0.6897,0.845
0.6667,0.5556,0.6061,0.8126
0.7333,0.44,0.55,0.8324
0.8,0.6,0.6857,0.8796
0.8667,0.4643,0.6047,0.8423
0.7333,0.5789,0.6471,0.8315
0.6,0.3913,0.4737,0.7649
0.8667,0.6842,0.7647,0.8973
0.7333,0.6111,0.6667,0.8775
0.6667,0.6667,0.6667,0.8234
0.7333,0.6111,0.6667,0.864
0.8667,0.5909,0.7027,0.8604
0.875,0.7,0.7778,0.9497
0.8667,0.7222,0.7879,0.9019
0.9333,0.8235,0.875,0.9432
0.8667,0.5652,0.6842,0.891
0.6667,0.625,0.6452,0.8288
0.8,0.75,0.7742,0.9081
0.8,0.5217,0.6316,0.8838
0.8,0.6,0.6857,0.8126
0.9333,0.4667,0.6222,0.9369
0.6,0.3913,0.4737,0.7
0.6875,0.4783,0.5641,0.7691
0.8,0.7059,0.75,0.8815
0.875,0.6364,0.7368,0.8863
0.6667,0.6667,0.6667,0.9054
0.7333,0.6471,0.6875,0.8946
0.8667,0.5909,0.7027,0.8667
0.8,0.5,0.6154,0.8631
0.8667,0.619,0.7222,0.9162
0.7333,0.6111,0.6667,0.8117
0.8667,0.5417,0.6667,0.8874
0.6,0.5,0.5455,0.7108
0.7333,0.4783,0.5789,0.8102
0.75,0.5217,0.6154,0.8472
0.6667,0.625,0.6452,0.845
0.7333,0.8462,0.7857,0.8901
0.6667,0.625,0.6452,0.8459
0.8,0.5,0.6154,0.8234
0.8667,0.6842,0.7647,0.9252
0.8667,0.5417,0.6667,0.9126
0.9333,0.6667,0.7778,0.9306
0.7333,0.4583,0.5641,0.7748
0.8667,0.5417,0.6667,0.8806
0.8,0.5217,0.6316,0.8811
0.7333,0.4583,0.5641,0.8351
0.8667,0.5,0.6341,0.9045
0.8,0.6667,0.7273,0.864
0.8,0.6,0.6857,0.8658
0.6667,0.5263,0.5882,0.8045
0.8667,0.7222,0.7879,0.9432
0.7333,0.5789,0.6471,0.8432
0.6875,0.6111,0.6471,0.816
0.7333,0.55,0.6286,0.8093
0.8,0.75,0.7742,0.8793
0.8667,0.65,0.7429,0.9586
0.7333,0.5789,0.6471,0.8631
0.6,0.45,0.5143,0.7342
0.8,0.48,0.6,0.7802
0.8,0.5714,0.6667,0.8432
0.8667,0.5909,0.7027,0.8955
0.6,0.75,0.6667,0.9162
0.75,0.6667,0.7059,0.8333
0.8667,0.5652,0.6842,0.8583
0.9333,0.56,0.7,0.8802
0.7333,0.5238,0.6111,0.8288
0.7333,0.55,0.6286,0.8351
0.8,0.8,0.8,0.9586
0.8,0.6316,0.7059,0.8541
0.6667,0.7143,0.6897,0.8748
0.6,0.5,0.5455,0.8243
0.8667,0.5652,0.6842,0.855
0.8125,0.6842,0.7429,0.8628
0.9333,0.6087,0.7368,0.8907
0.8667,0.5417,0.6667,0.9
0.7333,0.5789,0.6471,0.9045
0.8667,0.5417,0.6667,0.8712
0.6667,0.6667,0.6667,0.8622
0.6,0.5625,0.5806,0.7604
0.8,0.5455,0.6486,0.8757
0.7333,0.4783,0.5789,0.864
0.7333,0.5,0.5946,0.7811
0.75,0.7059,0.7273,0.8802
0.8,0.6667,0.7273,0.9083
0.8667,0.5,0.6341,0.8243
0.6667,0.5263,0.5882,0.7559
0.8667,0.7222,0.7879,0.9622
0.8,0.6316,0.7059,0.9261
0.8,0.6,0.6857,0.845
0.8,0.6,0.6857,0.845
0.8,0.6,0.6857,0.8324
0.7333,0.5238,0.6111,0.8306
0.8125,0.65,0.7222,0.9141
0.9333,0.6087,0.7368,0.9037
0.75,0.7059,0.7273,0.8681
0.5333,0.5714,0.5517,0.7757
0.7333,0.55,0.6286,0.8486
0.6667,0.5,0.5714,0.7766
0.8,0.6,0.6857,0.8514
0.8,0.5217,0.6316,0.7937
0.8667,0.65,0.7429,0.9234
0.9333,0.6667,0.7778,0.9189
0.8667,0.65,0.7429,0.8748
1.0,0.6,0.75,0.9065
0.7333,0.5789,0.6471,0.7802
0.8,0.6,0.6857,0.8757
0.8,0.6316,0.7059,0.8387
0.6667,0.5556,0.6061,0.7514
0.6,0.5294,0.5625,0.7964
0.7333,0.6111,0.6667,0.8505
0.9333,0.6364,0.7568,0.9234
0.8,0.6316,0.7059,0.8658
0.75,0.6316,0.6857,0.8915
0.9333,0.6087,0.7368,0.9426
0.7333,0.5238,0.6111,0.7514
0.8,0.6,0.6857,0.8901
0.6,0.75,0.6667,0.8577
0.8667,0.65,0.7429,0.9099
0.6667,0.5,0.5714,0.8279
0.6667,0.5263,0.5882,0.7784
0.6667,0.6667,0.6667,0.8694
0.8667,0.5652,0.6842,0.8937
0.75,0.5714,0.6486,0.8351
0.9333,0.8235,0.875,0.9157
0.7333,0.6111,0.6667,0.8477
0.4667,0.5385,0.5,0.773
0.8,0.6,0.6857,0.8937
0.8667,0.6842,0.7647,0.8495
0.7333,0.6111,0.6667,0.8532
0.9333,0.5833,0.7179,0.9432
0.8667,0.5417,0.6667,0.8721
0.6667,0.5556,0.6061,0.7901
0.625,0.5263,0.5714,0.8108
0.9333,0.6364,0.7568,0.9648
0.75,0.8,0.7742,0.8785
0.7333,0.4783,0.5789,0.8045
0.8,0.5455,0.6486,0.8297
0.8667,0.4815,0.619,0.891
0.8667,0.52,0.65,0.8676
0.6,0.9,0.72,0.9
0.9333,0.56,0.7,0.8955
0.8667,0.619,0.7222,0.8622
0.6667,0.5556,0.6061,0.8099
0.6667,0.4762,0.5556,0.7935
0.8,0.75,0.7742,0.8703
0.8667,0.52,0.65,0.8541
0.9333,0.6087,0.7368,0.9081
0.8667,0.6842,0.7647,0.9027
0.7333,0.5789,0.6471,0.8405
0.6,0.6,0.6,0.8117
0.6667,0.5882,0.625,0.818
0.8,0.4138,0.5455,0.8396
0.625,0.7143,0.6667,0.8559
0.8667,0.52,0.65,0.8713
0.6667,0.4167,0.5128,0.8009
0.8,0.6316,0.7059,0.9036
0.6,0.45,0.5143,0.7964
0.8,0.6667,0.7273,0.8577
1.0,0.75,0.8571,0.9369
0.7333,0.6111,0.6667,0.8505
0.8,0.5714,0.6667,0.8577
0.6667,0.5263,0.5882,0.8315
0.6875,0.6875,0.6875,0.8099
0.9333,0.5833,0.7179,0.8963
0.8,0.6316,0.7059,0.8775
0.8667,0.5417,0.6667,0.8441
0.8,0.5217,0.6316,0.8577
0.8,0.5217,0.6316,0.8414
0.8,0.6,0.6857,0.8928
0.7333,0.55,0.6286,0.8243
0.7333,0.6111,0.6667,0.864
0.6,0.5,0.5455,0.7901
0.75,0.6667,0.7059,0.9271
0.6667,0.7692,0.7143,0.8824
0.7333,0.6471,0.6875,0.8739
0.8667,0.5909,0.7027,0.8613
0.9333,0.6087,0.7368,0.9081
0.7333,0.7857,0.7586,0.9081
0.6667,0.5,0.5714,0.7793
0.7333,0.3929,0.5116,0.7559
0.9333,0.5385,0.6829,0.8468
0.9333,0.6087,0.7368,0.9
0.5625,0.6,0.5806,0.77
0.9333,0.6667,0.7778,0.887
0.6,0.5294,0.5625,0.8072
0.6667,0.4545,0.5405,0.7559
0.8,0.5217,0.6316,0.8676
0.9333,0.7778,0.8485,0.9712
0.7333,0.55,0.6286,0.8378
0.9333,0.5833,0.7179,0.9009
0.8,0.7059,0.75,0.8595
0.9333,0.6087,0.7368,0.9072
0.6875,0.6471,0.6667,0.8203
0.7333,0.55,0.6286,0.8056
0.8667,0.5652,0.6842,0.8523
0.8,0.48,0.6,0.8333
0.8,0.5714,0.6667,0.8252
0.8667,0.5417,0.6667,0.8288
0.8,0.7059,0.75,0.8955
0.8667,0.5909,0.7027,0.8856
0.6667,0.7692,0.7143,0.8613
0.6,0.75,0.6667,0.8838
0.875,0.5833,0.7,0.8368
0.8667,0.619,0.7222,0.8796
0.6667,0.5263,0.5882,0.7757
0.6667,0.4762,0.5556,0.7928
0.9333,0.5,0.6512,0.8622
0.8667,0.5652,0.6842,0.9324
0.5333,0.5333,0.5333,0.7532
0.6667,0.5263,0.5882,0.8027
0.9333,0.5833,0.7179,0.8883
0.6,0.6429,0.6207,0.8288
0.8125,0.6842,0.7429,0.9132
0.9333,0.6364,0.7568,0.9056
0.6667,0.5556,0.6061,0.8387
0.8,0.6,0.6857,0.8577
0.8,0.6316,0.7059,0.8523
0.8,0.4444,0.5714,0.7793
0.8,0.5714,0.6667,0.8306
0.9333,0.6087,0.7368,0.8901
0.6667,0.5882,0.625,0.8432
0.6667,0.625,0.6452,0.8297
0.75,0.5714,0.6486,0.8689
0.6,0.6923,0.6429,0.85
0.8,0.7059,0.75,0.9135
0.8667,0.52,0.65,0.8153
0.8,0.5455,0.6486,0.8802
0.6667,0.5882,0.625,0.8279
0.8,0.5455,0.6486,0.8405
0.7333,0.5238,0.6111,0.8189
0.6667,0.5556,0.6061,0.7973
0.8,0.6667,0.7273,0.8775
0.875,0.6667,0.7568,0.9306
0.8667,0.7647,0.8125,0.9333
0.8667,0.5909,0.7027,0.9009
0.7333,0.55,0.6286,0.7928
0.7333,0.6111,0.6667,0.8739
0.9333,0.5,0.6512,0.8685
0.7333,0.5,0.5946,0.7703
0.6667,0.5,0.5714,0.8072
0.6667,0.6667,0.6667,0.8477
0.9333,0.7,0.8,0.9432
0.875,0.6087,0.7179,0.8672
0.7333,0.5789,0.6471,0.8556
0.6,0.6,0.6,0.8117
0.8667,0.7647,0.8125,0.936
0.6,0.5,0.5455,0.7243
0.8667,0.65,0.7429,0.8964
0.8667,0.4815,0.619,0.8414
0.9333,0.6364,0.7568,0.9153
0.8667,0.65,0.7429,0.8856
0.8,0.48,0.6,0.8432
0.8125,0.65,0.7222,0.8759
0.4,0.6667,0.5,0.8056
0.6875,0.55,0.6111,0.7873
0.8667,0.5909,0.7027,0.8874
0.6667,0.6667,0.6667,0.8685
0.7333,0.6471,0.6875,0.7784
0.9333,0.6364,0.7568,0.8991
0.6667,0.5263,0.5882,0.8036
0.8667,0.619,0.7222,0.8892
0.6667,0.4762,0.5556,0.8054
0.6667,0.5,0.5714,0.7901
0.8,0.75,0.7742,0.9102
0.7333,0.5238,0.6111,0.8045
0.9333,0.5,0.6512,0.9189
0.8667,0.4815,0.619,0.8775
0.7333,0.6875,0.7097,0.8766
0.7333,0.6111,0.6667,0.8532
0.8,0.8,0.8,0.9387
0.7333,0.5789,0.6471,0.8703
0.6,0.6,0.6,0.8396
0.75,0.5455,0.6316,0.8238
0.6667,0.5882,0.625,0.812
0.625,0.5263,0.5714,0.8264
0.9333,0.6667,0.7778,0.9279
0.8667,0.4643,0.6047,0.8811
0.8667,0.7222,0.7879,0.9189
0.9333,0.6087,0.7368,0.9495
0.6,0.45,0.5143,0.7297
0.6667,0.5263,0.5882,0.8189
0.7333,0.6471,0.6875,0.8973
0.7333,0.55,0.6286,0.8495
1.0,0.6522,0.7895,0.9222
0.8125,0.5909,0.6842,0.8941
0.8,0.5217,0.6316,0.8459
0.9333,0.6364,0.7568,0.9153
0.8667,0.65,0.7429,0.8829
0.8667,0.5652,0.6842,0.8694
0.8667,0.6842,0.7647,0.8423
0.9333,0.56,0.7,0.8982
0.5333,0.5714,0.5517,0.7847
0.7333,0.6471,0.6875,0.8387
0.7333,0.55,0.6286,0.7907
0.8667,0.5909,0.7027,0.8252
0.8,0.48,0.6,0.782
0.8667,0.5909,0.7027,0.9432
0.7333,0.6111,0.6667,0.8955
0.7333,0.5789,0.6471,0.8685
0.6,0.5625,0.5806,0.809
0.7333,0.6111,0.6667,0.8775
0.6,0.5,0.5455,0.7414
0.875,0.6667,0.7568,0.934
0.8667,0.5652,0.6842,0.8815
0.7333,0.5789,0.6471,0.8297
0.7333,0.6471,0.6875,0.8577
0.9333,0.5185,0.6667,0.8586
0.8667,0.5652,0.6842,0.8919
0.7333,0.55,0.6286,0.8865
0.7333,0.55,0.6286,0.864
0.8,0.6667,0.7273,0.8829
0.7333,0.55,0.6286,0.864
0.6875,0.5238,0.5946,0.7682
0.8,0.5714,0.6667,0.8843
0.8125,0.5909,0.6842,0.8628
0.9333,0.5185,0.6667,0.8991
0.9333,0.8235,0.875,0.9613
0.4,0.5,0.4444,0.7973
0.8,0.6667,0.7273,0.9108
0.8,0.5455,0.6486,0.8486
0.8,0.48,0.6,0.7495
0.9333,0.5,0.6512,0.8883
0.8,0.5455,0.6486,0.8649
0.8667,0.7647,0.8125,0.9398
0.7333,0.6875,0.7097,0.8703
0.9333,0.6667,0.7778,0.9486
0.9333,0.5833,0.7179,0.9261
0.7333,0.4231,0.5366,0.782
0.7333,0.5789,0.6471,0.8505
0.6667,0.5263,0.5882,0.8387
0.8,0.5217,0.6316,0.8027
0.8,0.6316,0.7059,0.8919
0.8125,0.5417,0.65,0.7925
0.8,0.6667,0.7273,0.8583
