RUSBag
0.8571,0.4865,0.6207,0.863
0.5714,0.48,0.5217,0.741
0.85,0.6296,0.7234,0.865
0.9,0.6667,0.766,0.954
0.8,0.5161,0.6275,0.807
0.65,0.5909,0.619,0.888
0.7,0.56,0.6222,0.8455
0.75,0.4545,0.566,0.804
0.85,0.5152,0.6415,0.8459
0.75,0.6818,0.7143,0.8622
0.9,0.5294,0.6667,0.8485
0.9,0.6207,0.7347,0.876
0.7,0.6667,0.6829,0.836
0.95,0.4872,0.6441,0.841
0.5,0.5,0.5,0.7945
0.85,0.6071,0.7083,0.9115
0.5714,0.4,0.4706,0.7201
0.8095,0.6296,0.7083,0.9164
0.9,0.6923,0.7826,0.9342
0.8,0.4848,0.6038,0.7745
0.95,0.5938,0.7308,0.863
0.8,0.5,0.6154,0.81
0.5,0.5882,0.5405,0.794
0.95,0.5588,0.7037,0.9005
0.8,0.6667,0.7273,0.929
0.85,0.5862,0.6939,0.8755
0.7619,0.5926,0.6667,0.8217
0.8571,0.6,0.7059,0.8717
0.75,0.5556,0.6383,0.8459
0.85,0.5484,0.6667,0.8893
0.8095,0.7727,0.7907,0.9417
0.8571,0.5143,0.6429,0.9116
0.7,0.6087,0.6512,0.86
0.85,0.5484,0.6667,0.841
0.7,0.4242,0.5283,0.739
0.55,0.55,0.55,0.796
0.85,0.5667,0.68,0.866
0.8,0.5714,0.6667,0.8455
0.7,0.56,0.6222,0.7653
0.9,0.5455,0.6792,0.8398
0.75,0.5556,0.6383,0.815
0.8,0.5517,0.6531,0.825
0.85,0.6296,0.7234,0.896
0.9,0.72,0.8,0.938
0.7,0.56,0.6222,0.8475
0.6,0.5455,0.5714,0.814
0.7619,0.5517,0.64,0.8528
0.7619,0.6154,0.6809,0.8484
0.85,0.5484,0.6667,0.8714
0.7,0.4516,0.549,0.8051
0.8,0.5333,0.64,0.821
0.65,0.5,0.5652,0.838
0.8,0.5,0.6154,0.8335
0.75,0.5,0.6,0.8345
0.8,0.5714,0.6667,0.838
0.9,0.6667,0.766,0.909
0.9048,0.6552,0.76,0.9223
0.6667,0.5185,0.5833,0.8134
0.85,0.5667,0.68,0.8592
0.8,0.5714,0.6667,0.8684
0.65,0.4333,0.52,0.74
0.75,0.5769,0.6522,0.8815
0.9,0.6923,0.7826,0.92
0.7,0.4667,0.56,0.762
0.65,0.5909,0.619,0.79
0.85,0.5152,0.6415,0.854
0.7619,0.5517,0.64,0.8168
0.7619,0.5333,0.6275,0.7979
0.9,0.6,0.72,0.8954
0.85,0.5862,0.6939,0.8995
0.8095,0.5667,0.6667,0.8824
0.9524,0.6061,0.7407,0.9057
0.75,0.6522,0.6977,0.8915
0.8,0.5,0.6154,0.783
0.85,0.5313,0.6538,0.845
0.75,0.625,0.6818,0.874
0.75,0.6,0.6667,0.829
0.7,0.6667,0.6829,0.879
0.85,0.6071,0.7083,0.8679
0.7,0.5185,0.5957,0.8173
0.85,0.6538,0.7391,0.9155
0.8,0.5517,0.6531,0.84
0.75,0.4412,0.5556,0.785
0.8,0.4848,0.6038,0.872
0.6,0.4138,0.4898,0.7225
0.85,0.6296,0.7234,0.8745
0.8095,0.5484,0.6538,0.8717
0.619,0.619,0.619,0.845
0.8,0.6154,0.6957,0.9265
0.75,0.5357,0.625,0.8173
0.7,0.5,0.5833,0.811
0.75,0.6,0.6667,0.8715
0.95,0.5758,0.717,0.898
0.8,0.6154,0.6957,0.89
0.75,0.5556,0.6383,0.819
0.5,0.4762,0.4878,0.796
0.9524,0.5714,0.7143,0.8834
0.7143,0.5,0.5882,0.8124
0.8,0.5714,0.6667,0.8908
0.85,0.5313,0.6538,0.7959
0.7619,0.4848,0.5926,0.8256
0.8571,0.5455,0.6667,0.8941
0.8,0.5926,0.6809,0.865
0.85,0.6296,0.7234,0.906
0.65,0.5909,0.619,0.8165
0.65,0.5652,0.6047,0.783
0.75,0.5556,0.6383,0.833
0.85,0.5862,0.6939,0.863
0.65,0.52,0.5778,0.8036
0.8,0.64,0.7111,0.8612
0.7,0.5833,0.6364,0.8565
0.7,0.5385,0.6087,0.853
0.9,0.5,0.6429,0.822
0.8,0.5333,0.64,0.8615
0.8,0.5161,0.6275,0.8575
0.6,0.5455,0.5714,0.788
0.7143,0.5769,0.6383,0.8576
0.8571,0.6207,0.72,0.8912
0.75,0.5,0.6,0.85
0.6,0.48,0.5333,0.8077
0.8,0.5161,0.6275,0.844
0.75,0.5172,0.6122,0.867
0.8,0.5,0.6154,0.823
0.7,0.5185,0.5957,0.8355
0.75,0.75,0.75,0.8475
0.7,0.4667,0.56,0.7995
0.9048,0.5938,0.717,0.9329
0.8095,0.6538,0.7234,0.898
0.65,0.52,0.5778,0.8102
0.6,0.4286,0.5,0.7209
0.7143,0.5357,0.6122,0.8183
0.7619,0.64,0.6957,0.8115
0.75,0.5172,0.6122,0.8355
0.75,0.5769,0.6522,0.846
0.65,0.5909,0.619,0.86
0.7,0.4242,0.5283,0.77
0.8,0.64,0.7111,0.85
0.75,0.7143,0.7317,0.895
0.95,0.5429,0.6909,0.8719
0.9,0.5294,0.6667,0.8633
0.95,0.6333,0.76,0.9095
0.8,0.6154,0.6957,0.844
0.8,0.8,0.8,0.9155
0.8,0.5926,0.6809,0.871
0.8,0.4571,0.5818,0.7925
0.6,0.4286,0.5,0.7585
0.619,0.5417,0.5778,0.7847
0.7619,0.5333,0.6275,0.8669
0.9,0.6429,0.75,0.8949
0.6,0.5455,0.5714,0.8235
0.8095,0.5313,0.6415,0.8372
0.8095,0.7083,0.7556,0.9461
0.65,0.5417,0.5909,0.852
0.7,0.56,0.6222,0.814
0.75,0.4545,0.566,0.8425
0.85,0.5313,0.6538,0.836
0.9,0.6429,0.75,0.923
0.8,0.5926,0.6809,0.865
0.8,0.5926,0.6809,0.8546
0.75,0.5357,0.625,0.7821
0.95,0.6129,0.7451,0.9375
0.9,0.6,0.72,0.884
0.95,0.5938,0.7308,0.912
0.8,0.4848,0.6038,0.835
0.75,0.5,0.6,0.828
0.65,0.5652,0.6047,0.793
0.5238,0.4783,0.5,0.7668
0.7143,0.5769,0.6383,0.828
0.75,0.5357,0.625,0.8577
0.6,0.4615,0.5217,0.7541
0.7619,0.6154,0.6809,0.8328
0.7143,0.5769,0.6383,0.8124
0.8,0.6154,0.6957,0.8695
0.85,0.5313,0.6538,0.827
0.7,0.4828,0.5714,0.7815
0.8,0.5161,0.6275,0.8505
0.65,0.4815,0.5532,0.777
0.75,0.5556,0.6383,0.834
0.9,0.6207,0.7347,0.927
0.85,0.5862,0.6939,0.8969
0.8571,0.6923,0.766,0.9257
0.8095,0.6538,0.7234,0.8848
0.7,0.56,0.6222,0.863
0.6,0.5455,0.5714,0.8135
0.65,0.4483,0.5306,0.77
0.7,0.4828,0.5714,0.802
0.7,0.56,0.6222,0.8105
0.8,0.5517,0.6531,0.861
0.75,0.5357,0.625,0.8668
0.85,0.5862,0.6939,0.8235
0.7619,0.5517,0.64,0.862
0.9048,0.5429,0.6786,0.8474
0.6,0.5217,0.5581,0.761
0.75,0.5556,0.6383,0.884
0.65,0.5,0.5652,0.77
0.7,0.4667,0.56,0.8045
0.8,0.6957,0.7442,0.894
1.0,0.6452,0.7843,0.9185
0.6,0.5714,0.5854,0.7694
0.75,0.5357,0.625,0.8015
0.75,0.6,0.6667,0.8425
0.7,0.5,0.5833,0.786
0.9,0.5,0.6429,0.887
0.8,0.5333,0.64,0.845
0.8,0.5517,0.6531,0.897
0.8,0.5333,0.64,0.853
0.7143,0.5172,0.6,0.7949
0.6667,0.4828,0.56,0.7677
0.85,0.6071,0.7083,0.8959
0.75,0.5769,0.6522,0.8878
0.8571,0.6207,0.72,0.8455
0.8571,0.6429,0.7347,0.8863
0.75,0.4545,0.566,0.8145
0.8,0.6667,0.7273,0.8855
0.55,0.55,0.55,0.805
0.8,0.5714,0.6667,0.861
0.8,0.5333,0.64,0.88
0.65,0.52,0.5778,0.776
0.75,0.5556,0.6383,0.8061
0.9,0.6,0.72,0.8918
0.65,0.5652,0.6047,0.822
0.8,0.64,0.7111,0.846
0.75,0.5,0.6,0.803
0.8,0.5517,0.6531,0.8675
0.85,0.4857,0.6182,0.831
0.85,0.6296,0.7234,0.897
0.8095,0.5862,0.68,0.8547
0.7619,0.5926,0.6667,0.8314
0.6,0.5714,0.5854,0.7653
0.75,0.625,0.6818,0.8617
0.75,0.5357,0.625,0.852
0.65,0.52,0.5778,0.7275
0.8,0.5517,0.6531,0.879
0.9,0.5455,0.6792,0.869
0.7,0.4828,0.5714,0.77
0.65,0.5652,0.6047,0.797
0.8095,0.5862,0.68,0.8717
0.8095,0.6538,0.7234,0.9086
0.85,0.5152,0.6415,0.8265
0.8,0.5926,0.6809,0.8638
0.8,0.4706,0.5926,0.835
0.7,0.5185,0.5957,0.769
0.8,0.6154,0.6957,0.887
0.7,0.5,0.5833,0.829
0.7,0.6364,0.6667,0.868
0.65,0.4483,0.5306,0.722
0.8571,0.6,0.7059,0.8542
0.8571,0.6207,0.72,0.9155
0.75,0.4688,0.5769,0.774
0.85,0.6296,0.7234,0.8857
0.75,0.5357,0.625,0.805
0.85,0.5667,0.68,0.898
0.8,0.6154,0.6957,0.8265
0.65,0.52,0.5778,0.806
0.75,0.5357,0.625,0.856
0.8,0.5,0.6154,0.828
0.7619,0.5,0.6038,0.8639
0.8095,0.5667,0.6667,0.8605
0.6,0.5714,0.5854,0.8745
0.7,0.5833,0.6364,0.8571
0.65,0.5909,0.619,0.8315
0.9,0.5,0.6429,0.897
0.75,0.5357,0.625,0.8225
0.85,0.5484,0.6667,0.862
0.8,0.5714,0.6667,0.857
0.9,0.5,0.6429,0.8835
0.6667,0.5833,0.6222,0.8552
0.5238,0.55,0.5366,0.7969
0.75,0.5357,0.625,0.8143
0.85,0.5862,0.6939,0.8969
0.8,0.6957,0.7442,0.892
0.9,0.5806,0.7059,0.9
0.75,0.5556,0.6383,0.823
0.7,0.4667,0.56,0.7315
0.65,0.4643,0.5417,0.821
0.7,0.5,0.5833,0.789
0.8571,0.6923,0.766,0.9135
0.8571,0.75,0.8,0.9461
0.75,0.4688,0.5769,0.7612
0.85,0.6538,0.7391,0.8735
0.7143,0.6,0.6522,0.8518
0.6667,0.6364,0.6512,0.8547
0.8,0.5161,0.6275,0.87
0.75,0.5769,0.6522,0.855
0.7,0.5185,0.5957,0.846
0.85,0.5484,0.6667,0.907
0.8,0.5,0.6154,0.7395
0.75,0.5172,0.6122,0.8225
0.85,0.5667,0.68,0.8867
0.7,0.5833,0.6364,0.8551
0.75,0.5,0.6,0.814
0.8,0.5161,0.6275,0.845
0.65,0.5652,0.6047,0.7975
0.7,0.5833,0.6364,0.83
0.9,0.72,0.8,0.914
0.85,0.5484,0.6667,0.841
0.8095,0.5152,0.6296,0.8688
0.8095,0.5313,0.6415,0.8353
0.8,0.64,0.7111,0.8551
0.9,0.6429,0.75,0.924
0.8571,0.72,0.7826,0.8372
0.8095,0.6296,0.7083,0.8737
0.85,0.6296,0.7234,0.891
0.75,0.5,0.6,0.815
0.6,0.5455,0.5714,0.758
0.75,0.5357,0.625,0.8135
0.85,0.68,0.7556,0.906
0.85,0.6071,0.7083,0.892
0.8,0.5,0.6154,0.8209
0.7,0.4828,0.5714,0.7959
0.85,0.6538,0.7391,0.948
0.75,0.4839,0.5882,0.795
0.55,0.44,0.4889,0.7245
0.7,0.5,0.5833,0.835
0.75,0.5769,0.6522,0.797
0.85,0.5313,0.6538,0.86
0.7143,0.4545,0.5556,0.794
0.9524,0.6897,0.8,0.9602
0.8,0.6957,0.7442,0.9061
0.75,0.5,0.6,0.8143
0.8,0.4571,0.5818,0.8285
0.65,0.5652,0.6047,0.866
0.9,0.6429,0.75,0.905
0.8,0.4324,0.5614,0.8
0.85,0.5667,0.68,0.82
0.4,0.4211,0.4103,0.702
0.8095,0.5862,0.68,0.8605
0.9048,0.6129,0.7308,0.8591
0.85,0.5862,0.6939,0.899
0.9,0.6,0.72,0.8852
0.8571,0.6207,0.72,0.861
0.5714,0.4138,0.48,0.7561
0.85,0.5152,0.6415,0.8515
0.65,0.5417,0.5909,0.829
0.75,0.5556,0.6383,0.809
0.9,0.6429,0.75,0.922
0.9,0.6207,0.7347,0.8615
0.75,0.5,0.6,0.802
0.65,0.52,0.5778,0.8265
0.8,0.64,0.7111,0.8684
0.75,0.4839,0.5882,0.799
0.75,0.75,0.75,0.8445
0.85,0.6071,0.7083,0.898
0.85,0.4722,0.6071,0.83
0.8,0.6667,0.7273,0.935
0.8,0.5,0.6154,0.845
0.5714,0.48,0.5217,0.7668
0.8095,0.5667,0.6667,0.8513
0.65,0.5909,0.619,0.7908
0.85,0.5667,0.68,0.8867
0.6667,0.6087,0.6364,0.8912
0.7619,0.5333,0.6275,0.8542
0.75,0.4688,0.5769,0.8475
0.75,0.6522,0.6977,0.856
0.75,0.5172,0.6122,0.871
0.75,0.5769,0.6522,0.8385
0.8,0.5926,0.6809,0.858
0.7,0.4516,0.549,0.756
0.9,0.6923,0.7826,0.9005
0.65,0.5909,0.619,0.8352
0.7,0.56,0.6222,0.878
0.75,0.5769,0.6522,0.873
0.75,0.6818,0.7143,0.871
0.75,0.5,0.6,0.817
0.6,0.4615,0.5217,0.766
0.75,0.5172,0.6122,0.838
0.8095,0.5667,0.6667,0.8328
0.7619,0.5926,0.6667,0.8484
0.7,0.6364,0.6667,0.8347
0.75,0.5556,0.6383,0.7959
0.6,0.48,0.5333,0.817
0.9,0.5,0.6429,0.875
0.85,0.5667,0.68,0.869
0.75,0.5769,0.6522,0.871
0.8,0.4571,0.5818,0.8135
0.9,0.5625,0.6923,0.853
0.7619,0.5926,0.6667,0.8372
0.5714,0.5,0.5333,0.7881
0.8,0.6667,0.7273,0.9163
0.85,0.6071,0.7083,0.8776
0.8095,0.5862,0.68,0.8601
0.8095,0.5667,0.6667,0.8659
0.85,0.5667,0.68,0.856
0.5,0.5882,0.5405,0.767
0.85,0.5862,0.6939,0.875
0.8,0.5517,0.6531,0.894
0.75,0.6,0.6667,0.867
0.75,0.5,0.6,0.802
0.85,0.6296,0.7234,0.8806
0.7,0.56,0.6222,0.8418
0.8095,0.4722,0.5965,0.8591
0.619,0.4333,0.5098,0.7512
0.85,0.7727,0.8095,0.907
0.75,0.5357,0.625,0.8535
0.7,0.5385,0.6087,0.8315
1.0,0.6897,0.8163,0.979
0.8,0.4848,0.6038,0.8
0.7,0.56,0.6222,0.801
0.75,0.6818,0.7143,0.8485
0.8,0.6154,0.6957,0.8077
0.95,0.5758,0.717,0.926
0.85,0.6296,0.7234,0.86
0.75,0.5769,0.6522,0.8545
0.5,0.5,0.5,0.772
0.9,0.6207,0.7347,0.917
0.8,0.5714,0.6667,0.8535
0.8571,0.6,0.7059,0.8868
0.7143,0.5357,0.6122,0.7988
0.7,0.5,0.5833,0.827
0.8,0.6667,0.7273,0.8582
0.8571,0.6207,0.72,0.8518
0.8095,0.6071,0.6939,0.8144
0.75,0.6818,0.7143,0.8775
0.7,0.5385,0.6087,0.745
0.8,0.5161,0.6275,0.817
0.85,0.5862,0.6939,0.877
0.65,0.5909,0.619,0.801
0.9,0.5143,0.6545,0.85
0.95,0.6786,0.7917,0.9622
0.8,0.5,0.6154,0.8158
0.7,0.56,0.6222,0.852
0.9,0.6207,0.7347,0.9045
0.8,0.5333,0.64,0.868
0.65,0.52,0.5778,0.823
0.8,0.5333,0.64,0.836
0.6,0.5,0.5455,0.779
0.7619,0.5333,0.6275,0.8231
0.8571,0.6,0.7059,0.9281
0.7,0.5,0.5833,0.801
0.55,0.4783,0.5116,0.7571
0.9,0.6207,0.7347,0.914
0.75,0.5357,0.625,0.832
0.8,0.5517,0.6531,0.828
0.75,0.6,0.6667,0.821
0.8,0.5714,0.6667,0.8575
0.65,0.5,0.5652,0.774
0.8571,0.5,0.6316,0.8737
0.8095,0.5667,0.6667,0.8649
0.65,0.619,0.6341,0.8566
0.8,0.5714,0.6667,0.851
0.7,0.5833,0.6364,0.8475
0.7,0.4516,0.549,0.795
0.8,0.5714,0.6667,0.844
0.7,0.5,0.5833,0.79
0.8,0.5161,0.6275,0.843
0.8,0.5161,0.6275,0.8
0.7619,0.5926,0.6667,0.8805
0.619,0.52,0.5652,0.8265
0.65,0.5417,0.5909,0.8337
0.8,0.6154,0.6957,0.9071
0.7619,0.5926,0.6667,0.8707
0.7143,0.5556,0.625,0.7857
0.7,0.5833,0.6364,0.878
0.8,0.5,0.6154,0.8715
0.7,0.5,0.5833,0.808
0.7,0.6087,0.6512,0.818
0.85,0.5313,0.6538,0.8425
0.75,0.5556,0.6383,0.879
0.8,0.5333,0.64,0.8408
0.85,0.5862,0.6939,0.848
0.8571,0.5143,0.6429,0.8523
0.6667,0.5833,0.6222,0.8173
0.65,0.4194,0.5098,0.788
0.7,0.5185,0.5957,0.8145
0.85,0.4722,0.6071,0.8355
0.8,0.6154,0.6957,0.905
0.85,0.6296,0.7234,0.936
0.75,0.5556,0.6383,0.842
0.8,0.5926,0.6809,0.8434
0.75,0.6522,0.6977,0.8408
0.619,0.4815,0.5417,0.7687
0.7619,0.4706,0.5818,0.8149
0.9,0.6207,0.7347,0.893
0.7,0.6667,0.6829,0.821
0.8,0.5517,0.6531,0.845
0.7,0.56,0.6222,0.804
0.85,0.5862,0.6939,0.915
0.75,0.4839,0.5882,0.765
0.8,0.6667,0.7273,0.9143
0.8,0.5161,0.6275,0.8337
0.55,0.44,0.4889,0.7185
0.8,0.4444,0.5714,0.8395
0.8,0.5714,0.6667,0.842
0.8,0.5926,0.6809,0.8585
0.85,0.6296,0.7234,0.914
0.75,0.625,0.6818,0.8565
0.8571,0.7826,0.8182,0.8941
0.7143,0.4688,0.566,0.7983
0.85,0.6071,0.7083,0.8974
0.85,0.5313,0.6538,0.8867
0.85,0.4595,0.5965,0.808
0.8,0.6154,0.6957,0.8625
0.9,0.4865,0.6316,0.851
0.7,0.5,0.5833,0.759
0.8,0.5333,0.64,0.8735
0.75,0.5556,0.6383,0.8205
0.8095,0.6296,0.7083,0.8853
0.8095,0.6296,0.7083,0.862
0.75,0.6818,0.7143,0.8913
0.75,0.5172,0.6122,0.8321
0.619,0.5652,0.5909,0.7935
0.6667,0.5,0.5714,0.8299
0.85,0.6071,0.7083,0.8885
0.65,0.4483,0.5306,0.797
0.75,0.5357,0.625,0.879
0.7,0.5833,0.6364,0.817
0.95,0.6129,0.7451,0.9175
0.75,0.4839,0.5882,0.778
0.7,0.4828,0.5714,0.8684
0.85,0.5667,0.68,0.8663
0.6667,0.5385,0.5957,0.8222
0.8571,0.5625,0.6792,0.8727
0.8,0.5333,0.64,0.835
0.8,0.64,0.7111,0.892
0.75,0.7143,0.7317,0.897
0.75,0.5172,0.6122,0.771
0.7,0.5385,0.6087,0.8105
0.85,0.6296,0.7234,0.907
0.75,0.5357,0.625,0.7893
0.75,0.5,0.6,0.8311
0.5,0.5,0.5,0.7765
0.75,0.5172,0.6122,0.826
0.8,0.5714,0.6667,0.846
0.8,0.5,0.6154,0.866
0.85,0.6071,0.7083,0.879
0.8,0.5517,0.6531,0.843
0.8571,0.72,0.7826,0.9461
0.619,0.5652,0.5909,0.8129
0.65,0.4483,0.5306,0.7561
0.9,0.5294,0.6667,0.8755
0.619,0.4643,0.5306,0.7289
0.7143,0.5357,0.6122,0.8406
0.7,0.4828,0.5714,0.809
0.75,0.4545,0.566,0.753
0.75,0.625,0.6818,0.8525
0.9,0.5806,0.7059,0.91
0.65,0.4815,0.5532,0.783
0.85,0.6296,0.7234,0.9235
0.65,0.619,0.6341,0.8939
0.85,0.5667,0.68,0.8842
0.7143,0.6,0.6522,0.8562
0.7143,0.5172,0.6,0.8042
0.6,0.6667,0.6316,0.8785
0.85,0.5313,0.6538,0.879
0.7,0.5833,0.6364,0.864
0.75,0.4545,0.566,0.812
0.85,0.5667,0.68,0.8975
0.6,0.5217,0.5581,0.784
0.75,0.5172,0.6122,0.8327
0.65,0.5417,0.5909,0.8408
0.85,0.6071,0.7083,0.889
0.75,0.6,0.6667,0.913
0.75,0.6818,0.7143,0.884
0.85,0.5667,0.68,0.895
0.55,0.5,0.5238,0.785
0.75,0.5769,0.6522,0.837
0.7619,0.5517,0.64,0.8139
0.7143,0.625,0.6667,0.8639
0.55,0.4231,0.4783,0.6913
0.95,0.5758,0.717,0.9077
0.8571,0.5455,0.6667,0.8338
0.5714,0.48,0.5217,0.724
0.65,0.52,0.5778,0.815
0.75,0.5769,0.6522,0.8925
0.85,0.6071,0.7083,0.8665
0.8,0.5714,0.6667,0.837
0.85,0.5313,0.6538,0.842
0.7,0.56,0.6222,0.764
0.8,0.5517,0.6531,0.8949
0.75,0.5,0.6,0.848
0.65,0.4063,0.5,0.7485
0.85,0.6538,0.7391,0.9035
0.8,0.5926,0.6809,0.885
0.75,0.6,0.6667,0.887
0.7,0.5,0.5833,0.74
0.6,0.6,0.6,0.819
0.8095,0.85,0.8293,0.9125
0.9048,0.5938,0.717,0.8596
0.85,0.6296,0.7234,0.8969
0.9,0.5294,0.6667,0.8219
0.9048,0.6129,0.7308,0.8358
0.7619,0.5714,0.6531,0.8669
0.7,0.5833,0.6364,0.8135
0.8,0.6154,0.6957,0.879
0.8,0.64,0.7111,0.897
0.7,0.56,0.6222,0.844
0.85,0.5313,0.6538,0.847
0.5,0.4762,0.4878,0.7585
0.75,0.6,0.6667,0.8378
0.95,0.5758,0.717,0.9224
0.7143,0.6522,0.6818,0.829
0.7619,0.5517,0.64,0.8047
0.75,0.625,0.6818,0.853
0.8,0.5,0.6154,0.8085
0.75,0.6,0.6667,0.7985
0.85,0.4857,0.6182,0.894
0.7,0.5,0.5833,0.791
0.7,0.4828,0.5714,0.77
0.9,0.5625,0.6923,0.9306
0.65,0.5417,0.5909,0.8449
0.85,0.5667,0.68,0.859
0.65,0.4333,0.52,0.7365
0.8,0.64,0.7111,0.8845
0.7,0.5385,0.6087,0.843
0.95,0.6552,0.7755,0.947
0.75,0.5172,0.6122,0.813
0.8095,0.5484,0.6538,0.8571
0.8095,0.6071,0.6939,0.8746
0.7,0.7778,0.7368,0.8827
0.7,0.5385,0.6087,0.776
0.8,0.5161,0.6275,0.8075
0.85,0.6538,0.7391,0.918
0.8,0.4706,0.5926,0.784
0.75,0.6522,0.6977,0.887
0.55,0.3667,0.44,0.6825
0.7,0.5185,0.5957,0.8385
0.6667,0.6087,0.6364,0.845
0.9524,0.6897,0.8,0.9495
0.65,0.619,0.6341,0.8179
0.7,0.5,0.5833,0.8444
0.8095,0.5862,0.68,0.8455
0.9048,0.5758,0.7037,0.8873
0.95,0.6552,0.7755,0.944
0.7,0.5833,0.6364,0.8295
0.8,0.5,0.6154,0.85
0.8,0.6957,0.7442,0.909
0.75,0.6,0.6667,0.8555
0.45,0.3913,0.4186,0.693
0.75,0.5172,0.6122,0.8429
0.85,0.6071,0.7083,0.8704
0.75,0.6818,0.7143,0.8525
0.7,0.5,0.5833,0.729
0.85,0.5667,0.68,0.8365
0.9,0.6207,0.7347,0.897
0.7,0.56,0.6222,0.832
0.8,0.5517,0.6531,0.873
0.8095,0.5862,0.68,0.8941
0.8571,0.5806,0.6923,0.8639
0.7,0.5385,0.6087,0.8306
0.75,0.5556,0.6383,0.8383
0.75,0.4839,0.5882,0.8085
0.85,0.4595,0.5965,0.8145
0.75,0.5,0.6,0.834
0.65,0.4815,0.5532,0.765
0.8,0.5517,0.6531,0.8695
0.8,0.5926,0.6809,0.855
0.8095,0.6296,0.7083,0.8387
0.6667,0.5833,0.6222,0.8397
0.75,0.5357,0.625,0.827
0.8,0.5333,0.64,0.8316
0.7,0.6364,0.6667,0.8295
0.8,0.5926,0.6809,0.8475
0.85,0.5862,0.6939,0.856
0.8,0.5926,0.6809,0.8485
0.6,0.4615,0.5217,0.7065
0.65,0.4333,0.52,0.7695
0.7619,0.5333,0.6275,0.7896
0.8095,0.7083,0.7556,0.8999
0.8,0.6667,0.7273,0.8699
0.9,0.5806,0.7059,0.948
0.65,0.619,0.6341,0.8345
0.6,0.4615,0.5217,0.7615
0.75,0.5556,0.6383,0.826
0.8,0.5161,0.6275,0.849
0.85,0.4722,0.6071,0.813
0.8,0.5714,0.6667,0.867
0.7619,0.64,0.6957,0.8912
0.7143,0.4688,0.566,0.7901
0.85,0.6296,0.7234,0.9066
0.85,0.5667,0.68,0.8582
0.7143,0.5357,0.6122,0.7886
0.8095,0.6071,0.6939,0.8149
0.9,0.6429,0.75,0.933
0.75,0.5357,0.625,0.831
0.9,0.6923,0.7826,0.921
0.9,0.6,0.72,0.884
0.8,0.6667,0.7273,0.878
0.7,0.5,0.5833,0.7975
0.8,0.5161,0.6275,0.8367
0.5,0.4167,0.4545,0.7036
0.9,0.6667,0.766,0.9235
0.75,0.4286,0.5455,0.861
0.7,0.4667,0.56,0.7975
0.6,0.5,0.5455,0.771
0.85,0.5862,0.6939,0.834
0.85,0.5667,0.68,0.842
0.8095,0.6538,0.7234,0.8503
0.8095,0.6296,0.7083,0.862
0.85,0.6071,0.7083,0.9117
0.75,0.5769,0.6522,0.8316
0.7143,0.4839,0.5769,0.7872
0.8095,0.6538,0.7234,0.8776
0.75,0.5,0.6,0.7695
0.8,0.5714,0.6667,0.844
0.85,0.6296,0.7234,0.874
0.7,0.56,0.6222,0.821
0.85,0.5667,0.68,0.867
0.7,0.4828,0.5714,0.7835
0.8,0.5161,0.6275,0.8469
0.9,0.6,0.72,0.9276
0.65,0.5652,0.6047,0.823
0.8,0.5926,0.6809,0.876
0.8,0.5714,0.6667,0.847
0.75,0.5172,0.6122,0.834
0.9,0.6207,0.7347,0.9105
0.75,0.4286,0.5455,0.79
0.8095,0.6071,0.6939,0.8717
0.7619,0.5333,0.6275,0.8071
0.8,0.5517,0.6531,0.8571
0.8,0.5926,0.6809,0.9
0.75,0.5172,0.6122,0.8235
0.85,0.5667,0.68,0.875
0.85,0.5667,0.68,0.886
0.8,0.6154,0.6957,0.853
0.85,0.6538,0.7391,0.8795
0.65,0.5909,0.619,0.829
0.8095,0.5313,0.6415,0.8168
0.8095,0.5862,0.68,0.8678
0.65,0.52,0.5778,0.8209
0.75,0.5,0.6,0.8296
0.8,0.5333,0.64,0.824
0.6,0.8,0.6857,0.829
0.6,0.48,0.5333,0.776
0.65,0.5417,0.5909,0.824
0.9,0.6207,0.7347,0.8865
1.0,0.5556,0.7143,0.9115
0.7619,0.5333,0.6275,0.8251
0.8571,0.5625,0.6792,0.8698
0.75,0.4839,0.5882,0.7709
0.65,0.5909,0.619,0.8148
0.65,0.4815,0.5532,0.778
0.65,0.52,0.5778,0.82
0.95,0.5938,0.7308,0.92
0.9,0.6,0.72,0.89
0.7,0.4516,0.549,0.7875
0.75,0.6522,0.6977,0.896
0.5238,0.4583,0.4889,0.759
0.7143,0.5357,0.6122,0.8188
0.75,0.6522,0.6977,0.8551
0.65,0.52,0.5778,0.8031
0.65,0.65,0.65,0.83
0.8,0.5926,0.6809,0.859
0.75,0.75,0.75,0.8435
0.8,0.5926,0.6809,0.893
0.9,0.5,0.6429,0.8025
0.85,0.6071,0.7083,0.8795
0.8095,0.68,0.7391,0.9135
0.8571,0.5455,0.6667,0.8392
0.7,0.5385,0.6087,0.8316
0.7,0.4118,0.5185,0.7929
0.8571,0.5,0.6316,0.829
0.7619,0.5,0.6038,0.8081
0.6,0.5217,0.5581,0.8015
0.85,0.6071,0.7083,0.901
0.85,0.4595,0.5965,0.824
0.8,0.7273,0.7619,0.915
0.65,0.5652,0.6047,0.844
0.7,0.6087,0.6512,0.867
0.7,0.5185,0.5957,0.7837
0.8,0.64,0.7111,0.848
0.75,0.6,0.6667,0.8135
0.6,0.5,0.5455,0.8125
0.8,0.5714,0.6667,0.902
0.65,0.4643,0.5417,0.7955
0.7,0.5833,0.6364,0.843
0.75,0.5172,0.6122,0.872
0.7619,0.5926,0.6667,0.8246
0.9048,0.6786,0.7755,0.9086
0.9,0.6,0.72,0.8995
0.75,0.4286,0.5455,0.7883
0.8571,0.5143,0.6429,0.8392
0.7619,0.5333,0.6275,0.8338
0.7,0.5833,0.6364,0.868
0.7,0.5185,0.5957,0.837
0.9,0.5806,0.7059,0.916
0.8,0.5926,0.6809,0.845
0.65,0.5909,0.619,0.79
0.8,0.5517,0.6531,0.86
0.85,0.6538,0.7391,0.8837
0.9,0.5625,0.6923,0.8898
0.7143,0.5357,0.6122,0.8251
0.7143,0.5172,0.6,0.8372
0.75,0.5556,0.6383,0.853
0.85,0.5862,0.6939,0.872
0.85,0.68,0.7556,0.9305
0.8,0.64,0.7111,0.8975
0.7,0.4242,0.5283,0.737
0.7,0.4667,0.56,0.7825
0.75,0.5556,0.6383,0.8495
0.7,0.5833,0.6364,0.8306
0.55,0.44,0.4889,0.7375
0.95,0.6129,0.7451,0.95
0.75,0.5357,0.625,0.7945
0.8,0.5517,0.6531,0.846
0.7,0.56,0.6222,0.818
0.85,0.7391,0.7907,0.908
0.8095,0.6071,0.6939,0.897
0.8095,0.68,0.7391,0.881
0.65,0.52,0.5778,0.7995
0.9,0.5294,0.6667,0.8582
0.6667,0.6087,0.6364,0.7998
0.8095,0.5667,0.6667,0.8154
0.9,0.5294,0.6667,0.833
0.7,0.7,0.7,0.8315
0.7,0.5185,0.5957,0.79
0.85,0.6071,0.7083,0.903
0.7,0.4667,0.56,0.791
0.85,0.7391,0.7907,0.928
0.6,0.5,0.5455,0.8143
0.75,0.6,0.6667,0.8663
0.8,0.5926,0.6809,0.846
0.9,0.4737,0.6207,0.883
0.8,0.5714,0.6667,0.844
0.8,0.6154,0.6957,0.86
0.7,0.5833,0.6364,0.879
0.85,0.5667,0.68,0.879
0.619,0.5417,0.5778,0.775
0.7143,0.6818,0.6977,0.844
0.85,0.5152,0.6415,0.8684
0.7,0.5385,0.6087,0.8633
0.8571,0.6923,0.766,0.8921
0.7143,0.625,0.6667,0.8367
0.85,0.6538,0.7391,0.9125
0.8,0.5,0.6154,0.8475
0.55,0.5,0.5238,0.822
0.8,0.5714,0.6667,0.8155
0.85,0.5667,0.68,0.861
0.65,0.4815,0.5532,0.792
1.0,0.5714,0.7273,0.9163
0.7,0.56,0.6222,0.8357
0.8571,0.6667,0.75,0.9252
0.7619,0.4848,0.5926,0.8144
0.8,0.5926,0.6809,0.8335
0.65,0.5909,0.619,0.772
0.75,0.4688,0.5769,0.796
0.9,0.5625,0.6923,0.8855
0.8,0.4706,0.5926,0.81
0.8,0.6667,0.7273,0.914
0.85,0.4722,0.6071,0.7867
0.7,0.6087,0.6512,0.8898
0.75,0.5357,0.625,0.7985
1.0,0.5714,0.7273,0.904
0.8,0.64,0.7111,0.8915
0.65,0.5909,0.619,0.771
0.7,0.5185,0.5957,0.8565
0.8,0.6957,0.7442,0.851
0.619,0.4815,0.5417,0.759
0.8571,0.5294,0.6545,0.8941
0.9,0.6429,0.75,0.8939
0.6,0.48,0.5333,0.7724
0.7,0.5,0.5833,0.841
0.8,0.5926,0.6809,0.857
0.4,0.5,0.4444,0.7735
0.8,0.5517,0.6531,0.8255
0.8,0.5926,0.6809,0.866
0.65,0.5417,0.5909,0.8085
0.8571,0.5294,0.6545,0.8299
0.8095,0.5152,0.6296,0.8226
0.95,0.6333,0.76,0.9408
0.65,0.4815,0.5532,0.7551
0.8571,0.6923,0.766,0.8795
0.7143,0.625,0.6667,0.8562
0.8,0.4848,0.6038,0.8455
0.85,0.5313,0.6538,0.894
0.6,0.4444,0.5106,0.7365
0.6,0.5,0.5455,0.7545
1.0,0.7143,0.8333,0.964
0.85,0.5152,0.6415,0.859
0.75,0.6522,0.6977,0.8485
0.75,0.5,0.6,0.7898
0.85,0.5313,0.6538,0.849
0.7,0.5,0.5833,0.8105
0.6,0.5455,0.5714,0.77
0.85,0.6071,0.7083,0.916
0.85,0.5152,0.6415,0.886
0.75,0.5,0.6,0.746
0.8571,0.5806,0.6923,0.8372
0.9048,0.7037,0.7917,0.9339
0.7,0.5385,0.6087,0.7806
0.75,0.7143,0.7317,0.9224
0.95,0.6333,0.76,0.91
0.7,0.4828,0.5714,0.79
0.9,0.5806,0.7059,0.896
0.8,0.64,0.7111,0.87
0.75,0.625,0.6818,0.872
0.8,0.6957,0.7442,0.899
0.7143,0.5556,0.625,0.8236
0.7143,0.5,0.5882,0.8105
0.65,0.5652,0.6047,0.8148
0.75,0.5,0.6,0.8311
0.85,0.5484,0.6667,0.873
0.7,0.4375,0.5385,0.767
0.65,0.619,0.6341,0.881
0.8,0.5714,0.6667,0.832
0.8,0.6667,0.7273,0.8855
0.75,0.5,0.6,0.8155
0.8095,0.7391,0.7727,0.8431
0.7619,0.5,0.6038,0.8124
0.9,0.6,0.72,0.9092
0.8,0.5333,0.64,0.8755
0.8,0.4848,0.6038,0.801
0.8,0.6154,0.6957,0.871
0.8,0.5333,0.64,0.887
0.9,0.6207,0.7347,0.921
0.7,0.56,0.6222,0.8325
0.65,0.5652,0.6047,0.813
0.7619,0.5517,0.64,0.8382
0.8571,0.6207,0.72,0.8601
0.8,0.5333,0.64,0.8413
0.75,0.6522,0.6977,0.849
0.8095,0.4857,0.6071,0.7575
0.7619,0.5926,0.6667,0.8635
0.7,0.4828,0.5714,0.8205
0.9,0.5806,0.7059,0.909
0.65,0.4643,0.5417,0.7705
0.85,0.5484,0.6667,0.833
0.65,0.619,0.6341,0.8405
0.8,0.6667,0.7273,0.92
0.7,0.56,0.6222,0.8163
0.95,0.5588,0.7037,0.9408
0.8095,0.7083,0.7556,0.9111
0.7619,0.5161,0.6154,0.8319
0.75,0.6818,0.7143,0.887
0.75,0.4545,0.566,0.7395
0.7,0.4516,0.549,0.727
0.9,0.5625,0.6923,0.87
0.65,0.5417,0.5909,0.817
0.95,0.6786,0.7917,0.932
0.65,0.52,0.5778,0.7929
0.75,0.6522,0.6977,0.8633
0.6,0.5,0.5455,0.7895
0.7,0.6364,0.6667,0.872
0.7,0.6087,0.6512,0.8005
0.65,0.5652,0.6047,0.844
0.8,0.6154,0.6957,0.898
0.9,0.5625,0.6923,0.874
0.6667,0.5833,0.6222,0.8455
0.8095,0.5152,0.6296,0.8416
0.75,0.625,0.6818,0.8505
0.8,0.5517,0.6531,0.8959
0.7619,0.5926,0.6667,0.8824
0.6667,0.7368,0.7,0.8212
0.85,0.5667,0.68,0.8275
0.8,0.64,0.7111,0.917
0.85,0.6296,0.7234,0.9085
0.75,0.4412,0.5556,0.8035
0.8,0.5333,0.64,0.8285
0.65,0.5,0.5652,0.8245
0.75,0.5357,0.625,0.8612
0.85,0.5862,0.6939,0.8531
0.7,0.7368,0.7179,0.8615
0.75,0.4839,0.5882,0.839
0.9,0.6667,0.766,0.966
0.5,0.4,0.4444,0.7075
0.75,0.4688,0.5769,0.81
0.8,0.6957,0.7442,0.903
0.8095,0.5667,0.6667,0.8489
0.7143,0.6522,0.6818,0.8766
0.75,0.5172,0.6122,0.8158
0.5,0.4167,0.4545,0.727
0.8095,0.4722,0.5965,0.845
0.7619,0.6667,0.7111,0.8542
0.95,0.6552,0.7755,0.915
0.65,0.4815,0.5532,0.788
0.65,0.5417,0.5909,0.808
0.8,0.5517,0.6531,0.866
0.9,0.5294,0.6667,0.912
0.75,0.7143,0.7317,0.858
0.65,0.5,0.5652,0.7311
0.75,0.625,0.6818,0.8622
0.85,0.5313,0.6538,0.894
0.7,0.5,0.5833,0.772
0.7,0.6364,0.6667,0.849
0.7,0.6087,0.6512,0.866
0.7,0.56,0.6222,0.822
0.75,0.5172,0.6122,0.803
0.8095,0.6296,0.7083,0.8591
0.8095,0.5862,0.68,0.7964
0.8,0.5161,0.6275,0.8806
0.85,0.5484,0.6667,0.8847
0.85,0.6071,0.7083,0.873
0.8,0.5517,0.6531,0.827
0.55,0.4583,0.5,0.7995
0.85,0.6071,0.7083,0.88
0.65,0.5,0.5652,0.761
0.65,0.4483,0.5306,0.7845
0.7143,0.6818,0.6977,0.9014
0.9048,0.6333,0.7451,0.9077
0.8,0.5,0.6154,0.8439
0.8,0.6957,0.7442,0.9337
0.8,0.5161,0.6275,0.843
0.75,0.6,0.6667,0.8105
0.9,0.5455,0.6792,0.8905
0.85,0.5862,0.6939,0.911
0.85,0.4857,0.6182,0.789
0.75,0.6522,0.6977,0.8675
0.6667,0.56,0.6087,0.8134
0.7143,0.7143,0.7143,0.863
0.85,0.5313,0.6538,0.8827
0.75,0.625,0.6818,0.877
