RUSBag
0.8421,0.3721,0.5161,0.8845
0.7368,0.4,0.5185,0.8742
0.8333,0.4839,0.6122,0.9513
0.7778,0.3684,0.5,0.8656
1.0,0.4737,0.6429,0.9545
0.6111,0.2973,0.4,0.8339
0.8333,0.4286,0.566,0.9349
0.8947,0.4474,0.5965,0.934
0.8421,0.4848,0.6154,0.9332
0.9474,0.5294,0.6792,0.9302
0.7368,0.4828,0.5833,0.9216
0.7895,0.4545,0.5769,0.9138
0.7895,0.3571,0.4918,0.8629
0.8947,0.5,0.6415,0.9195
0.8947,0.4359,0.5862,0.8925
0.7778,0.4,0.5283,0.8989
0.8333,0.3846,0.5263,0.8929
0.8889,0.4211,0.5714,0.9159
0.9444,0.4359,0.5965,0.9434
0.9444,0.4146,0.5763,0.9
0.7895,0.3947,0.5263,0.8812
0.9474,0.4865,0.6429,0.9564
0.8421,0.4444,0.5818,0.9165
0.7368,0.4,0.5185,0.8801
0.8947,0.425,0.5763,0.8836
0.7222,0.4063,0.52,0.9024
0.9444,0.3469,0.5075,0.8799
0.7222,0.4815,0.5778,0.9341
0.8889,0.3556,0.5079,0.931
0.8889,0.4848,0.6275,0.9243
0.9474,0.4865,0.6429,0.913
0.9474,0.4737,0.6316,0.9444
0.8333,0.4688,0.6,0.9259
0.8889,0.4,0.5517,0.9241
0.9444,0.3778,0.5397,0.914
0.8333,0.3947,0.5357,0.8905
0.8333,0.375,0.5172,0.9005
0.9474,0.439,0.6,0.9251
0.8421,0.4324,0.5714,0.9145
0.7368,0.4118,0.5283,0.8889
0.6842,0.3333,0.4483,0.8496
0.8947,0.4857,0.6296,0.9268
0.7778,0.4516,0.5714,0.9061
0.7778,0.3333,0.4667,0.8804
0.9444,0.3778,0.5397,0.9032
0.8889,0.4848,0.6275,0.9365
0.7778,0.3784,0.5091,0.9135
0.7895,0.4054,0.5357,0.8823
0.8947,0.4857,0.6296,0.8988
0.9474,0.5143,0.6667,0.9342
0.9474,0.3913,0.5538,0.9248
0.8947,0.3542,0.5075,0.8912
0.7895,0.4286,0.5556,0.9076
0.8421,0.4,0.5424,0.8823
0.6316,0.4,0.4898,0.8618
0.7778,0.3889,0.5185,0.8915
0.7778,0.4667,0.5833,0.8937
0.9444,0.4722,0.6296,0.9196
0.8889,0.5161,0.6531,0.9471
0.8333,0.4167,0.5556,0.9169
0.9474,0.5455,0.6923,0.9629
0.8947,0.4146,0.5667,0.886
0.8333,0.375,0.5172,0.8839
0.7222,0.3514,0.4727,0.8899
0.9444,0.4359,0.5965,0.9116
0.9444,0.4359,0.5965,0.9206
0.8333,0.4545,0.5882,0.9159
0.7895,0.5769,0.6667,0.9327
0.8947,0.4857,0.6296,0.9023
0.8421,0.4571,0.5926,0.8983
0.7895,0.4167,0.5455,0.893
0.7895,0.4167,0.5455,0.8862
0.8333,0.3571,0.5,0.8841
0.8889,0.381,0.5333,0.9069
0.7778,0.3784,0.5091,0.8926
0.7778,0.359,0.4912,0.8841
1.0,0.4286,0.6,0.9233
1.0,0.475,0.6441,0.9529
0.8421,0.5161,0.64,0.9403
0.8947,0.4048,0.5574,0.8646
0.8947,0.3696,0.5231,0.8942
0.7895,0.4054,0.5357,0.8704
0.8889,0.4,0.5517,0.9032
0.8333,0.4688,0.6,0.9415
0.8333,0.4054,0.5455,0.9011
0.8333,0.4688,0.6,0.9386
0.9444,0.4722,0.6296,0.931
0.8421,0.4444,0.5818,0.917
0.6842,0.3611,0.4727,0.8545
0.8421,0.4571,0.5926,0.9178
0.8947,0.4146,0.5667,0.9283
0.8421,0.4706,0.6038,0.914
0.7222,0.4063,0.52,0.8595
0.8889,0.3902,0.5424,0.9037
0.7778,0.5385,0.6364,0.918
0.7778,0.3889,0.5185,0.9
0.7778,0.4118,0.5385,0.9132
0.8947,0.3953,0.5484,0.9132
0.7895,0.4167,0.5455,0.8927
1.0,0.4419,0.6129,0.9666
0.7895,0.5,0.6122,0.9223
1.0,0.3519,0.5205,0.9018
0.7222,0.3514,0.4727,0.8606
0.8333,0.3947,0.5357,0.9188
0.8333,0.5,0.625,0.9336
0.7778,0.4828,0.5957,0.9101
0.8889,0.4211,0.5714,0.8974
0.8947,0.4048,0.5574,0.9021
0.9474,0.4737,0.6316,0.9618
0.7368,0.35,0.4746,0.9018
0.8421,0.381,0.5246,0.8717
0.7895,0.4167,0.5455,0.8764
0.7778,0.4242,0.549,0.9185
0.8889,0.5,0.64,0.9407
0.8889,0.4848,0.6275,0.9307
0.8889,0.3333,0.4848,0.8886
0.8333,0.3947,0.5357,0.8878
0.8421,0.4103,0.5517,0.8892
0.9474,0.4865,0.6429,0.9459
0.9474,0.4286,0.5902,0.9286
0.8947,0.4595,0.6071,0.9068
0.9474,0.4286,0.5902,0.9313
0.9444,0.4359,0.5965,0.9344
0.7778,0.4667,0.5833,0.9082
0.8333,0.4688,0.6,0.9103
0.7222,0.3611,0.4815,0.8717
0.7778,0.3784,0.5091,0.8648
0.8421,0.3556,0.5,0.8783
0.9474,0.4186,0.5806,0.9314
0.8421,0.4706,0.6038,0.9286
0.8947,0.4048,0.5574,0.8945
0.7368,0.3889,0.5091,0.8551
0.7222,0.3333,0.4561,0.8841
0.8333,0.4839,0.6122,0.9238
0.8889,0.5,0.64,0.9534
1.0,0.5143,0.6792,0.9487
0.8333,0.3191,0.4615,0.8675
0.8947,0.425,0.5763,0.8877
0.9474,0.4737,0.6316,0.9674
0.7368,0.3333,0.459,0.8768
0.7368,0.3684,0.4912,0.8852
1.0,0.4419,0.6129,0.9481
0.9444,0.4048,0.5667,0.9418
0.9444,0.3953,0.5574,0.9304
0.8889,0.3636,0.5161,0.904
0.7778,0.4242,0.549,0.8878
0.8889,0.4706,0.6154,0.9529
0.8421,0.4324,0.5714,0.9006
0.7368,0.3333,0.459,0.8424
0.7895,0.4167,0.5455,0.8669
0.6842,0.4483,0.5417,0.8732
0.7895,0.3846,0.5172,0.8872
0.9444,0.3542,0.5152,0.9339
0.9444,0.5862,0.7234,0.9659
0.9444,0.3953,0.5574,0.9376
0.8333,0.4412,0.5769,0.8984
0.8333,0.3659,0.5085,0.882
0.7895,0.3846,0.5172,0.8882
0.8947,0.5,0.6415,0.9238
0.8421,0.4211,0.5614,0.9124
0.8421,0.3636,0.5079,0.8915
0.7895,0.4054,0.5357,0.9028
0.8889,0.3636,0.5161,0.931
0.6667,0.4444,0.5333,0.8783
0.8889,0.4211,0.5714,0.9349
0.8889,0.4211,0.5714,0.8971
0.8333,0.3846,0.5263,0.9071
0.8947,0.425,0.5763,0.9155
0.8947,0.4048,0.5574,0.8672
0.9474,0.4737,0.6316,0.9319
0.7895,0.4167,0.5455,0.8704
0.7368,0.3784,0.5,0.9003
0.8333,0.4286,0.566,0.9101
0.7778,0.4242,0.549,0.9087
0.7222,0.3514,0.4727,0.8439
0.8889,0.3721,0.5246,0.9101
0.8333,0.5357,0.6522,0.9444
0.8421,0.3902,0.5333,0.9312
1.0,0.475,0.6441,0.9312
0.8947,0.425,0.5763,0.941
0.8947,0.3469,0.5,0.8712
0.7368,0.3889,0.5091,0.8767
0.8889,0.4324,0.5818,0.9063
0.8889,0.4103,0.5614,0.9087
0.6667,0.3636,0.4706,0.8643
0.8333,0.4167,0.5556,0.8931
0.8333,0.375,0.5172,0.8667
0.8421,0.4211,0.5614,0.879
0.9474,0.6,0.7347,0.955
1.0,0.475,0.6441,0.9519
0.8421,0.4103,0.5517,0.903
0.9474,0.3913,0.5538,0.8982
0.8889,0.381,0.5333,0.9116
0.8889,0.4,0.5517,0.9024
0.8333,0.4167,0.5556,0.9238
0.8333,0.4688,0.6,0.9111
0.8333,0.3659,0.5085,0.8958
0.7895,0.4545,0.5769,0.8887
0.8421,0.4211,0.5614,0.9109
0.4737,0.3103,0.375,0.8403
0.8947,0.4857,0.6296,0.9303
0.8421,0.4211,0.5614,0.919
0.9444,0.3617,0.5231,0.9175
0.7778,0.3684,0.5,0.8714
0.8889,0.4,0.5517,0.9201
0.7778,0.4242,0.549,0.8892
0.6667,0.3333,0.4444,0.8492
0.7895,0.4412,0.566,0.9041
0.7895,0.4412,0.566,0.9211
0.9474,0.4737,0.6316,0.9514
0.7895,0.4167,0.5455,0.8912
0.9474,0.4286,0.5902,0.9348
0.8333,0.5357,0.6522,0.9328
0.8333,0.3333,0.4762,0.9042
0.9444,0.3617,0.5231,0.9354
0.8889,0.5,0.64,0.9148
0.8333,0.4545,0.5882,0.8981
0.8947,0.4595,0.6071,0.9322
0.7368,0.4118,0.5283,0.8699
0.8947,0.4048,0.5574,0.9355
0.9474,0.4091,0.5714,0.8617
0.8421,0.4848,0.6154,0.9168
0.7222,0.325,0.4483,0.864
0.8333,0.4167,0.5556,0.9063
0.8889,0.4211,0.5714,0.9045
0.8889,0.4103,0.5614,0.9069
0.8333,0.3571,0.5,0.8862
0.7368,0.4828,0.5833,0.9099
0.9474,0.45,0.6102,0.9474
0.8421,0.3636,0.5079,0.9038
0.7368,0.4375,0.549,0.9045
0.7368,0.4667,0.5714,0.9088
0.7895,0.4688,0.5882,0.9152
0.8421,0.3636,0.5079,0.8765
0.7895,0.3409,0.4762,0.8846
0.8889,0.381,0.5333,0.8709
0.7778,0.4,0.5283,0.8934
0.6667,0.5217,0.5854,0.9243
0.8889,0.4103,0.5614,0.8876
0.8889,0.4324,0.5818,0.9201
0.8421,0.4211,0.5614,0.918
0.8421,0.4706,0.6038,0.9288
0.8889,0.4444,0.5926,0.9413
0.8889,0.4103,0.5614,0.909
0.7778,0.3415,0.4746,0.8688
0.7778,0.3889,0.5185,0.8585
0.9444,0.4048,0.5667,0.9323
0.8421,0.3636,0.5079,0.873
0.8947,0.3864,0.5397,0.9119
0.8421,0.4324,0.5714,0.9006
0.7368,0.3889,0.5091,0.8802
0.9474,0.439,0.6,0.9138
0.8333,0.4167,0.5556,0.891
0.7778,0.3684,0.5,0.8492
1.0,0.4286,0.6,0.9582
0.8889,0.4848,0.6275,0.9439
0.9444,0.4146,0.5763,0.9024
0.8947,0.4146,0.5667,0.8846
0.8421,0.4444,0.5818,0.9246
0.8947,0.4048,0.5574,0.9084
0.7895,0.3488,0.4839,0.8637
0.9474,0.5,0.6545,0.9336
0.8333,0.4054,0.5455,0.8868
0.8333,0.3571,0.5,0.9302
0.8333,0.3333,0.4762,0.8746
0.9444,0.4146,0.5763,0.9354
0.9444,0.4595,0.6182,0.9317
0.8421,0.3333,0.4776,0.8426
0.8947,0.4722,0.6182,0.9165
0.8947,0.4595,0.6071,0.9385
0.8947,0.4474,0.5965,0.9263
0.8947,0.4595,0.6071,0.9373
0.9444,0.4048,0.5667,0.914
0.9444,0.4048,0.5667,0.9259
0.7778,0.35,0.4828,0.8791
0.8889,0.4444,0.5926,0.9288
0.8333,0.4545,0.5882,0.9093
0.7895,0.4545,0.5769,0.9076
0.7895,0.4286,0.5556,0.8877
0.6316,0.4,0.4898,0.852
0.8947,0.5,0.6415,0.9441
0.6842,0.3939,0.5,0.8704
0.8333,0.4167,0.5556,0.9444
0.9444,0.4857,0.6415,0.9503
0.9444,0.5484,0.6939,0.9593
0.6667,0.3429,0.4528,0.8725
0.8889,0.3636,0.5161,0.8921
0.8947,0.3269,0.4789,0.879
0.7895,0.3333,0.4688,0.8704
0.7368,0.359,0.4828,0.8543
0.8421,0.5,0.6275,0.9368
0.9474,0.4286,0.5902,0.9446
0.7778,0.35,0.4828,0.8894
0.8333,0.3947,0.5357,0.8981
0.8889,0.4103,0.5614,0.9143
0.8889,0.4706,0.6154,0.9148
0.8889,0.4,0.5517,0.9153
0.8421,0.4324,0.5714,0.8947
0.8947,0.5152,0.6538,0.9393
0.8947,0.425,0.5763,0.8813
0.9474,0.4,0.5625,0.9228
0.8421,0.4,0.5424,0.8925
0.9444,0.425,0.5862,0.9328
0.8333,0.4412,0.5769,0.9085
0.8889,0.4848,0.6275,0.9331
0.7222,0.3714,0.4906,0.8463
0.8333,0.5357,0.6522,0.9204
1.0,0.4524,0.623,0.9421
0.7895,0.3488,0.4839,0.876
0.8947,0.425,0.5763,0.9261
0.9474,0.383,0.5455,0.9018
0.8421,0.4848,0.6154,0.9316
0.8421,0.3333,0.4776,0.8907
0.8421,0.381,0.5246,0.897
0.8421,0.4211,0.5614,0.916
0.9444,0.425,0.5862,0.9312
0.9444,0.5667,0.7083,0.9452
0.8333,0.3659,0.5085,0.8886
0.7222,0.4194,0.5306,0.909
0.6667,0.3636,0.4706,0.8767
0.8421,0.4444,0.5818,0.9348
0.8947,0.4146,0.5667,0.9303
1.0,0.4186,0.5902,0.9481
0.6111,0.4783,0.5366,0.8915
0.8889,0.3478,0.5,0.9045
0.7222,0.4643,0.5652,0.8847
0.8889,0.3902,0.5424,0.8831
0.7895,0.4054,0.5357,0.8444
0.8421,0.4211,0.5614,0.9006
0.7368,0.4,0.5185,0.8846
0.8421,0.4706,0.6038,0.9228
0.7368,0.3111,0.4375,0.8672
0.7778,0.3684,0.5,0.9063
0.9444,0.425,0.5862,0.9466
0.7778,0.5185,0.6222,0.9349
0.9444,0.4722,0.6296,0.9455
0.6667,0.3077,0.4211,0.8331
0.8947,0.5484,0.68,0.9297
0.7368,0.359,0.4828,0.8775
0.8421,0.4,0.5424,0.9135
0.8947,0.425,0.5763,0.893
0.9474,0.3462,0.507,0.9175
0.7778,0.359,0.4912,0.8619
0.8333,0.3409,0.4839,0.8632
0.9444,0.4048,0.5667,0.9614
0.8333,0.4054,0.5455,0.8836
0.7222,0.3333,0.4561,0.8426
0.8421,0.4324,0.5714,0.9124
0.7368,0.4118,0.5283,0.8836
0.9474,0.45,0.6102,0.9534
0.9474,0.375,0.5373,0.9208
0.8421,0.4103,0.5517,0.9203
0.8889,0.4103,0.5614,0.8939
0.9444,0.425,0.5862,0.9429
0.7778,0.4242,0.549,0.9209
0.9444,0.4146,0.5763,0.8974
0.7222,0.3421,0.4643,0.8468
0.9474,0.5294,0.6792,0.9453
0.7895,0.4054,0.5357,0.8672
0.7895,0.4545,0.5769,0.9254
0.7895,0.4054,0.5357,0.9115
0.8421,0.4211,0.5614,0.8607
0.9444,0.4048,0.5667,0.9577
0.7222,0.3824,0.5,0.8672
0.7778,0.3784,0.5091,0.8815
0.9444,0.3864,0.5484,0.9167
0.7778,0.4516,0.5714,0.9167
0.9474,0.4286,0.5902,0.9016
0.8421,0.3902,0.5333,0.875
0.9474,0.439,0.6,0.9205
0.8947,0.425,0.5763,0.9015
0.8421,0.3721,0.5161,0.8885
0.8889,0.3902,0.5424,0.9193
0.7778,0.4375,0.56,0.8804
0.8889,0.5517,0.6809,0.9339
0.8889,0.4571,0.6038,0.9146
0.7222,0.3714,0.4906,0.881
0.8947,0.4595,0.6071,0.9317
0.8421,0.3902,0.5333,0.8841
0.8421,0.4103,0.5517,0.9094
0.8421,0.4103,0.5517,0.9326
0.7368,0.35,0.4746,0.8506
0.8889,0.4848,0.6275,0.9243
0.9444,0.3953,0.5574,0.9312
0.7222,0.3939,0.5098,0.8796
0.9444,0.4722,0.6296,0.9294
0.8333,0.4412,0.5769,0.8812
0.9474,0.4286,0.5902,0.9165
0.9474,0.36,0.5217,0.9332
0.8421,0.4848,0.6154,0.919
0.9474,0.4091,0.5714,0.9449
0.7895,0.4054,0.5357,0.9058
0.8889,0.4324,0.5818,0.9463
0.8333,0.375,0.5172,0.8323
0.8889,0.3721,0.5246,0.9164
0.8333,0.3947,0.5357,0.9019
0.8889,0.3556,0.5079,0.9212
0.8421,0.5,0.6275,0.9099
0.8421,0.4324,0.5714,0.8849
0.8947,0.4857,0.6296,0.9309
0.8421,0.4,0.5424,0.8897
0.8421,0.4706,0.6038,0.9383
0.8333,0.4167,0.5556,0.9212
0.8333,0.3947,0.5357,0.8894
0.5556,0.2941,0.3846,0.8426
0.9444,0.5,0.6538,0.9516
0.7778,0.3684,0.5,0.8989
0.7368,0.4118,0.5283,0.899
0.6842,0.4194,0.52,0.8912
0.8947,0.3864,0.5397,0.9008
0.9474,0.4286,0.5902,0.919
0.9474,0.5455,0.6923,0.9466
0.8889,0.4,0.5517,0.9101
0.9444,0.5152,0.6667,0.9476
0.6667,0.2927,0.4068,0.8577
0.8333,0.4412,0.5769,0.9399
0.7778,0.4118,0.5385,0.9153
0.8947,0.4474,0.5965,0.9175
0.7895,0.4054,0.5357,0.9271
0.6842,0.3939,0.5,0.8788
0.9474,0.383,0.5455,0.896
0.8421,0.5161,0.64,0.9258
0.7222,0.3514,0.4727,0.8418
0.9444,0.4857,0.6415,0.946
0.8333,0.3125,0.4545,0.8706
0.7222,0.3333,0.4561,0.8862
0.7778,0.4,0.5283,0.8659
0.9474,0.5,0.6545,0.9481
0.9474,0.5,0.6545,0.9271
0.8421,0.3404,0.4848,0.8912
0.8947,0.4474,0.5965,0.9281
0.8421,0.5,0.6275,0.9499
0.8947,0.3696,0.5231,0.918
0.8421,0.4,0.5424,0.8735
0.8947,0.4595,0.6071,0.9142
1.0,0.4,0.5714,0.9124
0.7778,0.4242,0.549,0.8984
0.8333,0.4054,0.5455,0.8974
0.7778,0.3889,0.5185,0.8796
0.8889,0.4103,0.5614,0.9214
0.9474,0.383,0.5455,0.9221
0.9474,0.383,0.5455,0.9193
0.7222,0.4063,0.52,0.8958
0.8889,0.5161,0.6531,0.9624
1.0,0.4,0.5714,0.9228
0.8889,0.3333,0.4848,0.872
0.7778,0.4516,0.5714,0.8947
0.9474,0.375,0.5373,0.9246
0.8421,0.5517,0.6667,0.9347
0.7895,0.4286,0.5556,0.8879
0.7895,0.3659,0.5,0.8551
0.8421,0.4,0.5424,0.916
1.0,0.4615,0.6316,0.9439
0.8333,0.4054,0.5455,0.9307
0.8333,0.4286,0.566,0.9037
0.8333,0.4054,0.5455,0.8836
0.8333,0.3947,0.5357,0.9249
0.8947,0.4595,0.6071,0.9203
0.8947,0.425,0.5763,0.9251
0.9474,0.4091,0.5714,0.9243
0.9474,0.4737,0.6316,0.9404
0.8947,0.4595,0.6071,0.9125
0.7778,0.35,0.4828,0.8712
0.8889,0.5333,0.6667,0.9381
0.8889,0.381,0.5333,0.9085
0.6111,0.2973,0.4,0.8505
0.7778,0.4118,0.5385,0.8804
1.0,0.4419,0.6129,0.9388
1.0,0.3725,0.5429,0.9496
0.9474,0.4186,0.5806,0.9044
0.8947,0.3864,0.5397,0.9
0.8421,0.4211,0.5614,0.8945
0.8889,0.4444,0.5926,0.9116
0.7778,0.4375,0.56,0.8968
0.8889,0.4211,0.5714,0.928
0.8333,0.3488,0.4918,0.9016
0.8333,0.4839,0.6122,0.8968
0.6842,0.4483,0.5417,0.8882
0.7895,0.5357,0.6383,0.9519
0.8947,0.425,0.5763,0.9302
0.8947,0.4146,0.5667,0.897
0.8947,0.425,0.5763,0.9414
0.9444,0.4048,0.5667,0.9196
0.8889,0.4103,0.5614,0.9124
0.8333,0.3846,0.5263,0.9238
0.7222,0.4483,0.5532,0.8989
0.8889,0.4848,0.6275,0.9537
0.8947,0.4595,0.6071,0.9269
0.9474,0.439,0.6,0.8917
0.7895,0.4286,0.5556,0.8828
0.8947,0.4474,0.5965,0.9248
0.8421,0.4706,0.6038,0.892
0.7895,0.375,0.5085,0.8793
0.7895,0.4688,0.5882,0.9185
0.9474,0.36,0.5217,0.8932
0.8889,0.5714,0.6957,0.9429
0.7778,0.3684,0.5,0.8997
0.8889,0.4211,0.5714,0.9257
0.6667,0.4444,0.5333,0.8743
0.7778,0.3889,0.5185,0.8862
0.7895,0.4688,0.5882,0.9178
0.8947,0.3953,0.5484,0.884
0.8947,0.3542,0.5075,0.9155
0.7368,0.3784,0.5,0.8793
0.9474,0.5806,0.72,0.9661
0.7778,0.3415,0.4746,0.8876
0.8889,0.4571,0.6038,0.9026
0.8333,0.3571,0.5,0.8701
0.8889,0.4324,0.5818,0.9029
0.9444,0.3778,0.5397,0.9418
0.8421,0.4211,0.5614,0.9088
1.0,0.5,0.6667,0.9602
0.8889,0.4324,0.5818,0.9418
0.6667,0.3333,0.4444,0.8479
0.8889,0.381,0.5333,0.8947
0.8333,0.4412,0.5769,0.9106
0.8889,0.3556,0.5079,0.8844
0.7368,0.4,0.5185,0.8765
0.6842,0.3333,0.4483,0.8441
0.8947,0.4359,0.5862,0.9226
0.7368,0.4516,0.56,0.8534
0.9474,0.4737,0.6316,0.915
0.8333,0.3571,0.5,0.8984
0.8889,0.3404,0.4923,0.8905
0.9444,0.4146,0.5763,0.9349
0.7778,0.4,0.5283,0.864
0.8333,0.3947,0.5357,0.9079
0.8421,0.4,0.5424,0.9102
0.9474,0.3913,0.5538,0.9631
0.7368,0.5185,0.6087,0.9119
0.8421,0.4324,0.5714,0.9318
1.0,0.38,0.5507,0.9233
0.7895,0.3947,0.5263,0.9124
0.7368,0.3784,0.5,0.8363
1.0,0.4524,0.623,0.9256
0.8889,0.4324,0.5818,0.9164
0.7222,0.4063,0.52,0.8995
0.7778,0.35,0.4828,0.8616
0.8333,0.375,0.5172,0.9159
0.7222,0.5417,0.619,0.9228
0.8947,0.4359,0.5862,0.9115
0.8947,0.4474,0.5965,0.9484
0.8333,0.4545,0.5882,0.9423
0.8889,0.4848,0.6275,0.9323
0.7222,0.4063,0.52,0.8876
0.9444,0.4359,0.5965,0.9402
0.8889,0.3721,0.5246,0.8884
0.7368,0.3256,0.4516,0.8363
0.8421,0.4103,0.5517,0.8897
0.7895,0.4286,0.5556,0.8598
0.8421,0.381,0.5246,0.901
0.7895,0.3488,0.4839,0.8852
0.9444,0.4359,0.5965,0.9529
0.8889,0.4571,0.6038,0.9228
0.7778,0.3684,0.5,0.8852
0.7778,0.4118,0.5385,0.8865
0.7778,0.4118,0.5385,0.9323
0.7895,0.3571,0.4918,0.8436
0.7368,0.4516,0.56,0.8882
1.0,0.4524,0.623,0.9304
1.0,0.4634,0.6333,0.9579
0.8947,0.4857,0.6296,0.9173
0.7778,0.359,0.4912,0.8683
0.8889,0.4103,0.5614,0.9413
0.8889,0.3902,0.5424,0.9212
0.9444,0.4474,0.6071,0.9265
0.8889,0.4444,0.5926,0.914
0.8421,0.4,0.5424,0.8778
0.8421,0.4211,0.5614,0.8785
0.8421,0.3721,0.5161,0.8755
0.8947,0.4722,0.6182,0.9449
0.7368,0.4828,0.5833,0.9331
0.7368,0.3684,0.4912,0.8512
0.8947,0.4595,0.6071,0.9332
0.7368,0.4118,0.5283,0.9049
0.8889,0.3478,0.5,0.8476
0.8333,0.4412,0.5769,0.9106
0.8889,0.4324,0.5818,0.9206
0.8333,0.4286,0.566,0.9074
0.8333,0.4286,0.566,0.9026
0.8421,0.4,0.5424,0.8952
0.7368,0.4242,0.5385,0.8524
0.9474,0.4737,0.6316,0.9329
0.9474,0.5143,0.6667,0.958
0.7895,0.3659,0.5,0.8477
1.0,0.4186,0.5902,0.9466
0.8333,0.4839,0.6122,0.9487
0.9444,0.3864,0.5484,0.9016
0.8889,0.3902,0.5424,0.8836
0.7778,0.3889,0.5185,0.9095
0.8947,0.4722,0.6182,0.9048
0.7368,0.4242,0.5385,0.9078
0.9444,0.3953,0.5574,0.9249
0.8889,0.4706,0.6154,0.9397
1.0,0.439,0.6102,0.9524
0.6667,0.3429,0.4528,0.8452
0.8889,0.4103,0.5614,0.9249
0.8421,0.3478,0.4923,0.9006
0.7895,0.4167,0.5455,0.8773
0.9474,0.45,0.6102,0.9074
0.8421,0.381,0.5246,0.9193
0.8421,0.4211,0.5614,0.9118
0.8889,0.381,0.5333,0.913
0.8889,0.5,0.64,0.9431
0.8333,0.4839,0.6122,0.9288
0.9444,0.4359,0.5965,0.9095
0.8333,0.4167,0.5556,0.905
0.6842,0.4063,0.5098,0.8543
1.0,0.3585,0.5278,0.8732
0.7895,0.5357,0.6383,0.9147
0.9474,0.4615,0.6207,0.9083
0.8421,0.4444,0.5818,0.8985
0.9444,0.3469,0.5075,0.9066
0.8889,0.4848,0.6275,0.9238
0.8333,0.375,0.5172,0.9146
0.8889,0.4848,0.6275,0.9619
0.8889,0.3636,0.5161,0.8802
0.9474,0.4865,0.6429,0.9545
0.7368,0.4667,0.5714,0.9097
0.7368,0.4,0.5185,0.8745
0.7368,0.4375,0.549,0.9005
0.7368,0.35,0.4746,0.8461
0.8889,0.4,0.5517,0.9402
0.8333,0.375,0.5172,0.8995
0.8889,0.4,0.5517,0.9302
0.9444,0.3953,0.5574,0.9032
1.0,0.439,0.6102,0.9381
0.7368,0.4375,0.549,0.9023
0.9474,0.439,0.6,0.9375
0.6842,0.3171,0.4333,0.8386
0.9474,0.45,0.6102,0.9233
0.8947,0.4595,0.6071,0.9301
0.7368,0.3333,0.459,0.8522
0.7895,0.4167,0.5455,0.8892
0.6842,0.3421,0.4561,0.8849
0.9444,0.4474,0.6071,0.9402
0.8889,0.3636,0.5161,0.9087
0.7222,0.4063,0.52,0.8746
0.8333,0.375,0.5172,0.9082
0.9444,0.5484,0.6939,0.9704
0.8421,0.3636,0.5079,0.8737
0.8947,0.4595,0.6071,0.9243
0.8333,0.3846,0.5263,0.9333
0.7778,0.4242,0.549,0.895
0.8333,0.3333,0.4762,0.8765
0.7778,0.4,0.5283,0.8772
1.0,0.3913,0.5625,0.9725
0.9474,0.4615,0.6207,0.9302
1.0,0.4524,0.623,0.9514
0.6842,0.3939,0.5,0.8664
0.8421,0.5517,0.6667,0.9526
0.8421,0.3636,0.5079,0.9158
0.8889,0.3902,0.5424,0.8791
0.8333,0.375,0.5172,0.9021
0.7778,0.4242,0.549,0.8915
0.9444,0.4474,0.6071,0.9447
0.8333,0.3659,0.5085,0.8923
0.7368,0.35,0.4746,0.851
0.8421,0.4706,0.6038,0.916
0.9474,0.5,0.6545,0.9271
0.8947,0.4146,0.5667,0.9083
0.9474,0.4615,0.6207,0.9388
0.7778,0.4118,0.5385,0.9008
0.7778,0.4516,0.5714,0.914
0.7222,0.3714,0.4906,0.9053
0.8333,0.4412,0.5769,0.9331
0.7778,0.3415,0.4746,0.863
0.8947,0.3778,0.5313,0.9084
0.9474,0.45,0.6102,0.9122
0.8947,0.5,0.6415,0.9337
0.8421,0.3636,0.5079,0.8987
1.0,0.4872,0.6552,0.9584
0.8333,0.3846,0.5263,0.9161
0.7222,0.4483,0.5532,0.8889
0.8333,0.4167,0.5556,0.8899
0.9444,0.34,0.5,0.8783
0.8333,0.3659,0.5085,0.8791
0.8421,0.4706,0.6038,0.9383
0.8421,0.4324,0.5714,0.9302
0.7895,0.4412,0.566,0.9079
0.8947,0.5862,0.7083,0.9602
0.7895,0.375,0.5085,0.9093
0.8889,0.4,0.5517,0.9103
0.8333,0.4412,0.5769,0.9169
0.8889,0.4103,0.5614,0.9228
0.8889,0.3902,0.5424,0.9138
0.7778,0.4118,0.5385,0.9032
0.8947,0.3778,0.5313,0.8467
0.8421,0.3902,0.5333,0.8682
1.0,0.3878,0.5588,0.9195
0.7895,0.4286,0.5556,0.9208
0.7895,0.4839,0.6,0.9165
0.8889,0.3478,0.5,0.8894
0.8333,0.375,0.5172,0.8873
0.8333,0.3571,0.5,0.8698
0.6667,0.4444,0.5333,0.869
0.9444,0.4146,0.5763,0.9114
0.9474,0.5,0.6545,0.9289
1.0,0.3878,0.5588,0.9388
0.7895,0.4167,0.5455,0.9054
1.0,0.4634,0.6333,0.9273
0.9474,0.5,0.6545,0.9404
0.9444,0.4474,0.6071,0.9339
0.8333,0.3659,0.5085,0.9159
0.8889,0.3721,0.5246,0.8545
0.6111,0.3548,0.449,0.8106
0.8889,0.4,0.5517,0.9085
0.8947,0.5,0.6415,0.9294
0.8947,0.4595,0.6071,0.9256
0.8947,0.4722,0.6182,0.9157
0.6842,0.3714,0.4815,0.8832
0.8421,0.4706,0.6038,0.9336
0.8889,0.5,0.64,0.905
0.8889,0.4,0.5517,0.9066
1.0,0.439,0.6102,0.9392
0.8889,0.381,0.5333,0.9209
0.6667,0.2791,0.3934,0.8095
0.8421,0.4571,0.5926,0.9079
0.7895,0.375,0.5085,0.8864
0.8421,0.381,0.5246,0.8785
1.0,0.413,0.5846,0.9404
0.9474,0.5,0.6545,0.9614
0.9444,0.4474,0.6071,0.9074
0.7778,0.4375,0.56,0.895
0.7778,0.4516,0.5714,0.8989
0.8333,0.4286,0.566,0.9066
0.8889,0.3636,0.5161,0.9164
0.7895,0.3659,0.5,0.8507
1.0,0.4524,0.623,0.9236
0.7895,0.4167,0.5455,0.8866
0.9474,0.4865,0.6429,0.9291
0.8947,0.4048,0.5574,0.9266
0.7222,0.4483,0.5532,0.8984
0.9444,0.4048,0.5667,0.8791
0.8333,0.375,0.5172,0.8987
0.8889,0.4571,0.6038,0.9328
0.7222,0.3824,0.5,0.9108
0.9474,0.4286,0.5902,0.9119
0.8421,0.4706,0.6038,0.9294
0.7368,0.3889,0.5091,0.8765
0.7895,0.3061,0.4412,0.8218
0.8421,0.3556,0.5,0.8734
0.7222,0.4194,0.5306,0.9019
0.8333,0.4545,0.5882,0.9045
0.9444,0.4722,0.6296,0.9365
0.7222,0.4483,0.5532,0.9082
0.8889,0.4706,0.6154,0.9376
0.8947,0.4048,0.5574,0.92
0.7895,0.4286,0.5556,0.8704
0.8421,0.4103,0.5517,0.9221
0.9474,0.4091,0.5714,0.9048
0.7895,0.4286,0.5556,0.9078
0.8333,0.4054,0.5455,0.8548
0.9444,0.3542,0.5152,0.9204
0.9444,0.4359,0.5965,0.8944
0.9444,0.4359,0.5965,0.9259
0.8333,0.4839,0.6122,0.9323
0.7895,0.4688,0.5882,0.8783
0.8947,0.425,0.5763,0.9309
0.7895,0.4545,0.5769,0.917
0.8421,0.3556,0.5,0.9
0.8421,0.4,0.5424,0.9023
0.7778,0.3684,0.5,0.8968
0.8889,0.4,0.5517,0.9124
0.9444,0.3953,0.5574,0.9402
0.8333,0.3846,0.5263,0.8947
0.8889,0.3721,0.5246,0.8812
0.9474,0.4615,0.6207,0.8978
0.7368,0.4516,0.56,0.9147
0.7368,0.4242,0.5385,0.8866
0.8421,0.4324,0.5714,0.9095
0.8947,0.4722,0.6182,0.9348
0.7895,0.3488,0.4839,0.8725
0.7895,0.4286,0.5556,0.8877
0.9474,0.4,0.5625,0.8957
0.9444,0.4048,0.5667,0.9397
0.7778,0.3415,0.4746,0.8556
1.0,0.5455,0.7059,0.954
0.6667,0.2927,0.4068,0.8082
0.9444,0.4857,0.6415,0.9444
0.8947,0.3617,0.5152,0.9143
1.0,0.4634,0.6333,0.9236
0.7222,0.5,0.5909,0.9209
0.7222,0.3333,0.4561,0.8566
0.9444,0.4595,0.6182,0.922
0.9444,0.4722,0.6296,0.9376
0.6667,0.3871,0.4898,0.8717
0.8947,0.5,0.6415,0.9241
0.9474,0.4615,0.6207,0.9309
0.9474,0.4091,0.5714,0.9327
0.8421,0.5161,0.64,0.9311
1.0,0.475,0.6441,0.9296
0.8333,0.4054,0.5455,0.9159
0.6667,0.3333,0.4444,0.8455
0.7778,0.4242,0.549,0.9026
0.8333,0.4167,0.5556,0.9315
0.7778,0.3889,0.5185,0.8981
1.0,0.413,0.5846,0.8942
0.8421,0.4103,0.5517,0.8968
0.9474,0.439,0.6,0.9304
0.9474,0.4615,0.6207,0.9278
0.8421,0.381,0.5246,0.9088
0.6667,0.3636,0.4706,0.8563
0.9444,0.425,0.5862,0.9066
0.9444,0.425,0.5862,0.9291
0.8333,0.4688,0.6,0.9146
0.8333,0.4839,0.6122,0.9135
0.8947,0.425,0.5763,0.9135
0.8947,0.4722,0.6182,0.9114
0.8421,0.3636,0.5079,0.8849
0.9474,0.4186,0.5806,0.9078
0.8421,0.3721,0.5161,0.8719
0.9444,0.425,0.5862,0.8889
0.8333,0.3947,0.5357,0.9003
0.8889,0.4103,0.5614,0.9037
0.9444,0.4048,0.5667,0.8693
0.9444,0.5,0.6538,0.954
0.8421,0.5161,0.64,0.9367
0.7895,0.4286,0.5556,0.9038
1.0,0.4634,0.6333,0.9469
0.8947,0.4359,0.5862,0.9133
0.8421,0.4706,0.6038,0.9188
0.8889,0.4,0.5517,0.9296
0.8889,0.5161,0.6531,0.9405
0.8333,0.4167,0.5556,0.9053
0.8889,0.4324,0.5818,0.9116
0.7778,0.4118,0.5385,0.8788
0.9474,0.375,0.5373,0.9023
0.6316,0.375,0.4706,0.8444
0.8421,0.3721,0.5161,0.8806
0.8947,0.4474,0.5965,0.9238
0.7895,0.3061,0.4412,0.8203
0.8889,0.4324,0.5818,0.9153
0.9444,0.5152,0.6667,0.9333
0.8889,0.381,0.5333,0.8929
1.0,0.4286,0.6,0.9365
0.8889,0.4211,0.5714,0.945
0.7368,0.359,0.4828,0.8942
0.8421,0.4444,0.5818,0.9291
0.8421,0.5333,0.6531,0.9271
0.7368,0.3182,0.4444,0.814
0.8947,0.4722,0.6182,0.9323
0.9444,0.4359,0.5965,0.9209
0.9444,0.4048,0.5667,0.9167
0.7222,0.3095,0.4333,0.8757
1.0,0.4615,0.6316,0.9624
0.8333,0.4286,0.566,0.9209
0.9474,0.4286,0.5902,0.9044
0.7368,0.5,0.5957,0.8978
0.8947,0.3953,0.5484,0.8917
0.8947,0.4359,0.5862,0.9318
0.7368,0.3043,0.4308,0.8301
0.8333,0.4167,0.5556,0.9267
0.7778,0.4516,0.5714,0.9034
0.7778,0.4118,0.5385,0.9082
0.8889,0.4,0.5517,0.9116
0.8889,0.3721,0.5246,0.8709
0.8421,0.4848,0.6154,0.8912
0.7895,0.3947,0.5263,0.8998
0.7895,0.4412,0.566,0.9021
0.8421,0.381,0.5246,0.8972
0.8421,0.4444,0.5818,0.9306
0.7895,0.3947,0.5263,0.875
1.0,0.4524,0.623,0.9451
1.0,0.3519,0.5205,0.9226
0.8333,0.5,0.625,0.9328
0.9444,0.425,0.5862,0.9164
0.7778,0.4375,0.56,0.8794
0.8333,0.3947,0.5357,0.9106
0.9444,0.4857,0.6415,0.9331
0.9474,0.5,0.6545,0.8947
0.8421,0.3478,0.4923,0.895
0.7222,0.3939,0.5098,0.914
0.8333,0.4286,0.566,0.8944
0.8333,0.4412,0.5769,0.9063
0.8333,0.3571,0.5,0.8574
0.8333,0.5,0.625,0.9283
0.8947,0.425,0.5763,0.9145
0.9474,0.4615,0.6207,0.9195
0.8421,0.4444,0.5818,0.9104
0.8947,0.5667,0.6939,0.9539
0.7895,0.3846,0.5172,0.8644
0.8333,0.4545,0.5882,0.9127
0.9444,0.4474,0.6071,0.9148
0.7778,0.35,0.4828,0.8899
0.8333,0.4054,0.5455,0.8693
0.8889,0.4571,0.6038,0.9354
0.8421,0.4444,0.5818,0.9071
0.9474,0.3673,0.5294,0.9064
0.9474,0.3913,0.5538,0.8785
0.8947,0.3953,0.5484,0.8895
0.9474,0.45,0.6102,0.9361
0.8889,0.4444,0.5926,0.9167
0.8333,0.3947,0.5357,0.8807
0.9444,0.3778,0.5397,0.9116
0.8333,0.5,0.625,0.9127
0.7778,0.4375,0.56,0.9058
0.8947,0.4722,0.6182,0.9157
1.0,0.4043,0.5758,0.9405
0.5789,0.3143,0.4074,0.8155
0.7368,0.4118,0.5283,0.8794
0.9474,0.4737,0.6316,0.9281
0.5789,0.3929,0.4681,0.8537
0.8421,0.4103,0.5517,0.9238
0.7368,0.3415,0.4667,0.8664
0.8889,0.4324,0.5818,0.923
0.9444,0.5152,0.6667,0.9529
0.7778,0.4,0.5283,0.8929
0.8333,0.3333,0.4762,0.9005
0.7778,0.4118,0.5385,0.9079
0.8947,0.425,0.5763,0.9105
0.8421,0.4,0.5424,0.909
0.8333,0.3947,0.5357,0.8989
0.8889,0.3636,0.5161,0.9354
0.8333,0.4839,0.6122,0.9225
0.7778,0.4516,0.5714,0.8907
0.8889,0.4,0.5517,0.9085
0.8947,0.5152,0.6538,0.9117
0.9474,0.439,0.6,0.9319
0.8421,0.3556,0.5,0.8889
0.7895,0.4286,0.5556,0.9073
0.8947,0.4048,0.5574,0.9223
0.7778,0.3784,0.5091,0.8693
0.8889,0.4211,0.5714,0.8828
0.8333,0.4286,0.566,0.9304
0.8889,0.381,0.5333,0.922
0.8889,0.4,0.5517,0.8804
0.9474,0.5,0.6545,0.9335
0.8947,0.4359,0.5862,0.9188
0.6842,0.4333,0.5306,0.9021
0.9474,0.4286,0.5902,0.9511
0.9474,0.4615,0.6207,0.9133
0.8333,0.3846,0.5263,0.8931
0.7778,0.359,0.4912,0.8505
0.8889,0.4103,0.5614,0.9228
0.8889,0.5,0.64,0.9381
0.8889,0.3902,0.5424,0.8889
0.7895,0.5357,0.6383,0.9393
0.7895,0.4412,0.566,0.9094
0.8421,0.3902,0.5333,0.915
0.8421,0.4571,0.5926,0.9343
0.7368,0.4242,0.5385,0.8927
0.7222,0.3939,0.5098,0.8989
0.7778,0.4516,0.5714,0.9135
0.9444,0.425,0.5862,0.9413
0.7778,0.3889,0.5185,0.9026
0.8333,0.4054,0.5455,0.8619
0.8421,0.3404,0.4848,0.9016
0.7895,0.3846,0.5172,0.8512
0.8421,0.4324,0.5714,0.9289
0.8421,0.4706,0.6038,0.894
0.7895,0.375,0.5085,0.8774
0.8333,0.4545,0.5882,0.9286
0.8333,0.3409,0.4839,0.8302
0.9444,0.425,0.5862,0.9497
0.8889,0.4324,0.5818,0.9206
0.9444,0.4146,0.5763,0.9251
0.8421,0.4444,0.5818,0.9251
0.7368,0.4118,0.5283,0.878
0.9474,0.4091,0.5714,0.9145
1.0,0.4872,0.6552,0.9799
0.8947,0.5,0.6415,0.9348
0.6667,0.2927,0.4068,0.8262
0.9444,0.4857,0.6415,0.946
0.8333,0.3571,0.5,0.8831
0.7778,0.3889,0.5185,0.8963
0.8333,0.3409,0.4839,0.8788
0.7895,0.4286,0.5556,0.8985
0.7895,0.5172,0.625,0.9044
0.8947,0.3864,0.5397,0.8874
0.7895,0.4286,0.5556,0.8807
0.8421,0.3265,0.4706,0.8697
0.7778,0.3111,0.4444,0.8286
0.7222,0.3714,0.4906,0.8709
0.8333,0.4286,0.566,0.8783
0.8333,0.4054,0.5455,0.8733
0.8889,0.4444,0.5926,0.9206
0.9474,0.45,0.6102,0.96
0.8421,0.5517,0.6667,0.9274
1.0,0.4872,0.6552,0.9727
0.7895,0.4054,0.5357,0.8792
0.7895,0.4286,0.5556,0.9013
0.7778,0.4242,0.549,0.9111
0.9444,0.4359,0.5965,0.9418
0.8333,0.5769,0.6818,0.9365
0.9444,0.3696,0.5313,0.8892
0.8889,0.4103,0.5614,0.8931
0.8421,0.4706,0.6038,0.9307
0.8947,0.425,0.5763,0.9064
0.9474,0.5143,0.6667,0.9658
0.7368,0.4667,0.5714,0.9088
0.8947,0.3953,0.5484,0.9188
0.8333,0.3488,0.4918,0.8788
0.8333,0.4412,0.5769,0.9098
0.6111,0.4074,0.4889,0.8669
0.7778,0.35,0.4828,0.878
0.8889,0.3333,0.4848,0.8661
0.8947,0.5,0.6415,0.9213
0.8421,0.4848,0.6154,0.9259
0.8947,0.4474,0.5965,0.9312
