RUSBag
1.0,0.6154,0.7619,0.935
0.5625,0.45,0.5,0.8106
0.8125,0.52,0.6341,0.8862
1.0,0.5556,0.7143,0.9507
1.0,0.75,0.8571,0.9707
0.8125,0.5909,0.6842,0.9184
0.75,0.5455,0.6316,0.8839
1.0,0.6667,0.8,0.9375
0.9375,0.6522,0.7692,0.9056
0.875,0.5833,0.7,0.9267
0.8125,0.619,0.7027,0.9363
0.875,0.5,0.6364,0.8825
0.875,0.6087,0.7179,0.935
0.8125,0.5652,0.6667,0.8788
0.75,0.6,0.6667,0.8176
0.8125,0.8125,0.8125,0.9401
0.9375,0.6,0.7317,0.9107
0.75,0.6316,0.6857,0.8795
1.0,0.5,0.6667,0.9447
0.7333,0.4783,0.5789,0.8453
0.875,0.56,0.6829,0.9263
0.9375,0.6818,0.7895,0.92
0.5625,0.4286,0.4865,0.7956
1.0,0.7143,0.8333,0.9893
0.8667,0.5909,0.7027,0.904
0.875,0.5,0.6364,0.8265
0.8125,0.5909,0.6842,0.9158
0.9375,0.6,0.7317,0.9177
0.875,0.56,0.6829,0.9222
0.6875,0.6875,0.6875,0.9133
0.875,0.5833,0.7,0.9187
0.875,0.5,0.6364,0.865
0.625,0.5882,0.6061,0.8438
0.6667,0.4348,0.5263,0.8547
0.9333,0.56,0.7,0.9387
0.875,0.7,0.7778,0.926
0.875,0.5385,0.6667,0.9286
0.9375,0.7143,0.8108,0.9821
0.75,0.5217,0.6154,0.8693
0.625,0.5556,0.5882,0.8418
0.8125,0.619,0.7027,0.8625
0.875,0.5833,0.7,0.9406
0.75,0.5714,0.6486,0.8925
0.8125,0.5,0.619,0.8584
0.875,0.5833,0.7,0.8814
1.0,0.64,0.7805,0.9222
0.75,0.8,0.7742,0.9324
1.0,0.5926,0.7442,0.9298
0.7333,0.55,0.6286,0.8467
0.9333,0.6087,0.7368,0.9347
0.8125,0.5909,0.6842,0.89
0.875,0.56,0.6829,0.8831
0.6875,0.55,0.6111,0.86
0.75,0.5455,0.6316,0.912
0.875,0.6667,0.7568,0.9184
0.8125,0.5909,0.6842,0.8878
0.8125,0.5652,0.6667,0.8827
0.8125,0.5417,0.65,0.9018
0.9333,0.5833,0.7179,0.9027
0.8667,0.5417,0.6667,0.8987
0.8125,0.5652,0.6667,0.8806
0.875,0.7,0.7778,0.9137
0.875,0.6087,0.7179,0.9425
0.875,0.6364,0.7368,0.9254
0.8125,0.5417,0.65,0.8827
0.8125,0.619,0.7027,0.9375
0.8125,0.5909,0.6842,0.8591
0.875,0.6087,0.7179,0.8744
0.8667,0.5652,0.6842,0.9093
0.9333,0.56,0.7,0.9053
0.875,0.56,0.6829,0.9363
0.875,0.7368,0.8,0.9425
0.6875,0.4783,0.5641,0.8337
0.8,0.5,0.6154,0.8947
0.6667,0.5263,0.5882,0.856
0.9375,0.5556,0.6977,0.9311
0.8125,0.5652,0.6667,0.8642
0.8125,0.5417,0.65,0.8801
0.875,0.6667,0.7568,0.9541
0.8125,0.5909,0.6842,0.9196
0.875,0.5833,0.7,0.9237
0.8125,0.4815,0.6047,0.845
0.875,0.6667,0.7568,0.9425
0.875,0.56,0.6829,0.9005
0.6875,0.5238,0.5946,0.8776
0.6875,0.5238,0.5946,0.8686
1.0,0.6154,0.7619,0.9503
0.875,0.5,0.6364,0.8954
0.8,0.5455,0.6486,0.9213
1.0,0.5357,0.6977,0.9147
0.875,0.6667,0.7568,0.9012
0.8125,0.5417,0.65,0.9206
0.8125,0.5652,0.6667,0.9044
0.8667,0.6842,0.7647,0.956
0.6667,0.5,0.5714,0.8393
0.875,0.5,0.6364,0.8457
0.9375,0.8333,0.8824,0.986
0.8125,0.5,0.619,0.8839
0.8125,0.65,0.7222,0.9152
0.9375,0.5357,0.6818,0.8852
0.875,0.56,0.6829,0.9063
0.9375,0.5172,0.6667,0.8675
0.875,0.4375,0.5833,0.8875
0.9333,0.5,0.6512,0.9107
0.8667,0.65,0.7429,0.9347
0.625,0.7143,0.6667,0.8508
0.9375,0.5556,0.6977,0.9349
0.875,0.7778,0.8235,0.9452
0.6875,0.5789,0.6286,0.8584
0.875,0.56,0.6829,0.9324
0.9375,0.7895,0.8571,0.9575
0.6875,0.6111,0.6471,0.8337
0.8125,0.4643,0.5909,0.8181
0.6667,0.5,0.5714,0.85
1.0,0.625,0.7692,0.9313
0.8125,0.8125,0.8125,0.9235
0.9375,0.625,0.75,0.9152
0.9375,0.5,0.6522,0.8871
0.8125,0.5909,0.6842,0.9298
0.8125,0.619,0.7027,0.8865
0.6875,0.5238,0.5946,0.845
0.875,0.6087,0.7179,0.9563
0.8125,0.52,0.6341,0.89
0.9375,0.5769,0.7143,0.9668
0.8125,0.619,0.7027,0.9158
0.875,0.5185,0.6512,0.9075
0.75,0.5714,0.6486,0.9043
0.9375,0.6522,0.7692,0.9362
0.8667,0.65,0.7429,0.936
0.8,0.5714,0.6667,0.8493
0.8125,0.619,0.7027,0.9063
0.6875,0.4783,0.5641,0.8606
0.875,0.5,0.6364,0.8462
0.8667,0.5417,0.6667,0.9347
1.0,0.5357,0.6977,0.934
0.75,0.5,0.6,0.9011
0.9375,0.5556,0.6977,0.912
0.875,0.5385,0.6667,0.898
0.8125,0.6842,0.7429,0.912
0.6875,0.6875,0.6875,0.9171
0.8125,0.4643,0.5909,0.835
1.0,0.5714,0.7273,0.94
0.75,0.5714,0.6486,0.8594
0.9333,0.6667,0.7778,0.956
0.8,0.4615,0.5854,0.8067
1.0,0.5714,0.7273,0.9509
0.6875,0.6471,0.6667,0.8597
0.875,0.56,0.6829,0.9069
0.8125,0.5417,0.65,0.8954
0.9375,0.6818,0.7895,0.9375
0.875,0.6364,0.7368,0.94
0.875,0.7368,0.8,0.955
0.9375,0.625,0.75,0.9363
0.7333,0.4583,0.5641,0.8313
0.9333,0.5833,0.7179,0.8947
0.8125,0.5909,0.6842,0.8967
0.9375,0.625,0.75,0.9286
0.8125,0.65,0.7222,0.9203
0.75,0.6667,0.7059,0.898
1.0,0.4324,0.6038,0.926
0.8125,0.5652,0.6667,0.935
0.875,0.6087,0.7179,0.945
0.5625,0.5,0.5294,0.82
0.9375,0.5357,0.6818,0.9235
0.8125,0.4643,0.5909,0.8878
0.6875,0.44,0.5366,0.8469
0.8125,0.6842,0.7429,0.9005
0.875,0.6364,0.7368,0.9554
0.9333,0.5833,0.7179,0.9153
0.9333,0.5385,0.6829,0.9173
1.0,0.5926,0.7442,0.925
0.875,0.6364,0.7368,0.94
0.75,0.4615,0.5714,0.8325
0.8667,0.52,0.65,0.872
0.8,0.6667,0.7273,0.92
0.875,0.6364,0.7368,0.9267
0.875,0.6364,0.7368,0.8814
0.875,0.56,0.6829,0.9401
0.875,0.5833,0.7,0.8903
0.875,0.7368,0.8,0.9152
0.8125,0.5652,0.6667,0.9325
0.9375,0.6522,0.7692,0.9688
0.6875,0.6471,0.6667,0.9031
0.5,0.5333,0.5161,0.8023
0.8125,0.6842,0.7429,0.9171
0.9375,0.4839,0.6383,0.9515
0.8125,0.5652,0.6667,0.8852
0.9375,0.6,0.7317,0.912
0.8667,0.5,0.6341,0.9347
0.8667,0.4483,0.5909,0.8907
0.75,0.6,0.6667,0.8938
0.8125,0.52,0.6341,0.8844
0.9375,0.5172,0.6667,0.8825
0.75,0.5714,0.6486,0.9018
0.75,0.6,0.6667,0.875
0.875,0.6667,0.7568,0.9273
0.8125,0.5,0.619,0.8603
0.75,0.5217,0.6154,0.824
0.9333,0.6667,0.7778,0.944
0.6,0.5,0.5455,0.8733
0.75,0.5,0.6,0.8756
1.0,0.6667,0.8,0.9487
0.8125,0.5909,0.6842,0.9225
0.8667,0.5,0.6341,0.8753
0.7333,0.6111,0.6667,0.9027
0.75,0.5455,0.6316,0.8954
0.9375,0.6818,0.7895,0.9388
0.8125,0.5652,0.6667,0.8948
0.6875,0.55,0.6111,0.8508
0.875,0.6364,0.7368,0.9184
0.8125,0.5652,0.6667,0.9163
0.8125,0.5652,0.6667,0.8675
0.875,0.7,0.7778,0.9413
1.0,0.5769,0.7317,0.956
0.8667,0.5652,0.6842,0.884
0.8125,0.5417,0.65,0.8559
0.8125,0.52,0.6341,0.8839
0.8125,0.5417,0.65,0.8941
0.875,0.7368,0.8,0.9534
0.75,0.7059,0.7273,0.8546
0.9375,0.7143,0.8108,0.9487
0.75,0.6,0.6667,0.915
0.8125,0.5652,0.6667,0.9012
0.8,0.5714,0.6667,0.8913
1.0,0.5,0.6667,0.9307
0.625,0.625,0.625,0.8622
0.75,0.6,0.6667,0.8546
0.875,0.5833,0.7,0.9324
0.75,0.5,0.6,0.8297
0.875,0.4516,0.5957,0.8699
0.9375,0.6522,0.7692,0.9625
0.8125,0.7222,0.7647,0.9187
0.8125,0.5417,0.65,0.885
0.9333,0.56,0.7,0.9253
0.7333,0.4783,0.5789,0.8867
0.8125,0.8125,0.8125,0.9605
0.6875,0.5,0.5789,0.8941
0.5,0.6154,0.5517,0.8457
0.875,0.56,0.6829,0.9005
0.8125,0.5909,0.6842,0.8693
0.8125,0.5,0.619,0.8681
0.8125,0.6842,0.7429,0.8775
0.875,0.5185,0.6512,0.9137
0.8,0.5,0.6154,0.9307
0.6667,0.5882,0.625,0.8113
0.875,0.5385,0.6667,0.9247
0.75,0.5,0.6,0.845
0.9375,0.6522,0.7692,0.9439
0.875,0.56,0.6829,0.9311
1.0,0.64,0.7805,0.9222
0.8125,0.65,0.7222,0.9337
0.9375,0.6818,0.7895,0.955
0.75,0.48,0.5854,0.8938
0.8667,0.4815,0.619,0.8613
1.0,0.6818,0.8108,0.956
0.8125,0.6842,0.7429,0.9082
0.8125,0.619,0.7027,0.9139
0.75,0.48,0.5854,0.8329
0.6875,0.5,0.5789,0.8406
0.8125,0.52,0.6341,0.8941
0.875,0.5833,0.7,0.9594
0.6875,0.5238,0.5946,0.8119
1.0,0.6154,0.7619,0.9712
0.9333,0.5833,0.7179,0.9467
0.6667,0.6667,0.6667,0.9307
0.8125,0.619,0.7027,0.8909
0.5625,0.5294,0.5455,0.868
0.75,0.5217,0.6154,0.8731
0.8125,0.619,0.7027,0.8929
0.9375,0.6,0.7317,0.9158
0.8125,0.619,0.7027,0.8775
0.9375,0.6522,0.7692,0.95
0.75,0.4615,0.5714,0.8444
0.9375,0.6,0.7317,0.9445
0.6875,0.5,0.5789,0.8597
0.875,0.6667,0.7568,0.9388
0.625,0.7143,0.6667,0.8036
0.9375,0.5172,0.6667,0.8954
0.8667,0.5417,0.6667,0.91
1.0,0.5357,0.6977,0.9267
0.75,0.7059,0.7273,0.8738
0.875,0.5833,0.7,0.9137
0.8125,0.619,0.7027,0.9113
0.9333,0.4828,0.6364,0.928
0.7333,0.55,0.6286,0.8667
0.8125,0.619,0.7027,0.898
0.5,0.4211,0.4571,0.8099
1.0,0.6154,0.7619,0.9834
0.8125,0.52,0.6341,0.8622
0.875,0.56,0.6829,0.896
0.75,0.6,0.6667,0.8888
0.875,0.5385,0.6667,0.9044
0.5,0.4706,0.4848,0.825
1.0,0.6522,0.7895,0.9853
0.8,0.4138,0.5455,0.7873
0.875,0.6364,0.7368,0.912
0.75,0.5217,0.6154,0.8489
1.0,0.6154,0.7619,0.9267
0.8125,0.5652,0.6667,0.8788
0.9375,0.6522,0.7692,0.9566
1.0,0.5926,0.7442,0.9712
0.875,0.6087,0.7179,0.9475
0.75,0.5714,0.6486,0.9169
0.8125,0.6842,0.7429,0.9292
0.9375,0.6,0.7317,0.9452
0.75,0.6,0.6667,0.8514
0.75,0.4444,0.5581,0.8355
0.75,0.4615,0.5714,0.8903
0.8,0.6316,0.7059,0.916
0.8,0.75,0.7742,0.94
1.0,0.64,0.7805,0.9738
0.875,0.6087,0.7179,0.8894
0.875,0.6667,0.7568,0.9056
0.8,0.8,0.8,0.976
0.8667,0.4815,0.619,0.9107
1.0,0.64,0.7805,0.9413
0.875,0.4828,0.6222,0.8846
0.875,0.4667,0.6087,0.8903
0.8125,0.619,0.7027,0.9088
0.875,0.6087,0.7179,0.8909
0.875,0.5833,0.7,0.9387
0.75,0.5,0.6,0.8375
0.9375,0.6818,0.7895,0.965
0.7333,0.5238,0.6111,0.88
0.8667,0.619,0.7222,0.956
0.625,0.4762,0.5405,0.7921
0.9375,0.5357,0.6818,0.9107
0.8125,0.5,0.619,0.8374
0.9375,0.5769,0.7143,0.8922
0.75,0.6667,0.7059,0.8941
1.0,0.6957,0.8205,0.9738
1.0,0.6154,0.7619,0.9481
0.8125,0.5417,0.65,0.8856
0.8125,0.619,0.7027,0.9394
0.8125,0.4815,0.6047,0.8686
0.5625,0.5,0.5294,0.8591
0.875,0.6087,0.7179,0.8973
0.8125,0.619,0.7027,0.9069
0.8,0.4615,0.5854,0.8893
0.6667,0.5263,0.5882,0.8853
0.6875,0.5789,0.6286,0.8488
0.9375,0.6818,0.7895,0.9563
0.875,0.6087,0.7179,0.925
0.9375,0.625,0.75,0.9643
0.875,0.6087,0.7179,0.9286
0.8125,0.4643,0.5909,0.8214
0.875,0.5833,0.7,0.8954
0.8125,0.52,0.6341,0.8801
0.8,0.5455,0.6486,0.944
0.6667,0.5,0.5714,0.8073
0.6875,0.55,0.6111,0.825
1.0,0.6667,0.8,0.9563
0.875,0.6364,0.7368,0.9525
0.8667,0.5909,0.7027,0.8733
0.9333,0.5385,0.6829,0.912
0.6875,0.44,0.5366,0.7717
0.75,0.8,0.7742,0.8865
0.8125,0.5652,0.6667,0.8948
0.875,0.7,0.7778,0.9311
1.0,0.5926,0.7442,0.9598
0.9375,0.6,0.7317,0.9269
0.625,0.5556,0.5882,0.825
1.0,0.6667,0.8,0.9762
0.9375,0.625,0.75,0.9209
0.6875,0.7857,0.7333,0.8673
0.875,0.6087,0.7179,0.9273
0.6875,0.5789,0.6286,0.9018
0.875,0.56,0.6829,0.8814
0.8667,0.5417,0.6667,0.8893
0.7333,0.55,0.6286,0.892
0.5625,0.45,0.5,0.8512
0.8125,0.6842,0.7429,0.9175
0.875,0.6364,0.7368,0.9087
0.9333,0.5385,0.6829,0.9347
0.9333,0.4667,0.6222,0.9173
0.8125,0.4483,0.5778,0.8501
0.8125,0.65,0.7222,0.9534
0.6875,0.5238,0.5946,0.8839
0.9375,0.5769,0.7143,0.8878
0.75,0.6,0.6667,0.8788
0.875,0.5833,0.7,0.89
0.75,0.6,0.6667,0.8706
1.0,0.5926,0.7442,0.9613
0.7333,0.6875,0.7097,0.9067
0.8667,0.5652,0.6842,0.94
0.9375,0.6522,0.7692,0.9298
0.875,0.56,0.6829,0.8769
0.5,0.4211,0.4571,0.7404
0.9375,0.5769,0.7143,0.9165
0.875,0.6667,0.7568,0.9171
0.9375,0.625,0.75,0.9225
0.625,0.5,0.5556,0.8313
0.875,0.7,0.7778,0.9019
0.9333,0.56,0.7,0.9347
0.8667,0.5417,0.6667,0.9173
1.0,0.6154,0.7619,0.9273
0.8125,0.5652,0.6667,0.919
0.75,0.75,0.75,0.8865
0.875,0.5833,0.7,0.9011
0.9375,0.625,0.75,0.9209
0.8125,0.5417,0.65,0.885
1.0,0.5926,0.7442,0.98
0.875,0.4828,0.6222,0.8725
0.875,0.56,0.6829,0.9133
0.75,0.5714,0.6486,0.8125
0.875,0.7778,0.8235,0.977
0.6875,0.5789,0.6286,0.8884
0.75,0.4615,0.5714,0.8202
0.8,0.6316,0.7059,0.9087
1.0,0.5769,0.7317,0.9347
0.8125,0.5652,0.6667,0.8906
0.6875,0.6875,0.6875,0.8588
0.875,0.5385,0.6667,0.9119
0.8667,0.5652,0.6842,0.9533
0.6,0.5625,0.5806,0.8593
1.0,0.6667,0.8,0.9579
0.9375,0.5357,0.6818,0.9171
0.75,0.5714,0.6486,0.8776
0.875,0.6087,0.7179,0.9222
0.5625,0.4091,0.4737,0.8093
0.8125,0.5,0.619,0.88
0.875,0.6667,0.7568,0.9087
1.0,0.7619,0.8649,0.9775
0.9333,0.56,0.7,0.952
0.6,0.5,0.5455,0.8127
0.8125,0.5417,0.65,0.9005
1.0,0.4324,0.6038,0.9413
0.625,0.5263,0.5714,0.8686
0.6875,0.7333,0.7097,0.9133
0.8125,0.619,0.7027,0.8693
0.875,0.7368,0.8,0.9838
0.8125,0.52,0.6341,0.8562
0.75,0.5,0.6,0.7894
0.8,0.5455,0.6486,0.8747
0.7333,0.55,0.6286,0.8667
0.9375,0.625,0.75,0.9145
0.9375,0.7143,0.8108,0.963
1.0,0.5517,0.7111,0.8903
0.6875,0.6111,0.6471,0.875
0.875,0.5833,0.7,0.9133
0.8125,0.8667,0.8387,0.9275
1.0,0.5926,0.7442,0.9387
0.75,0.6667,0.7059,0.8744
0.875,0.6087,0.7179,0.9503
0.8125,0.4815,0.6047,0.8686
0.6875,0.55,0.6111,0.8724
0.8125,0.65,0.7222,0.9222
0.8125,0.4815,0.6047,0.838
0.8,0.5217,0.6316,0.914
0.7333,0.5238,0.6111,0.8613
0.8125,0.5909,0.6842,0.8612
1.0,0.5333,0.6957,0.9287
0.8125,0.4815,0.6047,0.8675
0.8667,0.619,0.7222,0.9113
0.7333,0.7333,0.7333,0.9067
0.8125,0.52,0.6341,0.8259
0.8125,0.5909,0.6842,0.9171
0.75,0.5455,0.6316,0.9005
0.75,0.6316,0.6857,0.9388
0.875,0.6087,0.7179,0.9439
0.8125,0.7222,0.7647,0.9256
0.75,0.5,0.6,0.8562
0.8125,0.4483,0.5778,0.7981
0.8667,0.65,0.7429,0.9273
0.7333,0.5,0.5946,0.882
0.875,0.56,0.6829,0.9503
0.625,0.7143,0.6667,0.8954
1.0,0.6667,0.8,0.9681
0.9375,0.5172,0.6667,0.9464
0.875,0.5185,0.6512,0.8865
0.875,0.6364,0.7368,0.9487
0.8125,0.4194,0.5532,0.7994
0.875,0.6667,0.7568,0.94
0.8667,0.5417,0.6667,0.9133
0.7333,0.6875,0.7097,0.9267
0.9375,0.7143,0.8108,0.9439
0.75,0.5714,0.6486,0.9337
0.75,0.5,0.6,0.8406
0.875,0.5385,0.6667,0.8846
0.875,0.56,0.6829,0.8469
0.875,0.7368,0.8,0.9437
0.875,0.5385,0.6667,0.8738
0.6875,0.55,0.6111,0.895
0.75,0.5714,0.6486,0.838
0.875,0.5185,0.6512,0.9388
0.8125,0.7222,0.7647,0.9611
1.0,0.7619,0.8649,0.9745
0.9375,0.5357,0.6818,0.912
1.0,0.6522,0.7895,0.9667
0.7333,0.5238,0.6111,0.86
0.8125,0.7647,0.7879,0.925
0.75,0.5455,0.6316,0.9087
0.875,0.56,0.6829,0.905
1.0,0.5357,0.6977,0.9307
0.8,0.5714,0.6667,0.904
0.8125,0.5909,0.6842,0.912
0.625,0.5,0.5556,0.8144
0.75,0.6,0.6667,0.8571
0.9375,0.6,0.7317,0.9349
0.875,0.7368,0.8,0.9515
1.0,0.6154,0.7619,0.9725
1.0,0.5517,0.7111,0.9363
0.75,0.6,0.6667,0.89
0.75,0.6316,0.6857,0.9005
0.5625,0.5625,0.5625,0.8278
0.9375,0.6,0.7317,0.9324
0.9375,0.6522,0.7692,0.9656
0.9375,0.5769,0.7143,0.9541
0.6667,0.5556,0.6061,0.8173
0.6667,0.4762,0.5556,0.8227
0.9375,0.625,0.75,0.9363
0.8125,0.5417,0.65,0.89
0.6875,0.5,0.5789,0.855
0.8,0.6316,0.7059,0.9427
0.8,0.5455,0.6486,0.8533
0.9375,0.6,0.7317,0.9362
0.8125,0.5417,0.65,0.8992
0.9375,0.6818,0.7895,0.9375
0.8125,0.5909,0.6842,0.896
0.875,0.56,0.6829,0.9063
0.8125,0.5909,0.6842,0.915
0.8125,0.4815,0.6047,0.8869
1.0,0.64,0.7805,0.9663
0.875,0.6087,0.7179,0.9426
0.75,0.5455,0.6316,0.8699
0.75,0.5455,0.6316,0.8673
0.9375,0.6522,0.7692,0.9369
0.8125,0.5,0.619,0.898
0.9333,0.5833,0.7179,0.912
0.8667,0.5652,0.6842,0.924
0.875,0.4667,0.6087,0.8762
0.6875,0.5,0.5789,0.8481
0.75,0.5217,0.6154,0.8494
0.9333,0.56,0.7,0.906
0.8667,0.5652,0.6842,0.904
0.8125,0.52,0.6341,0.8916
0.8125,0.5909,0.6842,0.9196
0.75,0.6667,0.7059,0.8954
0.875,0.7,0.7778,0.9617
0.8125,0.6842,0.7429,0.963
0.75,0.75,0.75,0.9563
0.875,0.56,0.6829,0.9175
0.8125,0.6842,0.7429,0.92
0.6667,0.5,0.5714,0.8807
0.8,0.5714,0.6667,0.8673
0.875,0.4828,0.6222,0.8833
0.75,0.8,0.7742,0.9082
0.9375,0.5172,0.6667,0.9031
0.9375,0.5556,0.6977,0.9082
0.75,0.5714,0.6486,0.8827
0.8125,0.619,0.7027,0.8681
0.8125,0.4815,0.6047,0.8925
0.75,0.6316,0.6857,0.9463
0.8667,0.5,0.6341,0.8993
0.8667,0.5909,0.7027,0.88
0.875,0.5833,0.7,0.9426
0.875,0.6667,0.7568,0.905
0.6875,0.4783,0.5641,0.7972
0.9375,0.5556,0.6977,0.9464
0.9375,0.6,0.7317,0.8922
0.875,0.6087,0.7179,0.8638
0.75,0.5455,0.6316,0.8488
0.6875,0.4583,0.55,0.8712
0.75,0.5455,0.6316,0.8335
0.9375,0.7895,0.8571,0.9617
0.9375,0.5,0.6522,0.9184
0.9375,0.6818,0.7895,0.9477
0.75,0.48,0.5854,0.8584
0.6,0.6923,0.6429,0.8773
0.8667,0.5652,0.6842,0.928
0.8125,0.52,0.6341,0.9075
0.8125,0.52,0.6341,0.8781
0.875,0.56,0.6829,0.8862
0.875,0.6667,0.7568,0.9388
0.75,0.7059,0.7273,0.9126
0.75,0.6667,0.7059,0.9069
0.8125,0.5652,0.6667,0.8846
0.6875,0.4231,0.5238,0.8367
0.9333,0.7,0.8,0.9387
0.8667,0.65,0.7429,0.948
0.8125,0.619,0.7027,0.8912
1.0,0.64,0.7805,0.9363
0.875,0.5,0.6364,0.9087
0.8,0.5455,0.6486,0.924
0.8667,0.619,0.7222,0.912
0.8125,0.619,0.7027,0.9209
0.75,0.6667,0.7059,0.9247
0.875,0.56,0.6829,0.8986
0.875,0.5185,0.6512,0.8973
0.75,0.5714,0.6486,0.9165
0.875,0.6667,0.7568,0.9375
0.8125,0.5,0.619,0.8688
0.9375,0.625,0.75,0.9437
0.8,0.6667,0.7273,0.9293
0.6,0.4737,0.5294,0.8413
0.9375,0.6,0.7317,0.9145
0.875,0.6667,0.7568,0.9426
0.875,0.4828,0.6222,0.8788
0.8125,0.5417,0.65,0.8648
0.875,0.7,0.7778,0.9515
0.875,0.5833,0.7,0.9425
0.9375,0.625,0.75,0.9494
0.8125,0.5652,0.6667,0.9012
0.875,0.4828,0.6222,0.861
0.6875,0.6111,0.6471,0.9107
0.8125,0.7222,0.7647,0.963
0.75,0.48,0.5854,0.7972
0.6875,0.55,0.6111,0.8367
0.9333,0.5385,0.6829,0.928
0.8,0.5455,0.6486,0.904
0.8125,0.6842,0.7429,0.8975
0.75,0.5714,0.6486,0.865
1.0,0.5517,0.7111,0.9056
0.9375,0.625,0.75,0.9056
0.5,0.5333,0.5161,0.8418
0.875,0.6087,0.7179,0.9069
0.75,0.5,0.6,0.8527
0.875,0.5833,0.7,0.9247
1.0,0.5357,0.6977,0.9573
0.8667,0.6842,0.7647,0.9667
0.875,0.5185,0.6512,0.9219
0.875,0.7778,0.8235,0.9337
0.9375,0.625,0.75,0.9413
0.75,0.6,0.6667,0.9196
0.875,0.5833,0.7,0.9337
0.8125,0.4815,0.6047,0.8865
0.9375,0.5556,0.6977,0.9247
0.8125,0.5652,0.6667,0.8482
0.8,0.6667,0.7273,0.936
0.6667,0.5263,0.5882,0.8467
1.0,0.6957,0.8205,0.9463
0.75,0.6316,0.6857,0.905
0.9375,0.5556,0.6977,0.9225
0.8667,0.5652,0.6842,0.932
0.8667,0.52,0.65,0.892
0.625,0.4762,0.5405,0.8182
0.75,0.5,0.6,0.8929
0.875,0.5833,0.7,0.9337
0.875,0.5,0.6364,0.889
0.8125,0.5909,0.6842,0.8603
0.875,0.6087,0.7179,0.94
0.8125,0.5,0.619,0.8744
0.625,0.5882,0.6061,0.8656
0.8667,0.7222,0.7879,0.9587
0.8667,0.5417,0.6667,0.9107
0.75,0.6,0.6667,0.8731
0.8125,0.5,0.619,0.8342
1.0,0.6667,0.8,0.9598
0.9375,0.6522,0.7692,0.9247
0.875,0.6667,0.7568,0.9145
0.625,0.4762,0.5405,0.8175
0.875,0.6364,0.7368,0.9125
0.9375,0.5172,0.6667,0.9275
0.875,0.6087,0.7179,0.9458
0.8125,0.65,0.7222,0.8897
0.75,0.6316,0.6857,0.8737
0.9375,0.5172,0.6667,0.926
0.875,0.6087,0.7179,0.9222
0.8667,0.7647,0.8125,0.96
1.0,0.6,0.75,0.9653
0.8125,0.619,0.7027,0.905
0.875,0.5833,0.7,0.9325
0.8125,0.6842,0.7429,0.9119
0.9375,0.5172,0.6667,0.9171
0.625,0.625,0.625,0.8622
0.9375,0.625,0.75,0.9171
0.9375,0.625,0.75,0.9375
0.875,0.56,0.6829,0.8992
0.8,0.7059,0.75,0.9487
0.9333,0.56,0.7,0.9267
1.0,0.5926,0.7442,0.9575
1.0,0.5926,0.7442,0.9437
0.875,0.56,0.6829,0.9044
0.7333,0.55,0.6286,0.8707
0.8,0.5714,0.6667,0.908
0.75,0.6,0.6667,0.8629
0.875,0.56,0.6829,0.8591
0.8125,0.619,0.7027,0.9184
0.8125,0.4483,0.5778,0.8648
0.75,0.5455,0.6316,0.9056
0.75,0.5714,0.6486,0.8906
0.875,0.4828,0.6222,0.8475
0.9375,0.7895,0.8571,0.9862
0.9333,0.5,0.6512,0.9533
0.7333,0.6471,0.6875,0.9293
0.625,0.5882,0.6061,0.7908
0.6875,0.4074,0.5116,0.7583
0.875,0.5185,0.6512,0.9043
0.8125,0.6842,0.7429,0.9203
0.9375,0.6522,0.7692,0.963
1.0,0.5517,0.7111,0.9237
0.875,0.5385,0.6667,0.8575
0.75,0.7059,0.7273,0.8781
0.8,0.6316,0.7059,0.9213
0.7333,0.4783,0.5789,0.8793
0.875,0.5833,0.7,0.9273
0.9375,0.5172,0.6667,0.9158
0.8125,0.6842,0.7429,0.9337
0.6875,0.6111,0.6471,0.8724
0.625,0.5,0.5556,0.8355
0.625,0.6667,0.6452,0.8775
0.875,0.6667,0.7568,0.92
0.75,0.6,0.6667,0.915
0.9333,0.5385,0.6829,0.9027
0.8,0.6667,0.7273,0.9413
0.875,0.5185,0.6512,0.9247
0.875,0.6364,0.7368,0.9133
0.5625,0.3462,0.4286,0.7615
0.8125,0.619,0.7027,0.926
0.9375,0.5556,0.6977,0.9305
0.9375,0.6,0.7317,0.9437
0.875,0.56,0.6829,0.8569
0.6875,0.5789,0.6286,0.8706
0.8,0.6667,0.7273,0.896
0.6667,0.5556,0.6061,0.848
1.0,0.5926,0.7442,0.9617
0.9375,0.6,0.7317,0.926
0.6875,0.6111,0.6471,0.8699
0.9375,0.5556,0.6977,0.9286
0.8125,0.5909,0.6842,0.8635
0.9375,0.5556,0.6977,0.9456
0.8125,0.7222,0.7647,0.9413
0.875,0.6364,0.7368,0.9075
0.8,0.5,0.6154,0.886
0.8667,0.5909,0.7027,0.924
0.9375,0.5357,0.6818,0.9668
0.6875,0.6471,0.6667,0.9024
0.875,0.6364,0.7368,0.8903
0.9375,0.5172,0.6667,0.8935
0.6875,0.5,0.5789,0.8399
0.875,0.7,0.7778,0.95
1.0,0.6154,0.7619,0.9563
0.875,0.5185,0.6512,0.895
0.875,0.5185,0.6512,0.8801
0.8125,0.619,0.7027,0.9209
0.875,0.7,0.7778,0.9605
0.6875,0.4583,0.55,0.8119
0.6875,0.4583,0.55,0.845
0.7333,0.6471,0.6875,0.8487
0.8,0.6,0.6857,0.9107
0.75,0.6316,0.6857,0.875
0.75,0.5455,0.6316,0.9075
0.8125,0.5909,0.6842,0.865
0.8,0.5714,0.6667,0.9207
0.8,0.6667,0.7273,0.8767
0.875,0.5833,0.7,0.9203
0.8125,0.4333,0.5652,0.8622
1.0,0.8,0.8889,0.9834
0.875,0.5385,0.6667,0.9069
0.875,0.6667,0.7568,0.9509
0.75,0.6,0.6667,0.9275
0.625,0.4167,0.5,0.8313
0.75,0.6,0.6667,0.9075
0.9333,0.5833,0.7179,0.9373
0.8,0.5217,0.6316,0.8773
0.875,0.56,0.6829,0.9024
0.875,0.5385,0.6667,0.9464
0.75,0.5455,0.6316,0.8833
0.875,0.4118,0.56,0.8438
0.9375,0.6818,0.7895,0.9592
0.6875,0.5238,0.5946,0.8644
0.875,0.6364,0.7368,0.9425
0.875,0.6667,0.7568,0.9444
0.8125,0.5,0.619,0.8776
0.8125,0.619,0.7027,0.9311
0.8125,0.7222,0.7647,0.9566
0.75,0.5455,0.6316,0.845
0.8125,0.6842,0.7429,0.9235
0.8667,0.4643,0.6047,0.8947
0.9333,0.4828,0.6364,0.894
1.0,0.6667,0.8,0.9812
0.875,0.5,0.6364,0.8862
1.0,0.5161,0.6809,0.8888
0.8667,0.619,0.7222,0.8693
0.6667,0.5882,0.625,0.8907
0.6875,0.5238,0.5946,0.8119
0.875,0.5385,0.6667,0.9126
0.5,0.6667,0.5714,0.8642
0.9375,0.6522,0.7692,0.9643
0.6875,0.6111,0.6471,0.9043
0.75,0.5217,0.6154,0.91
0.9375,0.625,0.75,0.9394
0.75,0.7059,0.7273,0.9263
0.6875,0.5238,0.5946,0.8393
0.9375,0.6,0.7317,0.9369
0.9375,0.5,0.6522,0.8686
0.9375,0.625,0.75,0.9196
0.6875,0.44,0.5366,0.7985
0.9333,0.6087,0.7368,0.94
0.9333,0.5833,0.7179,0.9073
0.875,0.6667,0.7568,0.9519
0.9375,0.625,0.75,0.9069
1.0,0.6154,0.7619,0.9775
0.7333,0.5789,0.6471,0.884
0.7333,0.4783,0.5789,0.8587
0.75,0.5455,0.6316,0.8878
0.8125,0.52,0.6341,0.9043
0.875,0.6667,0.7568,0.898
0.625,0.5263,0.5714,0.8055
0.875,0.6087,0.7179,0.9209
0.875,0.6667,0.7568,0.9019
0.9375,0.5556,0.6977,0.9337
0.875,0.56,0.6829,0.8906
0.8667,0.619,0.7222,0.9207
0.9333,0.5385,0.6829,0.918
0.8125,0.7647,0.7879,0.949
0.625,0.4762,0.5405,0.8393
0.875,0.6087,0.7179,0.9439
0.8125,0.5417,0.65,0.8661
0.6875,0.4231,0.5238,0.7908
0.875,0.5385,0.6667,0.9225
0.6875,0.5789,0.6286,0.9263
0.75,0.6316,0.6857,0.8594
0.875,0.5833,0.7,0.8871
0.8125,0.619,0.7027,0.8839
0.9375,0.6522,0.7692,0.9515
0.9375,0.7143,0.8108,0.9617
0.875,0.6364,0.7368,0.8871
0.8667,0.65,0.7429,0.96
0.8,0.5,0.6154,0.892
0.8125,0.5909,0.6842,0.8769
0.6875,0.4783,0.5641,0.8387
0.6875,0.6111,0.6471,0.8544
0.9333,0.6364,0.7568,0.9427
0.9333,0.6087,0.7368,0.934
0.75,0.5714,0.6486,0.8903
0.9375,0.5769,0.7143,0.9426
0.875,0.5185,0.6512,0.9145
0.6875,0.5238,0.5946,0.8897
1.0,0.5333,0.6957,0.9592
0.6875,0.6875,0.6875,0.8912
0.875,0.5385,0.6667,0.9363
0.75,0.6316,0.6857,0.8625
1.0,0.5769,0.7317,0.9787
0.9333,0.5385,0.6829,0.922
0.625,0.625,0.625,0.875
0.8125,0.4815,0.6047,0.9005
0.875,0.6364,0.7368,0.8954
0.75,0.48,0.5854,0.8195
0.9375,0.6,0.7317,0.9158
0.875,0.56,0.6829,0.9175
0.9375,0.5556,0.6977,0.8706
0.6875,0.5,0.5789,0.8769
0.8667,0.5417,0.6667,0.8773
0.9333,0.6667,0.7778,0.9653
0.8125,0.619,0.7027,0.9082
0.875,0.7,0.7778,0.9528
0.8125,0.4815,0.6047,0.8457
0.8125,0.619,0.7027,0.9298
0.9375,0.5357,0.6818,0.9139
0.875,0.7,0.7778,0.9375
0.875,0.7368,0.8,0.9537
0.6875,0.6471,0.6667,0.8875
0.6667,0.4167,0.5128,0.7727
0.8,0.5714,0.6667,0.9013
0.875,0.56,0.6829,0.9209
0.9375,0.625,0.75,0.9362
0.9375,0.6522,0.7692,0.9579
0.9375,0.5357,0.6818,0.9165
0.625,0.5,0.5556,0.8361
0.875,0.4667,0.6087,0.9025
0.875,0.56,0.6829,0.8712
0.75,0.5217,0.6154,0.8538
0.8,0.5217,0.6316,0.884
0.8,0.6,0.6857,0.9213
0.75,0.8571,0.8,0.9362
0.875,0.6364,0.7368,0.9031
0.6875,0.7333,0.7097,0.9222
0.75,0.48,0.5854,0.8763
0.9375,0.5,0.6522,0.9005
0.9375,0.5556,0.6977,0.9187
0.75,0.5455,0.6316,0.8975
1.0,0.6154,0.7619,0.95
0.8667,0.5417,0.6667,0.914
0.7333,0.5789,0.6471,0.84
0.75,0.5,0.6,0.8661
0.9375,0.6,0.7317,0.9375
0.875,0.6667,0.7568,0.9656
0.8125,0.5652,0.6667,0.8827
0.75,0.5714,0.6486,0.8788
0.9375,0.6818,0.7895,0.9413
0.8125,0.52,0.6341,0.8938
0.75,0.5714,0.6486,0.9081
0.6667,0.5882,0.625,0.84
1.0,0.625,0.7692,0.9653
1.0,0.5714,0.7273,0.9426
0.8125,0.4815,0.6047,0.8565
0.625,0.5882,0.6061,0.8323
0.8125,0.5417,0.65,0.8814
0.8125,0.5909,0.6842,0.9171
0.8125,0.65,0.7222,0.8969
0.875,0.56,0.6829,0.9113
0.8125,0.8667,0.8387,0.9513
0.9333,0.6087,0.7368,0.936
0.8,0.5,0.6154,0.8773
0.75,0.5455,0.6316,0.8431
0.8125,0.619,0.7027,0.9082
0.9375,0.5,0.6522,0.9094
0.875,0.56,0.6829,0.9056
0.8125,0.6842,0.7429,0.9407
0.75,0.6316,0.6857,0.8956
0.8125,0.5909,0.6842,0.8675
0.625,0.625,0.625,0.9125
0.7333,0.55,0.6286,0.8793
1.0,0.5556,0.7143,0.9133
0.6875,0.5,0.5789,0.8208
0.875,0.56,0.6829,0.9005
0.875,0.6667,0.7568,0.9541
0.75,0.6316,0.6857,0.9324
0.8125,0.52,0.6341,0.9088
0.8125,0.52,0.6341,0.9169
1.0,0.5926,0.7442,0.9825
0.625,0.5,0.5556,0.8256
0.6667,0.5263,0.5882,0.912
0.7333,0.6111,0.6667,0.8787
0.875,0.4516,0.5957,0.8884
0.75,0.5714,0.6486,0.8782
0.9375,0.625,0.75,0.9247
0.9375,0.5769,0.7143,0.9343
0.875,0.7368,0.8,0.9362
0.8125,0.4643,0.5909,0.8619
0.75,0.5217,0.6154,0.8912
0.8125,0.619,0.7027,0.9144
0.8,0.5455,0.6486,0.9307
0.9333,0.5385,0.6829,0.9267
0.8125,0.5909,0.6842,0.9165
0.6875,0.6471,0.6667,0.8584
0.875,0.6087,0.7179,0.9107
0.875,0.7368,0.8,0.9413
1.0,0.5333,0.6957,0.9394
0.8125,0.5,0.619,0.8575
0.75,0.5217,0.6154,0.9063
0.9375,0.5556,0.6977,0.9163
0.8,0.4138,0.5455,0.8107
0.9333,0.6087,0.7368,0.9773
0.875,0.6667,0.7568,0.949
0.8125,0.5909,0.6842,0.8673
0.9375,0.5172,0.6667,0.8865
0.875,0.6364,0.7368,0.9337
0.9375,0.5769,0.7143,0.949
0.8125,0.4194,0.5532,0.8738
0.8125,0.5652,0.6667,0.9137
0.75,0.5,0.6,0.885
0.8667,0.5417,0.6667,0.9227
0.8,0.6316,0.7059,0.9453
0.6875,0.55,0.6111,0.8801
0.875,0.56,0.6829,0.9005
0.8125,0.65,0.7222,0.8954
0.875,0.5833,0.7,0.8731
0.75,0.6,0.6667,0.8501
0.75,0.4615,0.5714,0.8081
0.875,0.6364,0.7368,0.9425
0.9375,0.6818,0.7895,0.9325
0.8,0.6667,0.7273,0.9027
1.0,0.5172,0.6818,0.9147
1.0,0.6154,0.7619,0.9554
0.875,0.5185,0.6512,0.9133
0.8125,0.6842,0.7429,0.9184
0.875,0.5,0.6364,0.8929
0.875,0.5,0.6364,0.9031
0.5625,0.4737,0.5143,0.8156
0.9375,0.5172,0.6667,0.9213
0.875,0.7368,0.8,0.9363
0.7333,0.5,0.5946,0.8733
0.8,0.5,0.6154,0.852
1.0,0.6154,0.7619,0.9388
0.875,0.5833,0.7,0.9177
0.8125,0.5652,0.6667,0.9388
0.8125,0.619,0.7027,0.9094
0.6875,0.5,0.5789,0.8839
0.875,0.5385,0.6667,0.9006
0.75,0.48,0.5854,0.8644
1.0,0.7273,0.8421,0.9625
0.8,0.6,0.6857,0.9147
0.8667,0.4483,0.5909,0.9007
0.875,0.6667,0.7568,0.9471
0.75,0.5455,0.6316,0.8776
0.875,0.6087,0.7179,0.9413
0.75,0.6,0.6667,0.8642
0.625,0.5,0.5556,0.8622
0.8125,0.5417,0.65,0.8769
0.9375,0.6522,0.7692,0.9394
1.0,0.64,0.7805,0.9125
0.875,0.56,0.6829,0.9247
0.875,0.5833,0.7,0.9381
0.875,0.5,0.6364,0.8648
0.75,0.6,0.6667,0.8801
0.9375,0.6,0.7317,0.9235
0.8,0.6667,0.7273,0.91
0.8,0.5217,0.6316,0.9227
0.9375,0.5556,0.6977,0.91
0.8125,0.4483,0.5778,0.8812
0.6875,0.5,0.5789,0.8425
0.8125,0.5417,0.65,0.9184
0.875,0.56,0.6829,0.9375
0.8125,0.5652,0.6667,0.9171
0.75,0.5714,0.6486,0.8559
0.75,0.5714,0.6486,0.8622
0.8667,0.619,0.7222,0.9413
0.6667,0.5,0.5714,0.862
