RUSBag
0.9286,0.5909,0.7222,0.9351
0.6923,0.3462,0.4615,0.7771
0.9231,0.6,0.7273,0.9318
0.7692,0.7692,0.7692,0.9554
0.8571,0.5455,0.6667,0.9385
0.9286,0.8125,0.8667,0.9759
0.7857,0.6471,0.7097,0.9219
0.9286,0.619,0.7429,0.9527
0.9286,0.65,0.7647,0.9626
0.9286,0.8125,0.8667,0.9743
1.0,0.6364,0.7778,0.9513
0.7143,0.5882,0.6452,0.848
1.0,0.6087,0.7568,0.907
0.8571,0.75,0.8,0.9701
0.7143,0.5882,0.6452,0.9261
0.9286,0.52,0.6667,0.8646
1.0,0.8235,0.9032,0.9801
0.8462,0.6471,0.7333,0.9598
1.0,0.5417,0.7027,0.9677
0.7692,0.5556,0.6452,0.9318
0.9286,0.7222,0.8125,0.9643
1.0,0.5909,0.7429,0.9598
0.8462,0.4783,0.6111,0.8636
0.7692,0.5556,0.6452,0.9091
0.7857,0.6875,0.7333,0.9236
1.0,0.6364,0.7778,0.936
0.7857,0.5238,0.6286,0.8854
0.9286,0.65,0.7647,0.9535
0.7857,0.6471,0.7097,0.9319
0.9286,0.7222,0.8125,0.9593
0.9286,0.5652,0.7027,0.9432
0.7692,0.5263,0.625,0.9143
1.0,0.5652,0.7222,0.9703
0.8462,0.5238,0.6471,0.9353
0.9286,0.65,0.7647,0.9551
0.8571,0.6,0.7059,0.9435
1.0,0.7,0.8235,0.9336
0.9286,0.65,0.7647,0.9145
0.9286,0.6842,0.7879,0.9452
0.7857,0.6471,0.7097,0.9286
0.7857,0.5,0.6111,0.888
0.9231,0.6,0.7273,0.951
0.8462,0.6111,0.7097,0.9012
1.0,0.8125,0.8966,0.9948
0.8571,0.5217,0.6486,0.8605
1.0,0.56,0.7179,0.9718
0.9286,0.52,0.6667,0.9203
1.0,0.7,0.8235,0.9651
0.8571,0.6316,0.7273,0.9535
0.8571,0.6316,0.7273,0.9635
1.0,0.7368,0.8485,0.9724
0.9286,0.5417,0.6842,0.9219
0.7857,0.6875,0.7333,0.9485
1.0,0.6087,0.7568,0.9468
0.9286,0.6842,0.7879,0.946
0.9286,0.52,0.6667,0.8987
0.9286,0.8125,0.8667,0.9792
0.9231,0.5714,0.7059,0.9493
0.7692,0.5263,0.625,0.8497
0.6923,0.5294,0.6,0.9161
0.9286,0.5652,0.7027,0.9253
1.0,0.65,0.7879,0.9685
1.0,0.65,0.7879,0.9476
0.9231,0.5714,0.7059,0.91
0.7857,0.7333,0.7586,0.9286
0.7857,0.5789,0.6667,0.9452
1.0,0.5833,0.7368,0.9535
0.9286,0.5909,0.7222,0.9236
0.8571,0.6316,0.7273,0.9286
0.7857,0.55,0.6471,0.8372
1.0,0.6087,0.7568,0.9513
0.8571,0.48,0.6154,0.8837
0.8571,0.6316,0.7273,0.9252
1.0,0.6667,0.8,0.9718
0.9286,0.7222,0.8125,0.9385
0.6429,0.6,0.6207,0.8721
0.9286,0.6842,0.7879,0.9336
0.9231,0.7059,0.8,0.972
0.8462,0.55,0.6667,0.9353
0.7692,0.5556,0.6452,0.9196
0.8571,0.7059,0.7742,0.905
0.7857,0.6111,0.6875,0.9053
0.9286,0.7222,0.8125,0.9601
0.9286,0.7647,0.8387,0.9601
0.8571,0.6316,0.7273,0.9518
0.8571,0.5217,0.6486,0.8746
0.9286,0.5909,0.7222,0.9635
0.8462,0.6875,0.7586,0.9257
0.8462,0.6111,0.7097,0.8969
0.9231,0.48,0.6316,0.9082
0.7857,0.7857,0.7857,0.9659
1.0,0.5652,0.7222,0.9545
0.8462,0.5789,0.6875,0.9318
0.7692,0.6667,0.7143,0.9441
0.9286,0.65,0.7647,0.9502
0.7143,0.4762,0.5714,0.8837
0.8571,0.6316,0.7273,0.9327
0.9286,0.619,0.7429,0.9186
1.0,0.6087,0.7568,0.9801
0.9286,0.5909,0.7222,0.9219
0.9286,0.7647,0.8387,0.9667
0.9286,0.5417,0.6842,0.9136
1.0,0.6364,0.7778,0.9618
0.7857,0.6471,0.7097,0.9003
0.9286,0.65,0.7647,0.8978
1.0,0.6087,0.7568,0.936
0.9286,0.7647,0.8387,0.9751
0.9231,0.6,0.7273,0.9598
0.7692,0.5263,0.625,0.9056
1.0,0.7647,0.8667,0.9878
0.8571,0.6667,0.75,0.9294
1.0,0.619,0.7647,0.9913
0.6923,0.5625,0.6207,0.9143
0.9231,0.6,0.7273,0.9231
1.0,0.56,0.7179,0.9186
0.9286,0.5417,0.6842,0.9169
0.9286,0.7222,0.8125,0.9651
1.0,0.7,0.8235,0.9576
0.7857,0.6111,0.6875,0.8978
0.9286,0.65,0.7647,0.9535
0.8571,0.5455,0.6667,0.9302
1.0,0.7222,0.8387,0.979
0.8462,0.6471,0.7333,0.9371
0.8462,0.55,0.6667,0.8881
0.9286,0.6842,0.7879,0.9585
0.8571,0.7059,0.7742,0.9651
0.8571,0.6316,0.7273,0.8754
0.9286,0.5,0.65,0.9286
1.0,0.6667,0.8,0.9601
1.0,0.8235,0.9032,0.9934
1.0,0.7368,0.8485,0.9708
0.9231,0.6316,0.75,0.9336
0.7692,0.6667,0.7143,0.8995
0.9231,0.6316,0.75,0.951
0.8571,0.5714,0.6857,0.9327
0.9286,0.619,0.7429,0.9344
0.7857,0.6875,0.7333,0.8962
0.8571,0.5217,0.6486,0.8862
1.0,0.5833,0.7368,0.9601
0.9286,0.5909,0.7222,0.9203
1.0,0.5833,0.7368,0.9432
0.7692,0.5556,0.6452,0.9021
0.9231,0.6,0.7273,0.8942
0.9231,0.5455,0.6857,0.9143
1.0,0.6364,0.7778,0.9551
0.9286,0.5652,0.7027,0.9419
0.9286,0.5909,0.7222,0.9302
0.7857,0.7333,0.7586,0.9269
0.9286,0.6842,0.7879,0.9618
0.9286,0.7647,0.8387,0.9718
0.8571,0.5714,0.6857,0.9286
0.9231,0.7059,0.8,0.9467
0.9231,0.7059,0.8,0.9615
0.9231,0.6,0.7273,0.8969
0.8571,0.6667,0.75,0.941
1.0,0.6667,0.8,0.9551
0.9286,0.5,0.65,0.8904
0.9286,0.619,0.7429,0.9136
0.7857,0.6875,0.7333,0.9626
0.9286,0.65,0.7647,0.9468
0.9286,0.5,0.65,0.8977
1.0,0.619,0.7647,0.924
0.9231,0.7059,0.8,0.965
0.9231,0.5714,0.7059,0.917
0.8571,0.8571,0.8571,0.9817
0.7857,0.55,0.6471,0.9178
0.9286,0.7647,0.8387,0.9684
0.9286,0.5909,0.7222,0.9385
1.0,0.7368,0.8485,0.9518
0.8571,0.6667,0.75,0.9319
0.7857,0.55,0.6471,0.9042
1.0,0.5,0.6667,0.9965
0.6154,0.5,0.5517,0.924
0.9231,0.7059,0.8,0.9406
1.0,0.7368,0.8485,0.9701
0.9286,0.5909,0.7222,0.9493
0.7857,0.6875,0.7333,0.9153
0.9286,0.65,0.7647,0.9169
0.9286,0.5909,0.7222,0.907
1.0,0.6667,0.8,0.946
0.8571,0.75,0.8,0.9237
0.9231,0.6,0.7273,0.9397
1.0,0.65,0.7879,0.972
1.0,0.5417,0.7027,0.9336
0.9286,0.4815,0.6341,0.8555
1.0,0.7,0.8235,0.9518
0.9286,0.5417,0.6842,0.9385
0.7143,0.625,0.6667,0.8854
1.0,0.7778,0.875,0.9601
0.9286,0.7222,0.8125,0.9701
0.7857,0.5,0.6111,0.9188
0.7692,0.4545,0.5714,0.8523
0.7692,0.7143,0.7407,0.9563
0.9231,0.6316,0.75,0.951
0.7857,0.6111,0.6875,0.9211
1.0,0.7368,0.8485,0.9701
0.9286,0.5909,0.7222,0.9535
0.9286,0.619,0.7429,0.9286
0.6429,0.5625,0.6,0.858
1.0,0.5833,0.7368,0.9784
1.0,0.7778,0.875,0.9773
0.8462,0.5789,0.6875,0.9493
0.9231,0.5714,0.7059,0.9318
0.6923,0.4737,0.5625,0.9073
0.7857,0.5238,0.6286,0.897
0.9286,0.5909,0.7222,0.9169
0.9286,0.52,0.6667,0.9502
0.8571,0.75,0.8,0.8804
0.8571,0.7059,0.7742,0.9485
0.9286,0.5652,0.7027,0.9477
0.9286,0.5652,0.7027,0.9513
1.0,0.6842,0.8125,0.979
0.9231,0.5714,0.7059,0.9545
0.6923,0.6,0.6429,0.8427
1.0,0.6087,0.7568,0.9419
0.9286,0.5909,0.7222,0.9336
0.9286,0.7222,0.8125,0.9618
0.8571,0.5714,0.6857,0.9327
0.9286,0.619,0.7429,0.9485
0.9286,0.5909,0.7222,0.9286
0.8571,0.6667,0.75,0.9659
0.9286,0.6842,0.7879,0.9485
1.0,0.8235,0.9032,0.9651
0.7143,0.625,0.6667,0.9169
0.9286,0.4815,0.6341,0.9336
0.9286,0.6842,0.7879,0.9668
0.8571,0.7059,0.7742,0.9693
1.0,0.619,0.7647,0.9615
0.8462,0.6875,0.7586,0.8934
0.9231,0.4,0.5581,0.8881
0.7143,0.6667,0.6897,0.9407
1.0,0.6842,0.8125,0.9799
1.0,0.65,0.7879,0.9773
1.0,0.52,0.6842,0.9213
0.8571,0.7059,0.7742,0.9444
0.7857,0.6471,0.7097,0.9302
0.7143,0.5263,0.6061,0.8563
1.0,0.5833,0.7368,0.9718
1.0,0.5833,0.7368,0.9502
0.8571,0.6,0.7059,0.9169
0.8571,0.6,0.7059,0.9294
0.8462,0.6111,0.7097,0.8942
0.6923,0.6429,0.6667,0.9353
1.0,0.5417,0.7027,0.9458
0.6429,0.6429,0.6429,0.9244
1.0,0.56,0.7179,0.9186
0.8571,0.6667,0.75,0.9402
0.9286,0.65,0.7647,0.9635
0.8571,0.75,0.8,0.9585
0.9286,0.6842,0.7879,0.9493
1.0,0.6364,0.7778,0.9594
1.0,0.7,0.8235,0.9734
0.7143,0.8333,0.7692,0.9734
0.9286,0.619,0.7429,0.9219
0.8571,0.6316,0.7273,0.9136
0.8571,0.5455,0.6667,0.9302
0.8571,0.5455,0.6667,0.8995
0.6923,0.5,0.5806,0.8855
0.8462,0.6875,0.7586,0.9668
0.9231,0.48,0.6316,0.8969
0.9286,0.65,0.7647,0.9756
0.8571,0.6316,0.7273,0.9435
0.9286,0.7222,0.8125,0.9668
1.0,0.6364,0.7778,0.9693
0.8571,0.6316,0.7273,0.9186
0.7857,0.6471,0.7097,0.9203
1.0,0.6087,0.7568,0.941
0.9231,0.48,0.6316,0.8837
0.8462,0.5238,0.6471,0.9371
0.6923,0.5294,0.6,0.8864
0.9286,0.619,0.7429,0.9131
0.9231,0.48,0.6316,0.9196
1.0,0.52,0.6842,0.9161
0.9231,0.6667,0.7742,0.958
1.0,0.6087,0.7568,0.9718
0.9286,0.5417,0.6842,0.9169
0.8571,0.6,0.7059,0.8671
0.9286,0.7647,0.8387,0.9527
0.8571,0.75,0.8,0.9684
0.8571,0.7059,0.7742,0.9718
1.0,0.7,0.8235,0.9675
0.9231,0.6667,0.7742,0.9615
0.9231,0.5714,0.7059,0.9248
0.9231,0.5455,0.6857,0.8497
1.0,0.9333,0.9655,0.9967
0.8571,0.48,0.6154,0.8953
0.7143,0.6667,0.6897,0.9003
1.0,0.5833,0.7368,0.9302
0.7143,0.5263,0.6061,0.9186
0.7143,0.625,0.6667,0.9028
0.9286,0.65,0.7647,0.961
0.7692,0.5882,0.6667,0.9065
0.6154,0.4444,0.5161,0.8706
0.9231,0.6316,0.75,0.9257
0.9286,0.65,0.7647,0.9053
0.8571,0.4286,0.5714,0.8804
0.9286,0.7222,0.8125,0.9651
0.9286,0.8125,0.8667,0.985
0.8571,0.6667,0.75,0.9419
0.9286,0.5909,0.7222,0.9369
0.8571,0.5455,0.6667,0.9407
1.0,0.6364,0.7778,0.9419
0.9286,0.5909,0.7222,0.9635
0.8571,0.6,0.7059,0.9169
0.9286,0.7222,0.8125,0.9319
0.7857,0.7333,0.7586,0.9485
0.8571,0.6667,0.75,0.9178
1.0,0.619,0.7647,0.965
1.0,0.619,0.7647,0.9589
0.8462,0.55,0.6667,0.9301
0.7857,0.5789,0.6667,0.9099
0.7692,0.5556,0.6452,0.9056
0.9231,0.5455,0.6857,0.9283
1.0,0.7647,0.8667,0.9738
0.7857,0.44,0.5641,0.8015
0.9286,0.7647,0.8387,0.9651
1.0,0.6364,0.7778,0.9867
0.8571,0.5,0.6316,0.8995
0.7143,0.7692,0.7407,0.9502
1.0,0.5833,0.7368,0.8937
0.9286,0.7222,0.8125,0.9805
1.0,0.7222,0.8387,0.9843
0.8462,0.5789,0.6875,0.9502
0.7692,0.5263,0.625,0.8802
0.9286,0.5417,0.6842,0.907
1.0,0.5,0.6667,0.8953
0.7857,0.5789,0.6667,0.9244
0.7857,0.6875,0.7333,0.941
0.9286,0.6842,0.7879,0.9402
0.8571,0.6,0.7059,0.9377
0.9286,0.65,0.7647,0.9367
0.8462,0.7857,0.8148,0.9615
0.7692,0.5882,0.6667,0.8313
0.9231,0.6667,0.7742,0.965
0.7143,0.5882,0.6452,0.9302
1.0,0.8235,0.9032,0.9834
0.9286,0.5652,0.7027,0.9228
1.0,0.6364,0.7778,0.9493
0.9286,0.5652,0.7027,0.9344
0.9286,0.5417,0.6842,0.9219
0.7857,0.5,0.6111,0.9107
1.0,0.7647,0.8667,0.9808
1.0,0.619,0.7647,0.9292
1.0,0.5,0.6667,0.9528
0.9286,0.6842,0.7879,0.9385
0.9286,0.5652,0.7027,0.9045
0.8571,0.8,0.8276,0.9601
0.9286,0.619,0.7429,0.9701
0.9286,0.619,0.7429,0.9145
0.7857,0.6471,0.7097,0.9568
0.7857,0.5,0.6111,0.8799
0.9231,0.4138,0.5714,0.9073
0.9231,0.6,0.7273,0.9563
0.9231,0.6316,0.75,0.9336
0.7143,0.7143,0.7143,0.8953
1.0,0.6667,0.8,0.9576
0.8571,0.6667,0.75,0.9551
0.8571,0.6,0.7059,0.8821
0.9286,0.7222,0.8125,0.9585
0.9286,0.7647,0.8387,0.9751
0.9286,0.65,0.7647,0.9537
0.9231,0.6,0.7273,0.9178
0.9231,0.6316,0.75,0.924
0.8462,0.6875,0.7586,0.9388
0.9286,0.5652,0.7027,0.9452
0.9286,0.5,0.65,0.863
0.9286,0.65,0.7647,0.9452
0.9286,0.7222,0.8125,0.9618
0.9286,0.65,0.7647,0.9493
0.6429,0.5625,0.6,0.9086
0.8571,0.8,0.8276,0.9643
1.0,0.7,0.8235,0.9659
1.0,0.56,0.7179,0.9444
0.7857,0.5789,0.6667,0.9485
0.7857,0.5789,0.6667,0.9286
0.7143,0.5882,0.6452,0.9244
0.9286,0.5909,0.7222,0.9435
0.8462,0.5789,0.6875,0.9266
0.7692,0.5263,0.625,0.8724
0.9231,0.5455,0.6857,0.958
0.9286,0.5652,0.7027,0.9334
0.9231,0.6316,0.75,0.9545
0.7692,0.5882,0.6667,0.9178
0.9231,0.7059,0.8,0.9353
0.9286,0.5417,0.6842,0.9186
0.8571,0.5455,0.6667,0.8804
1.0,0.8235,0.9032,0.9593
0.9286,0.65,0.7647,0.9244
0.9286,0.65,0.7647,0.9751
0.9286,0.7222,0.8125,0.9236
0.9286,0.5417,0.6842,0.9334
0.7692,0.5882,0.6667,0.9283
0.8462,0.7857,0.8148,0.9703
1.0,0.5,0.6667,0.9038
0.8571,0.6,0.7059,0.9219
0.9286,0.65,0.7647,0.9419
0.9286,0.6842,0.7879,0.9668
0.8571,0.7059,0.7742,0.8929
1.0,0.6087,0.7568,0.9452
0.9286,0.619,0.7429,0.8945
0.9286,0.5652,0.7027,0.901
1.0,0.5652,0.7222,0.9633
0.9231,0.6667,0.7742,0.9668
1.0,0.5652,0.7222,0.972
0.7857,0.5789,0.6667,0.8721
0.8571,0.6316,0.7273,0.9203
0.8571,0.5714,0.6857,0.9103
0.7857,0.5789,0.6667,0.9369
0.9286,0.65,0.7647,0.9311
1.0,0.6364,0.7778,0.9385
0.9286,0.7222,0.8125,0.9497
0.9286,0.619,0.7429,0.9037
0.9286,0.6842,0.7879,0.9551
0.9286,0.5417,0.6842,0.9419
0.7143,0.7143,0.7143,0.9086
1.0,0.7,0.8235,0.9934
0.5714,0.381,0.4571,0.8123
0.9231,0.6667,0.7742,0.9493
0.9231,0.8,0.8571,0.9773
0.8462,0.4583,0.5946,0.8899
0.9286,0.5909,0.7222,0.9529
0.9231,0.7059,0.8,0.9205
0.9231,0.5714,0.7059,0.9248
1.0,0.65,0.7879,0.979
0.9286,0.5652,0.7027,0.9427
0.8571,0.7059,0.7742,0.9551
0.8571,0.6,0.7059,0.9452
0.9286,0.619,0.7429,0.9095
0.8571,0.6667,0.75,0.9228
0.7857,0.5238,0.6286,0.9219
0.9286,0.4815,0.6341,0.9383
0.7143,0.625,0.6667,0.8837
0.9286,0.5909,0.7222,0.887
0.8571,0.6316,0.7273,0.9169
0.9286,0.65,0.7647,0.9352
1.0,0.7778,0.875,0.9585
1.0,0.7,0.8235,0.9701
0.8462,0.6471,0.7333,0.951
0.7692,0.625,0.6897,0.9248
1.0,0.8125,0.8966,0.9825
1.0,0.56,0.7179,0.9456
0.7692,0.4545,0.5714,0.8794
0.9231,0.5714,0.7059,0.9563
0.9231,0.7059,0.8,0.9528
0.8571,0.6316,0.7273,0.9277
1.0,0.6087,0.7568,0.9468
0.8571,0.5714,0.6857,0.9219
0.8571,0.7059,0.7742,0.9568
0.8571,0.7059,0.7742,0.8929
1.0,0.7,0.8235,0.9684
0.9286,0.5909,0.7222,0.9294
0.9231,0.6667,0.7742,0.9825
0.9231,0.8571,0.8889,0.9808
0.9231,0.8571,0.8889,0.9773
0.9286,0.7222,0.8125,0.9369
0.7857,0.5238,0.6286,0.8754
0.8571,0.5455,0.6667,0.8505
1.0,0.56,0.7179,0.9452
0.8571,0.6,0.7059,0.863
1.0,0.6364,0.7778,0.9842
0.9286,0.5909,0.7222,0.9407
1.0,0.5909,0.7429,0.9441
0.9231,0.6667,0.7742,0.9554
1.0,0.65,0.7879,0.9633
0.8571,0.6316,0.7273,0.9228
0.7143,0.5263,0.6061,0.9037
0.7857,0.6111,0.6875,0.902
1.0,0.56,0.7179,0.9095
1.0,0.6364,0.7778,0.9767
0.9286,0.619,0.7429,0.9668
0.9286,0.6842,0.7879,0.9221
0.9231,0.6,0.7273,0.91
1.0,0.7222,0.8387,0.9703
0.9231,0.6667,0.7742,0.9336
0.8571,0.6,0.7059,0.9194
0.8571,0.8,0.8276,0.9643
1.0,0.7,0.8235,0.9568
0.9286,0.5417,0.6842,0.8796
0.9286,0.619,0.7429,0.9485
0.9286,0.5909,0.7222,0.9236
0.9286,0.5909,0.7222,0.9245
1.0,0.6667,0.8,0.9618
0.9286,0.6842,0.7879,0.9651
0.7857,0.55,0.6471,0.8638
0.9286,0.65,0.7647,0.9684
0.7857,0.8462,0.8148,0.892
0.8571,0.6667,0.75,0.9369
0.8462,0.4583,0.5946,0.8995
0.8462,0.6875,0.7586,0.9484
1.0,0.619,0.7647,0.9799
0.8571,0.6,0.7059,0.9205
0.8571,0.6316,0.7273,0.9186
1.0,0.56,0.7179,0.9286
0.8571,0.7059,0.7742,0.9103
1.0,0.7,0.8235,0.9917
0.7143,0.5556,0.625,0.8713
0.9286,0.6842,0.7879,0.9037
0.8462,0.6111,0.7097,0.9388
0.9231,0.6,0.7273,0.9196
1.0,0.65,0.7879,0.965
0.8571,0.7059,0.7742,0.9554
0.5714,0.5,0.5333,0.892
0.8571,0.5217,0.6486,0.7998
0.9286,0.5909,0.7222,0.9244
0.9286,0.65,0.7647,0.9684
0.8571,0.75,0.8,0.9385
0.9286,0.5652,0.7027,0.9203
0.8462,0.7333,0.7857,0.965
1.0,0.7647,0.8667,0.9773
1.0,0.619,0.7647,0.9318
0.9286,0.65,0.7647,0.9724
0.7692,0.625,0.6897,0.9152
0.8462,0.5789,0.6875,0.8802
1.0,0.7222,0.8387,0.9738
0.8571,0.6316,0.7273,0.9502
0.8571,0.5714,0.6857,0.9252
0.7143,0.5263,0.6061,0.9037
0.9286,0.5652,0.7027,0.9651
1.0,0.7,0.8235,0.9369
0.9286,0.5417,0.6842,0.9252
0.7857,0.5789,0.6667,0.8864
0.8462,0.5789,0.6875,0.9397
0.9231,0.5714,0.7059,0.9379
0.9231,0.48,0.6316,0.8872
0.8571,0.75,0.8,0.9219
0.9286,0.65,0.7647,0.9701
1.0,0.7368,0.8485,0.9518
0.9286,0.65,0.7647,0.9385
0.9286,0.5909,0.7222,0.9302
0.8571,0.6316,0.7273,0.9261
0.8571,0.5455,0.6667,0.8231
1.0,0.8125,0.8966,0.9685
0.9231,0.5714,0.7059,0.9598
1.0,0.5909,0.7429,0.9773
0.8571,0.5217,0.6486,0.9252
0.9286,0.619,0.7429,0.9601
0.7143,0.5556,0.625,0.8654
1.0,0.7,0.8235,0.9767
1.0,0.7,0.8235,0.9352
0.7857,0.6111,0.6875,0.9203
0.9286,0.65,0.7647,0.9724
0.9231,0.5455,0.6857,0.9231
1.0,0.7222,0.8387,0.9878
0.9231,0.7059,0.8,0.9773
1.0,0.6364,0.7778,0.9435
0.8571,0.6667,0.75,0.9651
0.7857,0.5789,0.6667,0.8837
1.0,0.6364,0.7778,0.9767
0.7857,0.55,0.6471,0.8081
0.8571,0.5217,0.6486,0.9037
0.9286,0.5909,0.7222,0.9692
1.0,0.619,0.7647,0.9895
1.0,0.5909,0.7429,0.9633
0.9231,0.6667,0.7742,0.889
0.7857,0.5,0.6111,0.8821
0.7857,0.6471,0.7097,0.9294
0.7857,0.6471,0.7097,0.9302
0.9286,0.65,0.7647,0.9103
0.9286,0.7222,0.8125,0.9684
0.8571,0.5,0.6316,0.8929
0.9286,0.7647,0.8387,0.9716
1.0,0.5652,0.7222,0.9633
0.9231,0.75,0.8276,0.9808
0.8462,0.6111,0.7097,0.951
0.6429,0.3913,0.4865,0.7799
1.0,0.6087,0.7568,0.9743
0.8571,0.5714,0.6857,0.8854
0.9286,0.6842,0.7879,0.9352
1.0,0.6087,0.7568,0.9668
0.9286,0.65,0.7647,0.907
0.9286,0.7222,0.8125,0.9464
0.8571,0.5217,0.6486,0.8887
1.0,0.6087,0.7568,0.9352
0.9286,0.6842,0.7879,0.9643
0.8571,0.6667,0.75,0.9385
1.0,0.6087,0.7568,0.9419
0.8571,0.6667,0.75,0.8978
1.0,0.5909,0.7429,0.9371
0.8462,0.9167,0.88,0.9668
0.9231,0.6,0.7273,0.9441
1.0,0.6364,0.7778,0.9562
0.9231,0.4615,0.6154,0.9266
0.7692,0.5556,0.6452,0.8951
0.9231,0.75,0.8276,0.9843
0.8571,0.6,0.7059,0.8762
0.9286,0.65,0.7647,0.9502
0.8571,0.6667,0.75,0.887
1.0,0.7368,0.8485,0.9452
0.7143,0.7143,0.7143,0.9477
0.9286,0.65,0.7647,0.9734
0.8571,0.6,0.7059,0.8661
1.0,0.619,0.7647,0.9458
0.8462,0.6111,0.7097,0.9012
0.9231,0.6667,0.7742,0.9458
1.0,0.56,0.7179,0.9219
0.9286,0.619,0.7429,0.9601
0.7857,0.6471,0.7097,0.9402
0.8571,0.6,0.7059,0.897
0.9286,0.65,0.7647,0.9585
1.0,0.6667,0.8,0.9668
0.8571,0.6667,0.75,0.9513
1.0,0.6842,0.8125,0.9545
0.7692,0.5882,0.6667,0.9371
0.8462,0.55,0.6667,0.9441
0.9286,0.619,0.7429,0.9709
0.7857,0.5238,0.6286,0.8762
0.8571,0.5455,0.6667,0.9086
0.8571,0.6667,0.75,0.9485
0.7857,0.4783,0.5946,0.8389
0.9286,0.619,0.7429,0.9327
1.0,0.6364,0.7778,0.9578
0.9231,0.6,0.7273,0.9231
0.8462,0.6111,0.7097,0.9502
0.8462,0.5238,0.6471,0.9292
0.8571,0.6,0.7059,0.9269
0.9286,0.7222,0.8125,0.9169
0.8571,0.6667,0.75,0.9369
1.0,0.5833,0.7368,0.9103
0.8571,0.5714,0.6857,0.9228
1.0,0.7,0.8235,0.9734
0.6429,0.6429,0.6429,0.9351
0.8571,0.5217,0.6486,0.907
0.9286,0.7647,0.8387,0.9236
1.0,0.5833,0.7368,0.9468
0.7857,0.6875,0.7333,0.9535
1.0,0.5385,0.7,0.9377
0.9286,0.619,0.7429,0.9302
0.9231,0.5455,0.6857,0.958
0.9231,0.5714,0.7059,0.9196
0.9231,0.7059,0.8,0.9738
0.7857,0.6111,0.6875,0.8945
0.7857,0.7333,0.7586,0.941
0.8571,0.6667,0.75,0.956
0.8571,0.5217,0.6486,0.8663
1.0,0.6364,0.7778,0.9618
0.9286,0.5909,0.7222,0.9252
0.8571,0.6316,0.7273,0.9394
0.9231,0.6316,0.75,0.9755
1.0,0.5909,0.7429,0.9685
0.8462,0.5238,0.6471,0.8453
1.0,0.5385,0.7,0.901
1.0,0.8125,0.8966,0.9843
0.9231,0.6667,0.7742,0.9615
1.0,0.619,0.7647,0.9755
0.7857,0.5,0.6111,0.902
0.8571,0.8571,0.8571,0.9684
0.8571,0.6,0.7059,0.8804
0.7857,0.5789,0.6667,0.8596
0.8571,0.5714,0.6857,0.9518
0.8571,0.6,0.7059,0.8713
0.9286,0.7222,0.8125,0.9773
0.8571,0.7059,0.7742,0.9502
1.0,0.56,0.7179,0.9302
0.8571,0.7059,0.7742,0.941
0.7857,0.6111,0.6875,0.9236
0.8571,0.5,0.6316,0.8679
0.7143,0.8333,0.7692,0.9452
0.8462,0.6875,0.7586,0.9371
0.9231,0.6667,0.7742,0.9633
0.8462,0.5789,0.6875,0.9073
0.9286,0.619,0.7429,0.9424
0.9231,0.6,0.7273,0.9187
0.7692,0.6667,0.7143,0.9633
0.8462,0.5789,0.6875,0.9222
1.0,0.6364,0.7778,0.9568
0.9286,0.52,0.6667,0.9086
0.9286,0.6842,0.7879,0.9668
0.7857,0.6111,0.6875,0.9352
0.9286,0.5909,0.7222,0.9161
0.9286,0.6842,0.7879,0.9518
1.0,0.7778,0.875,0.9643
0.9231,0.6316,0.75,0.9615
1.0,0.619,0.7647,0.9371
0.8462,0.6471,0.7333,0.924
0.8571,0.5455,0.6667,0.912
1.0,0.5833,0.7368,0.9178
0.7857,0.7333,0.7586,0.8912
0.8571,0.7059,0.7742,0.9593
0.7857,0.6111,0.6875,0.9236
0.7857,0.5,0.6111,0.9103
0.9286,0.5652,0.7027,0.875
1.0,0.52,0.6842,0.9808
0.8462,0.6471,0.7333,0.9257
0.9231,0.8,0.8571,0.903
0.7857,0.55,0.6471,0.853
0.8571,0.8,0.8276,0.9651
1.0,0.7,0.8235,0.9784
0.8571,0.7059,0.7742,0.9477
1.0,0.6667,0.8,0.985
0.9286,0.5652,0.7027,0.8978
1.0,0.5833,0.7368,0.9529
0.9231,0.5714,0.7059,0.958
0.8462,0.6471,0.7333,0.9406
0.8462,0.55,0.6667,0.9187
0.8571,0.7059,0.7742,0.9302
0.8571,0.5,0.6316,0.9136
0.7857,0.7333,0.7586,0.9485
0.9286,0.65,0.7647,0.9585
0.8571,0.5455,0.6667,0.8547
0.7857,0.6875,0.7333,0.9402
0.9286,0.619,0.7429,0.9205
0.9231,0.5217,0.6667,0.9091
1.0,0.619,0.7647,0.9615
0.8462,0.6471,0.7333,0.965
0.7857,0.5789,0.6667,0.8663
0.9286,0.5417,0.6842,0.9468
1.0,0.6087,0.7568,0.985
0.8571,0.8,0.8276,0.9518
0.8571,0.5455,0.6667,0.8821
0.8571,0.7059,0.7742,0.9419
0.9286,0.5652,0.7027,0.9221
0.7692,0.7143,0.7407,0.9336
1.0,0.7647,0.8667,0.9755
1.0,0.65,0.7879,0.958
1.0,0.6364,0.7778,0.9493
0.7857,0.6111,0.6875,0.8663
0.8571,0.6667,0.75,0.9535
0.8571,0.5714,0.6857,0.9003
0.9286,0.65,0.7647,0.8779
1.0,0.56,0.7179,0.9543
1.0,0.6087,0.7568,0.9497
0.9231,0.6316,0.75,0.9493
0.9231,0.7059,0.8,0.9126
0.9231,0.6316,0.75,0.9318
1.0,0.6364,0.7778,0.9286
0.8571,0.75,0.8,0.961
1.0,0.6087,0.7568,0.9269
0.7857,0.55,0.6471,0.8962
0.8571,0.6316,0.7273,0.9078
0.7857,0.5238,0.6286,0.9136
0.8571,0.6316,0.7273,0.9067
0.8462,0.6471,0.7333,0.9528
0.9231,0.5455,0.6857,0.9598
0.7692,0.5,0.6061,0.9021
0.8571,0.6,0.7059,0.907
0.9286,0.65,0.7647,0.9186
0.8571,0.6667,0.75,0.9676
1.0,0.6087,0.7568,0.9618
1.0,0.7,0.8235,0.9784
0.8571,0.6667,0.75,0.9319
0.9286,0.5909,0.7222,0.9075
1.0,0.5909,0.7429,0.9371
0.9231,0.6667,0.7742,0.9213
0.8462,0.6111,0.7097,0.9458
0.8571,0.75,0.8,0.9585
0.9286,0.5,0.65,0.907
1.0,0.6364,0.7778,0.9734
0.8571,0.7059,0.7742,0.9585
0.8571,0.6667,0.75,0.9635
0.9286,0.65,0.7647,0.9302
0.7857,0.4783,0.5946,0.8174
0.8462,0.55,0.6667,0.9143
0.7692,0.625,0.6897,0.8724
0.9231,0.6667,0.7742,0.9563
0.8571,0.6316,0.7273,0.9161
0.9286,0.619,0.7429,0.907
0.9286,0.7647,0.8387,0.9751
0.9286,0.5417,0.6842,0.9518
1.0,0.7,0.8235,0.9701
0.7857,0.6111,0.6875,0.9468
0.7857,0.6111,0.6875,0.8839
0.9231,0.5455,0.6857,0.8829
0.9231,0.6,0.7273,0.9502
1.0,0.619,0.7647,0.9336
0.9286,0.7647,0.8387,0.9767
0.9286,0.5909,0.7222,0.9618
0.8571,0.5455,0.6667,0.9037
0.9286,0.65,0.7647,0.9435
1.0,0.6667,0.8,0.9269
0.9286,0.5417,0.6842,0.9169
0.7857,0.5,0.6111,0.8945
0.9231,0.6,0.7273,0.9336
0.9231,0.6,0.7273,0.9773
0.9231,0.5217,0.6667,0.9301
0.9286,0.7647,0.8387,0.9651
0.8571,0.5714,0.6857,0.8929
0.7143,0.625,0.6667,0.8704
0.9286,0.619,0.7429,0.8854
1.0,0.6364,0.7778,0.9352
1.0,0.6667,0.8,0.9402
0.9286,0.619,0.7429,0.961
1.0,0.65,0.7879,0.9808
0.8462,0.5238,0.6471,0.9178
0.8462,0.55,0.6667,0.9021
0.7857,0.6471,0.7097,0.9419
0.9286,0.5909,0.7222,0.9286
1.0,0.7,0.8235,0.9734
1.0,0.7778,0.875,0.9759
0.7857,0.6471,0.7097,0.8738
0.7857,0.55,0.6471,0.9286
0.9286,0.65,0.7647,0.9635
0.8571,0.8571,0.8571,0.9767
0.7143,0.7143,0.7143,0.8646
1.0,0.7368,0.8485,0.9801
1.0,0.6087,0.7568,0.951
0.8571,0.5217,0.6486,0.8654
0.7857,0.5789,0.6667,0.907
1.0,0.6842,0.8125,0.958
0.8462,0.5238,0.6471,0.8942
1.0,0.619,0.7647,0.9685
0.9286,0.52,0.6667,0.8945
0.7692,0.5556,0.6452,0.9038
1.0,0.7647,0.8667,0.986
0.8462,0.6111,0.7097,0.958
0.8571,0.6667,0.75,0.9568
1.0,0.6364,0.7778,0.9435
0.8571,0.6316,0.7273,0.9169
0.8571,0.6,0.7059,0.9153
0.8571,0.6,0.7059,0.9261
0.7857,0.6111,0.6875,0.9078
0.9286,0.6842,0.7879,0.9602
0.8462,0.5238,0.6471,0.9135
0.6923,0.5,0.5806,0.854
1.0,0.5417,0.7027,0.9309
0.9286,0.5417,0.6842,0.9302
0.8571,0.6316,0.7273,0.9419
0.9286,0.9286,0.9286,0.9385
0.8571,0.6,0.7059,0.9286
0.8571,0.6667,0.75,0.9635
0.8571,0.7059,0.7742,0.9502
0.8571,0.5714,0.6857,0.9237
0.9231,0.8,0.8571,0.9825
0.8462,0.5789,0.6875,0.9248
1.0,0.4643,0.6341,0.8759
0.7857,0.6875,0.7333,0.9319
0.9286,0.6842,0.7879,0.9817
1.0,0.5833,0.7368,0.9452
0.8571,0.8,0.8276,0.9145
0.8571,0.5714,0.6857,0.9252
0.7143,0.5882,0.6452,0.9161
0.9286,0.619,0.7429,0.9529
1.0,0.619,0.7647,0.986
0.7692,0.625,0.6897,0.8934
1.0,0.65,0.7879,0.972
1.0,0.7,0.8235,0.9551
0.8571,0.6,0.7059,0.9095
1.0,0.5185,0.6829,0.8497
0.8571,0.75,0.8,0.9718
0.9286,0.7647,0.8387,0.99
0.6429,0.6,0.6207,0.8762
1.0,0.6087,0.7568,0.9318
0.7692,0.5882,0.6667,0.9318
0.7692,0.7143,0.7407,0.9397
1.0,0.65,0.7879,0.9458
1.0,0.6364,0.7778,0.9286
0.9286,0.65,0.7647,0.9319
1.0,0.7778,0.875,0.9817
0.9286,0.5652,0.7027,0.9543
1.0,0.5385,0.7,0.9618
0.7857,0.5789,0.6667,0.8522
0.9286,0.5909,0.7222,0.9448
0.7692,0.6667,0.7143,0.9213
1.0,0.5652,0.7222,0.9318
0.9231,0.7059,0.8,0.9615
0.9286,0.5909,0.7222,0.9385
0.9286,0.7222,0.8125,0.9734
0.7857,0.55,0.6471,0.8804
1.0,0.5833,0.7368,0.9734
0.8571,0.6316,0.7273,0.9169
1.0,0.6667,0.8,0.9344
0.8571,0.6,0.7059,0.9253
0.7692,0.625,0.6897,0.8479
0.8462,0.6875,0.7586,0.9589
0.9231,0.7059,0.8,0.9773
1.0,0.7,0.8235,0.9585
1.0,0.7368,0.8485,0.9701
0.9286,0.65,0.7647,0.9668
0.9286,0.5417,0.6842,0.8688
1.0,0.56,0.7179,0.9003
0.9286,0.619,0.7429,0.907
0.9286,0.5417,0.6842,0.9172
0.9231,0.6316,0.75,0.951
0.9231,0.6667,0.7742,0.9205
1.0,0.6842,0.8125,0.9773
0.8571,0.5714,0.6857,0.858
0.9286,0.65,0.7647,0.9435
1.0,0.7368,0.8485,0.9435
1.0,0.7778,0.875,0.9701
0.9286,0.65,0.7647,0.9635
0.9286,0.6842,0.7879,0.9485
0.9286,0.65,0.7647,0.9481
1.0,0.65,0.7879,0.9458
0.8462,0.55,0.6667,0.9301
0.7692,0.625,0.6897,0.9353
0.9286,0.619,0.7429,0.9684
0.9286,0.5652,0.7027,0.9145
0.7857,0.5238,0.6286,0.9252
0.8571,0.6316,0.7273,0.8804
0.8571,0.5455,0.6667,0.9302
0.8571,0.7059,0.7742,0.9145
0.7857,0.6111,0.6875,0.9351
0.8571,0.6667,0.75,0.9385
0.9286,0.5909,0.7222,0.9061
0.9286,0.5417,0.6842,0.9311
0.9286,0.5417,0.6842,0.9302
1.0,0.7,0.8235,0.9502
0.9286,0.6842,0.7879,0.9427
0.8462,0.6111,0.7097,0.8934
0.9231,0.6,0.7273,0.9266
1.0,0.65,0.7879,0.9668
0.8571,0.5217,0.6486,0.914
0.9286,0.619,0.7429,0.9045
1.0,0.7778,0.875,0.9668
0.8571,0.5217,0.6486,0.9402
0.8571,0.6,0.7059,0.9269
0.9286,0.6842,0.7879,0.9145
0.8571,0.7059,0.7742,0.9635
1.0,0.65,0.7879,0.9615
0.9231,0.6316,0.75,0.9467
0.6923,0.5,0.5806,0.8811
0.9286,0.52,0.6667,0.9026
1.0,0.8667,0.9286,0.993
0.9231,0.5714,0.7059,0.9493
1.0,0.65,0.7879,0.9301
0.7857,0.7857,0.7857,0.9585
0.9286,0.7222,0.8125,0.9676
0.8571,0.6316,0.7273,0.9319
0.9286,0.5652,0.7027,0.9136
0.8571,0.5217,0.6486,0.8862
0.8571,0.5714,0.6857,0.9485
0.9286,0.619,0.7429,0.9675
0.9231,0.5714,0.7059,0.8584
0.7692,0.5263,0.625,0.9336
0.6154,0.5,0.5517,0.8427
0.9286,0.65,0.7647,0.9701
0.9286,0.8125,0.8667,0.9668
0.9286,0.5652,0.7027,0.9352
0.7857,0.5789,0.6667,0.9219
0.9286,0.52,0.6667,0.9319
0.8571,0.6316,0.7273,0.9635
0.7857,0.4783,0.5946,0.8758
0.8462,0.7333,0.7857,0.9685
1.0,0.619,0.7647,0.9318
1.0,0.5909,0.7429,0.9371
0.9286,0.5652,0.7027,0.9053
0.7857,0.6111,0.6875,0.9086
0.8571,0.75,0.8,0.9527
1.0,0.6364,0.7778,0.9535
0.9286,0.5652,0.7027,0.9651
0.6429,0.5,0.5625,0.897
0.9286,0.619,0.7429,0.9383
1.0,0.6842,0.8125,0.9484
0.8462,0.6111,0.7097,0.9292
0.7692,0.5882,0.6667,0.9318
0.9286,0.7647,0.8387,0.9767
0.8571,0.6316,0.7273,0.9103
0.7857,0.7333,0.7586,0.9568
1.0,0.56,0.7179,0.9568
0.8571,0.5455,0.6667,0.9402
0.9286,0.5909,0.7222,0.9419
1.0,0.4828,0.6512,0.9269
0.9231,0.7059,0.8,0.9615
0.8462,0.6471,0.7333,0.9406
0.9231,0.5714,0.7059,0.9213
1.0,0.7368,0.8485,0.9884
1.0,0.8235,0.9032,0.99
0.9286,0.619,0.7429,0.9286
0.7857,0.6111,0.6875,0.9402
0.7857,0.55,0.6471,0.8771
0.7143,0.5882,0.6452,0.9194
1.0,0.6364,0.7778,0.9497
0.9231,0.6667,0.7742,0.9441
0.7692,0.7692,0.7692,0.972
0.8462,0.6111,0.7097,0.9563
0.9286,0.619,0.7429,0.9369
0.9286,0.5417,0.6842,0.9369
0.9286,0.619,0.7429,0.9236
0.8571,0.6,0.7059,0.9053
0.7857,0.5,0.6111,0.907
1.0,0.6087,0.7568,0.9527
0.8571,0.6,0.7059,0.8969
0.9286,0.5652,0.7027,0.9402
0.9286,0.7647,0.8387,0.9784
0.9286,0.65,0.7647,0.9452
0.9286,0.8667,0.8966,0.9826
0.9286,0.6842,0.7879,0.9618
0.7143,0.7692,0.7407,0.9302
0.8462,0.5238,0.6471,0.9406
1.0,0.5652,0.7222,0.9476
0.9231,0.5455,0.6857,0.9065
0.9286,0.5652,0.7027,0.8815
0.8462,0.6111,0.7097,0.8733
1.0,0.52,0.6842,0.9441
0.9231,0.6667,0.7742,0.9598
0.8571,0.8,0.8276,0.9784
0.6429,0.5294,0.5806,0.9037
0.9286,0.5417,0.6842,0.9601
0.7857,0.6471,0.7097,0.9194
0.9286,0.65,0.7647,0.9419
0.9286,0.5909,0.7222,0.9601
0.8571,0.6316,0.7273,0.9123
0.9231,0.7059,0.8,0.9738
1.0,0.5417,0.7027,0.9563
0.7692,0.5556,0.6452,0.9143
0.9286,0.619,0.7429,0.9435
0.7143,0.5263,0.6061,0.8821
1.0,0.8235,0.9032,0.956
0.9286,0.619,0.7429,0.9468
0.7857,0.6875,0.7333,0.8696
1.0,0.6667,0.8,0.9468
