RUSBag
1.0,0.8523,0.9202,0.9956
0.9595,0.8875,0.9221,0.985
0.8784,0.8904,0.8844,0.9821
0.9595,0.8659,0.9103,0.9826
0.9595,0.8452,0.8987,0.9867
0.973,0.878,0.9231,0.9828
0.9324,0.8519,0.8903,0.9809
0.9595,0.8987,0.9281,0.985
0.9333,0.8861,0.9091,0.9857
0.9333,0.875,0.9032,0.9875
0.9467,0.9342,0.9404,0.9913
0.9865,0.8391,0.9068,0.9928
0.9189,0.8947,0.9067,0.9804
0.9595,0.8452,0.8987,0.9822
0.9054,0.8816,0.8933,0.9732
0.9595,0.8554,0.9045,0.983
0.9459,0.9459,0.9459,0.9922
0.9189,0.9067,0.9128,0.9865
0.96,0.878,0.9172,0.9894
0.9067,0.8608,0.8831,0.9726
0.96,0.8471,0.9,0.9818
0.9189,0.8718,0.8947,0.981
0.9595,0.8987,0.9281,0.9896
0.9595,0.8765,0.9161,0.9876
0.9595,0.8875,0.9221,0.9921
0.9324,0.8415,0.8846,0.9837
0.973,0.9114,0.9412,0.9893
0.9865,0.8391,0.9068,0.9953
0.9467,0.8987,0.9221,0.9805
0.9333,0.9091,0.9211,0.9937
0.9333,0.8235,0.875,0.97
0.9865,0.9241,0.9542,0.9956
0.9189,0.8831,0.9007,0.9815
0.9459,0.9211,0.9333,0.9947
0.973,0.9231,0.9474,0.9925
0.973,0.809,0.8834,0.9864
0.9324,0.8846,0.9079,0.98
0.9865,0.8795,0.9299,0.9923
0.9733,0.9012,0.9359,0.9916
0.96,0.8571,0.9057,0.9872
0.9867,0.8916,0.9367,0.9956
0.96,0.9231,0.9412,0.9924
0.9733,0.9012,0.9359,0.9905
0.9459,0.9091,0.9272,0.9901
0.9459,0.8434,0.8917,0.9834
0.8108,0.8571,0.8333,0.957
0.9595,0.8256,0.8875,0.9795
0.9459,0.875,0.9091,0.9861
0.9595,0.8659,0.9103,0.9846
0.9595,0.8452,0.8987,0.9818
0.92,0.8118,0.8625,0.9766
0.9865,0.9241,0.9542,0.9928
0.9865,0.9012,0.9419,0.9926
0.9595,0.8161,0.882,0.9794
0.9324,0.8846,0.9079,0.9876
0.9595,0.9595,0.9595,0.9936
0.9324,0.9079,0.92,0.9888
0.9595,0.8875,0.9221,0.9834
0.9867,0.9367,0.961,0.9895
0.9333,0.9091,0.9211,0.9867
0.96,0.8889,0.9231,0.9917
0.973,0.8889,0.929,0.9889
0.9459,0.875,0.9091,0.9893
0.9189,0.8395,0.8774,0.9772
0.9595,0.9103,0.9342,0.9921
0.9595,0.8452,0.8987,0.9784
0.973,0.8471,0.9057,0.9813
0.973,0.9114,0.9412,0.9957
0.96,0.8889,0.9231,0.9867
0.96,0.8,0.8727,0.9793
0.9333,0.875,0.9032,0.9789
0.9733,0.8488,0.9068,0.9928
0.9333,0.8537,0.8917,0.9833
0.9865,0.8488,0.9125,0.9898
0.9595,0.9221,0.9404,0.9789
0.9459,0.875,0.9091,0.9914
0.973,0.878,0.9231,0.9901
0.9324,0.8846,0.9079,0.9868
0.973,0.8675,0.9172,0.9883
0.9324,0.9079,0.92,0.9775
0.9067,0.8608,0.8831,0.9708
0.9733,0.9125,0.9419,0.9954
0.96,0.878,0.9172,0.9917
0.973,0.8571,0.9114,0.9909
0.9324,0.8625,0.8961,0.9747
0.9595,0.8452,0.8987,0.9835
0.9324,0.92,0.9262,0.9838
0.9595,0.9221,0.9404,0.9951
0.9324,0.8625,0.8961,0.9862
0.9865,0.8391,0.9068,0.9831
0.9333,0.8642,0.8974,0.9818
0.9467,0.8554,0.8987,0.9862
0.9867,0.8916,0.9367,0.991
0.9595,0.8659,0.9103,0.9906
0.9054,0.9178,0.9116,0.9809
0.973,0.8889,0.929,0.9934
0.9595,0.8875,0.9221,0.9804
0.9189,0.8608,0.8889,0.9805
0.9459,0.8235,0.8805,0.9729
0.9865,0.8795,0.9299,0.9855
0.9067,0.8293,0.8662,0.9716
1.0,0.8706,0.9308,0.9915
0.8919,0.88,0.8859,0.9735
0.973,0.9,0.9351,0.988
0.9459,0.8642,0.9032,0.9835
0.9459,0.8642,0.9032,0.9859
0.973,0.9114,0.9412,0.9907
0.9459,0.8974,0.9211,0.9859
0.96,0.878,0.9172,0.9916
0.9467,0.8765,0.9103,0.9826
0.9733,0.9125,0.9419,0.9948
0.9867,0.8706,0.925,0.9862
0.96,0.8182,0.8834,0.9789
0.9459,0.8974,0.9211,0.9828
0.9324,0.8846,0.9079,0.9794
0.9324,0.8415,0.8846,0.9754
0.9865,0.8391,0.9068,0.994
0.973,0.9231,0.9474,0.9856
0.9459,0.9333,0.9396,0.9929
0.9459,0.8537,0.8974,0.9875
0.9467,0.8554,0.8987,0.9766
0.9867,0.9024,0.9427,0.9962
0.9467,0.8659,0.9045,0.9842
1.0,0.925,0.961,0.9944
0.973,0.8571,0.9114,0.9823
0.9189,0.8,0.8553,0.9781
0.9595,0.8765,0.9161,0.9846
0.9324,0.8625,0.8961,0.9853
0.9459,0.875,0.9091,0.9824
0.9324,0.8961,0.9139,0.9894
0.92,0.8625,0.8903,0.9821
0.9324,0.8734,0.902,0.9825
0.9459,0.9091,0.9272,0.9865
0.9865,0.9012,0.9419,0.9888
0.9595,0.8256,0.8875,0.9818
0.9324,0.8415,0.8846,0.9812
0.9054,0.859,0.8816,0.9782
0.9865,0.9012,0.9419,0.9952
0.9067,0.8293,0.8662,0.9765
0.9733,0.8902,0.9299,0.9956
0.9467,0.8987,0.9221,0.9901
0.9595,0.8987,0.9281,0.991
0.973,0.878,0.9231,0.995
0.9459,0.8537,0.8974,0.9894
0.9865,0.8588,0.9182,0.9911
0.8784,0.8904,0.8844,0.9759
0.9324,0.8961,0.9139,0.9844
0.9595,0.9103,0.9342,0.9878
0.92,0.92,0.92,0.9876
0.9333,0.8861,0.9091,0.9785
0.96,0.8471,0.9,0.9871
0.9867,0.8706,0.925,0.9929
0.9333,0.8434,0.8861,0.9776
0.9595,0.8875,0.9221,0.9921
0.8649,0.8889,0.8767,0.9823
0.973,0.9114,0.9412,0.9885
0.973,0.9474,0.96,0.9943
0.8919,0.8571,0.8742,0.9731
1.0,0.8506,0.9193,0.9902
0.9189,0.8608,0.8889,0.9794
0.96,0.878,0.9172,0.9919
0.96,0.96,0.96,0.9921
0.96,0.9231,0.9412,0.9863
0.9189,0.8193,0.8662,0.9742
0.9595,0.8659,0.9103,0.9893
0.9595,0.9342,0.9467,0.9882
0.9324,0.8734,0.902,0.9756
0.973,0.8675,0.9172,0.9865
0.9459,0.8642,0.9032,0.9874
0.9324,0.8214,0.8734,0.9768
0.9867,0.9024,0.9427,0.9918
0.9865,0.8902,0.9359,0.9928
0.9865,0.8588,0.9182,0.9902
0.9595,0.8068,0.8765,0.9754
0.9595,0.9342,0.9467,0.9902
0.9459,0.9091,0.9272,0.9846
0.9054,0.8272,0.8645,0.9685
0.9459,0.8974,0.9211,0.9886
0.96,0.8571,0.9057,0.9879
0.9333,0.9211,0.9272,0.9917
0.9867,0.8916,0.9367,0.9928
0.9595,0.8256,0.8875,0.9861
0.9324,0.9583,0.9452,0.9921
0.9324,0.8625,0.8961,0.9701
0.973,0.878,0.9231,0.9856
0.9459,0.8434,0.8917,0.9849
0.9459,0.9091,0.9272,0.9858
0.9324,0.8734,0.902,0.9751
0.96,0.878,0.9172,0.9867
0.92,0.8625,0.8903,0.978
0.9333,0.9459,0.9396,0.9907
0.9459,0.875,0.9091,0.9843
0.9189,0.7816,0.8447,0.9675
0.973,0.9231,0.9474,0.994
0.9324,0.8961,0.9139,0.9801
0.9459,0.875,0.9091,0.9876
0.9865,0.8902,0.9359,0.9924
0.9595,0.9103,0.9342,0.9869
0.9733,0.8902,0.9299,0.9854
0.9733,0.8902,0.9299,0.9938
0.9067,0.8718,0.8889,0.9816
0.9324,0.8734,0.902,0.9779
0.9595,0.8659,0.9103,0.9844
0.9054,0.8272,0.8645,0.9781
0.9865,0.8795,0.9299,0.9957
0.9595,0.8875,0.9221,0.9861
0.9459,0.9091,0.9272,0.9902
0.973,0.8571,0.9114,0.9898
0.96,0.878,0.9172,0.9779
0.92,0.9079,0.9139,0.9826
0.96,0.8889,0.9231,0.9894
0.9595,0.8452,0.8987,0.9861
0.9459,0.8642,0.9032,0.9767
0.9054,0.8481,0.8758,0.971
1.0,0.8315,0.908,0.9884
0.9459,0.8974,0.9211,0.9872
0.9324,0.8734,0.902,0.9884
0.973,0.9231,0.9474,0.9944
0.96,0.9351,0.9474,0.9937
0.96,0.9,0.929,0.9822
0.9333,0.8537,0.8917,0.9789
0.9733,0.869,0.9182,0.9893
0.9467,0.8452,0.8931,0.9747
0.9459,0.8434,0.8917,0.98
0.9189,0.8293,0.8718,0.9753
0.9595,0.9103,0.9342,0.9932
0.973,0.8675,0.9172,0.9859
0.9595,0.8875,0.9221,0.9922
0.973,0.8571,0.9114,0.9822
0.9459,0.9211,0.9333,0.9938
1.0,0.9259,0.9615,0.9939
0.973,0.878,0.9231,0.9843
0.9595,0.8452,0.8987,0.9886
0.9459,0.875,0.9091,0.9883
0.9324,0.8519,0.8903,0.9691
0.9865,0.8902,0.9359,0.9927
0.9054,0.9178,0.9116,0.9829
0.973,0.8571,0.9114,0.9883
0.96,0.9231,0.9412,0.9933
0.9467,0.8765,0.9103,0.9832
0.9067,0.8947,0.9007,0.9785
0.9733,0.9012,0.9359,0.9896
0.9733,0.9241,0.9481,0.9932
0.9865,0.9481,0.9669,0.9938
0.9054,0.859,0.8816,0.9757
0.9865,0.8902,0.9359,0.9944
0.973,0.9114,0.9412,0.991
0.9865,0.8588,0.9182,0.9922
0.9324,0.8625,0.8961,0.9774
0.973,0.878,0.9231,0.986
0.92,0.9718,0.9452,0.9895
0.96,0.8276,0.8889,0.9789
0.9867,0.881,0.9308,0.9873
0.9865,0.8902,0.9359,0.9957
0.8919,0.9296,0.9103,0.9819
0.9459,0.8642,0.9032,0.9852
0.973,0.8889,0.929,0.9876
0.9595,0.8554,0.9045,0.9851
0.973,0.8889,0.929,0.9923
0.9459,0.8434,0.8917,0.9851
0.9067,0.8395,0.8718,0.9733
0.973,0.9474,0.96,0.9957
0.9324,0.8846,0.9079,0.9837
0.973,0.8571,0.9114,0.9866
0.9324,0.92,0.9262,0.9854
0.973,0.8889,0.929,0.9869
0.9324,0.8415,0.8846,0.9813
0.973,0.8675,0.9172,0.9941
0.96,0.9114,0.9351,0.9922
0.9067,0.8395,0.8718,0.9762
0.9333,0.8861,0.9091,0.9844
0.973,0.8675,0.9172,0.9863
0.973,0.878,0.9231,0.9881
0.9054,0.8272,0.8645,0.9696
0.9595,0.8659,0.9103,0.9838
0.973,0.9,0.9351,0.9896
1.0,0.9136,0.9548,0.9985
0.973,0.8276,0.8944,0.9859
0.96,0.8182,0.8834,0.9851
0.92,0.8961,0.9079,0.9831
0.9733,0.8902,0.9299,0.9917
0.96,0.9,0.929,0.988
0.9333,0.8642,0.8974,0.9803
0.9189,0.8947,0.9067,0.9867
0.9054,0.8816,0.8933,0.9839
0.9595,0.8452,0.8987,0.9852
0.9324,0.9079,0.92,0.9791
0.973,0.8372,0.9,0.9792
0.9865,0.869,0.9241,0.9875
0.9459,0.8974,0.9211,0.9871
0.9067,0.8831,0.8947,0.9844
0.973,0.8571,0.9114,0.9854
0.9865,0.869,0.9241,0.9919
0.9865,0.869,0.9241,0.9893
0.973,0.8889,0.929,0.9907
0.9054,0.8933,0.8993,0.9818
0.9595,0.8987,0.9281,0.9873
0.9459,0.9091,0.9272,0.9885
0.96,0.8675,0.9114,0.979
0.9467,0.9103,0.9281,0.9825
0.9067,0.9189,0.9128,0.9853
0.9467,0.8987,0.9221,0.9878
0.92,0.7667,0.8364,0.9581
0.9595,0.9221,0.9404,0.9918
0.9595,0.8659,0.9103,0.9878
0.9595,0.8452,0.8987,0.9836
0.9865,0.9359,0.9605,0.9953
0.973,0.9,0.9351,0.9962
0.9459,0.8333,0.8861,0.9847
0.9324,0.8846,0.9079,0.973
0.9333,0.8642,0.8974,0.9794
0.88,0.9429,0.9103,0.9915
0.92,0.8734,0.8961,0.9747
0.9595,0.8353,0.8931,0.9903
0.9865,0.869,0.9241,0.9861
0.973,0.8889,0.929,0.9929
0.9459,0.8861,0.915,0.9808
0.9595,0.9221,0.9404,0.9921
0.9324,0.8734,0.902,0.985
0.973,0.8675,0.9172,0.9879
0.9733,0.8391,0.9012,0.9864
0.9595,0.8987,0.9281,0.9907
0.9459,0.8861,0.915,0.9819
0.9324,0.8846,0.9079,0.9845
0.973,0.878,0.9231,0.9923
0.9459,0.8537,0.8974,0.9775
0.9595,0.9221,0.9404,0.9932
0.9324,0.8519,0.8903,0.9795
0.9467,0.8659,0.9045,0.9885
0.9867,0.8706,0.925,0.9884
0.9333,0.8434,0.8861,0.9785
0.96,0.878,0.9172,0.9911
0.9733,0.8588,0.9125,0.9907
0.9595,0.8875,0.9221,0.9867
0.9324,0.8625,0.8961,0.9875
0.9595,0.7978,0.8712,0.9762
0.9189,0.8947,0.9067,0.9767
0.9324,0.8961,0.9139,0.9885
0.9595,0.8875,0.9221,0.992
0.9595,0.9342,0.9467,0.9945
0.92,0.8734,0.8961,0.9767
0.96,0.9,0.929,0.9897
0.9067,0.8718,0.8889,0.9785
1.0,0.881,0.9367,0.9925
0.9865,0.9125,0.9481,0.9909
0.8919,0.9429,0.9167,0.9773
0.9595,0.8554,0.9045,0.9802
0.9595,0.8452,0.8987,0.9884
0.9865,0.9012,0.9419,0.9927
0.9459,0.8974,0.9211,0.9842
0.96,0.9351,0.9474,0.9957
0.9333,0.8861,0.9091,0.9837
0.9067,0.8831,0.8947,0.9846
0.9459,0.7692,0.8485,0.9721
0.9324,0.8734,0.902,0.9821
0.9324,0.8846,0.9079,0.9796
0.9865,0.8902,0.9359,0.9873
0.973,0.8,0.878,0.9808
0.973,0.9231,0.9474,0.99
0.9459,0.9211,0.9333,0.9896
0.96,0.8471,0.9,0.9852
0.9865,0.9012,0.9419,0.9939
0.9189,0.9189,0.9189,0.9867
0.973,0.8471,0.9057,0.9835
0.9459,0.8642,0.9032,0.9839
0.9865,0.8588,0.9182,0.9913
0.9459,0.8861,0.915,0.9806
0.973,0.878,0.9231,0.9939
0.92,0.8846,0.902,0.9801
0.96,0.8471,0.9,0.9859
0.9867,0.961,0.9737,0.9944
0.973,0.9,0.9351,0.993
0.9595,0.8554,0.9045,0.9838
0.973,0.8675,0.9172,0.9896
0.8784,0.9028,0.8904,0.9825
0.9459,0.9211,0.9333,0.9842
0.9595,0.8353,0.8931,0.9786
0.973,0.8182,0.8889,0.9843
0.92,0.8734,0.8961,0.9818
0.9333,0.8861,0.9091,0.9777
0.9333,0.875,0.9032,0.9836
0.9459,0.8974,0.9211,0.9897
0.9595,0.9103,0.9342,0.9837
0.9595,0.8452,0.8987,0.9772
0.9595,0.8452,0.8987,0.9805
0.973,0.9231,0.9474,0.9931
0.9459,0.9333,0.9396,0.9929
0.973,0.9114,0.9412,0.9922
0.9733,0.8588,0.9125,0.9888
0.9333,0.8537,0.8917,0.9769
0.9333,0.8046,0.8642,0.9687
0.973,0.9114,0.9412,0.9913
0.9865,0.8202,0.8957,0.9932
0.9459,0.9459,0.9459,0.988
0.9595,0.9595,0.9595,0.994
0.9324,0.8734,0.902,0.9777
0.9324,0.8023,0.8625,0.9719
0.9865,0.8902,0.9359,0.9942
0.92,0.92,0.92,0.9867
0.9333,0.9211,0.9272,0.9914
0.92,0.8519,0.8846,0.9786
0.9189,0.8293,0.8718,0.9745
0.9595,0.9467,0.953,0.9935
0.9459,0.9091,0.9272,0.9898
1.0,0.9024,0.9487,0.9926
0.9459,0.8235,0.8805,0.983
0.8919,0.88,0.8859,0.9716
1.0,0.8916,0.9427,0.994
0.8933,0.8701,0.8816,0.9766
0.96,0.8276,0.8889,0.9813
0.9067,0.8947,0.9007,0.9784
0.9333,0.8235,0.875,0.9733
0.92,0.8961,0.9079,0.9849
0.9459,0.8434,0.8917,0.9784
0.9595,0.8353,0.8931,0.9881
0.9595,0.9221,0.9404,0.992
0.9865,0.8202,0.8957,0.9852
0.9459,0.8974,0.9211,0.9871
0.9324,0.8961,0.9139,0.9902
0.9459,0.9091,0.9272,0.9843
0.9467,0.8987,0.9221,0.984
0.9865,0.8488,0.9125,0.99
0.9595,0.9221,0.9404,0.9924
0.9324,0.92,0.9262,0.991
0.9324,0.8519,0.8903,0.9781
0.973,0.8675,0.9172,0.9859
0.9189,0.8831,0.9007,0.9829
0.9865,0.8488,0.9125,0.9846
0.9867,0.8916,0.9367,0.9925
0.9467,0.8554,0.8987,0.9831
0.96,0.9114,0.9351,0.9848
0.9189,0.8293,0.8718,0.9735
0.9324,0.92,0.9262,0.988
0.9595,0.8068,0.8765,0.979
0.973,0.8889,0.929,0.9941
0.9324,0.8734,0.902,0.9817
0.9595,0.9342,0.9467,0.9936
0.973,0.8276,0.8944,0.9833
0.96,0.9114,0.9351,0.9953
0.9733,0.9012,0.9359,0.9889
0.96,0.8372,0.8944,0.9755
0.9595,0.8659,0.9103,0.9875
0.9459,0.9211,0.9333,0.9893
0.8919,0.9041,0.898,0.9823
0.9595,0.8765,0.9161,0.9899
0.9595,0.8554,0.9045,0.9923
0.9189,0.8947,0.9067,0.9846
1.0,0.9024,0.9487,0.9936
0.96,0.9,0.929,0.9892
0.9333,0.8537,0.8917,0.9799
0.96,0.878,0.9172,0.9871
0.9733,0.869,0.9182,0.9933
0.96,0.8571,0.9057,0.9822
0.9189,0.85,0.8831,0.9838
0.973,0.9114,0.9412,0.9923
0.9189,0.8831,0.9007,0.9846
0.9054,0.9178,0.9116,0.9811
0.9459,0.8642,0.9032,0.9842
0.8784,0.8333,0.8553,0.9651
0.9459,0.875,0.9091,0.9883
0.88,0.7952,0.8354,0.9713
0.973,0.8182,0.8889,0.9786
0.9595,0.8554,0.9045,0.9868
0.9324,0.92,0.9262,0.9881
0.9595,0.8765,0.9161,0.9814
0.9865,0.8295,0.9012,0.9864
0.9595,0.8875,0.9221,0.9831
0.973,0.9,0.9351,0.9909
0.9333,0.9459,0.9396,0.9915
0.88,0.8462,0.8627,0.9814
0.9333,0.8434,0.8861,0.9787
0.8933,0.8701,0.8816,0.9808
0.96,0.8889,0.9231,0.981
0.9595,0.8987,0.9281,0.987
0.9459,0.8046,0.8696,0.9769
0.9595,0.8875,0.9221,0.9916
0.9459,0.8974,0.9211,0.9847
0.9459,0.9211,0.9333,0.991
0.973,0.7912,0.8727,0.9813
0.9865,0.8795,0.9299,0.9967
0.9333,0.8974,0.915,0.9786
0.9867,0.925,0.9548,0.9882
0.96,0.8889,0.9231,0.9868
0.973,0.8675,0.9172,0.9946
0.9595,0.8256,0.8875,0.9797
0.9595,0.8765,0.9161,0.9848
0.9865,0.8902,0.9359,0.9956
0.9595,0.8554,0.9045,0.9854
0.9324,0.8023,0.8625,0.9756
0.973,0.9114,0.9412,0.9906
0.9733,0.869,0.9182,0.989
0.9733,0.9012,0.9359,0.9886
0.96,0.878,0.9172,0.9884
0.973,0.8675,0.9172,0.9901
0.9189,0.8947,0.9067,0.9855
0.9189,0.8718,0.8947,0.98
0.9595,0.8452,0.8987,0.986
0.9865,0.8588,0.9182,0.9913
0.9459,0.875,0.9091,0.9775
0.9459,0.8861,0.915,0.9882
0.96,0.9351,0.9474,0.99
0.9459,0.8861,0.915,0.9843
0.9324,0.9079,0.92,0.9881
0.9324,0.8846,0.9079,0.9862
1.0,0.881,0.9367,0.9977
0.9459,0.7865,0.8589,0.9805
0.9054,0.8701,0.8874,0.9739
0.9459,0.9091,0.9272,0.9868
0.9467,0.8452,0.8931,0.9769
0.96,0.878,0.9172,0.9876
0.96,0.878,0.9172,0.9926
0.96,0.8675,0.9114,0.9941
0.9467,0.9103,0.9281,0.9868
0.973,0.8372,0.9,0.9854
0.9189,0.8718,0.8947,0.985
0.9865,0.8488,0.9125,0.9902
0.9324,0.9079,0.92,0.9865
0.9054,0.8933,0.8993,0.9785
0.973,0.8889,0.929,0.984
0.8919,0.8571,0.8742,0.9707
0.9333,0.8537,0.8917,0.9868
0.973,0.9114,0.9412,0.9913
0.9595,0.8353,0.8931,0.9773
0.9054,0.9437,0.9241,0.9809
0.9595,0.8765,0.9161,0.9915
0.973,0.8675,0.9172,0.9841
0.973,0.8471,0.9057,0.9859
0.9324,0.8961,0.9139,0.9836
0.9467,0.8765,0.9103,0.9864
0.96,0.8675,0.9114,0.99
0.8533,0.8205,0.8366,0.9603
0.973,0.9,0.9351,0.9924
0.9324,0.92,0.9262,0.9908
0.973,0.9,0.9351,0.9901
0.973,0.8889,0.929,0.99
0.9459,0.9091,0.9272,0.9854
0.9189,0.85,0.8831,0.9804
0.9865,0.8588,0.9182,0.9895
0.9733,0.9359,0.9542,0.9933
0.96,0.8372,0.8944,0.9798
0.96,0.8675,0.9114,0.9773
0.96,0.9351,0.9474,0.9942
0.9067,0.8831,0.8947,0.9745
0.9459,0.8537,0.8974,0.986
0.973,0.8675,0.9172,0.9922
0.9189,0.8947,0.9067,0.9767
0.9189,0.9067,0.9128,0.9889
0.9595,0.8659,0.9103,0.9906
0.973,0.8182,0.8889,0.9865
0.973,0.8471,0.9057,0.9875
0.96,0.8889,0.9231,0.9894
0.9733,0.9359,0.9542,0.9948
0.9867,0.9367,0.961,0.9945
0.9054,0.8375,0.8701,0.9789
0.9595,0.8452,0.8987,0.9814
0.9324,0.8313,0.879,0.9718
0.9324,0.8625,0.8961,0.9811
0.9595,0.8554,0.9045,0.9809
1.0,0.8409,0.9136,0.9898
0.973,0.9114,0.9412,0.9868
0.96,0.9114,0.9351,0.9888
0.9333,0.8046,0.8642,0.9734
0.9067,0.8947,0.9007,0.9831
0.8919,0.8354,0.8627,0.9674
0.9324,0.8961,0.9139,0.9813
0.9459,0.8333,0.8861,0.9878
0.9595,0.9103,0.9342,0.9879
0.973,0.9114,0.9412,0.9956
0.9865,0.9125,0.9481,0.9932
0.9595,0.8554,0.9045,0.9877
0.9733,0.869,0.9182,0.9881
0.8919,0.8462,0.8684,0.9805
0.9189,0.9189,0.9189,0.9737
0.9189,0.9189,0.9189,0.9882
0.9595,0.8875,0.9221,0.9861
0.9324,0.9079,0.92,0.9907
0.9595,0.8987,0.9281,0.9877
0.9459,0.8642,0.9032,0.9776
0.9733,0.869,0.9182,0.9893
0.9467,0.8554,0.8987,0.9792
0.9867,0.8506,0.9136,0.9883
0.9459,0.875,0.9091,0.9865
0.9595,0.8554,0.9045,0.9847
0.9324,0.8961,0.9139,0.9898
0.9324,0.9079,0.92,0.9836
0.9595,0.8554,0.9045,0.9857
0.9595,0.8987,0.9281,0.993
0.9459,0.7955,0.8642,0.9705
0.9067,0.8395,0.8718,0.9765
0.92,0.8625,0.8903,0.9833
0.88,0.9041,0.8919,0.9752
0.9595,0.8765,0.9161,0.9873
0.9189,0.8395,0.8774,0.9764
0.973,0.8675,0.9172,0.9818
0.9459,0.8642,0.9032,0.9867
0.973,0.9,0.9351,0.9942
0.9595,0.8765,0.9161,0.9804
0.9189,0.8608,0.8889,0.9779
0.9467,0.8987,0.9221,0.9871
0.9733,0.8902,0.9299,0.991
0.9867,0.9024,0.9427,0.9954
0.9189,0.9315,0.9252,0.9845
0.973,0.8276,0.8944,0.9856
0.9189,0.9067,0.9128,0.9871
0.9865,0.8588,0.9182,0.9796
0.9865,0.8295,0.9012,0.9936
1.0,0.9367,0.9673,0.996
0.9459,0.8974,0.9211,0.9869
0.8933,0.8701,0.8816,0.9732
0.9333,0.8642,0.8974,0.9785
0.9333,0.8235,0.875,0.9832
0.8649,0.8649,0.8649,0.973
0.9324,0.8846,0.9079,0.9859
0.973,0.9231,0.9474,0.9919
0.9865,0.8902,0.9359,0.9876
1.0,0.8506,0.9193,0.9908
1.0,0.8706,0.9308,0.9895
0.9595,0.9221,0.9404,0.9906
0.9067,0.85,0.8774,0.9803
0.9867,0.9024,0.9427,0.9809
0.96,0.9,0.929,0.9914
1.0,0.8506,0.9193,0.9942
0.8919,0.8919,0.8919,0.9838
0.973,0.8571,0.9114,0.9859
0.973,0.9351,0.9536,0.9927
0.9459,0.8046,0.8696,0.9771
0.9189,0.8608,0.8889,0.9779
0.9459,0.8861,0.915,0.9869
0.96,0.8675,0.9114,0.9844
0.9867,0.881,0.9308,0.9965
0.92,0.8313,0.8734,0.9587
0.9865,0.8111,0.8902,0.9799
0.9459,0.8537,0.8974,0.984
0.973,0.9,0.9351,0.9909
0.9459,0.8861,0.915,0.9822
0.9595,0.8875,0.9221,0.989
0.8784,0.9155,0.8966,0.9783
0.9865,0.9125,0.9481,0.9915
0.9733,0.8902,0.9299,0.9878
0.9867,0.8916,0.9367,0.9939
0.92,0.8415,0.879,0.9812
0.9467,0.8875,0.9161,0.9876
0.96,0.9351,0.9474,0.9927
0.9595,0.8452,0.8987,0.9755
0.9054,0.859,0.8816,0.9768
0.9324,0.9324,0.9324,0.9835
0.9595,0.8353,0.8931,0.9856
0.9595,0.9103,0.9342,0.9921
0.973,0.8675,0.9172,0.9926
0.973,0.878,0.9231,0.9927
0.96,0.878,0.9172,0.9906
0.9324,0.9324,0.9324,0.991
0.9595,0.9221,0.9404,0.9906
0.9459,0.9211,0.9333,0.9952
0.8919,0.8049,0.8462,0.9699
0.9595,0.9103,0.9342,0.9875
0.9054,0.8701,0.8874,0.9805
0.9865,0.8391,0.9068,0.9896
0.8933,0.859,0.8758,0.9768
0.96,0.8889,0.9231,0.9914
0.9733,0.8588,0.9125,0.9892
0.9324,0.9079,0.92,0.9854
0.973,0.878,0.9231,0.9907
0.973,0.9231,0.9474,0.9941
0.9595,0.8987,0.9281,0.9863
0.9054,0.8933,0.8993,0.9899
0.9459,0.8861,0.915,0.9843
0.9459,0.8333,0.8861,0.9795
0.9733,0.869,0.9182,0.9907
0.96,0.8675,0.9114,0.9806
0.9733,0.8902,0.9299,0.9911
0.9324,0.9324,0.9324,0.9936
0.9595,0.8554,0.9045,0.9825
0.973,0.8889,0.929,0.9798
0.9459,0.8046,0.8696,0.9656
0.9324,0.8961,0.9139,0.9872
0.9324,0.8625,0.8961,0.983
0.9865,0.8391,0.9068,0.9826
0.92,0.8961,0.9079,0.9879
0.9467,0.8659,0.9045,0.9836
0.9467,0.8987,0.9221,0.9887
0.973,0.878,0.9231,0.994
0.9595,0.8659,0.9103,0.9779
0.9459,0.8434,0.8917,0.9825
0.9324,0.8961,0.9139,0.988
0.9324,0.9079,0.92,0.989
0.9459,0.8235,0.8805,0.9786
0.9595,0.8659,0.9103,0.9809
0.9733,0.9241,0.9481,0.9969
0.9733,0.869,0.9182,0.9861
0.8933,0.8933,0.8933,0.9796
0.9733,0.8295,0.8957,0.9899
0.92,0.8313,0.8734,0.9669
0.9865,0.8588,0.9182,0.9941
0.9189,0.8193,0.8662,0.971
0.973,0.8889,0.929,0.9873
0.9324,0.8961,0.9139,0.9859
0.9595,0.9221,0.9404,0.9928
0.973,0.9114,0.9412,0.9955
0.9595,0.8875,0.9221,0.9904
0.9867,0.8315,0.9024,0.9861
0.9324,0.8961,0.9139,0.9843
0.9595,0.9342,0.9467,0.9931
0.9324,0.9079,0.92,0.9863
0.9865,0.8295,0.9012,0.9938
0.9595,0.8659,0.9103,0.9889
0.9865,0.8902,0.9359,0.9949
0.9595,0.8765,0.9161,0.9861
0.9733,0.869,0.9182,0.9827
0.96,0.8675,0.9114,0.9869
0.9733,0.8202,0.8902,0.9798
0.9054,0.9437,0.9241,0.9915
0.9459,0.9333,0.9396,0.991
0.9595,0.8554,0.9045,0.9871
0.9595,0.8987,0.9281,0.9876
0.9324,0.8625,0.8961,0.9847
0.9459,0.814,0.875,0.9766
0.9459,0.8861,0.915,0.9805
0.9467,0.8765,0.9103,0.9738
0.9467,0.8875,0.9161,0.9905
0.96,0.8571,0.9057,0.9813
0.96,0.8571,0.9057,0.9848
0.9733,0.8902,0.9299,0.9815
0.9865,0.8795,0.9299,0.9908
0.9459,0.8434,0.8917,0.9791
0.9865,0.9012,0.9419,0.9931
0.9324,0.8846,0.9079,0.9765
0.9324,0.8734,0.902,0.9884
0.9189,0.8718,0.8947,0.9805
0.9324,0.9079,0.92,0.9878
0.9333,0.8434,0.8861,0.9679
1.0,0.8315,0.908,0.9896
0.9324,0.9079,0.92,0.9922
0.9324,0.8734,0.902,0.9875
0.973,0.9114,0.9412,0.9943
0.9595,0.9342,0.9467,0.993
0.9595,0.9342,0.9467,0.9899
0.9459,0.8974,0.9211,0.9918
0.9067,0.9067,0.9067,0.9764
0.9333,0.8333,0.8805,0.9726
0.96,0.9114,0.9351,0.9921
0.9333,0.8333,0.8805,0.9811
0.9467,0.8353,0.8875,0.9815
0.9595,0.8875,0.9221,0.9911
0.9459,0.9211,0.9333,0.9906
0.9865,0.8391,0.9068,0.9877
0.973,0.8889,0.929,0.9941
0.9865,0.9125,0.9481,0.9931
0.9324,0.8519,0.8903,0.9729
0.9324,0.9079,0.92,0.976
0.9467,0.9103,0.9281,0.9907
0.9733,0.8795,0.9241,0.9895
0.9867,0.9136,0.9487,0.9905
0.9865,0.8588,0.9182,0.9885
0.8784,0.8784,0.8784,0.981
0.9865,0.9012,0.9419,0.9943
0.9459,0.9211,0.9333,0.9875
0.973,0.878,0.9231,0.9873
0.973,0.8675,0.9172,0.9908
0.8378,0.8493,0.8435,0.9662
0.9333,0.9211,0.9272,0.9867
0.9054,0.9054,0.9054,0.9734
0.8784,0.8784,0.8784,0.9787
0.9865,0.869,0.9241,0.9913
0.9595,0.9103,0.9342,0.9789
0.9459,0.8642,0.9032,0.9892
0.9324,0.9079,0.92,0.9843
0.9595,0.8452,0.8987,0.9782
0.96,0.8471,0.9,0.9886
0.9733,0.8588,0.9125,0.9867
0.96,0.9351,0.9474,0.9894
0.9333,0.8861,0.9091,0.9873
0.9467,0.8452,0.8931,0.9818
0.9595,0.9103,0.9342,0.9943
0.9459,0.875,0.9091,0.9819
0.973,0.878,0.9231,0.9923
1.0,0.8605,0.925,0.9961
0.8784,0.8553,0.8667,0.962
0.9189,0.8395,0.8774,0.9764
0.973,0.8889,0.929,0.9953
0.9867,0.8506,0.9136,0.9937
1.0,0.8605,0.925,0.9978
0.973,0.9,0.9351,0.9893
0.9189,0.8718,0.8947,0.9873
0.973,0.878,0.9231,0.9806
0.9459,0.8974,0.9211,0.9903
0.8919,0.9296,0.9103,0.9884
0.9054,0.9306,0.9178,0.985
0.9467,0.8875,0.9161,0.984
0.9333,0.8235,0.875,0.9733
0.96,0.8182,0.8834,0.9891
0.9324,0.9079,0.92,0.9795
0.9595,0.9221,0.9404,0.997
0.9865,0.9359,0.9605,0.9934
0.9324,0.8961,0.9139,0.989
0.973,0.8889,0.929,0.9891
0.9459,0.8861,0.915,0.9772
0.9324,0.8625,0.8961,0.9865
0.8933,0.859,0.8758,0.9692
0.9867,0.8605,0.9193,0.9901
0.96,0.8889,0.9231,0.9861
1.0,0.7708,0.8706,0.977
0.9595,0.8987,0.9281,0.9912
0.9865,0.9733,0.9799,0.997
0.973,0.9474,0.96,0.9969
0.9595,0.8554,0.9045,0.9854
0.9459,0.8642,0.9032,0.9827
0.9324,0.8961,0.9139,0.9854
0.9333,0.8434,0.8861,0.9735
0.96,0.9,0.929,0.9926
0.9467,0.8659,0.9045,0.9863
0.9867,0.9136,0.9487,0.9872
0.92,0.8846,0.902,0.9825
0.9595,0.8659,0.9103,0.9833
0.9459,0.8537,0.8974,0.9842
0.9595,0.9221,0.9404,0.9902
0.973,0.9,0.9351,0.9867
0.9054,0.859,0.8816,0.9805
0.973,0.878,0.9231,0.9901
0.9865,0.8795,0.9299,0.994
0.9467,0.9103,0.9281,0.9914
0.9189,0.8718,0.8947,0.9787
0.8919,0.8919,0.8919,0.9809
0.9459,0.7778,0.8537,0.9699
0.9324,0.8625,0.8961,0.9808
1.0,0.8222,0.9024,0.9867
0.9324,0.8961,0.9139,0.9892
0.9324,0.8734,0.902,0.9855
0.9733,0.9359,0.9542,0.9942
0.9733,0.9359,0.9542,0.9941
0.9867,0.881,0.9308,0.9932
0.973,0.8889,0.929,0.9911
0.9459,0.8861,0.915,0.9851
0.9054,0.8933,0.8993,0.975
0.9459,0.8642,0.9032,0.9835
0.9189,0.8608,0.8889,0.9786
1.0,0.9136,0.9548,0.9995
0.973,0.8889,0.929,0.9877
0.96,0.8889,0.9231,0.99
0.9067,0.8,0.85,0.9682
0.96,0.8889,0.9231,0.9895
0.9467,0.9103,0.9281,0.988
0.92,0.8625,0.8903,0.9824
0.973,0.8675,0.9172,0.9878
0.9865,0.8902,0.9359,0.9947
0.9189,0.85,0.8831,0.9726
0.9459,0.8046,0.8696,0.9778
0.9865,0.9359,0.9605,0.9952
0.8919,0.9296,0.9103,0.9815
0.973,0.9,0.9351,0.9905
0.96,0.8889,0.9231,0.9913
1.0,0.8916,0.9427,0.9957
0.9054,0.8816,0.8933,0.9812
0.9865,0.869,0.9241,0.9858
0.9189,0.8947,0.9067,0.9841
0.973,0.8471,0.9057,0.9848
0.9595,0.9221,0.9404,0.9913
0.9865,0.9241,0.9542,0.9924
0.9467,0.8875,0.9161,0.9869
0.9733,0.8588,0.9125,0.9835
0.9467,0.8554,0.8987,0.9846
0.9867,0.8605,0.9193,0.9868
0.92,0.8214,0.8679,0.9803
0.973,0.8276,0.8944,0.989
0.9865,0.8902,0.9359,0.9913
0.9865,0.8902,0.9359,0.9925
0.9459,0.8861,0.915,0.9828
0.9324,0.9079,0.92,0.9902
0.9189,0.9067,0.9128,0.9898
0.9324,0.8846,0.9079,0.9872
0.96,0.8571,0.9057,0.9796
0.973,0.8372,0.9,0.9805
0.9324,0.8961,0.9139,0.9909
0.973,0.9,0.9351,0.9868
0.9595,0.8987,0.9281,0.987
0.9459,0.8861,0.915,0.986
0.9459,0.9211,0.9333,0.9842
0.973,0.878,0.9231,0.9905
0.96,0.878,0.9172,0.9901
0.9333,0.8974,0.915,0.9875
0.9867,0.8706,0.925,0.9924
0.9067,0.8947,0.9007,0.9832
1.0,0.8929,0.9434,0.9875
0.9595,0.8452,0.8987,0.9832
0.9595,0.9221,0.9404,0.9926
1.0,0.8706,0.9308,0.9909
0.9189,0.8395,0.8774,0.9745
0.8649,0.8767,0.8707,0.965
0.9324,0.9079,0.92,0.9881
0.9595,0.8554,0.9045,0.9796
0.9733,0.9125,0.9419,0.992
0.9595,0.7978,0.8712,0.9815
1.0,0.8706,0.9308,0.9909
0.9595,0.8554,0.9045,0.9788
0.9865,0.8902,0.9359,0.9905
0.9459,0.8861,0.915,0.9875
0.9324,0.8313,0.879,0.9731
1.0,0.9024,0.9487,0.9965
0.92,0.9452,0.9324,0.9838
0.96,0.9,0.929,0.9857
0.9733,0.8295,0.8957,0.9796
0.9865,0.9481,0.9669,0.9954
0.9324,0.9324,0.9324,0.9865
0.8919,0.8571,0.8742,0.9823
0.9865,0.9241,0.9542,0.9923
0.9459,0.8434,0.8917,0.9815
0.9595,0.8875,0.9221,0.9864
0.9189,0.8831,0.9007,0.9876
0.9467,0.8659,0.9045,0.9868
0.9333,0.8861,0.9091,0.984
0.9467,0.8987,0.9221,0.992
0.973,0.9,0.9351,0.9868
0.9324,0.8846,0.9079,0.9768
0.973,0.8471,0.9057,0.9843
0.9459,0.8642,0.9032,0.9809
0.9324,0.8625,0.8961,0.9784
0.9324,0.8415,0.8846,0.981
0.9595,0.8659,0.9103,0.9909
0.9333,0.8434,0.8861,0.982
0.8933,0.9571,0.9241,0.9896
0.9733,0.8795,0.9241,0.9883
0.9595,0.8161,0.882,0.9676
0.9595,0.9342,0.9467,0.9942
0.9459,0.8434,0.8917,0.9844
0.9595,0.8659,0.9103,0.981
0.9459,0.8642,0.9032,0.9864
0.9459,0.9211,0.9333,0.9856
0.973,0.9,0.9351,0.9923
0.9467,0.8659,0.9045,0.9868
0.9733,0.8795,0.9241,0.991
0.9867,0.925,0.9548,0.9917
0.973,0.8571,0.9114,0.9839
0.973,0.8571,0.9114,0.9895
0.9324,0.8519,0.8903,0.9861
1.0,0.881,0.9367,0.9899
0.973,0.9114,0.9412,0.9902
0.8784,0.8125,0.8442,0.9582
0.9324,0.92,0.9262,0.9936
0.92,0.8961,0.9079,0.9804
0.96,0.9474,0.9536,0.9905
0.9333,0.8537,0.8917,0.9829
0.9595,0.9103,0.9342,0.9834
0.9324,0.8961,0.9139,0.9848
0.973,0.8372,0.9,0.9805
0.9324,0.92,0.9262,0.9934
0.9595,0.8875,0.9221,0.9906
0.9324,0.92,0.9262,0.988
0.9865,0.9012,0.9419,0.9931
0.9733,0.8488,0.9068,0.9909
0.9467,0.8659,0.9045,0.9805
0.9733,0.8902,0.9299,0.9877
0.9733,0.8795,0.9241,0.9911
0.9333,0.875,0.9032,0.9834
0.9865,0.8902,0.9359,0.9909
0.9189,0.85,0.8831,0.9818
0.9189,0.8608,0.8889,0.9751
0.973,0.8571,0.9114,0.9843
0.973,0.8889,0.929,0.993
0.9865,0.8902,0.9359,0.9947
0.9054,0.8272,0.8645,0.9775
0.9333,0.875,0.9032,0.9849
0.9459,0.8974,0.9211,0.9851
0.9459,0.8642,0.9032,0.9818
1.0,0.881,0.9367,0.9905
0.8919,0.8919,0.8919,0.9806
0.9865,0.8488,0.9125,0.9892
0.973,0.8675,0.9172,0.9936
0.9324,0.9452,0.9388,0.9887
0.8933,0.8072,0.8481,0.966
0.9467,0.8875,0.9161,0.9839
0.9467,0.8353,0.8875,0.9819
0.96,0.8471,0.9,0.9846
0.9333,0.8861,0.9091,0.9809
0.9189,0.8608,0.8889,0.9841
0.9189,0.8395,0.8774,0.9784
1.0,0.9367,0.9673,0.9977
0.973,0.9,0.9351,0.9909
0.9459,0.9091,0.9272,0.9805
0.9595,0.9221,0.9404,0.9919
0.9459,0.8434,0.8917,0.9885
0.9467,0.8659,0.9045,0.9803
0.9459,0.8434,0.8917,0.9782
0.9189,0.8718,0.8947,0.9778
0.9324,0.92,0.9262,0.9875
0.9459,0.9091,0.9272,0.9901
0.9054,0.8933,0.8993,0.9864
0.9865,0.8391,0.9068,0.9836
0.9595,0.8987,0.9281,0.9949
0.9867,0.8605,0.9193,0.9925
0.96,0.8471,0.9,0.9794
0.96,0.9474,0.9536,0.9936
0.9054,0.8481,0.8758,0.966
0.9459,0.8642,0.9032,0.9797
0.9189,0.8608,0.8889,0.9814
0.973,0.8,0.878,0.9854
0.9459,0.9459,0.9459,0.9941
0.9595,0.9595,0.9595,0.9971
0.9595,0.8452,0.8987,0.9862
1.0,0.8721,0.9317,0.991
0.96,0.8889,0.9231,0.9856
