RUSBag
1.0,0.4898,0.6575,0.9673
1.0,0.4902,0.6579,0.9686
0.96,0.5455,0.6957,0.9663
0.96,0.4898,0.6486,0.9731
1.0,0.4706,0.64,0.9731
1.0,0.5333,0.6957,0.9883
1.0,0.48,0.6486,0.9709
0.9583,0.6216,0.7541,0.9713
0.9167,0.5238,0.6667,0.9654
0.9583,0.4694,0.6301,0.9538
0.9167,0.4681,0.6197,0.9471
0.92,0.5897,0.7188,0.966
0.96,0.4898,0.6486,0.9544
1.0,0.5208,0.6849,0.9786
1.0,0.48,0.6486,0.983
1.0,0.5455,0.7059,0.9799
1.0,0.5217,0.6857,0.9528
1.0,0.4615,0.6316,0.9554
1.0,0.5333,0.6957,0.9824
1.0,0.4528,0.6234,0.9659
1.0,0.48,0.6486,0.9624
1.0,0.4464,0.6173,0.9535
0.96,0.5455,0.6957,0.9811
0.96,0.5455,0.6957,0.9677
0.875,0.4375,0.5833,0.9327
1.0,0.5714,0.7273,0.9852
0.9583,0.561,0.7077,0.973
0.9583,0.5349,0.6866,0.9684
1.0,0.4364,0.6076,0.9642
0.9583,0.6053,0.7419,0.9826
0.9583,0.4792,0.6389,0.9703
1.0,0.5435,0.7042,0.9807
0.96,0.5217,0.6761,0.977
1.0,0.4902,0.6579,0.979
0.9583,0.5227,0.6765,0.969
1.0,0.5,0.6667,0.9681
1.0,0.5455,0.7059,0.9695
0.9583,0.5476,0.697,0.9691
0.8333,0.5263,0.6452,0.9581
1.0,0.4528,0.6234,0.9555
1.0,0.4364,0.6076,0.9824
0.92,0.5897,0.7188,0.9721
1.0,0.463,0.6329,0.9459
1.0,0.4808,0.6494,0.9412
0.9583,0.4894,0.6479,0.9581
1.0,0.5106,0.6761,0.9789
0.9583,0.4792,0.6389,0.9772
1.0,0.5106,0.6761,0.9767
0.9583,0.561,0.7077,0.97
1.0,0.5854,0.7385,0.982
0.9583,0.4894,0.6479,0.9526
1.0,0.5682,0.7246,0.9754
1.0,0.5435,0.7042,0.9591
1.0,0.5319,0.6944,0.9702
1.0,0.4444,0.6154,0.9549
1.0,0.5854,0.7385,0.9744
0.9583,0.4894,0.6479,0.9706
0.9583,0.4894,0.6479,0.9673
1.0,0.4706,0.64,0.9688
1.0,0.48,0.6486,0.9774
0.9583,0.5227,0.6765,0.9642
0.96,0.4706,0.6316,0.9558
0.96,0.5854,0.7273,0.9743
1.0,0.4386,0.6098,0.96
1.0,0.4364,0.6076,0.9622
1.0,0.6154,0.7619,0.9807
1.0,0.4898,0.6575,0.9793
1.0,0.5455,0.7059,0.9649
1.0,0.4528,0.6234,0.9536
0.9167,0.6111,0.7333,0.9724
0.9583,0.5349,0.6866,0.9762
0.96,0.5333,0.6857,0.9727
0.96,0.4898,0.6486,0.9694
0.92,0.575,0.7077,0.9728
0.9583,0.5227,0.6765,0.9789
1.0,0.6,0.75,0.9653
1.0,0.4706,0.64,0.9516
1.0,0.4211,0.5926,0.9673
1.0,0.5,0.6667,0.9767
1.0,0.5,0.6667,0.9596
0.9583,0.5349,0.6866,0.9586
1.0,0.4808,0.6494,0.9758
0.96,0.5333,0.6857,0.9704
1.0,0.5319,0.6944,0.9827
1.0,0.5217,0.6857,0.9725
0.9583,0.561,0.7077,0.9734
1.0,0.4528,0.6234,0.9828
1.0,0.4528,0.6234,0.954
1.0,0.48,0.6486,0.9646
1.0,0.5455,0.7059,0.9518
0.9167,0.5,0.6471,0.9563
0.96,0.5106,0.6667,0.9485
0.92,0.4894,0.6389,0.9606
1.0,0.4808,0.6494,0.9627
1.0,0.5217,0.6857,0.9857
0.9583,0.5476,0.697,0.9693
0.9583,0.5,0.6571,0.9751
1.0,0.4898,0.6575,0.9775
0.9167,0.4681,0.6197,0.9577
1.0,0.5455,0.7059,0.9771
1.0,0.5106,0.6761,0.9645
1.0,0.5435,0.7042,0.9751
0.96,0.5455,0.6957,0.9662
1.0,0.5556,0.7143,0.9822
0.9583,0.5111,0.6667,0.9577
1.0,0.4706,0.64,0.9698
0.9583,0.46,0.6216,0.9533
1.0,0.5106,0.6761,0.9648
0.9583,0.5227,0.6765,0.9724
1.0,0.4444,0.6154,0.9806
0.9583,0.5349,0.6866,0.9888
0.92,0.5,0.6479,0.9531
1.0,0.4386,0.6098,0.9704
0.92,0.4423,0.5974,0.9667
1.0,0.48,0.6486,0.9826
1.0,0.5455,0.7059,0.978
0.9583,0.5227,0.6765,0.957
0.9583,0.6053,0.7419,0.9651
1.0,0.5106,0.6761,0.9637
0.9583,0.451,0.6133,0.9637
0.9167,0.5116,0.6567,0.977
1.0,0.6098,0.7576,0.981
1.0,0.4902,0.6579,0.9726
0.96,0.4286,0.5926,0.9675
0.9583,0.5476,0.697,0.9799
1.0,0.4898,0.6575,0.9465
1.0,0.4364,0.6076,0.9522
0.9167,0.5641,0.6984,0.9597
1.0,0.48,0.6486,0.9866
0.9583,0.4894,0.6479,0.9554
1.0,0.5217,0.6857,0.9753
0.96,0.4444,0.6076,0.9569
0.92,0.561,0.697,0.959
0.96,0.6,0.7385,0.9733
1.0,0.5333,0.6957,0.9785
1.0,0.5106,0.6761,0.9694
1.0,0.4364,0.6076,0.9766
0.875,0.5,0.6364,0.9624
1.0,0.5333,0.6957,0.9657
0.9583,0.4694,0.6301,0.9529
0.875,0.4667,0.6087,0.9503
1.0,0.6098,0.7576,0.9723
1.0,0.4902,0.6579,0.957
0.96,0.5455,0.6957,0.9783
1.0,0.5714,0.7273,0.9847
0.9167,0.5116,0.6567,0.961
1.0,0.4138,0.5854,0.9501
1.0,0.5217,0.6857,0.9682
1.0,0.5333,0.6957,0.9702
1.0,0.4615,0.6316,0.9632
0.875,0.4773,0.6176,0.9554
1.0,0.5435,0.7042,0.9665
1.0,0.5682,0.7246,0.983
1.0,0.5814,0.7353,0.9712
1.0,0.5217,0.6857,0.9648
1.0,0.4898,0.6575,0.9832
0.9583,0.46,0.6216,0.9541
0.9167,0.4681,0.6197,0.9482
1.0,0.4138,0.5854,0.9621
0.9583,0.561,0.7077,0.9826
1.0,0.4898,0.6575,0.9683
1.0,0.4464,0.6173,0.9663
0.92,0.4894,0.6389,0.9577
1.0,0.5208,0.6849,0.9756
1.0,0.5455,0.7059,0.9739
0.9167,0.5366,0.6769,0.973
0.9583,0.5476,0.697,0.9648
0.9583,0.451,0.6133,0.9651
0.9583,0.5227,0.6765,0.9654
1.0,0.6,0.75,0.9756
0.9583,0.5349,0.6866,0.9624
1.0,0.4545,0.625,0.9599
0.96,0.5854,0.7273,0.9719
1.0,0.625,0.7692,0.9575
1.0,0.5,0.6667,0.9618
0.9583,0.4894,0.6479,0.9698
1.0,0.5455,0.7059,0.982
1.0,0.48,0.6486,0.9756
1.0,0.4364,0.6076,0.982
1.0,0.5217,0.6857,0.972
1.0,0.48,0.6486,0.9603
1.0,0.463,0.6329,0.9527
1.0,0.5208,0.6849,0.9738
1.0,0.4717,0.641,0.9593
1.0,0.4898,0.6575,0.982
0.875,0.4884,0.6269,0.9619
1.0,0.5455,0.7059,0.9859
0.9167,0.5116,0.6567,0.9639
0.9583,0.6053,0.7419,0.9781
1.0,0.48,0.6486,0.9722
0.875,0.5122,0.6462,0.951
0.96,0.5333,0.6857,0.9821
0.96,0.5714,0.7164,0.9586
0.96,0.5455,0.6957,0.957
1.0,0.5106,0.6761,0.977
1.0,0.5,0.6667,0.982
1.0,0.4706,0.64,0.978
1.0,0.5333,0.6957,0.9725
0.9583,0.4894,0.6479,0.9686
1.0,0.4286,0.6,0.9699
0.9583,0.5476,0.697,0.9686
1.0,0.4237,0.5952,0.9626
0.88,0.5238,0.6567,0.9646
1.0,0.5682,0.7246,0.9722
1.0,0.5333,0.6957,0.9536
0.9583,0.46,0.6216,0.9758
1.0,0.4898,0.6575,0.9554
0.9167,0.5366,0.6769,0.9709
1.0,0.4898,0.6575,0.9709
1.0,0.5106,0.6761,0.9676
1.0,0.48,0.6486,0.9789
0.88,0.4783,0.6197,0.9598
0.92,0.6216,0.7419,0.9684
0.96,0.6154,0.75,0.9807
0.9583,0.4894,0.6479,0.9658
0.9583,0.451,0.6133,0.9763
1.0,0.5,0.6667,0.9713
0.9583,0.451,0.6133,0.9605
1.0,0.5,0.6667,0.9612
0.9583,0.5227,0.6765,0.9655
0.875,0.3889,0.5385,0.9353
0.96,0.5106,0.6667,0.9604
0.96,0.5,0.6575,0.9709
0.96,0.5,0.6575,0.974
0.875,0.4667,0.6087,0.9531
1.0,0.5,0.6667,0.9811
0.9583,0.5227,0.6765,0.9582
0.9583,0.5349,0.6866,0.9715
0.9583,0.575,0.7188,0.9738
1.0,0.5106,0.6761,0.9879
0.9167,0.5,0.6471,0.9679
0.96,0.5333,0.6857,0.9484
1.0,0.5,0.6667,0.9828
1.0,0.5,0.6667,0.9719
0.875,0.4773,0.6176,0.9506
1.0,0.5217,0.6857,0.9825
1.0,0.5,0.6667,0.9729
0.9167,0.5238,0.6667,0.9761
0.9583,0.561,0.7077,0.9706
0.9167,0.4583,0.6111,0.9551
1.0,0.5854,0.7385,0.9859
1.0,0.5102,0.6757,0.966
1.0,0.6098,0.7576,0.9878
0.96,0.5217,0.6761,0.966
0.9583,0.4894,0.6479,0.97
1.0,0.5455,0.7059,0.9655
1.0,0.4138,0.5854,0.9421
1.0,0.5714,0.7273,0.9794
0.9583,0.4792,0.6389,0.9252
0.9167,0.4151,0.5714,0.9498
1.0,0.6098,0.7576,0.9711
0.96,0.4444,0.6076,0.9428
0.96,0.5455,0.6957,0.9689
0.875,0.5676,0.6885,0.9701
0.9583,0.5,0.6571,0.9689
1.0,0.5333,0.6957,0.9733
0.9583,0.4694,0.6301,0.9624
1.0,0.48,0.6486,0.9601
1.0,0.4898,0.6575,0.9707
1.0,0.5455,0.7059,0.9832
1.0,0.5556,0.7143,0.9677
0.84,0.4884,0.6176,0.96
1.0,0.4464,0.6173,0.9838
0.9583,0.451,0.6133,0.9618
0.9583,0.5897,0.7302,0.9733
0.9583,0.4894,0.6479,0.9747
1.0,0.4615,0.6316,0.9561
1.0,0.4706,0.64,0.9552
1.0,0.5,0.6667,0.9597
1.0,0.5333,0.6957,0.9834
0.9583,0.5227,0.6765,0.9686
1.0,0.5102,0.6757,0.9496
0.96,0.4211,0.5854,0.9554
0.96,0.4706,0.6316,0.9552
1.0,0.5854,0.7385,0.9901
1.0,0.5,0.6667,0.9788
1.0,0.5581,0.7164,0.9747
0.9583,0.4792,0.6389,0.9669
0.9583,0.5,0.6571,0.9623
1.0,0.5,0.6667,0.9812
1.0,0.4706,0.64,0.9879
1.0,0.4464,0.6173,0.9743
1.0,0.625,0.7692,0.9706
0.92,0.5227,0.6667,0.956
1.0,0.5,0.6667,0.9736
1.0,0.5106,0.6761,0.9734
1.0,0.6316,0.7742,0.9828
0.9167,0.4681,0.6197,0.9707
0.9583,0.5,0.6571,0.946
1.0,0.5217,0.6857,0.9667
0.9583,0.4182,0.5823,0.9542
1.0,0.4808,0.6494,0.9794
1.0,0.5814,0.7353,0.9784
0.96,0.48,0.64,0.9499
0.9583,0.4792,0.6389,0.9519
0.9167,0.5946,0.7213,0.968
1.0,0.5581,0.7164,0.9646
0.9583,0.5476,0.697,0.9785
1.0,0.5455,0.7059,0.9871
1.0,0.4706,0.64,0.9747
0.9583,0.5227,0.6765,0.9695
1.0,0.5556,0.7143,0.9756
1.0,0.4902,0.6579,0.9653
0.96,0.5455,0.6957,0.9537
1.0,0.5333,0.6957,0.974
1.0,0.4898,0.6575,0.9708
1.0,0.4211,0.5926,0.9712
0.9583,0.4694,0.6301,0.9678
0.9583,0.5,0.6571,0.957
0.9167,0.5946,0.7213,0.9772
1.0,0.5714,0.7273,0.9756
0.96,0.5333,0.6857,0.9548
0.96,0.5714,0.7164,0.9651
1.0,0.4717,0.641,0.9559
1.0,0.4898,0.6575,0.9817
0.9583,0.5227,0.6765,0.9677
1.0,0.5455,0.7059,0.9799
0.9583,0.5111,0.6667,0.964
1.0,0.48,0.6486,0.9731
1.0,0.4706,0.64,0.9878
1.0,0.5217,0.6857,0.9707
0.92,0.4792,0.6301,0.9548
0.96,0.5714,0.7164,0.9712
0.92,0.5349,0.6765,0.9759
1.0,0.6316,0.7742,0.9735
1.0,0.4528,0.6234,0.9663
0.9583,0.451,0.6133,0.9556
1.0,0.5106,0.6761,0.9823
0.9583,0.434,0.5974,0.9501
1.0,0.5854,0.7385,0.9834
1.0,0.5102,0.6757,0.9857
1.0,0.5814,0.7353,0.9728
0.96,0.4706,0.6316,0.9614
1.0,0.4444,0.6154,0.9752
0.8333,0.4545,0.5882,0.9411
0.9583,0.561,0.7077,0.9662
1.0,0.4898,0.6575,0.9673
1.0,0.6,0.75,0.9745
0.875,0.525,0.6563,0.9606
0.9583,0.46,0.6216,0.9644
1.0,0.48,0.6486,0.9712
1.0,0.5952,0.7463,0.9822
1.0,0.5,0.6667,0.9691
1.0,0.5435,0.7042,0.9677
1.0,0.4706,0.64,0.9735
0.9583,0.46,0.6216,0.9591
0.9167,0.4681,0.6197,0.9482
0.9583,0.5227,0.6765,0.9633
0.9583,0.5,0.6571,0.9641
1.0,0.5333,0.6957,0.9798
0.875,0.4565,0.6,0.9441
0.96,0.4068,0.5714,0.9536
0.92,0.6216,0.7419,0.9768
0.96,0.4138,0.5783,0.9701
1.0,0.5106,0.6761,0.9667
1.0,0.5217,0.6857,0.9642
0.9583,0.561,0.7077,0.9817
1.0,0.5455,0.7059,0.9835
0.9167,0.4783,0.6286,0.9655
1.0,0.5217,0.6857,0.9814
0.875,0.42,0.5676,0.9427
1.0,0.5208,0.6849,0.9662
0.96,0.5217,0.6761,0.9696
1.0,0.5814,0.7353,0.99
0.9583,0.5227,0.6765,0.9688
0.9583,0.561,0.7077,0.9675
1.0,0.5217,0.6857,0.9561
1.0,0.5217,0.6857,0.9859
1.0,0.48,0.6486,0.9749
0.9583,0.4259,0.5897,0.9435
1.0,0.5102,0.6757,0.9746
1.0,0.5,0.6667,0.9731
0.88,0.4681,0.6111,0.9428
0.9583,0.46,0.6216,0.9486
1.0,0.5581,0.7164,0.9803
0.9167,0.5789,0.7097,0.9672
1.0,0.5217,0.6857,0.9645
1.0,0.5854,0.7385,0.9699
1.0,0.4444,0.6154,0.9798
1.0,0.5,0.6667,0.981
0.9167,0.4151,0.5714,0.9555
0.92,0.46,0.6133,0.9591
1.0,0.5,0.6667,0.9763
0.92,0.5476,0.6866,0.9598
0.9583,0.6216,0.7541,0.983
1.0,0.5714,0.7273,0.9595
1.0,0.5714,0.7273,0.9792
1.0,0.4444,0.6154,0.9742
1.0,0.4706,0.64,0.951
0.8333,0.5405,0.6557,0.9673
1.0,0.5581,0.7164,0.9772
0.92,0.561,0.697,0.9691
0.96,0.48,0.64,0.9438
1.0,0.4237,0.5952,0.9731
0.9583,0.5,0.6571,0.9603
0.9583,0.5476,0.697,0.9788
0.9583,0.4792,0.6389,0.9716
0.9167,0.449,0.6027,0.9311
1.0,0.5333,0.6957,0.9852
1.0,0.6,0.75,0.9788
0.9583,0.4894,0.6479,0.9622
1.0,0.4386,0.6098,0.9478
1.0,0.5102,0.6757,0.966
0.92,0.5,0.6479,0.9741
1.0,0.5333,0.6957,0.9733
0.9583,0.575,0.7188,0.9833
1.0,0.4706,0.64,0.9794
0.9583,0.5349,0.6866,0.9712
1.0,0.5106,0.6761,0.9624
0.9583,0.5,0.6571,0.9756
0.96,0.5333,0.6857,0.9763
0.96,0.5455,0.6957,0.9607
1.0,0.4464,0.6173,0.9646
0.9583,0.46,0.6216,0.9487
1.0,0.5217,0.6857,0.9758
1.0,0.4615,0.6316,0.9749
1.0,0.5714,0.7273,0.9797
0.9583,0.5,0.6571,0.9604
0.9583,0.5476,0.697,0.9779
0.9167,0.4889,0.6377,0.9559
0.875,0.4884,0.6269,0.9463
0.96,0.5854,0.7273,0.9736
1.0,0.5435,0.7042,0.9747
0.92,0.5349,0.6765,0.9554
1.0,0.4706,0.64,0.9632
0.9583,0.5111,0.6667,0.9751
1.0,0.4528,0.6234,0.9641
1.0,0.5106,0.6761,0.972
1.0,0.4615,0.6316,0.972
0.9583,0.5227,0.6765,0.9789
0.96,0.5714,0.7164,0.9684
0.96,0.5,0.6575,0.9601
1.0,0.5556,0.7143,0.9756
1.0,0.4528,0.6234,0.9652
1.0,0.48,0.6486,0.9682
1.0,0.5455,0.7059,0.9825
1.0,0.4444,0.6154,0.9662
1.0,0.5,0.6667,0.9715
1.0,0.48,0.6486,0.9624
0.9583,0.4792,0.6389,0.9588
0.9583,0.5111,0.6667,0.9634
0.96,0.5581,0.7059,0.968
0.96,0.5217,0.6761,0.963
1.0,0.4808,0.6494,0.9517
1.0,0.5217,0.6857,0.9676
0.9583,0.4694,0.6301,0.973
1.0,0.5217,0.6857,0.969
0.9167,0.4681,0.6197,0.9531
1.0,0.5455,0.7059,0.9812
1.0,0.5106,0.6761,0.9794
0.9167,0.4681,0.6197,0.951
0.96,0.5106,0.6667,0.9738
0.96,0.5854,0.7273,0.979
1.0,0.4808,0.6494,0.982
0.9583,0.5,0.6571,0.9478
1.0,0.6,0.75,0.9784
1.0,0.5106,0.6761,0.9792
0.9583,0.5111,0.6667,0.9583
0.9583,0.5227,0.6765,0.9655
0.9583,0.4792,0.6389,0.9653
1.0,0.48,0.6486,0.9556
1.0,0.5,0.6667,0.959
0.96,0.5854,0.7273,0.9814
1.0,0.4717,0.641,0.9573
1.0,0.48,0.6486,0.9722
1.0,0.5581,0.7164,0.9582
1.0,0.4898,0.6575,0.9678
0.9583,0.4694,0.6301,0.9802
0.9583,0.6053,0.7419,0.9756
1.0,0.5581,0.7164,0.9678
0.9583,0.451,0.6133,0.9769
1.0,0.5556,0.7143,0.9696
0.92,0.5,0.6479,0.972
1.0,0.5682,0.7246,0.9689
1.0,0.5,0.6667,0.9744
0.9583,0.451,0.6133,0.9609
1.0,0.5217,0.6857,0.9618
0.9583,0.4894,0.6479,0.9596
0.9167,0.5,0.6471,0.9688
0.9583,0.5227,0.6765,0.9568
1.0,0.4211,0.5926,0.9609
1.0,0.5,0.6667,0.9559
0.96,0.5455,0.6957,0.9654
0.96,0.5106,0.6667,0.9736
0.9583,0.5349,0.6866,0.9704
0.9583,0.5,0.6571,0.9681
1.0,0.4615,0.6316,0.9678
0.9583,0.5,0.6571,0.9739
0.9167,0.4681,0.6197,0.9636
0.9583,0.575,0.7188,0.9742
1.0,0.5106,0.6761,0.9748
0.96,0.5333,0.6857,0.9717
1.0,0.4808,0.6494,0.9694
1.0,0.5435,0.7042,0.951
0.875,0.4565,0.6,0.9483
0.875,0.4773,0.6176,0.9552
0.9583,0.575,0.7188,0.9745
0.9583,0.5476,0.697,0.9733
1.0,0.4615,0.6316,0.9817
1.0,0.5,0.6667,0.9771
0.9583,0.575,0.7188,0.9771
0.96,0.4706,0.6316,0.9756
1.0,0.4098,0.5814,0.9475
0.92,0.561,0.697,0.9596
0.9583,0.4894,0.6479,0.9465
0.9583,0.451,0.6133,0.9578
1.0,0.5106,0.6761,0.9896
1.0,0.5,0.6667,0.9879
1.0,0.5854,0.7385,0.9835
0.9583,0.575,0.7188,0.9766
1.0,0.5333,0.6957,0.9866
0.96,0.5333,0.6857,0.9767
1.0,0.4237,0.5952,0.9437
1.0,0.5,0.6667,0.9494
0.9167,0.7097,0.8,0.9792
1.0,0.4364,0.6076,0.9572
0.9583,0.5349,0.6866,0.9715
1.0,0.4898,0.6575,0.9756
1.0,0.5217,0.6857,0.9749
1.0,0.4211,0.5926,0.9408
1.0,0.5,0.6667,0.9582
1.0,0.4717,0.641,0.984
0.92,0.5227,0.6667,0.9736
0.96,0.5106,0.6667,0.9681
0.9583,0.5349,0.6866,0.9761
1.0,0.4706,0.64,0.9678
1.0,0.4898,0.6575,0.954
1.0,0.5217,0.6857,0.9688
0.9167,0.4783,0.6286,0.9434
0.9583,0.6053,0.7419,0.9774
1.0,0.4444,0.6154,0.9715
0.96,0.5581,0.7059,0.9715
1.0,0.5102,0.6757,0.9516
1.0,0.5,0.6667,0.973
0.9583,0.5897,0.7302,0.9758
1.0,0.48,0.6486,0.9586
0.9583,0.5,0.6571,0.9754
1.0,0.4898,0.6575,0.9708
0.9583,0.561,0.7077,0.9715
0.9167,0.4681,0.6197,0.9588
0.9167,0.5238,0.6667,0.9565
0.96,0.4706,0.6316,0.9693
0.96,0.5455,0.6957,0.9674
1.0,0.5435,0.7042,0.9765
0.9583,0.4423,0.6053,0.9612
0.9583,0.4694,0.6301,0.9448
1.0,0.5581,0.7164,0.9781
0.9583,0.4792,0.6389,0.9686
1.0,0.5,0.6667,0.9805
1.0,0.5455,0.7059,0.9789
0.92,0.4694,0.6216,0.949
1.0,0.5102,0.6757,0.9662
1.0,0.5,0.6667,0.9768
0.9583,0.575,0.7188,0.9836
1.0,0.4706,0.64,0.952
0.9583,0.4894,0.6479,0.9592
0.9583,0.5227,0.6765,0.97
0.9583,0.5897,0.7302,0.9787
0.9583,0.5111,0.6667,0.9834
1.0,0.4615,0.6316,0.9596
0.96,0.5455,0.6957,0.976
1.0,0.4808,0.6494,0.9658
0.96,0.5333,0.6857,0.9685
0.9583,0.4182,0.5823,0.9665
1.0,0.5581,0.7164,0.9644
1.0,0.5,0.6667,0.9456
1.0,0.6154,0.7619,0.9825
1.0,0.4444,0.6154,0.9689
1.0,0.5106,0.6761,0.9699
0.9583,0.575,0.7188,0.9721
0.9167,0.5789,0.7097,0.9723
0.96,0.5217,0.6761,0.9701
1.0,0.5814,0.7353,0.9874
0.96,0.4528,0.6154,0.9472
0.9583,0.46,0.6216,0.9434
0.875,0.5,0.6364,0.9605
1.0,0.4898,0.6575,0.9685
1.0,0.4528,0.6234,0.9543
1.0,0.5455,0.7059,0.9868
1.0,0.5,0.6667,0.9667
0.9167,0.5238,0.6667,0.9769
1.0,0.431,0.6024,0.9653
1.0,0.463,0.6329,0.9505
1.0,0.5208,0.6849,0.9665
1.0,0.4138,0.5854,0.9547
1.0,0.5714,0.7273,0.9918
0.9167,0.6286,0.7458,0.9826
1.0,0.4528,0.6234,0.9681
0.9583,0.6053,0.7419,0.9776
0.875,0.4884,0.6269,0.948
1.0,0.4898,0.6575,0.9743
1.0,0.5208,0.6849,0.9565
0.92,0.5476,0.6866,0.9765
1.0,0.5102,0.6757,0.9815
0.9167,0.5238,0.6667,0.9667
0.9167,0.4889,0.6377,0.9676
1.0,0.5854,0.7385,0.972
1.0,0.4706,0.64,0.9642
0.9167,0.5,0.6471,0.9596
0.9583,0.451,0.6133,0.956
1.0,0.6316,0.7742,0.9844
0.96,0.5714,0.7164,0.9709
1.0,0.4902,0.6579,0.9749
1.0,0.4717,0.641,0.9602
1.0,0.4898,0.6575,0.9614
1.0,0.5455,0.7059,0.9686
0.9583,0.4792,0.6389,0.9686
1.0,0.5714,0.7273,0.9918
0.9583,0.46,0.6216,0.9523
1.0,0.4615,0.6316,0.9631
0.9167,0.5,0.6471,0.9544
1.0,0.5952,0.7463,0.9765
1.0,0.5319,0.6944,0.9704
0.96,0.4528,0.6154,0.968
1.0,0.5455,0.7059,0.9779
0.9583,0.5111,0.6667,0.9787
0.9167,0.5116,0.6567,0.9617
1.0,0.5106,0.6761,0.9796
1.0,0.5217,0.6857,0.9756
0.9167,0.44,0.5946,0.9604
1.0,0.5333,0.6957,0.9746
1.0,0.4464,0.6173,0.974
1.0,0.463,0.6329,0.9728
0.92,0.5897,0.7188,0.9674
1.0,0.5581,0.7164,0.9762
1.0,0.5217,0.6857,0.9636
1.0,0.6,0.75,0.9897
0.9583,0.4423,0.6053,0.955
0.9583,0.4894,0.6479,0.9462
0.9167,0.5,0.6471,0.9712
0.96,0.48,0.64,0.9648
0.92,0.5349,0.6765,0.9674
0.96,0.5,0.6575,0.9591
0.9583,0.4694,0.6301,0.9678
1.0,0.5333,0.6957,0.9833
1.0,0.5455,0.7059,0.9851
0.9583,0.5111,0.6667,0.9578
1.0,0.5217,0.6857,0.9751
1.0,0.5333,0.6957,0.9585
1.0,0.4286,0.6,0.9488
0.88,0.4889,0.6286,0.9498
1.0,0.4902,0.6579,0.9558
1.0,0.625,0.7692,0.9881
1.0,0.5581,0.7164,0.9687
1.0,0.5581,0.7164,0.9698
1.0,0.4211,0.5926,0.9666
1.0,0.4615,0.6316,0.9532
0.9583,0.5,0.6571,0.981
1.0,0.48,0.6486,0.9729
0.9167,0.4783,0.6286,0.9653
1.0,0.5106,0.6761,0.9615
0.92,0.5,0.6479,0.9674
1.0,0.5,0.6667,0.9831
1.0,0.4717,0.641,0.9811
1.0,0.48,0.6486,0.9779
0.7917,0.413,0.5429,0.9376
1.0,0.5333,0.6957,0.9637
1.0,0.5333,0.6957,0.9767
0.875,0.5676,0.6885,0.9435
1.0,0.48,0.6486,0.9702
0.9167,0.5116,0.6567,0.9585
1.0,0.5682,0.7246,0.9647
0.96,0.5854,0.7273,0.964
1.0,0.5682,0.7246,0.9812
1.0,0.4444,0.6154,0.9507
1.0,0.5217,0.6857,0.982
1.0,0.5217,0.6857,0.9819
0.9583,0.4694,0.6301,0.9504
1.0,0.4211,0.5926,0.9672
1.0,0.5217,0.6857,0.9769
0.9583,0.451,0.6133,0.9723
1.0,0.5102,0.6757,0.9737
0.96,0.5106,0.6667,0.9615
1.0,0.6579,0.7937,0.9916
1.0,0.5455,0.7059,0.9753
0.9583,0.5897,0.7302,0.974
0.9583,0.4792,0.6389,0.9471
1.0,0.4898,0.6575,0.9698
0.9583,0.4894,0.6479,0.9646
1.0,0.4286,0.6,0.9518
1.0,0.5455,0.7059,0.9751
0.92,0.5,0.6479,0.9553
1.0,0.5556,0.7143,0.9793
1.0,0.4545,0.625,0.9531
0.875,0.4884,0.6269,0.9576
1.0,0.5106,0.6761,0.9868
0.9583,0.4694,0.6301,0.9689
0.9583,0.46,0.6216,0.945
1.0,0.5217,0.6857,0.9691
1.0,0.5854,0.7385,0.9829
1.0,0.5455,0.7059,0.9872
1.0,0.4902,0.6579,0.9781
0.96,0.5,0.6575,0.9769
0.96,0.5217,0.6761,0.9728
0.9167,0.6471,0.7586,0.9756
1.0,0.5,0.6667,0.9668
0.8333,0.4762,0.6061,0.9461
0.9583,0.6053,0.7419,0.9758
0.9583,0.4423,0.6053,0.9498
1.0,0.4364,0.6076,0.9678
0.9167,0.4681,0.6197,0.9403
0.92,0.5476,0.6866,0.9626
0.92,0.4894,0.6389,0.9616
0.96,0.5455,0.6957,0.9801
1.0,0.5455,0.7059,0.974
1.0,0.4286,0.6,0.9439
1.0,0.5455,0.7059,0.9615
0.9583,0.575,0.7188,0.9837
1.0,0.4615,0.6316,0.9708
1.0,0.48,0.6486,0.972
1.0,0.5333,0.6957,0.9858
0.96,0.48,0.64,0.966
1.0,0.5102,0.6757,0.9528
0.96,0.48,0.64,0.9646
1.0,0.5217,0.6857,0.9641
1.0,0.5455,0.7059,0.9758
1.0,0.5333,0.6957,0.9775
0.9583,0.561,0.7077,0.9721
0.9583,0.46,0.6216,0.9617
0.9583,0.4423,0.6053,0.952
1.0,0.48,0.6486,0.9755
1.0,0.5682,0.7246,0.969
0.96,0.5455,0.6957,0.966
0.96,0.4898,0.6486,0.9538
1.0,0.5333,0.6957,0.9779
1.0,0.5,0.6667,0.9648
0.875,0.5385,0.6667,0.9604
1.0,0.48,0.6486,0.9802
1.0,0.5581,0.7164,0.9576
1.0,0.4444,0.6154,0.968
0.875,0.6176,0.7241,0.9771
1.0,0.5,0.6667,0.976
0.88,0.5238,0.6567,0.9577
1.0,0.5102,0.6757,0.9856
1.0,0.5581,0.7164,0.9627
1.0,0.5455,0.7059,0.9843
0.9583,0.4423,0.6053,0.9501
1.0,0.4706,0.64,0.9574
0.9583,0.4792,0.6389,0.9585
1.0,0.4286,0.6,0.9774
1.0,0.5333,0.6957,0.9803
0.96,0.5581,0.7059,0.9777
1.0,0.5102,0.6757,0.972
0.92,0.451,0.6053,0.9616
0.9583,0.434,0.5974,0.9473
1.0,0.48,0.6486,0.9568
0.9167,0.5366,0.6769,0.9738
1.0,0.5714,0.7273,0.9757
0.9583,0.5227,0.6765,0.9522
1.0,0.5,0.6667,0.9694
1.0,0.5333,0.6957,0.971
0.92,0.561,0.697,0.967
0.96,0.5455,0.6957,0.9885
0.96,0.4286,0.5926,0.9515
0.9583,0.46,0.6216,0.9676
1.0,0.5854,0.7385,0.9851
0.9167,0.4583,0.6111,0.954
1.0,0.5,0.6667,0.9708
0.9583,0.5227,0.6765,0.9689
1.0,0.4706,0.64,0.9658
1.0,0.4286,0.6,0.9613
1.0,0.5319,0.6944,0.9904
1.0,0.4717,0.641,0.9563
1.0,0.5,0.6667,0.9653
1.0,0.5,0.6667,0.9669
0.9583,0.5227,0.6765,0.9788
0.9583,0.5897,0.7302,0.9751
0.9583,0.4423,0.6053,0.9579
1.0,0.5455,0.7059,0.982
0.9583,0.5227,0.6765,0.955
0.9583,0.4792,0.6389,0.9564
0.96,0.6,0.7385,0.9752
0.88,0.5116,0.6471,0.9521
0.96,0.4364,0.6,0.9698
1.0,0.5455,0.7059,0.9748
0.9167,0.5789,0.7097,0.9769
0.9583,0.434,0.5974,0.9578
1.0,0.5,0.6667,0.9787
0.875,0.5676,0.6885,0.9784
1.0,0.4706,0.64,0.9619
0.9583,0.5111,0.6667,0.9513
0.92,0.5111,0.6571,0.9741
0.96,0.4364,0.6,0.9565
1.0,0.5952,0.7463,0.9805
0.9583,0.4423,0.6053,0.96
1.0,0.5217,0.6857,0.9632
1.0,0.5333,0.6957,0.9724
1.0,0.5581,0.7164,0.9698
1.0,0.5106,0.6761,0.9787
0.9583,0.4694,0.6301,0.9608
1.0,0.5854,0.7385,0.9762
0.96,0.5581,0.7059,0.9656
0.96,0.5,0.6575,0.9627
0.96,0.5455,0.6957,0.9602
0.9167,0.4314,0.5867,0.9484
1.0,0.5,0.6667,0.973
1.0,0.5455,0.7059,0.9678
1.0,0.4528,0.6234,0.9706
1.0,0.5,0.6667,0.9751
1.0,0.5217,0.6857,0.9735
1.0,0.5333,0.6957,0.9752
0.96,0.5333,0.6857,0.9646
0.92,0.451,0.6053,0.9436
0.96,0.5854,0.7273,0.981
0.9583,0.4694,0.6301,0.9632
1.0,0.5,0.6667,0.9725
0.9167,0.5,0.6471,0.9559
1.0,0.5333,0.6957,0.9639
1.0,0.5854,0.7385,0.9744
1.0,0.4364,0.6076,0.9601
0.9583,0.4792,0.6389,0.953
0.92,0.6053,0.7302,0.9695
1.0,0.4808,0.6494,0.9811
0.92,0.561,0.697,0.963
0.9583,0.4894,0.6479,0.9527
1.0,0.5217,0.6857,0.9731
1.0,0.381,0.5517,0.945
0.9167,0.6286,0.7458,0.9843
0.9167,0.4783,0.6286,0.9666
1.0,0.5333,0.6957,0.9857
0.8333,0.5128,0.6349,0.9571
1.0,0.641,0.7813,0.9835
0.96,0.4898,0.6486,0.9494
0.96,0.4706,0.6316,0.9627
1.0,0.5333,0.6957,0.9675
0.9583,0.5,0.6571,0.9678
1.0,0.4364,0.6076,0.9639
1.0,0.5217,0.6857,0.9815
0.9583,0.5227,0.6765,0.9688
1.0,0.5581,0.7164,0.9711
1.0,0.6,0.75,0.9728
0.96,0.4364,0.6,0.959
0.92,0.5,0.6479,0.9549
1.0,0.4902,0.6579,0.983
1.0,0.4615,0.6316,0.9801
0.9167,0.5238,0.6667,0.9586
0.9583,0.5,0.6571,0.9608
1.0,0.5581,0.7164,0.9633
0.9167,0.5366,0.6769,0.9603
0.9583,0.561,0.7077,0.9735
0.9583,0.5227,0.6765,0.9559
0.96,0.4286,0.5926,0.978
0.92,0.5897,0.7188,0.9679
1.0,0.5814,0.7353,0.981
1.0,0.5217,0.6857,0.9814
1.0,0.5854,0.7385,0.9626
1.0,0.5106,0.6761,0.9781
0.9583,0.4792,0.6389,0.9528
1.0,0.4615,0.6316,0.9788
1.0,0.4615,0.6316,0.972
0.9583,0.5349,0.6866,0.9563
0.92,0.5349,0.6765,0.9607
0.88,0.4889,0.6286,0.9547
0.92,0.5349,0.6765,0.972
1.0,0.48,0.6486,0.9841
1.0,0.4444,0.6154,0.9561
1.0,0.5581,0.7164,0.982
1.0,0.5455,0.7059,0.991
1.0,0.5455,0.7059,0.9758
1.0,0.4706,0.64,0.9632
0.9583,0.5111,0.6667,0.9605
0.96,0.5854,0.7273,0.9743
0.96,0.5455,0.6957,0.969
0.96,0.5106,0.6667,0.9495
1.0,0.4286,0.6,0.9766
1.0,0.4898,0.6575,0.983
0.9583,0.5349,0.6866,0.9745
1.0,0.4364,0.6076,0.9429
1.0,0.5455,0.7059,0.9767
0.9583,0.4894,0.6479,0.9667
0.9167,0.5238,0.6667,0.9645
1.0,0.4464,0.6173,0.9679
1.0,0.4808,0.6494,0.956
1.0,0.5208,0.6849,0.977
0.875,0.6176,0.7241,0.9666
0.9583,0.575,0.7188,0.9766
1.0,0.5217,0.6857,0.9678
0.9583,0.4894,0.6479,0.9673
1.0,0.48,0.6486,0.974
0.9583,0.5,0.6571,0.9534
1.0,0.4528,0.6234,0.9696
1.0,0.4808,0.6494,0.98
0.96,0.5581,0.7059,0.9698
1.0,0.5319,0.6944,0.9693
1.0,0.4898,0.6575,0.9784
0.9583,0.561,0.7077,0.9829
1.0,0.5,0.6667,0.9524
1.0,0.4068,0.5783,0.9594
1.0,0.5455,0.7059,0.9739
0.8333,0.5,0.625,0.9419
1.0,0.5714,0.7273,0.9753
0.96,0.6316,0.7619,0.9747
0.96,0.5581,0.7059,0.978
1.0,0.6098,0.7576,0.986
0.9167,0.4783,0.6286,0.9726
1.0,0.4444,0.6154,0.9763
0.9167,0.44,0.5946,0.9525
1.0,0.4615,0.6316,0.9662
1.0,0.5581,0.7164,0.9798
0.875,0.4375,0.5833,0.9073
1.0,0.5208,0.6849,0.9642
1.0,0.4545,0.625,0.9789
0.96,0.4898,0.6486,0.9543
0.9583,0.4423,0.6053,0.967
1.0,0.4706,0.64,0.9802
1.0,0.5455,0.7059,0.9866
1.0,0.4898,0.6575,0.9682
0.875,0.6176,0.7241,0.9645
0.9583,0.46,0.6216,0.9604
0.9583,0.5349,0.6866,0.968
0.9167,0.5116,0.6567,0.9627
0.92,0.575,0.7077,0.9617
1.0,0.5,0.6667,0.9853
0.96,0.5581,0.7059,0.961
1.0,0.5106,0.6761,0.9769
0.9583,0.4894,0.6479,0.9545
1.0,0.4706,0.64,0.9595
0.9583,0.377,0.5412,0.9504
1.0,0.5217,0.6857,0.9843
1.0,0.6316,0.7742,0.9814
1.0,0.5106,0.6761,0.9757
0.92,0.561,0.697,0.9664
0.96,0.5581,0.7059,0.9701
0.92,0.575,0.7077,0.9677
0.9583,0.5227,0.6765,0.9763
1.0,0.4,0.5714,0.9798
1.0,0.5217,0.6857,0.9543
1.0,0.5,0.6667,0.9615
0.9583,0.434,0.5974,0.9672
1.0,0.4706,0.64,0.9711
0.9167,0.5116,0.6567,0.9592
1.0,0.4902,0.6579,0.9728
1.0,0.5682,0.7246,0.9736
1.0,0.463,0.6329,0.9743
0.9583,0.5111,0.6667,0.9709
0.9167,0.5238,0.6667,0.9706
1.0,0.5217,0.6857,0.9666
1.0,0.6316,0.7742,0.983
0.9167,0.4583,0.6111,0.9491
0.9583,0.46,0.6216,0.9545
1.0,0.5714,0.7273,0.9739
0.96,0.5106,0.6667,0.9559
1.0,0.5102,0.6757,0.9857
0.92,0.561,0.697,0.9644
1.0,0.5333,0.6957,0.9789
0.9583,0.4792,0.6389,0.9529
1.0,0.4898,0.6575,0.9824
0.875,0.5526,0.6774,0.9578
1.0,0.4444,0.6154,0.9744
0.9583,0.434,0.5974,0.9497
1.0,0.5854,0.7385,0.9577
0.96,0.5333,0.6857,0.9636
1.0,0.4717,0.641,0.9584
1.0,0.5814,0.7353,0.9811
0.9167,0.449,0.6027,0.961
0.9583,0.4182,0.5823,0.9675
0.9167,0.5641,0.6984,0.9709
1.0,0.5106,0.6761,0.9864
1.0,0.5106,0.6761,0.9793
0.9167,0.449,0.6027,0.9617
1.0,0.4706,0.64,0.9703
0.96,0.5106,0.6667,0.9686
0.96,0.5455,0.6957,0.9681
0.96,0.5106,0.6667,0.9721
0.9583,0.5,0.6571,0.9704
0.9583,0.4792,0.6389,0.9471
1.0,0.5714,0.7273,0.9793
1.0,0.5714,0.7273,0.9841
0.9583,0.5,0.6571,0.966
1.0,0.48,0.6486,0.9667
0.9583,0.561,0.7077,0.9799
1.0,0.463,0.6329,0.9731
0.96,0.5333,0.6857,0.959
0.96,0.5,0.6575,0.9707
1.0,0.5,0.6667,0.9812
0.9583,0.46,0.6216,0.9704
0.9583,0.5111,0.6667,0.9551
0.9583,0.4792,0.6389,0.9632
0.9583,0.4894,0.6479,0.9667
0.9583,0.5349,0.6866,0.9642
0.96,0.5217,0.6761,0.9623
0.96,0.48,0.64,0.9493
1.0,0.5556,0.7143,0.9828
1.0,0.5455,0.7059,0.9744
1.0,0.5217,0.6857,0.9707
0.9583,0.4792,0.6389,0.9642
0.9583,0.4423,0.6053,0.9691
1.0,0.5333,0.6957,0.9744
0.9583,0.5,0.6571,0.9585
0.9583,0.4694,0.6301,0.9583
0.875,0.5526,0.6774,0.9603
0.96,0.4615,0.6234,0.9685
1.0,0.5952,0.7463,0.984
1.0,0.5102,0.6757,0.9691
0.9583,0.4894,0.6479,0.9664
1.0,0.5217,0.6857,0.9869
0.9583,0.5476,0.697,0.9648
1.0,0.4898,0.6575,0.9639
0.9167,0.4314,0.5867,0.957
0.9167,0.5366,0.6769,0.9721
