RUSBag
0.8571,0.5625,0.6792,0.8858
0.5714,0.4,0.4706,0.656
0.7,0.6364,0.6667,0.9
0.75,0.6522,0.6977,0.9225
0.8,0.5161,0.6275,0.824
0.75,0.6,0.6667,0.837
0.55,0.55,0.55,0.8355
0.65,0.5652,0.6047,0.801
0.75,0.4688,0.5769,0.8087
0.85,0.7083,0.7727,0.9153
0.8,0.5714,0.6667,0.832
0.65,0.5417,0.5909,0.831
0.65,0.65,0.65,0.857
1.0,0.5,0.6667,0.9035
0.5,0.5556,0.5263,0.721
0.7,0.6364,0.6667,0.8585
0.619,0.4643,0.5306,0.7332
0.9048,0.7308,0.8085,0.9577
0.9,0.6207,0.7347,0.8974
0.7,0.4828,0.5714,0.774
0.85,0.5862,0.6939,0.9005
0.75,0.5556,0.6383,0.838
0.6,0.6316,0.6154,0.8115
0.8,0.5517,0.6531,0.8605
0.8,0.64,0.7111,0.863
0.75,0.625,0.6818,0.88
0.7619,0.5517,0.64,0.846
0.6667,0.5385,0.5957,0.7862
0.8,0.5714,0.6667,0.8781
0.75,0.625,0.6818,0.8556
0.7619,0.6154,0.6809,0.8848
0.9048,0.5758,0.7037,0.9213
0.85,0.6538,0.7391,0.8845
0.8,0.5517,0.6531,0.845
0.7,0.4375,0.5385,0.7375
0.55,0.5789,0.5641,0.7965
0.75,0.5357,0.625,0.8555
0.85,0.6071,0.7083,0.8835
0.65,0.4815,0.5532,0.7449
0.65,0.4815,0.5532,0.8209
0.55,0.55,0.55,0.8165
0.65,0.4333,0.52,0.77
0.8,0.5517,0.6531,0.833
0.85,0.7083,0.7727,0.912
0.6,0.5455,0.5714,0.795
0.6,0.5455,0.5714,0.833
0.8095,0.5862,0.68,0.8503
0.5714,0.5217,0.5455,0.8124
0.85,0.6071,0.7083,0.899
0.9,0.6,0.72,0.8745
0.7,0.4828,0.5714,0.7805
0.7,0.5,0.5833,0.812
0.85,0.5667,0.68,0.866
0.7,0.5833,0.6364,0.8635
0.65,0.5652,0.6047,0.797
0.7,0.7,0.7,0.895
0.8095,0.68,0.7391,0.9223
0.7619,0.4848,0.5926,0.7896
0.85,0.5152,0.6415,0.8434
0.75,0.5357,0.625,0.8505
0.65,0.4643,0.5417,0.751
0.7,0.6087,0.6512,0.8135
0.95,0.6552,0.7755,0.947
0.7,0.5,0.5833,0.831
0.6,0.4444,0.5106,0.749
0.75,0.4839,0.5882,0.83
0.8095,0.6071,0.6939,0.8236
0.7143,0.6,0.6522,0.8251
0.8,0.5714,0.6667,0.8872
0.85,0.6296,0.7234,0.8862
0.6667,0.4828,0.56,0.7677
0.9524,0.5882,0.7273,0.913
0.65,0.5,0.5652,0.823
0.8,0.5517,0.6531,0.7895
0.8,0.5517,0.6531,0.8805
0.7,0.6364,0.6667,0.8585
0.7,0.5385,0.6087,0.8075
0.6,0.5217,0.5581,0.805
0.7,0.5833,0.6364,0.8189
0.75,0.5769,0.6522,0.8347
0.95,0.7037,0.8085,0.933
0.65,0.52,0.5778,0.8035
0.75,0.5172,0.6122,0.819
0.85,0.5152,0.6415,0.8715
0.45,0.3913,0.4186,0.7105
0.85,0.68,0.7556,0.922
0.7619,0.5517,0.64,0.8669
0.5238,0.6471,0.5789,0.8513
0.85,0.68,0.7556,0.9235
0.7,0.5,0.5833,0.8051
0.65,0.52,0.5778,0.819
0.55,0.55,0.55,0.847
0.85,0.4722,0.6071,0.8525
0.8,0.6667,0.7273,0.9305
0.7,0.6087,0.6512,0.8565
0.5,0.4545,0.4762,0.746
0.8095,0.5667,0.6667,0.8421
0.8095,0.5313,0.6415,0.8571
0.8,0.6154,0.6957,0.877
0.7,0.5,0.5833,0.8189
0.7619,0.5714,0.6531,0.8698
0.8571,0.5625,0.6792,0.8343
0.7,0.5385,0.6087,0.847
0.85,0.5862,0.6939,0.9165
0.7,0.7,0.7,0.8775
0.6,0.5714,0.5854,0.802
0.65,0.4643,0.5417,0.836
0.8,0.5161,0.6275,0.837
0.65,0.52,0.5778,0.7668
0.7,0.6667,0.6829,0.8413
0.75,0.5769,0.6522,0.845
0.75,0.5769,0.6522,0.8655
0.85,0.4857,0.6182,0.879
0.65,0.5652,0.6047,0.826
0.65,0.5,0.5652,0.824
0.45,0.3913,0.4186,0.6915
0.7619,0.6154,0.6809,0.8659
0.8095,0.6296,0.7083,0.8844
0.8,0.6154,0.6957,0.8633
0.65,0.5,0.5652,0.8163
0.7,0.4667,0.56,0.8265
0.8,0.5161,0.6275,0.8775
0.75,0.5357,0.625,0.8015
0.7,0.5833,0.6364,0.8885
0.55,0.6471,0.5946,0.795
0.8,0.5161,0.6275,0.8405
0.8571,0.5625,0.6792,0.898
0.8095,0.7083,0.7556,0.8766
0.8,0.5714,0.6667,0.8464
0.55,0.5,0.5238,0.7398
0.6667,0.5385,0.5957,0.8061
0.6667,0.5185,0.5833,0.7945
0.8,0.5517,0.6531,0.8895
0.6,0.5455,0.5714,0.795
0.65,0.65,0.65,0.8955
0.7,0.5185,0.5957,0.7745
0.75,0.6,0.6667,0.836
0.7,0.7,0.7,0.8355
0.9,0.5294,0.6667,0.8628
0.85,0.5313,0.6538,0.8755
0.95,0.7308,0.8261,0.9395
0.75,0.6,0.6667,0.8535
0.8,0.6957,0.7442,0.906
0.85,0.6296,0.7234,0.908
0.7,0.4828,0.5714,0.7745
0.45,0.375,0.4091,0.6985
0.619,0.52,0.5652,0.7838
0.619,0.4483,0.52,0.8017
0.9,0.6,0.72,0.9179
0.7,0.5185,0.5957,0.8347
0.7619,0.5714,0.6531,0.8445
0.6667,0.6667,0.6667,0.8746
0.65,0.5652,0.6047,0.832
0.65,0.4643,0.5417,0.767
0.65,0.5,0.5652,0.802
0.75,0.5172,0.6122,0.851
0.7,0.5385,0.6087,0.865
0.95,0.6552,0.7755,0.9235
0.75,0.6522,0.6977,0.8643
0.65,0.4643,0.5417,0.7276
0.8,0.6154,0.6957,0.9085
0.75,0.6522,0.6977,0.8245
0.9,0.439,0.5902,0.87
0.8,0.4706,0.5926,0.8115
0.75,0.5556,0.6383,0.853
0.6,0.5217,0.5581,0.7695
0.5714,0.48,0.5217,0.7585
0.7619,0.6667,0.7111,0.8241
0.75,0.5556,0.6383,0.852
0.6,0.4444,0.5106,0.7959
0.7619,0.5926,0.6667,0.8761
0.7619,0.5714,0.6531,0.8664
0.8,0.6667,0.7273,0.9205
0.75,0.4545,0.566,0.8225
0.75,0.625,0.6818,0.8
0.7,0.56,0.6222,0.824
0.55,0.44,0.4889,0.744
0.75,0.5769,0.6522,0.8495
0.8,0.5926,0.6809,0.8704
0.7,0.4667,0.56,0.7811
0.7143,0.7143,0.7143,0.9213
0.8095,0.6071,0.6939,0.8426
0.75,0.5172,0.6122,0.837
0.6,0.48,0.5333,0.793
0.6,0.4286,0.5,0.748
0.7,0.4516,0.549,0.7845
0.7,0.6667,0.6829,0.8585
0.9,0.6667,0.766,0.898
0.85,0.5667,0.68,0.8806
0.8,0.6154,0.6957,0.8434
0.619,0.6842,0.65,0.8625
0.8571,0.6429,0.7347,0.8897
0.65,0.5652,0.6047,0.824
0.85,0.6296,0.7234,0.9045
0.5,0.4545,0.4762,0.7285
0.65,0.4643,0.5417,0.8015
0.85,0.6071,0.7083,0.9055
0.85,0.6296,0.7234,0.9085
0.65,0.5,0.5652,0.7974
0.75,0.5556,0.6383,0.8235
0.75,0.6818,0.7143,0.854
0.8,0.5714,0.6667,0.853
0.75,0.5172,0.6122,0.821
0.75,0.5172,0.6122,0.8415
0.7,0.6087,0.6512,0.85
0.8,0.5517,0.6531,0.8515
0.5714,0.48,0.5217,0.7638
0.619,0.4643,0.5306,0.7308
0.75,0.6522,0.6977,0.9077
0.8,0.64,0.7111,0.9122
0.7619,0.5333,0.6275,0.8741
0.7619,0.6154,0.6809,0.8489
0.7,0.4828,0.5714,0.8075
0.8,0.64,0.7111,0.9045
0.6,0.48,0.5333,0.763
0.8,0.5714,0.6667,0.8605
0.75,0.7143,0.7317,0.9005
0.65,0.5652,0.6047,0.8045
0.75,0.5556,0.6383,0.849
0.7,0.5,0.5833,0.8112
0.7,0.6087,0.6512,0.8255
0.75,0.5556,0.6383,0.8455
0.75,0.5769,0.6522,0.771
0.75,0.5357,0.625,0.8495
0.85,0.6071,0.7083,0.8335
0.6,0.6,0.6,0.8565
0.7143,0.6,0.6522,0.8489
0.8095,0.6296,0.7083,0.8878
0.65,0.4815,0.5532,0.7464
0.85,0.5667,0.68,0.8423
0.6,0.5714,0.5854,0.8365
0.5,0.4762,0.4878,0.7375
0.8,0.4706,0.5926,0.8495
0.95,0.5938,0.7308,0.9235
0.75,0.5172,0.6122,0.7985
0.8,0.5714,0.6667,0.8185
0.8095,0.7083,0.7556,0.8751
0.8095,0.68,0.7391,0.8984
0.85,0.5313,0.6538,0.8357
0.6,0.7059,0.6486,0.8531
0.75,0.5556,0.6383,0.8555
0.55,0.5,0.5238,0.77
0.7,0.6364,0.6667,0.8995
0.65,0.4483,0.5306,0.7925
0.7,0.7368,0.7179,0.8405
0.6,0.4138,0.4898,0.759
0.8095,0.6071,0.6939,0.8882
0.9048,0.7308,0.8085,0.9232
0.7,0.4516,0.549,0.7286
0.7,0.4516,0.549,0.8041
0.7,0.4828,0.5714,0.803
0.9,0.6207,0.7347,0.9025
0.6,0.6,0.6,0.8175
0.6,0.48,0.5333,0.7855
0.65,0.65,0.65,0.8305
0.75,0.4545,0.566,0.792
0.9048,0.5938,0.717,0.913
0.7143,0.625,0.6667,0.8751
0.75,0.7143,0.7317,0.9122
0.85,0.7727,0.8095,0.8816
0.6,0.6316,0.6154,0.8305
0.9,0.6923,0.7826,0.9605
0.7,0.5,0.5833,0.79
0.75,0.5,0.6,0.8265
0.7,0.56,0.6222,0.8375
0.8,0.5,0.6154,0.837
0.8571,0.6207,0.72,0.9159
0.5714,0.6316,0.6,0.7969
0.6,0.6,0.6,0.8235
0.9,0.6,0.72,0.8974
0.7,0.6667,0.6829,0.881
0.75,0.6522,0.6977,0.9185
0.7,0.4667,0.56,0.841
0.65,0.4815,0.5532,0.7875
0.65,0.5,0.5652,0.8585
0.7,0.5,0.5833,0.799
0.7143,0.5556,0.625,0.8494
0.8095,0.68,0.7391,0.879
0.65,0.5,0.5652,0.7934
0.85,0.5667,0.68,0.8597
0.619,0.5909,0.6047,0.8508
0.7143,0.6,0.6522,0.8669
0.75,0.4688,0.5769,0.8255
0.75,0.625,0.6818,0.842
0.65,0.5652,0.6047,0.852
0.85,0.5152,0.6415,0.88
0.75,0.4286,0.5455,0.775
0.8,0.5926,0.6809,0.8885
0.85,0.68,0.7556,0.8995
0.65,0.5652,0.6047,0.8077
0.65,0.52,0.5778,0.822
0.8,0.6154,0.6957,0.866
0.75,0.5769,0.6522,0.8495
0.75,0.5556,0.6383,0.854
0.7,0.6667,0.6829,0.811
0.75,0.5172,0.6122,0.851
0.6667,0.5833,0.6222,0.8144
0.7143,0.5556,0.625,0.8124
0.7,0.7,0.7,0.8643
0.85,0.6296,0.7234,0.8939
0.7619,0.64,0.6957,0.8202
0.6667,0.6667,0.6667,0.8469
0.7,0.56,0.6222,0.851
0.85,0.6071,0.7083,0.89
0.6,0.5,0.5455,0.7805
0.8,0.4571,0.5818,0.822
0.8,0.5333,0.64,0.834
0.85,0.5862,0.6939,0.9165
0.65,0.5417,0.5909,0.825
0.65,0.4483,0.5306,0.776
0.85,0.6071,0.7083,0.8835
0.75,0.5,0.6,0.793
0.45,0.3913,0.4186,0.6865
0.65,0.5909,0.619,0.876
0.85,0.6071,0.7083,0.8865
0.8,0.5161,0.6275,0.8445
0.7619,0.5333,0.6275,0.8406
0.9048,0.7037,0.7917,0.9456
0.8,0.6667,0.7273,0.8974
0.75,0.5357,0.625,0.8168
0.7,0.4828,0.5714,0.7725
0.8,0.5714,0.6667,0.861
0.8,0.6154,0.6957,0.8955
0.7,0.5833,0.6364,0.7975
0.75,0.5769,0.6522,0.8215
0.55,0.5,0.5238,0.72
0.8095,0.5862,0.68,0.8946
0.7619,0.5517,0.64,0.8771
0.85,0.6296,0.7234,0.8765
0.85,0.6296,0.7234,0.9051
0.5714,0.5217,0.5455,0.7915
0.5714,0.5217,0.5455,0.7779
0.9,0.6207,0.7347,0.8915
0.65,0.5,0.5652,0.817
0.85,0.6071,0.7083,0.8485
0.85,0.68,0.7556,0.932
0.9,0.5625,0.6923,0.869
0.75,0.5357,0.625,0.802
0.65,0.5417,0.5909,0.8301
0.7,0.5185,0.5957,0.8566
0.75,0.625,0.6818,0.8285
0.75,0.5769,0.6522,0.869
0.8,0.5926,0.6809,0.898
0.8,0.5,0.6154,0.773
0.8,0.7273,0.7619,0.9195
0.7,0.56,0.6222,0.824
0.6667,0.5,0.5714,0.7998
0.6667,0.5833,0.6222,0.8722
0.75,0.7143,0.7317,0.8347
0.85,0.5313,0.6538,0.8867
0.5238,0.55,0.5366,0.8154
0.6667,0.4828,0.56,0.8513
0.75,0.4839,0.5882,0.833
0.65,0.5417,0.5909,0.8445
0.85,0.6071,0.7083,0.8895
0.75,0.5172,0.6122,0.835
0.9,0.5455,0.6792,0.8645
0.65,0.4333,0.52,0.7565
0.75,0.5769,0.6522,0.8867
0.6,0.5455,0.5714,0.8199
0.8,0.6154,0.6957,0.8645
0.85,0.6296,0.7234,0.875
0.9,0.6667,0.766,0.9375
0.65,0.5417,0.5909,0.817
0.6,0.5217,0.5581,0.78
0.9,0.5625,0.6923,0.8585
0.7619,0.5333,0.6275,0.8465
0.8095,0.5484,0.6538,0.8503
0.7,0.7368,0.7179,0.8566
0.5,0.4545,0.4762,0.7485
0.65,0.5652,0.6047,0.761
0.9,0.5455,0.6792,0.8855
0.75,0.5172,0.6122,0.8545
0.65,0.5652,0.6047,0.853
0.8,0.5333,0.64,0.824
0.9,0.6429,0.75,0.8645
0.6667,0.5185,0.5833,0.8115
0.5714,0.5217,0.5455,0.7629
0.85,0.6296,0.7234,0.927
0.65,0.52,0.5778,0.798
0.9048,0.5429,0.6786,0.8912
0.7143,0.5357,0.6122,0.8188
0.75,0.5172,0.6122,0.825
0.6,0.6,0.6,0.85
0.75,0.5769,0.6522,0.8445
0.7,0.56,0.6222,0.8625
0.7,0.5,0.5833,0.839
0.8,0.5333,0.64,0.8325
0.75,0.625,0.6818,0.8612
0.7,0.6364,0.6667,0.8413
0.7619,0.5161,0.6154,0.7896
0.4762,0.4348,0.4545,0.7109
0.8,0.64,0.7111,0.896
0.85,0.5667,0.68,0.893
0.85,0.5313,0.6538,0.851
0.95,0.8261,0.8837,0.9855
0.85,0.4857,0.6182,0.809
0.7,0.5833,0.6364,0.7935
0.7,0.6364,0.6667,0.8827
0.75,0.5556,0.6383,0.8347
0.95,0.7917,0.8636,0.953
0.8,0.5517,0.6531,0.861
0.7,0.5385,0.6087,0.8285
0.6,0.5714,0.5854,0.8295
0.85,0.6296,0.7234,0.88
0.7,0.56,0.6222,0.8355
0.7619,0.5926,0.6667,0.8591
0.7143,0.5,0.5882,0.8168
0.65,0.5,0.5652,0.8194
0.55,0.5238,0.5366,0.7969
0.8095,0.5667,0.6667,0.8722
0.8095,0.5667,0.6667,0.7993
0.7,0.5,0.5833,0.836
0.6,0.48,0.5333,0.7985
0.6,0.5714,0.5854,0.803
0.8,0.5517,0.6531,0.892
0.6,0.5714,0.5854,0.8325
0.85,0.5,0.6296,0.86
0.85,0.7083,0.7727,0.9066
0.75,0.5357,0.625,0.8383
0.65,0.6842,0.6667,0.8625
0.8,0.5714,0.6667,0.904
0.8,0.5517,0.6531,0.8655
0.75,0.6,0.6667,0.8355
0.8,0.5,0.6154,0.803
0.7,0.5385,0.6087,0.7855
0.7619,0.5161,0.6154,0.7804
0.8095,0.5862,0.68,0.9232
0.6,0.5217,0.5581,0.8026
0.5,0.4762,0.4878,0.7316
0.8,0.5333,0.64,0.844
0.7,0.5385,0.6087,0.8225
0.7,0.6364,0.6667,0.8515
0.7,0.5,0.5833,0.7945
0.75,0.7143,0.7317,0.869
0.7,0.4667,0.56,0.799
0.8095,0.5862,0.68,0.8581
0.7619,0.5714,0.6531,0.8547
0.8,0.5714,0.6667,0.8867
0.75,0.6,0.6667,0.8291
0.75,0.6818,0.7143,0.897
0.8,0.4706,0.5926,0.7915
0.65,0.5909,0.619,0.858
0.6,0.48,0.5333,0.772
0.65,0.5,0.5652,0.831
0.75,0.5,0.6,0.832
0.7619,0.64,0.6957,0.8241
0.7143,0.5357,0.6122,0.8275
0.75,0.625,0.6818,0.8969
0.85,0.6538,0.7391,0.8745
0.8571,0.5806,0.6923,0.8834
0.7143,0.5357,0.6122,0.8236
0.55,0.5238,0.5366,0.8315
0.75,0.5357,0.625,0.8295
0.65,0.52,0.5778,0.8215
0.65,0.5909,0.619,0.8375
0.65,0.5,0.5652,0.803
0.85,0.6296,0.7234,0.912
0.7,0.4375,0.5385,0.7903
0.8,0.6667,0.7273,0.8801
0.8095,0.6538,0.7234,0.8795
0.5238,0.4583,0.4889,0.7148
0.75,0.5,0.6,0.8405
0.8,0.6154,0.6957,0.8685
0.65,0.4333,0.52,0.7355
0.75,0.5357,0.625,0.865
0.7,0.6364,0.6667,0.864
0.65,0.52,0.5778,0.7965
0.85,0.7083,0.7727,0.9194
0.85,0.68,0.7556,0.8827
0.619,0.52,0.5652,0.7818
0.7143,0.5357,0.6122,0.8056
0.9,0.6,0.72,0.882
0.65,0.7647,0.7027,0.8415
0.7,0.5385,0.6087,0.8205
0.65,0.5,0.5652,0.8215
0.85,0.5667,0.68,0.878
0.7,0.4828,0.5714,0.8095
0.8,0.7273,0.7619,0.9168
0.8,0.4848,0.6038,0.7852
0.4,0.3333,0.3636,0.662
0.8,0.4571,0.5818,0.83
0.7,0.6364,0.6667,0.857
0.7,0.6087,0.6512,0.868
0.9,0.6,0.72,0.9185
0.8,0.5333,0.64,0.8525
0.6667,0.6087,0.6364,0.8435
0.7619,0.5333,0.6275,0.8338
0.9,0.5806,0.7059,0.8832
0.75,0.5769,0.6522,0.8454
0.9,0.5294,0.6667,0.896
0.65,0.5,0.5652,0.802
0.75,0.5,0.6,0.7935
0.75,0.5769,0.6522,0.795
0.85,0.6296,0.7234,0.871
0.65,0.619,0.6341,0.824
0.7619,0.5517,0.64,0.8246
0.619,0.5909,0.6047,0.8294
0.7,0.7368,0.7179,0.8939
0.85,0.6538,0.7391,0.8714
0.619,0.5,0.5532,0.7206
0.8095,0.6296,0.7083,0.8722
0.85,0.7391,0.7907,0.934
0.8,0.5517,0.6531,0.883
0.7,0.6667,0.6829,0.895
0.6,0.5,0.5455,0.787
0.8,0.6154,0.6957,0.873
0.8,0.5,0.6154,0.787
0.9,0.6429,0.75,0.9061
0.7,0.6364,0.6667,0.8367
0.7143,0.5556,0.625,0.8149
0.7619,0.5714,0.6531,0.8465
0.6,0.5455,0.5714,0.8495
0.75,0.6818,0.7143,0.859
0.8,0.6957,0.7442,0.929
0.65,0.4815,0.5532,0.8065
0.7,0.4667,0.56,0.7695
0.85,0.5862,0.6939,0.8835
0.75,0.5,0.6,0.775
0.65,0.4815,0.5532,0.7857
0.45,0.5,0.4737,0.744
0.8,0.5333,0.64,0.86
0.7,0.5,0.5833,0.8315
0.85,0.5152,0.6415,0.8635
0.75,0.625,0.6818,0.8555
0.75,0.5,0.6,0.8325
0.9048,0.7037,0.7917,0.9538
0.5238,0.5789,0.55,0.7711
0.7,0.5185,0.5957,0.7995
0.9,0.5806,0.7059,0.8934
0.619,0.4815,0.5417,0.725
0.8571,0.5455,0.6667,0.8741
0.7,0.4828,0.5714,0.831
0.75,0.4688,0.5769,0.7535
0.7,0.56,0.6222,0.8495
0.85,0.5484,0.6667,0.862
0.75,0.5357,0.625,0.8355
0.8,0.6957,0.7442,0.898
0.65,0.65,0.65,0.8418
0.8,0.6154,0.6957,0.8929
0.7143,0.5769,0.6383,0.8328
0.619,0.4643,0.5306,0.8013
0.75,0.625,0.6818,0.8685
0.9,0.5806,0.7059,0.8815
0.8,0.6667,0.7273,0.9185
0.8,0.5517,0.6531,0.8755
0.85,0.5484,0.6667,0.904
0.65,0.4815,0.5532,0.7975
0.7,0.4242,0.5283,0.8168
0.55,0.6111,0.5789,0.8316
0.7,0.56,0.6222,0.832
0.75,0.6522,0.6977,0.9135
0.8,0.6957,0.7442,0.891
0.75,0.5556,0.6383,0.8675
0.65,0.4815,0.5532,0.753
0.8,0.5926,0.6809,0.821
0.7619,0.5926,0.6667,0.8236
0.6667,0.5385,0.5957,0.8154
0.6,0.4286,0.5,0.7577
0.85,0.6296,0.7234,0.8969
0.8095,0.5667,0.6667,0.8499
0.5238,0.5,0.5116,0.7507
0.65,0.5,0.5652,0.801
0.75,0.6818,0.7143,0.84
0.85,0.6296,0.7234,0.897
0.6,0.5217,0.5581,0.7915
0.8,0.5517,0.6531,0.8625
0.6,0.5714,0.5854,0.795
0.85,0.5152,0.6415,0.8337
0.85,0.5862,0.6939,0.8541
0.85,0.5313,0.6538,0.823
0.85,0.5862,0.6939,0.908
0.75,0.625,0.6818,0.858
0.75,0.5357,0.625,0.8875
0.55,0.55,0.55,0.777
0.75,0.5172,0.6122,0.8225
0.7143,0.75,0.7317,0.8533
0.7619,0.5714,0.6531,0.8236
0.85,0.7083,0.7727,0.9367
0.9,0.5143,0.6545,0.8495
0.8095,0.5862,0.68,0.8158
0.7619,0.64,0.6957,0.8776
0.65,0.5909,0.619,0.7965
0.9,0.6207,0.7347,0.9135
0.85,0.6296,0.7234,0.8635
0.7,0.56,0.6222,0.8105
0.75,0.4286,0.5455,0.7755
0.5,0.5556,0.5263,0.7325
0.75,0.625,0.6818,0.8485
0.9,0.6,0.72,0.9321
0.6667,0.5833,0.6222,0.8431
0.8095,0.6538,0.7234,0.8703
0.6,0.5714,0.5854,0.842
0.8,0.5333,0.64,0.8055
0.7,0.5385,0.6087,0.809
0.8,0.5,0.6154,0.812
0.75,0.5769,0.6522,0.858
0.7,0.6087,0.6512,0.834
0.9,0.5455,0.6792,0.9148
0.7,0.5,0.5833,0.8714
0.9,0.6429,0.75,0.879
0.55,0.3929,0.4583,0.7125
0.85,0.5667,0.68,0.8635
0.7,0.6364,0.6667,0.8675
0.85,0.6538,0.7391,0.9015
0.75,0.5172,0.6122,0.7885
0.8095,0.6071,0.6939,0.8528
0.8095,0.5862,0.68,0.8212
0.75,0.6818,0.7143,0.8872
0.65,0.7222,0.6842,0.8668
0.7,0.4828,0.5714,0.8045
0.9,0.5625,0.6923,0.871
0.85,0.5,0.6296,0.809
0.65,0.6842,0.6667,0.8595
0.55,0.3548,0.4314,0.6575
0.8,0.5714,0.6667,0.8715
0.8095,0.6071,0.6939,0.8805
0.9048,0.7308,0.8085,0.9223
0.45,0.6923,0.5455,0.8092
0.65,0.5652,0.6047,0.8117
0.8095,0.5152,0.6296,0.8421
0.9048,0.5758,0.7037,0.8931
1.0,0.6452,0.7843,0.9355
0.8,0.6154,0.6957,0.8555
0.85,0.5484,0.6667,0.879
0.8,0.7273,0.7619,0.8685
0.7,0.4667,0.56,0.7815
0.3,0.3,0.3,0.6775
0.7,0.6364,0.6667,0.8577
0.7,0.5385,0.6087,0.8898
0.85,0.5484,0.6667,0.8525
0.6,0.5455,0.5714,0.7515
0.75,0.5172,0.6122,0.858
0.75,0.5556,0.6383,0.8595
0.65,0.5417,0.5909,0.817
0.75,0.5769,0.6522,0.847
0.9048,0.6333,0.7451,0.9077
0.7143,0.5172,0.6,0.8377
0.8,0.6154,0.6957,0.8464
0.7,0.6087,0.6512,0.8046
0.6,0.4615,0.5217,0.753
0.8,0.5,0.6154,0.8275
0.8,0.5714,0.6667,0.8405
0.75,0.5357,0.625,0.849
0.85,0.5862,0.6939,0.906
0.65,0.5,0.5652,0.8065
0.8571,0.5806,0.6923,0.8722
0.7143,0.6,0.6522,0.8722
0.65,0.5909,0.619,0.8291
0.75,0.5769,0.6522,0.8709
0.7,0.5185,0.5957,0.8475
0.75,0.5172,0.6122,0.828
0.65,0.5,0.5652,0.8285
0.7,0.5185,0.5957,0.825
0.7,0.5385,0.6087,0.8075
0.7,0.5833,0.6364,0.7825
0.7143,0.4839,0.5769,0.8197
0.8095,0.5152,0.6296,0.8664
0.75,0.5172,0.6122,0.8724
0.95,0.6333,0.76,0.9122
0.65,0.5909,0.619,0.797
0.5,0.4545,0.4762,0.6955
0.65,0.52,0.5778,0.8525
0.85,0.6538,0.7391,0.8605
0.85,0.5,0.6296,0.885
0.7,0.6364,0.6667,0.8475
0.7143,0.6522,0.6818,0.9082
0.7619,0.4848,0.5926,0.827
0.75,0.6,0.6667,0.8628
0.9,0.5143,0.6545,0.8536
0.7143,0.5357,0.6122,0.8129
0.8571,0.6,0.7059,0.8732
0.85,0.7083,0.7727,0.931
0.75,0.5357,0.625,0.8355
0.7,0.5185,0.5957,0.8565
0.85,0.6071,0.7083,0.8695
0.75,0.6522,0.6977,0.8595
0.7,0.4828,0.5714,0.852
0.8,0.5517,0.6531,0.8337
0.4,0.3077,0.3478,0.6577
0.85,0.6296,0.7234,0.9045
0.9,0.5294,0.6667,0.8875
0.75,0.6522,0.6977,0.8495
0.6,0.4444,0.5106,0.7425
0.7,0.5185,0.5957,0.8235
0.7,0.4828,0.5714,0.8315
0.7619,0.64,0.6957,0.8688
0.8095,0.4857,0.6071,0.7784
0.75,0.5357,0.625,0.8474
0.8,0.6154,0.6957,0.8168
0.6667,0.5,0.5714,0.7634
0.7143,0.5769,0.6383,0.8076
0.65,0.4643,0.5417,0.8115
0.75,0.5556,0.6383,0.849
0.8,0.6154,0.6957,0.874
0.75,0.5769,0.6522,0.872
0.8,0.5926,0.6809,0.8815
0.65,0.4194,0.5098,0.7905
0.6,0.5,0.5455,0.8148
0.9,0.6207,0.7347,0.95
0.75,0.6522,0.6977,0.837
0.85,0.5862,0.6939,0.88
0.7,0.5,0.5833,0.8145
0.75,0.5556,0.6383,0.827
0.85,0.5484,0.6667,0.8985
0.7,0.4828,0.5714,0.7885
0.8095,0.6296,0.7083,0.8999
0.6667,0.56,0.6087,0.8124
0.65,0.5417,0.5909,0.7974
0.7,0.5833,0.6364,0.8587
0.75,0.5769,0.6522,0.824
0.7,0.5833,0.6364,0.8965
0.8,0.5,0.6154,0.857
0.7,0.5385,0.6087,0.837
0.85,0.7391,0.7907,0.918
0.65,0.52,0.5778,0.7665
0.7143,0.5357,0.6122,0.8022
0.7619,0.5517,0.64,0.8343
0.65,0.619,0.6341,0.8168
0.7,0.5385,0.6087,0.8337
0.75,0.5172,0.6122,0.864
0.5,0.7143,0.5882,0.869
0.8,0.5,0.6154,0.8295
0.65,0.619,0.6341,0.843
0.8,0.6154,0.6957,0.8925
1.0,0.5263,0.6897,0.8615
0.7143,0.5769,0.6383,0.8455
0.7619,0.5926,0.6667,0.8873
0.7,0.4828,0.5714,0.7944
0.55,0.44,0.4889,0.7699
0.7,0.56,0.6222,0.8335
0.65,0.5417,0.5909,0.8205
0.9,0.5455,0.6792,0.9125
0.85,0.6071,0.7083,0.9015
0.75,0.5357,0.625,0.811
0.8,0.6154,0.6957,0.882
0.5714,0.5217,0.5455,0.8027
0.7143,0.5556,0.625,0.8348
0.8,0.6154,0.6957,0.8429
0.65,0.5,0.5652,0.7776
0.65,0.6842,0.6667,0.8475
0.65,0.5,0.5652,0.8555
0.65,0.5417,0.5909,0.8545
0.8,0.5333,0.64,0.8635
0.75,0.5,0.6,0.803
0.8,0.5517,0.6531,0.839
0.619,0.6842,0.65,0.9028
0.8571,0.5143,0.6429,0.8824
0.75,0.5357,0.625,0.8311
0.55,0.5,0.5238,0.7551
0.8095,0.5152,0.6296,0.8236
0.7143,0.5,0.5882,0.8343
0.5,0.625,0.5556,0.799
0.85,0.6538,0.7391,0.9225
0.8,0.4444,0.5714,0.787
0.8,0.6667,0.7273,0.8705
0.55,0.6111,0.5789,0.817
0.75,0.625,0.6818,0.844
0.75,0.5172,0.6122,0.7913
0.8,0.6154,0.6957,0.8597
0.75,0.5556,0.6383,0.852
0.7,0.4667,0.56,0.801
0.85,0.6296,0.7234,0.9065
0.7,0.4828,0.5714,0.754
0.7,0.5833,0.6364,0.863
0.8,0.5517,0.6531,0.848
0.7143,0.6,0.6522,0.8474
0.7619,0.6957,0.7273,0.9329
0.85,0.5862,0.6939,0.8893
0.7,0.4375,0.5385,0.7745
0.8095,0.5152,0.6296,0.8571
0.619,0.4643,0.5306,0.7765
0.55,0.4783,0.5116,0.796
0.75,0.5357,0.625,0.819
0.85,0.5667,0.68,0.877
0.75,0.5769,0.6522,0.8445
0.5,0.5263,0.5128,0.7595
0.9,0.5806,0.7059,0.902
0.85,0.6071,0.7083,0.9056
0.85,0.6296,0.7234,0.8796
0.8571,0.6207,0.72,0.8537
0.7619,0.6154,0.6809,0.8639
0.8,0.64,0.7111,0.8415
0.8,0.5517,0.6531,0.8435
0.9,0.6429,0.75,0.958
0.7,0.6667,0.6829,0.8625
0.5,0.4348,0.4651,0.6865
0.7,0.5833,0.6364,0.8035
0.8,0.5517,0.6531,0.8199
0.85,0.6296,0.7234,0.8643
0.55,0.4783,0.5116,0.7135
0.95,0.5938,0.7308,0.9625
0.7,0.5385,0.6087,0.8035
0.6,0.5,0.5455,0.8325
0.7,0.5185,0.5957,0.798
0.7,0.6087,0.6512,0.849
0.8571,0.6207,0.72,0.897
0.6667,0.7,0.6829,0.8975
0.7,0.5185,0.5957,0.802
0.8,0.5161,0.6275,0.8658
0.619,0.52,0.5652,0.7954
0.7143,0.5172,0.6,0.8129
0.7,0.5185,0.5957,0.783
0.65,0.6842,0.6667,0.818
0.65,0.5417,0.5909,0.7825
0.85,0.5313,0.6538,0.887
0.7,0.5833,0.6364,0.8125
0.85,0.7083,0.7727,0.9265
0.7,0.5185,0.5957,0.8128
0.75,0.5769,0.6522,0.8781
0.65,0.5417,0.5909,0.81
0.95,0.5135,0.6667,0.872
0.75,0.5556,0.6383,0.812
0.75,0.5357,0.625,0.8695
0.6,0.6,0.6,0.8315
0.75,0.5357,0.625,0.856
0.619,0.65,0.6341,0.7779
0.6667,0.5,0.5714,0.7896
0.9,0.5806,0.7059,0.9066
0.55,0.5789,0.5641,0.8571
0.7143,0.6,0.6522,0.8732
0.7143,0.5357,0.6122,0.8649
0.75,0.625,0.6818,0.911
0.85,0.4857,0.6182,0.8355
0.45,0.45,0.45,0.788
0.6,0.5217,0.5581,0.7255
0.85,0.5862,0.6939,0.866
0.7,0.5385,0.6087,0.771
0.95,0.5758,0.717,0.925
0.7,0.6364,0.6667,0.8857
0.6667,0.5833,0.6222,0.8858
0.7143,0.4545,0.5556,0.776
0.75,0.5357,0.625,0.8535
0.7,0.5385,0.6087,0.8035
0.8,0.4706,0.5926,0.815
0.65,0.5417,0.5909,0.809
0.75,0.4839,0.5882,0.809
0.8,0.7273,0.7619,0.914
0.75,0.4688,0.5769,0.8194
0.85,0.7083,0.7727,0.9071
0.85,0.5152,0.6415,0.8055
0.8,0.5161,0.6275,0.886
0.8,0.6957,0.7442,0.8835
0.6,0.5,0.5455,0.778
0.75,0.5769,0.6522,0.849
0.75,0.6,0.6667,0.8305
0.5238,0.4583,0.4889,0.7804
0.8095,0.5484,0.6538,0.8761
0.75,0.6,0.6667,0.876
0.65,0.4643,0.5417,0.7418
0.7,0.5,0.5833,0.8185
0.85,0.5862,0.6939,0.899
0.45,0.5,0.4737,0.7635
0.6,0.48,0.5333,0.828
0.65,0.4643,0.5417,0.7945
0.7,0.4828,0.5714,0.836
0.8571,0.6429,0.7347,0.8654
0.8095,0.5862,0.68,0.8513
0.8,0.6667,0.7273,0.9046
0.7,0.5833,0.6364,0.8561
0.8095,0.6296,0.7083,0.8751
0.8095,0.6296,0.7083,0.8421
0.7,0.4828,0.5714,0.805
0.75,0.5556,0.6383,0.8605
0.45,0.4091,0.4286,0.7245
0.7,0.5,0.5833,0.7625
0.8,0.64,0.7111,0.9485
0.75,0.5556,0.6383,0.8685
0.7,0.6364,0.6667,0.8577
0.75,0.5357,0.625,0.7959
0.95,0.5429,0.6909,0.8375
0.7,0.4516,0.549,0.7655
0.7,0.5,0.5833,0.7935
0.85,0.6296,0.7234,0.911
0.9,0.5806,0.7059,0.9055
0.5,0.4348,0.4651,0.762
0.8571,0.6429,0.7347,0.8771
0.7619,0.7273,0.7442,0.9086
0.55,0.5,0.5238,0.7648
0.8,0.64,0.7111,0.851
0.95,0.6129,0.7451,0.939
0.7,0.4828,0.5714,0.7865
0.85,0.5862,0.6939,0.9175
0.7,0.6087,0.6512,0.8365
0.65,0.6842,0.6667,0.883
0.85,0.6538,0.7391,0.9205
0.7143,0.5357,0.6122,0.8188
0.7143,0.6,0.6522,0.829
0.6,0.5,0.5455,0.7342
0.85,0.5152,0.6415,0.8449
0.75,0.5556,0.6383,0.853
0.7,0.4242,0.5283,0.739
0.7,0.6087,0.6512,0.8525
0.75,0.4839,0.5882,0.8515
0.75,0.625,0.6818,0.867
0.65,0.52,0.5778,0.833
0.7619,0.6667,0.7111,0.8722
0.8095,0.5667,0.6667,0.8484
0.75,0.5172,0.6122,0.8439
0.65,0.52,0.5778,0.8112
0.7,0.5185,0.5957,0.7755
0.6,0.6,0.6,0.809
0.8,0.64,0.7111,0.8855
0.85,0.5862,0.6939,0.9105
0.75,0.5556,0.6383,0.814
0.6,0.5217,0.5581,0.7875
0.8095,0.5862,0.68,0.8615
0.9048,0.5938,0.717,0.8795
0.8,0.5,0.6154,0.8383
0.75,0.625,0.6818,0.8663
0.6667,0.4828,0.56,0.7546
0.6667,0.6667,0.6667,0.8591
0.45,0.45,0.45,0.693
0.9,0.6667,0.766,0.9405
0.7,0.4667,0.56,0.787
0.75,0.5556,0.6383,0.853
0.75,0.6522,0.6977,0.8485
0.85,0.7083,0.7727,0.889
0.55,0.5,0.5238,0.7622
0.85,0.5667,0.68,0.8974
0.7143,0.625,0.6667,0.8814
0.8095,0.6071,0.6939,0.8878
0.7,0.6667,0.6829,0.897
0.7,0.4118,0.5185,0.679
0.75,0.5,0.6,0.7625
0.85,0.5484,0.6667,0.882
0.7,0.56,0.6222,0.8655
0.9,0.6,0.72,0.8735
0.6,0.5455,0.5714,0.773
0.8,0.6667,0.7273,0.902
0.55,0.3929,0.4583,0.7545
0.6,0.5455,0.5714,0.8515
0.8,0.7273,0.7619,0.899
0.75,0.5357,0.625,0.8015
0.8,0.5926,0.6809,0.873
0.75,0.5357,0.625,0.826
0.8571,0.6429,0.7347,0.8649
0.7143,0.5556,0.625,0.8542
0.75,0.5357,0.625,0.8128
0.7,0.5385,0.6087,0.8607
0.7619,0.5714,0.6531,0.8338
0.6667,0.6667,0.6667,0.7672
0.65,0.5909,0.619,0.8715
0.75,0.6522,0.6977,0.8845
0.8,0.6154,0.6957,0.8835
0.75,0.4412,0.5556,0.766
0.85,0.5862,0.6939,0.8695
0.7,0.5833,0.6364,0.8575
0.7,0.5833,0.6364,0.8602
0.6,0.4615,0.5217,0.7908
0.6,0.5,0.5455,0.822
0.95,0.475,0.6333,0.9135
0.8,0.5926,0.6809,0.9255
0.75,0.4286,0.5455,0.783
0.6,0.4286,0.5,0.787
0.75,0.7895,0.7692,0.8925
0.7143,0.5357,0.6122,0.8411
0.7619,0.7619,0.7619,0.8946
0.8,0.5714,0.6667,0.826
0.55,0.4583,0.5,0.7092
0.6667,0.4516,0.5385,0.7464
0.6667,0.6667,0.6667,0.8309
0.95,0.5588,0.7037,0.9265
0.7,0.56,0.6222,0.8255
0.65,0.52,0.5778,0.79
0.8,0.5161,0.6275,0.8635
0.75,0.5357,0.625,0.8725
0.75,0.6522,0.6977,0.8935
0.6,0.6,0.6,0.7316
0.85,0.6538,0.7391,0.8872
0.9,0.4865,0.6316,0.8675
0.5,0.4348,0.4651,0.7265
0.7,0.6087,0.6512,0.8565
0.65,0.619,0.6341,0.8445
0.8,0.64,0.7111,0.8965
0.75,0.5357,0.625,0.8385
0.7619,0.7273,0.7442,0.8902
0.6667,0.56,0.6087,0.8095
0.8,0.5333,0.64,0.8189
0.8,0.5333,0.64,0.8643
0.7,0.6087,0.6512,0.8475
0.8,0.5714,0.6667,0.869
0.6,0.4615,0.5217,0.7875
0.6,0.5455,0.5714,0.805
0.6,0.5,0.5455,0.796
0.75,0.6,0.6667,0.7815
0.7619,0.6154,0.6809,0.8625
0.9048,0.6333,0.7451,0.8897
0.75,0.4545,0.566,0.8245
0.8,0.6154,0.6957,0.9179
0.65,0.5652,0.6047,0.853
0.7,0.5833,0.6364,0.818
0.85,0.6071,0.7083,0.8825
0.75,0.5357,0.625,0.877
0.85,0.5667,0.68,0.833
0.75,0.5769,0.6522,0.885
0.5714,0.5217,0.5455,0.8017
0.5714,0.5714,0.5714,0.8154
0.9,0.5625,0.6923,0.8694
0.7,0.5833,0.6364,0.827
