RUSBag
0.8704,0.5465,0.6714,0.9168
0.8519,0.5542,0.6715,0.936
0.8148,0.5641,0.6667,0.9322
0.7636,0.4667,0.5793,0.8714
0.8182,0.5769,0.6767,0.9346
0.8182,0.5696,0.6716,0.9328
0.8,0.5714,0.6667,0.9007
0.8,0.4889,0.6069,0.9058
0.8182,0.5625,0.6667,0.9208
0.8333,0.5921,0.6923,0.9082
0.7593,0.4713,0.5816,0.896
0.7963,0.5733,0.6667,0.9228
0.8333,0.5625,0.6716,0.9271
0.7818,0.5059,0.6143,0.876
0.7818,0.5309,0.6324,0.8965
0.8909,0.6282,0.7368,0.9497
0.8545,0.5529,0.6714,0.9214
0.7818,0.5733,0.6615,0.9104
0.7636,0.5185,0.6176,0.9116
0.9074,0.5976,0.7206,0.932
0.9074,0.5444,0.6806,0.9409
0.8519,0.5542,0.6715,0.9241
0.8519,0.5111,0.6389,0.8945
0.8364,0.5974,0.697,0.9204
0.8909,0.6203,0.7313,0.9485
0.8364,0.575,0.6815,0.9256
0.8727,0.5161,0.6486,0.909
0.7091,0.527,0.6047,0.8759
0.8364,0.4894,0.6174,0.9071
0.7963,0.5244,0.6324,0.9066
0.7963,0.5584,0.6565,0.9157
0.7407,0.4819,0.5839,0.8984
0.7963,0.5244,0.6324,0.8829
0.9091,0.5102,0.6536,0.9104
0.8182,0.5625,0.6667,0.9196
0.8,0.55,0.6519,0.892
0.8909,0.5269,0.6622,0.9372
0.8182,0.5422,0.6522,0.9245
0.8545,0.5949,0.7015,0.9373
0.8519,0.5476,0.6667,0.9307
0.7963,0.5513,0.6515,0.9157
0.7778,0.5526,0.6462,0.9116
0.8704,0.5222,0.6528,0.918
0.7273,0.4878,0.5839,0.8773
0.8545,0.5402,0.662,0.9237
0.8182,0.5556,0.6618,0.9247
0.8545,0.5054,0.6351,0.9085
0.8364,0.5679,0.6765,0.9109
0.8182,0.6,0.6923,0.9253
0.8704,0.5465,0.6714,0.9392
0.7778,0.5915,0.672,0.9215
0.8519,0.5974,0.7023,0.931
0.8519,0.5169,0.6434,0.9179
0.8727,0.5581,0.6809,0.9154
0.7091,0.527,0.6047,0.8649
0.8364,0.4946,0.6216,0.9031
0.7818,0.5059,0.6143,0.9022
0.8727,0.5581,0.6809,0.9341
0.8545,0.5529,0.6714,0.9386
0.8333,0.5556,0.6667,0.9308
0.8704,0.5949,0.7068,0.9297
0.8704,0.5054,0.6395,0.9232
0.8519,0.575,0.6866,0.9368
0.7818,0.5811,0.6667,0.9053
0.8182,0.5233,0.6383,0.9084
0.8545,0.5732,0.6861,0.9189
0.8,0.5867,0.6769,0.9194
0.8182,0.4592,0.5882,0.8904
0.8364,0.5679,0.6765,0.9242
0.7963,0.5059,0.6187,0.9029
0.8182,0.5696,0.6716,0.9335
0.7818,0.5119,0.6187,0.9002
0.8,0.55,0.6519,0.9162
0.9455,0.6047,0.7376,0.9685
0.8,0.4944,0.6111,0.9124
0.8,0.5301,0.6377,0.8981
0.7963,0.5309,0.637,0.9045
0.8519,0.5227,0.6479,0.9309
0.7593,0.5395,0.6308,0.894
0.7778,0.5185,0.6222,0.898
0.9074,0.5632,0.695,0.9337
0.8333,0.5422,0.6569,0.9264
0.8148,0.5057,0.6241,0.9156
0.8,0.5176,0.6286,0.9111
0.7455,0.5541,0.6357,0.8815
0.8,0.5789,0.6718,0.9279
0.8,0.5116,0.6241,0.8903
0.8545,0.5802,0.6912,0.9354
0.8364,0.5349,0.6525,0.9162
0.7778,0.5,0.6087,0.8939
0.7593,0.519,0.6165,0.9033
0.8333,0.5844,0.687,0.9208
0.7778,0.525,0.6269,0.8973
0.8364,0.5111,0.6345,0.87
0.9273,0.6071,0.7338,0.9577
0.9091,0.6579,0.7634,0.9347
0.7636,0.4884,0.5957,0.9006
0.8727,0.5275,0.6575,0.9256
0.8,0.5432,0.6471,0.9134
0.8519,0.5287,0.6525,0.9087
0.8519,0.561,0.6765,0.9208
0.8333,0.5844,0.687,0.935
0.9074,0.5385,0.6759,0.9434
0.7636,0.4828,0.5915,0.8882
0.9091,0.5747,0.7042,0.9384
0.7636,0.5185,0.6176,0.9015
0.7818,0.5,0.6099,0.9098
0.8,0.5714,0.6667,0.9084
0.7455,0.4824,0.5857,0.8777
0.8889,0.5,0.64,0.9212
0.8704,0.5949,0.7068,0.9096
0.7778,0.5122,0.6176,0.8947
0.8704,0.4608,0.6026,0.9101
0.8545,0.5595,0.6763,0.939
0.8909,0.5104,0.649,0.9166
0.8182,0.5422,0.6522,0.9172
0.7818,0.5584,0.6515,0.9009
0.8364,0.5349,0.6525,0.9215
0.8182,0.6081,0.6977,0.9312
0.7963,0.5658,0.6615,0.9199
0.7593,0.5062,0.6074,0.8898
0.7037,0.5067,0.5891,0.8729
0.7963,0.5513,0.6515,0.9153
0.7091,0.4699,0.5652,0.8929
0.8,0.5116,0.6241,0.9214
0.8909,0.5,0.6405,0.9355
0.8545,0.5402,0.662,0.9205
0.8727,0.6154,0.7218,0.9529
0.9273,0.573,0.7083,0.9463
0.7963,0.5059,0.6187,0.884
0.7222,0.4643,0.5652,0.8751
0.7778,0.5385,0.6364,0.8995
0.7963,0.6232,0.6992,0.9293
0.8909,0.5213,0.6577,0.9126
0.8364,0.4894,0.6174,0.917
0.8545,0.5663,0.6812,0.9415
0.9273,0.5484,0.6892,0.9349
0.7818,0.5375,0.637,0.8966
0.8364,0.6053,0.7023,0.9264
0.7593,0.5616,0.6457,0.9071
0.7963,0.5309,0.637,0.8952
0.7593,0.5467,0.6357,0.8957
0.7963,0.4674,0.589,0.9011
0.8,0.5789,0.6718,0.9164
0.8909,0.5213,0.6577,0.9286
0.8182,0.5844,0.6818,0.9287
0.8182,0.5488,0.6569,0.9215
0.8727,0.5455,0.6713,0.9312
0.8,0.5789,0.6718,0.9247
0.8889,0.6076,0.7218,0.937
0.8148,0.5116,0.6286,0.9105
0.8333,0.5172,0.6383,0.9073
0.8333,0.5114,0.6338,0.9024
0.8364,0.5476,0.6619,0.9127
0.8,0.5641,0.6617,0.917
0.7091,0.5,0.5865,0.8808
0.9091,0.5495,0.6849,0.9262
0.9091,0.5319,0.6711,0.9428
0.8182,0.5556,0.6618,0.9111
0.8889,0.6,0.7164,0.9457
0.7963,0.4526,0.5772,0.9027
0.8704,0.5465,0.6714,0.92
0.8148,0.5116,0.6286,0.9135
0.8727,0.5217,0.6531,0.9247
0.8,0.5432,0.6471,0.8949
0.9091,0.6098,0.7299,0.9367
0.8545,0.6351,0.7287,0.9379
0.8,0.5432,0.6471,0.9145
0.7455,0.5395,0.626,0.9013
0.8148,0.5641,0.6667,0.9276
0.7593,0.4767,0.5857,0.9069
0.8889,0.5581,0.6857,0.9298
0.8333,0.5844,0.687,0.9409
0.8182,0.4945,0.6164,0.9049
0.7455,0.5942,0.6613,0.9156
0.8364,0.4894,0.6174,0.8998
0.9091,0.5952,0.7194,0.9377
0.8364,0.561,0.6715,0.9265
0.8545,0.5341,0.6573,0.9148
0.7778,0.5122,0.6176,0.8891
0.7963,0.5309,0.637,0.9113
0.7593,0.5541,0.6406,0.9234
0.8704,0.5054,0.6395,0.9258
0.8182,0.5,0.6207,0.9027
0.8545,0.5402,0.662,0.919
0.8545,0.5165,0.6438,0.9222
0.8182,0.5233,0.6383,0.916
0.8182,0.5556,0.6618,0.9181
0.8364,0.5227,0.6434,0.8964
0.7222,0.5493,0.624,0.9069
0.8519,0.5412,0.6619,0.9094
0.7963,0.5181,0.6277,0.9183
0.7222,0.5132,0.6,0.8962
0.8909,0.5444,0.6759,0.9203
0.7636,0.5526,0.6412,0.9135
0.8,0.4783,0.5986,0.9134
0.7455,0.519,0.6119,0.8927
0.8909,0.6712,0.7656,0.9591
0.8,0.5641,0.6617,0.9233
0.8333,0.5556,0.6667,0.9116
0.9273,0.5795,0.7133,0.9553
0.8545,0.5529,0.6714,0.9076
0.8364,0.561,0.6715,0.9216
0.8182,0.5233,0.6383,0.9179
0.8,0.5432,0.6471,0.911
0.8,0.5946,0.6822,0.9162
0.8148,0.5116,0.6286,0.8997
0.8889,0.5455,0.6761,0.9481
0.7593,0.494,0.5985,0.8951
0.7037,0.4935,0.5802,0.8766
0.7593,0.5,0.6029,0.885
0.8889,0.5647,0.6906,0.9441
0.9074,0.5632,0.695,0.9306
0.7455,0.5,0.5985,0.8668
0.8182,0.5294,0.6429,0.9365
0.7818,0.5375,0.637,0.8847
0.8545,0.5949,0.7015,0.908
0.8727,0.5581,0.6809,0.9256
0.8545,0.5402,0.662,0.9316
0.8148,0.5867,0.6822,0.9296
0.8727,0.5393,0.6667,0.9351
0.7455,0.4881,0.5899,0.8888
0.8909,0.5385,0.6712,0.9315
0.7818,0.4831,0.5972,0.9022
0.8545,0.5595,0.6763,0.9374
0.8,0.5366,0.6423,0.912
0.8333,0.5294,0.6475,0.8984
0.7593,0.5062,0.6074,0.8955
0.7593,0.519,0.6165,0.9008
0.8889,0.5714,0.6957,0.944
0.9074,0.5269,0.6667,0.9255
0.8148,0.5,0.6197,0.9012
0.7963,0.5,0.6143,0.9198
0.8727,0.5581,0.6809,0.9331
0.7636,0.5526,0.6412,0.9
0.8727,0.5455,0.6713,0.9211
0.8,0.5301,0.6377,0.9077
0.7818,0.589,0.6719,0.9381
0.8364,0.5542,0.6667,0.9345
0.7593,0.494,0.5985,0.8833
0.7455,0.5541,0.6357,0.9044
0.8364,0.5287,0.6479,0.9189
0.7273,0.5195,0.6061,0.8885
0.8545,0.5341,0.6573,0.9267
0.7636,0.506,0.6087,0.9033
0.8182,0.5294,0.6429,0.9233
0.7407,0.5063,0.6015,0.8852
0.8704,0.5529,0.6763,0.9229
0.8704,0.5054,0.6395,0.9343
0.8148,0.5789,0.6769,0.9156
0.8182,0.5844,0.6818,0.9142
0.8182,0.5172,0.6338,0.9072
0.7818,0.5513,0.6466,0.9158
0.9455,0.5714,0.7123,0.9479
0.8,0.5714,0.6667,0.9267
0.8364,0.5542,0.6667,0.9237
0.7778,0.4941,0.6043,0.8818
0.7963,0.4725,0.5931,0.893
0.8333,0.5172,0.6383,0.9159
0.7593,0.5125,0.6119,0.8897
0.8333,0.5844,0.687,0.9194
0.8333,0.6081,0.7031,0.9378
0.8519,0.5476,0.6667,0.9255
0.7091,0.4815,0.5735,0.8693
0.8727,0.5217,0.6531,0.9251
0.8545,0.6812,0.7581,0.9499
0.8,0.4731,0.5946,0.8947
0.8,0.4889,0.6069,0.887
0.8364,0.5349,0.6525,0.912
0.8519,0.5679,0.6815,0.9257
0.8333,0.4945,0.6207,0.9252
0.7593,0.4607,0.5734,0.8806
0.8333,0.5625,0.6716,0.9089
0.8364,0.4792,0.6093,0.9047
0.8364,0.5542,0.6667,0.9123
0.8909,0.5904,0.7101,0.9332
0.8364,0.575,0.6815,0.9336
0.7818,0.6143,0.688,0.905
0.8182,0.5696,0.6716,0.9288
0.8519,0.5823,0.6917,0.9243
0.7407,0.5195,0.6107,0.9104
0.7593,0.5125,0.6119,0.899
0.8519,0.6216,0.7187,0.9509
0.8364,0.5349,0.6525,0.8982
0.7455,0.5467,0.6308,0.8927
0.7455,0.5062,0.6029,0.892
0.9091,0.5682,0.6993,0.9488
0.7273,0.5063,0.597,0.8776
0.9091,0.5747,0.7042,0.9466
0.8148,0.5176,0.6331,0.9121
0.8148,0.55,0.6567,0.9266
0.7778,0.5122,0.6176,0.9073
0.7222,0.527,0.6094,0.896
0.8727,0.5854,0.7007,0.9246
0.8545,0.5802,0.6912,0.9191
0.8545,0.5054,0.6351,0.904
0.7818,0.5244,0.6277,0.9041
0.8182,0.5357,0.6475,0.906
0.8182,0.5422,0.6522,0.9025
0.9259,0.5051,0.6536,0.9512
0.8333,0.5844,0.687,0.9189
0.8333,0.5422,0.6569,0.9237
0.8519,0.5542,0.6715,0.9198
0.7636,0.5455,0.6364,0.8952
0.8182,0.4945,0.6164,0.8949
0.7818,0.5443,0.6418,0.9148
0.8364,0.5542,0.6667,0.9403
0.8364,0.5349,0.6525,0.9132
0.8182,0.5422,0.6522,0.9044
0.7593,0.5775,0.656,0.9137
0.7963,0.5309,0.637,0.911
0.8333,0.5625,0.6716,0.9315
0.7778,0.506,0.6131,0.9022
0.8364,0.5287,0.6479,0.8915
0.8,0.55,0.6519,0.9155
0.7818,0.5972,0.6772,0.9241
0.8545,0.5875,0.6963,0.9332
0.8,0.5057,0.6197,0.8819
0.8727,0.5783,0.6957,0.937
0.8333,0.4891,0.6164,0.904
0.9091,0.5495,0.6849,0.9342
0.8364,0.575,0.6815,0.936
0.8909,0.5444,0.6759,0.9262
0.8364,0.4946,0.6216,0.8951
0.7818,0.5443,0.6418,0.9063
0.8364,0.4792,0.6093,0.9012
0.8519,0.6389,0.7302,0.9364
0.8148,0.4835,0.6069,0.9038
0.8148,0.6197,0.704,0.9396
0.8704,0.6184,0.7231,0.9372
0.7778,0.5,0.6087,0.8768
0.7963,0.5181,0.6277,0.9
0.8519,0.561,0.6765,0.9377
0.7636,0.4828,0.5915,0.8783
0.8182,0.5,0.6207,0.8979
0.8545,0.5732,0.6861,0.9432
0.8,0.6027,0.6875,0.9397
0.9091,0.5556,0.6897,0.9525
0.7636,0.525,0.6222,0.88
0.8889,0.5275,0.6621,0.9353
0.7593,0.5125,0.6119,0.9101
0.7963,0.5584,0.6565,0.9183
0.8519,0.5111,0.6389,0.9173
0.7273,0.5405,0.6202,0.886
0.7818,0.5375,0.637,0.9272
0.8,0.5238,0.6331,0.897
0.8545,0.5402,0.662,0.9341
0.8909,0.5444,0.6759,0.9418
0.8545,0.5165,0.6438,0.9153
0.7963,0.5059,0.6187,0.9031
0.7963,0.4886,0.6056,0.9056
0.7778,0.5915,0.672,0.9239
0.8333,0.5,0.625,0.9033
0.8,0.5116,0.6241,0.9097
0.8909,0.6364,0.7424,0.9479
0.7818,0.4674,0.585,0.8994
0.7818,0.5811,0.6667,0.9191
0.8182,0.5294,0.6429,0.9081
0.8182,0.5172,0.6338,0.9162
0.8333,0.6,0.6977,0.9152
0.8889,0.5393,0.6713,0.9339
0.8148,0.5116,0.6286,0.8999
0.7963,0.5658,0.6615,0.9196
0.8727,0.5854,0.7007,0.943
0.8,0.6027,0.6875,0.9063
0.8182,0.5357,0.6475,0.9065
0.8,0.5057,0.6197,0.9138
0.8727,0.5333,0.6621,0.9333
0.7455,0.5325,0.6212,0.8905
0.7963,0.5244,0.6324,0.9033
0.7222,0.5065,0.5954,0.8725
0.9444,0.6,0.7338,0.9622
0.7778,0.5455,0.6412,0.92
0.9091,0.5102,0.6536,0.9303
0.8545,0.5949,0.7015,0.9263
0.7273,0.5479,0.625,0.9033
0.7818,0.5811,0.6667,0.9306
0.8909,0.5904,0.7101,0.9402
0.8,0.4889,0.6069,0.8697
0.8148,0.4536,0.5828,0.9014
0.8519,0.5412,0.6619,0.9192
0.7222,0.5417,0.619,0.8922
0.8148,0.6286,0.7097,0.9316
0.8364,0.5287,0.6479,0.9255
0.8,0.557,0.6567,0.9063
0.8364,0.561,0.6715,0.9138
0.8364,0.5111,0.6345,0.9124
0.8545,0.5109,0.6395,0.915
0.8909,0.5976,0.7153,0.9251
0.8704,0.5165,0.6483,0.9095
0.8519,0.6301,0.7244,0.9453
0.8519,0.5169,0.6434,0.9187
0.8148,0.5176,0.6331,0.9046
0.8182,0.5114,0.6294,0.9022
0.8364,0.561,0.6715,0.9249
0.9091,0.5952,0.7194,0.949
0.8182,0.5056,0.625,0.9102
0.7636,0.5385,0.6316,0.9019
0.8727,0.5275,0.6575,0.9253
0.7963,0.5584,0.6565,0.914
0.8727,0.5217,0.6531,0.9316
0.8182,0.5625,0.6667,0.9256
0.7455,0.5125,0.6074,0.916
0.8,0.5238,0.6331,0.9074
0.6909,0.5205,0.5938,0.8674
0.8364,0.5542,0.6667,0.9142
0.8519,0.5476,0.6667,0.9261
0.8889,0.5275,0.6621,0.9294
0.8333,0.5844,0.687,0.9384
0.9074,0.5568,0.6901,0.9211
0.7963,0.4831,0.6014,0.9138
0.7222,0.5735,0.6393,0.8882
0.7593,0.5,0.6029,0.8966
0.8727,0.5455,0.6713,0.9229
0.7818,0.5811,0.6667,0.925
0.8,0.5238,0.6331,0.9091
0.7455,0.6029,0.6667,0.913
0.9091,0.5155,0.6579,0.9296
0.8545,0.5663,0.6812,0.9162
0.8519,0.5349,0.6571,0.9198
0.7636,0.5455,0.6364,0.9007
0.7636,0.5122,0.6131,0.9132
0.9091,0.5435,0.6803,0.9264
0.8364,0.561,0.6715,0.9165
0.8727,0.6076,0.7164,0.9214
0.8182,0.5294,0.6429,0.9209
0.7037,0.5352,0.608,0.8878
0.8333,0.5625,0.6716,0.9099
0.9259,0.5376,0.6803,0.949
0.7963,0.5513,0.6515,0.9126
0.9259,0.641,0.7576,0.9624
0.8519,0.5287,0.6525,0.913
0.8148,0.5867,0.6822,0.9148
0.7818,0.5,0.6099,0.9062
0.8182,0.5357,0.6475,0.9326
0.8545,0.5281,0.6528,0.9101
0.7636,0.525,0.6222,0.8753
0.8364,0.5287,0.6479,0.9151
0.7818,0.5513,0.6466,0.9049
0.8148,0.5867,0.6822,0.9355
0.8333,0.5056,0.6294,0.9154
0.8333,0.5625,0.6716,0.926
0.9259,0.5208,0.6667,0.9345
0.7818,0.5811,0.6667,0.9089
0.8545,0.5165,0.6438,0.9175
0.8364,0.5349,0.6525,0.9249
0.7636,0.525,0.6222,0.9104
0.8727,0.5161,0.6486,0.9175
0.8364,0.5227,0.6434,0.9277
0.7593,0.6406,0.6949,0.9121
0.8889,0.5854,0.7059,0.9381
0.7963,0.4943,0.6099,0.9018
0.8333,0.5556,0.6667,0.9228
0.8364,0.5823,0.6866,0.9175
0.7091,0.5065,0.5909,0.8764
0.7455,0.5694,0.6457,0.9149
0.8364,0.5111,0.6345,0.9202
0.8545,0.5054,0.6351,0.9181
0.9273,0.5368,0.68,0.9286
0.9259,0.5882,0.7194,0.9558
0.8,0.557,0.6567,0.9064
0.8545,0.5529,0.6714,0.943
0.8182,0.5696,0.6716,0.9058
0.8364,0.5169,0.6389,0.9095
0.8364,0.575,0.6815,0.9168
0.8364,0.5227,0.6434,0.9203
0.7963,0.5443,0.6466,0.9218
0.7593,0.519,0.6165,0.905
0.7778,0.5316,0.6316,0.9007
0.8704,0.5529,0.6763,0.9332
0.8333,0.5357,0.6522,0.9072
0.7778,0.4828,0.5957,0.8945
0.8148,0.5366,0.6471,0.9201
0.8909,0.5698,0.695,0.9296
0.9091,0.5556,0.6897,0.941
0.7818,0.5443,0.6418,0.9109
0.7818,0.5972,0.6772,0.909
0.9273,0.5543,0.6939,0.951
0.7818,0.5972,0.6772,0.9213
0.8148,0.4632,0.5906,0.8862
0.8889,0.5393,0.6713,0.9295
0.9074,0.5698,0.7,0.9456
0.7407,0.5882,0.6557,0.9044
0.7455,0.5325,0.6212,0.8979
0.8545,0.4747,0.6104,0.9214
0.8,0.5946,0.6822,0.9286
0.7818,0.5181,0.6232,0.8872
0.8364,0.5287,0.6479,0.9182
0.6727,0.4568,0.5441,0.8513
0.9259,0.5952,0.7246,0.9619
0.8704,0.5663,0.6861,0.93
0.8148,0.5176,0.6331,0.9192
0.8333,0.5056,0.6294,0.9033
0.8545,0.5465,0.6667,0.9342
0.8364,0.5823,0.6866,0.9379
0.7091,0.5821,0.6393,0.9052
0.8545,0.5281,0.6528,0.9443
0.7455,0.5942,0.6613,0.8853
0.9091,0.6024,0.7246,0.9391
0.7778,0.4828,0.5957,0.8636
0.8182,0.5625,0.6667,0.9093
0.8364,0.5542,0.6667,0.9252
0.8909,0.4804,0.6242,0.9338
0.8545,0.5732,0.6861,0.9261
0.8545,0.5402,0.662,0.9292
0.8364,0.5542,0.6667,0.9217
0.6667,0.439,0.5294,0.8502
0.8333,0.5844,0.687,0.9354
0.7778,0.6,0.6774,0.9107
0.7963,0.5733,0.6667,0.9195
0.9444,0.51,0.6623,0.9463
0.8333,0.5,0.625,0.8906
0.7778,0.5455,0.6412,0.9087
0.8182,0.6338,0.7143,0.912
0.8182,0.5357,0.6475,0.9104
0.8182,0.5172,0.6338,0.8929
0.8909,0.5904,0.7101,0.9482
0.8364,0.6053,0.7023,0.9257
0.8364,0.6053,0.7023,0.924
0.7778,0.5385,0.6364,0.9135
0.8333,0.5172,0.6383,0.9199
0.7963,0.5181,0.6277,0.9047
0.7778,0.56,0.6512,0.9039
0.8909,0.5104,0.649,0.9263
0.8,0.5714,0.6667,0.9244
0.8727,0.5714,0.6906,0.9394
0.8545,0.6267,0.7231,0.931
0.8727,0.5517,0.6761,0.9168
0.8,0.4835,0.6027,0.9003
0.7778,0.5316,0.6316,0.9003
0.8704,0.5949,0.7068,0.9382
0.8519,0.5111,0.6389,0.9165
0.7407,0.5405,0.625,0.8827
0.7455,0.4881,0.5899,0.9005
0.8,0.5641,0.6617,0.917
0.8364,0.5476,0.6619,0.9268
0.8364,0.5476,0.6619,0.9097
0.8545,0.5595,0.6763,0.9206
0.7818,0.5733,0.6615,0.9278
0.7963,0.4778,0.5972,0.9066
0.7778,0.5526,0.6462,0.9305
0.8333,0.5294,0.6475,0.9174
0.8333,0.5172,0.6383,0.9095
0.8,0.5,0.6154,0.9136
0.9273,0.5368,0.68,0.958
0.8545,0.5732,0.6861,0.9126
0.7273,0.5195,0.6061,0.9064
0.8364,0.5679,0.6765,0.9139
0.7636,0.525,0.6222,0.8784
0.7963,0.4943,0.6099,0.9084
0.7222,0.5417,0.619,0.8856
0.8519,0.5412,0.6619,0.9316
0.8889,0.5106,0.6486,0.9269
0.8364,0.5542,0.6667,0.9162
0.8364,0.4792,0.6093,0.9199
0.8182,0.5844,0.6818,0.9186
0.7455,0.4505,0.5616,0.8695
0.8364,0.5227,0.6434,0.9285
0.8727,0.5926,0.7059,0.925
0.8333,0.5921,0.6923,0.9384
0.9259,0.5618,0.6993,0.9421
0.8333,0.4945,0.6207,0.9034
0.7407,0.5128,0.6061,0.8753
0.8545,0.5595,0.6763,0.9254
0.8909,0.5632,0.6901,0.9463
0.7273,0.5063,0.597,0.9022
0.8727,0.6154,0.7218,0.9389
0.7818,0.5375,0.637,0.9134
0.7636,0.5455,0.6364,0.8912
0.9074,0.5506,0.6853,0.9329
0.8519,0.5287,0.6525,0.9276
0.7963,0.5059,0.6187,0.8901
0.8704,0.5875,0.7015,0.9264
0.8545,0.5802,0.6912,0.9165
0.7455,0.5541,0.6357,0.9086
0.8909,0.5698,0.695,0.9304
0.8909,0.6125,0.7259,0.9424
0.8364,0.5349,0.6525,0.9275
0.7455,0.5467,0.6308,0.8881
0.8148,0.5176,0.6331,0.903
0.8333,0.5233,0.6429,0.9144
0.7963,0.5059,0.6187,0.8805
0.8519,0.5412,0.6619,0.9087
0.8364,0.5476,0.6619,0.9205
0.9273,0.6623,0.7727,0.9481
0.8909,0.5052,0.6447,0.9256
0.8,0.5116,0.6241,0.8967
0.6364,0.5469,0.5882,0.8892
0.8182,0.6081,0.6977,0.9277
0.8519,0.6053,0.7077,0.9278
0.9074,0.5765,0.705,0.9386
0.9074,0.5765,0.705,0.9563
0.8333,0.5696,0.6767,0.9283
0.7636,0.5122,0.6131,0.8904
0.7091,0.5065,0.5909,0.8866
0.8909,0.5326,0.6667,0.9298
0.8182,0.5357,0.6475,0.9232
0.8182,0.5488,0.6569,0.9027
0.8364,0.5169,0.6389,0.9077
0.7407,0.5405,0.625,0.9093
0.7407,0.4878,0.5882,0.8872
0.7778,0.5915,0.672,0.9291
0.9444,0.5204,0.6711,0.9437
0.9091,0.6024,0.7246,0.9489
0.8,0.5176,0.6286,0.9208
0.8545,0.5165,0.6438,0.9209
0.8,0.5366,0.6423,0.8833
0.6909,0.5067,0.5846,0.8838
0.7636,0.4773,0.5874,0.8759
0.8889,0.6154,0.7273,0.9381
0.8333,0.5488,0.6618,0.9339
0.7593,0.5775,0.656,0.9304
0.8519,0.5349,0.6571,0.9135
0.8545,0.6026,0.7068,0.934
0.7455,0.5062,0.6029,0.8824
0.8727,0.5053,0.64,0.9145
0.8545,0.5402,0.662,0.9333
0.7455,0.4881,0.5899,0.8757
0.8,0.5366,0.6423,0.8979
0.8519,0.5823,0.6917,0.9296
0.8333,0.5488,0.6618,0.912
0.7593,0.5616,0.6457,0.9051
0.8704,0.5875,0.7015,0.9376
0.7818,0.5375,0.637,0.9063
0.7818,0.5,0.6099,0.8951
0.9455,0.5652,0.7075,0.9615
0.8364,0.5349,0.6525,0.9
0.8182,0.5696,0.6716,0.9156
0.8364,0.5111,0.6345,0.8963
0.8704,0.5109,0.6438,0.9162
0.8704,0.5802,0.6963,0.9237
0.7593,0.5395,0.6308,0.9076
0.8519,0.5349,0.6571,0.924
0.8364,0.5169,0.6389,0.917
0.8727,0.5714,0.6906,0.9302
0.8727,0.6316,0.7328,0.937
0.8727,0.5275,0.6575,0.9348
0.7273,0.5063,0.597,0.8592
0.8,0.5238,0.6331,0.923
0.7963,0.4725,0.5931,0.8972
0.8364,0.5412,0.6571,0.9169
0.8,0.5366,0.6423,0.9143
0.7455,0.5775,0.6508,0.9029
0.8,0.4536,0.5789,0.8901
0.8,0.557,0.6567,0.9238
0.8182,0.5422,0.6522,0.9106
0.8333,0.5625,0.6716,0.9219
0.8519,0.5412,0.6619,0.8961
0.8889,0.5,0.64,0.9366
0.8704,0.6104,0.7176,0.9438
0.7407,0.5405,0.625,0.907
0.8519,0.5287,0.6525,0.935
0.8889,0.5783,0.7007,0.9459
0.8182,0.5294,0.6429,0.9098
0.7636,0.506,0.6087,0.8775
0.8727,0.5106,0.6443,0.9203
0.8364,0.5679,0.6765,0.9333
0.7091,0.5652,0.629,0.8833
0.8182,0.6,0.6923,0.9128
0.8519,0.5349,0.6571,0.9174
0.7636,0.5185,0.6176,0.8996
0.8,0.5867,0.6769,0.9294
0.8545,0.5802,0.6912,0.9127
0.9091,0.5747,0.7042,0.9401
0.8182,0.5625,0.6667,0.8992
0.8909,0.5632,0.6901,0.9385
0.8519,0.5349,0.6571,0.9331
0.7778,0.5385,0.6364,0.9075
0.7407,0.4878,0.5882,0.8838
0.8148,0.5867,0.6822,0.9193
0.9091,0.5682,0.6993,0.9259
0.8182,0.5625,0.6667,0.9169
0.8545,0.5222,0.6483,0.911
0.7455,0.5256,0.6165,0.9001
0.7455,0.5062,0.6029,0.8888
0.8909,0.5632,0.6901,0.9351
0.8333,0.5422,0.6569,0.9117
0.8333,0.4945,0.6207,0.9189
0.7963,0.5443,0.6466,0.9176
0.8519,0.5412,0.6619,0.9277
0.7963,0.5658,0.6615,0.9256
0.7778,0.4773,0.5915,0.8874
0.7593,0.4881,0.5942,0.8878
0.9091,0.5556,0.6897,0.9415
0.7455,0.5857,0.656,0.9063
0.9091,0.5618,0.6944,0.9223
0.8,0.5641,0.6617,0.9323
0.8727,0.5455,0.6713,0.9227
0.8182,0.5769,0.6767,0.9153
0.8519,0.5974,0.7023,0.9294
0.8704,0.5802,0.6963,0.9436
0.8704,0.6104,0.7176,0.9372
0.7963,0.5181,0.6277,0.9021
0.7818,0.4943,0.6056,0.889
0.8,0.4583,0.5828,0.8811
0.9455,0.5843,0.7222,0.9629
0.7455,0.5467,0.6308,0.891
0.8182,0.6,0.6923,0.9277
0.6727,0.4625,0.5481,0.8801
0.8148,0.5301,0.6423,0.9123
0.7963,0.5309,0.637,0.9098
0.7593,0.4881,0.5942,0.8722
0.9074,0.5976,0.7206,0.9496
0.8,0.557,0.6567,0.9285
0.7818,0.5244,0.6277,0.9061
0.8,0.5301,0.6377,0.8981
0.8,0.5366,0.6423,0.8993
0.8364,0.5169,0.6389,0.9106
0.8,0.5641,0.6617,0.9243
0.9074,0.5506,0.6853,0.9349
0.8704,0.5802,0.6963,0.9207
0.8519,0.5974,0.7023,0.9256
0.8148,0.6111,0.6984,0.9312
0.8364,0.5111,0.6345,0.9071
0.8727,0.6076,0.7164,0.9511
0.8,0.5,0.6154,0.9093
0.8182,0.4639,0.5921,0.8775
0.8182,0.5357,0.6475,0.9177
0.7818,0.5,0.6099,0.8958
0.8519,0.4842,0.6174,0.9099
0.8364,0.5349,0.6525,0.9373
0.8,0.5057,0.6197,0.8886
0.8545,0.5341,0.6573,0.9427
0.8182,0.5114,0.6294,0.9002
0.9273,0.6538,0.7669,0.9348
0.8727,0.5647,0.6857,0.9364
0.6852,0.4805,0.5649,0.8597
0.7963,0.5513,0.6515,0.9205
0.6852,0.5286,0.5968,0.8927
0.8519,0.5679,0.6815,0.9344
0.8519,0.5169,0.6434,0.9182
0.8519,0.4946,0.6259,0.8985
0.7593,0.5062,0.6074,0.9032
0.8545,0.5949,0.7015,0.9345
0.7818,0.5309,0.6324,0.9044
0.8364,0.5679,0.6765,0.9193
0.8182,0.5294,0.6429,0.9328
0.8182,0.5844,0.6818,0.9241
0.8545,0.5281,0.6528,0.917
0.7963,0.5658,0.6615,0.9217
0.8182,0.5233,0.6383,0.9299
0.8545,0.5222,0.6483,0.8975
0.7091,0.527,0.6047,0.874
0.8909,0.6125,0.7259,0.9557
0.8727,0.5783,0.6957,0.9491
0.8182,0.5233,0.6383,0.9213
0.7593,0.5256,0.6212,0.9014
0.7593,0.5256,0.6212,0.8993
0.7407,0.5195,0.6107,0.8867
0.8704,0.5281,0.6573,0.9385
0.7963,0.5181,0.6277,0.9058
0.8148,0.5176,0.6331,0.912
0.7222,0.5132,0.6,0.8884
0.8364,0.5227,0.6434,0.9019
0.7818,0.5375,0.637,0.9158
0.8909,0.6125,0.7259,0.9517
0.8,0.4583,0.5828,0.8805
0.9273,0.5667,0.7034,0.9387
0.8727,0.5455,0.6713,0.9327
0.7778,0.5915,0.672,0.9088
0.7963,0.5811,0.6719,0.9411
0.7222,0.5,0.5909,0.8835
0.9259,0.5952,0.7246,0.9474
0.8727,0.6234,0.7273,0.9452
0.7818,0.5443,0.6418,0.9196
0.7091,0.4875,0.5778,0.8792
0.8364,0.575,0.6815,0.9118
0.8182,0.5114,0.6294,0.8925
0.8727,0.4752,0.6154,0.9234
0.8148,0.5176,0.6331,0.9065
0.8519,0.4946,0.6259,0.915
0.8519,0.575,0.6866,0.9395
0.7963,0.4725,0.5931,0.8983
0.8,0.5238,0.6331,0.906
0.8182,0.5056,0.625,0.8997
0.8727,0.5517,0.6761,0.9268
0.9091,0.6173,0.7353,0.9456
0.8182,0.5357,0.6475,0.9022
0.8364,0.5169,0.6389,0.8972
0.8148,0.5946,0.6875,0.9207
0.8519,0.5412,0.6619,0.9365
0.8889,0.5783,0.7007,0.942
0.8889,0.6,0.7164,0.9441
0.8545,0.5875,0.6963,0.9314
0.7636,0.506,0.6087,0.9005
0.7818,0.5443,0.6418,0.8896
0.7818,0.4886,0.6014,0.8864
0.8545,0.5465,0.6667,0.9318
0.8545,0.5732,0.6861,0.9395
0.7037,0.4419,0.5429,0.857
0.8,0.5116,0.6241,0.9079
0.8545,0.5281,0.6528,0.9246
0.9091,0.625,0.7407,0.9571
0.8182,0.5294,0.6429,0.8863
0.8,0.5366,0.6423,0.8908
0.8,0.6111,0.6929,0.925
0.8333,0.5114,0.6338,0.9018
0.7222,0.527,0.6094,0.9115
0.7778,0.4941,0.6043,0.8705
0.9074,0.5765,0.705,0.9463
0.7222,0.4815,0.5778,0.8659
0.8704,0.5109,0.6438,0.9127
0.8519,0.6301,0.7244,0.94
0.7636,0.5385,0.6316,0.8919
0.8909,0.5213,0.6577,0.9436
0.8727,0.5783,0.6957,0.9298
0.8545,0.5341,0.6573,0.9277
0.8182,0.5769,0.6767,0.9
0.8364,0.5974,0.697,0.9344
0.8148,0.5301,0.6423,0.9103
0.8333,0.5625,0.6716,0.9144
0.8333,0.5696,0.6767,0.9304
0.8704,0.5529,0.6763,0.9339
0.8182,0.5056,0.625,0.9046
0.8727,0.5581,0.6809,0.9389
0.7091,0.5,0.5865,0.8867
0.8545,0.5802,0.6912,0.906
0.8364,0.5227,0.6434,0.9158
0.7455,0.5942,0.6613,0.9137
0.8519,0.5169,0.6434,0.9034
0.8333,0.4945,0.6207,0.8871
0.8704,0.5,0.6351,0.9044
0.8148,0.4889,0.6111,0.8951
0.8,0.5,0.6154,0.9086
0.7636,0.5185,0.6176,0.908
0.7273,0.5128,0.6015,0.8879
0.8182,0.6164,0.7031,0.9407
0.8909,0.5833,0.705,0.9318
0.9273,0.573,0.7083,0.9402
0.8889,0.5926,0.7111,0.9401
0.7963,0.5309,0.637,0.9088
0.8333,0.5056,0.6294,0.9276
0.8333,0.6429,0.7258,0.939
0.7818,0.4526,0.5733,0.8851
0.8182,0.5357,0.6475,0.8967
0.8364,0.5169,0.6389,0.9021
0.8364,0.5,0.6259,0.9031
0.9091,0.5682,0.6993,0.9521
0.7636,0.5753,0.6563,0.9215
0.7593,0.5775,0.656,0.9051
0.8704,0.5529,0.6763,0.927
0.8889,0.5926,0.7111,0.9378
0.8519,0.5412,0.6619,0.9161
0.8182,0.5056,0.625,0.9016
0.8364,0.5679,0.6765,0.9285
0.7455,0.5062,0.6029,0.886
0.8,0.557,0.6567,0.9008
0.8182,0.5357,0.6475,0.9069
0.8545,0.5663,0.6812,0.9362
0.7778,0.56,0.6512,0.9093
0.8,0.5641,0.6617,0.9107
0.8182,0.5696,0.6716,0.9212
0.8,0.5366,0.6423,0.9258
0.8182,0.5114,0.6294,0.9057
0.8,0.557,0.6567,0.9268
0.7818,0.4886,0.6014,0.9063
0.8333,0.5357,0.6522,0.9134
0.8704,0.5732,0.6912,0.936
0.7963,0.5059,0.6187,0.8871
0.8519,0.5169,0.6434,0.9199
0.7636,0.5122,0.6131,0.8859
0.8545,0.5465,0.6667,0.9322
0.7636,0.6087,0.6774,0.9447
0.8,0.5432,0.6471,0.9119
0.7636,0.5526,0.6412,0.9113
0.7818,0.5584,0.6515,0.8949
0.7593,0.4713,0.5816,0.8859
0.8704,0.5732,0.6912,0.941
0.8704,0.5222,0.6528,0.9267
0.7963,0.5181,0.6277,0.9095
0.8519,0.575,0.6866,0.9101
0.7963,0.5309,0.637,0.9082
0.7407,0.5263,0.6154,0.8939
0.7818,0.5244,0.6277,0.9064
0.7636,0.5676,0.6512,0.9182
0.8182,0.5,0.6207,0.9023
0.8545,0.5875,0.6963,0.9287
0.8182,0.6081,0.6977,0.9113
0.8545,0.5875,0.6963,0.9354
0.8333,0.5114,0.6338,0.9082
0.8519,0.5055,0.6345,0.9083
0.8148,0.4944,0.6154,0.9176
0.7037,0.5507,0.6179,0.9167
0.8182,0.5769,0.6767,0.9339
0.7818,0.5244,0.6277,0.888
0.7818,0.5244,0.6277,0.9152
0.8,0.6111,0.6929,0.9379
0.8545,0.6184,0.7176,0.9379
0.8545,0.5465,0.6667,0.9237
0.8148,0.5116,0.6286,0.9025
0.7963,0.5375,0.6418,0.8939
0.8519,0.6301,0.7244,0.9445
0.8704,0.4896,0.6267,0.9131
0.8727,0.4948,0.6316,0.9226
0.9091,0.625,0.7407,0.9619
0.8182,0.4945,0.6164,0.8916
0.8364,0.5412,0.6571,0.9163
0.8545,0.5663,0.6812,0.9195
0.7273,0.5634,0.6349,0.8827
0.7407,0.5634,0.64,0.8962
0.7593,0.5062,0.6074,0.9014
0.9074,0.49,0.6364,0.9522
0.7593,0.5256,0.6212,0.9001
0.8727,0.5217,0.6531,0.9095
0.8364,0.5476,0.6619,0.9159
0.8545,0.5281,0.6528,0.9202
0.7636,0.5185,0.6176,0.913
0.7636,0.506,0.6087,0.9022
0.8,0.5301,0.6377,0.9037
0.7778,0.6269,0.6942,0.9313
0.8704,0.5341,0.662,0.9298
0.7963,0.5513,0.6515,0.9026
0.7963,0.5443,0.6466,0.924
0.8364,0.5169,0.6389,0.9163
0.8,0.557,0.6567,0.9128
0.9091,0.5376,0.6757,0.929
0.8364,0.5897,0.6917,0.9268
0.7636,0.525,0.6222,0.8954
0.8909,0.5976,0.7153,0.943
0.7778,0.4884,0.6,0.9024
0.8333,0.5357,0.6522,0.9087
0.8889,0.5275,0.6621,0.9308
0.8333,0.5422,0.6569,0.9145
0.8182,0.5556,0.6618,0.9014
0.8727,0.5517,0.6761,0.9348
0.8364,0.575,0.6815,0.9319
0.8909,0.5765,0.7,0.927
0.8364,0.561,0.6715,0.9087
0.8545,0.5465,0.6667,0.9175
0.7778,0.5455,0.6412,0.9183
0.6852,0.5139,0.5873,0.8752
0.8148,0.5789,0.6769,0.925
0.8704,0.5222,0.6528,0.9396
0.8364,0.5974,0.697,0.9366
0.7636,0.5,0.6043,0.8827
0.8364,0.5287,0.6479,0.9162
0.8727,0.5581,0.6809,0.9386
0.8545,0.5875,0.6963,0.9182
0.7818,0.5244,0.6277,0.8975
0.7963,0.5443,0.6466,0.9106
0.8148,0.55,0.6567,0.9168
0.8704,0.5949,0.7068,0.934
0.8333,0.5233,0.6429,0.925
0.7636,0.4941,0.6,0.896
0.8545,0.6528,0.7402,0.9313
0.8364,0.5412,0.6571,0.9255
0.7455,0.4824,0.5857,0.8691
0.8545,0.5341,0.6573,0.923
0.9091,0.5618,0.6944,0.9482
0.7963,0.5309,0.637,0.9115
0.8519,0.6389,0.7302,0.9381
0.8889,0.5647,0.6906,0.942
0.7407,0.4545,0.5634,0.8983
0.8545,0.4947,0.6267,0.9117
0.8727,0.5783,0.6957,0.9313
0.7818,0.4943,0.6056,0.9073
0.8182,0.5,0.6207,0.918
0.7273,0.4878,0.5839,0.8867
0.8182,0.5556,0.6618,0.9165
0.8333,0.5294,0.6475,0.9097
0.7636,0.4941,0.6,0.8976
0.9091,0.5747,0.7042,0.9429
0.7273,0.5479,0.625,0.9044
0.7273,0.5195,0.6061,0.8934
0.8909,0.5632,0.6901,0.9389
0.8364,0.5542,0.6667,0.9328
0.7222,0.52,0.6047,0.8677
0.8889,0.5647,0.6906,0.9354
0.8148,0.5238,0.6377,0.8981
0.9074,0.5568,0.6901,0.933
0.8889,0.6234,0.7328,0.9576
0.7222,0.4483,0.5532,0.8718
0.9074,0.5269,0.6667,0.9453
0.7818,0.5733,0.6615,0.9133
0.7636,0.5185,0.6176,0.8852
0.8182,0.5844,0.6818,0.9258
0.6545,0.4737,0.5496,0.8603
0.8,0.5176,0.6286,0.899
0.8545,0.5732,0.6861,0.9172
0.8889,0.5517,0.6809,0.9444
0.7593,0.5616,0.6457,0.8819
0.8889,0.5161,0.6531,0.9165
0.9259,0.5,0.6494,0.9146
0.8545,0.5529,0.6714,0.9386
0.8182,0.5556,0.6618,0.9184
0.8182,0.5294,0.6429,0.9047
0.8182,0.5488,0.6569,0.9156
0.7636,0.6176,0.6829,0.9145
0.8545,0.5595,0.6763,0.9374
0.8333,0.5114,0.6338,0.9026
0.7778,0.4565,0.5753,0.8881
0.8519,0.575,0.6866,0.934
0.7778,0.525,0.6269,0.8771
0.8364,0.561,0.6715,0.924
0.9273,0.6,0.7286,0.9535
0.8182,0.5294,0.6429,0.8878
0.8364,0.5476,0.6619,0.9079
0.7818,0.5658,0.6565,0.9286
0.8,0.6111,0.6929,0.9313
0.8333,0.5,0.625,0.911
