RUSBag
0.8125,0.5909,0.6842,0.9263
0.5625,0.375,0.45,0.7562
0.6875,0.5,0.5789,0.8344
0.9333,0.5185,0.6667,0.9387
1.0,0.6818,0.8108,0.9787
0.75,0.6,0.6667,0.8476
0.6875,0.44,0.5366,0.8348
0.75,0.6316,0.6857,0.8935
0.9375,0.5556,0.6977,0.9305
0.6875,0.5789,0.6286,0.9037
0.875,0.6087,0.7179,0.9313
0.75,0.4615,0.5714,0.8556
0.8125,0.5652,0.6667,0.9331
0.875,0.5385,0.6667,0.8616
0.75,0.5455,0.6316,0.831
0.625,0.6667,0.6452,0.9024
0.8125,0.619,0.7027,0.8584
0.75,0.7059,0.7273,0.8648
1.0,0.5556,0.7143,0.9233
0.8,0.4615,0.5854,0.866
0.8125,0.5909,0.6842,0.8881
0.625,0.5556,0.5882,0.8313
0.6875,0.5238,0.5946,0.8125
1.0,0.6522,0.7895,0.9753
0.8667,0.5417,0.6667,0.864
0.6875,0.4583,0.55,0.8176
0.6875,0.5789,0.6286,0.8948
0.8125,0.4483,0.5778,0.8591
0.875,0.56,0.6829,0.933
0.6875,0.6471,0.6667,0.889
0.8125,0.5,0.619,0.9187
0.8125,0.52,0.6341,0.9031
0.6875,0.5238,0.5946,0.8175
0.6667,0.4167,0.5128,0.7867
0.8667,0.5909,0.7027,0.9333
0.6875,0.5789,0.6286,0.8705
0.8125,0.65,0.7222,0.8929
0.875,0.6667,0.7568,0.9611
0.625,0.5263,0.5714,0.8335
0.5625,0.5625,0.5625,0.787
0.8125,0.619,0.7027,0.8525
0.625,0.5,0.5556,0.835
0.6875,0.5238,0.5946,0.8688
0.8125,0.5652,0.6667,0.8744
0.5625,0.4737,0.5143,0.8291
0.8125,0.65,0.7222,0.9222
0.8125,0.619,0.7027,0.9018
0.9375,0.5556,0.6977,0.9139
0.7333,0.4583,0.5641,0.7687
0.8667,0.5909,0.7027,0.9493
0.8125,0.65,0.7222,0.9012
0.75,0.5455,0.6316,0.865
0.75,0.7059,0.7273,0.8619
0.6875,0.6471,0.6667,0.8591
0.75,0.5455,0.6316,0.8903
0.75,0.5217,0.6154,0.8788
0.6875,0.5,0.5789,0.8897
0.75,0.48,0.5854,0.861
0.9333,0.5833,0.7179,0.9067
0.8667,0.4483,0.5909,0.8413
0.8125,0.5652,0.6667,0.8688
0.6875,0.6471,0.6667,0.9169
0.8125,0.5417,0.65,0.8888
0.8125,0.5652,0.6667,0.852
0.8125,0.4483,0.5778,0.8469
0.8125,0.5909,0.6842,0.9311
0.625,0.4348,0.5128,0.8138
0.75,0.5455,0.6316,0.8036
0.8667,0.619,0.7222,0.9187
0.6667,0.5556,0.6061,0.9013
0.875,0.4828,0.6222,0.9206
0.8125,0.5417,0.65,0.8831
0.6875,0.5,0.5789,0.7813
0.6667,0.4167,0.5128,0.8347
0.6,0.5294,0.5625,0.7787
0.875,0.56,0.6829,0.9088
0.75,0.5,0.6,0.8444
0.8125,0.5909,0.6842,0.8903
0.875,0.6364,0.7368,0.9318
0.9375,0.6,0.7317,0.9254
0.875,0.5833,0.7,0.905
0.75,0.48,0.5854,0.8344
0.5625,0.6,0.5806,0.8638
0.75,0.5,0.6,0.8776
0.6875,0.5789,0.6286,0.8457
0.6875,0.6111,0.6471,0.868
0.9375,0.625,0.75,0.9483
0.9375,0.5172,0.6667,0.9037
0.8,0.5217,0.6316,0.868
0.9333,0.56,0.7,0.912
0.75,0.5,0.6,0.8244
0.75,0.4615,0.5714,0.8256
0.8125,0.619,0.7027,0.9163
0.8667,0.65,0.7429,0.9627
0.6,0.5,0.5455,0.7833
0.8125,0.52,0.6341,0.8342
0.8125,0.7647,0.7879,0.9624
0.8125,0.52,0.6341,0.8552
0.875,0.5385,0.6667,0.9075
0.875,0.5,0.6364,0.8667
0.8125,0.5909,0.6842,0.92
0.875,0.5,0.6364,0.8775
0.75,0.4444,0.5581,0.8519
0.8,0.6667,0.7273,0.9153
0.7333,0.5,0.5946,0.8793
0.6875,0.44,0.5366,0.8227
0.8125,0.52,0.6341,0.8903
0.8125,0.5909,0.6842,0.9145
0.75,0.6316,0.6857,0.8546
0.875,0.56,0.6829,0.8999
0.9375,0.75,0.8333,0.9581
0.75,0.5455,0.6316,0.8256
0.875,0.4667,0.6087,0.8269
0.8,0.6667,0.7273,0.8867
0.8,0.5455,0.6486,0.918
0.5,0.5,0.5,0.8476
0.875,0.6667,0.7568,0.9082
0.8125,0.5652,0.6667,0.9145
0.8125,0.4643,0.5909,0.8807
0.75,0.5455,0.6316,0.8482
0.5625,0.4737,0.5143,0.8044
0.8125,0.619,0.7027,0.9281
0.625,0.5263,0.5714,0.8375
0.9375,0.5357,0.6818,0.97
0.6875,0.6111,0.6471,0.8476
0.8125,0.52,0.6341,0.8386
0.8125,0.5909,0.6842,0.8865
0.75,0.4615,0.5714,0.8406
1.0,0.7143,0.8333,0.954
0.8,0.5217,0.6316,0.8467
0.875,0.6364,0.7368,0.93
0.6875,0.5,0.5789,0.8025
0.6875,0.5,0.5789,0.7825
0.8667,0.52,0.65,0.8893
1.0,0.5556,0.7143,0.9593
0.8125,0.5652,0.6667,0.8986
0.8125,0.5652,0.6667,0.9171
0.875,0.56,0.6829,0.8578
0.8125,0.65,0.7222,0.8967
0.75,0.6,0.6667,0.8724
0.875,0.5833,0.7,0.8931
0.9375,0.4839,0.6383,0.9356
0.625,0.5263,0.5714,0.8181
0.8667,0.4815,0.619,0.8873
0.8,0.4615,0.5854,0.8087
0.9375,0.625,0.75,0.9573
0.5625,0.5294,0.5455,0.8304
0.6875,0.4583,0.55,0.8565
0.75,0.6667,0.7059,0.9139
0.75,0.8,0.7742,0.9037
0.875,0.5833,0.7,0.8994
0.75,0.7059,0.7273,0.9363
0.75,0.4615,0.5714,0.8481
0.6667,0.4348,0.5263,0.7547
0.7333,0.44,0.55,0.842
0.6875,0.5238,0.5946,0.8718
0.8125,0.5652,0.6667,0.8686
0.875,0.7368,0.8,0.9369
0.625,0.5556,0.5882,0.824
1.0,0.5,0.6667,0.9515
0.8125,0.5652,0.6667,0.9331
0.9375,0.6818,0.7895,0.9537
0.4375,0.4375,0.4375,0.7762
0.9375,0.5556,0.6977,0.8839
0.8125,0.5909,0.6842,0.8839
0.6875,0.5,0.5789,0.8323
0.6875,0.6111,0.6471,0.8533
0.8125,0.619,0.7027,0.8878
0.8667,0.5417,0.6667,0.8413
0.8,0.5455,0.6486,0.8593
0.875,0.5385,0.6667,0.8762
0.75,0.48,0.5854,0.8488
0.8125,0.4483,0.5778,0.855
0.8,0.5,0.6154,0.8307
0.6667,0.5263,0.5882,0.8813
0.875,0.5385,0.6667,0.9273
0.875,0.5833,0.7,0.9394
0.75,0.6667,0.7059,0.9158
0.8125,0.4815,0.6047,0.8724
0.8125,0.65,0.7222,0.912
0.8125,0.5909,0.6842,0.9156
0.875,0.6087,0.7179,0.9463
0.75,0.5714,0.6486,0.845
0.625,0.5,0.5556,0.7334
0.5625,0.5294,0.5455,0.8099
0.875,0.5,0.6364,0.9343
0.6875,0.5238,0.5946,0.8329
0.625,0.5263,0.5714,0.8463
1.0,0.6,0.75,0.9527
0.8,0.48,0.6,0.8613
0.8125,0.7647,0.7879,0.9113
0.75,0.4286,0.5455,0.8375
0.9375,0.5172,0.6667,0.8656
0.75,0.5217,0.6154,0.8648
0.75,0.75,0.75,0.8508
0.8125,0.5417,0.65,0.8948
0.625,0.3846,0.4762,0.8087
0.6875,0.44,0.5366,0.7895
0.9333,0.5833,0.7179,0.942
0.7333,0.5789,0.6471,0.8653
0.75,0.5217,0.6154,0.8688
0.875,0.6667,0.7568,0.8962
0.8125,0.5652,0.6667,0.8856
0.8,0.4286,0.5581,0.85
0.7333,0.55,0.6286,0.8493
0.8125,0.5417,0.65,0.8495
0.6875,0.6471,0.6667,0.882
0.875,0.6364,0.7368,0.9388
0.625,0.5,0.5556,0.8208
0.6875,0.55,0.6111,0.8635
0.8125,0.5652,0.6667,0.8944
0.6875,0.55,0.6111,0.7931
0.8125,0.5652,0.6667,0.935
0.9333,0.5185,0.6667,0.93
0.7333,0.6111,0.6667,0.8773
0.75,0.5455,0.6316,0.8597
0.9375,0.5769,0.7143,0.8769
0.6875,0.6111,0.6471,0.8335
0.875,0.6364,0.7368,0.9305
0.6875,0.4583,0.55,0.8144
0.75,0.5455,0.6316,0.8494
0.6875,0.7857,0.7333,0.915
0.75,0.5714,0.6486,0.8981
0.7333,0.5789,0.6471,0.8973
1.0,0.5172,0.6818,0.9407
0.75,0.6667,0.7059,0.8367
0.8125,0.5909,0.6842,0.8667
0.6875,0.5,0.5789,0.8584
0.6875,0.4231,0.5238,0.7557
0.75,0.48,0.5854,0.8042
0.9375,0.5556,0.6977,0.9119
0.625,0.4762,0.5405,0.82
0.6875,0.44,0.5366,0.765
0.8,0.5455,0.6486,0.9267
0.7333,0.5,0.5946,0.8347
0.9375,0.7143,0.8108,0.9777
0.75,0.5714,0.6486,0.8578
0.5625,0.5,0.5294,0.794
0.875,0.5185,0.6512,0.9184
0.875,0.5385,0.6667,0.8661
0.8125,0.5652,0.6667,0.8644
0.5625,0.45,0.5,0.8113
0.8125,0.4194,0.5532,0.875
0.7333,0.4783,0.5789,0.8747
0.4,0.4286,0.4138,0.7947
0.875,0.5185,0.6512,0.9426
0.75,0.5217,0.6154,0.8399
0.875,0.7,0.7778,0.933
0.9375,0.6,0.7317,0.9241
0.9375,0.6818,0.7895,0.9439
0.75,0.5455,0.6316,0.8669
0.875,0.6364,0.7368,0.9275
0.8125,0.5,0.619,0.8625
0.6667,0.4348,0.5263,0.8373
0.9333,0.5185,0.6667,0.9473
0.75,0.6,0.6667,0.8367
0.75,0.5217,0.6154,0.898
0.6875,0.5238,0.5946,0.8061
0.75,0.6667,0.7059,0.8973
0.8125,0.6842,0.7429,0.8992
0.875,0.5185,0.6512,0.9244
0.625,0.4167,0.5,0.7231
0.9375,0.625,0.75,0.945
0.9333,0.6364,0.7568,0.944
0.4667,0.6364,0.5385,0.894
0.75,0.5455,0.6316,0.8603
0.625,0.5882,0.6061,0.8495
0.8125,0.52,0.6341,0.9088
0.75,0.5,0.6,0.838
0.8125,0.5909,0.6842,0.9145
0.6875,0.4783,0.5641,0.8462
0.75,0.6,0.6667,0.8981
0.875,0.6087,0.7179,0.9156
0.8125,0.619,0.7027,0.9005
0.6875,0.4783,0.5641,0.8284
0.875,0.56,0.6829,0.9069
0.625,0.5263,0.5714,0.7978
0.8125,0.5909,0.6842,0.8578
0.7333,0.5238,0.6111,0.8873
1.0,0.5556,0.7143,0.906
0.5625,0.5294,0.5455,0.865
0.75,0.5,0.6,0.8725
0.875,0.5385,0.6667,0.9087
0.9333,0.56,0.7,0.9213
0.6667,0.5556,0.6061,0.796
0.8125,0.6842,0.7429,0.926
0.5,0.4444,0.4706,0.7883
0.75,0.5714,0.6486,0.9369
0.875,0.5185,0.6512,0.8438
0.875,0.6667,0.7568,0.8776
0.75,0.5217,0.6154,0.8369
0.75,0.5,0.6,0.8756
0.625,0.5882,0.6061,0.8694
0.8667,0.7222,0.7879,0.9587
0.6667,0.4545,0.5405,0.764
0.8125,0.5652,0.6667,0.9031
0.6875,0.5,0.5789,0.817
0.75,0.6316,0.6857,0.9184
0.8125,0.4643,0.5909,0.8852
0.75,0.5217,0.6154,0.9107
0.9375,0.5172,0.6667,0.9444
0.75,0.48,0.5854,0.8569
0.8125,0.6842,0.7429,0.9069
0.8125,0.6842,0.7429,0.8929
0.75,0.5,0.6,0.8425
0.625,0.5263,0.5714,0.8342
0.8125,0.4815,0.6047,0.824
0.8125,0.5,0.619,0.8807
0.8,0.6,0.6857,0.8853
0.6667,0.7692,0.7143,0.8433
0.9375,0.625,0.75,0.9569
0.8125,0.5909,0.6842,0.9063
0.875,0.6364,0.7368,0.915
0.8,0.8571,0.8276,0.9307
0.8667,0.52,0.65,0.8907
0.75,0.48,0.5854,0.8559
0.625,0.5,0.5556,0.8342
0.8125,0.4643,0.5909,0.8029
0.6875,0.44,0.5366,0.817
0.625,0.6667,0.6452,0.8814
0.875,0.6087,0.7179,0.9169
0.75,0.5217,0.6154,0.8694
0.9375,0.6818,0.7895,0.9444
0.6667,0.625,0.6452,0.884
0.8,0.7059,0.75,0.9373
0.625,0.3846,0.4762,0.7755
0.9375,0.625,0.75,0.919
0.75,0.5,0.6,0.7953
0.9375,0.5172,0.6667,0.8782
0.625,0.4762,0.5405,0.7889
0.9375,0.6818,0.7895,0.9513
0.8125,0.5417,0.65,0.8769
0.8125,0.5417,0.65,0.8612
0.875,0.6087,0.7179,0.898
0.875,0.5833,0.7,0.896
0.6875,0.6471,0.6667,0.8642
0.875,0.6667,0.7568,0.8954
0.75,0.5455,0.6316,0.838
0.8,0.5714,0.6667,0.8953
0.6,0.4286,0.5,0.796
0.625,0.5263,0.5714,0.8237
0.9375,0.6818,0.7895,0.9406
0.75,0.4444,0.5581,0.8275
0.9375,0.75,0.8333,0.9675
0.9375,0.625,0.75,0.933
0.6875,0.5,0.5789,0.852
0.75,0.5714,0.6486,0.854
0.5625,0.45,0.5,0.8399
0.9333,0.5385,0.6829,0.9213
0.6667,0.4762,0.5556,0.808
0.6875,0.4231,0.5238,0.7675
0.75,0.6,0.6667,0.9294
0.8125,0.619,0.7027,0.9031
0.7333,0.4783,0.5789,0.826
0.8,0.5455,0.6486,0.8993
0.75,0.4138,0.5333,0.8087
0.75,0.8571,0.8,0.8871
0.8125,0.52,0.6341,0.8763
0.75,0.75,0.75,0.9235
1.0,0.5517,0.7111,0.9547
0.9375,0.5,0.6522,0.925
0.6875,0.55,0.6111,0.7844
0.9375,0.6,0.7317,0.9644
0.8125,0.5417,0.65,0.8616
0.625,0.8333,0.7143,0.8616
0.75,0.5217,0.6154,0.8737
0.75,0.5217,0.6154,0.8259
0.8125,0.5417,0.65,0.8763
0.8667,0.4643,0.6047,0.898
0.7333,0.5238,0.6111,0.8567
0.625,0.5,0.5556,0.82
0.8125,0.5652,0.6667,0.9044
0.8125,0.65,0.7222,0.8662
1.0,0.625,0.7692,0.958
0.8,0.5217,0.6316,0.896
0.75,0.4615,0.5714,0.831
0.6875,0.6471,0.6667,0.9196
0.6875,0.5,0.5789,0.831
0.8125,0.5909,0.6842,0.9037
0.75,0.6,0.6667,0.861
0.875,0.56,0.6829,0.9087
0.75,0.7059,0.7273,0.88
0.9375,0.4839,0.6383,0.9594
0.8667,0.7647,0.8125,0.9373
0.8667,0.5652,0.6842,0.9
0.8125,0.5909,0.6842,0.8878
0.8125,0.5909,0.6842,0.8667
0.5,0.381,0.4324,0.6276
0.875,0.6364,0.7368,0.8935
0.875,0.5,0.6364,0.8731
0.875,0.6364,0.7368,0.88
0.75,0.5,0.6,0.8394
0.75,0.5714,0.6486,0.8575
1.0,0.5357,0.6977,0.9653
0.8,0.4286,0.5581,0.87
0.8125,0.5,0.619,0.9043
0.8125,0.5652,0.6667,0.8514
0.5,0.5714,0.5333,0.8463
0.625,0.625,0.625,0.8501
0.8125,0.5652,0.6667,0.8954
0.8125,0.5417,0.65,0.8681
1.0,0.6667,0.8,0.9694
0.875,0.4667,0.6087,0.8675
0.9375,0.625,0.75,0.9152
0.6875,0.5238,0.5946,0.8253
0.8125,0.5417,0.65,0.8916
0.75,0.5455,0.6316,0.8412
0.6875,0.55,0.6111,0.7513
0.8,0.6,0.6857,0.9053
0.8667,0.5652,0.6842,0.888
0.9375,0.5357,0.6818,0.8488
0.6875,0.6471,0.6667,0.8712
0.75,0.5,0.6,0.8106
0.9333,0.7,0.8,0.9667
0.6,0.5625,0.5806,0.796
0.9375,0.6522,0.7692,0.9668
0.875,0.5,0.6364,0.905
0.75,0.5,0.6,0.8782
0.8125,0.5417,0.65,0.8878
0.5625,0.375,0.45,0.7379
0.75,0.5455,0.6316,0.8363
0.8125,0.5909,0.6842,0.91
0.9375,0.6522,0.7692,0.9519
0.8667,0.5909,0.7027,0.936
0.5333,0.4211,0.4706,0.7807
0.8125,0.5417,0.65,0.8457
0.875,0.6087,0.7179,0.9203
0.6875,0.4583,0.55,0.7889
0.75,0.6,0.6667,0.8839
0.6875,0.5238,0.5946,0.8559
0.9375,0.75,0.8333,0.9344
0.875,0.5185,0.6512,0.865
0.8125,0.4063,0.5417,0.8031
0.8,0.6,0.6857,0.8947
0.6667,0.5882,0.625,0.822
0.75,0.5,0.6,0.8654
0.8125,0.7647,0.7879,0.9337
0.75,0.4444,0.5581,0.8463
0.75,0.5455,0.6316,0.8278
0.75,0.5455,0.6316,0.896
0.75,0.7059,0.7273,0.925
0.9375,0.5357,0.6818,0.8888
0.75,0.6,0.6667,0.8337
0.8125,0.619,0.7027,0.9196
0.6875,0.5238,0.5946,0.8304
0.75,0.4615,0.5714,0.8259
0.8125,0.5909,0.6842,0.8731
0.625,0.4167,0.5,0.8176
0.9333,0.6667,0.7778,0.926
0.8667,0.5417,0.6667,0.8953
0.75,0.6,0.6667,0.84
1.0,0.5,0.6667,0.9413
0.75,0.4286,0.5455,0.7956
0.8667,0.5909,0.7027,0.9167
0.6,0.6923,0.6429,0.886
0.8125,0.5909,0.6842,0.8489
0.75,0.5455,0.6316,0.8731
0.75,0.5714,0.6486,0.8916
0.75,0.5217,0.6154,0.8865
0.875,0.5833,0.7,0.9324
0.875,0.6364,0.7368,0.9294
0.6875,0.4231,0.5238,0.7813
0.5625,0.4091,0.4737,0.7137
0.6667,0.5556,0.6061,0.8867
0.6667,0.4545,0.5405,0.84
0.9375,0.5172,0.6667,0.9381
0.5625,0.5625,0.5625,0.854
0.875,0.6667,0.7568,0.9541
1.0,0.64,0.7805,0.9707
0.8125,0.5652,0.6667,0.8846
0.8125,0.5652,0.6667,0.9169
0.6875,0.4231,0.5238,0.8156
0.875,0.7368,0.8,0.8938
0.7333,0.4583,0.5641,0.8593
0.6,0.5294,0.5625,0.82
0.9375,0.6818,0.7895,0.9643
0.6875,0.6471,0.6667,0.8597
0.8125,0.5909,0.6842,0.8756
0.8125,0.4643,0.5909,0.8712
0.75,0.5217,0.6154,0.8361
0.75,0.7059,0.7273,0.8306
0.8125,0.52,0.6341,0.8825
0.75,0.5714,0.6486,0.8656
0.625,0.3704,0.4651,0.7813
0.8125,0.5417,0.65,0.8954
0.75,0.7059,0.7273,0.926
0.625,0.625,0.625,0.9101
0.8125,0.4643,0.5909,0.8948
0.9333,0.5185,0.6667,0.942
0.7333,0.4783,0.5789,0.8013
0.8125,0.7647,0.7879,0.8819
0.9375,0.6,0.7317,0.9387
0.8125,0.5417,0.65,0.8862
0.9333,0.5385,0.6829,0.9253
0.7333,0.4783,0.5789,0.8707
0.6875,0.5,0.5789,0.8552
0.4375,0.3182,0.3684,0.7117
0.6875,0.5238,0.5946,0.8074
0.6875,0.55,0.6111,0.8648
0.8125,0.619,0.7027,0.8999
0.875,0.56,0.6829,0.9381
0.9375,0.5556,0.6977,0.9237
0.75,0.6667,0.7059,0.9038
0.75,0.6,0.6667,0.8814
0.375,0.4615,0.4138,0.6958
0.875,0.5385,0.6667,0.9196
0.875,0.6667,0.7568,0.9247
0.9375,0.625,0.75,0.9471
0.6667,0.4762,0.5556,0.7927
0.7333,0.4583,0.5641,0.7927
0.8125,0.5417,0.65,0.9306
0.8125,0.5417,0.65,0.8619
0.5625,0.4286,0.4865,0.8013
0.8,0.5714,0.6667,0.9073
0.8667,0.5909,0.7027,0.8787
0.9375,0.6522,0.7692,0.9464
0.75,0.5714,0.6486,0.8763
0.6875,0.55,0.6111,0.8935
0.75,0.6316,0.6857,0.8673
0.8125,0.5909,0.6842,0.8718
0.625,0.625,0.625,0.8881
0.75,0.5,0.6,0.8562
0.9375,0.6,0.7317,0.9469
0.875,0.6364,0.7368,0.9483
0.75,0.5714,0.6486,0.845
0.625,0.4762,0.5405,0.8246
0.75,0.6,0.6667,0.8686
0.75,0.4444,0.5581,0.8425
0.8667,0.5652,0.6842,0.9073
0.8667,0.619,0.7222,0.8907
0.8125,0.4483,0.5778,0.8462
0.625,0.4,0.4878,0.735
0.6875,0.3929,0.5,0.8113
0.8,0.5,0.6154,0.8887
0.8667,0.65,0.7429,0.9307
0.8125,0.5417,0.65,0.838
0.875,0.6364,0.7368,0.9184
0.8125,0.5652,0.6667,0.8858
0.8125,0.7222,0.7647,0.9216
0.875,0.7,0.7778,0.9401
0.625,0.5263,0.5714,0.8894
0.875,0.6087,0.7179,0.9263
0.75,0.6,0.6667,0.8912
0.7333,0.5789,0.6471,0.8373
0.7333,0.5,0.5946,0.858
0.9375,0.5,0.6522,0.8686
0.625,0.7143,0.6667,0.8291
0.875,0.5,0.6364,0.8929
0.8125,0.5417,0.65,0.8941
0.75,0.48,0.5854,0.8552
0.6875,0.6111,0.6471,0.8525
0.8125,0.4643,0.5909,0.8662
0.875,0.6667,0.7568,0.9281
0.8,0.5217,0.6316,0.89
0.8667,0.65,0.7429,0.9407
0.875,0.7368,0.8,0.9541
0.6875,0.55,0.6111,0.8591
0.5625,0.4091,0.4737,0.727
0.875,0.6364,0.7368,0.9298
0.8125,0.4815,0.6047,0.8807
0.6875,0.4583,0.55,0.8169
0.75,0.5,0.6,0.8444
0.75,0.5714,0.6486,0.8525
0.8125,0.52,0.6341,0.8406
0.8125,0.7222,0.7647,0.9566
0.9375,0.5172,0.6667,0.9075
0.875,0.6087,0.7179,0.898
0.75,0.5217,0.6154,0.8597
0.6,0.6,0.6,0.87
0.8667,0.52,0.65,0.9213
0.8125,0.5,0.619,0.8838
0.75,0.4286,0.5455,0.8044
0.8125,0.5,0.619,0.865
0.8125,0.5909,0.6842,0.933
0.75,0.7059,0.7273,0.8399
0.8125,0.65,0.7222,0.8865
0.8125,0.5652,0.6667,0.8693
0.6875,0.44,0.5366,0.7966
0.8667,0.65,0.7429,0.926
0.8667,0.5652,0.6842,0.922
0.6875,0.6111,0.6471,0.89
0.75,0.4615,0.5714,0.8544
0.875,0.5,0.6364,0.9019
0.8,0.6,0.6857,0.9087
0.8,0.5714,0.6667,0.878
0.6875,0.5789,0.6286,0.8578
0.75,0.7059,0.7273,0.8788
0.875,0.5833,0.7,0.9298
0.75,0.48,0.5854,0.8386
0.75,0.5217,0.6154,0.8571
0.8125,0.5652,0.6667,0.9075
0.75,0.5714,0.6486,0.8675
0.875,0.7368,0.8,0.9119
0.7333,0.5,0.5946,0.8553
0.5333,0.4706,0.5,0.7633
0.625,0.4348,0.5128,0.8374
0.9375,0.6522,0.7692,0.9534
0.875,0.4667,0.6087,0.8814
0.8125,0.52,0.6341,0.8648
0.75,0.7059,0.7273,0.9298
0.875,0.7,0.7778,0.91
0.8125,0.5,0.619,0.9294
0.625,0.5,0.5556,0.8619
0.6875,0.44,0.5366,0.8151
0.6875,0.6111,0.6471,0.8584
0.875,0.7368,0.8,0.9464
0.5625,0.4091,0.4737,0.7557
0.75,0.5217,0.6154,0.831
0.9333,0.5385,0.6829,0.8993
0.8,0.5455,0.6486,0.8313
0.75,0.6316,0.6857,0.8694
0.8125,0.52,0.6341,0.8769
1.0,0.6957,0.8205,0.9475
0.875,0.5833,0.7,0.9247
0.625,0.5556,0.5882,0.7672
0.875,0.56,0.6829,0.8782
0.875,0.5385,0.6667,0.861
0.6875,0.4583,0.55,0.8176
0.8667,0.5652,0.6842,0.9213
0.9333,0.5385,0.6829,0.92
0.75,0.5217,0.6154,0.8488
0.75,0.75,0.75,0.8794
0.75,0.6,0.6667,0.8756
0.75,0.5714,0.6486,0.854
0.875,0.5833,0.7,0.9369
0.75,0.48,0.5854,0.8616
0.8125,0.4815,0.6047,0.8546
0.625,0.5556,0.5882,0.8316
0.8,0.6316,0.7059,0.892
0.7333,0.5,0.5946,0.88
0.9375,0.625,0.75,0.9475
0.625,0.625,0.625,0.855
0.8125,0.619,0.7027,0.9
0.8,0.5455,0.6486,0.864
0.8,0.5714,0.6667,0.9067
0.8125,0.4643,0.5909,0.8278
0.625,0.4762,0.5405,0.8584
0.75,0.5714,0.6486,0.8986
0.75,0.5714,0.6486,0.8718
0.8125,0.5652,0.6667,0.824
0.875,0.5833,0.7,0.8869
0.8125,0.4815,0.6047,0.8256
0.75,0.5455,0.6316,0.8944
0.8,0.6667,0.7273,0.922
0.8,0.5455,0.6486,0.8807
0.75,0.6,0.6667,0.8661
0.6875,0.5238,0.5946,0.8227
0.8125,0.65,0.7222,0.9126
0.8125,0.5,0.619,0.889
0.8125,0.619,0.7027,0.9228
0.5,0.4,0.4444,0.7219
0.875,0.6087,0.7179,0.9269
0.9375,0.6522,0.7692,0.9263
0.8125,0.7222,0.7647,0.9247
0.6875,0.5,0.5789,0.8284
0.8125,0.5909,0.6842,0.9082
0.875,0.6087,0.7179,0.9343
0.625,0.5556,0.5882,0.8495
0.8,0.5,0.6154,0.9
0.8,0.5217,0.6316,0.904
0.875,0.6364,0.7368,0.9331
0.875,0.6364,0.7368,0.8894
0.75,0.5714,0.6486,0.8394
0.8125,0.619,0.7027,0.8571
0.6875,0.55,0.6111,0.8457
0.75,0.6,0.6667,0.8954
0.9375,0.4545,0.6122,0.9133
0.75,0.5455,0.6316,0.8737
0.6667,0.4762,0.5556,0.872
0.8,0.4444,0.5714,0.838
0.9375,0.75,0.8333,0.9563
0.9375,0.5172,0.6667,0.8994
0.8125,0.5417,0.65,0.8137
0.7333,0.6111,0.6667,0.8447
0.8,0.5714,0.6667,0.9287
0.75,0.6316,0.6857,0.8788
0.8125,0.5417,0.65,0.852
0.6875,0.5238,0.5946,0.8776
0.5625,0.45,0.5,0.8093
0.875,0.56,0.6829,0.8661
0.8125,0.4815,0.6047,0.8606
0.875,0.5385,0.6667,0.8369
0.75,0.6667,0.7059,0.9231
1.0,0.5556,0.7143,0.9627
0.6667,0.7143,0.6897,0.912
0.5,0.4706,0.4848,0.7277
0.625,0.4348,0.5128,0.7551
0.75,0.5,0.6,0.8495
0.9375,0.625,0.75,0.9362
0.9375,0.6,0.7317,0.9292
0.9375,0.625,0.75,0.9287
0.8125,0.4333,0.5652,0.8425
0.6875,0.6111,0.6471,0.8294
0.8667,0.5652,0.6842,0.8787
0.7333,0.4231,0.5366,0.8513
0.8125,0.5909,0.6842,0.8629
0.875,0.56,0.6829,0.9241
0.8125,0.65,0.7222,0.9381
0.75,0.6667,0.7059,0.8871
0.5625,0.5294,0.5455,0.7991
0.625,0.5556,0.5882,0.78
0.6875,0.5789,0.6286,0.8494
0.8125,0.5417,0.65,0.9044
1.0,0.6818,0.8108,0.956
0.8,0.5714,0.6667,0.9
0.875,0.4516,0.5957,0.8839
0.8125,0.6842,0.7429,0.9165
0.6875,0.4583,0.55,0.7972
0.5625,0.5,0.5294,0.8214
1.0,0.6154,0.7619,0.9541
0.8125,0.5417,0.65,0.9337
0.6875,0.5,0.5789,0.8594
0.5,0.4444,0.4706,0.7869
0.5333,0.6154,0.5714,0.8
0.5333,0.5714,0.5517,0.7967
0.875,0.5185,0.6512,0.9114
0.9375,0.7143,0.8108,0.9585
0.625,0.5556,0.5882,0.8425
1.0,0.5333,0.6957,0.9522
0.9375,0.5,0.6522,0.8909
0.9375,0.5357,0.6818,0.9031
0.6875,0.5238,0.5946,0.8294
0.75,0.4286,0.5455,0.84
0.7333,0.5,0.5946,0.838
0.8667,0.5909,0.7027,0.886
1.0,0.5714,0.7273,0.9809
0.6875,0.6111,0.6471,0.8386
0.75,0.5714,0.6486,0.8769
0.75,0.5,0.6,0.8763
0.6875,0.5238,0.5946,0.7864
0.8125,0.6842,0.7429,0.9256
0.8125,0.5652,0.6667,0.9394
0.875,0.4667,0.6087,0.9044
0.875,0.5385,0.6667,0.8686
0.875,0.56,0.6829,0.9133
0.75,0.8,0.7742,0.9114
0.625,0.4545,0.5263,0.8125
0.5625,0.375,0.45,0.7813
0.7333,0.5789,0.6471,0.8407
0.8,0.5217,0.6316,0.9027
0.75,0.5714,0.6486,0.8363
0.75,0.6,0.6667,0.8869
0.8125,0.52,0.6341,0.8675
0.8,0.5217,0.6316,0.9047
0.6,0.5625,0.5806,0.81
0.75,0.4138,0.5333,0.838
0.8125,0.4194,0.5532,0.8839
0.875,0.7,0.7778,0.9598
0.8125,0.52,0.6341,0.868
0.8125,0.5652,0.6667,0.9165
0.75,0.6667,0.7059,0.8719
0.6875,0.4583,0.55,0.7556
0.625,0.5556,0.5882,0.8612
0.8667,0.5652,0.6842,0.9247
0.7333,0.5,0.5946,0.8727
0.8125,0.5,0.619,0.8731
0.875,0.6364,0.7368,0.9413
0.6875,0.6471,0.6667,0.8495
0.9375,0.5172,0.6667,0.8495
0.875,0.6087,0.7179,0.9152
0.625,0.5556,0.5882,0.8206
0.875,0.5833,0.7,0.9119
0.875,0.6364,0.7368,0.9213
0.625,0.4762,0.5405,0.8068
0.8125,0.5417,0.65,0.9063
0.875,0.6364,0.7368,0.8929
0.5625,0.4737,0.5143,0.7717
0.8125,0.6842,0.7429,0.9286
0.8,0.5714,0.6667,0.87
0.9333,0.3784,0.5385,0.8753
0.9375,0.5357,0.6818,0.9681
0.75,0.48,0.5854,0.8688
0.75,0.4444,0.5581,0.825
0.8667,0.5652,0.6842,0.8587
0.7333,0.55,0.6286,0.864
0.625,0.4762,0.5405,0.771
0.75,0.5,0.6,0.9005
0.6875,0.6471,0.6667,0.8489
0.9375,0.7895,0.8571,0.9381
0.75,0.5714,0.6486,0.8597
0.6875,0.7857,0.7333,0.9044
0.875,0.5,0.6364,0.9063
0.8125,0.619,0.7027,0.9019
0.625,0.5556,0.5882,0.7749
0.8125,0.5652,0.6667,0.9018
0.6875,0.4783,0.5641,0.8348
0.8125,0.5652,0.6667,0.8986
0.75,0.4138,0.5333,0.8068
0.7333,0.6875,0.7097,0.9013
0.8,0.5455,0.6486,0.8887
0.8125,0.4815,0.6047,0.8956
0.8125,0.5,0.619,0.8825
0.875,0.6667,0.7568,0.9431
0.8,0.5217,0.6316,0.8467
0.8667,0.5652,0.6842,0.9007
0.5,0.5,0.5,0.8323
0.8125,0.5417,0.65,0.8897
0.8125,0.5652,0.6667,0.8744
0.5625,0.45,0.5,0.7385
0.75,0.6316,0.6857,0.9043
0.6875,0.44,0.5366,0.8756
0.75,0.5714,0.6486,0.905
0.875,0.6087,0.7179,0.8825
0.8,0.6,0.6857,0.894
0.9333,0.5,0.6512,0.9347
0.8125,0.65,0.7222,0.905
0.625,0.5263,0.5714,0.8112
0.8125,0.7222,0.7647,0.9318
0.6875,0.5238,0.5946,0.8654
0.5625,0.4286,0.4865,0.7379
0.8125,0.4483,0.5778,0.8206
0.6875,0.5,0.5789,0.8475
0.8125,0.52,0.6341,0.8281
0.875,0.6667,0.7568,0.926
0.75,0.6316,0.6857,0.8756
0.875,0.6364,0.7368,0.9114
0.875,0.6667,0.7568,0.9286
0.75,0.5455,0.6316,0.8776
0.8,0.5455,0.6486,0.9033
0.6667,0.5263,0.5882,0.8347
0.75,0.5217,0.6154,0.8775
0.625,0.4762,0.5405,0.8037
0.625,0.625,0.625,0.8488
0.8667,0.5909,0.7027,0.9573
0.8,0.6316,0.7059,0.912
0.75,0.5455,0.6316,0.8036
0.8125,0.52,0.6341,0.8667
0.9375,0.5556,0.6977,0.9247
0.6875,0.6111,0.6471,0.8482
0.9375,0.5357,0.6818,0.9471
0.75,0.6316,0.6857,0.9287
0.8125,0.5909,0.6842,0.9087
0.5,0.4211,0.4571,0.8125
0.8667,0.5,0.6341,0.9287
0.8,0.5217,0.6316,0.8933
0.6875,0.55,0.6111,0.8068
0.6875,0.4783,0.5641,0.8195
0.8125,0.619,0.7027,0.9018
0.875,0.6364,0.7368,0.854
0.875,0.56,0.6829,0.9145
0.8125,0.5652,0.6667,0.91
0.75,0.6,0.6667,0.8762
0.75,0.5455,0.6316,0.8588
0.7333,0.55,0.6286,0.85
0.9333,0.6087,0.7368,0.9153
0.625,0.5,0.5556,0.8533
0.8125,0.619,0.7027,0.8973
0.875,0.56,0.6829,0.8699
0.75,0.5455,0.6316,0.8986
0.75,0.48,0.5854,0.8578
0.875,0.7,0.7778,0.93
0.6875,0.6111,0.6471,0.9094
0.5625,0.5294,0.5455,0.8063
0.6667,0.4348,0.5263,0.7893
0.6667,0.5,0.5714,0.8127
0.75,0.48,0.5854,0.8763
0.9375,0.6,0.7317,0.9216
0.9375,0.6818,0.7895,0.9585
1.0,0.5,0.6667,0.9286
0.4375,0.3333,0.3784,0.7455
0.875,0.5185,0.6512,0.9225
0.75,0.5,0.6,0.8063
0.75,0.5455,0.6316,0.845
0.5333,0.5333,0.5333,0.8647
0.7333,0.5789,0.6471,0.894
0.6875,0.7857,0.7333,0.8897
0.875,0.56,0.6829,0.889
0.75,0.6667,0.7059,0.8935
0.6875,0.5,0.5789,0.845
0.9375,0.5172,0.6667,0.9209
0.875,0.56,0.6829,0.925
0.6875,0.5789,0.6286,0.8263
0.8125,0.5,0.619,0.8988
0.8,0.5217,0.6316,0.8853
0.7333,0.5789,0.6471,0.842
0.5625,0.4737,0.5143,0.8399
0.8125,0.4815,0.6047,0.8807
0.8125,0.65,0.7222,0.9311
0.5,0.4211,0.4571,0.7557
0.8125,0.5,0.619,0.8795
0.9375,0.6522,0.7692,0.9631
0.6875,0.4783,0.5641,0.8575
0.75,0.6,0.6667,0.8538
0.6667,0.5556,0.6061,0.8433
0.8667,0.4643,0.6047,0.9133
0.9375,0.6522,0.7692,0.9133
0.875,0.56,0.6829,0.8648
0.5625,0.5,0.5294,0.7819
0.8125,0.619,0.7027,0.9165
0.75,0.6667,0.7059,0.8935
0.75,0.5217,0.6154,0.8675
0.75,0.5,0.6,0.8575
0.875,0.7778,0.8235,0.9375
0.9333,0.56,0.7,0.9313
1.0,0.5769,0.7317,0.8933
0.625,0.5,0.5556,0.7398
0.6875,0.4783,0.5641,0.8202
0.875,0.5185,0.6512,0.8922
0.625,0.5263,0.5714,0.8233
0.8125,0.5909,0.6842,0.9241
0.8125,0.52,0.6341,0.9044
0.625,0.4762,0.5405,0.8263
0.6875,0.5789,0.6286,0.8838
0.6667,0.5263,0.5882,0.8487
0.8667,0.5652,0.6842,0.9413
0.625,0.3846,0.4762,0.7787
0.6875,0.55,0.6111,0.875
0.75,0.6667,0.7059,0.9247
0.875,0.5833,0.7,0.8839
0.8125,0.619,0.7027,0.8699
0.75,0.5714,0.6486,0.8744
0.9375,0.6818,0.7895,0.9644
0.6875,0.4583,0.55,0.8219
0.5333,0.4706,0.5,0.8
0.6667,0.5,0.5714,0.8353
0.875,0.4516,0.5957,0.8782
0.8125,0.5417,0.65,0.8144
0.875,0.6087,0.7179,0.926
0.875,0.6364,0.7368,0.9133
0.75,0.75,0.75,0.9247
0.75,0.4615,0.5714,0.8275
0.625,0.4348,0.5128,0.8087
0.625,0.5,0.5556,0.8531
0.8,0.5455,0.6486,0.8907
0.8,0.5217,0.6316,0.896
0.8125,0.5909,0.6842,0.9101
0.625,0.5882,0.6061,0.8048
0.75,0.6,0.6667,0.9165
0.8125,0.8125,0.8125,0.9011
0.875,0.5185,0.6512,0.882
0.75,0.4615,0.5714,0.7875
0.75,0.5714,0.6486,0.8825
0.8125,0.52,0.6341,0.8731
0.6667,0.4,0.5,0.8373
0.8667,0.5909,0.7027,0.9593
0.875,0.6364,0.7368,0.9216
0.75,0.6,0.6667,0.8361
0.75,0.4615,0.5714,0.8546
0.75,0.6667,0.7059,0.9362
0.8125,0.5909,0.6842,0.9018
0.6875,0.5238,0.5946,0.8438
0.875,0.5833,0.7,0.875
0.6875,0.55,0.6111,0.8812
0.8667,0.52,0.65,0.9067
0.8,0.75,0.7742,0.9427
0.6875,0.55,0.6111,0.8042
0.875,0.6087,0.7179,0.9005
0.8125,0.5,0.619,0.8865
0.8125,0.5417,0.65,0.8667
0.6875,0.4783,0.5641,0.7946
0.625,0.3571,0.4545,0.7488
0.9375,0.7143,0.8108,0.9281
0.625,0.5,0.5556,0.8313
0.8,0.6,0.6857,0.88
0.8667,0.52,0.65,0.888
0.875,0.6364,0.7368,0.8884
0.625,0.625,0.625,0.8801
0.6875,0.5789,0.6286,0.8814
0.9375,0.6,0.7317,0.9139
0.6875,0.4783,0.5641,0.8329
0.5,0.5,0.5,0.7875
1.0,0.5926,0.7442,0.9494
0.8125,0.5909,0.6842,0.8919
0.6667,0.5263,0.5882,0.866
0.6,0.36,0.45,0.7627
1.0,0.5333,0.6957,0.9267
0.8125,0.6842,0.7429,0.9075
0.75,0.6667,0.7059,0.8852
0.875,0.5833,0.7,0.8763
0.75,0.6,0.6667,0.9043
0.875,0.56,0.6829,0.9087
0.8125,0.5,0.619,0.8275
0.875,0.6364,0.7368,0.9531
0.7333,0.5238,0.6111,0.8567
0.8,0.5,0.6154,0.8993
0.75,0.5217,0.6154,0.8284
0.875,0.5833,0.7,0.9056
0.875,0.7,0.7778,0.9566
0.6875,0.55,0.6111,0.8278
0.625,0.4348,0.5128,0.8208
0.75,0.5217,0.6154,0.8481
0.75,0.6316,0.6857,0.9225
0.875,0.5185,0.6512,0.88
0.75,0.6,0.6667,0.845
0.8125,0.4643,0.5909,0.8807
0.875,0.7368,0.8,0.8737
0.6875,0.4783,0.5641,0.8323
0.9375,0.625,0.75,0.9216
0.7333,0.6111,0.6667,0.9087
0.7333,0.5238,0.6111,0.8767
0.6875,0.5,0.5789,0.8169
0.75,0.5217,0.6154,0.8956
0.625,0.5263,0.5714,0.8531
0.875,0.6667,0.7568,0.9235
0.8125,0.5652,0.6667,0.926
0.875,0.6087,0.7179,0.9126
0.8125,0.5417,0.65,0.8495
0.75,0.4444,0.5581,0.7908
0.9333,0.56,0.7,0.9013
0.8,0.6316,0.7059,0.904
