RUSBag
0.8667,0.619,0.7222,0.8757
0.9333,0.6364,0.7568,0.9135
0.7333,0.55,0.6286,0.8901
0.7333,0.55,0.6286,0.8514
0.9333,0.6667,0.7778,0.9306
0.6667,0.5556,0.6061,0.8207
0.6,0.6,0.6,0.8396
0.7333,0.6111,0.6667,0.9009
0.875,0.5185,0.6512,0.8151
0.6,0.6,0.6,0.8602
0.8667,0.5652,0.6842,0.8045
0.6667,0.5263,0.5882,0.7703
0.8667,0.5417,0.6667,0.8982
0.8667,0.5417,0.6667,0.8946
0.8667,0.5652,0.6842,0.8477
0.9333,0.6364,0.7568,0.9261
0.7333,0.5789,0.6471,0.8874
0.6667,0.7143,0.6897,0.9279
0.75,0.6,0.6667,0.724
0.8,0.6,0.6857,0.8352
0.8,0.5714,0.6667,0.8739
0.8667,0.5417,0.6667,0.8387
0.8,0.75,0.7742,0.8937
0.8,0.4138,0.5455,0.8099
0.9333,0.6087,0.7368,0.8856
0.7333,0.4783,0.5789,0.818
0.6667,0.5263,0.5882,0.8216
0.6667,0.5556,0.6061,0.8514
0.8125,0.5652,0.6667,0.8941
1.0,0.5769,0.7317,0.8769
0.6,0.5294,0.5625,0.7856
0.8667,0.5652,0.6842,0.8937
0.8,0.6316,0.7059,0.8937
0.9333,0.6364,0.7568,0.8883
0.8,0.6667,0.7273,0.8991
0.4667,0.4667,0.4667,0.8126
0.9333,0.7,0.8,0.9153
0.8667,0.619,0.7222,0.8595
0.875,0.5,0.6364,0.809
0.7333,0.6111,0.6667,0.8667
0.6667,0.4762,0.5556,0.809
0.8667,0.619,0.7222,0.8559
0.7333,0.6875,0.7097,0.8676
0.6667,0.5263,0.5882,0.8477
0.9333,0.6667,0.7778,0.9586
0.8667,0.5652,0.6842,0.8883
0.7333,0.55,0.6286,0.8243
0.8,0.5714,0.6667,0.8477
0.875,0.6087,0.7179,0.8646
0.7333,0.55,0.6286,0.8694
0.8667,0.7222,0.7879,0.9198
0.8667,0.7222,0.7879,0.8919
0.7333,0.6471,0.6875,0.8658
0.7333,0.5789,0.6471,0.8883
0.8,0.5455,0.6486,0.8541
0.8,0.5714,0.6667,0.8901
0.6667,0.5556,0.6061,0.8054
0.8,0.5455,0.6486,0.855
0.875,0.5833,0.7,0.8655
0.7333,0.5789,0.6471,0.8167
0.5333,0.6154,0.5714,0.8216
0.9333,0.6667,0.7778,0.955
0.8,0.6316,0.7059,0.9063
0.8,0.48,0.6,0.8523
0.7333,0.44,0.55,0.7414
0.8667,0.7222,0.7879,0.9261
0.8,0.5,0.6154,0.8252
0.8667,0.5,0.6341,0.7964
0.875,0.6667,0.7568,0.8941
0.6,0.5625,0.5806,0.8444
0.6667,0.5556,0.6061,0.7937
0.8667,0.619,0.7222,0.9378
0.6667,0.5556,0.6061,0.8234
0.9333,0.7368,0.8235,0.9189
0.5333,0.6667,0.5926,0.9045
0.7333,0.5238,0.6111,0.8171
0.8,0.5455,0.6486,0.8658
0.7333,0.55,0.6286,0.7928
0.8125,0.4815,0.6047,0.7934
0.9333,0.6667,0.7778,0.9324
0.8,0.6316,0.7059,0.809
0.8667,0.5417,0.6667,0.8063
0.7333,0.5789,0.6471,0.8126
0.8,0.5714,0.6667,0.9315
0.6667,0.7143,0.6897,0.8685
0.9333,0.5833,0.7179,0.9288
0.8,0.5455,0.6486,0.8559
0.8,0.6316,0.7059,0.891
0.8125,0.5652,0.6667,0.8585
0.6667,0.5263,0.5882,0.8361
0.8667,0.7222,0.7879,0.882
0.9333,0.56,0.7,0.9441
0.7333,0.5,0.5946,0.7793
0.6667,0.7143,0.6897,0.9135
0.6667,0.5263,0.5882,0.7982
0.9333,0.6087,0.7368,0.8883
0.7333,0.55,0.6286,0.8225
0.9333,0.6087,0.7368,0.9261
0.8125,0.619,0.7027,0.901
0.9333,0.6087,0.7368,0.9204
0.6667,0.5263,0.5882,0.7874
0.7333,0.6111,0.6667,0.8829
0.7333,0.5,0.5946,0.8027
0.8667,0.5909,0.7027,0.8775
0.8667,0.5909,0.7027,0.9063
0.8667,0.7222,0.7879,0.9063
0.9333,0.6667,0.7778,0.8856
0.8667,0.5417,0.6667,0.8748
0.6875,0.5789,0.6286,0.8793
0.8,0.5217,0.6316,0.8222
0.875,0.5833,0.7,0.8802
0.7333,0.5,0.5946,0.8216
0.8667,0.65,0.7429,0.882
0.7333,0.5789,0.6471,0.8468
0.6667,0.5882,0.625,0.8333
0.8,0.75,0.7742,0.8919
0.8667,0.4815,0.619,0.8847
0.8,0.6667,0.7273,0.8694
0.7333,0.7333,0.7333,0.9279
0.7333,0.5238,0.6111,0.788
0.8667,0.65,0.7429,0.8748
0.6,0.4737,0.5294,0.7333
0.8667,0.52,0.65,0.8559
1.0,0.75,0.8571,0.9766
0.8,0.5455,0.6486,0.8883
0.8,0.5714,0.6667,0.8928
0.8667,0.52,0.65,0.8532
0.6,0.6,0.6,0.8667
0.8125,0.619,0.7027,0.8889
0.7333,0.4583,0.5641,0.7648
0.875,0.6667,0.7568,0.9071
0.9333,0.7,0.8,0.9333
0.8,0.5,0.6154,0.8225
0.6667,0.625,0.6452,0.8757
0.9333,0.5185,0.6667,0.8946
1.0,0.625,0.7692,0.9369
0.7333,0.6111,0.6667,0.8018
0.6667,0.4762,0.5556,0.7288
0.3333,0.3846,0.3571,0.7883
0.8667,0.5909,0.7027,0.8778
0.6875,0.55,0.6111,0.8073
0.8,0.5217,0.6316,0.8342
0.8,0.6667,0.7273,0.8775
0.9333,0.6667,0.7778,0.9568
0.6,0.5625,0.5806,0.8505
0.8,0.6667,0.7273,0.8523
0.6667,0.4762,0.5556,0.7595
1.0,0.5769,0.7317,0.9405
0.7333,0.5238,0.6111,0.7991
0.8,0.6316,0.7059,0.888
0.6667,0.5,0.5714,0.8432
0.9333,0.6364,0.7568,0.909
0.8,0.5,0.6154,0.8793
0.8667,0.5909,0.7027,0.9117
0.8667,0.65,0.7429,0.8883
0.8667,0.5417,0.6667,0.8829
0.6667,0.5,0.5714,0.8045
0.8667,0.619,0.7222,0.8802
0.75,0.6,0.6667,0.8776
0.9333,0.56,0.7,0.9074
0.8,0.5,0.6154,0.8423
0.7333,0.6471,0.6875,0.8595
0.8,0.75,0.7742,0.9054
0.8,0.7059,0.75,0.9486
0.6667,0.5263,0.5882,0.7685
0.9333,0.5833,0.7179,0.927
0.8,0.5217,0.6316,0.8703
0.8667,0.5417,0.6667,0.8577
0.8125,0.619,0.7027,0.8845
0.7333,0.5238,0.6111,0.812
0.9375,0.6,0.7317,0.8741
0.8667,0.5,0.6341,0.891
0.9333,0.6087,0.7368,0.8847
0.7333,0.6875,0.7097,0.8811
0.6,0.45,0.5143,0.7207
0.7333,0.6875,0.7097,0.8937
0.8,0.6667,0.7273,0.8847
0.9333,0.5833,0.7179,0.8658
0.6667,0.7692,0.7143,0.9378
0.5333,0.5,0.5161,0.8639
0.875,0.6667,0.7568,0.8802
0.6667,0.5556,0.6061,0.8369
0.6667,0.4545,0.5405,0.809
1.0,0.5556,0.7143,0.9225
0.8667,0.6842,0.7647,0.8559
0.6667,0.5882,0.625,0.909
0.5333,0.4706,0.5,0.7919
0.8667,0.6842,0.7647,0.8892
0.8,0.5217,0.6316,0.8072
0.7333,0.6471,0.6875,0.9019
0.7333,0.5789,0.6471,0.8802
0.9333,0.7,0.8,0.9153
0.6,0.6,0.6,0.7937
0.8667,0.65,0.7429,0.9333
0.7333,0.5789,0.6471,0.8856
1.0,0.6522,0.7895,0.8919
0.8667,0.5652,0.6842,0.8234
0.7333,0.5,0.5946,0.7838
0.6875,0.5,0.5789,0.8003
0.8,0.6316,0.7059,0.9037
0.8,0.7059,0.75,0.8604
0.8,0.5455,0.6486,0.8468
0.8,0.5,0.6154,0.8297
0.8,0.5714,0.6667,0.9081
0.6,0.5294,0.5625,0.8153
1.0,0.6818,0.8108,0.9225
0.9333,0.6667,0.7778,0.9441
0.8667,0.7222,0.7879,0.9063
0.625,0.4762,0.5405,0.7309
0.8,0.5455,0.6486,0.8306
0.9333,0.6087,0.7368,0.9045
0.7333,0.5789,0.6471,0.8775
0.8667,0.619,0.7222,0.8865
0.8667,0.5909,0.7027,0.8883
0.8,0.5455,0.6486,0.8486
0.6667,0.5,0.5714,0.8009
0.7333,0.5789,0.6471,0.8342
0.8667,0.4815,0.619,0.8468
0.75,0.6316,0.6857,0.8793
0.6667,0.5556,0.6061,0.8481
0.625,0.5556,0.5882,0.8385
0.5333,0.5333,0.5333,0.827
0.8667,0.52,0.65,0.8973
0.8667,0.5652,0.6842,0.9063
0.8,0.75,0.7742,0.8982
0.8,0.5455,0.6486,0.9234
0.6667,0.5882,0.625,0.7414
0.7333,0.5238,0.6111,0.7811
0.8,0.7059,0.75,0.9099
0.7333,0.5789,0.6471,0.825
1.0,0.5714,0.7273,0.934
0.9333,0.6364,0.7568,0.9099
0.6667,0.5,0.5714,0.8135
0.6,0.45,0.5143,0.7739
0.6667,0.5263,0.5882,0.8649
0.9333,0.7,0.8,0.8775
0.8,0.8,0.8,0.9162
0.8,0.7059,0.75,0.9162
0.8,0.5455,0.6486,0.8279
0.5333,0.4444,0.4848,0.7398
0.8667,0.619,0.7222,0.9036
1.0,0.5172,0.6818,0.9189
0.4667,0.5385,0.5,0.8108
0.6,0.6,0.6,0.8315
0.6667,0.5,0.5714,0.7946
0.8667,0.52,0.65,0.8703
0.8667,0.6842,0.7647,0.9333
0.8667,0.619,0.7222,0.8928
0.75,0.6,0.6667,0.8741
0.6,0.4737,0.5294,0.787
0.8,0.5455,0.6486,0.8568
0.9333,0.7,0.8,0.9586
0.9333,0.5833,0.7179,0.9198
0.6667,0.4348,0.5263,0.7532
0.6667,0.5,0.5714,0.8342
0.7333,0.6111,0.6667,0.9099
0.8667,0.5,0.6341,0.8865
0.6667,0.4762,0.5556,0.7865
0.75,0.6316,0.6857,0.8082
0.7333,0.6875,0.7097,0.8944
0.6875,0.5238,0.5946,0.7821
0.8667,0.5909,0.7027,0.8847
0.9333,0.7,0.8,0.9468
0.8,0.5217,0.6316,0.8477
0.8,0.5714,0.6667,0.8216
0.8,0.5714,0.6667,0.9072
0.8,0.6667,0.7273,0.8784
0.7333,0.5238,0.6111,0.836
0.8,0.6316,0.7059,0.9009
0.9333,0.5385,0.6829,0.8509
0.8,0.5455,0.6486,0.8694
0.9333,0.6087,0.7368,0.9315
0.8667,0.619,0.7222,0.8649
0.8667,0.5652,0.6842,0.8667
0.6667,0.5556,0.6061,0.8432
0.6667,0.4,0.5,0.7027
0.8667,0.6842,0.7647,0.9351
0.7333,0.6471,0.6875,0.8739
0.75,0.6,0.6667,0.8559
0.9333,0.56,0.7,0.7963
0.6875,0.6111,0.6471,0.8446
0.8667,0.5417,0.6667,0.9315
0.9333,0.4828,0.6364,0.8414
1.0,0.7143,0.8333,0.9297
0.7333,0.5238,0.6111,0.8631
0.6667,0.5882,0.625,0.8198
0.5333,0.4706,0.5,0.7027
0.8,0.6,0.6857,0.8739
0.7333,0.6471,0.6875,0.9
0.8,0.5455,0.6486,0.8676
0.75,0.5455,0.6316,0.8724
0.8667,0.65,0.7429,0.9153
0.9333,0.56,0.7,0.8766
0.6667,0.5556,0.6061,0.8018
0.7333,0.6111,0.6667,0.8703
0.9333,0.6087,0.7368,0.9477
0.9333,0.5385,0.6829,0.8847
0.6,0.4737,0.5294,0.7964
0.6,0.5625,0.5806,0.827
0.8667,0.619,0.7222,0.9194
0.6875,0.5238,0.5946,0.776
0.8667,0.5909,0.7027,0.8937
0.8,0.5714,0.6667,0.8874
0.6667,0.5,0.5714,0.8207
0.9333,0.6087,0.7368,0.9261
0.6,0.4091,0.4865,0.7009
0.9333,0.5833,0.7179,0.9261
0.7333,0.7333,0.7333,0.9153
0.6667,0.5,0.5714,0.8577
0.8,0.6667,0.7273,0.8491
0.8667,0.5652,0.6842,0.9207
0.8667,0.6842,0.7647,0.9009
0.9333,0.7,0.8,0.8973
0.8,0.8,0.8,0.9441
1.0,0.5769,0.7317,0.8955
0.4,0.4,0.4,0.7288
1.0,0.5172,0.6818,0.8486
0.4667,0.4118,0.4375,0.6423
0.875,0.7,0.7778,0.947
0.7333,0.55,0.6286,0.825
0.9333,0.6364,0.7568,0.9477
0.8,0.4615,0.5854,0.8369
0.8667,0.5909,0.7027,0.8928
0.6667,0.6667,0.6667,0.891
0.7333,0.7333,0.7333,0.8486
0.9333,0.5385,0.6829,0.8234
0.7333,0.5789,0.6471,0.8739
0.8,0.6,0.6857,0.8568
0.875,0.5833,0.7,0.8802
0.5333,0.6667,0.5926,0.8722
0.8,0.7059,0.75,0.9243
0.8,0.7059,0.75,0.9009
0.8667,0.52,0.65,0.8441
0.9333,0.5833,0.7179,0.8838
0.8,0.5217,0.6316,0.8505
0.6,0.5625,0.5806,0.8432
0.7333,0.5238,0.6111,0.8306
0.6667,0.5882,0.625,0.8387
0.8125,0.65,0.7222,0.8611
0.6667,0.5263,0.5882,0.8602
1.0,0.5357,0.6977,0.8568
0.6667,0.6667,0.6667,0.8541
1.0,0.625,0.7692,0.9757
0.5333,0.5333,0.5333,0.8667
0.9333,0.7,0.8,0.8991
0.8,0.5217,0.6316,0.8387
0.8,0.5714,0.6667,0.8766
0.7333,0.5,0.5946,0.7721
0.75,0.5455,0.6316,0.8073
0.8,0.6667,0.7273,0.8787
0.7333,0.5,0.5946,0.8108
0.8,0.5217,0.6316,0.9063
0.8,0.5455,0.6486,0.7847
0.8,0.6,0.6857,0.9108
0.6,0.6,0.6,0.8306
0.9333,0.7,0.8,0.9586
0.7333,0.5238,0.6111,0.7955
0.7333,0.5789,0.6471,0.8703
0.6875,0.7333,0.7097,0.901
0.6667,0.5556,0.6061,0.8343
0.9333,0.5,0.6512,0.8126
0.6667,0.625,0.6452,0.8333
0.7333,0.6471,0.6875,0.8514
0.8,0.48,0.6,0.8405
0.8,0.6316,0.7059,0.8477
0.6667,0.5263,0.5882,0.8261
0.8667,0.7222,0.7879,0.891
0.8667,0.5417,0.6667,0.8739
0.75,0.6667,0.7059,0.8785
0.8,0.6667,0.7273,0.9
0.6875,0.6471,0.6667,0.8802
1.0,0.7143,0.8333,0.9477
0.8667,0.5652,0.6842,0.891
0.6667,0.5556,0.6061,0.7874
0.5333,0.5,0.5161,0.7892
0.7333,0.4783,0.5789,0.7532
0.8,0.5714,0.6667,0.8865
0.7333,0.55,0.6286,0.8703
0.8,0.4615,0.5854,0.8423
0.8667,0.5909,0.7027,0.9204
0.8,0.5217,0.6316,0.8279
0.7333,0.6111,0.6667,0.8333
0.5333,0.6154,0.5714,0.8288
0.8,0.5,0.6154,0.8315
0.8,0.6667,0.7273,0.8441
0.8667,0.8125,0.8387,0.9622
0.8,0.6,0.6857,0.8739
0.8,0.5,0.6154,0.9018
0.75,0.4444,0.5581,0.7569
1.0,0.5357,0.6977,0.9593
0.6,0.45,0.5143,0.7423
0.9333,0.7368,0.8235,0.9532
0.8,0.6667,0.7273,0.8703
1.0,0.6818,0.8108,0.9694
0.7333,0.6471,0.6875,0.9
0.7333,0.6875,0.7097,0.8775
0.8667,0.4194,0.5652,0.7703
0.6,0.5294,0.5625,0.8018
0.875,0.56,0.6829,0.8924
0.9333,0.5385,0.6829,0.8509
0.75,0.5714,0.6486,0.8411
0.8667,0.52,0.65,0.8946
0.9333,0.6087,0.7368,0.9189
0.7333,0.5238,0.6111,0.7964
0.5333,0.4444,0.4848,0.709
0.8667,0.52,0.65,0.8901
1.0,0.6818,0.8108,0.9622
0.7333,0.55,0.6286,0.8369
0.6,0.6,0.6,0.8658
0.7333,0.6111,0.6667,0.8204
0.7333,0.5789,0.6471,0.8577
0.8,0.4615,0.5854,0.8775
0.8,0.6667,0.7273,0.9207
0.6667,0.4545,0.5405,0.7757
0.8,0.5217,0.6316,0.8333
0.6,0.5,0.5455,0.7829
0.6667,0.4545,0.5405,0.8135
0.8667,0.65,0.7429,0.9432
0.875,0.875,0.875,0.9601
0.8667,0.6842,0.7647,0.9
0.8,0.8571,0.8276,0.9306
0.7333,0.5789,0.6471,0.8369
0.8667,0.5,0.6341,0.8739
0.7333,0.5789,0.6471,0.8802
0.7333,0.6111,0.6667,0.8658
0.8,0.5217,0.6316,0.8369
0.6,0.5,0.5455,0.7577
0.7333,0.5,0.5946,0.8216
1.0,0.6667,0.8,0.9722
0.8,0.5217,0.6316,0.7824
0.8,0.5714,0.6667,0.8523
0.7333,0.6111,0.6667,0.8676
0.7333,0.5238,0.6111,0.845
0.8667,0.4815,0.619,0.8315
0.8,0.7059,0.75,0.9423
0.7333,0.6111,0.6667,0.8369
0.8,0.5217,0.6316,0.8108
0.8667,0.6842,0.7647,0.964
0.5625,0.5625,0.5625,0.8498
0.7333,0.5789,0.6471,0.8815
0.8,0.7059,0.75,0.9243
0.6,0.5,0.5455,0.8009
0.8667,0.5909,0.7027,0.8829
0.7333,0.4583,0.5641,0.7703
0.8667,0.5909,0.7027,0.8892
0.7333,0.5,0.5946,0.8315
0.8,0.5,0.6154,0.818
0.9333,0.5833,0.7179,0.8883
0.75,0.75,0.75,0.8932
0.9333,0.6364,0.7568,0.888
0.8,0.5217,0.6316,0.7685
0.8,0.5455,0.6486,0.8523
0.8,0.6316,0.7059,0.8946
0.8,0.5714,0.6667,0.8622
0.9333,0.7,0.8,0.964
0.8,0.5217,0.6316,0.827
0.8,0.5714,0.6667,0.8856
0.6667,0.6667,0.6667,0.8667
0.875,0.6667,0.7568,0.8984
0.7333,0.6111,0.6667,0.8491
0.6667,0.5556,0.6061,0.8495
0.7333,0.7333,0.7333,0.9108
0.8,0.6,0.6857,0.8414
0.7333,0.6471,0.6875,0.8495
0.8,0.5714,0.6667,0.8225
0.8,0.5217,0.6316,0.864
0.9333,0.4667,0.6222,0.8829
0.7333,0.5789,0.6471,0.8829
0.75,0.5714,0.6486,0.7847
1.0,0.7143,0.8333,0.9574
0.6875,0.5789,0.6286,0.8507
0.8667,0.65,0.7429,0.8892
0.6,0.5,0.5455,0.7505
0.8,0.5217,0.6316,0.8757
0.9333,0.6364,0.7568,0.9387
0.7333,0.4783,0.5789,0.8243
0.7333,0.4231,0.5366,0.7631
0.9333,0.6667,0.7778,0.9459
0.7333,0.6875,0.7097,0.9243
0.8,0.5455,0.6486,0.8093
0.625,0.5,0.5556,0.7622
0.7333,0.5,0.5946,0.8306
0.8,0.6316,0.7059,0.8586
0.8667,0.619,0.7222,0.8757
0.9333,0.7,0.8,0.9225
0.8667,0.6842,0.7647,0.9117
0.8,0.5714,0.6667,0.7901
0.6,0.5294,0.5625,0.8658
0.8,0.5217,0.6316,0.845
0.9333,0.6087,0.7368,0.913
0.9333,0.5833,0.7179,0.8261
0.8,0.4286,0.5581,0.7649
0.6667,0.5556,0.6061,0.7946
0.6,0.4091,0.4865,0.6676
0.8667,0.65,0.7429,0.9261
0.5333,0.6154,0.5714,0.8505
0.8,0.6316,0.7059,0.9351
0.8,0.48,0.6,0.8586
0.9375,0.8333,0.8824,0.967
0.8667,0.65,0.7429,0.9185
0.5333,0.4706,0.5,0.8063
0.7333,0.6111,0.6667,0.8306
0.6667,0.625,0.6452,0.8739
0.8667,0.619,0.7222,0.9441
0.8667,0.52,0.65,0.8207
0.7333,0.6471,0.6875,0.8856
0.9333,0.6667,0.7778,0.9027
0.9333,0.6087,0.7368,0.8883
0.625,0.5263,0.5714,0.842
1.0,0.5769,0.7317,0.9185
0.6,0.6429,0.6207,0.8477
0.8,0.5714,0.6667,0.8982
0.7333,0.6875,0.7097,0.8207
0.7333,0.5238,0.6111,0.8649
0.6,0.45,0.5143,0.7622
0.8667,0.5417,0.6667,0.8036
0.9333,0.7778,0.8485,0.955
0.8667,0.619,0.7222,0.9252
0.9375,0.5769,0.7143,0.9193
0.8,0.5455,0.6486,0.8704
0.75,0.6316,0.6857,0.8872
0.6,0.75,0.6667,0.8712
0.9333,0.7,0.8,0.9306
0.7333,0.5789,0.6471,0.8396
0.9333,0.5385,0.6829,0.8982
0.8667,0.7222,0.7879,0.945
0.7333,0.4783,0.5789,0.8459
0.8,0.6,0.6857,0.9288
0.8,0.6316,0.7059,0.8757
0.8667,0.4815,0.619,0.7407
0.6667,0.6667,0.6667,0.8432
0.8,0.5217,0.6316,0.8586
0.6,0.75,0.6667,0.8721
0.8,0.6316,0.7059,0.909
0.8667,0.5417,0.6667,0.8162
0.8,0.5714,0.6667,0.8748
0.8,0.4444,0.5714,0.7883
0.6,0.5294,0.5625,0.7703
1.0,0.6154,0.7619,0.9688
0.8667,0.5652,0.6842,0.8315
1.0,0.7143,0.8333,0.9514
0.6667,0.5263,0.5882,0.8054
0.8,0.5,0.6154,0.7982
0.7333,0.7857,0.7586,0.9054
0.8,0.5714,0.6667,0.845
0.8,0.5,0.6154,0.8514
0.9333,0.6087,0.7368,0.8802
0.7333,0.6471,0.6875,0.8577
0.75,0.5455,0.6316,0.8038
0.8,0.5714,0.6667,0.912
1.0,0.6522,0.7895,0.9604
1.0,0.75,0.8571,0.9766
0.4667,0.4118,0.4375,0.7414
0.8,0.5455,0.6486,0.8766
0.7333,0.5,0.5946,0.8099
0.7333,0.5789,0.6471,0.8459
0.8,0.5455,0.6486,0.8477
0.8,0.6667,0.7273,0.909
0.8125,0.5652,0.6667,0.8924
0.6,0.6,0.6,0.8204
0.8667,0.5652,0.6842,0.8784
0.9333,0.6667,0.7778,0.9595
0.6,0.5294,0.5625,0.7622
0.6667,0.5882,0.625,0.8378
0.8667,0.7222,0.7879,0.8883
0.8,0.5217,0.6316,0.8703
0.8667,0.5652,0.6842,0.8486
0.8667,0.7222,0.7879,0.9459
0.6875,0.4583,0.55,0.77
1.0,0.5769,0.7317,0.9611
0.8,0.5,0.6154,0.8036
0.7333,0.55,0.6286,0.809
0.7333,0.55,0.6286,0.8865
0.8,0.5714,0.6667,0.891
0.8,0.75,0.7742,0.9009
0.8,0.6316,0.7059,0.9072
0.8667,0.65,0.7429,0.9532
0.9333,0.5,0.6512,0.8333
0.8125,0.65,0.7222,0.8724
0.5333,0.5,0.5161,0.7204
0.7333,0.5789,0.6471,0.8622
0.6667,0.6667,0.6667,0.8577
0.8,0.5455,0.6486,0.8045
0.8,0.4444,0.5714,0.7883
0.7333,0.6875,0.7097,0.891
0.8,0.75,0.7742,0.936
0.8,0.5714,0.6667,0.8631
0.6667,0.6667,0.6667,0.8586
0.9375,0.5,0.6522,0.8359
0.8667,0.7222,0.7879,0.937
0.7333,0.5789,0.6471,0.8604
0.7333,0.6111,0.6667,0.8477
0.7333,0.3929,0.5116,0.7216
0.7333,0.5,0.5946,0.8495
0.6667,0.7143,0.6897,0.8856
0.7333,0.6875,0.7097,0.8631
0.7333,0.5789,0.6471,0.8153
0.8,0.7059,0.75,0.9072
0.75,0.5714,0.6486,0.888
0.8667,0.5,0.6341,0.863
0.8,0.6,0.6857,0.8649
1.0,0.6522,0.7895,0.9324
0.8,0.5455,0.6486,0.8396
0.8,0.5217,0.6316,0.8523
0.8667,0.6842,0.7647,0.9342
0.7333,0.5238,0.6111,0.8342
0.6,0.6,0.6,0.818
1.0,0.5556,0.7143,0.9135
0.6875,0.5789,0.6286,0.8056
0.8,0.6667,0.7273,0.8935
0.6667,0.5263,0.5882,0.7838
0.7333,0.55,0.6286,0.8288
0.8667,0.5417,0.6667,0.8676
0.7333,0.6875,0.7097,0.9189
0.8,0.48,0.6,0.7847
0.7333,0.7857,0.7586,0.918
0.8,0.5455,0.6486,0.855
0.8,0.5217,0.6316,0.8721
0.875,0.6667,0.7568,0.9549
0.8,0.5455,0.6486,0.8463
0.875,0.5385,0.6667,0.8967
0.9333,0.5833,0.7179,0.8667
0.8,0.48,0.6,0.8072
0.8,0.6,0.6857,0.8901
0.8,0.5,0.6154,0.8144
0.8,0.6316,0.7059,0.8856
0.6667,0.5556,0.6061,0.818
0.8,0.6667,0.7273,0.8991
0.5333,0.5714,0.5517,0.8063
0.7333,0.6875,0.7097,0.8852
0.8125,0.5652,0.6667,0.8082
0.8667,0.5909,0.7027,0.827
0.8667,0.619,0.7222,0.9243
0.6667,0.5882,0.625,0.8892
0.8667,0.65,0.7429,0.9027
0.6,0.5294,0.5625,0.864
0.4667,0.5833,0.5185,0.7559
0.9333,0.5185,0.6667,0.9207
0.8667,0.5909,0.7027,0.864
0.8667,0.5417,0.6667,0.8926
0.8667,0.5652,0.6842,0.8793
0.8,0.6,0.6857,0.8703
0.7333,0.5789,0.6471,0.7973
0.9333,0.6364,0.7568,0.9081
0.8,0.5714,0.6667,0.882
0.8667,0.5909,0.7027,0.8622
0.6667,0.7692,0.7143,0.9207
0.9333,0.5185,0.6667,0.8838
0.6875,0.5789,0.6286,0.8585
0.6667,0.4545,0.5405,0.8259
0.8,0.7059,0.75,0.8919
0.6,0.5294,0.5625,0.7865
0.8667,0.65,0.7429,0.9423
0.8,0.5455,0.6486,0.8955
0.8667,0.52,0.65,0.8054
0.8,0.6316,0.7059,0.8495
0.8667,0.8667,0.8667,0.9432
0.8,0.5217,0.6316,0.836
0.875,0.5385,0.6667,0.8854
0.8,0.4444,0.5714,0.7741
0.8125,0.65,0.7222,0.8915
0.8667,0.6842,0.7647,0.9207
0.8,0.5,0.6154,0.8297
0.8,0.5714,0.6667,0.8658
0.8,0.5714,0.6667,0.8505
0.8,0.8571,0.8276,0.8721
0.6667,0.5556,0.6061,0.8288
0.6667,0.4348,0.5263,0.8135
0.8,0.5,0.6154,0.8387
0.7333,0.55,0.6286,0.8704
1.0,0.5357,0.6977,0.8721
0.8,0.6316,0.7059,0.8216
0.6667,0.4545,0.5405,0.755
0.9333,0.7,0.8,0.8973
0.9333,0.7,0.8,0.9135
0.7333,0.6875,0.7097,0.8441
0.8,0.6,0.6857,0.8342
0.8667,0.5909,0.7027,0.8946
0.875,0.7778,0.8235,0.9444
0.8667,0.619,0.7222,0.8954
0.8667,0.6842,0.7647,0.9198
0.7333,0.5,0.5946,0.8703
0.6,0.6429,0.6207,0.8622
0.7333,0.5789,0.6471,0.9027
0.7333,0.6875,0.7097,0.8658
0.7333,0.5789,0.6471,0.8117
1.0,0.6,0.75,0.8937
0.6667,0.4762,0.5556,0.709
0.75,0.5217,0.6154,0.7951
0.7333,0.6471,0.6875,0.9037
0.9375,0.5556,0.6977,0.9245
0.6,0.6,0.6,0.8649
0.8,0.6316,0.7059,0.9171
0.8667,0.65,0.7429,0.8937
0.8,0.5,0.6154,0.8468
0.8,0.6,0.6857,0.8856
0.6,0.4737,0.5294,0.8117
0.8,0.6316,0.7059,0.9045
0.6667,0.625,0.6452,0.791
0.8,0.5,0.6154,0.7991
0.75,0.5,0.6,0.8385
0.7333,0.6875,0.7097,0.8685
0.6667,0.8333,0.7407,0.873
0.8667,0.7222,0.7879,0.9162
0.8,0.5714,0.6667,0.8414
0.8667,0.619,0.7222,0.9081
0.8,0.48,0.6,0.8856
0.8,0.7059,0.75,0.9153
0.7333,0.5,0.5946,0.7991
0.8,0.5217,0.6316,0.8889
0.7333,0.4583,0.5641,0.8559
0.8,0.4444,0.5714,0.7901
0.8667,0.65,0.7429,0.9081
0.8667,0.5652,0.6842,0.8757
0.8667,0.5909,0.7027,0.8514
0.6667,0.5263,0.5882,0.8288
0.8667,0.7647,0.8125,0.9622
0.8667,0.65,0.7429,0.8928
0.75,0.6667,0.7059,0.8507
0.5333,0.4444,0.4848,0.7833
0.6667,0.625,0.6452,0.8378
0.8667,0.65,0.7429,0.9171
0.8667,0.5652,0.6842,0.8883
0.6,0.6,0.6,0.8063
0.8,0.5217,0.6316,0.8072
0.7333,0.5238,0.6111,0.8441
0.8667,0.5652,0.6842,0.9
0.7333,0.7857,0.7586,0.9153
0.8125,0.5652,0.6667,0.8524
0.9333,0.56,0.7,0.875
0.9333,0.5833,0.7179,0.8847
0.8667,0.4483,0.5909,0.8216
0.9333,0.6364,0.7568,0.8676
0.8667,0.7647,0.8125,0.9586
0.6667,0.5882,0.625,0.8901
0.6667,0.7692,0.7143,0.9117
0.6667,0.5556,0.6061,0.818
0.8,0.5455,0.6486,0.8369
0.8125,0.65,0.7222,0.849
0.8,0.5455,0.6486,0.8491
0.8667,0.4815,0.619,0.9144
0.8,0.6,0.6857,0.8667
0.9333,0.6087,0.7368,0.9198
0.6667,0.5263,0.5882,0.8441
0.6,0.4737,0.5294,0.7604
0.8667,0.619,0.7222,0.909
0.8,0.5714,0.6667,0.8595
0.6667,0.4762,0.5556,0.8018
0.8125,0.65,0.7222,0.8507
0.8,0.7059,0.75,0.9481
0.8,0.4444,0.5714,0.7883
0.7333,0.5,0.5946,0.8189
0.8667,0.7222,0.7879,0.9622
0.7333,0.6471,0.6875,0.8892
0.8,0.5714,0.6667,0.8288
0.8667,0.5652,0.6842,0.8982
0.7333,0.5238,0.6111,0.8847
0.7333,0.5238,0.6111,0.8378
0.8125,0.65,0.7222,0.8646
1.0,0.625,0.7692,0.8806
0.75,0.6667,0.7059,0.8715
0.8,0.5,0.6154,0.8261
0.8,0.5714,0.6667,0.8477
0.6667,0.4348,0.5263,0.809
0.8,0.6316,0.7059,0.873
0.8,0.5455,0.6486,0.8135
0.8667,0.619,0.7222,0.9135
0.8,0.8,0.8,0.9144
0.7333,0.6471,0.6875,0.8793
0.6667,0.4348,0.5263,0.7815
0.6667,0.5882,0.625,0.809
0.9333,0.6087,0.7368,0.8955
0.8667,0.5909,0.7027,0.9126
0.7333,0.5238,0.6111,0.8135
0.8667,0.619,0.7222,0.8577
0.6667,0.5263,0.5882,0.8234
0.8667,0.5909,0.7027,0.8838
0.8,0.6316,0.7059,0.8703
0.9375,0.6818,0.7895,0.8993
0.8667,0.65,0.7429,0.9231
0.6,0.4286,0.5,0.7586
0.8,0.6,0.6857,0.8946
0.6,0.75,0.6667,0.8964
0.8,0.6,0.6857,0.9027
0.7333,0.5789,0.6471,0.8667
0.8667,0.52,0.65,0.8414
0.8,0.5455,0.6486,0.7946
0.8667,0.5417,0.6667,0.8703
0.875,0.5385,0.6667,0.8837
0.8667,0.7222,0.7879,0.9037
0.8667,0.5652,0.6842,0.8784
0.6,0.5625,0.5806,0.8081
0.7333,0.5,0.5946,0.8847
0.8,0.6316,0.7059,0.8369
0.8667,0.65,0.7429,0.9072
1.0,0.5769,0.7317,0.9766
0.8667,0.5652,0.6842,0.8261
0.6,0.6,0.6,0.7919
0.75,0.5714,0.6486,0.8194
0.8667,0.5909,0.7027,0.9167
0.6875,0.6875,0.6875,0.8837
0.7333,0.44,0.55,0.8126
0.8,0.6,0.6857,0.8721
0.9333,0.56,0.7,0.9072
0.8667,0.5909,0.7027,0.8541
0.7333,0.7333,0.7333,0.9306
0.8,0.6667,0.7273,0.9243
0.8667,0.619,0.7222,0.8838
0.6667,0.5263,0.5882,0.8153
0.8,0.5455,0.6486,0.8472
0.8,0.7059,0.75,0.9045
0.8667,0.52,0.65,0.7847
0.8667,0.5909,0.7027,0.9054
0.8,0.7059,0.75,0.9261
0.6667,0.5,0.5714,0.855
0.7333,0.6471,0.6875,0.8964
0.6,0.5294,0.5625,0.7883
0.8,0.4615,0.5854,0.8225
0.6875,0.6111,0.6471,0.8099
0.9333,0.5833,0.7179,0.8981
0.8,0.5,0.6154,0.836
0.8667,0.5909,0.7027,0.8856
0.6667,0.625,0.6452,0.8712
0.7333,0.6111,0.6667,0.8468
0.8667,0.65,0.7429,0.9423
0.8,0.5217,0.6316,0.8072
0.6667,0.6667,0.6667,0.8297
0.6667,0.5556,0.6061,0.8766
0.6875,0.5238,0.5946,0.8038
1.0,0.5172,0.6818,0.8806
0.8667,0.65,0.7429,0.9009
0.8,0.5217,0.6316,0.8261
0.6667,0.5556,0.6061,0.8
0.8,0.5455,0.6486,0.8396
0.7333,0.55,0.6286,0.882
0.7333,0.6111,0.6667,0.8324
0.7333,0.5238,0.6111,0.8072
0.7333,0.5,0.5946,0.8117
1.0,0.6667,0.8,0.974
0.8,0.75,0.7742,0.9
0.7333,0.5789,0.6471,0.8532
0.7333,0.55,0.6286,0.8667
0.9333,0.7,0.8,0.9468
0.9333,0.7,0.8,0.9333
0.5333,0.4211,0.4706,0.7441
0.7333,0.3793,0.5,0.7387
1.0,0.6,0.75,0.8874
0.9333,0.5833,0.7179,0.9198
0.6875,0.6111,0.6471,0.8194
0.7333,0.5789,0.6471,0.8778
0.8,0.5714,0.6667,0.8568
0.6,0.5,0.5455,0.8396
0.8,0.5455,0.6486,0.8514
0.8667,0.5652,0.6842,0.9243
0.6,0.5625,0.5806,0.8432
0.8667,0.65,0.7429,0.9027
0.8,0.7059,0.75,0.8811
0.8,0.6,0.6857,0.8919
0.5625,0.6429,0.6,0.8333
0.8667,0.6842,0.7647,0.8241
0.6667,0.5556,0.6061,0.9027
0.8667,0.5,0.6341,0.8532
0.8667,0.52,0.65,0.8378
0.8667,0.5652,0.6842,0.8468
0.8,0.6316,0.7059,0.8838
0.9333,0.6087,0.7368,0.9162
0.7333,0.7333,0.7333,0.7946
0.6667,0.6667,0.6667,0.845
0.75,0.5,0.6,0.8203
0.8667,0.619,0.7222,0.9019
0.6667,0.5,0.5714,0.8342
0.5333,0.4706,0.5,0.7622
0.9333,0.5185,0.6667,0.8505
0.9333,0.7368,0.8235,0.9342
0.6667,0.5263,0.5882,0.8054
0.8,0.5714,0.6667,0.8387
0.8667,0.619,0.7222,0.8838
0.6667,0.5556,0.6061,0.8505
0.875,0.7,0.7778,0.9253
1.0,0.75,0.8571,0.9278
0.6667,0.5556,0.6061,0.818
0.8,0.6,0.6857,0.8694
0.7333,0.55,0.6286,0.8811
0.8,0.48,0.6,0.8333
0.9333,0.6364,0.7568,0.882
0.7333,0.6471,0.6875,0.882
0.8,0.6,0.6857,0.8766
0.8667,0.65,0.7429,0.8505
0.8125,0.5652,0.6667,0.9002
0.6,0.5625,0.5806,0.8222
0.8,0.7059,0.75,0.9261
0.7333,0.4231,0.5366,0.773
0.8,0.5,0.6154,0.8369
0.8667,0.5909,0.7027,0.8541
0.8,0.5217,0.6316,0.8441
0.6667,0.5882,0.625,0.8387
0.7333,0.55,0.6286,0.7784
0.7333,0.55,0.6286,0.8658
0.75,0.7059,0.7273,0.9349
0.8667,0.7222,0.7879,0.9491
0.7333,0.5789,0.6471,0.8676
0.6667,0.5,0.5714,0.7811
0.7333,0.6111,0.6667,0.8604
1.0,0.5769,0.7317,0.9135
0.8,0.5217,0.6316,0.8126
0.7333,0.4783,0.5789,0.7847
0.7333,0.55,0.6286,0.8423
0.7333,0.6471,0.6875,0.9171
0.9375,0.6522,0.7692,0.8819
0.8,0.6,0.6857,0.8713
0.6667,0.5882,0.625,0.8378
0.9333,0.7,0.8,0.9144
0.5333,0.5333,0.5333,0.709
0.8667,0.7222,0.7879,0.9243
0.8,0.48,0.6,0.8117
0.8667,0.65,0.7429,0.9135
0.8667,0.619,0.7222,0.8766
0.8667,0.5,0.6341,0.8523
0.875,0.7,0.7778,0.9297
0.5333,0.5333,0.5333,0.7954
0.8125,0.5652,0.6667,0.8264
0.8667,0.52,0.65,0.9153
0.7333,0.6875,0.7097,0.8306
0.6667,0.5,0.5714,0.8126
0.8667,0.65,0.7429,0.8811
0.7333,0.55,0.6286,0.8045
0.8,0.6,0.6857,0.9009
0.5333,0.4211,0.4706,0.7784
0.9333,0.5833,0.7179,0.8586
0.8,0.6667,0.7273,0.9074
0.6667,0.5,0.5714,0.7955
0.9333,0.56,0.7,0.9198
0.9333,0.5,0.6512,0.891
0.7333,0.6471,0.6875,0.8712
0.8,0.5455,0.6486,0.8333
0.7333,0.7333,0.7333,0.9081
0.8667,0.65,0.7429,0.9027
0.7333,0.5789,0.6471,0.8703
0.75,0.6667,0.7059,0.8715
0.8,0.5455,0.6486,0.8019
0.75,0.5217,0.6154,0.8516
0.8667,0.619,0.7222,0.9153
0.8,0.48,0.6,0.8892
0.8667,0.6842,0.7647,0.8928
0.9333,0.5385,0.6829,0.909
0.6,0.4286,0.5,0.7514
0.6667,0.5882,0.625,0.8495
0.6667,0.6667,0.6667,0.8901
0.8,0.6667,0.7273,0.8829
0.9333,0.6087,0.7368,0.9167
0.9375,0.75,0.8333,0.9028
0.8,0.5217,0.6316,0.8775
0.8667,0.619,0.7222,0.8973
0.9333,0.6364,0.7568,0.8802
0.8,0.6,0.6857,0.864
0.8,0.5714,0.6667,0.8297
0.8,0.5455,0.6486,0.8982
0.6,0.5,0.5455,0.8045
0.7333,0.5238,0.6111,0.8703
0.8,0.5714,0.6667,0.8157
0.8,0.5455,0.6486,0.8387
0.8,0.5217,0.6316,0.8162
0.8,0.5455,0.6486,0.9108
0.8,0.5714,0.6667,0.9018
0.7333,0.55,0.6286,0.8018
0.6667,0.5,0.5714,0.7856
0.7333,0.7333,0.7333,0.9153
0.6,0.4091,0.4865,0.7225
1.0,0.8,0.8889,0.9792
0.8667,0.5417,0.6667,0.8935
0.7333,0.6111,0.6667,0.8063
0.8667,0.5652,0.6842,0.8423
0.7333,0.5238,0.6111,0.8892
0.9333,0.6087,0.7368,0.8982
0.8667,0.5909,0.7027,0.8982
0.7333,0.6111,0.6667,0.8685
0.8,0.6,0.6857,0.8604
0.8,0.6,0.6857,0.8847
0.625,0.4762,0.5405,0.7535
0.8667,0.5909,0.7027,0.9102
0.75,0.6316,0.6857,0.8281
0.8,0.6,0.6857,0.8676
0.8667,0.7222,0.7879,0.9441
0.5333,0.6154,0.5714,0.7883
0.7333,0.6111,0.6667,0.8937
0.8667,0.5417,0.6667,0.8757
0.6667,0.4,0.5,0.7072
0.8667,0.5,0.6341,0.8694
0.9333,0.6087,0.7368,0.8838
0.7333,0.6471,0.6875,0.9028
0.7333,0.7857,0.7586,0.9153
0.8667,0.619,0.7222,0.9342
1.0,0.5556,0.7143,0.8982
0.6667,0.4348,0.5263,0.7757
0.6,0.6429,0.6207,0.8631
0.8,0.6,0.6857,0.855
0.8667,0.5,0.6341,0.8135
0.8667,0.5909,0.7027,0.9342
0.6875,0.5238,0.5946,0.7873
0.7333,0.6471,0.6875,0.8583
