Simple
0.00,13.99,21.48,26.06,30.04,33.16,36.02,38.18,40.44,42.51,44.44,46.41,48.30,49.98,51.37,52.75,54.02,55.33,56.65,58.02,59.01,60.18,61.35,62.38,63.19,64.21,65.19,65.98,66.84,67.68,68.46,69.37,70.25,70.99,71.61,72.15,72.75,73.40,74.04,74.63,75.17,75.61,76.07,76.56,77.02,77.45,77.86,78.24,78.58,78.91,79.21,79.50,79.77,80.00,80.17,80.33,80.50,80.64,80.77,80.90,81.07,82.15,85.46,87.94,89.74,90.73,91.20,92.00,92.93,93.37,93.89,94.51,94.93,95.66,96.17,96.47,96.82,97.38,97.81,98.10,98.14,98.26,98.30,98.37,98.56,98.83,98.99,99.08,99.11,99.21,99.28,99.60,99.75,99.97,99.98,99.98,99.98,99.99,99.99,99.99,100.00
59.01
ROS
0.00,14.41,21.54,26.36,30.25,33.68,36.45,39.21,41.43,43.68,45.64,47.41,49.20,51.14,52.84,54.40,55.64,56.94,58.17,59.52,60.80,61.98,62.99,64.12,65.22,66.11,66.96,67.99,68.97,69.78,70.65,71.47,72.30,73.19,74.06,74.80,75.41,75.97,76.58,77.22,77.85,78.44,78.97,79.41,79.87,80.36,80.82,81.25,81.65,82.02,82.36,82.68,82.99,83.28,83.54,83.76,83.94,84.11,84.26,84.40,84.53,84.65,84.92,86.02,88.43,90.55,91.82,92.47,92.99,93.76,94.28,94.71,95.20,95.65,96.12,96.52,96.83,97.32,97.82,98.12,98.22,98.28,98.35,98.39,98.53,98.86,99.05,99.18,99.23,99.31,99.40,99.62,99.72,99.85,99.89,99.95,99.95,99.97,99.97,99.99,100.00
60.8
RUS
0.00,14.09,21.08,26.21,29.89,33.37,35.98,38.66,41.09,43.26,45.38,47.23,48.90,50.77,52.69,54.29,55.80,56.99,58.26,59.51,60.90,62.21,63.36,64.33,65.50,66.63,67.51,68.28,69.35,70.33,71.11,71.97,72.83,73.62,74.52,75.40,76.18,76.81,77.37,77.95,78.60,79.24,79.83,80.38,80.85,81.27,81.76,82.23,82.67,83.08,83.46,83.82,84.16,84.45,84.75,85.02,85.27,85.46,85.62,85.77,85.93,86.06,86.18,86.31,86.90,89.13,91.42,92.94,93.68,94.06,94.76,95.38,95.72,96.19,96.60,97.17,97.47,97.72,98.18,98.58,98.76,98.78,98.87,98.88,98.92,99.08,99.32,99.49,99.51,99.53,99.67,99.72,99.88,99.96,99.98,99.99,99.99,99.99,99.99,100.00,100.00
60.9
Smote
0.00,14.57,21.48,26.15,29.93,33.42,36.33,39.06,41.21,43.45,45.36,47.12,48.86,50.86,52.60,54.27,55.42,56.73,57.96,59.36,60.67,61.94,62.89,64.05,65.24,66.22,66.98,68.02,69.04,69.83,70.68,71.54,72.35,73.23,74.12,74.91,75.56,76.11,76.68,77.33,77.99,78.60,79.14,79.62,80.05,80.55,81.02,81.47,81.89,82.26,82.62,82.96,83.26,83.56,83.84,84.08,84.27,84.44,84.60,84.75,84.88,85.01,85.12,85.52,87.99,90.54,92.15,92.97,93.35,94.02,94.74,95.13,95.68,96.07,96.61,97.18,97.42,97.71,98.27,98.58,98.74,98.75,98.86,98.86,98.88,99.09,99.30,99.45,99.47,99.48,99.62,99.73,99.92,99.98,99.99,99.99,99.99,99.99,99.99,100.00,100.00
60.67
Bag
0.00,14.80,22.14,26.79,30.71,33.97,36.84,39.04,41.30,43.31,45.18,47.12,49.11,50.83,52.36,53.66,54.98,56.26,57.64,58.98,60.03,61.12,62.31,63.39,64.21,65.14,66.23,67.05,67.90,68.77,69.59,70.42,71.33,72.18,72.86,73.43,74.00,74.67,75.32,75.94,76.50,77.02,77.43,77.92,78.40,78.85,79.27,79.68,80.03,80.38,80.69,80.99,81.27,81.53,81.74,81.89,82.05,82.21,82.34,82.48,82.59,82.80,84.89,88.29,90.56,91.89,92.48,92.88,93.73,94.36,94.67,95.23,95.67,96.07,96.70,96.95,97.17,97.73,98.29,98.54,98.59,98.67,98.73,98.74,98.82,99.12,99.28,99.42,99.43,99.45,99.60,99.76,99.92,99.98,99.98,100.00,100.00,100.00,100.00,100.00,100.00
60.03
ROSBag
0.00,16.11,23.68,28.62,32.86,36.31,39.19,41.94,44.09,46.32,48.32,50.07,51.93,53.95,55.66,57.35,58.60,59.86,61.10,62.56,63.86,65.09,66.03,67.19,68.35,69.32,70.07,71.15,72.18,72.96,73.82,74.65,75.44,76.34,77.24,78.04,78.68,79.22,79.79,80.42,81.07,81.68,82.24,82.72,83.14,83.64,84.11,84.55,84.97,85.35,85.70,86.05,86.35,86.64,86.93,87.18,87.37,87.54,87.69,87.85,87.99,88.11,88.21,88.45,90.74,92.90,94.09,94.70,94.94,95.33,95.94,96.27,96.58,96.94,97.21,97.68,97.79,97.98,98.54,98.78,98.85,98.86,98.97,98.97,98.99,99.20,99.45,99.60,99.60,99.60,99.75,99.78,99.96,99.99,99.99,100.00,100.00,100.00,100.00,100.00,100.00
63.86
RUSBag
0.00,15.24,22.54,27.43,31.04,34.66,37.25,39.92,42.34,44.47,46.64,48.49,50.19,52.04,54.03,55.70,57.35,58.52,59.80,61.05,62.49,63.80,65.01,65.99,67.16,68.28,69.17,69.93,71.02,72.07,72.84,73.69,74.52,75.32,76.23,77.12,77.92,78.55,79.10,79.69,80.37,81.00,81.61,82.17,82.63,83.06,83.56,84.02,84.47,84.88,85.28,85.61,85.95,86.26,86.55,86.83,87.07,87.28,87.43,87.59,87.74,87.87,88.01,88.10,88.40,90.99,93.11,94.31,94.98,95.14,95.63,96.20,96.46,96.89,97.15,97.66,97.85,98.02,98.56,98.86,98.94,98.94,99.06,99.06,99.06,99.24,99.48,99.63,99.63,99.63,99.78,99.79,99.94,100.00,100.00,100.00,100.00,100.00,100.00,100.00,100.00
62.49
SmoteBag
0.00,15.44,22.51,27.24,31.04,34.58,37.53,40.25,42.38,44.61,46.55,48.31,50.04,52.08,53.87,55.61,56.80,58.09,59.34,60.75,62.07,63.38,64.29,65.44,66.65,67.69,68.40,69.43,70.50,71.29,72.14,73.00,73.81,74.67,75.57,76.42,77.09,77.64,78.20,78.83,79.50,80.10,80.68,81.20,81.59,82.11,82.58,83.02,83.46,83.84,84.21,84.55,84.85,85.14,85.43,85.71,85.91,86.07,86.23,86.39,86.53,86.65,86.77,86.94,88.70,91.41,93.06,93.84,94.16,94.53,95.21,95.60,96.08,96.49,96.82,97.53,97.72,97.92,98.45,98.75,98.88,98.89,99.02,99.02,99.02,99.19,99.43,99.58,99.58,99.58,99.73,99.77,99.97,100.00,100.00,100.00,100.00,100.00,100.00,100.00,100.00
62.07
Boost
0.00,16.73,24.49,29.77,33.90,37.24,40.34,42.76,45.13,47.33,49.07,51.09,53.02,54.89,56.38,57.68,58.93,60.25,61.45,62.63,63.70,64.83,65.99,66.96,67.92,68.99,69.94,70.79,71.64,72.44,73.28,74.18,75.02,75.67,76.26,76.86,77.51,78.15,78.73,79.25,79.68,80.17,80.64,81.08,81.50,81.89,82.25,82.60,82.91,83.20,83.49,83.74,83.93,84.11,84.26,84.42,84.55,84.68,84.81,85.22,86.95,89.12,90.60,91.37,91.84,92.16,92.73,93.20,93.52,93.94,94.31,94.68,95.03,95.35,95.67,96.15,96.58,96.74,96.80,96.88,97.00,97.17,97.39,97.85,98.21,98.37,98.44,98.52,98.74,98.82,99.02,99.09,99.28,99.37,99.58,99.74,99.74,99.74,99.74,99.86,100.00
63.7
ROSBoost
0.00,16.30,23.97,29.16,33.33,36.52,39.50,42.22,44.48,46.77,48.42,50.17,52.13,54.06,55.82,57.10,58.39,59.66,60.88,62.05,63.04,64.14,65.27,66.35,67.22,68.21,69.27,70.13,70.97,71.80,72.60,73.49,74.38,75.10,75.71,76.29,76.92,77.57,78.17,78.73,79.17,79.64,80.12,80.58,81.02,81.44,81.81,82.16,82.50,82.80,83.09,83.37,83.59,83.78,83.94,84.10,84.24,84.38,84.51,84.68,85.33,87.49,89.46,90.60,91.29,91.68,92.15,92.66,93.03,93.43,93.81,94.14,94.43,94.73,95.10,95.61,96.08,96.30,96.37,96.45,96.55,96.77,96.98,97.50,97.92,98.11,98.21,98.33,98.58,98.67,98.89,98.99,99.32,99.42,99.62,99.84,99.84,99.84,99.85,99.87,100.00
63.04
RUSBoost
0.00,16.43,24.02,29.29,33.45,36.68,39.67,42.48,44.80,47.06,48.95,50.49,52.42,54.33,56.15,57.68,58.92,60.20,61.44,62.64,63.83,64.81,65.90,67.04,68.11,68.96,69.91,70.95,71.84,72.66,73.52,74.31,75.19,76.06,76.88,77.52,78.08,78.68,79.34,79.95,80.54,81.07,81.52,81.98,82.47,82.93,83.36,83.76,84.13,84.48,84.80,85.10,85.39,85.66,85.89,86.06,86.23,86.38,86.53,86.66,86.78,86.99,88.02,89.99,91.59,92.58,93.12,93.50,93.94,94.40,94.75,95.10,95.44,95.75,96.00,96.25,96.62,97.12,97.37,97.45,97.51,97.60,97.74,97.89,98.27,98.61,98.76,98.83,98.89,99.08,99.15,99.35,99.45,99.59,99.70,99.93,99.94,99.94,99.94,99.94,100.00
63.83
SmoteBoost
0.00,16.41,24.09,29.31,33.50,36.72,39.79,42.47,44.77,47.06,48.74,50.54,52.51,54.45,56.23,57.47,58.77,60.02,61.26,62.43,63.43,64.52,65.66,66.74,67.64,68.60,69.66,70.55,71.40,72.25,73.05,73.93,74.81,75.59,76.18,76.74,77.37,78.04,78.64,79.22,79.69,80.13,80.62,81.09,81.54,81.95,82.33,82.69,83.02,83.33,83.62,83.91,84.15,84.35,84.52,84.67,84.82,84.96,85.09,85.21,85.66,87.61,89.69,90.96,91.68,92.09,92.47,92.99,93.39,93.76,94.15,94.46,94.74,95.01,95.36,95.81,96.34,96.55,96.64,96.69,96.79,96.97,97.14,97.59,98.06,98.27,98.37,98.50,98.69,98.82,99.01,99.12,99.35,99.46,99.65,99.87,99.87,99.87,99.88,99.89,100.00
63.43
