Simple
0.00,19.82,25.38,29.79,32.84,35.61,37.37,38.88,40.64,42.07,43.20,44.08,44.90,45.71,46.51,47.23,47.79,48.29,48.80,49.32,49.73,50.00,50.19,50.26,50.35,50.47,50.74,51.15,51.74,52.90,54.58,56.47,58.74,61.45,64.31,67.21,70.12,72.68,74.96,76.99,78.93,80.66,82.14,83.45,84.63,85.62,86.55,87.47,88.23,88.86,89.49,90.15,90.73,91.29,91.81,92.39,92.92,93.43,93.87,94.26,94.66,95.02,95.34,95.58,95.82,96.05,96.28,96.46,96.63,96.84,97.03,97.19,97.38,97.56,97.70,97.86,98.02,98.22,98.38,98.54,98.67,98.80,98.89,99.01,99.10,99.16,99.21,99.25,99.32,99.39,99.44,99.46,99.57,99.62,99.66,99.68,99.68,99.84,99.85,99.85,100.00
49.73
ROS
0.00,17.79,25.35,30.32,34.06,38.07,40.72,42.88,45.24,47.17,48.56,49.52,50.68,52.14,53.51,54.56,55.31,56.01,56.63,57.29,58.04,58.81,59.55,60.20,60.69,61.16,61.57,62.04,62.52,62.96,63.29,63.51,63.65,63.71,63.72,63.75,63.81,63.95,64.07,64.20,64.44,64.91,65.55,66.47,67.49,68.89,70.79,72.66,74.62,76.75,78.76,80.75,82.54,84.10,85.61,87.02,88.19,89.22,90.13,90.92,91.63,92.27,92.84,93.41,93.95,94.40,94.82,95.25,95.63,95.97,96.29,96.61,96.90,97.10,97.32,97.56,97.73,97.90,98.06,98.22,98.39,98.53,98.67,98.81,98.93,99.04,99.13,99.22,99.30,99.36,99.42,99.47,99.53,99.58,99.65,99.69,99.69,99.81,99.84,99.85,100.00
58.04
RUS
0.00,17.79,24.65,30.26,34.04,37.23,40.91,44.10,46.35,48.35,50.32,52.30,54.07,55.34,56.40,57.35,58.47,59.77,61.18,62.35,63.28,63.98,64.55,65.11,65.62,66.15,66.73,67.43,68.12,68.74,69.36,69.83,70.28,70.69,71.10,71.53,71.97,72.38,72.73,72.98,73.15,73.25,73.32,73.35,73.39,73.44,73.55,73.66,73.74,73.83,73.93,74.08,74.28,74.47,74.74,75.28,76.10,77.17,78.38,79.92,81.62,83.26,85.07,86.91,88.63,90.11,91.38,92.49,93.37,94.11,94.75,95.29,95.75,96.14,96.52,96.84,97.14,97.45,97.69,97.93,98.16,98.33,98.51,98.70,98.86,99.00,99.15,99.25,99.35,99.44,99.53,99.62,99.68,99.71,99.76,99.79,99.81,99.85,99.89,99.89,100.00
63.28
Smote
0.00,19.08,25.92,30.37,34.65,37.68,39.99,42.52,44.70,46.00,47.11,48.40,49.92,51.25,52.35,53.13,53.84,54.53,55.30,56.14,56.93,57.53,58.06,58.54,59.02,59.52,59.98,60.35,60.57,60.68,60.72,60.74,60.77,60.87,61.05,61.24,61.47,61.97,62.76,63.78,64.93,66.32,68.16,70.20,72.31,74.40,76.50,78.58,80.61,82.51,84.10,85.51,86.80,87.95,88.94,89.78,90.50,91.22,91.78,92.33,92.87,93.43,93.92,94.33,94.76,95.18,95.56,95.87,96.17,96.48,96.73,96.91,97.14,97.33,97.50,97.67,97.85,97.99,98.14,98.29,98.44,98.55,98.68,98.81,98.92,99.00,99.10,99.18,99.27,99.35,99.40,99.45,99.50,99.57,99.66,99.70,99.71,99.79,99.85,99.87,100.00
56.93
Bag
0.00,20.75,26.09,30.34,33.28,35.99,37.51,38.95,40.71,42.14,43.23,44.13,44.97,45.78,46.62,47.30,47.83,48.30,48.81,49.34,49.79,50.12,50.34,50.48,50.53,50.58,50.68,50.88,51.32,51.93,52.92,54.27,56.25,58.41,60.90,63.50,66.24,68.93,71.53,73.85,76.10,78.03,79.88,81.46,82.95,84.21,85.34,86.35,87.25,88.06,88.81,89.47,90.13,90.71,91.34,91.92,92.45,92.95,93.50,93.94,94.40,94.76,95.14,95.49,95.80,96.05,96.29,96.51,96.74,96.92,97.09,97.30,97.45,97.61,97.76,97.93,98.09,98.24,98.39,98.53,98.66,98.79,98.89,98.98,99.06,99.14,99.19,99.21,99.29,99.36,99.40,99.42,99.53,99.58,99.66,99.68,99.68,99.84,99.84,99.84,100.00
49.79
ROSBag
0.00,20.01,27.11,31.59,35.89,38.78,41.10,43.69,45.54,46.73,47.93,49.29,50.92,52.20,53.09,53.87,54.53,55.27,56.05,56.84,57.63,58.21,58.70,59.12,59.59,60.10,60.64,61.08,61.38,61.60,61.76,61.80,61.80,61.82,61.86,61.92,61.97,62.07,62.25,62.50,62.80,63.52,64.88,66.65,68.72,71.16,73.71,76.16,78.49,80.72,82.56,84.21,85.81,87.09,88.19,89.22,90.10,90.92,91.61,92.21,92.75,93.26,93.75,94.19,94.66,95.16,95.57,95.92,96.24,96.55,96.82,97.05,97.27,97.49,97.68,97.83,98.01,98.19,98.31,98.45,98.61,98.73,98.85,98.98,99.09,99.22,99.29,99.35,99.38,99.41,99.43,99.44,99.47,99.51,99.58,99.66,99.66,99.81,99.82,99.82,100.00
57.63
RUSBag
0.00,19.04,25.49,31.18,35.13,38.44,42.10,45.46,47.80,49.67,51.66,53.67,55.78,57.29,58.48,59.17,60.16,61.21,62.55,64.23,65.30,66.32,66.87,67.42,68.04,68.40,68.88,69.43,70.17,70.89,71.58,72.27,72.77,73.23,73.61,73.93,74.39,74.89,75.41,75.86,76.14,76.36,76.51,76.56,76.57,76.58,76.62,76.72,76.83,76.92,76.98,77.05,77.08,77.09,77.11,77.16,77.23,77.28,77.46,77.70,78.02,78.41,78.99,80.29,82.87,85.69,88.08,90.00,91.62,92.98,94.00,94.78,95.36,95.79,96.19,96.54,96.78,97.06,97.44,97.80,98.06,98.23,98.34,98.55,98.81,98.98,99.13,99.32,99.43,99.57,99.62,99.69,99.77,99.81,99.88,99.95,99.95,99.95,99.95,99.95,100.00
65.3
SmoteBag
0.00,19.78,26.36,30.96,35.23,37.85,40.30,42.88,44.50,45.54,46.94,48.49,50.00,51.34,52.21,52.94,53.74,54.51,55.35,56.21,56.83,57.35,57.78,58.25,58.77,59.30,59.74,60.00,60.12,60.15,60.16,60.18,60.24,60.29,60.36,60.51,60.74,61.18,61.85,62.85,64.22,65.83,67.54,69.58,71.79,74.19,76.63,78.96,81.08,82.85,84.48,85.89,87.17,88.23,89.19,90.00,90.72,91.38,91.99,92.58,93.09,93.62,94.05,94.51,94.96,95.32,95.69,96.04,96.34,96.60,96.82,97.04,97.23,97.40,97.56,97.73,97.89,98.02,98.17,98.30,98.42,98.55,98.67,98.77,98.88,98.99,99.07,99.14,99.22,99.29,99.36,99.40,99.46,99.53,99.60,99.66,99.66,99.77,99.81,99.84,100.00
56.83
Boost
0.00,20.08,26.64,31.16,34.39,37.12,39.54,40.95,42.23,43.78,45.19,46.18,47.02,47.81,48.63,49.45,50.27,50.87,51.38,51.83,52.33,52.85,53.34,53.68,53.91,54.07,54.12,54.14,54.15,54.17,54.27,54.39,54.66,55.20,56.19,57.79,59.68,61.99,64.44,66.92,69.45,71.97,74.29,76.48,78.47,80.21,81.85,83.25,84.63,85.73,86.75,87.67,88.49,89.22,89.93,90.53,91.12,91.71,92.27,92.77,93.35,93.84,94.31,94.71,95.12,95.51,95.80,96.11,96.33,96.63,96.84,97.06,97.25,97.42,97.60,97.77,97.92,98.06,98.22,98.40,98.54,98.70,98.82,98.95,99.04,99.11,99.17,99.21,99.24,99.28,99.36,99.37,99.45,99.51,99.60,99.65,99.66,99.82,99.83,99.84,100.00
52.33
ROSBoost
0.00,19.91,26.55,31.10,34.57,37.28,39.76,41.49,42.69,44.03,45.53,46.61,47.39,48.15,48.96,49.79,50.58,51.24,51.75,52.17,52.64,53.14,53.63,54.05,54.33,54.53,54.63,54.65,54.66,54.69,54.72,54.77,54.91,55.24,55.86,56.82,58.47,60.75,63.19,65.79,68.15,70.44,72.79,75.21,77.30,79.09,80.75,82.27,83.71,84.95,86.02,86.91,87.74,88.58,89.28,89.92,90.52,91.12,91.67,92.24,92.85,93.36,93.91,94.37,94.75,95.11,95.44,95.79,96.12,96.38,96.62,96.86,97.08,97.29,97.47,97.65,97.81,97.96,98.11,98.26,98.47,98.63,98.76,98.90,99.00,99.08,99.14,99.21,99.25,99.27,99.34,99.37,99.45,99.50,99.62,99.65,99.66,99.81,99.83,99.83,100.00
52.64
RUSBoost
0.00,19.30,26.74,31.16,35.29,38.70,41.10,43.49,45.81,47.38,48.46,49.59,50.86,52.36,53.48,54.32,54.99,55.60,56.28,56.99,57.75,58.49,59.17,59.71,60.16,60.58,61.06,61.55,62.03,62.43,62.70,62.89,63.01,63.09,63.14,63.18,63.27,63.36,63.52,63.65,63.86,64.13,64.71,65.53,66.63,67.88,69.40,71.18,72.99,74.96,77.01,79.06,81.08,82.92,84.52,85.95,87.30,88.43,89.45,90.29,91.08,91.76,92.43,92.96,93.48,94.02,94.46,94.89,95.30,95.70,96.07,96.39,96.74,97.00,97.26,97.46,97.69,97.88,98.06,98.24,98.39,98.53,98.69,98.79,98.94,99.05,99.15,99.23,99.31,99.39,99.46,99.49,99.55,99.60,99.66,99.70,99.71,99.79,99.83,99.84,100.00
57.75
SmoteBoost
0.00,19.88,26.65,31.11,35.08,37.83,40.45,42.50,43.80,45.06,46.47,47.86,48.88,49.64,50.38,51.14,51.94,52.79,53.49,54.02,54.44,54.91,55.41,55.93,56.36,56.68,56.88,56.99,57.03,57.05,57.12,57.18,57.30,57.47,57.77,58.44,59.68,61.29,63.22,65.49,67.75,70.35,72.89,75.27,77.33,79.27,81.06,82.70,84.13,85.32,86.36,87.36,88.27,89.03,89.73,90.33,90.92,91.49,92.05,92.53,93.06,93.64,94.11,94.54,94.95,95.36,95.74,96.02,96.27,96.57,96.86,97.05,97.26,97.44,97.65,97.80,97.95,98.09,98.26,98.40,98.55,98.69,98.82,98.95,99.05,99.12,99.17,99.22,99.25,99.28,99.36,99.37,99.44,99.50,99.60,99.65,99.65,99.81,99.83,99.83,100.00
54.44
