Simple
0.00,46.37,56.85,60.86,64.26,66.09,66.79,86.81,91.85,93.30,93.88,94.60,95.53,95.93,96.23,97.15,97.15,97.19,97.19,97.19,97.19,97.19,98.01,98.01,98.01,98.01,98.05,98.77,98.78,98.85,98.99,98.99,98.99,98.99,98.99,98.99,98.99,99.25,99.47,99.47,99.49,99.89,99.89,99.93,99.94,99.94,99.94,99.94,99.94,99.94,99.96,99.96,99.96,99.96,99.96,99.97,99.97,99.97,99.97,99.97,99.97,99.97,99.97,99.97,100.00,100.00,100.00,100.00,100.00,100.00,100.00,100.00,100.00,100.00,100.00,100.00,100.00,100.00,100.00,100.00,100.00,100.00,100.00,100.00,100.00,100.00,100.00,100.00,100.00,100.00,100.00,100.00,100.00,100.00,100.00,100.00,100.00,100.00,100.00,100.00,100.00
97.19
ROS
0.00,52.14,64.91,71.15,75.06,77.58,78.96,82.99,94.26,95.21,95.61,96.17,96.47,96.92,97.05,97.72,97.72,97.74,97.74,97.74,97.74,97.74,98.21,98.32,98.32,98.32,98.36,99.09,99.09,99.23,99.28,99.28,99.28,99.28,99.28,99.28,99.29,99.40,99.49,99.49,99.52,99.73,99.73,99.79,99.80,99.80,99.80,99.80,99.80,99.80,99.82,99.82,99.82,99.82,99.82,99.90,99.90,99.90,99.90,99.90,99.90,99.90,99.90,99.91,99.91,99.91,100.00,100.00,100.00,100.00,100.00,100.00,100.00,100.00,100.00,100.00,100.00,100.00,100.00,100.00,100.00,100.00,100.00,100.00,100.00,100.00,100.00,100.00,100.00,100.00,100.00,100.00,100.00,100.00,100.00,100.00,100.00,100.00,100.00,100.00,100.00
97.74
RUS
0.00,55.98,71.98,79.41,84.55,88.56,91.57,93.22,94.02,98.23,98.43,98.51,98.58,98.81,98.97,99.02,99.26,99.26,99.27,99.27,99.27,99.27,99.28,99.54,99.55,99.55,99.55,99.68,99.76,99.77,99.77,99.77,99.77,99.77,99.77,99.77,99.77,99.78,99.79,99.79,99.79,99.93,99.93,99.94,99.94,99.94,99.94,99.94,99.96,99.96,100.00,100.00,100.00,100.00,100.00,100.00,100.00,100.00,100.00,100.00,100.00,100.00,100.00,100.00,100.00,100.00,100.00,100.00,100.00,100.00,100.00,100.00,100.00,100.00,100.00,100.00,100.00,100.00,100.00,100.00,100.00,100.00,100.00,100.00,100.00,100.00,100.00,100.00,100.00,100.00,100.00,100.00,100.00,100.00,100.00,100.00,100.00,100.00,100.00,100.00,100.00
99.27
Smote
0.00,51.72,64.25,70.40,74.14,76.60,77.81,83.72,93.69,94.80,95.12,95.69,96.07,96.58,96.68,97.35,97.48,97.60,97.62,97.62,97.62,97.62,98.20,98.23,98.23,98.23,98.27,98.91,98.91,98.96,98.98,98.98,98.98,98.98,98.98,98.98,98.98,99.21,99.29,99.29,99.30,99.46,99.49,99.60,99.66,99.66,99.66,99.66,99.69,99.69,99.76,99.78,99.78,99.78,99.81,99.82,99.82,99.82,99.82,99.82,99.82,99.82,99.82,99.82,99.82,99.82,100.00,100.00,100.00,100.00,100.00,100.00,100.00,100.00,100.00,100.00,100.00,100.00,100.00,100.00,100.00,100.00,100.00,100.00,100.00,100.00,100.00,100.00,100.00,100.00,100.00,100.00,100.00,100.00,100.00,100.00,100.00,100.00,100.00,100.00,100.00
97.62
Bag
0.00,49.74,60.37,64.63,68.05,69.86,70.63,88.88,92.58,93.98,94.58,94.96,95.95,96.21,96.49,97.23,97.23,97.25,97.25,97.25,97.25,97.25,98.07,98.07,98.07,98.07,98.14,98.89,98.89,98.93,98.97,98.97,98.97,98.97,98.97,98.97,98.97,99.22,99.38,99.38,99.44,99.81,99.81,99.84,99.86,99.86,99.86,99.86,99.89,99.89,99.91,99.91,99.91,99.91,99.92,99.95,99.95,99.95,99.95,99.95,99.95,99.95,99.95,99.95,99.96,99.96,100.00,100.00,100.00,100.00,100.00,100.00,100.00,100.00,100.00,100.00,100.00,100.00,100.00,100.00,100.00,100.00,100.00,100.00,100.00,100.00,100.00,100.00,100.00,100.00,100.00,100.00,100.00,100.00,100.00,100.00,100.00,100.00,100.00,100.00,100.00
97.25
ROSBag
0.00,54.11,66.22,72.35,76.09,78.51,79.95,82.22,94.77,95.82,96.16,96.73,96.89,97.35,97.37,98.13,98.13,98.14,98.14,98.14,98.14,98.14,98.78,98.83,98.83,98.83,98.83,99.65,99.65,99.66,99.68,99.68,99.68,99.68,99.68,99.68,99.68,99.74,99.80,99.80,99.81,99.95,99.95,99.96,99.96,99.96,99.96,99.96,99.97,99.97,99.97,99.97,99.97,99.97,99.97,99.98,99.98,99.98,99.98,99.98,99.98,99.98,99.98,99.98,99.98,99.98,100.00,100.00,100.00,100.00,100.00,100.00,100.00,100.00,100.00,100.00,100.00,100.00,100.00,100.00,100.00,100.00,100.00,100.00,100.00,100.00,100.00,100.00,100.00,100.00,100.00,100.00,100.00,100.00,100.00,100.00,100.00,100.00,100.00,100.00,100.00
98.14
RUSBag
0.00,56.67,73.68,82.00,87.26,91.10,94.56,96.40,97.14,99.49,99.52,99.53,99.54,99.56,99.59,99.59,99.76,99.76,99.76,99.76,99.76,99.76,99.76,99.87,99.87,99.87,99.87,99.89,99.98,99.98,99.98,99.98,99.98,99.98,99.98,99.98,99.98,99.98,99.98,99.98,99.98,99.99,99.99,99.99,99.99,99.99,99.99,99.99,100.00,100.00,100.00,100.00,100.00,100.00,100.00,100.00,100.00,100.00,100.00,100.00,100.00,100.00,100.00,100.00,100.00,100.00,100.00,100.00,100.00,100.00,100.00,100.00,100.00,100.00,100.00,100.00,100.00,100.00,100.00,100.00,100.00,100.00,100.00,100.00,100.00,100.00,100.00,100.00,100.00,100.00,100.00,100.00,100.00,100.00,100.00,100.00,100.00,100.00,100.00,100.00,100.00
99.76
SmoteBag
0.00,52.88,65.38,71.74,75.52,78.07,79.39,83.46,94.28,95.39,95.64,96.09,96.39,96.80,96.87,97.52,97.61,97.64,97.65,97.65,97.65,97.65,98.31,98.36,98.36,98.36,98.38,99.12,99.12,99.13,99.13,99.13,99.13,99.13,99.13,99.13,99.13,99.40,99.46,99.46,99.47,99.59,99.60,99.70,99.72,99.72,99.72,99.72,99.74,99.74,99.79,99.79,99.79,99.79,99.81,99.81,99.81,99.81,99.81,99.81,99.81,99.81,99.81,99.81,99.81,99.81,100.00,100.00,100.00,100.00,100.00,100.00,100.00,100.00,100.00,100.00,100.00,100.00,100.00,100.00,100.00,100.00,100.00,100.00,100.00,100.00,100.00,100.00,100.00,100.00,100.00,100.00,100.00,100.00,100.00,100.00,100.00,100.00,100.00,100.00,100.00
97.65
Boost
0.00,50.98,61.79,66.52,70.06,71.95,73.45,90.96,93.05,94.21,95.00,95.24,96.04,96.14,96.78,97.21,97.21,97.26,97.26,97.26,97.26,97.30,97.84,97.88,97.88,97.88,98.21,98.70,98.72,98.93,98.95,98.95,98.95,98.95,98.95,98.95,98.97,99.14,99.17,99.17,99.46,99.58,99.60,99.63,99.65,99.65,99.65,99.65,99.65,99.65,99.66,99.66,99.66,99.66,99.66,99.80,99.80,99.80,99.80,99.80,99.80,99.80,99.80,99.81,99.81,99.81,100.00,100.00,100.00,100.00,100.00,100.00,100.00,100.00,100.00,100.00,100.00,100.00,100.00,100.00,100.00,100.00,100.00,100.00,100.00,100.00,100.00,100.00,100.00,100.00,100.00,100.00,100.00,100.00,100.00,100.00,100.00,100.00,100.00,100.00,100.00
97.26
ROSBoost
0.00,50.46,61.19,65.73,69.26,71.13,72.51,90.37,92.79,94.15,94.87,95.15,95.88,96.11,96.64,97.16,97.16,97.18,97.18,97.18,97.18,97.22,97.79,97.83,97.83,97.84,98.17,98.70,98.71,98.93,98.97,98.97,98.97,98.97,98.97,98.97,98.98,99.11,99.17,99.17,99.34,99.54,99.56,99.57,99.61,99.61,99.61,99.61,99.62,99.62,99.63,99.63,99.63,99.64,99.65,99.84,99.84,99.84,99.84,99.84,99.84,99.84,99.84,99.84,99.85,99.85,100.00,100.00,100.00,100.00,100.00,100.00,100.00,100.00,100.00,100.00,100.00,100.00,100.00,100.00,100.00,100.00,100.00,100.00,100.00,100.00,100.00,100.00,100.00,100.00,100.00,100.00,100.00,100.00,100.00,100.00,100.00,100.00,100.00,100.00,100.00
97.18
RUSBoost
0.00,53.26,65.72,71.95,75.79,78.41,79.81,82.95,95.02,95.76,96.16,96.64,96.88,97.33,97.38,98.12,98.13,98.14,98.18,98.19,98.19,98.19,98.60,98.70,98.70,98.70,98.72,99.33,99.33,99.37,99.41,99.41,99.41,99.41,99.41,99.41,99.41,99.47,99.51,99.51,99.54,99.74,99.76,99.76,99.77,99.77,99.77,99.77,99.78,99.78,99.82,99.83,99.83,99.83,99.86,99.91,99.91,99.91,99.91,99.91,99.91,99.91,99.91,99.92,99.93,99.93,100.00,100.00,100.00,100.00,100.00,100.00,100.00,100.00,100.00,100.00,100.00,100.00,100.00,100.00,100.00,100.00,100.00,100.00,100.00,100.00,100.00,100.00,100.00,100.00,100.00,100.00,100.00,100.00,100.00,100.00,100.00,100.00,100.00,100.00,100.00
98.19
SmoteBoost
0.00,51.35,62.21,66.94,70.48,72.39,73.57,90.10,93.03,94.26,94.95,95.24,95.97,96.20,96.68,97.21,97.22,97.27,97.27,97.27,97.27,97.30,97.89,97.91,97.91,97.92,98.21,98.75,98.76,98.96,99.01,99.01,99.01,99.01,99.01,99.01,99.01,99.14,99.18,99.18,99.41,99.58,99.61,99.63,99.67,99.67,99.67,99.67,99.67,99.67,99.68,99.68,99.68,99.68,99.68,99.85,99.85,99.85,99.85,99.85,99.85,99.85,99.85,99.86,99.86,99.86,100.00,100.00,100.00,100.00,100.00,100.00,100.00,100.00,100.00,100.00,100.00,100.00,100.00,100.00,100.00,100.00,100.00,100.00,100.00,100.00,100.00,100.00,100.00,100.00,100.00,100.00,100.00,100.00,100.00,100.00,100.00,100.00,100.00,100.00,100.00
97.27
