Simple
0.00,8.60,14.38,17.87,20.35,22.20,24.18,26.18,27.89,32.84,43.90,55.61,64.62,70.71,74.91,77.64,79.81,82.17,84.55,85.69,86.67,88.00,89.29,89.90,90.42,90.70,91.20,91.98,92.21,92.36,92.59,92.94,93.84,94.68,95.35,95.58,95.72,96.17,96.48,96.72,96.82,96.92,97.71,97.90,97.91,97.97,98.06,98.22,98.49,98.50,98.50,98.50,98.52,98.52,98.52,98.58,98.62,98.62,98.62,98.84,98.87,98.87,98.87,98.87,98.87,98.87,98.87,98.87,98.87,98.87,98.87,98.87,98.92,98.92,98.92,98.92,98.92,98.92,98.92,98.92,98.92,98.92,98.92,98.92,98.92,98.92,98.92,98.92,98.92,98.92,98.92,99.46,99.46,99.46,99.46,99.46,99.46,100.00,100.00,100.00,100.00
86.67
ROS
0.00,12.06,19.46,25.46,29.79,34.54,37.43,39.79,41.23,42.96,44.23,46.09,48.03,49.36,50.14,50.78,51.04,51.47,53.25,56.43,60.38,65.43,71.09,76.79,81.25,84.39,86.57,88.50,90.02,91.10,91.88,92.55,93.09,93.50,93.79,94.02,94.28,94.52,94.74,95.02,95.32,95.70,96.05,96.34,96.60,96.85,97.11,97.33,97.53,97.72,97.95,98.09,98.23,98.34,98.42,98.56,98.62,98.66,98.69,98.70,98.70,98.71,98.74,98.76,98.81,98.82,98.83,98.84,98.84,98.85,98.85,98.85,98.85,98.86,98.86,98.86,98.88,98.89,98.90,98.92,98.92,98.93,98.93,98.94,98.94,98.94,98.94,98.94,98.94,98.94,98.94,98.94,98.96,99.01,99.15,99.22,99.31,99.48,99.51,99.78,100.00
60.38
RUS
0.00,13.41,21.37,28.57,34.29,40.04,44.17,47.85,52.43,55.45,57.82,60.32,62.46,64.18,65.89,67.81,69.29,71.07,74.70,81.29,88.43,92.38,93.98,94.86,95.38,95.73,95.95,96.05,96.11,96.25,96.34,96.38,96.39,96.39,96.49,96.78,97.10,97.23,97.43,97.71,97.83,97.84,97.85,98.25,98.54,98.58,98.59,98.62,98.73,98.81,98.81,98.81,98.81,98.81,98.81,98.81,98.82,98.82,98.82,98.82,98.84,98.84,98.84,98.84,98.84,98.84,98.84,98.84,98.84,98.84,98.85,98.85,98.90,98.92,98.92,98.92,98.92,98.92,98.92,98.92,98.92,98.92,98.92,98.92,98.92,98.92,98.92,98.92,98.92,98.92,98.92,99.45,99.46,99.46,99.46,99.46,99.46,100.00,100.00,100.00,100.00
88.43
Smote
0.00,10.50,18.44,25.05,28.98,33.77,36.83,39.21,41.55,43.47,45.38,47.37,48.82,51.31,58.14,66.45,73.49,79.06,83.00,85.60,87.58,89.05,90.15,91.26,91.76,92.24,92.61,93.00,93.45,93.57,93.75,93.85,94.11,94.55,94.98,95.32,95.49,95.82,96.21,96.43,96.61,96.75,97.12,97.37,97.45,97.53,97.60,97.74,98.13,98.26,98.36,98.41,98.43,98.43,98.44,98.44,98.45,98.45,98.45,98.53,98.62,98.63,98.64,98.65,98.65,98.65,98.65,98.65,98.68,98.77,98.79,98.81,98.86,98.89,98.89,98.91,98.91,98.92,98.92,98.92,98.92,98.92,98.92,98.92,98.92,98.92,98.92,98.92,98.92,98.92,98.92,99.27,99.36,99.41,99.44,99.45,99.45,99.92,99.92,99.98,100.00
87.58
Bag
0.00,9.54,15.32,19.73,22.24,24.84,26.46,28.64,30.55,32.14,37.65,49.59,60.88,69.19,74.53,78.30,80.58,82.89,85.38,87.47,88.55,89.65,91.03,91.81,92.22,92.64,92.83,93.37,93.76,93.83,93.94,94.05,94.58,95.45,96.04,96.28,96.31,96.65,96.96,97.06,97.13,97.18,97.77,98.21,98.21,98.24,98.30,98.46,98.60,98.60,98.60,98.60,98.60,98.60,98.60,98.60,98.61,98.61,98.61,98.71,98.75,98.75,98.75,98.75,98.75,98.75,98.75,98.75,98.75,98.75,98.75,98.75,98.92,98.92,98.92,98.92,98.92,98.92,98.92,98.92,98.92,98.92,98.92,98.92,98.92,98.92,98.92,98.92,98.92,98.92,98.92,99.46,99.46,99.46,99.46,99.46,99.46,100.00,100.00,100.00,100.00
88.55
ROSBag
0.00,11.61,19.05,24.62,29.42,32.77,35.25,37.22,38.94,40.57,42.18,44.39,46.16,47.22,47.96,48.40,48.75,49.71,51.23,55.01,61.21,68.72,76.06,81.48,84.96,87.32,89.21,90.64,91.84,92.81,93.44,94.01,94.51,94.84,95.08,95.28,95.43,95.52,95.69,96.00,96.34,96.69,97.02,97.25,97.46,97.61,97.74,97.91,98.13,98.46,98.61,98.70,98.72,98.77,98.83,98.86,98.86,98.86,98.86,98.86,98.86,98.87,98.87,98.87,98.88,98.88,98.88,98.88,98.88,98.88,98.88,98.88,98.88,98.88,98.89,98.89,98.90,98.90,98.90,98.92,98.92,98.92,98.92,98.92,98.92,98.92,98.92,98.92,98.92,98.92,98.92,98.92,98.97,98.97,99.14,99.16,99.35,99.48,99.49,99.67,100.00
61.21
RUSBag
0.00,13.68,22.43,29.59,35.52,41.06,46.16,49.18,54.58,57.80,60.72,63.51,65.75,67.86,69.23,71.55,73.31,74.78,75.62,83.82,93.09,95.20,95.88,96.45,96.54,96.69,96.70,96.71,96.72,96.84,96.85,96.86,96.86,96.86,96.89,97.15,97.58,97.60,97.91,98.12,98.14,98.14,98.14,98.81,98.89,98.89,98.89,98.89,98.90,98.91,98.91,98.91,98.91,98.91,98.91,98.91,98.91,98.91,98.91,98.91,98.91,98.91,98.91,98.91,98.91,98.91,98.91,98.91,98.91,98.91,98.91,98.91,98.91,98.92,98.92,98.92,98.92,98.92,98.92,98.92,98.92,98.92,98.92,98.92,98.92,98.92,98.92,98.92,98.92,98.92,98.92,99.46,99.46,99.46,99.46,99.46,99.46,100.00,100.00,100.00,100.00
93.09
SmoteBag
0.00,10.36,18.77,25.65,29.34,34.49,37.30,39.74,42.08,43.97,45.82,47.96,49.56,51.03,58.21,70.32,79.65,84.18,86.88,88.34,89.77,90.86,91.59,92.54,93.22,93.29,93.68,93.95,94.53,94.69,94.70,94.70,94.84,95.30,95.78,96.18,96.20,96.39,96.85,97.01,97.32,97.34,97.62,98.12,98.13,98.13,98.14,98.20,98.61,98.66,98.66,98.66,98.66,98.67,98.67,98.67,98.67,98.67,98.67,98.71,98.82,98.82,98.82,98.82,98.82,98.82,98.82,98.82,98.83,98.89,98.89,98.89,98.92,98.92,98.92,98.92,98.92,98.92,98.92,98.92,98.92,98.92,98.92,98.92,98.92,98.92,98.92,98.92,98.92,98.92,98.92,99.45,99.46,99.46,99.46,99.46,99.46,100.00,100.00,100.00,100.00
89.77
Boost
0.00,11.63,17.89,22.79,25.83,28.11,29.96,31.61,33.62,35.36,36.57,37.90,41.21,47.99,56.26,63.63,69.62,74.24,77.88,80.76,83.19,85.11,86.58,87.92,89.06,89.98,90.67,91.18,91.71,92.22,92.63,92.89,93.18,93.46,93.90,94.44,94.92,95.24,95.52,95.94,96.28,96.55,96.77,97.05,97.48,97.72,97.81,97.93,98.06,98.23,98.37,98.39,98.45,98.50,98.56,98.58,98.59,98.61,98.62,98.63,98.65,98.73,98.80,98.81,98.81,98.82,98.82,98.82,98.82,98.82,98.82,98.83,98.84,98.87,98.90,98.90,98.90,98.91,98.92,98.92,98.92,98.92,98.92,98.92,98.92,98.92,98.92,98.92,98.92,98.92,98.92,99.09,99.34,99.37,99.42,99.43,99.46,99.91,99.91,99.95,100.00
83.19
ROSBoost
0.00,10.99,17.39,22.48,25.83,28.11,30.06,31.44,33.46,35.32,36.62,37.48,39.01,43.68,50.93,59.30,65.95,71.49,75.58,79.09,81.93,84.34,85.96,87.28,88.50,89.52,90.23,90.72,91.19,91.71,92.14,92.54,92.77,92.99,93.35,93.89,94.46,94.77,95.03,95.39,95.85,96.16,96.35,96.61,97.03,97.36,97.50,97.61,97.78,98.02,98.23,98.31,98.32,98.36,98.38,98.43,98.43,98.47,98.51,98.52,98.56,98.61,98.72,98.76,98.76,98.76,98.77,98.77,98.77,98.77,98.78,98.78,98.79,98.83,98.88,98.90,98.90,98.90,98.91,98.92,98.92,98.92,98.92,98.92,98.92,98.92,98.92,98.92,98.92,98.92,98.92,99.01,99.36,99.40,99.42,99.42,99.45,99.95,99.95,99.95,100.00
81.93
RUSBoost
0.00,11.98,19.43,25.54,30.16,34.80,37.96,40.46,42.65,44.50,46.10,48.17,49.82,50.92,51.66,52.49,53.76,56.11,59.94,64.45,69.08,73.13,77.51,81.34,84.66,87.28,89.09,90.51,91.52,92.25,92.88,93.33,93.72,94.03,94.22,94.53,94.84,95.11,95.42,95.71,95.94,96.22,96.51,96.71,96.95,97.19,97.44,97.67,97.82,97.97,98.14,98.26,98.39,98.46,98.52,98.57,98.62,98.66,98.68,98.69,98.71,98.72,98.75,98.77,98.79,98.81,98.83,98.83,98.85,98.85,98.85,98.85,98.85,98.86,98.86,98.89,98.89,98.91,98.92,98.95,98.96,98.98,98.98,98.98,98.98,98.98,98.98,98.98,98.98,98.98,98.98,99.01,99.09,99.15,99.24,99.31,99.39,99.57,99.59,99.85,100.00
69.08
SmoteBoost
0.00,11.10,17.77,22.98,27.45,29.92,31.92,33.61,35.11,37.25,38.98,40.01,41.32,43.58,48.22,55.54,63.47,70.30,75.21,78.96,81.94,84.35,86.18,87.57,88.71,89.68,90.48,90.99,91.48,91.93,92.43,92.74,93.04,93.28,93.63,94.09,94.61,95.08,95.44,95.76,96.15,96.43,96.70,96.98,97.25,97.63,97.79,97.95,98.09,98.21,98.35,98.43,98.49,98.52,98.54,98.58,98.60,98.66,98.70,98.70,98.74,98.75,98.81,98.83,98.84,98.84,98.84,98.84,98.84,98.84,98.85,98.85,98.86,98.89,98.91,98.91,98.91,98.91,98.91,98.92,98.92,98.92,98.92,98.92,98.92,98.92,98.92,98.92,98.92,98.92,98.92,99.02,99.32,99.36,99.42,99.43,99.44,99.95,99.95,99.95,100.00
81.94
