Simple
0.00,8.82,15.58,18.93,21.41,23.29,25.20,26.78,28.28,30.04,32.00,33.72,35.04,36.26,37.53,38.69,39.70,40.36,40.85,41.14,41.61,42.29,43.05,43.81,44.46,44.96,45.47,46.02,46.56,47.12,47.71,48.21,48.67,49.04,49.36,49.88,50.61,52.04,55.37,59.22,64.15,69.53,73.97,77.39,80.49,82.85,84.85,86.60,87.97,89.07,89.88,90.53,90.99,91.36,91.67,92.05,92.26,92.43,92.61,92.77,92.96,93.26,93.53,93.96,94.24,94.61,94.91,95.12,95.31,95.45,95.53,95.65,95.85,96.11,96.37,96.58,96.84,97.12,97.32,97.46,97.47,97.50,97.51,97.57,97.68,97.83,97.92,98.01,98.28,98.67,99.09,99.51,99.78,99.99,99.99,99.99,99.99,100.00,100.00,100.00,100.00
41.61
ROS
0.00,11.12,15.53,22.28,26.52,29.39,31.59,33.18,34.92,36.58,38.30,39.93,41.88,43.70,45.16,46.44,47.69,48.82,49.99,51.13,51.98,52.67,53.07,53.49,53.90,54.43,55.04,55.73,56.39,57.00,57.51,57.99,58.57,59.06,59.66,60.20,60.74,61.15,61.50,61.73,62.02,62.40,63.20,64.27,66.46,68.85,72.80,76.90,80.67,83.77,86.55,88.48,89.86,91.18,92.22,92.93,93.44,93.88,94.18,94.45,94.60,94.84,95.07,95.23,95.42,95.59,95.79,96.01,96.23,96.39,96.51,96.72,96.83,96.96,97.07,97.16,97.31,97.50,97.66,97.74,97.81,97.85,97.85,97.86,97.87,97.91,97.98,98.08,98.21,98.45,98.68,98.89,99.34,99.82,99.98,99.99,99.99,99.99,100.00,100.00,100.00
51.98
RUS
0.00,12.26,16.76,20.70,26.92,30.70,33.55,35.79,37.50,38.68,40.11,41.77,43.30,44.97,46.67,48.58,50.34,51.66,52.83,53.98,55.15,56.21,57.39,58.47,59.28,59.78,60.17,60.52,60.84,61.22,61.66,62.16,62.76,63.42,64.08,64.69,65.21,65.72,66.20,66.71,67.23,67.78,68.34,68.77,69.09,69.34,69.62,70.05,70.47,70.95,71.61,73.65,76.31,79.49,83.19,87.24,90.10,92.15,93.58,94.59,95.34,95.91,96.26,96.55,96.76,96.96,97.14,97.26,97.31,97.38,97.45,97.51,97.64,97.80,97.89,97.93,98.04,98.09,98.11,98.15,98.24,98.35,98.42,98.47,98.51,98.53,98.55,98.56,98.61,98.70,98.81,98.93,99.13,99.64,100.00,100.00,100.00,100.00,100.00,100.00,100.00
55.15
Smote
0.00,9.05,13.72,20.04,24.20,27.45,30.09,31.82,33.44,35.33,37.21,38.85,40.44,42.49,44.43,46.01,47.22,48.33,49.64,50.89,52.06,52.99,53.69,54.04,54.36,54.73,55.13,55.60,56.24,56.90,57.55,58.15,58.67,59.17,59.61,60.08,60.56,61.12,61.71,62.19,62.58,62.89,63.08,63.35,63.64,64.28,65.74,68.48,71.91,76.11,80.81,84.58,88.02,90.23,91.99,93.20,94.18,94.89,95.34,95.66,95.89,96.12,96.31,96.47,96.56,96.67,96.70,96.72,96.81,96.89,96.99,97.10,97.18,97.23,97.23,97.29,97.32,97.41,97.55,97.66,97.85,98.00,98.09,98.20,98.22,98.22,98.24,98.31,98.40,98.46,98.57,98.70,99.12,99.76,100.00,100.00,100.00,100.00,100.00,100.00,100.00
52.06
Bag
0.00,8.92,15.76,19.44,21.57,23.75,25.56,27.39,28.69,30.71,32.70,34.34,35.78,37.04,38.26,39.49,40.58,41.37,41.87,42.23,42.64,43.23,43.91,44.67,45.37,45.94,46.47,47.04,47.55,48.12,48.70,49.23,49.71,50.02,50.33,50.64,51.15,51.74,52.83,54.84,58.68,64.47,70.07,74.59,78.47,81.55,83.97,86.01,87.80,89.33,90.65,91.52,92.04,92.55,92.93,93.36,93.72,93.99,94.24,94.37,94.45,94.55,94.69,94.96,95.18,95.47,95.70,95.96,96.13,96.28,96.34,96.36,96.43,96.50,96.66,96.82,97.09,97.31,97.47,97.61,97.64,97.66,97.67,97.67,97.71,97.82,97.92,98.18,98.36,98.53,98.74,99.15,99.64,99.98,100.00,100.00,100.00,100.00,100.00,100.00,100.00
42.64
ROSBag
0.00,10.88,16.47,22.12,25.45,28.01,29.87,32.05,33.70,35.51,36.99,39.01,41.00,42.54,43.83,45.14,46.42,47.64,48.80,49.89,50.59,51.07,51.36,51.76,52.31,52.96,53.67,54.36,54.95,55.35,55.89,56.47,56.97,57.55,58.16,58.67,59.09,59.42,59.63,59.92,60.26,60.57,61.27,63.24,66.34,71.44,76.39,80.50,83.91,86.47,88.71,90.51,91.97,93.20,94.01,94.64,94.96,95.28,95.55,95.84,96.09,96.29,96.42,96.47,96.54,96.58,96.69,96.84,97.00,97.16,97.36,97.48,97.59,97.61,97.64,97.64,97.69,97.74,97.78,97.80,97.82,97.82,97.85,97.85,97.85,97.88,97.94,98.15,98.42,98.53,98.62,98.90,99.47,99.92,100.00,100.00,100.00,100.00,100.00,100.00,100.00
50.59
RUSBag
0.00,12.68,17.73,21.04,27.88,31.75,34.54,37.08,38.80,40.28,41.31,43.11,44.58,46.34,47.84,49.79,51.82,53.33,54.64,55.74,56.85,57.91,58.96,60.12,61.23,62.13,62.61,62.99,63.34,63.65,63.99,64.29,64.68,65.23,65.87,66.59,67.25,67.76,68.23,68.72,69.25,69.72,70.19,70.82,71.31,71.83,72.17,72.36,72.53,72.77,73.04,73.38,73.72,74.80,77.00,80.46,84.50,88.56,91.39,93.60,94.92,96.04,96.65,97.17,97.39,97.54,97.72,97.88,98.06,98.17,98.20,98.22,98.24,98.28,98.31,98.34,98.36,98.38,98.38,98.39,98.40,98.42,98.47,98.53,98.55,98.58,98.58,98.58,98.61,98.67,98.74,98.77,98.91,99.47,100.00,100.00,100.00,100.00,100.00,100.00,100.00
56.85
SmoteBag
0.00,8.77,13.36,19.80,23.57,26.38,28.74,30.47,32.47,34.21,36.28,37.61,39.56,41.60,43.47,45.02,45.96,47.27,48.57,49.80,50.93,51.96,52.44,52.91,53.11,53.54,53.87,54.44,55.13,55.91,56.56,57.11,57.55,58.02,58.50,58.94,59.43,60.08,60.66,61.13,61.43,61.62,61.86,62.20,62.55,63.14,64.31,66.71,71.47,77.53,82.33,86.28,89.18,91.08,92.64,94.02,94.99,95.52,95.93,96.24,96.50,96.75,97.01,97.24,97.32,97.37,97.38,97.39,97.40,97.44,97.53,97.58,97.61,97.62,97.62,97.62,97.62,97.67,97.74,97.82,97.95,98.07,98.14,98.21,98.21,98.21,98.25,98.26,98.40,98.52,98.58,98.64,99.13,99.81,100.00,100.00,100.00,100.00,100.00,100.00,100.00
50.93
Boost
0.00,9.29,16.34,21.34,23.63,25.39,27.25,29.15,31.12,33.08,34.88,36.47,37.88,39.20,40.45,41.58,42.64,43.47,43.99,44.53,45.03,45.77,46.54,47.20,47.79,48.30,48.80,49.43,50.07,50.64,51.12,51.50,51.88,52.17,52.47,52.84,53.20,54.33,56.75,61.18,65.77,71.56,76.07,79.39,82.04,83.91,85.72,87.38,88.56,89.79,90.56,91.19,91.74,92.32,92.67,93.23,93.53,93.77,93.98,94.15,94.40,94.68,95.18,95.45,95.82,96.08,96.32,96.58,96.74,96.88,96.93,96.94,96.96,97.07,97.17,97.26,97.32,97.35,97.36,97.36,97.36,97.36,97.36,97.37,97.38,97.47,97.74,97.96,98.09,98.46,98.87,99.23,99.61,99.99,99.99,100.00,100.00,100.00,100.00,100.00,100.00
45.03
ROSBoost
0.00,9.82,16.18,21.64,24.63,26.43,28.19,30.26,32.11,34.09,35.99,37.64,39.06,40.45,41.68,42.93,44.05,44.96,45.60,46.09,46.61,47.24,47.96,48.69,49.34,49.82,50.35,50.91,51.53,52.14,52.71,53.18,53.60,53.92,54.14,54.51,54.80,55.63,57.01,59.48,63.66,69.57,74.26,78.38,81.45,83.70,85.60,87.23,88.69,90.15,90.88,91.55,92.09,92.56,93.00,93.48,93.69,94.01,94.22,94.38,94.58,94.88,95.26,95.57,95.87,96.09,96.36,96.56,96.73,96.91,96.97,97.00,97.03,97.09,97.20,97.31,97.40,97.46,97.47,97.47,97.47,97.48,97.48,97.50,97.54,97.61,97.78,98.02,98.23,98.47,98.79,99.20,99.68,99.94,99.95,99.98,99.98,99.98,100.00,100.00,100.00
46.61
RUSBoost
0.00,10.38,14.99,21.95,26.15,29.03,30.91,32.45,34.29,36.05,37.76,39.69,41.64,43.37,44.82,46.12,47.37,48.55,49.71,50.80,51.60,52.11,52.55,53.02,53.50,54.08,54.77,55.41,56.05,56.64,57.09,57.63,58.22,58.74,59.31,59.80,60.25,60.67,60.93,61.32,61.79,62.45,63.35,64.91,67.41,70.64,75.03,78.88,82.42,85.28,87.57,89.45,90.74,92.01,92.92,93.63,94.14,94.58,94.90,95.18,95.42,95.69,95.88,96.07,96.28,96.51,96.74,96.93,97.10,97.24,97.42,97.51,97.57,97.59,97.64,97.66,97.72,97.80,97.85,97.88,97.88,97.90,97.90,97.90,97.91,97.96,98.02,98.13,98.33,98.51,98.69,98.93,99.41,99.88,99.96,99.98,99.98,99.99,99.99,99.99,100.00
51.6
SmoteBoost
0.00,9.31,14.80,21.15,24.74,26.77,28.55,30.50,32.47,34.48,36.44,38.20,39.71,41.13,42.41,43.68,44.84,45.91,46.67,47.22,47.70,48.28,48.99,49.74,50.45,51.04,51.47,51.99,52.60,53.14,53.72,54.26,54.69,55.03,55.33,55.60,55.94,56.39,57.54,59.22,62.49,67.11,72.33,77.68,81.16,83.68,85.88,87.39,88.80,90.23,91.07,91.88,92.39,92.82,93.28,93.63,93.91,94.12,94.33,94.54,94.69,94.93,95.26,95.58,95.81,96.06,96.30,96.53,96.74,96.88,96.95,96.99,97.00,97.06,97.15,97.23,97.33,97.39,97.41,97.42,97.42,97.42,97.42,97.43,97.45,97.52,97.69,97.95,98.15,98.39,98.69,99.08,99.55,99.97,99.97,99.99,99.99,99.99,100.00,100.00,100.00
47.7
