Simple
0.00,5.37,7.67,9.85,11.94,13.55,14.63,15.31,15.88,16.40,16.85,17.37,17.92,18.52,19.11,19.59,20.10,20.59,21.02,21.32,21.73,21.97,22.33,22.94,23.77,24.53,25.69,27.14,29.01,31.13,33.64,35.92,38.11,41.03,44.26,47.15,50.10,52.99,55.78,58.59,61.11,63.51,65.57,67.47,69.06,70.64,71.99,73.12,74.18,75.05,75.94,76.69,77.36,77.89,78.45,78.94,79.46,79.89,80.32,80.68,80.99,81.36,81.70,82.16,82.54,82.93,83.42,83.85,84.33,84.84,85.32,85.83,86.52,87.01,87.59,88.23,88.85,89.48,90.05,90.62,91.34,91.99,92.61,93.28,93.88,94.54,95.13,95.71,96.23,96.67,97.04,97.43,97.85,98.12,98.38,98.75,98.88,99.27,99.43,99.48,100.00
21.73
ROS
0.00,6.81,11.12,14.93,17.63,20.01,21.37,23.10,24.39,25.87,27.11,28.20,29.28,29.95,30.44,30.97,31.65,32.51,33.32,33.97,34.46,34.95,35.41,35.95,36.55,37.15,37.78,38.42,39.02,39.75,40.46,41.13,41.73,42.29,42.71,43.14,43.55,43.94,44.32,44.68,45.05,45.33,45.59,45.83,46.14,46.44,46.76,47.08,47.42,47.68,48.03,48.46,48.98,49.63,50.57,52.02,54.28,56.40,58.88,62.17,65.59,68.95,72.09,74.86,77.23,79.47,81.17,82.62,84.05,85.19,86.04,86.89,87.58,88.22,88.71,89.13,89.56,89.95,90.21,90.52,90.84,91.12,91.46,91.86,92.31,92.73,93.16,93.55,94.10,94.67,95.23,95.76,96.35,96.89,97.44,98.02,98.62,99.02,99.39,99.65,100.00
34.46
RUS
0.00,5.58,9.99,13.46,17.11,20.45,22.71,25.48,27.68,29.07,30.46,32.04,33.21,34.22,35.36,36.44,37.34,38.15,38.90,39.79,40.65,41.35,41.96,42.54,43.12,43.76,44.41,45.06,45.78,46.52,47.09,47.71,48.18,48.71,49.17,49.74,50.28,50.92,51.60,52.26,52.91,53.57,54.18,54.82,55.42,56.07,56.78,57.35,57.86,58.43,58.87,59.26,59.61,60.02,60.43,60.85,61.15,61.44,61.73,62.03,62.29,62.55,62.86,63.19,63.47,63.77,64.15,64.44,64.81,65.45,66.09,66.83,68.02,69.39,71.02,72.76,75.42,78.20,81.03,83.92,86.25,88.41,90.49,91.83,92.99,93.94,94.58,95.17,95.61,95.92,96.16,96.38,96.57,96.81,97.14,97.52,98.00,98.51,99.00,99.46,100.00
40.65
Smote
0.00,4.65,9.22,13.22,15.94,18.15,19.67,21.78,22.82,24.15,25.34,26.18,27.05,28.02,28.92,29.51,29.91,30.51,31.24,32.00,32.76,33.42,34.09,34.59,35.02,35.46,35.98,36.51,37.16,37.85,38.59,39.25,39.98,40.58,41.29,42.01,42.78,43.43,43.91,44.33,44.73,45.06,45.41,45.91,46.32,46.66,46.96,47.13,47.35,47.60,47.88,48.19,48.56,48.90,49.28,49.56,49.85,50.16,50.56,50.85,51.32,52.33,54.29,56.59,59.55,63.08,67.38,71.23,74.73,78.08,80.58,82.80,84.51,85.84,87.21,88.33,89.23,89.98,90.69,91.24,91.73,92.18,92.62,92.97,93.25,93.56,93.86,94.16,94.54,94.89,95.27,95.64,96.15,96.73,97.22,97.69,98.21,98.71,99.19,99.59,100.00
32.76
Bag
0.00,4.55,6.52,8.46,10.57,12.21,13.39,14.26,15.06,15.63,16.26,16.82,17.45,18.00,18.55,19.14,19.86,20.57,21.12,21.47,21.83,22.15,22.51,22.81,23.16,23.44,23.67,23.96,24.29,24.64,24.92,25.33,25.72,26.00,26.33,26.87,27.75,29.22,31.25,33.71,37.03,40.52,44.31,48.25,52.13,55.76,59.12,62.09,64.75,67.15,69.28,71.26,73.13,74.76,76.22,77.50,78.53,79.51,80.32,81.05,81.68,82.16,82.68,83.09,83.48,83.84,84.20,84.59,84.86,85.19,85.53,85.83,86.17,86.49,86.84,87.26,87.65,88.18,88.68,89.23,89.82,90.47,91.04,91.52,91.99,92.54,93.08,93.64,94.20,94.85,95.48,96.13,96.72,97.33,97.90,98.46,98.81,99.15,99.43,99.61,100.00
21.83
ROSBag
0.00,6.46,11.09,13.97,15.86,17.48,19.14,20.87,22.46,23.68,25.04,25.58,26.06,26.81,27.73,28.59,29.35,29.89,30.32,30.77,31.28,31.85,32.43,33.14,33.81,34.37,34.88,35.37,36.14,36.87,37.58,38.17,38.62,39.01,39.33,39.66,40.07,40.58,40.98,41.31,41.49,41.66,41.95,42.14,42.47,42.84,43.26,43.63,43.98,44.23,44.47,44.74,45.07,45.44,45.77,46.33,47.55,49.86,53.01,56.59,60.74,65.39,68.99,72.19,75.18,77.61,79.40,81.29,82.95,84.28,85.56,86.82,87.71,88.45,89.05,89.59,90.01,90.37,90.78,91.08,91.30,91.56,91.79,92.10,92.37,92.77,93.08,93.34,93.68,94.08,94.48,95.05,95.59,96.13,96.63,97.17,97.80,98.47,99.05,99.52,100.00
31.28
RUSBag
0.00,5.56,9.26,12.89,16.76,20.26,22.39,25.03,27.96,30.04,30.98,32.78,34.74,35.37,36.29,37.27,38.72,39.79,40.74,41.20,41.87,43.12,44.26,44.87,45.42,45.75,46.29,47.11,48.02,48.82,49.48,50.26,51.14,51.74,52.09,52.41,52.76,53.15,53.58,54.15,54.86,55.59,56.32,57.05,57.67,58.18,58.71,59.32,60.03,60.90,61.77,62.46,62.98,63.42,63.77,64.05,64.36,64.84,65.43,65.99,66.40,66.63,66.77,66.93,67.13,67.36,67.64,68.05,68.46,68.89,69.29,69.56,69.76,69.94,70.10,70.25,70.33,70.44,70.67,71.39,72.78,76.06,80.81,86.14,90.30,93.43,95.39,96.38,97.06,97.51,97.94,98.30,98.55,98.59,98.62,98.68,98.84,99.02,99.14,99.39,100.00
41.87
SmoteBag
0.00,4.49,9.30,12.21,15.11,16.80,18.77,20.38,21.64,22.94,23.76,24.72,25.98,26.65,26.96,27.44,28.21,29.17,29.94,30.56,31.41,31.91,32.30,32.77,33.22,33.73,34.31,35.01,35.72,36.50,37.17,37.73,38.41,39.24,40.05,40.81,41.38,41.81,42.21,42.54,42.86,43.32,43.93,44.39,44.70,44.88,45.07,45.26,45.45,45.71,46.09,46.49,46.88,47.25,47.55,47.76,47.96,48.09,48.25,48.38,48.84,49.67,51.27,53.93,58.08,62.64,67.42,71.76,75.32,78.42,81.00,82.91,84.56,85.98,87.34,88.41,89.31,90.03,90.63,91.22,91.78,92.35,92.85,93.24,93.57,93.85,94.15,94.49,94.83,95.10,95.46,95.80,96.13,96.60,97.17,97.60,98.08,98.56,99.06,99.49,100.00
31.41
Boost
0.00,5.92,9.26,11.05,12.73,14.57,16.21,17.52,18.22,18.83,19.78,20.66,21.30,21.94,22.49,23.12,23.71,24.38,25.02,25.64,26.35,27.02,27.57,27.98,28.35,28.77,29.06,29.39,29.76,30.10,30.42,30.72,31.07,31.34,31.73,32.16,32.61,33.29,34.08,35.09,36.92,39.53,42.94,46.85,50.26,53.94,57.72,61.34,64.15,66.85,69.28,71.46,73.18,75.02,76.56,77.89,79.02,80.21,81.13,81.88,82.48,83.03,83.56,84.09,84.45,84.83,85.12,85.39,85.74,86.13,86.57,86.98,87.40,87.79,88.15,88.46,88.87,89.35,89.93,90.44,90.98,91.55,92.08,92.51,92.96,93.45,94.02,94.61,95.21,95.82,96.43,96.97,97.46,97.97,98.37,98.75,99.03,99.27,99.44,99.64,100.00
26.35
ROSBoost
0.00,6.53,10.18,12.60,14.02,15.82,17.61,18.98,19.92,20.43,21.22,22.23,23.15,23.74,24.33,24.88,25.47,26.17,26.82,27.46,28.14,28.81,29.54,30.15,30.66,31.00,31.36,31.71,32.13,32.49,32.80,33.08,33.43,33.72,34.11,34.55,34.82,35.12,35.66,36.30,36.95,38.33,40.47,43.18,46.02,49.50,53.38,57.27,60.40,63.52,66.56,69.15,71.31,73.39,75.26,76.83,78.24,79.61,80.68,81.61,82.38,83.17,83.80,84.32,84.77,85.23,85.57,85.93,86.28,86.57,86.98,87.33,87.71,88.09,88.49,88.87,89.28,89.70,90.18,90.62,91.17,91.71,92.17,92.64,93.04,93.59,94.15,94.58,95.20,95.78,96.32,96.90,97.45,97.92,98.34,98.72,98.92,99.19,99.44,99.63,100.00
28.14
RUSBoost
0.00,6.65,10.97,14.58,17.24,19.71,21.34,22.98,24.36,25.76,27.07,28.27,29.25,30.14,30.79,31.38,32.15,32.89,33.76,34.49,35.13,35.69,36.26,36.76,37.35,37.95,38.55,39.20,39.82,40.46,41.18,41.90,42.52,43.17,43.72,44.22,44.71,45.18,45.59,46.05,46.44,46.74,47.03,47.37,47.65,47.93,48.19,48.53,48.83,49.19,49.55,49.88,50.23,50.54,50.88,51.64,52.76,54.13,55.85,58.16,60.88,63.71,66.68,69.89,73.06,75.84,78.37,80.55,82.62,84.27,85.62,86.87,87.87,88.77,89.39,90.01,90.49,90.86,91.25,91.56,91.89,92.16,92.45,92.75,93.01,93.42,93.82,94.19,94.64,95.06,95.52,95.97,96.49,96.96,97.48,98.06,98.45,98.92,99.34,99.67,100.00
35.13
SmoteBoost
0.00,6.57,10.91,13.66,15.27,17.03,18.76,20.51,21.77,22.85,23.45,24.06,24.99,26.10,26.94,27.62,28.19,28.73,29.29,29.93,30.60,31.32,31.91,32.58,33.36,33.96,34.41,34.82,35.17,35.59,35.98,36.39,36.70,37.01,37.29,37.64,38.00,38.34,38.66,38.92,39.33,39.95,40.75,41.84,43.39,45.56,48.10,51.39,54.93,58.58,62.23,65.59,68.65,71.19,73.53,75.56,77.34,78.93,80.28,81.51,82.58,83.52,84.29,84.96,85.43,85.92,86.35,86.66,87.01,87.30,87.68,87.98,88.28,88.67,89.03,89.39,89.77,90.17,90.55,90.93,91.35,91.81,92.18,92.69,93.22,93.63,94.10,94.57,95.09,95.72,96.34,96.93,97.53,97.98,98.41,98.79,99.09,99.33,99.48,99.72,100.00
30.6
