Simple
0.00,6.56,12.28,16.48,18.95,20.81,22.62,24.07,25.38,26.67,27.77,28.81,29.60,30.14,30.53,30.89,31.32,31.74,32.11,32.43,32.74,33.03,33.38,33.66,33.99,34.28,34.55,34.79,35.03,35.23,35.44,35.60,35.70,35.77,35.89,35.96,36.05,36.19,36.28,36.35,36.42,36.44,36.52,36.59,36.64,36.71,36.76,36.79,36.82,36.90,36.99,37.22,37.43,37.70,38.05,38.46,38.85,39.36,39.84,40.51,41.47,42.62,44.23,45.97,47.93,49.84,51.82,53.54,55.26,56.77,58.17,59.55,60.78,61.95,63.52,64.97,66.82,68.99,71.75,74.48,77.54,80.50,83.13,85.36,87.53,89.47,91.07,92.42,93.64,94.70,95.60,96.30,97.11,97.71,98.14,98.55,98.79,98.99,99.17,99.44,100.00
32.74
ROS
0.00,8.83,14.87,19.44,24.52,28.82,32.05,34.27,36.41,38.30,40.10,41.68,43.01,44.26,45.48,46.66,47.76,48.64,49.15,49.56,49.82,50.11,50.50,50.88,51.29,51.62,51.95,52.24,52.57,52.85,53.19,53.44,53.72,53.97,54.19,54.42,54.58,54.70,54.84,54.93,55.00,55.07,55.15,55.23,55.32,55.40,55.46,55.54,55.60,55.66,55.82,55.99,56.12,56.32,56.46,56.64,56.95,57.32,57.79,58.33,58.79,59.45,60.15,60.92,61.75,62.74,63.72,64.80,66.15,67.50,69.07,70.68,72.25,73.71,75.09,76.42,77.63,79.03,80.05,81.03,82.11,83.21,84.25,85.65,87.09,88.96,90.52,92.15,93.55,94.72,95.75,96.58,97.30,97.81,98.25,98.60,98.87,99.09,99.30,99.41,100.00
49.82
RUS
0.00,7.07,14.38,18.77,23.20,28.32,32.42,37.05,40.05,42.09,44.00,46.07,47.74,49.52,51.20,52.56,53.87,55.27,56.60,57.68,58.81,59.96,60.85,61.46,61.71,61.93,62.24,62.48,62.85,63.38,63.77,64.13,64.36,64.64,64.97,65.34,65.62,65.95,66.26,66.50,66.85,67.05,67.33,67.57,67.72,67.93,68.03,68.05,68.09,68.15,68.30,68.42,68.62,68.70,68.70,68.70,68.70,68.70,68.70,68.70,68.70,68.70,68.70,68.70,68.70,68.71,68.71,68.71,68.72,68.72,68.72,68.73,68.73,68.76,68.82,69.15,69.48,69.88,70.17,70.37,70.51,70.66,70.81,71.06,71.47,71.77,72.01,72.33,72.82,73.66,75.68,78.40,82.68,87.34,91.27,94.27,96.30,97.73,98.61,99.36,100.00
58.81
Smote
0.00,8.08,13.43,18.46,23.63,27.71,31.40,33.55,35.79,37.56,39.48,41.25,42.74,44.13,45.45,46.77,47.92,49.22,50.29,50.95,51.36,51.62,51.89,52.19,52.55,53.01,53.36,53.65,53.94,54.23,54.58,54.88,55.23,55.51,55.82,56.06,56.34,56.56,56.81,57.03,57.19,57.32,57.36,57.39,57.46,57.56,57.73,57.88,57.99,58.01,58.01,58.01,58.01,58.01,58.01,58.01,58.01,58.01,58.01,58.01,58.01,58.03,58.10,58.23,58.38,58.65,58.87,59.01,59.22,59.40,59.64,60.36,61.07,61.68,62.48,63.17,63.78,64.44,65.02,65.72,66.50,67.13,67.81,68.69,69.75,71.40,73.98,77.52,81.47,85.23,88.51,91.21,93.30,95.09,96.47,97.34,98.13,98.64,99.01,99.43,100.00
51.36
Bag
0.00,7.50,13.03,17.42,21.27,23.64,25.85,27.93,29.62,30.97,32.32,33.47,34.63,35.72,36.56,37.11,37.47,37.82,38.14,38.54,38.89,39.19,39.48,39.77,40.09,40.43,40.75,41.05,41.36,41.66,41.89,42.13,42.39,42.57,42.72,42.87,42.93,42.97,43.05,43.15,43.27,43.43,43.52,43.56,43.56,43.56,43.56,43.56,43.56,43.56,43.56,43.56,43.64,43.69,43.81,43.99,44.23,44.46,44.91,45.35,45.74,46.28,46.81,47.49,48.52,50.08,52.02,54.30,56.75,58.92,61.00,62.99,64.72,66.46,68.07,69.60,70.93,72.14,73.75,75.48,77.71,80.01,82.60,85.05,87.38,89.62,91.28,92.79,93.95,95.04,95.93,96.68,97.28,97.77,98.23,98.61,98.85,99.03,99.17,99.38,100.00
38.89
ROSBag
0.00,9.57,13.87,19.55,23.77,28.55,31.11,33.78,35.64,37.58,39.53,40.89,42.26,43.49,44.76,45.91,47.30,48.32,49.03,49.45,49.69,50.09,50.26,50.64,51.08,51.48,51.64,51.94,52.28,52.64,52.95,53.27,53.56,53.80,54.15,54.33,54.66,54.87,55.02,55.26,55.33,55.33,55.35,55.44,55.58,55.74,55.96,55.99,55.99,55.99,55.99,55.99,55.99,55.99,55.99,55.99,55.99,55.99,55.99,55.99,56.07,56.18,56.35,56.50,56.68,56.82,56.93,57.09,57.66,58.75,60.16,62.38,64.60,66.38,68.17,69.85,70.93,71.89,72.75,73.33,73.86,74.24,74.66,75.04,76.07,77.79,80.78,83.92,86.77,89.53,91.90,93.67,95.05,96.35,97.00,97.78,98.36,98.77,99.05,99.36,100.00
49.69
RUSBag
0.00,7.07,14.40,18.53,23.31,28.71,32.80,37.69,40.58,42.83,44.75,46.99,48.61,50.21,52.15,53.26,54.85,55.98,57.64,58.68,59.79,60.97,62.15,62.92,63.59,63.66,63.89,64.26,64.35,64.77,65.32,65.81,66.16,66.33,66.58,66.95,67.30,67.62,67.92,68.25,68.53,68.83,69.05,69.37,69.55,69.76,70.09,70.15,70.17,70.17,70.18,70.27,70.50,70.77,70.83,70.83,70.83,70.83,70.83,70.83,70.83,70.83,70.83,70.83,70.83,70.83,70.83,70.83,70.83,70.83,70.83,70.83,70.83,70.83,70.83,70.84,70.93,71.15,71.42,71.48,71.49,71.49,71.49,71.49,71.49,71.49,71.49,71.49,71.49,71.49,71.58,72.23,74.82,80.42,85.86,90.74,94.85,96.93,98.38,99.31,100.00
59.79
SmoteBag
0.00,8.23,12.61,17.95,22.77,27.15,30.49,32.75,35.14,36.72,38.60,40.34,41.72,43.13,44.43,45.81,46.95,48.29,49.30,49.95,50.30,50.60,50.83,51.11,51.52,51.92,52.21,52.46,52.79,53.11,53.44,53.77,54.09,54.38,54.68,54.93,55.21,55.50,55.68,55.95,56.15,56.22,56.26,56.26,56.30,56.44,56.69,56.83,56.88,56.92,56.92,56.92,56.92,56.92,56.92,56.92,56.92,56.92,56.92,56.92,56.92,56.92,56.93,56.97,57.04,57.11,57.15,57.24,57.27,57.31,57.63,58.03,58.71,59.45,60.09,60.69,61.21,61.62,62.10,62.49,62.79,63.21,63.56,63.74,64.23,65.56,68.82,73.06,77.17,81.95,86.29,89.36,91.98,94.21,95.58,97.01,97.81,98.32,98.84,99.39,100.00
50.3
Boost
0.00,10.38,14.73,19.71,24.12,26.58,29.08,31.17,32.97,34.39,35.57,36.65,37.79,38.85,39.54,39.95,40.32,40.58,40.88,41.36,41.74,42.00,42.34,42.66,42.98,43.31,43.58,43.91,44.16,44.42,44.62,44.85,45.06,45.16,45.23,45.26,45.32,45.44,45.58,45.72,45.81,45.86,45.89,45.93,45.99,46.03,46.10,46.13,46.23,46.32,46.40,46.55,46.71,47.15,48.03,49.32,50.56,52.11,53.71,55.12,56.48,57.97,59.67,61.60,64.13,66.98,70.05,73.14,76.07,78.68,81.04,83.24,85.11,86.54,87.81,89.09,90.15,91.29,92.54,93.57,94.46,95.23,95.97,96.58,97.08,97.92,98.18,98.38,98.54,98.70,98.83,98.94,99.07,99.14,99.21,99.23,99.25,99.28,99.33,99.34,100.00
41.74
ROSBoost
0.00,10.28,14.55,19.58,24.04,26.75,29.23,31.32,33.11,34.50,35.79,36.86,38.07,39.04,39.67,40.12,40.42,40.67,41.03,41.50,41.94,42.21,42.48,42.81,43.11,43.45,43.73,44.03,44.24,44.51,44.73,44.84,45.06,45.19,45.25,45.32,45.38,45.48,45.57,45.70,45.77,45.80,45.83,45.83,45.83,45.95,46.07,46.21,46.41,46.74,47.11,47.56,48.05,48.75,49.59,50.66,51.97,53.26,54.52,55.94,57.40,58.81,60.79,62.94,65.52,68.32,70.99,73.81,76.54,78.79,80.84,82.83,84.43,85.64,86.85,88.02,88.99,90.12,91.07,92.08,93.17,94.15,94.89,95.79,96.38,97.25,97.62,97.91,98.13,98.33,98.54,98.69,98.85,99.00,99.09,99.19,99.23,99.26,99.32,99.35,100.00
41.94
RUSBoost
0.00,10.17,15.41,20.56,25.00,29.47,32.23,34.59,36.60,38.65,40.24,41.57,42.99,44.21,45.27,46.47,47.43,48.03,48.46,48.76,49.09,49.46,49.86,50.28,50.55,50.86,51.19,51.54,51.84,52.15,52.46,52.72,52.98,53.26,53.46,53.66,53.83,53.97,54.05,54.11,54.19,54.32,54.42,54.50,54.59,54.65,54.66,54.68,54.68,54.68,54.68,54.68,54.68,54.68,54.68,54.68,54.78,54.97,55.14,55.28,55.46,55.73,56.13,56.56,56.97,57.70,58.50,59.48,61.09,62.55,63.95,65.48,66.99,68.51,69.96,71.23,72.43,73.52,74.58,75.55,76.72,78.17,79.81,81.68,84.07,86.84,88.91,90.92,92.70,94.13,95.11,96.07,96.95,97.54,98.03,98.50,98.81,99.03,99.23,99.40,100.00
49.09
SmoteBoost
0.00,10.31,14.74,20.15,24.66,27.73,30.32,32.53,34.64,36.19,37.52,38.72,39.85,41.05,42.00,42.56,42.91,43.21,43.48,43.82,44.25,44.66,44.97,45.30,45.56,45.93,46.19,46.52,46.77,47.05,47.26,47.48,47.63,47.77,47.90,47.95,48.03,48.13,48.19,48.31,48.40,48.46,48.46,48.50,48.51,48.59,48.69,48.86,49.13,49.34,49.58,49.95,50.58,51.23,51.98,52.87,54.04,55.47,56.70,58.13,59.79,61.34,63.07,65.10,67.46,70.17,72.93,75.74,78.30,80.63,82.56,84.23,85.60,86.78,87.69,88.72,89.58,90.62,91.36,92.11,92.75,93.50,94.26,94.95,95.63,96.66,97.04,97.46,97.83,98.13,98.34,98.56,98.74,98.85,98.99,99.11,99.16,99.23,99.31,99.36,100.00
44.25
