Simple
0.00,7.37,11.87,13.63,15.46,16.90,17.76,19.12,20.74,22.32,23.80,25.28,26.79,28.22,29.52,30.67,31.72,32.64,33.47,34.29,35.07,35.92,36.67,37.31,37.95,38.60,39.12,39.66,40.11,40.48,40.75,41.08,41.34,41.72,42.13,42.56,42.96,43.32,43.67,43.97,44.29,44.57,44.84,45.11,45.39,45.69,46.06,46.46,47.04,47.81,48.49,49.20,49.98,50.71,51.58,52.74,54.00,55.69,57.55,59.88,62.84,66.38,69.81,72.92,75.64,78.03,80.13,81.81,83.36,84.57,85.66,86.49,87.35,88.24,88.97,89.68,90.31,90.82,91.28,91.85,92.51,93.20,93.92,94.73,95.51,96.52,97.34,97.96,98.33,98.76,99.08,99.29,99.42,99.48,99.53,99.59,99.66,99.68,99.81,99.83,100.00
35.07
ROS
0.00,8.74,14.19,19.28,21.51,23.19,25.20,27.10,28.28,28.92,29.95,31.58,33.12,34.77,36.22,37.64,39.14,40.46,41.66,42.75,43.79,44.72,45.57,46.38,47.20,48.05,48.85,49.57,50.22,50.82,51.43,51.99,52.45,52.90,53.23,53.53,53.82,54.16,54.54,54.98,55.40,55.76,56.13,56.47,56.78,57.08,57.35,57.61,57.85,58.12,58.38,58.71,59.11,59.57,60.13,60.75,61.37,61.88,62.39,62.98,63.63,64.35,65.20,66.35,68.34,70.83,73.61,76.43,78.99,81.37,83.27,85.12,86.49,87.69,88.68,89.49,90.37,91.04,91.59,92.01,92.47,92.92,93.38,93.93,94.60,95.45,96.28,97.10,97.73,98.27,98.70,99.06,99.31,99.45,99.54,99.66,99.72,99.73,99.84,99.86,100.00
43.78
RUS
0.00,8.70,13.93,18.85,23.38,25.37,27.24,29.03,30.88,32.59,33.90,34.66,35.37,36.38,37.94,39.56,41.11,42.70,44.03,45.41,46.84,48.28,49.33,50.52,51.56,52.59,53.60,54.41,55.25,55.99,56.79,57.55,58.27,58.99,59.60,60.19,60.77,61.35,61.81,62.21,62.50,62.77,63.06,63.42,63.81,64.22,64.63,65.04,65.37,65.71,66.02,66.29,66.58,66.78,67.07,67.32,67.62,67.81,68.04,68.20,68.31,68.44,68.55,68.76,69.12,69.48,69.77,70.00,70.48,71.14,72.45,74.31,76.69,79.58,82.65,85.36,87.69,89.48,91.00,92.07,92.85,93.52,94.07,94.54,94.83,95.16,95.50,95.97,96.50,97.22,97.98,98.62,99.07,99.42,99.63,99.75,99.83,99.88,99.93,99.93,100.00
46.84
Smote
0.00,7.49,13.11,17.01,19.20,20.81,22.89,24.36,25.39,26.17,27.44,29.00,30.58,32.05,33.53,34.99,36.51,37.95,39.06,40.18,41.25,42.15,43.00,43.76,44.59,45.43,46.21,46.91,47.53,48.14,48.76,49.37,49.85,50.22,50.54,50.78,51.10,51.44,51.84,52.27,52.68,53.08,53.46,53.75,54.08,54.34,54.64,54.90,55.18,55.43,55.67,55.84,56.02,56.19,56.40,56.72,56.98,57.16,57.35,57.66,58.04,58.79,60.76,63.66,67.37,71.11,74.78,77.90,80.63,82.89,84.89,86.19,87.41,88.42,89.19,89.83,90.55,91.14,91.51,91.76,92.16,92.72,93.21,93.75,94.77,95.94,96.91,97.66,98.22,98.67,99.08,99.38,99.51,99.59,99.59,99.65,99.87,99.87,99.96,99.96,100.00
41.24
Bag
0.00,7.76,10.93,13.17,14.41,15.33,16.92,18.65,20.48,22.00,23.60,25.21,26.64,27.93,29.11,30.18,31.01,31.80,32.60,33.47,34.34,35.18,35.87,36.48,37.11,37.74,38.28,38.80,39.13,39.44,39.66,39.94,40.31,40.71,41.16,41.57,41.96,42.34,42.65,42.97,43.27,43.56,43.84,44.10,44.39,44.62,44.90,45.07,45.21,45.33,45.50,45.67,45.77,45.82,45.89,46.02,46.17,46.57,47.77,50.80,55.20,59.96,64.19,68.02,71.52,74.83,77.79,80.11,82.01,83.53,84.72,85.86,86.90,87.83,88.70,89.46,90.06,90.62,90.90,91.12,91.52,92.27,92.95,93.52,94.16,95.47,96.86,97.93,98.59,99.11,99.37,99.61,99.83,99.87,99.90,99.90,99.95,99.95,99.98,99.98,100.00
34.34
ROSBag
0.00,9.35,15.18,18.84,20.87,23.09,25.43,26.54,27.08,28.48,30.09,31.70,33.41,34.90,36.35,37.93,39.48,40.87,42.02,43.21,44.31,45.22,46.00,46.79,47.63,48.56,49.37,50.14,50.79,51.41,51.97,52.60,53.15,53.59,53.87,54.13,54.35,54.68,55.10,55.54,55.94,56.34,56.71,57.07,57.37,57.70,58.00,58.25,58.57,58.78,59.10,59.30,59.59,59.74,59.85,60.03,60.20,60.28,60.28,60.30,60.30,60.30,60.34,60.66,62.13,65.83,70.23,74.35,77.68,80.59,83.38,85.72,87.59,89.03,90.07,91.03,91.82,92.43,92.94,93.32,93.72,93.85,93.96,94.44,95.09,95.59,96.17,97.56,98.83,99.30,99.55,99.74,99.98,99.99,99.99,99.99,100.00,100.00,100.00,100.00,100.00
44.3
RUSBag
0.00,10.49,15.72,20.80,25.09,27.23,28.85,31.03,33.17,35.10,36.70,37.30,37.86,38.97,40.80,42.29,43.88,45.65,46.99,48.34,49.80,51.51,53.00,54.31,55.19,56.33,57.56,58.52,59.35,60.07,60.88,61.80,62.62,63.37,64.06,64.68,65.31,65.88,66.48,66.99,67.35,67.57,67.85,68.07,68.46,68.92,69.34,69.73,70.12,70.50,70.83,71.14,71.44,71.70,71.97,72.27,72.51,72.80,73.01,73.28,73.37,73.49,73.65,73.75,73.84,73.91,73.91,73.91,73.91,73.92,74.27,75.98,78.83,81.80,85.18,88.29,90.70,92.61,94.16,95.33,96.13,96.74,97.15,97.44,97.61,97.70,97.85,98.16,98.41,99.17,99.52,99.72,99.96,100.00,100.00,100.00,100.00,100.00,100.00,100.00,100.00
49.8
SmoteBag
0.00,8.15,13.65,16.58,18.43,20.17,22.36,23.54,24.19,25.41,26.96,28.51,30.15,31.59,33.12,34.71,36.25,37.58,38.63,39.74,40.79,41.63,42.41,43.16,44.03,44.89,45.71,46.41,47.00,47.61,48.21,48.75,49.25,49.62,49.85,50.14,50.40,50.76,51.18,51.63,52.05,52.42,52.77,53.09,53.39,53.74,53.96,54.27,54.51,54.77,54.99,55.20,55.39,55.51,55.69,55.80,55.87,55.89,55.89,55.89,55.95,56.51,57.84,60.48,64.38,68.92,73.02,76.61,79.45,82.16,84.28,86.05,87.40,88.47,89.29,90.06,90.80,91.37,91.87,92.23,92.52,92.85,93.35,93.93,94.64,95.62,96.69,97.70,98.30,98.64,99.07,99.48,99.61,99.71,99.71,99.73,99.99,99.99,100.00,100.00,100.00
40.78
Boost
0.00,9.83,15.61,17.77,19.96,22.10,22.86,24.19,25.84,27.62,29.29,30.81,32.51,34.05,35.51,36.74,37.83,38.67,39.49,40.27,41.15,41.99,42.75,43.45,44.07,44.66,45.28,45.82,46.27,46.63,46.90,47.18,47.49,47.89,48.33,48.73,49.13,49.50,49.87,50.15,50.48,50.76,51.01,51.28,51.52,51.79,51.96,52.17,52.35,52.58,52.99,53.42,53.87,54.40,55.00,55.62,56.56,57.92,59.89,62.44,65.58,68.90,72.19,75.11,77.70,80.04,81.92,83.57,84.90,85.91,86.88,87.70,88.40,89.00,89.52,90.07,90.54,91.01,91.54,92.07,92.72,93.45,94.19,95.13,96.01,96.90,97.65,98.21,98.52,98.87,99.14,99.36,99.48,99.57,99.59,99.66,99.79,99.79,99.91,99.92,100.00
41.15
ROSBoost
0.00,9.38,15.26,18.04,20.14,22.52,23.62,24.74,26.39,28.12,29.84,31.34,32.95,34.49,35.90,37.16,38.24,39.19,39.97,40.76,41.62,42.49,43.31,44.01,44.62,45.28,45.87,46.40,46.87,47.29,47.58,47.89,48.17,48.54,48.97,49.40,49.79,50.17,50.53,50.87,51.14,51.45,51.73,51.97,52.23,52.47,52.75,52.99,53.25,53.59,54.02,54.44,54.87,55.32,55.80,56.37,56.98,57.93,59.42,61.43,64.14,67.49,70.80,73.97,76.66,79.09,81.25,83.07,84.48,85.66,86.66,87.42,88.28,88.94,89.63,90.08,90.60,90.98,91.36,91.75,92.34,92.97,93.74,94.48,95.51,96.46,97.31,97.97,98.44,98.85,99.18,99.41,99.53,99.63,99.67,99.70,99.75,99.76,99.90,99.91,100.00
41.62
RUSBoost
0.00,9.75,15.43,19.70,21.87,23.90,26.30,27.79,28.50,29.65,31.32,32.96,34.62,36.06,37.59,39.20,40.76,42.10,43.34,44.51,45.54,46.34,47.14,47.93,48.79,49.61,50.41,51.10,51.71,52.30,52.92,53.47,53.97,54.34,54.64,54.89,55.19,55.56,56.00,56.45,56.84,57.21,57.55,57.86,58.18,58.47,58.67,58.97,59.19,59.48,59.71,59.91,60.10,60.22,60.40,60.63,60.73,60.88,61.07,61.39,61.71,62.16,63.07,64.62,66.83,69.60,72.48,75.70,78.81,81.54,83.78,85.72,87.37,88.49,89.59,90.41,91.05,91.69,92.11,92.49,92.91,93.28,93.67,94.25,94.84,95.56,96.45,97.30,98.06,98.51,99.00,99.34,99.55,99.62,99.69,99.77,99.84,99.84,99.95,99.95,100.00
45.53
SmoteBoost
0.00,9.26,15.07,18.19,20.32,22.62,24.20,25.01,26.47,28.20,30.01,31.64,33.20,34.80,36.28,37.69,38.92,39.97,40.83,41.65,42.47,43.30,44.17,44.93,45.64,46.26,46.85,47.44,48.02,48.48,48.85,49.14,49.40,49.74,50.12,50.56,50.99,51.38,51.72,52.09,52.43,52.68,53.01,53.24,53.51,53.75,53.99,54.23,54.40,54.57,54.75,55.06,55.46,55.76,56.07,56.46,57.01,57.75,58.75,60.47,63.06,66.27,69.73,72.89,75.92,78.66,81.04,83.09,84.68,85.77,86.90,87.78,88.59,89.32,89.89,90.45,90.92,91.27,91.65,92.08,92.53,93.17,93.81,94.74,95.69,96.70,97.43,98.03,98.42,98.77,99.16,99.43,99.56,99.62,99.63,99.67,99.77,99.77,99.93,99.93,100.00
42.47
