Simple
0.00,5.16,8.47,10.37,13.06,15.82,17.23,18.34,20.31,22.22,24.20,25.72,27.29,28.46,29.47,30.58,31.55,32.56,33.61,34.59,35.52,36.29,36.90,37.54,38.23,39.03,39.91,40.78,41.56,42.19,42.62,43.10,43.49,43.94,44.35,44.84,45.16,45.50,45.77,46.16,46.49,46.91,47.54,48.27,49.28,50.65,51.89,54.15,56.54,59.07,62.08,65.08,67.67,70.18,72.63,74.88,76.79,78.59,80.27,81.75,83.07,84.28,85.39,86.49,87.44,88.25,89.07,89.82,90.44,91.05,91.56,91.97,92.56,93.20,93.71,94.35,94.91,95.34,95.84,96.19,96.62,97.03,97.41,97.66,97.85,98.03,98.15,98.34,98.51,98.73,98.80,98.94,99.05,99.41,99.45,99.58,99.62,99.85,99.86,99.87,100.00
35.52
ROS
0.00,5.99,9.56,12.65,15.11,16.85,19.22,21.80,23.58,24.47,25.96,27.80,29.94,31.70,33.35,34.84,36.11,37.05,38.08,39.04,40.11,41.10,42.25,43.35,44.37,45.32,46.02,46.61,47.09,47.68,48.46,49.22,50.08,50.82,51.58,52.22,52.72,53.03,53.30,53.58,53.90,54.32,54.78,55.16,55.50,55.78,56.05,56.28,56.51,56.77,57.15,57.51,57.89,58.30,59.01,59.79,60.75,62.03,63.34,65.34,67.15,69.39,71.73,74.27,76.67,78.73,80.68,82.49,84.01,85.55,86.96,88.13,89.27,90.18,91.06,91.77,92.41,93.12,93.63,94.17,94.74,95.24,95.65,96.04,96.46,96.78,97.18,97.55,97.85,98.10,98.30,98.47,98.73,98.96,99.09,99.22,99.36,99.62,99.70,99.77,100.00
40.11
RUS
0.00,6.37,9.85,13.26,16.02,18.48,20.19,22.16,24.47,26.80,28.84,29.85,30.63,31.96,33.64,35.46,37.18,38.85,40.36,41.85,43.06,44.20,45.09,45.97,46.84,47.75,48.66,49.55,50.54,51.54,52.53,53.58,54.44,55.33,55.99,56.52,57.06,57.60,58.27,58.97,59.79,60.51,61.30,61.96,62.65,63.15,63.53,63.82,64.07,64.40,64.80,65.23,65.67,66.05,66.27,66.53,66.82,67.05,67.27,67.42,67.68,67.85,68.08,68.23,68.50,68.80,69.18,69.64,70.13,70.85,71.59,72.49,73.58,74.78,76.42,78.66,80.99,83.47,85.77,87.66,89.53,91.01,92.40,93.63,94.53,95.34,95.94,96.46,96.99,97.39,97.75,98.11,98.41,98.68,98.94,99.16,99.35,99.53,99.63,99.80,100.00
43.06
Smote
0.00,4.69,8.58,11.44,14.06,15.94,18.78,21.53,23.43,24.30,25.67,27.40,29.21,30.91,32.44,34.00,35.31,36.42,37.48,38.56,39.63,40.77,41.90,43.09,44.13,45.05,45.72,46.36,46.90,47.53,48.25,49.03,49.88,50.73,51.51,52.14,52.61,52.93,53.26,53.58,54.01,54.48,54.94,55.33,55.66,55.97,56.23,56.46,56.72,56.97,57.22,57.58,58.05,58.70,59.80,60.91,62.20,63.61,65.70,67.90,70.30,73.01,75.49,77.74,79.95,82.18,83.96,85.39,86.96,88.30,89.33,90.35,91.25,92.04,92.77,93.27,93.77,94.31,94.73,95.17,95.60,96.04,96.46,96.83,97.22,97.54,97.80,98.07,98.32,98.51,98.68,98.87,98.99,99.14,99.23,99.39,99.53,99.73,99.81,99.90,100.00
39.63
Bag
0.00,4.53,7.06,9.43,12.44,13.94,15.14,17.24,19.63,21.50,23.27,24.95,26.25,27.43,28.57,29.61,30.78,31.88,32.97,33.96,34.77,35.49,36.11,36.81,37.69,38.62,39.57,40.37,41.15,41.65,42.09,42.43,42.85,43.32,43.77,44.23,44.63,44.90,45.19,45.45,45.68,45.96,46.20,46.50,46.90,47.74,49.10,50.93,53.06,56.01,59.19,62.37,65.29,68.29,71.09,73.41,75.78,77.92,79.96,81.73,83.27,84.76,86.07,87.18,88.16,89.05,89.92,90.63,91.31,91.89,92.35,92.76,93.25,93.63,94.08,94.60,95.13,95.57,95.97,96.31,96.66,97.00,97.35,97.61,97.82,97.96,98.13,98.27,98.47,98.59,98.73,98.94,99.03,99.30,99.34,99.51,99.66,99.89,99.91,99.92,100.00
34.77
ROSBag
0.00,5.76,9.36,11.92,13.63,16.32,19.19,20.86,21.36,22.97,25.03,27.36,29.09,30.77,32.57,34.03,35.22,36.30,37.41,38.37,39.53,40.84,41.95,43.03,43.94,44.80,45.41,45.87,46.41,47.17,48.03,48.93,49.85,50.78,51.50,52.01,52.28,52.58,52.94,53.40,53.89,54.34,54.74,55.08,55.35,55.61,55.88,56.07,56.32,56.54,56.83,57.10,57.36,57.65,58.13,59.03,59.97,61.45,63.63,66.14,68.72,71.57,74.42,77.22,79.77,82.00,84.02,85.86,87.42,88.86,90.12,91.16,92.04,92.82,93.51,94.10,94.57,95.00,95.34,95.71,96.16,96.46,96.78,97.05,97.35,97.67,97.96,98.22,98.45,98.61,98.72,98.90,99.02,99.18,99.32,99.50,99.65,99.82,99.91,99.94,100.00
39.53
RUSBag
0.00,7.23,10.42,14.44,16.91,19.56,20.84,23.05,25.56,27.99,30.50,31.58,31.82,32.89,34.68,36.28,38.20,40.25,41.53,43.15,44.82,46.08,47.18,48.08,48.97,49.91,50.95,51.84,52.65,53.73,54.85,55.91,56.98,57.91,58.92,59.68,60.06,60.42,60.80,61.53,62.24,62.96,63.74,64.49,65.41,66.20,66.84,67.19,67.37,67.51,67.83,68.22,68.70,69.23,69.75,70.13,70.43,70.66,70.91,71.08,71.27,71.41,71.59,71.81,71.99,72.22,72.49,72.78,73.07,73.29,73.55,73.70,74.04,74.34,74.98,76.36,78.08,80.50,83.06,85.76,88.23,90.46,92.42,93.93,95.16,96.11,96.87,97.29,97.59,97.90,98.15,98.37,98.63,98.95,99.18,99.30,99.41,99.51,99.54,99.70,100.00
44.82
SmoteBag
0.00,4.16,8.34,11.57,13.57,15.82,18.80,21.79,23.30,23.82,25.46,27.09,29.08,30.73,32.25,34.13,35.47,36.53,37.70,38.74,39.92,41.11,42.34,43.53,44.51,45.53,46.28,46.75,47.18,47.77,48.58,49.49,50.39,51.34,52.23,52.92,53.33,53.51,53.73,54.09,54.60,55.12,55.60,56.04,56.41,56.68,56.96,57.21,57.44,57.68,57.96,58.16,58.49,58.87,59.52,60.18,61.36,63.21,65.55,68.17,71.01,74.23,77.30,79.97,82.20,84.27,86.02,87.44,88.70,89.74,90.72,91.62,92.37,93.09,93.73,94.26,94.79,95.19,95.56,95.89,96.25,96.60,96.92,97.24,97.59,97.89,98.22,98.38,98.65,98.78,98.92,99.07,99.11,99.33,99.38,99.58,99.67,99.87,99.93,99.96,100.00
39.92
Boost
0.00,5.73,9.21,11.23,14.23,17.20,18.68,20.62,22.94,24.82,26.72,28.41,29.76,30.99,32.19,33.38,34.52,35.79,36.93,37.90,38.70,39.30,39.97,40.75,41.63,42.49,43.30,43.90,44.38,44.79,45.23,45.66,46.16,46.63,47.05,47.42,47.79,48.13,48.49,48.99,49.54,50.23,51.17,52.06,53.40,55.23,57.09,59.25,61.89,64.77,67.72,70.16,72.73,74.88,76.95,78.75,80.47,82.03,83.33,84.51,85.70,86.82,87.66,88.43,89.23,90.02,90.59,91.21,91.73,92.22,92.66,93.09,93.42,93.90,94.32,94.74,95.23,95.68,96.13,96.53,96.92,97.20,97.56,97.84,98.05,98.24,98.38,98.52,98.69,98.80,98.89,99.08,99.12,99.44,99.46,99.61,99.64,99.80,99.80,99.81,100.00
38.7
ROSBoost
0.00,5.32,8.86,11.17,13.70,16.80,18.66,20.29,22.46,24.59,26.39,28.15,29.57,30.75,31.96,33.12,34.31,35.51,36.71,37.70,38.50,39.18,39.73,40.41,41.23,42.06,42.88,43.59,44.13,44.56,44.96,45.37,45.79,46.25,46.71,47.13,47.54,47.95,48.29,48.77,49.20,49.70,50.61,51.68,53.06,54.71,56.99,59.68,62.36,65.05,67.84,70.49,73.04,75.32,77.40,79.22,80.77,82.37,83.62,84.71,85.73,86.63,87.64,88.43,89.18,89.89,90.47,91.03,91.60,92.02,92.56,92.98,93.42,93.82,94.27,94.74,95.18,95.61,95.97,96.45,96.87,97.20,97.47,97.72,97.96,98.11,98.28,98.44,98.58,98.79,98.86,99.04,99.11,99.41,99.43,99.56,99.58,99.73,99.73,99.73,100.00
38.5
RUSBoost
0.00,6.33,10.09,13.19,15.60,17.41,20.15,22.82,24.53,25.49,27.30,29.37,31.49,33.18,34.87,36.36,37.64,38.75,39.87,40.95,42.01,43.10,44.32,45.47,46.53,47.45,48.25,48.76,49.35,49.94,50.72,51.59,52.42,53.26,54.01,54.63,55.15,55.46,55.76,56.14,56.53,57.03,57.47,57.89,58.27,58.53,58.78,59.09,59.35,59.60,60.02,60.27,60.66,61.13,61.75,62.44,63.42,64.56,65.75,67.24,68.99,71.10,73.57,75.65,78.12,80.30,82.33,83.96,85.63,87.11,88.50,89.89,90.96,91.82,92.66,93.32,93.92,94.53,94.98,95.39,95.70,96.07,96.39,96.78,97.17,97.49,97.79,98.04,98.28,98.51,98.68,98.82,98.92,99.08,99.20,99.35,99.50,99.72,99.78,99.82,100.00
42.01
SmoteBoost
0.00,5.60,9.32,12.11,14.05,17.21,19.80,21.09,23.06,25.31,27.32,29.06,30.85,32.26,33.49,34.70,35.88,37.13,38.35,39.57,40.56,41.35,41.90,42.53,43.23,44.15,45.01,45.86,46.63,47.21,47.58,47.85,48.22,48.68,49.15,49.61,50.08,50.47,50.85,51.22,51.51,51.85,52.37,53.10,53.85,55.15,56.66,58.42,60.59,63.06,65.73,68.48,71.22,73.89,76.25,78.35,80.35,81.87,83.37,84.61,85.77,86.78,87.65,88.61,89.37,90.08,90.77,91.32,91.89,92.33,92.83,93.17,93.59,93.99,94.42,94.83,95.28,95.73,96.11,96.53,96.97,97.27,97.54,97.80,98.14,98.32,98.43,98.59,98.69,98.80,98.92,99.09,99.13,99.43,99.46,99.61,99.66,99.78,99.78,99.78,100.00
40.56
