Simple
0.00,12.53,18.45,22.83,26.18,28.81,30.74,32.60,34.69,36.52,38.31,39.36,40.59,41.71,42.89,44.02,45.09,46.09,46.95,47.80,48.63,49.39,50.02,50.71,51.38,52.04,52.66,53.35,54.04,54.68,55.21,55.67,56.08,56.51,56.96,57.42,57.89,58.33,58.79,59.21,59.61,59.92,60.19,60.49,60.80,61.10,61.40,61.70,62.00,62.28,62.54,62.79,63.05,63.42,64.06,65.58,68.01,71.35,74.59,77.25,79.46,81.63,83.61,85.18,86.52,87.51,88.41,89.43,90.44,91.39,92.23,93.07,93.97,94.66,95.30,95.89,96.39,96.93,97.44,97.90,98.26,98.60,98.98,99.22,99.33,99.45,99.49,99.50,99.65,99.81,99.81,99.81,99.82,99.84,99.99,99.99,99.99,100.00,100.00,100.00,100.00
48.63
ROS
0.00,12.79,19.31,23.93,27.78,30.73,33.48,35.67,37.42,39.21,41.21,42.88,44.67,46.08,47.13,48.40,49.44,50.63,51.74,52.83,53.79,54.58,55.44,56.26,56.99,57.66,58.33,59.04,59.73,60.36,61.01,61.71,62.37,62.94,63.43,63.87,64.29,64.73,65.19,65.67,66.11,66.57,67.02,67.44,67.80,68.07,68.32,68.60,68.91,69.21,69.52,69.81,70.10,70.36,70.60,70.81,70.99,71.17,71.34,71.48,71.70,72.05,72.69,73.54,74.73,76.18,77.98,80.00,82.03,83.82,85.48,87.07,88.50,89.68,90.64,91.58,92.53,93.37,94.09,94.78,95.47,96.11,96.65,97.16,97.61,98.00,98.35,98.64,98.92,99.12,99.31,99.44,99.56,99.66,99.76,99.81,99.85,99.94,99.96,99.96,100.00
53.79
RUS
0.00,12.15,17.66,22.55,26.13,29.41,31.90,34.30,36.63,38.34,39.81,41.42,43.26,44.95,46.51,48.19,49.35,50.22,51.38,52.40,53.43,54.53,55.56,56.60,57.56,58.37,59.12,59.93,60.77,61.45,62.07,62.70,63.39,64.08,64.68,65.28,65.94,66.63,67.31,67.87,68.35,68.76,69.16,69.57,70.02,70.51,70.97,71.42,71.89,72.35,72.74,73.05,73.29,73.54,73.82,74.11,74.43,74.72,75.02,75.31,75.59,75.82,76.04,76.22,76.38,76.64,76.96,77.33,77.89,78.71,79.79,81.22,82.68,84.26,85.85,87.61,89.03,90.59,92.00,93.37,94.45,95.39,96.20,96.89,97.45,97.93,98.39,98.73,99.04,99.24,99.39,99.54,99.65,99.73,99.81,99.86,99.90,99.97,99.98,99.98,100.00
53.43
Smote
0.00,9.93,14.69,18.21,21.03,23.42,25.85,27.78,29.34,30.86,32.52,34.24,35.78,37.32,38.59,39.52,40.54,41.59,42.55,43.63,44.69,45.70,46.65,47.48,48.25,49.03,49.81,50.55,51.21,51.90,52.56,53.21,53.82,54.46,55.11,55.76,56.35,56.88,57.31,57.76,58.20,58.64,59.12,59.59,60.04,60.48,60.90,61.28,61.58,61.87,62.12,62.41,62.71,63.02,63.31,63.61,63.88,64.13,64.37,64.64,65.11,65.75,66.90,68.71,71.09,73.58,76.40,79.04,81.62,84.13,86.35,88.31,89.86,91.29,92.57,93.65,94.72,95.59,96.38,97.10,97.61,98.10,98.47,98.78,99.03,99.26,99.42,99.50,99.58,99.72,99.77,99.80,99.82,99.83,99.97,99.97,99.97,100.00,100.00,100.00,100.00
44.69
Bag
0.00,12.53,17.96,22.12,25.16,27.61,29.69,31.75,33.50,35.41,37.03,38.19,39.56,40.71,41.99,43.13,44.23,45.14,45.99,46.87,47.72,48.48,49.14,49.83,50.54,51.22,51.86,52.56,53.29,53.94,54.48,54.91,55.35,55.79,56.23,56.70,57.19,57.64,58.10,58.56,58.98,59.34,59.57,59.80,60.11,60.42,60.72,61.03,61.34,61.63,61.92,62.18,62.42,62.63,62.88,63.34,64.70,67.96,71.89,75.61,78.19,80.43,82.75,84.92,86.90,88.55,89.50,90.20,91.02,92.18,93.08,93.69,94.37,95.16,95.85,96.34,96.76,97.25,97.63,98.03,98.37,98.63,98.92,99.18,99.30,99.44,99.48,99.50,99.65,99.79,99.80,99.81,99.83,99.83,99.98,99.98,99.98,100.00,100.00,100.00,100.00
47.72
ROSBag
0.00,16.31,23.91,28.91,33.20,36.34,39.03,41.33,43.37,45.29,47.33,48.98,50.92,52.24,53.40,54.81,55.87,57.13,58.28,59.39,60.39,61.23,62.11,62.94,63.84,64.48,65.19,65.85,66.57,67.27,67.91,68.58,69.32,70.02,70.63,71.07,71.51,71.92,72.33,72.77,73.29,73.75,74.18,74.65,75.12,75.56,75.92,76.15,76.36,76.66,76.97,77.27,77.59,77.90,78.20,78.48,78.76,79.00,79.20,79.39,79.59,79.75,79.92,80.12,80.37,80.83,81.47,82.48,84.05,86.00,87.75,89.25,90.60,91.95,93.13,94.12,94.76,95.36,95.99,96.56,96.99,97.38,97.77,98.08,98.37,98.63,98.88,99.08,99.24,99.38,99.50,99.56,99.62,99.70,99.78,99.82,99.85,99.97,99.98,99.98,100.00
60.39
RUSBag
0.00,14.27,20.83,26.44,29.90,33.26,36.02,38.62,41.02,42.80,44.30,45.96,47.69,49.66,50.96,52.75,54.30,55.13,56.03,57.39,58.22,59.30,60.45,61.46,62.51,63.52,64.33,65.05,65.90,66.75,67.55,68.03,68.70,69.37,70.10,70.77,71.34,71.98,72.72,73.42,74.10,74.60,75.05,75.42,75.78,76.19,76.66,77.19,77.63,78.07,78.55,79.01,79.44,79.78,79.96,80.18,80.49,80.80,81.11,81.42,81.73,82.03,82.32,82.60,82.84,83.05,83.25,83.41,83.61,83.94,84.48,85.24,86.19,87.32,88.94,90.69,92.25,93.44,94.65,95.74,96.64,97.27,97.82,98.35,98.66,98.96,99.15,99.29,99.40,99.50,99.57,99.64,99.68,99.75,99.85,99.87,99.89,99.97,99.97,99.98,100.00
58.22
SmoteBag
0.00,11.43,16.03,19.66,22.39,24.97,27.65,29.47,31.12,32.76,34.25,36.25,37.68,39.32,40.81,41.86,42.58,43.93,44.81,45.86,47.00,48.01,49.08,50.05,50.84,51.57,52.37,53.25,53.96,54.58,55.28,55.96,56.61,57.19,57.86,58.56,59.26,59.94,60.43,60.86,61.28,61.70,62.15,62.63,63.15,63.56,64.01,64.48,64.92,65.30,65.56,65.74,66.02,66.34,66.65,66.94,67.24,67.55,67.83,68.10,68.33,68.55,68.75,69.05,69.91,72.43,76.27,80.44,83.63,86.07,88.31,90.64,92.55,93.76,94.47,95.23,96.12,96.89,97.56,98.10,98.50,98.84,99.06,99.22,99.34,99.51,99.62,99.63,99.67,99.84,99.84,99.84,99.84,99.84,100.00,100.00,100.00,100.00,100.00,100.00,100.00
47.0
Boost
0.00,15.64,22.50,27.46,31.14,34.02,36.46,38.65,40.91,42.87,44.78,46.13,47.63,48.96,50.30,51.55,52.68,53.61,54.51,55.36,56.24,57.04,57.75,58.47,59.16,59.83,60.52,61.23,61.88,62.43,62.95,63.43,63.86,64.31,64.79,65.24,65.68,66.14,66.56,66.91,67.17,67.41,67.71,68.02,68.33,68.64,68.94,69.23,69.52,69.77,70.01,70.20,70.39,70.57,70.73,70.85,70.98,71.34,71.97,73.06,74.79,77.25,79.80,82.07,84.02,85.76,87.17,88.55,89.63,90.50,91.21,91.95,92.70,93.40,94.02,94.63,95.17,95.67,96.11,96.49,96.86,97.23,97.57,97.91,98.22,98.52,98.75,98.98,99.24,99.40,99.51,99.59,99.63,99.73,99.77,99.83,99.85,100.00,100.00,100.00,100.00
56.24
ROSBoost
0.00,13.44,19.91,24.41,27.92,30.73,32.97,35.12,37.36,39.25,41.21,42.48,43.96,45.27,46.58,47.81,48.93,49.85,50.71,51.57,52.45,53.22,53.93,54.66,55.35,56.00,56.69,57.40,58.07,58.64,59.17,59.65,60.07,60.55,61.03,61.49,61.94,62.39,62.81,63.16,63.45,63.71,63.99,64.30,64.60,64.92,65.22,65.50,65.79,66.05,66.26,66.46,66.64,66.82,67.02,67.22,67.57,68.04,68.71,70.08,72.16,74.86,77.57,79.98,82.11,83.98,85.69,87.25,88.46,89.43,90.39,91.23,92.04,92.83,93.53,94.19,94.77,95.34,95.83,96.33,96.76,97.17,97.60,97.93,98.25,98.54,98.80,99.01,99.22,99.39,99.52,99.59,99.64,99.74,99.79,99.84,99.86,99.99,100.00,100.00,100.00
52.45
RUSBoost
0.00,12.56,19.18,23.67,27.34,30.31,32.82,34.86,36.74,38.74,40.59,42.41,44.03,45.13,46.51,47.69,48.91,50.03,51.17,52.15,52.99,53.83,54.68,55.51,56.21,56.90,57.59,58.29,58.91,59.54,60.24,60.94,61.57,62.07,62.55,62.99,63.41,63.85,64.36,64.80,65.26,65.73,66.18,66.57,66.88,67.12,67.38,67.68,68.00,68.30,68.60,68.90,69.19,69.47,69.71,69.92,70.10,70.26,70.44,70.63,70.92,71.24,71.53,72.04,73.13,74.89,77.08,79.38,81.60,83.63,85.65,87.41,88.96,90.18,91.19,92.18,93.03,93.84,94.60,95.28,95.91,96.49,97.00,97.44,97.84,98.25,98.54,98.82,99.04,99.23,99.42,99.51,99.59,99.70,99.75,99.81,99.83,99.96,99.98,99.98,100.00
52.99
SmoteBoost
0.00,14.04,20.62,25.17,28.71,31.66,33.96,36.09,38.29,40.20,42.17,43.63,45.07,46.44,47.77,49.06,50.24,51.23,52.08,52.94,53.82,54.61,55.36,56.07,56.79,57.45,58.11,58.81,59.50,60.12,60.65,61.14,61.58,62.02,62.49,62.96,63.41,63.87,64.32,64.70,65.00,65.25,65.52,65.83,66.13,66.43,66.74,67.04,67.34,67.60,67.84,68.04,68.21,68.40,68.57,68.76,68.89,69.12,69.51,70.34,71.84,73.95,76.55,79.07,81.47,83.46,85.29,87.00,88.35,89.46,90.34,91.17,91.93,92.74,93.44,94.09,94.68,95.25,95.74,96.19,96.60,96.97,97.40,97.76,98.10,98.40,98.65,98.90,99.14,99.31,99.45,99.54,99.59,99.71,99.77,99.83,99.85,99.99,99.99,100.00,100.00
53.82
