Simple
0.00,6.33,8.96,10.86,12.41,13.83,14.55,15.63,16.75,17.97,19.07,19.76,20.35,21.33,22.28,22.88,23.12,23.72,24.56,25.40,25.98,26.68,27.42,28.07,28.43,28.83,29.30,29.65,29.84,30.12,30.61,31.00,31.40,31.78,32.14,32.44,32.67,33.05,33.54,33.98,34.33,34.76,35.17,35.52,35.88,36.20,36.49,36.78,37.04,37.16,37.36,37.51,37.66,37.81,37.95,38.09,38.19,38.40,43.13,49.18,53.83,57.93,60.06,62.27,63.80,66.91,68.73,70.57,72.29,73.26,74.50,75.79,77.34,79.32,80.44,81.35,82.30,83.83,84.94,85.94,86.87,87.92,89.12,90.15,90.85,91.82,92.13,92.76,93.39,94.14,95.17,95.92,96.80,97.09,97.72,98.36,98.76,99.14,99.39,99.49,100.00
25.98
ROS
0.00,6.27,8.85,10.68,12.41,13.89,14.59,15.46,16.63,17.82,18.82,19.81,20.67,21.21,21.69,22.35,23.16,23.91,24.45,24.94,25.54,26.30,27.07,27.75,28.44,29.11,29.69,30.15,30.56,30.99,31.32,31.61,31.93,32.32,32.75,33.13,33.50,33.82,34.13,34.44,34.82,35.26,35.67,36.09,36.48,36.87,37.24,37.58,37.90,38.19,38.47,38.69,38.87,39.04,39.21,39.37,39.52,39.66,39.91,40.37,42.03,45.87,50.86,55.39,59.09,61.82,63.93,66.15,68.41,70.57,72.36,73.93,75.23,76.45,77.82,79.37,80.83,82.12,83.18,84.32,85.52,86.66,87.69,88.71,89.77,90.86,91.81,92.65,93.31,93.91,94.48,95.20,96.00,96.80,97.56,98.10,98.63,99.04,99.27,99.52,100.00
25.54
RUS
0.00,6.37,8.99,10.79,12.56,14.08,14.77,15.64,16.79,18.00,19.02,20.05,20.84,21.32,21.79,22.53,23.39,24.08,24.53,25.01,25.67,26.47,27.22,27.87,28.61,29.27,29.82,30.23,30.65,31.08,31.38,31.66,32.00,32.40,32.83,33.20,33.57,33.90,34.19,34.48,34.90,35.35,35.74,36.16,36.56,36.95,37.31,37.65,37.96,38.25,38.52,38.74,38.91,39.07,39.23,39.39,39.54,39.67,39.80,40.28,42.25,46.79,51.94,56.43,59.87,62.30,64.33,66.56,68.86,70.96,72.65,74.14,75.34,76.55,77.95,79.60,81.04,82.18,83.20,84.40,85.64,86.75,87.75,88.75,89.84,90.93,91.85,92.66,93.29,93.83,94.42,95.15,96.04,96.85,97.59,98.12,98.64,99.04,99.29,99.54,100.00
25.67
Smote
0.00,6.25,8.87,10.57,12.30,13.92,14.51,15.37,16.51,17.80,18.72,19.76,20.81,21.54,21.89,22.28,22.70,23.59,24.47,25.06,25.38,25.86,26.60,27.53,28.29,28.83,29.68,30.31,30.84,31.17,31.61,32.10,32.29,32.56,32.93,33.36,33.80,34.14,34.56,34.82,35.12,35.38,35.86,36.35,36.69,37.11,37.53,37.90,38.26,38.59,38.90,39.18,39.47,39.65,39.81,39.98,40.13,40.29,40.43,40.56,40.68,40.81,42.91,49.01,54.52,58.75,61.90,63.86,65.74,68.01,70.57,72.48,74.08,75.58,76.56,77.81,79.25,81.14,82.56,83.57,84.51,85.80,87.14,88.16,89.14,90.07,91.24,92.37,93.18,94.08,94.42,95.00,95.63,96.40,97.23,98.02,98.73,99.09,99.45,99.49,100.00
25.38
Bag
0.00,6.30,8.90,10.73,12.33,13.79,14.47,15.47,16.63,17.87,18.98,19.74,20.32,21.07,22.07,22.81,23.16,23.62,24.34,25.18,25.91,26.49,27.27,27.93,28.42,28.77,29.23,29.67,29.89,30.14,30.54,30.97,31.39,31.75,32.14,32.44,32.70,33.01,33.46,33.94,34.31,34.72,35.13,35.51,35.86,36.19,36.49,36.78,37.06,37.25,37.40,37.57,37.73,37.89,38.04,38.17,38.28,38.44,41.00,46.74,52.08,56.31,59.39,61.49,63.28,65.67,68.13,70.02,71.67,73.08,74.13,75.38,76.86,78.67,80.17,81.17,82.12,83.39,84.71,85.74,86.72,87.67,88.83,89.95,90.79,91.66,92.22,92.67,93.33,94.03,95.00,95.82,96.66,97.12,97.60,98.32,98.68,99.05,99.29,99.47,100.00
25.91
ROSBag
0.00,6.38,8.99,10.72,12.48,14.08,14.71,15.55,16.68,17.95,19.04,20.18,21.00,21.40,21.80,22.41,23.37,24.13,24.62,24.93,25.54,26.36,27.18,27.83,28.49,29.27,29.90,30.31,30.69,31.15,31.54,31.74,32.02,32.47,32.87,33.29,33.66,34.03,34.31,34.56,34.91,35.40,35.85,36.20,36.63,37.03,37.40,37.74,38.07,38.37,38.65,38.92,39.06,39.25,39.40,39.57,39.72,39.86,39.99,40.10,40.36,44.28,50.25,55.14,59.26,61.73,63.84,65.50,68.31,70.38,72.25,73.92,75.08,76.25,77.49,79.02,80.89,82.07,83.04,84.03,85.53,86.66,87.67,88.58,89.67,90.84,91.81,92.62,93.42,93.73,94.38,95.05,95.93,96.78,97.59,98.19,98.55,99.14,99.37,99.51,100.00
25.54
RUSBag
0.00,6.39,9.00,10.75,12.50,14.13,14.74,15.58,16.71,17.97,19.10,20.24,21.02,21.43,21.82,22.51,23.49,24.20,24.62,24.96,25.61,26.48,27.31,27.90,28.62,29.35,29.97,30.32,30.74,31.21,31.54,31.74,32.03,32.51,32.92,33.31,33.68,34.02,34.31,34.55,34.95,35.45,35.87,36.24,36.66,37.06,37.41,37.76,38.08,38.38,38.66,38.91,39.02,39.22,39.38,39.53,39.68,39.82,39.95,40.06,40.56,45.69,51.43,56.09,60.01,62.10,64.25,65.91,68.90,70.79,72.54,74.25,75.23,76.44,77.74,79.37,81.14,82.24,83.17,84.24,85.75,86.80,87.80,88.70,89.81,91.02,91.92,92.73,93.41,93.77,94.42,95.13,96.08,96.87,97.72,98.19,98.59,99.16,99.37,99.54,100.00
25.61
SmoteBag
0.00,6.25,8.86,10.55,12.31,13.92,14.51,15.37,16.49,17.79,18.72,19.77,20.81,21.52,21.84,22.23,22.66,23.58,24.48,25.06,25.33,25.85,26.59,27.52,28.29,28.81,29.69,30.29,30.81,31.13,31.58,32.10,32.26,32.54,32.92,33.33,33.80,34.12,34.55,34.79,35.08,35.35,35.84,36.34,36.66,37.09,37.51,37.88,38.23,38.57,38.88,39.16,39.43,39.61,39.78,39.94,40.10,40.26,40.40,40.52,40.64,40.78,42.90,49.13,54.64,58.86,61.96,63.89,65.73,68.05,70.55,72.57,74.07,75.59,76.54,77.75,79.24,81.18,82.56,83.58,84.53,85.85,87.13,88.17,89.16,90.08,91.24,92.35,93.15,94.12,94.37,95.00,95.63,96.38,97.21,98.01,98.74,99.06,99.45,99.49,100.00
25.33
Boost
0.00,7.21,12.10,15.02,17.40,19.46,21.49,22.99,24.77,26.02,27.04,28.25,29.51,30.82,32.04,33.17,34.28,35.23,35.90,36.54,37.40,38.27,38.88,39.32,39.88,40.61,41.41,42.10,42.78,43.50,44.11,44.57,44.97,45.41,45.79,46.06,46.35,46.72,47.16,47.55,47.94,48.33,48.69,49.00,49.30,49.70,50.17,50.57,50.96,51.36,51.74,52.09,52.42,52.72,53.01,53.27,53.47,53.62,53.78,53.93,54.09,54.23,54.36,54.61,55.30,57.97,62.68,67.08,70.44,72.90,74.92,76.92,78.84,80.40,81.57,82.66,83.81,85.02,86.40,87.55,88.40,89.36,90.50,91.55,92.47,93.34,94.21,94.91,95.51,95.95,96.27,96.71,97.28,97.94,98.61,98.91,99.28,99.39,99.46,99.70,100.00
37.4
ROSBoost
0.00,6.62,9.36,11.43,13.35,14.86,16.12,16.88,17.91,19.12,20.30,21.27,22.20,23.11,23.84,24.38,24.91,25.55,26.32,27.05,27.62,28.13,28.80,29.54,30.27,30.98,31.65,32.31,32.83,33.30,33.71,34.10,34.44,34.74,35.08,35.46,35.87,36.27,36.64,36.99,37.28,37.62,37.99,38.42,38.83,39.23,39.63,40.02,40.38,40.72,41.03,41.32,41.59,41.81,42.00,42.16,42.31,42.47,42.66,42.84,43.11,44.00,46.23,49.92,54.54,59.04,62.40,65.04,67.22,69.36,71.50,73.48,75.21,76.58,77.85,79.11,80.46,81.87,83.23,84.34,85.36,86.53,87.74,88.79,89.76,90.80,91.83,92.79,93.60,94.24,94.85,95.36,96.03,96.74,97.51,98.12,98.66,99.04,99.30,99.54,100.00
27.62
RUSBoost
0.00,6.79,9.65,11.82,13.72,15.35,16.67,17.53,18.49,19.67,20.87,21.90,22.86,23.79,24.58,25.22,25.74,26.36,27.08,27.81,28.45,28.97,29.58,30.29,31.04,31.75,32.45,33.09,33.68,34.16,34.57,34.96,35.32,35.64,35.96,36.34,36.73,37.12,37.51,37.86,38.20,38.51,38.88,39.28,39.70,40.12,40.52,40.90,41.28,41.62,41.94,42.24,42.51,42.75,42.94,43.12,43.29,43.44,43.59,43.74,44.10,44.86,46.36,49.46,53.73,58.15,62.00,64.87,67.18,69.25,71.42,73.44,75.18,76.71,78.01,79.23,80.53,81.94,83.31,84.47,85.50,86.58,87.77,88.85,89.87,90.86,91.90,92.87,93.69,94.38,94.95,95.48,96.14,96.83,97.55,98.22,98.72,99.13,99.37,99.59,100.00
28.45
SmoteBoost
0.00,6.73,9.54,11.63,13.53,15.09,16.36,17.18,18.17,19.35,20.55,21.50,22.41,23.34,24.14,24.72,25.18,25.74,26.47,27.27,27.88,28.39,28.91,29.62,30.40,31.13,31.83,32.52,33.15,33.66,34.07,34.51,34.88,35.19,35.49,35.84,36.25,36.64,37.05,37.40,37.73,38.03,38.37,38.76,39.20,39.62,40.02,40.42,40.79,41.15,41.49,41.79,42.08,42.33,42.54,42.71,42.87,43.03,43.18,43.33,43.46,43.69,44.73,47.24,51.59,56.59,60.62,63.80,66.05,68.26,70.33,72.57,74.47,76.02,77.39,78.58,79.86,81.30,82.74,84.00,85.02,86.08,87.27,88.42,89.43,90.44,91.47,92.52,93.42,94.18,94.79,95.30,95.89,96.56,97.31,98.03,98.59,99.08,99.37,99.57,100.00
27.88
