Simple
0.00,13.62,20.92,29.42,35.34,38.62,41.74,44.21,45.30,47.08,48.84,58.28,68.16,71.77,73.47,75.51,78.16,80.18,81.18,82.65,84.06,85.23,85.95,86.11,86.20,87.48,87.85,88.61,88.81,88.89,89.68,90.77,91.74,92.02,92.02,92.12,92.94,93.20,94.06,94.18,94.27,94.72,94.72,94.72,94.72,95.14,95.88,96.29,96.29,96.29,96.39,96.83,96.83,96.83,96.83,96.83,96.83,96.83,96.94,97.48,97.48,97.48,97.48,97.48,97.48,97.48,97.48,97.51,97.84,97.84,97.84,98.38,98.92,98.92,98.92,98.92,98.92,98.92,98.92,98.92,98.92,98.92,98.92,98.92,98.92,98.92,98.92,98.92,98.92,98.92,98.92,99.46,99.46,99.46,99.46,99.46,99.46,100.00,100.00,100.00,100.00
84.06
ROS
0.00,14.17,25.71,34.51,40.03,44.94,50.20,55.97,60.16,62.92,67.29,70.46,72.69,74.36,76.59,78.42,79.84,81.15,82.93,84.55,86.29,88.75,91.26,92.54,93.45,94.01,94.29,94.47,94.54,94.68,94.76,94.85,94.91,95.03,95.23,95.55,95.73,95.88,96.20,96.44,96.63,96.68,96.85,97.13,97.26,97.29,97.34,97.46,97.51,97.53,97.54,97.59,97.64,97.68,97.69,97.70,97.71,97.71,97.71,97.86,97.93,97.98,97.99,98.00,98.01,98.01,98.01,98.01,98.08,98.10,98.11,98.34,98.71,98.85,98.88,98.90,98.92,98.92,98.92,98.92,98.92,98.92,98.92,98.92,98.92,98.92,98.92,98.92,98.92,98.92,98.92,99.36,99.41,99.45,99.46,99.46,99.46,99.95,99.95,100.00,100.00
86.29
RUS
0.00,14.09,24.94,33.01,39.71,44.61,49.92,54.90,57.97,61.83,65.16,67.37,69.34,71.22,72.87,74.27,75.81,77.40,78.74,80.47,82.10,83.51,85.16,87.24,88.71,89.86,90.77,91.46,92.06,92.45,92.77,93.02,93.32,93.58,93.93,94.19,94.43,94.72,95.04,95.38,95.68,95.93,96.18,96.39,96.61,96.77,96.95,97.10,97.22,97.30,97.37,97.45,97.52,97.56,97.62,97.66,97.70,97.74,97.77,97.86,97.94,97.99,98.05,98.08,98.11,98.12,98.15,98.16,98.18,98.19,98.21,98.31,98.48,98.60,98.71,98.78,98.85,98.90,98.92,98.95,98.96,98.96,98.96,98.96,98.96,98.96,98.96,98.96,98.96,98.96,98.96,99.16,99.28,99.36,99.41,99.46,99.47,99.80,99.80,99.97,100.00
82.1
Smote
0.00,14.74,26.55,35.52,40.14,45.75,50.81,56.71,61.38,63.76,67.91,71.38,73.96,75.55,77.86,79.52,81.60,82.59,84.14,86.35,87.23,90.96,94.22,94.30,94.48,94.76,94.84,95.10,95.11,95.24,95.26,95.26,95.26,95.26,95.34,95.81,95.81,95.91,96.35,96.35,96.35,96.36,96.83,96.89,96.89,96.89,96.90,96.92,96.92,96.92,96.94,97.05,97.05,97.05,97.05,97.05,97.05,97.05,97.05,97.40,97.40,97.40,97.40,97.40,97.40,97.40,97.40,97.71,97.84,97.84,97.84,98.38,98.92,98.92,98.92,98.92,98.92,98.92,98.92,98.92,98.92,98.92,98.92,98.92,98.92,98.92,98.92,98.92,98.92,98.92,98.92,99.46,99.46,99.46,99.46,99.46,99.46,100.00,100.00,100.00,100.00
87.23
Bag
0.00,13.71,22.75,29.82,36.30,40.44,44.21,46.95,48.90,50.36,52.02,55.76,65.60,71.46,74.01,75.78,78.14,80.12,81.41,82.79,84.11,85.26,86.06,86.28,86.51,87.45,87.80,88.57,88.72,88.94,89.62,90.60,91.63,91.87,91.96,92.14,92.87,93.17,93.97,94.08,94.30,94.61,94.66,94.69,94.69,95.12,95.83,96.18,96.26,96.28,96.45,96.76,96.81,96.83,96.83,96.83,96.83,96.83,96.88,97.33,97.39,97.43,97.43,97.43,97.43,97.43,97.43,97.57,97.84,97.85,97.86,98.31,98.81,98.90,98.91,98.92,98.92,98.92,98.92,98.92,98.92,98.92,98.92,98.92,98.92,98.92,98.92,98.92,98.92,98.92,98.92,99.42,99.44,99.45,99.46,99.46,99.46,99.97,99.97,100.00,100.00
84.11
ROSBag
0.00,13.85,25.56,34.51,39.45,44.83,49.86,55.68,60.37,62.77,67.11,70.64,73.45,74.98,77.23,78.96,80.96,81.94,83.51,85.58,86.75,88.84,93.30,94.91,95.03,95.16,95.27,95.41,95.46,95.46,95.49,95.51,95.51,95.52,95.61,95.95,96.16,96.18,96.54,96.77,96.78,96.79,96.92,97.31,97.33,97.33,97.35,97.42,97.42,97.42,97.42,97.49,97.51,97.51,97.51,97.51,97.51,97.51,97.51,97.78,97.85,97.85,97.85,97.85,97.85,97.85,97.85,97.85,97.91,97.92,97.92,98.36,98.90,98.92,98.92,98.92,98.92,98.92,98.92,98.92,98.92,98.92,98.92,98.92,98.92,98.92,98.92,98.92,98.92,98.92,98.92,99.46,99.46,99.46,99.46,99.46,99.46,100.00,100.00,100.00,100.00
86.75
RUSBag
0.00,13.90,25.40,34.18,39.97,44.69,50.11,55.83,59.35,62.48,66.66,69.56,71.37,73.28,75.26,76.78,78.05,79.85,81.45,82.90,85.67,88.54,90.76,91.61,92.38,92.88,93.40,93.64,93.76,93.96,94.14,94.24,94.31,94.51,94.88,95.39,95.59,95.71,96.06,96.38,96.66,96.75,96.88,97.19,97.30,97.34,97.35,97.48,97.54,97.57,97.58,97.61,97.66,97.68,97.69,97.69,97.69,97.69,97.69,97.85,97.94,97.98,98.00,98.01,98.01,98.01,98.01,98.01,98.03,98.04,98.05,98.31,98.74,98.84,98.89,98.91,98.92,98.92,98.92,98.92,98.92,98.92,98.92,98.92,98.92,98.92,98.92,98.92,98.92,98.92,98.92,99.37,99.41,99.44,99.45,99.46,99.46,99.96,99.96,99.99,100.00
85.67
SmoteBag
0.00,14.83,26.64,35.58,40.11,45.82,50.78,56.70,61.35,63.77,67.94,71.43,74.04,75.63,77.92,79.57,81.69,82.69,84.17,86.45,87.31,91.49,94.17,94.25,94.42,94.70,94.79,95.04,95.05,95.16,95.17,95.17,95.17,95.17,95.30,95.71,95.71,95.86,96.25,96.25,96.25,96.29,96.76,96.79,96.79,96.80,96.81,96.82,96.82,96.82,96.84,96.95,96.95,96.95,96.95,96.95,96.95,96.95,96.95,97.36,97.36,97.36,97.36,97.36,97.36,97.36,97.36,97.72,97.84,97.84,97.84,98.38,98.92,98.92,98.92,98.92,98.92,98.92,98.92,98.92,98.92,98.92,98.92,98.92,98.92,98.92,98.92,98.92,98.92,98.92,98.92,99.46,99.46,99.46,99.46,99.46,99.46,100.00,100.00,100.00,100.00
87.31
Boost
0.00,6.71,9.62,11.21,12.64,14.62,17.55,21.88,28.83,36.77,44.69,51.44,57.04,61.59,65.30,68.46,71.19,73.67,75.72,77.49,79.26,80.64,81.89,82.78,83.68,84.46,85.35,85.98,86.48,87.02,87.56,88.29,89.11,89.88,90.57,91.08,91.64,92.04,92.55,92.97,93.34,93.64,93.88,94.04,94.25,94.49,94.93,95.52,95.99,96.35,96.63,96.88,97.00,97.13,97.19,97.32,97.42,97.46,97.54,97.67,97.85,97.98,98.03,98.08,98.12,98.13,98.13,98.14,98.21,98.30,98.34,98.39,98.56,98.70,98.82,98.88,98.91,98.92,98.92,98.92,98.92,98.92,98.92,98.92,98.92,98.92,98.92,98.92,98.92,98.92,98.92,99.14,99.30,99.38,99.43,99.45,99.45,99.86,99.86,99.98,100.00
79.26
ROSBoost
0.00,14.09,24.96,32.85,39.38,44.30,49.64,54.48,57.62,61.36,64.76,67.15,69.02,71.01,72.79,74.29,75.77,77.30,78.61,79.77,81.11,82.62,84.19,85.69,87.10,88.76,89.94,90.77,91.39,92.18,92.57,92.88,93.15,93.29,93.48,93.77,94.00,94.23,94.50,94.81,95.03,95.30,95.54,95.69,95.93,96.08,96.23,96.42,96.59,96.75,96.88,96.99,97.10,97.19,97.28,97.36,97.44,97.52,97.58,97.62,97.66,97.75,97.85,97.89,97.93,97.96,97.99,98.01,98.02,98.05,98.10,98.17,98.26,98.44,98.58,98.72,98.81,98.86,98.89,98.95,98.95,98.96,98.97,98.97,98.97,98.97,98.97,98.97,98.97,98.97,98.97,99.09,99.23,99.34,99.39,99.46,99.47,99.78,99.78,99.96,100.00
81.11
RUSBoost
0.00,13.90,24.22,31.10,37.85,43.06,48.25,52.29,55.80,59.27,61.83,63.99,65.85,67.52,69.07,70.50,71.82,72.93,73.64,74.31,75.28,76.51,78.46,80.37,82.04,83.78,85.83,87.47,88.91,89.79,90.38,91.06,91.61,92.01,92.44,92.79,93.10,93.45,93.77,94.06,94.32,94.67,95.02,95.29,95.57,95.75,95.98,96.19,96.35,96.52,96.70,96.83,96.95,97.03,97.15,97.29,97.43,97.49,97.55,97.65,97.70,97.77,97.81,97.88,97.95,98.00,98.04,98.11,98.16,98.18,98.20,98.23,98.32,98.42,98.50,98.57,98.65,98.71,98.79,98.87,98.94,98.98,98.98,98.99,98.99,98.99,98.99,98.99,98.99,98.99,98.99,99.09,99.19,99.28,99.37,99.42,99.44,99.72,99.73,99.91,100.00
75.28
SmoteBoost
0.00,14.10,25.83,34.31,40.21,44.50,49.70,55.49,59.34,62.08,66.42,69.33,71.54,73.14,75.54,77.32,79.02,80.12,82.06,83.41,85.74,88.32,90.89,92.25,92.61,92.91,93.49,93.83,94.05,94.18,94.27,94.34,94.40,94.49,94.63,94.84,95.03,95.22,95.46,95.62,95.69,95.85,96.08,96.22,96.34,96.41,96.55,96.68,96.76,96.83,96.87,96.99,97.08,97.16,97.24,97.28,97.31,97.33,97.35,97.54,97.62,97.69,97.69,97.69,97.70,97.71,97.71,97.80,97.93,97.98,98.03,98.24,98.60,98.76,98.85,98.87,98.88,98.89,98.92,98.92,98.92,98.92,98.92,98.92,98.92,98.92,98.92,98.92,98.92,98.92,98.92,99.31,99.41,99.43,99.45,99.46,99.46,99.93,99.93,99.98,100.00
85.74
