Simple
0.00,14.27,18.09,22.41,24.90,26.92,29.66,31.78,34.05,36.04,37.56,38.57,39.80,41.11,42.35,43.51,44.12,44.38,44.79,45.07,45.37,45.70,45.82,46.08,46.69,47.45,48.18,48.74,49.07,49.71,50.38,50.97,51.47,51.82,52.36,52.96,53.50,53.86,54.15,54.28,54.31,54.36,54.48,54.73,55.12,55.42,55.69,55.74,55.80,56.50,58.24,61.04,65.63,69.89,73.20,75.69,78.05,80.45,83.69,86.44,88.20,89.48,90.42,91.07,91.62,91.97,92.17,92.26,92.30,92.33,92.45,92.62,92.89,93.26,93.51,93.77,94.02,94.35,94.88,95.52,96.30,96.83,97.01,97.15,97.31,97.47,97.81,98.12,98.41,98.73,98.92,99.07,99.07,99.08,99.15,99.28,99.57,99.76,99.95,99.99,100.00
45.37
ROS
0.00,14.84,19.87,25.77,28.88,32.01,34.44,36.63,38.50,40.73,42.67,44.62,46.06,47.93,49.98,51.65,52.91,54.04,55.18,56.30,57.47,58.70,59.58,60.22,60.64,60.99,61.31,61.63,61.89,62.20,62.43,63.03,63.64,64.31,64.90,65.36,65.86,66.42,67.02,67.59,68.05,68.55,69.04,69.54,69.91,70.19,70.36,70.52,70.69,70.85,71.00,71.22,71.50,71.79,71.99,72.39,73.36,74.77,76.18,78.36,81.19,84.00,86.59,88.72,91.29,93.29,94.94,95.99,96.64,96.99,97.23,97.34,97.39,97.47,97.58,97.67,97.81,98.02,98.13,98.23,98.31,98.39,98.40,98.44,98.48,98.53,98.61,98.70,98.82,98.92,98.98,99.06,99.07,99.09,99.19,99.27,99.45,99.62,99.85,100.00,100.00
57.47
RUS
0.00,14.80,19.82,25.73,28.96,31.97,34.35,36.38,37.99,40.05,42.06,44.02,45.51,47.28,49.38,51.04,52.42,53.58,54.69,55.93,57.09,58.26,59.32,60.06,60.50,60.82,61.18,61.49,61.72,62.02,62.29,62.73,63.35,64.03,64.66,65.19,65.67,66.21,66.83,67.36,67.85,68.31,68.77,69.31,69.80,70.15,70.34,70.50,70.69,70.82,70.97,71.20,71.49,71.75,72.06,72.47,73.23,74.23,75.52,77.96,80.95,83.92,86.29,88.41,90.85,93.39,95.15,96.22,96.75,97.15,97.39,97.53,97.60,97.68,97.74,97.85,98.04,98.20,98.32,98.36,98.45,98.47,98.55,98.60,98.63,98.68,98.73,98.82,98.93,99.01,99.07,99.14,99.15,99.16,99.24,99.34,99.52,99.62,99.88,99.99,100.00
57.09
Smote
0.00,14.84,19.62,26.47,28.61,31.98,34.85,36.91,38.99,40.91,43.20,44.83,46.91,48.22,50.31,52.39,53.88,55.29,56.15,57.53,58.81,60.04,61.21,62.20,62.73,63.01,63.49,63.73,64.11,64.20,64.40,64.92,65.69,66.44,67.04,67.37,67.89,68.47,68.85,69.25,69.85,70.42,70.90,71.22,71.33,71.43,71.61,71.96,72.29,72.64,72.77,72.88,73.29,74.70,76.66,79.32,82.08,84.91,87.54,89.99,92.66,94.72,95.95,96.53,96.85,97.00,97.04,97.04,97.05,97.08,97.14,97.23,97.33,97.38,97.42,97.44,97.45,97.45,97.45,97.45,97.45,97.46,97.47,97.60,97.62,97.66,97.68,97.69,97.69,97.74,97.77,97.78,98.09,98.39,98.85,99.39,100.00,100.00,100.00,100.00,100.00
58.81
Bag
0.00,14.85,18.47,22.75,25.84,28.06,30.56,32.91,35.04,36.85,38.77,40.13,41.20,42.47,43.78,45.04,46.08,46.77,47.12,47.50,47.88,48.19,48.50,48.69,49.06,49.58,50.36,51.09,51.66,52.09,52.61,53.27,53.87,54.35,54.74,55.25,55.83,56.33,56.64,56.82,56.97,57.04,57.24,57.45,57.75,58.05,58.26,58.37,58.70,59.65,61.66,64.53,68.13,71.66,74.86,77.70,80.35,83.03,85.57,87.83,89.58,90.76,91.59,92.22,92.66,93.02,93.20,93.32,93.41,93.52,93.66,93.86,94.15,94.45,94.72,94.96,95.28,95.65,96.10,96.50,96.88,97.15,97.34,97.45,97.69,97.93,98.15,98.49,98.71,98.87,98.96,98.99,99.01,99.04,99.15,99.28,99.53,99.68,99.96,99.99,100.00
47.88
ROSBag
0.00,15.02,20.05,26.42,29.59,32.60,34.70,37.09,39.09,41.46,43.16,45.36,46.45,48.58,50.58,52.26,53.59,54.53,55.80,57.05,58.19,59.37,60.34,60.87,61.17,61.55,61.88,62.12,62.54,62.66,62.89,63.39,64.10,64.83,65.53,65.91,66.35,67.01,67.68,68.24,68.65,69.12,69.71,70.21,70.67,70.99,71.18,71.31,71.38,71.45,71.64,71.97,72.27,72.56,72.70,72.80,73.25,74.08,75.83,78.64,81.15,83.69,86.01,88.65,91.51,93.80,95.49,96.43,97.04,97.47,97.76,97.90,97.95,97.98,98.01,98.13,98.34,98.53,98.62,98.70,98.72,98.74,98.75,98.75,98.75,98.77,98.80,98.85,98.96,99.09,99.17,99.23,99.24,99.24,99.29,99.39,99.60,99.69,99.89,99.99,100.00
58.19
RUSBag
0.00,14.70,19.70,26.11,29.18,32.28,34.37,36.57,38.53,40.79,42.58,44.74,45.93,48.01,50.02,51.75,53.00,54.12,55.23,56.61,57.83,58.94,60.15,60.75,61.18,61.45,61.87,62.07,62.48,62.64,62.83,63.31,63.96,64.74,65.41,65.86,66.28,66.93,67.61,68.18,68.66,69.08,69.58,70.18,70.71,71.04,71.26,71.40,71.49,71.61,71.81,72.07,72.39,72.63,72.81,72.98,73.50,74.60,76.42,78.88,81.49,84.18,86.77,89.37,91.96,94.26,95.93,96.99,97.55,97.90,98.09,98.24,98.30,98.34,98.42,98.55,98.72,98.87,99.00,99.04,99.05,99.07,99.07,99.07,99.07,99.09,99.13,99.20,99.25,99.28,99.31,99.35,99.36,99.36,99.39,99.53,99.77,99.85,99.93,100.00,100.00
57.83
SmoteBag
0.00,14.81,19.72,26.50,28.67,31.72,34.44,36.54,38.58,40.43,42.76,44.42,46.41,47.82,49.92,51.91,53.39,54.82,55.71,57.05,58.28,59.59,60.72,61.79,62.24,62.53,62.99,63.20,63.65,63.72,63.87,64.34,65.11,65.91,66.55,66.86,67.35,67.94,68.32,68.72,69.30,69.89,70.39,70.61,70.65,70.72,70.95,71.31,71.77,72.04,72.10,72.26,72.85,73.80,75.99,79.57,82.55,84.76,86.91,90.01,93.28,95.01,95.93,96.49,96.76,96.85,96.87,96.87,96.87,96.88,96.91,97.07,97.18,97.23,97.24,97.24,97.25,97.25,97.25,97.25,97.26,97.28,97.29,97.37,97.44,97.46,97.47,97.48,97.48,97.55,97.55,97.55,97.95,98.23,98.75,99.36,100.00,100.00,100.00,100.00,100.00
58.28
Boost
0.00,13.83,17.77,21.86,24.47,26.56,29.18,31.31,33.50,35.48,37.08,38.18,39.35,40.70,41.95,43.08,43.89,44.15,44.61,44.92,45.21,45.55,45.69,45.97,46.50,47.27,47.94,48.53,48.97,49.53,50.16,50.74,51.27,51.68,52.15,52.76,53.28,53.67,53.93,54.09,54.12,54.20,54.34,54.70,55.13,55.74,56.12,56.48,56.80,57.69,59.72,63.24,67.35,71.57,74.49,76.96,79.22,81.90,84.74,87.22,88.74,89.91,90.72,91.34,91.85,92.15,92.31,92.36,92.45,92.50,92.66,92.85,93.20,93.55,93.80,94.07,94.33,94.68,95.25,95.89,96.53,96.99,97.14,97.29,97.45,97.67,97.95,98.23,98.44,98.71,98.84,98.95,98.96,98.99,99.09,99.27,99.53,99.66,99.88,99.93,100.00
45.21
ROSBoost
0.00,14.40,19.27,24.61,27.66,30.46,32.66,34.50,36.36,38.31,40.20,41.92,43.69,45.54,47.25,48.56,49.72,50.86,52.01,53.23,54.39,55.28,56.01,56.47,56.85,57.18,57.50,57.81,58.09,58.49,59.04,59.66,60.26,60.88,61.37,61.91,62.45,62.97,63.55,64.01,64.50,64.96,65.36,65.80,66.09,66.33,66.53,66.63,66.78,66.96,67.26,67.52,67.93,68.52,69.16,69.99,71.41,73.52,76.15,78.58,81.36,84.02,86.72,89.20,91.12,92.82,94.24,95.23,95.99,96.41,96.68,96.84,96.98,97.09,97.26,97.36,97.58,97.73,97.92,98.06,98.23,98.33,98.45,98.55,98.65,98.72,98.77,98.89,98.93,99.02,99.08,99.12,99.18,99.20,99.28,99.33,99.47,99.58,99.75,99.91,100.00
54.39
RUSBoost
0.00,14.20,18.93,23.93,26.91,29.55,31.61,33.36,35.30,37.32,39.12,40.85,42.60,44.48,46.10,47.53,48.64,49.83,50.99,52.13,53.26,54.26,54.90,55.40,55.77,56.15,56.43,56.74,57.04,57.38,57.92,58.50,59.16,59.73,60.26,60.77,61.31,61.88,62.44,62.94,63.37,63.88,64.37,64.84,65.12,65.35,65.55,65.70,65.82,65.99,66.20,66.55,66.88,67.12,67.72,68.63,69.89,71.82,74.26,77.14,80.27,83.26,85.88,88.33,90.41,92.55,94.18,95.34,96.07,96.49,96.80,97.08,97.21,97.32,97.42,97.55,97.69,97.79,98.01,98.20,98.36,98.49,98.61,98.70,98.79,98.89,98.93,99.04,99.09,99.17,99.20,99.27,99.30,99.33,99.36,99.41,99.55,99.61,99.84,99.96,100.00
53.26
SmoteBoost
0.00,14.37,19.00,25.58,28.20,32.61,35.58,37.69,39.70,41.76,43.69,45.47,47.41,48.85,50.84,52.81,54.45,55.74,56.79,58.04,59.33,60.58,61.67,62.58,63.15,63.47,63.88,64.25,64.52,64.77,65.14,65.73,66.44,67.15,67.70,68.18,68.66,69.26,69.77,70.25,70.69,71.20,71.61,71.96,72.23,72.38,72.58,72.83,73.11,73.53,73.98,74.47,74.93,76.18,78.62,81.38,83.75,86.20,88.57,90.82,92.80,94.39,95.53,96.16,96.58,96.80,96.90,97.01,97.04,97.07,97.16,97.23,97.34,97.40,97.49,97.56,97.66,97.73,97.77,97.80,97.84,97.87,97.91,97.96,98.07,98.18,98.26,98.30,98.31,98.36,98.40,98.40,98.54,98.74,99.10,99.42,99.84,99.90,99.96,99.96,100.00
59.33
