Simple
0.00,56.37,72.98,80.83,86.93,91.51,94.97,97.14,97.16,97.51,97.51,97.51,97.51,97.51,97.51,97.51,97.51,97.51,97.51,97.51,97.51,97.51,97.51,97.51,97.51,97.51,97.51,97.51,97.51,97.51,97.51,97.51,97.51,97.51,97.51,97.51,97.51,97.51,97.51,97.51,97.51,97.51,97.92,97.92,97.92,97.92,97.92,97.92,97.94,98.35,98.35,98.35,98.77,98.77,98.77,98.77,98.77,98.77,98.77,98.77,98.77,98.77,98.77,98.77,98.77,99.18,99.18,99.18,99.18,99.18,99.18,99.18,99.18,99.18,99.18,99.18,99.18,99.59,99.59,99.59,99.59,99.59,100.00,100.00,100.00,100.00,100.00,100.00,100.00,100.00,100.00,100.00,100.00,100.00,100.00,100.00,100.00,100.00,100.00,100.00,100.00
97.51
ROS
0.00,56.39,72.87,81.48,86.45,91.28,94.95,97.26,97.84,97.84,97.84,97.84,97.84,97.84,97.84,97.84,97.84,97.84,97.84,97.84,97.84,97.84,97.84,97.84,97.84,97.84,97.84,97.84,97.84,97.84,97.84,97.84,97.84,97.84,97.84,97.84,97.84,97.84,97.84,97.84,97.84,97.84,98.00,98.14,98.14,98.14,98.14,98.14,98.14,98.55,98.55,98.55,98.86,98.96,98.96,98.96,98.96,98.96,98.96,98.96,98.96,98.96,98.96,98.96,98.96,99.19,99.19,99.19,99.19,99.19,99.19,99.19,99.19,99.19,99.19,99.19,99.19,99.59,99.59,99.59,99.59,99.59,100.00,100.00,100.00,100.00,100.00,100.00,100.00,100.00,100.00,100.00,100.00,100.00,100.00,100.00,100.00,100.00,100.00,100.00,100.00
97.84
RUS
0.00,56.48,72.98,81.35,86.68,91.55,95.04,97.22,97.94,98.00,98.00,98.00,98.00,98.00,98.00,98.00,98.00,98.00,98.00,98.00,98.00,98.00,98.00,98.00,98.00,98.00,98.00,98.00,98.00,98.00,98.00,98.00,98.00,98.00,98.00,98.00,98.00,98.00,98.00,98.00,98.00,98.00,98.12,98.31,98.31,98.31,98.31,98.31,98.31,98.63,98.70,98.70,98.90,99.11,99.11,99.11,99.11,99.11,99.11,99.11,99.11,99.11,99.11,99.11,99.11,99.28,99.29,99.29,99.29,99.29,99.29,99.29,99.29,99.29,99.29,99.29,99.29,99.60,99.65,99.65,99.65,99.65,100.00,100.00,100.00,100.00,100.00,100.00,100.00,100.00,100.00,100.00,100.00,100.00,100.00,100.00,100.00,100.00,100.00,100.00,100.00
98.0
Smote
0.00,56.38,72.84,81.48,86.42,90.97,94.67,97.15,97.53,97.53,97.53,97.53,97.53,97.53,97.53,97.53,97.53,97.53,97.53,97.53,97.53,97.53,97.53,97.53,97.53,97.53,97.53,97.53,97.53,97.53,97.53,97.53,97.53,97.53,97.53,97.53,97.53,97.53,97.53,97.53,97.53,97.53,97.93,97.93,97.93,97.93,97.93,97.93,97.94,98.35,98.35,98.35,98.77,98.77,98.77,98.77,98.77,98.77,98.77,98.77,98.77,98.77,98.77,98.77,98.77,99.18,99.18,99.18,99.18,99.18,99.18,99.18,99.18,99.18,99.18,99.18,99.18,99.59,99.59,99.59,99.59,99.59,100.00,100.00,100.00,100.00,100.00,100.00,100.00,100.00,100.00,100.00,100.00,100.00,100.00,100.00,100.00,100.00,100.00,100.00,100.00
97.53
Bag
0.00,56.43,72.87,80.95,87.11,91.65,95.00,97.26,97.29,97.47,97.47,97.47,97.47,97.47,97.47,97.47,97.47,97.47,97.47,97.47,97.47,97.47,97.47,97.47,97.47,97.47,97.47,97.47,97.47,97.47,97.47,97.47,97.47,97.47,97.47,97.47,97.47,97.47,97.47,97.47,97.47,97.47,97.85,97.88,97.88,97.88,97.91,97.91,97.98,98.40,98.40,98.40,98.81,98.81,98.81,98.81,98.81,98.81,98.81,98.81,98.81,98.81,98.81,98.81,98.81,99.18,99.18,99.18,99.18,99.18,99.18,99.18,99.18,99.18,99.18,99.18,99.18,99.59,99.59,99.59,99.59,99.59,100.00,100.00,100.00,100.00,100.00,100.00,100.00,100.00,100.00,100.00,100.00,100.00,100.00,100.00,100.00,100.00,100.00,100.00,100.00
97.47
ROSBag
0.00,56.38,72.84,81.48,86.42,91.30,95.00,97.19,97.78,97.78,97.78,97.78,97.78,97.78,97.78,97.78,97.78,97.78,97.78,97.78,97.78,97.78,97.78,97.78,97.78,97.78,97.78,97.78,97.78,97.78,97.78,97.78,97.78,97.78,97.78,97.78,97.78,97.78,97.78,97.78,97.78,97.78,97.97,98.15,98.15,98.15,98.15,98.15,98.15,98.56,98.56,98.56,98.84,98.97,98.97,98.97,98.97,98.97,98.97,98.97,98.97,98.97,98.97,98.97,98.97,99.18,99.18,99.18,99.18,99.18,99.18,99.18,99.18,99.18,99.18,99.18,99.18,99.59,99.59,99.59,99.59,99.59,100.00,100.00,100.00,100.00,100.00,100.00,100.00,100.00,100.00,100.00,100.00,100.00,100.00,100.00,100.00,100.00,100.00,100.00,100.00
97.78
RUSBag
0.00,56.39,72.88,81.48,86.57,91.64,95.09,97.22,97.84,97.84,97.84,97.84,97.84,97.84,97.84,97.84,97.84,97.84,97.84,97.84,97.84,97.84,97.84,97.84,97.84,97.84,97.84,97.84,97.84,97.84,97.84,97.84,97.84,97.84,97.84,97.84,97.84,97.84,97.84,97.84,97.84,97.84,97.97,98.23,98.23,98.23,98.23,98.23,98.23,98.64,98.65,98.65,98.83,99.06,99.06,99.06,99.06,99.06,99.06,99.06,99.06,99.06,99.06,99.06,99.06,99.19,99.19,99.19,99.19,99.19,99.19,99.19,99.19,99.19,99.19,99.19,99.19,99.59,99.59,99.59,99.59,99.59,100.00,100.00,100.00,100.00,100.00,100.00,100.00,100.00,100.00,100.00,100.00,100.00,100.00,100.00,100.00,100.00,100.00,100.00,100.00
97.84
SmoteBag
0.00,56.38,72.84,81.48,86.42,90.96,94.66,97.14,97.53,97.53,97.53,97.53,97.53,97.53,97.53,97.53,97.53,97.53,97.53,97.53,97.53,97.53,97.53,97.53,97.53,97.53,97.53,97.53,97.53,97.53,97.53,97.53,97.53,97.53,97.53,97.53,97.53,97.53,97.53,97.53,97.53,97.53,97.93,97.93,97.93,97.93,97.93,97.93,97.94,98.35,98.35,98.35,98.77,98.77,98.77,98.77,98.77,98.77,98.77,98.77,98.77,98.77,98.77,98.77,98.77,99.18,99.18,99.18,99.18,99.18,99.18,99.18,99.18,99.18,99.18,99.18,99.18,99.59,99.59,99.59,99.59,99.59,100.00,100.00,100.00,100.00,100.00,100.00,100.00,100.00,100.00,100.00,100.00,100.00,100.00,100.00,100.00,100.00,100.00,100.00,100.00
97.53
Boost
0.00,56.37,72.98,80.83,86.93,91.51,94.97,97.14,97.16,97.51,97.51,97.51,97.51,97.51,97.51,97.51,97.51,97.51,97.51,97.51,97.51,97.51,97.51,97.51,97.51,97.51,97.51,97.51,97.51,97.51,97.51,97.51,97.51,97.51,97.51,97.51,97.51,97.51,97.51,97.51,97.51,97.51,97.92,97.92,97.92,97.92,97.92,97.92,97.94,98.35,98.35,98.35,98.77,98.77,98.77,98.77,98.77,98.77,98.77,98.77,98.77,98.77,98.77,98.77,98.77,99.18,99.18,99.18,99.18,99.18,99.18,99.18,99.18,99.18,99.18,99.18,99.18,99.59,99.59,99.59,99.59,99.59,100.00,100.00,100.00,100.00,100.00,100.00,100.00,100.00,100.00,100.00,100.00,100.00,100.00,100.00,100.00,100.00,100.00,100.00,100.00
97.51
ROSBoost
0.00,56.42,72.91,81.45,86.56,91.43,94.96,97.17,97.67,97.67,97.67,97.67,97.67,97.67,97.67,97.67,97.67,97.67,97.67,97.67,97.67,97.67,97.67,97.67,97.67,97.67,97.67,97.67,97.67,97.67,97.67,97.67,97.67,97.67,97.67,97.67,97.68,97.68,97.68,97.68,97.68,97.68,97.87,97.99,97.99,97.99,98.04,98.05,98.10,98.60,98.62,98.62,98.89,99.02,99.02,99.02,99.02,99.02,99.02,99.02,99.02,99.02,99.02,99.02,99.02,99.26,99.26,99.26,99.26,99.26,99.26,99.26,99.26,99.26,99.26,99.26,99.26,99.59,99.60,99.60,99.60,99.60,100.00,100.00,100.00,100.00,100.00,100.00,100.00,100.00,100.00,100.00,100.00,100.00,100.00,100.00,100.00,100.00,100.00,100.00,100.00
97.67
RUSBoost
0.00,56.44,72.91,81.28,86.72,91.55,94.94,97.09,97.69,97.77,97.77,97.77,97.78,97.78,97.78,97.78,97.78,97.78,97.78,97.78,97.78,97.78,97.78,97.78,97.78,97.78,97.79,97.79,97.79,97.79,97.79,97.79,97.79,97.79,97.79,97.79,97.81,97.81,97.81,97.81,97.81,97.81,97.93,98.10,98.12,98.12,98.15,98.17,98.20,98.64,98.70,98.70,98.89,99.10,99.11,99.11,99.11,99.11,99.11,99.11,99.11,99.11,99.11,99.11,99.11,99.35,99.36,99.36,99.36,99.36,99.36,99.36,99.36,99.36,99.36,99.36,99.36,99.60,99.64,99.64,99.64,99.64,100.00,100.00,100.00,100.00,100.00,100.00,100.00,100.00,100.00,100.00,100.00,100.00,100.00,100.00,100.00,100.00,100.00,100.00,100.00
97.78
SmoteBoost
0.00,56.38,72.84,81.48,86.49,91.19,94.82,97.12,97.45,97.45,97.45,97.45,97.45,97.45,97.45,97.45,97.45,97.45,97.45,97.45,97.45,97.45,97.45,97.45,97.45,97.45,97.45,97.45,97.45,97.45,97.45,97.45,97.45,97.45,97.45,97.46,97.46,97.46,97.46,97.46,97.46,97.46,97.73,97.79,97.79,97.79,97.86,97.86,98.02,98.48,98.49,98.49,98.82,98.90,98.90,98.90,98.90,98.90,98.90,98.90,98.90,98.90,98.90,98.90,98.90,99.22,99.22,99.22,99.22,99.22,99.22,99.22,99.22,99.22,99.22,99.22,99.22,99.59,99.60,99.60,99.60,99.60,100.00,100.00,100.00,100.00,100.00,100.00,100.00,100.00,100.00,100.00,100.00,100.00,100.00,100.00,100.00,100.00,100.00,100.00,100.00
97.45
