Simple
0.00,2.01,2.12,2.72,3.34,4.00,4.24,4.28,4.69,4.93,5.35,5.60,6.01,6.26,6.67,6.91,6.93,7.56,7.60,7.97,8.22,8.26,8.26,8.26,8.26,8.26,8.66,8.88,8.92,8.93,8.93,8.93,8.93,8.93,8.93,8.93,8.93,8.93,8.93,8.93,8.93,8.93,8.93,8.93,8.93,8.93,8.93,8.93,8.93,8.93,8.93,11.65,18.37,24.36,29.64,35.76,42.23,47.33,50.87,54.68,59.07,63.44,67.67,72.07,75.01,77.08,78.49,80.65,82.43,84.40,85.75,87.52,88.67,90.01,91.12,92.60,93.32,94.62,95.77,96.68,97.81,98.17,98.19,98.66,98.68,99.34,99.34,99.34,99.34,99.34,99.34,99.34,99.34,99.34,99.34,99.34,99.34,99.34,99.34,99.34,100.00
8.22
ROS
0.00,4.45,6.70,8.15,9.12,9.87,10.38,10.91,11.37,11.86,12.27,12.64,12.96,13.22,13.56,13.88,14.21,14.52,14.82,15.13,15.41,15.66,15.89,16.17,16.35,16.52,16.66,16.70,16.77,16.86,16.98,17.08,17.23,17.34,17.34,17.38,17.39,17.39,17.39,17.39,17.39,17.39,17.39,17.39,17.39,17.39,17.39,17.39,17.40,17.40,17.46,17.52,17.57,17.84,18.82,20.60,22.82,25.38,28.62,31.90,34.81,37.47,40.07,42.62,45.01,47.42,49.79,51.70,53.19,54.83,56.66,58.49,61.20,64.60,67.73,70.93,74.12,76.94,79.49,81.77,84.23,86.55,88.49,89.95,91.18,92.35,93.19,94.00,94.72,95.41,95.97,96.58,97.12,97.58,98.12,98.58,98.99,99.22,99.32,99.37,100.00
15.41
RUS
0.00,3.88,5.81,7.25,8.21,8.85,9.30,9.71,10.12,10.56,11.04,11.44,11.79,12.06,12.40,12.69,13.03,13.34,13.66,13.95,14.27,14.54,14.81,15.05,15.26,15.50,15.66,15.75,15.82,15.88,15.95,16.07,16.22,16.35,16.41,16.48,16.49,16.50,16.50,16.50,16.50,16.50,16.50,16.50,16.50,16.50,16.50,16.50,16.50,16.50,16.50,16.50,16.50,16.52,16.70,17.28,18.50,20.58,23.18,26.17,29.27,32.29,34.91,37.33,39.68,41.91,44.11,46.23,48.34,50.11,51.82,53.68,56.17,59.16,62.16,65.53,69.11,72.38,75.33,78.07,80.69,83.24,85.46,87.50,89.21,90.71,91.67,92.70,93.58,94.36,95.09,95.81,96.44,97.08,97.67,98.21,98.68,99.05,99.26,99.39,100.00
14.27
Smote
0.00,8.44,14.13,18.17,22.44,24.89,27.24,29.16,30.81,32.38,33.93,35.26,36.32,37.33,38.08,38.72,39.29,39.87,40.32,40.66,40.97,41.22,41.55,41.85,42.21,42.50,42.86,43.12,43.42,43.69,43.93,44.17,44.40,44.59,44.71,44.80,44.81,44.85,44.98,45.13,45.30,45.42,45.46,45.46,45.47,45.47,45.47,45.47,45.47,45.47,45.47,45.47,45.47,45.47,45.47,45.47,45.47,45.47,45.47,45.47,45.47,45.48,45.52,45.62,45.79,45.96,46.08,46.19,46.24,46.32,46.39,46.41,46.46,46.50,46.55,46.58,46.65,47.00,48.10,50.52,54.43,59.54,64.83,69.70,74.16,78.26,82.07,85.76,88.55,90.62,92.24,93.81,95.25,96.50,97.48,98.50,98.98,98.99,99.00,99.34,100.00
40.97
Bag
0.00,2.05,2.65,3.05,3.63,4.22,4.77,5.20,5.37,5.66,5.94,6.30,6.62,6.97,7.26,7.59,7.89,8.17,8.42,8.64,8.87,9.15,9.32,9.37,9.38,9.38,9.41,9.60,9.88,9.99,10.03,10.05,10.05,10.05,10.05,10.05,10.05,10.05,10.05,10.05,10.05,10.05,10.05,10.05,10.05,10.05,10.05,10.05,10.05,10.05,10.05,10.19,12.27,17.09,22.58,28.12,33.74,40.09,45.58,49.95,53.77,57.91,62.23,66.25,70.42,73.93,76.35,78.28,80.13,82.18,84.03,85.64,87.28,88.85,90.11,91.42,92.67,93.91,94.99,96.10,97.20,98.13,98.40,98.56,98.60,99.21,99.23,99.24,99.25,99.26,99.28,99.28,99.30,99.31,99.32,99.33,99.33,99.33,99.34,99.34,100.00
8.87
ROSBag
0.00,2.63,3.82,4.56,4.99,5.54,6.12,6.71,7.25,7.54,7.70,8.01,8.34,8.70,8.99,9.34,9.64,9.96,10.21,10.51,10.79,10.90,11.25,11.50,11.56,11.60,11.60,11.60,11.66,11.95,12.19,12.24,12.26,12.26,12.26,12.26,12.26,12.26,12.26,12.26,12.26,12.26,12.26,12.26,12.26,12.26,12.26,12.26,12.26,12.26,12.26,12.26,12.26,12.53,15.33,19.35,23.01,26.79,31.12,35.33,38.49,41.14,43.96,46.93,49.70,52.67,55.25,57.15,58.62,60.60,63.94,67.13,69.89,72.99,76.12,78.70,80.62,82.68,84.99,86.94,89.05,91.17,92.34,92.97,93.44,94.45,95.15,95.61,96.13,96.62,97.06,97.44,97.78,98.23,98.52,98.86,99.28,99.35,99.35,99.35,100.00
10.79
RUSBag
0.00,2.36,3.86,4.96,5.86,6.55,6.94,7.42,7.87,8.41,8.89,9.25,9.57,9.82,10.17,10.46,10.78,11.14,11.45,11.74,12.00,12.31,12.56,12.81,13.07,13.25,13.43,13.51,13.54,13.56,13.66,13.79,13.97,14.11,14.17,14.21,14.21,14.21,14.21,14.21,14.21,14.21,14.21,14.21,14.21,14.21,14.21,14.21,14.21,14.21,14.21,14.21,14.21,14.21,14.25,14.89,16.81,19.87,23.94,28.39,33.07,37.58,41.80,45.44,48.68,52.02,55.24,58.58,61.59,64.10,66.31,68.45,70.84,73.40,76.08,78.61,81.21,83.40,85.45,87.32,89.07,90.97,92.48,93.64,94.46,95.40,95.81,96.30,96.66,97.06,97.40,97.76,98.08,98.33,98.62,98.86,99.12,99.28,99.36,99.38,100.00
12.0
SmoteBag
0.00,8.52,14.50,18.50,22.78,25.05,27.39,29.47,30.87,32.50,34.21,35.43,36.57,37.70,38.33,38.84,39.46,40.06,40.52,40.81,41.04,41.30,41.69,41.97,42.35,42.63,42.97,43.26,43.56,43.81,44.06,44.30,44.54,44.75,44.85,44.88,44.89,44.90,45.04,45.25,45.46,45.54,45.54,45.55,45.55,45.56,45.56,45.56,45.56,45.56,45.56,45.56,45.56,45.56,45.56,45.56,45.56,45.56,45.56,45.56,45.56,45.56,45.56,45.69,45.91,46.11,46.26,46.32,46.39,46.46,46.49,46.53,46.57,46.62,46.66,46.67,46.68,46.75,47.72,50.30,54.58,59.98,65.40,70.27,74.31,78.23,82.59,86.26,88.88,90.74,92.34,93.89,95.37,96.52,97.42,98.48,98.93,98.95,98.96,99.34,100.00
41.04
Boost
0.00,2.36,2.79,3.28,3.87,4.48,4.86,5.00,5.25,5.59,5.91,6.26,6.54,6.91,7.19,7.52,7.66,8.08,8.26,8.42,8.70,8.79,8.81,8.83,8.86,8.91,9.04,9.21,9.26,9.26,9.26,9.26,9.26,9.26,9.26,9.26,9.26,9.26,9.26,9.26,9.26,9.43,9.68,10.11,10.58,12.36,14.18,15.78,17.62,20.00,22.54,25.57,30.63,36.15,41.33,46.24,51.41,56.07,59.48,62.72,65.97,69.64,72.96,76.00,78.58,80.54,82.21,83.79,85.42,87.10,88.46,89.82,91.07,92.23,93.20,94.13,94.89,95.75,96.48,97.26,97.95,98.21,98.28,98.56,98.62,99.28,99.30,99.31,99.32,99.33,99.33,99.33,99.33,99.33,99.34,99.34,99.34,99.34,99.34,99.34,100.00
8.7
ROSBoost
0.00,5.55,8.78,10.85,12.46,13.72,14.81,15.56,16.34,16.82,17.40,17.89,18.26,18.64,19.01,19.38,19.71,20.05,20.34,20.69,20.99,21.26,21.58,21.86,22.13,22.38,22.59,22.80,22.90,23.03,23.17,23.25,23.33,23.43,23.53,23.60,23.69,23.75,23.75,23.77,23.79,23.80,23.80,23.80,23.81,23.81,23.84,23.99,24.15,24.30,24.56,24.93,25.36,25.68,26.24,26.96,27.80,29.28,31.17,33.60,36.29,39.54,43.07,46.34,49.40,52.97,56.14,58.87,61.66,64.32,66.55,68.85,70.97,73.30,75.36,77.29,79.58,81.90,83.95,85.91,87.85,89.52,91.03,92.36,93.43,94.59,95.35,95.99,96.45,96.91,97.36,97.68,98.03,98.38,98.61,98.88,99.09,99.25,99.34,99.38,100.00
20.99
RUSBoost
0.00,5.04,7.87,9.91,11.47,12.76,13.77,14.59,15.26,15.86,16.27,16.77,17.23,17.65,18.08,18.42,18.74,19.05,19.36,19.70,19.99,20.32,20.62,20.94,21.18,21.43,21.73,21.94,22.11,22.28,22.41,22.47,22.60,22.68,22.75,22.90,23.00,23.06,23.09,23.13,23.15,23.16,23.16,23.16,23.16,23.16,23.16,23.16,23.16,23.22,23.27,23.38,23.60,23.79,23.95,24.19,24.53,25.32,26.72,28.50,30.99,34.48,38.17,41.93,45.76,49.50,52.79,55.95,58.85,61.76,64.53,66.87,69.23,71.12,72.92,74.75,77.05,79.34,81.28,83.54,85.77,87.60,89.24,90.92,92.17,93.48,94.36,95.15,95.74,96.34,96.87,97.30,97.66,97.98,98.32,98.58,98.88,99.07,99.28,99.37,100.00
19.99
SmoteBoost
0.00,7.28,12.13,15.62,18.38,20.48,22.25,23.79,25.14,26.30,27.24,28.07,28.72,29.35,29.95,30.40,30.79,31.18,31.51,31.84,32.19,32.50,32.83,33.10,33.46,33.69,34.03,34.25,34.49,34.73,34.91,35.06,35.17,35.28,35.39,35.52,35.66,35.72,35.81,35.85,35.90,35.94,35.98,36.01,36.01,36.01,36.01,36.01,36.01,36.01,36.01,36.01,36.03,36.03,36.03,36.04,36.05,36.07,36.15,36.44,37.01,38.07,39.07,40.19,41.29,42.28,43.39,44.85,46.20,47.56,48.96,50.01,51.05,52.36,53.76,55.38,57.52,59.97,62.83,66.05,69.39,72.96,76.28,79.34,82.21,85.08,87.28,89.38,91.17,92.74,93.96,95.01,95.96,96.79,97.50,98.16,98.67,99.10,99.28,99.44,100.00
32.19
