Simple
0.00,3.73,4.90,5.45,6.34,6.98,7.37,7.80,8.28,8.71,9.03,9.47,9.77,10.07,10.42,10.74,10.98,11.32,11.64,11.82,11.96,12.02,12.12,12.17,12.18,12.19,12.26,12.52,13.26,15.01,17.28,20.42,24.76,29.66,34.57,39.38,44.18,48.33,52.08,55.47,58.51,61.20,63.75,66.05,68.25,70.38,72.41,74.15,75.71,77.21,78.48,79.72,80.90,81.96,83.04,83.98,84.90,85.72,86.53,87.33,88.05,88.80,89.58,90.35,91.13,91.89,92.56,93.19,93.78,94.27,94.80,95.23,95.56,95.86,96.09,96.34,96.56,96.83,97.14,97.43,97.74,98.08,98.37,98.66,98.92,99.10,99.29,99.37,99.47,99.50,99.63,99.64,99.64,99.80,99.82,99.82,99.82,100.00,100.00,100.00,100.00
11.96
ROS
0.00,12.22,15.70,17.60,19.03,20.20,21.18,21.99,22.64,23.24,23.84,24.35,24.84,25.29,25.72,26.15,26.54,26.97,27.41,27.83,28.29,28.71,29.12,29.53,29.88,30.21,30.53,30.84,31.14,31.44,31.75,32.07,32.38,32.66,32.89,33.05,33.15,33.24,33.29,33.32,33.38,33.47,33.71,34.16,34.78,35.78,36.99,38.84,41.20,43.95,47.25,50.77,54.22,57.60,60.91,64.11,67.08,69.83,72.34,74.67,76.72,78.73,80.50,82.09,83.54,84.83,86.02,87.15,88.21,89.20,90.10,90.94,91.77,92.60,93.37,94.09,94.75,95.45,96.03,96.58,97.05,97.46,97.82,98.15,98.43,98.70,98.93,99.10,99.28,99.39,99.53,99.60,99.63,99.77,99.82,99.82,99.82,100.00,100.00,100.00,100.00
28.29
RUS
0.00,9.74,12.36,13.86,15.02,15.95,16.71,17.34,17.92,18.46,18.96,19.42,19.88,20.26,20.68,21.04,21.39,21.77,22.19,22.62,23.02,23.48,23.89,24.29,24.71,25.06,25.37,25.69,25.99,26.25,26.55,26.87,27.19,27.54,27.85,28.12,28.32,28.43,28.52,28.60,28.64,28.66,28.69,28.77,28.90,29.06,29.27,29.51,30.19,31.23,32.59,34.53,36.79,39.85,43.64,47.79,51.82,55.88,59.52,62.93,66.07,68.94,71.53,73.79,75.87,77.88,79.75,81.50,83.09,84.44,85.66,86.93,87.97,89.03,89.94,90.84,91.70,92.49,93.27,93.99,94.67,95.39,96.15,96.79,97.37,97.88,98.26,98.59,98.91,99.13,99.33,99.51,99.60,99.73,99.82,99.83,99.83,100.00,100.00,100.00,100.00
23.02
Smote
0.00,14.19,20.49,23.56,25.33,27.44,28.48,29.84,30.81,31.95,32.59,33.60,34.21,34.96,35.34,35.86,36.33,36.91,37.47,37.73,38.25,38.79,39.20,39.62,40.08,40.43,40.91,41.37,41.88,42.27,42.58,43.02,43.41,43.68,44.03,44.34,44.59,44.88,45.19,45.38,45.54,45.70,45.87,46.82,48.64,51.45,54.61,57.80,61.20,64.50,67.77,70.66,73.38,76.05,78.57,80.71,82.53,84.20,85.76,87.10,88.29,89.32,90.23,91.07,92.03,93.08,94.02,94.87,95.52,96.07,96.48,96.83,97.15,97.44,97.71,97.99,98.21,98.47,98.71,98.94,99.05,99.13,99.16,99.19,99.27,99.41,99.43,99.44,99.60,99.61,99.64,99.66,99.66,99.81,99.82,99.82,99.82,100.00,100.00,100.00,100.00
38.25
Bag
0.00,4.00,5.24,5.88,6.50,7.21,7.73,8.16,8.60,9.08,9.56,9.90,10.26,10.67,10.97,11.26,11.60,11.88,12.18,12.49,12.82,13.04,13.19,13.30,13.36,13.42,13.45,13.47,13.50,13.70,14.22,15.14,16.96,19.48,23.34,27.93,32.50,36.92,41.36,45.64,49.53,53.28,56.60,59.65,62.35,64.78,67.18,69.50,71.63,73.51,75.17,76.73,78.16,79.47,80.71,81.91,83.03,84.01,84.93,85.81,86.66,87.51,88.27,89.01,89.78,90.59,91.37,92.12,92.84,93.47,94.05,94.62,95.18,95.63,96.00,96.29,96.58,96.84,97.11,97.40,97.68,97.96,98.24,98.50,98.76,98.99,99.17,99.27,99.40,99.45,99.60,99.63,99.64,99.79,99.82,99.82,99.82,100.00,100.00,100.00,100.00
12.82
ROSBag
0.00,14.23,17.90,19.82,21.34,22.56,23.64,24.36,24.96,25.56,26.17,26.61,27.01,27.53,27.99,28.36,28.72,29.12,29.53,29.91,30.35,30.78,31.19,31.60,31.88,32.22,32.60,32.90,33.14,33.45,33.79,34.09,34.39,34.75,35.05,35.24,35.36,35.44,35.52,35.57,35.59,35.60,35.68,35.88,36.10,36.49,37.31,38.61,40.46,42.84,45.75,48.95,52.27,55.73,59.09,62.28,65.32,68.10,70.71,73.05,75.29,77.36,79.29,80.97,82.53,83.93,85.20,86.34,87.44,88.46,89.34,90.18,91.02,91.77,92.57,93.39,94.12,94.87,95.58,96.17,96.68,97.19,97.59,97.96,98.31,98.60,98.84,99.07,99.26,99.39,99.54,99.59,99.62,99.78,99.81,99.82,99.82,100.00,100.00,100.00,100.00
30.35
RUSBag
0.00,8.43,10.37,11.80,12.78,13.38,13.91,14.43,15.06,15.55,15.91,16.37,16.89,17.21,17.46,17.79,18.10,18.52,18.89,19.34,19.78,20.14,20.53,21.02,21.37,21.65,22.02,22.40,22.64,22.78,23.08,23.42,23.74,24.04,24.42,24.81,25.08,25.23,25.34,25.39,25.46,25.54,25.54,25.55,25.55,25.59,25.66,25.74,25.84,26.01,26.16,26.36,26.72,27.52,29.04,31.09,33.56,37.04,41.88,46.87,51.25,55.48,59.41,62.78,65.78,68.67,71.24,73.53,75.57,77.48,79.42,81.30,82.94,84.32,85.63,86.78,87.77,88.82,89.85,90.76,91.52,92.26,93.01,93.84,94.58,95.27,96.07,96.81,97.62,98.25,98.71,99.09,99.33,99.49,99.73,99.82,99.82,100.00,100.00,100.00,100.00
19.78
SmoteBag
0.00,14.21,20.51,23.57,25.31,27.44,28.48,29.84,30.84,31.98,32.60,33.60,34.24,35.00,35.36,35.89,36.37,36.92,37.51,37.76,38.27,38.83,39.24,39.65,40.13,40.45,40.97,41.40,41.90,42.34,42.62,43.07,43.47,43.73,44.09,44.41,44.67,44.94,45.29,45.48,45.65,45.76,45.90,46.48,47.97,50.63,53.68,57.05,60.38,63.65,66.98,70.04,72.81,75.43,78.02,80.27,82.19,83.92,85.49,86.87,88.10,89.20,90.12,90.94,91.86,92.85,93.86,94.74,95.47,96.05,96.49,96.84,97.14,97.43,97.73,98.01,98.23,98.47,98.70,98.95,99.07,99.16,99.20,99.22,99.27,99.42,99.43,99.44,99.60,99.61,99.64,99.66,99.66,99.81,99.82,99.82,99.82,100.00,100.00,100.00,100.00
38.27
Boost
0.00,3.73,4.88,5.42,6.30,6.97,7.33,7.79,8.28,8.66,9.05,9.46,9.74,10.07,10.41,10.71,10.96,11.32,11.59,11.75,11.86,11.94,12.02,12.05,12.06,12.09,12.34,12.94,14.41,16.87,19.84,23.63,28.10,32.85,37.55,42.12,46.58,50.49,53.99,57.16,60.01,62.63,65.09,67.39,69.47,71.49,73.35,74.94,76.45,77.90,79.13,80.35,81.46,82.50,83.53,84.43,85.31,86.12,86.90,87.71,88.43,89.24,90.03,90.75,91.51,92.21,92.83,93.49,94.02,94.50,94.96,95.34,95.63,95.94,96.17,96.45,96.67,96.95,97.28,97.56,97.87,98.18,98.46,98.74,98.97,99.14,99.31,99.38,99.49,99.52,99.63,99.64,99.64,99.80,99.82,99.82,99.82,100.00,100.00,100.00,100.00
11.86
ROSBoost
0.00,7.81,10.06,11.44,12.40,13.13,13.75,14.25,14.75,15.18,15.56,15.99,16.34,16.74,17.13,17.53,17.93,18.27,18.68,19.05,19.38,19.74,20.07,20.37,20.66,20.99,21.29,21.58,21.86,22.13,22.34,22.51,22.66,22.77,22.85,22.99,23.09,23.19,23.29,23.39,23.64,24.11,24.71,25.59,27.00,28.93,31.27,34.27,37.42,40.53,43.93,47.53,51.15,54.52,57.82,60.86,63.79,66.59,69.13,71.47,73.61,75.54,77.30,78.91,80.48,81.88,83.16,84.39,85.49,86.54,87.48,88.39,89.29,90.16,91.01,91.75,92.48,93.25,93.95,94.59,95.18,95.74,96.29,96.77,97.23,97.65,98.01,98.36,98.67,98.91,99.17,99.35,99.47,99.66,99.76,99.80,99.81,99.97,99.99,99.99,100.00
19.38
RUSBoost
0.00,6.95,8.93,10.07,10.93,11.56,12.18,12.69,13.17,13.59,14.01,14.36,14.70,15.05,15.42,15.79,16.16,16.60,16.99,17.39,17.81,18.17,18.52,18.86,19.18,19.45,19.75,20.05,20.36,20.66,20.99,21.26,21.51,21.71,21.86,21.97,22.05,22.10,22.14,22.18,22.22,22.26,22.41,22.51,22.77,23.29,23.88,24.98,26.56,28.21,30.63,33.53,36.58,39.89,43.60,47.28,50.97,54.80,58.49,61.74,64.79,67.58,70.04,72.34,74.49,76.40,78.20,79.85,81.33,82.77,84.05,85.29,86.40,87.46,88.47,89.40,90.26,91.10,91.90,92.69,93.45,94.18,94.86,95.53,96.18,96.75,97.27,97.79,98.19,98.56,98.89,99.17,99.37,99.56,99.72,99.79,99.82,99.99,99.99,99.99,100.00
17.81
SmoteBoost
0.00,9.25,12.20,13.89,15.16,16.13,16.89,17.58,18.15,18.66,19.13,19.55,19.93,20.28,20.68,21.11,21.45,21.84,22.23,22.61,22.98,23.33,23.66,24.01,24.29,24.60,24.91,25.19,25.47,25.71,25.97,26.17,26.35,26.47,26.58,26.67,26.84,27.08,27.54,28.26,29.14,30.14,31.40,33.12,35.25,37.63,40.17,42.84,45.88,49.40,52.75,56.03,59.37,62.47,65.29,68.05,70.54,72.70,74.71,76.60,78.30,79.91,81.34,82.71,83.96,85.10,86.17,87.22,88.13,89.03,89.99,90.81,91.58,92.30,92.97,93.66,94.25,94.81,95.38,95.92,96.39,96.89,97.35,97.72,98.07,98.35,98.62,98.87,99.10,99.28,99.45,99.56,99.62,99.75,99.82,99.82,99.83,99.99,99.99,99.99,100.00
22.98
