Simple
0.00,7.08,11.00,13.43,16.08,17.41,19.04,20.50,21.83,23.33,24.25,25.49,26.33,26.99,27.72,28.70,29.61,30.63,31.49,32.39,33.31,34.06,34.58,35.11,35.59,36.31,37.02,37.65,38.03,38.47,38.97,39.46,39.96,40.48,40.94,41.41,41.84,42.22,42.48,42.72,43.01,43.32,43.63,43.94,44.23,44.52,44.80,45.16,45.80,46.96,48.93,51.86,55.35,59.13,62.93,66.41,69.59,72.31,74.76,76.94,78.77,80.35,81.83,83.30,84.70,86.06,87.43,88.73,89.96,91.17,92.26,93.21,94.10,94.87,95.50,96.06,96.56,97.01,97.42,97.79,98.13,98.38,98.59,98.75,98.89,99.02,99.15,99.28,99.44,99.61,99.72,99.81,99.85,99.87,100.00,100.00,100.00,100.00,100.00,100.00,100.00
33.31
ROS
0.00,9.82,14.70,18.70,22.30,25.41,27.83,30.02,32.06,33.72,35.17,36.71,38.20,39.64,41.05,42.32,43.48,44.53,45.51,46.43,47.32,48.24,49.18,50.12,51.05,51.95,52.87,53.70,54.48,55.18,55.85,56.44,57.01,57.56,58.09,58.71,59.32,59.91,60.40,60.85,61.31,61.75,62.23,62.72,63.19,63.66,64.11,64.53,64.89,65.19,65.44,65.68,65.94,66.23,66.54,66.83,67.13,67.40,67.63,67.82,68.01,68.24,68.48,68.81,69.53,70.55,71.75,73.34,75.39,77.68,80.01,82.49,84.61,86.50,88.13,89.68,91.00,92.19,93.26,94.29,95.24,96.00,96.74,97.36,97.86,98.33,98.66,98.94,99.16,99.35,99.54,99.68,99.79,99.87,99.98,99.99,100.00,100.00,100.00,100.00,100.00
47.32
RUS
0.00,9.73,14.43,18.52,22.02,24.96,27.28,29.36,31.34,32.88,34.39,35.88,37.34,38.81,40.13,41.36,42.44,43.47,44.41,45.28,46.21,47.11,48.05,48.98,49.88,50.78,51.65,52.43,53.17,53.86,54.49,55.08,55.63,56.21,56.76,57.37,57.96,58.53,59.02,59.49,59.92,60.39,60.86,61.35,61.82,62.28,62.73,63.13,63.47,63.76,64.00,64.26,64.55,64.84,65.15,65.46,65.75,66.01,66.24,66.41,66.67,67.19,67.97,68.91,70.36,72.10,74.19,76.50,78.95,81.17,83.32,85.35,87.11,88.60,90.04,91.29,92.49,93.58,94.53,95.39,96.21,96.91,97.43,97.86,98.29,98.58,98.85,99.08,99.28,99.46,99.60,99.73,99.82,99.88,99.99,99.99,99.99,100.00,100.00,100.00,100.00
46.21
Smote
0.00,10.66,17.45,20.67,25.17,28.61,32.47,35.71,37.92,40.03,41.76,44.36,46.14,47.60,49.21,50.62,52.08,53.81,54.80,56.60,57.95,58.90,59.72,61.17,61.66,62.62,63.81,64.56,65.60,66.42,67.44,68.23,69.01,70.01,70.69,71.24,71.94,72.56,73.14,73.54,74.14,74.83,75.52,76.08,76.52,76.91,77.41,77.87,78.37,78.87,79.29,79.76,80.20,80.60,80.92,81.19,81.47,81.78,82.08,82.38,82.75,83.19,83.73,84.61,85.90,87.25,88.80,90.25,91.43,92.53,93.55,94.34,95.09,95.74,96.31,96.78,97.15,97.46,97.73,97.97,98.21,98.43,98.60,98.78,98.92,99.02,99.19,99.35,99.52,99.69,99.77,99.81,99.83,99.84,99.99,99.99,99.99,100.00,100.00,100.00,100.00
57.95
Bag
0.00,7.13,10.96,13.44,15.74,17.14,18.78,20.19,21.64,23.02,24.04,25.17,25.95,26.68,27.48,28.41,29.37,30.36,31.25,32.15,33.04,33.78,34.42,34.94,35.42,36.05,36.75,37.41,37.93,38.37,38.82,39.31,39.80,40.32,40.79,41.25,41.71,42.16,42.52,42.77,43.02,43.27,43.55,43.86,44.16,44.46,44.76,45.04,45.33,45.56,45.86,46.33,47.18,48.34,50.07,52.46,55.48,58.70,62.10,65.41,68.71,71.60,74.22,76.64,78.68,80.47,82.11,83.69,85.17,86.58,87.84,89.13,90.44,91.55,92.55,93.55,94.50,95.26,95.94,96.56,97.07,97.57,97.93,98.23,98.55,98.78,98.98,99.17,99.32,99.48,99.61,99.73,99.82,99.87,100.00,100.00,100.00,100.00,100.00,100.00,100.00
33.04
ROSBag
0.00,10.19,15.24,19.51,23.25,26.56,29.25,31.47,33.99,35.67,37.11,38.57,40.19,41.85,43.16,44.65,46.04,47.06,48.04,49.20,49.98,50.90,51.85,52.73,53.72,54.68,55.68,56.59,57.46,58.25,58.95,59.57,60.24,60.78,61.27,61.78,62.38,63.06,63.72,64.22,64.67,65.07,65.55,66.01,66.52,67.00,67.44,67.91,68.37,68.80,69.14,69.38,69.57,69.80,70.08,70.39,70.70,71.00,71.30,71.59,71.83,72.03,72.16,72.33,72.58,72.96,73.48,74.50,76.16,77.82,79.79,82.07,84.35,86.36,88.15,89.81,91.27,92.52,93.66,94.75,95.60,96.41,97.10,97.68,98.17,98.52,98.83,99.07,99.25,99.43,99.56,99.70,99.81,99.87,100.00,100.00,100.00,100.00,100.00,100.00,100.00
49.98
RUSBag
0.00,9.95,14.68,18.69,22.39,25.50,27.83,30.16,32.23,33.67,35.13,36.76,38.33,39.78,41.14,42.55,43.60,44.59,45.68,46.61,47.45,48.41,49.30,50.24,51.21,52.20,53.11,53.98,54.80,55.45,56.07,56.70,57.31,57.81,58.29,58.86,59.50,60.18,60.74,61.18,61.61,62.05,62.53,63.01,63.50,63.96,64.41,64.88,65.33,65.71,65.99,66.20,66.44,66.73,67.03,67.34,67.64,67.95,68.22,68.49,68.75,68.99,69.28,69.94,71.25,73.05,75.11,77.73,80.38,82.96,85.15,87.17,88.81,90.29,91.55,92.78,93.91,94.90,95.81,96.59,97.20,97.73,98.14,98.50,98.75,98.96,99.13,99.29,99.43,99.58,99.70,99.79,99.85,99.88,100.00,100.00,100.00,100.00,100.00,100.00,100.00
47.45
SmoteBag
0.00,10.65,17.48,20.70,25.19,28.63,32.50,35.73,37.95,40.10,41.83,44.42,46.22,47.73,49.29,50.68,52.18,53.88,54.88,56.69,58.00,58.95,59.80,61.26,61.71,62.68,63.88,64.63,65.67,66.50,67.53,68.28,69.09,70.07,70.73,71.29,72.01,72.60,73.21,73.58,74.18,74.88,75.59,76.12,76.57,76.96,77.45,77.91,78.41,78.91,79.32,79.80,80.25,80.66,80.99,81.26,81.54,81.85,82.16,82.46,82.73,83.15,83.79,84.65,85.93,87.24,88.81,90.29,91.44,92.57,93.54,94.35,95.09,95.75,96.33,96.79,97.16,97.50,97.77,98.00,98.23,98.44,98.62,98.81,98.91,99.03,99.20,99.34,99.53,99.70,99.78,99.82,99.84,99.84,100.00,100.00,100.00,100.00,100.00,100.00,100.00
58.0
Boost
0.00,6.50,10.17,12.94,14.18,15.68,17.23,18.33,19.79,21.26,22.21,23.35,24.11,24.86,25.74,26.67,27.55,28.45,29.36,30.21,31.11,31.87,32.53,33.15,33.78,34.33,34.82,35.35,35.96,36.60,37.18,37.61,38.05,38.45,38.91,39.38,39.87,40.33,40.77,41.22,41.64,41.98,42.23,42.47,42.72,43.00,43.31,43.61,43.92,44.32,44.94,45.66,46.61,48.04,50.23,53.32,56.77,60.52,64.13,67.56,70.58,73.50,76.07,78.25,80.27,81.98,83.50,85.05,86.51,87.92,89.29,90.59,91.83,93.03,94.06,95.00,95.81,96.43,96.99,97.49,97.90,98.25,98.49,98.71,98.88,99.01,99.18,99.29,99.45,99.62,99.74,99.82,99.87,99.88,100.00,100.00,100.00,100.00,100.00,100.00,100.00
31.11
ROSBoost
0.00,7.51,11.31,14.20,16.40,18.20,19.72,21.16,22.63,23.93,25.15,26.22,27.21,28.08,29.00,29.89,30.78,31.67,32.56,33.41,34.26,35.04,35.77,36.48,37.14,37.79,38.37,38.92,39.48,40.03,40.64,41.23,41.76,42.28,42.72,43.14,43.58,44.03,44.50,44.99,45.44,45.90,46.33,46.75,47.08,47.37,47.56,47.79,48.01,48.28,48.56,48.87,49.17,49.47,49.75,50.00,50.20,50.37,50.49,50.60,50.73,50.88,51.04,51.19,51.34,51.54,51.79,52.12,52.62,53.61,55.07,57.13,59.79,62.84,65.97,69.21,72.29,75.24,77.84,80.21,82.34,84.11,85.77,87.42,88.88,90.23,91.58,92.93,94.15,95.27,96.31,97.22,97.97,98.57,99.10,99.40,99.61,99.84,99.91,99.96,100.00
34.26
RUSBoost
0.00,7.06,10.58,13.15,15.07,16.65,18.04,19.50,20.74,21.96,23.04,24.00,24.94,25.78,26.68,27.54,28.43,29.29,30.15,30.98,31.76,32.52,33.16,33.84,34.45,35.08,35.63,36.18,36.75,37.32,37.90,38.47,39.00,39.46,39.89,40.31,40.75,41.20,41.69,42.15,42.62,43.07,43.49,43.85,44.16,44.39,44.60,44.80,45.06,45.33,45.63,45.93,46.23,46.53,46.80,47.00,47.18,47.32,47.41,47.54,47.70,47.86,48.08,48.29,48.50,48.67,48.93,49.53,50.64,52.34,54.50,57.16,60.26,63.33,66.46,69.64,72.70,75.50,77.93,80.19,82.11,83.95,85.65,87.29,88.75,90.22,91.51,92.79,94.03,95.20,96.13,97.09,97.87,98.44,98.98,99.35,99.61,99.81,99.89,99.96,100.00
31.76
SmoteBoost
0.00,9.27,13.91,17.90,21.36,24.22,26.58,28.63,30.53,32.21,33.72,35.20,36.69,38.09,39.43,40.65,41.81,42.84,43.76,44.73,45.65,46.54,47.47,48.38,49.28,50.12,50.97,51.75,52.47,53.18,53.84,54.44,55.02,55.58,56.15,56.71,57.26,57.85,58.36,58.88,59.34,59.75,60.22,60.68,61.17,61.64,62.09,62.53,62.93,63.30,63.58,63.82,64.05,64.27,64.54,64.82,65.12,65.43,65.70,65.96,66.18,66.36,66.50,66.62,66.76,66.93,67.19,67.57,68.01,68.60,69.24,70.13,71.30,72.52,73.87,75.40,77.17,79.17,81.45,83.46,85.40,87.26,88.94,90.58,91.92,93.12,94.24,95.16,96.11,96.86,97.50,98.09,98.57,98.99,99.30,99.55,99.73,99.88,99.94,99.97,100.00
45.65
