Simple
0.00,7.04,11.63,14.35,18.89,21.03,23.97,25.38,27.58,30.17,32.64,33.58,35.54,37.26,39.18,40.75,42.36,43.35,44.13,44.60,45.32,46.44,47.13,47.87,49.00,50.06,51.10,52.12,53.08,53.97,54.41,54.62,54.96,55.48,56.22,57.01,57.77,58.68,59.61,60.61,61.47,62.21,62.56,62.59,62.59,62.61,62.70,63.00,63.46,63.95,64.47,65.01,65.41,65.63,65.71,65.83,66.06,66.39,66.67,66.85,66.98,67.15,67.35,67.51,67.71,67.92,68.25,68.54,68.83,69.08,69.35,69.53,69.68,70.02,70.48,71.42,73.20,75.25,77.93,80.66,83.09,84.96,86.49,87.91,89.34,90.64,91.67,92.56,93.40,94.32,95.30,96.20,96.93,97.54,98.08,98.55,99.00,99.42,99.72,99.84,100.00
45.32
ROS
0.00,7.26,12.22,15.85,18.19,21.01,24.50,26.96,29.19,31.11,33.11,34.65,36.92,39.28,41.85,44.06,44.93,45.49,47.16,48.95,50.47,52.28,54.12,55.30,56.76,57.99,58.93,59.74,60.47,61.12,61.92,62.80,63.45,64.02,64.65,65.59,66.69,67.84,68.84,69.85,70.84,71.54,72.03,72.38,72.76,73.34,73.96,74.68,75.42,76.14,77.00,77.86,78.72,79.38,79.78,79.96,80.01,80.09,80.28,80.57,81.03,81.52,81.99,82.40,82.70,82.94,83.15,83.36,83.59,83.87,84.07,84.26,84.41,84.58,84.85,85.07,85.29,85.56,85.85,86.09,86.28,86.49,86.66,86.81,87.13,87.95,88.85,90.01,91.35,92.94,94.47,95.84,96.75,97.53,98.12,98.59,99.06,99.41,99.70,99.84,100.00
50.47
RUS
0.00,7.53,11.64,15.17,17.99,21.08,24.09,26.41,28.48,30.51,32.23,34.41,36.77,39.24,41.08,42.06,43.13,44.68,46.42,48.34,50.00,51.59,52.92,54.28,55.35,56.18,56.96,57.60,58.32,59.14,59.95,60.62,61.20,62.02,62.99,64.08,65.20,66.17,67.15,68.04,68.57,68.92,69.35,69.75,70.42,71.11,71.72,72.40,73.11,73.94,74.86,75.65,76.32,76.68,76.87,76.92,76.98,77.13,77.41,77.86,78.37,78.90,79.32,79.66,79.89,80.03,80.20,80.44,80.73,80.99,81.18,81.31,81.47,81.68,81.90,82.09,82.33,82.61,82.89,83.18,83.39,83.57,83.77,84.06,84.31,84.66,85.59,86.86,88.74,90.99,93.09,94.61,96.04,96.94,97.61,98.23,98.77,99.17,99.57,99.80,100.00
50.0
Smote
0.00,7.59,12.03,16.46,18.34,22.18,24.44,27.06,29.26,31.19,32.96,35.11,36.70,38.97,41.65,43.99,46.72,47.77,47.90,49.59,51.34,52.50,53.25,55.59,57.39,58.49,60.18,61.28,62.29,62.94,63.69,64.59,64.92,65.82,67.03,67.59,68.41,68.67,69.67,70.78,71.73,72.85,73.79,74.75,75.46,75.64,76.03,76.39,77.22,77.98,78.59,79.28,79.93,80.87,81.79,82.70,83.37,83.59,83.60,83.61,83.67,83.90,84.39,84.94,85.43,85.94,86.31,86.63,86.78,86.91,87.13,87.39,87.66,87.89,87.99,88.14,88.38,88.63,88.83,89.09,89.32,89.69,89.89,90.13,90.22,90.35,90.45,90.68,91.30,92.22,93.16,94.72,96.09,97.44,98.22,98.75,99.20,99.49,99.80,99.94,100.00
51.34
Bag
0.00,7.15,11.58,14.36,18.69,20.90,23.76,25.34,27.53,30.30,32.42,33.53,35.43,37.28,39.24,40.99,42.46,43.52,44.25,45.06,46.01,46.84,47.50,48.39,49.57,50.70,51.71,52.72,53.62,54.37,54.84,55.15,55.63,56.24,57.03,57.84,58.68,59.63,60.53,61.46,62.11,62.52,62.68,62.73,62.81,63.01,63.38,63.82,64.33,64.81,65.20,65.46,65.68,65.89,66.13,66.35,66.60,66.82,66.98,67.12,67.32,67.54,67.76,68.00,68.27,68.58,68.84,69.06,69.25,69.65,70.11,70.94,72.02,73.35,75.09,77.05,79.44,81.86,83.94,85.83,87.39,88.75,89.92,91.15,92.18,93.10,93.92,94.73,95.47,96.23,96.90,97.42,97.94,98.38,98.76,99.08,99.32,99.51,99.65,99.76,100.00
46.01
ROSBag
0.00,7.00,12.39,15.96,17.99,20.68,24.34,26.61,29.13,30.81,32.95,34.20,36.57,38.94,41.29,44.05,45.21,45.29,46.75,48.53,50.13,52.12,54.21,55.12,56.68,58.01,58.95,59.70,60.50,61.17,61.72,62.82,63.61,64.11,64.42,65.20,66.28,67.44,68.53,69.61,70.54,71.58,72.37,72.60,72.82,73.25,73.75,74.60,75.24,75.84,76.59,77.38,78.32,79.22,80.05,80.54,80.69,80.70,80.70,80.73,80.83,81.11,81.64,82.22,82.75,83.21,83.54,83.76,83.82,83.97,84.22,84.54,84.82,85.02,85.09,85.26,85.45,85.66,85.86,86.09,86.40,86.73,87.01,87.25,87.41,87.51,87.53,87.59,87.94,88.65,89.98,91.94,94.22,96.05,97.04,97.87,98.46,99.00,99.42,99.80,100.00
50.13
RUSBag
0.00,7.19,11.46,15.14,17.70,20.27,23.42,26.13,27.63,30.15,31.29,33.62,35.85,38.37,40.97,42.01,42.23,43.84,45.67,47.35,49.56,51.14,52.30,53.99,55.20,56.10,56.85,57.67,58.27,58.94,59.94,60.68,61.13,61.57,62.39,63.52,64.65,65.75,66.75,67.75,68.74,69.37,69.61,69.89,70.27,70.90,71.68,72.22,72.76,73.47,74.21,75.13,76.04,76.93,77.47,77.68,77.71,77.71,77.71,77.82,78.09,78.53,79.11,79.65,80.16,80.56,80.77,80.82,80.91,81.13,81.49,81.83,81.99,82.09,82.27,82.42,82.65,82.80,83.02,83.32,83.66,83.94,84.23,84.43,84.56,84.57,84.62,84.86,85.44,86.65,88.82,91.53,94.00,95.78,96.91,97.72,98.27,98.81,99.33,99.74,100.00
49.56
SmoteBag
0.00,7.59,12.04,16.46,18.34,22.20,24.51,27.09,29.28,31.21,32.97,35.16,36.76,39.01,41.70,44.06,46.75,47.82,47.91,49.65,51.31,52.48,53.19,55.56,57.40,58.41,60.20,61.27,62.26,62.87,63.68,64.65,64.90,65.84,67.13,67.54,68.48,68.65,69.68,70.77,71.78,72.89,73.79,74.82,75.53,75.63,76.10,76.37,77.24,78.06,78.66,79.33,80.00,80.93,81.86,82.77,83.52,83.73,83.73,83.73,83.79,84.01,84.49,85.07,85.61,86.12,86.56,86.78,86.84,86.91,87.21,87.53,87.88,88.01,88.11,88.24,88.51,88.70,88.82,89.09,89.36,89.73,89.95,90.25,90.44,90.54,90.56,90.67,90.91,91.38,92.13,94.09,96.09,97.41,98.16,98.66,99.18,99.53,99.85,99.92,100.00
51.31
Boost
0.00,7.16,11.61,14.48,18.96,21.00,24.08,25.44,27.60,30.30,32.62,33.63,35.61,37.30,39.20,40.80,42.36,43.32,44.13,44.56,45.34,46.46,47.08,47.91,48.99,50.07,51.12,52.08,53.07,53.97,54.36,54.57,54.91,55.48,56.21,56.97,57.75,58.65,59.61,60.58,61.46,62.19,62.49,62.53,62.53,62.54,62.63,62.94,63.42,63.92,64.45,64.96,65.35,65.58,65.65,65.78,66.01,66.33,66.61,66.81,66.94,67.10,67.28,67.46,67.69,67.87,68.20,68.47,68.79,69.04,69.30,69.48,69.65,69.99,70.46,71.35,72.97,74.92,77.72,80.41,82.90,84.80,86.34,87.77,89.13,90.51,91.60,92.49,93.30,94.25,95.17,96.13,96.86,97.49,98.03,98.51,98.97,99.37,99.71,99.85,100.00
45.34
ROSBoost
0.00,7.64,11.67,15.17,18.13,21.01,24.08,26.43,28.45,30.49,32.28,34.45,36.90,39.16,40.99,42.23,43.42,44.93,46.63,48.23,49.87,51.43,52.79,54.04,55.06,55.94,56.70,57.46,58.18,58.97,59.78,60.47,61.20,62.18,63.22,64.29,65.31,66.27,67.06,67.78,68.32,68.78,69.28,69.85,70.54,71.22,71.97,72.79,73.57,74.40,75.07,75.63,75.94,76.15,76.30,76.51,76.80,77.18,77.58,77.98,78.41,78.74,78.99,79.24,79.47,79.74,79.96,80.15,80.28,80.55,80.72,80.99,81.17,81.46,81.75,82.04,82.25,82.52,82.86,83.24,83.80,84.68,85.70,86.94,88.47,90.11,91.62,93.09,94.34,95.49,96.37,97.11,97.72,98.20,98.64,99.00,99.27,99.51,99.69,99.79,100.00
49.87
RUSBoost
0.00,7.56,11.46,14.79,17.91,21.12,23.82,26.07,28.17,30.06,31.96,34.35,36.73,38.58,40.03,41.22,42.68,44.44,46.17,47.71,49.30,50.68,51.80,52.87,53.77,54.55,55.27,56.08,56.80,57.55,58.29,59.15,60.08,61.11,62.15,63.13,64.05,64.90,65.58,66.11,66.61,67.11,67.66,68.27,69.01,69.72,70.51,71.27,72.08,72.78,73.34,73.73,73.94,74.06,74.22,74.43,74.77,75.19,75.67,76.08,76.44,76.74,76.98,77.22,77.42,77.59,77.85,78.05,78.25,78.41,78.61,78.82,79.11,79.30,79.55,79.82,80.08,80.48,80.96,81.53,82.12,83.06,84.28,85.91,87.51,89.18,91.01,92.56,93.98,95.11,96.08,96.85,97.39,97.92,98.42,98.73,99.13,99.39,99.58,99.72,100.00
49.3
SmoteBoost
0.00,7.47,12.15,16.32,18.22,21.87,24.51,26.95,29.33,31.08,33.06,34.58,36.53,39.01,41.27,43.66,46.14,47.01,47.41,49.04,50.77,51.99,53.37,55.50,56.91,58.25,59.69,60.86,61.72,62.44,63.18,63.85,64.65,65.61,66.43,67.01,67.68,68.57,69.68,70.77,71.83,72.78,73.66,74.27,74.68,75.06,75.58,76.28,76.99,77.76,78.41,79.25,80.12,80.99,81.71,82.15,82.35,82.47,82.61,82.85,83.22,83.68,84.12,84.57,84.95,85.27,85.52,85.73,85.93,86.14,86.35,86.54,86.75,86.96,87.22,87.47,87.68,87.94,88.15,88.43,88.61,88.81,89.10,89.58,90.23,90.99,92.13,93.27,94.37,95.35,96.28,97.29,97.82,98.27,98.72,99.04,99.41,99.56,99.70,99.84,100.00
50.77
