Simple
0.00,3.21,5.25,7.03,8.02,9.27,10.43,11.27,12.04,12.90,13.54,14.46,15.10,15.73,16.43,16.76,17.31,17.95,18.53,19.01,19.22,19.57,19.78,20.08,20.29,20.58,20.74,21.19,21.63,22.08,22.51,22.90,23.19,23.55,23.90,24.09,24.10,24.26,24.58,24.83,25.10,25.40,25.60,25.89,26.09,26.10,26.10,26.10,26.17,26.51,26.59,26.60,26.60,26.60,26.60,26.60,26.60,26.94,30.49,36.72,42.12,47.12,51.20,54.88,58.74,62.87,66.73,68.86,70.76,72.60,73.54,74.65,75.97,77.09,77.88,79.18,80.10,80.88,81.64,81.77,81.78,82.09,83.28,83.78,84.13,84.63,84.95,86.36,88.40,89.88,91.19,92.97,94.08,95.21,96.08,97.08,97.89,98.84,99.48,99.57,100.00
19.22
ROS
0.00,4.46,6.32,7.68,9.24,11.04,12.69,13.98,15.07,16.11,17.13,18.10,18.87,19.74,20.50,21.24,22.02,22.68,23.30,23.88,24.38,24.93,25.50,25.98,26.44,26.76,27.07,27.33,27.60,27.84,28.11,28.43,28.80,29.23,29.60,30.04,30.41,30.74,31.10,31.34,31.52,31.69,31.87,32.14,32.38,32.64,32.90,33.14,33.37,33.50,33.58,33.61,33.71,33.81,33.97,34.07,34.09,34.11,34.12,34.12,34.18,34.70,36.57,40.06,44.70,49.47,53.95,58.21,62.26,66.21,69.75,72.81,75.07,76.97,78.33,79.49,80.56,81.65,82.65,83.79,84.76,85.60,86.20,86.49,86.72,87.10,87.73,88.25,88.70,89.36,90.33,91.97,93.41,94.90,96.11,96.99,97.68,98.37,99.19,99.90,100.00
24.38
RUS
0.00,3.92,5.62,6.93,8.70,10.45,12.04,13.26,14.31,15.28,16.28,17.19,18.02,18.76,19.54,20.29,21.03,21.70,22.32,22.85,23.36,23.91,24.45,25.01,25.41,25.73,26.03,26.30,26.56,26.81,27.06,27.37,27.75,28.15,28.57,29.00,29.36,29.71,30.04,30.30,30.48,30.61,30.81,31.07,31.33,31.58,31.84,32.09,32.32,32.46,32.51,32.54,32.58,32.73,32.89,32.98,33.01,33.02,33.02,33.02,33.10,33.49,35.25,39.07,43.98,48.98,53.74,57.92,61.93,65.85,69.53,72.63,74.89,76.81,78.22,79.36,80.44,81.59,82.53,83.70,84.61,85.50,86.18,86.49,86.73,87.08,87.75,88.32,88.84,89.36,90.23,91.70,93.23,94.58,95.90,96.84,97.53,98.32,99.06,99.90,100.00
23.36
Smote
0.00,5.67,7.31,8.86,9.78,11.12,12.89,14.54,16.09,17.28,18.34,19.34,20.30,21.28,22.09,22.90,23.69,24.49,25.28,25.93,26.51,27.07,27.55,28.14,28.70,29.19,29.56,29.88,30.12,30.40,30.63,30.88,31.15,31.49,31.90,32.35,32.76,33.16,33.51,33.86,34.15,34.39,34.54,34.65,34.89,35.14,35.43,35.69,35.94,36.19,36.38,36.50,36.52,36.55,36.63,36.78,36.95,37.02,37.02,37.02,37.02,37.02,37.10,37.84,40.08,44.17,49.28,54.21,58.46,62.46,66.51,70.42,73.77,76.16,78.01,79.53,80.58,81.64,82.82,83.82,84.90,85.93,86.76,87.36,87.61,87.70,88.07,88.85,89.38,89.87,90.47,91.84,93.68,95.09,96.62,97.41,97.91,98.65,99.45,100.00,100.00
26.51
Bag
0.00,3.30,4.98,7.04,8.72,9.64,10.57,11.60,12.62,13.39,14.20,14.96,15.72,16.61,17.35,17.99,18.56,19.00,19.52,20.14,20.74,21.18,21.47,21.75,22.01,22.25,22.51,22.74,22.97,23.40,23.85,24.30,24.68,25.06,25.43,25.75,26.06,26.28,26.31,26.47,26.76,27.04,27.31,27.56,27.82,28.06,28.28,28.29,28.29,28.29,28.43,28.68,28.79,28.79,28.79,28.79,28.79,28.79,28.79,29.48,32.94,38.89,44.46,49.30,53.49,57.19,61.14,65.24,68.80,71.06,73.00,74.69,75.71,76.75,77.99,79.09,80.00,81.23,82.18,83.02,83.69,83.83,83.85,84.31,85.32,85.90,86.24,86.71,87.24,88.80,90.79,92.08,93.53,94.94,95.95,96.83,97.59,98.38,99.19,99.94,100.00
20.73
ROSBag
0.00,3.94,5.94,6.94,8.96,10.94,12.59,13.66,14.58,15.51,16.55,17.43,18.25,19.00,19.74,20.60,21.40,22.04,22.71,23.17,23.62,24.23,24.83,25.41,25.72,26.01,26.24,26.55,26.75,27.05,27.23,27.56,28.01,28.47,28.90,29.30,29.64,30.00,30.32,30.60,30.69,30.75,31.03,31.27,31.58,31.84,32.10,32.34,32.59,32.69,32.70,32.70,32.73,32.97,33.17,33.20,33.20,33.20,33.20,33.20,33.20,33.31,35.15,40.23,45.90,51.17,55.56,59.29,63.18,67.19,71.22,73.84,75.75,77.59,78.65,79.58,80.83,81.92,82.85,84.03,84.96,85.77,86.46,86.63,86.65,87.05,87.93,88.48,88.94,89.36,90.17,92.21,93.77,95.09,96.33,97.23,97.64,98.39,99.08,99.99,100.00
23.62
RUSBag
0.00,3.77,5.69,6.69,8.72,10.62,12.37,13.46,14.49,15.34,16.42,17.33,18.16,18.98,19.67,20.52,21.31,21.99,22.63,23.21,23.63,24.16,24.80,25.39,25.80,26.07,26.35,26.61,26.87,27.12,27.37,27.61,28.02,28.47,28.93,29.34,29.70,30.04,30.39,30.70,30.86,30.92,31.11,31.38,31.66,31.93,32.20,32.43,32.70,32.86,32.89,32.89,32.90,33.05,33.30,33.38,33.39,33.39,33.39,33.39,33.39,33.41,34.38,38.32,44.02,49.42,54.19,58.26,62.01,65.91,70.00,73.31,75.44,77.28,78.71,79.67,80.74,82.00,82.92,84.06,85.10,85.95,86.74,87.14,87.20,87.35,88.09,88.79,89.25,89.73,90.24,91.79,93.68,94.97,96.26,97.23,97.69,98.39,99.09,99.99,100.00
23.63
SmoteBag
0.00,5.73,7.32,8.92,9.61,11.11,12.84,14.58,16.18,17.27,18.33,19.23,20.31,21.23,22.02,22.84,23.57,24.45,25.27,25.88,26.58,27.03,27.50,28.06,28.68,29.23,29.54,29.85,30.08,30.40,30.58,30.90,31.06,31.41,31.86,32.31,32.75,33.14,33.49,33.84,34.14,34.45,34.51,34.58,34.89,35.11,35.43,35.64,35.95,36.15,36.43,36.50,36.51,36.51,36.55,36.78,36.99,37.01,37.01,37.01,37.01,37.01,37.01,37.21,38.87,43.65,49.19,54.11,58.32,62.09,66.16,70.28,73.86,76.01,77.98,79.52,80.48,81.53,82.83,83.66,84.92,85.87,86.71,87.46,87.68,87.73,87.98,88.97,89.44,89.95,90.39,91.62,93.60,94.99,96.66,97.45,97.93,98.61,99.45,100.00,100.00
26.57
Boost
0.00,4.98,7.19,8.76,9.99,11.24,12.75,14.29,15.56,16.79,17.91,18.88,19.83,20.64,21.48,22.26,23.03,23.73,24.34,24.94,25.48,26.00,26.58,27.06,27.48,27.82,28.14,28.39,28.67,28.92,29.20,29.53,29.90,30.30,30.68,31.11,31.48,31.80,32.12,32.36,32.57,32.76,32.96,33.20,33.43,33.71,33.94,34.19,34.38,34.52,34.61,34.67,34.78,34.88,35.00,35.08,35.13,35.15,35.15,35.25,35.58,36.52,38.64,41.95,46.34,51.02,55.43,59.72,63.65,67.35,70.60,73.27,75.47,77.03,78.27,79.47,80.53,81.52,82.49,83.46,84.28,84.79,85.10,85.42,85.93,86.54,87.02,87.48,88.20,89.52,91.13,92.71,94.16,95.40,96.44,97.27,98.06,98.80,99.52,99.71,100.00
25.48
ROSBoost
0.00,3.93,5.64,6.60,7.95,9.46,11.04,12.55,13.88,15.04,16.16,17.09,18.09,18.93,19.77,20.54,21.29,22.01,22.69,23.29,23.85,24.39,24.96,25.47,25.96,26.41,26.78,27.11,27.38,27.65,27.91,28.18,28.49,28.85,29.24,29.65,30.05,30.42,30.77,31.09,31.36,31.56,31.76,31.95,32.16,32.40,32.68,32.94,33.16,33.37,33.50,33.62,33.68,33.75,33.86,33.96,34.05,34.18,34.26,34.31,34.42,34.76,35.75,37.66,40.67,44.84,49.69,54.33,58.66,62.65,66.52,69.99,73.06,75.54,77.45,78.97,80.33,81.40,82.51,83.53,84.61,85.53,86.38,86.98,87.42,87.71,88.13,88.64,89.20,89.94,90.69,91.81,93.18,94.61,95.92,96.83,97.68,98.41,99.20,99.86,100.00
23.85
RUSBoost
0.00,3.96,5.57,6.56,7.85,9.45,10.97,12.45,13.75,14.90,16.03,17.02,18.04,18.94,19.75,20.54,21.33,22.06,22.74,23.35,23.95,24.46,25.01,25.61,26.13,26.58,26.94,27.25,27.55,27.82,28.10,28.36,28.66,29.01,29.42,29.81,30.23,30.58,30.92,31.30,31.57,31.77,31.97,32.15,32.39,32.63,32.90,33.14,33.40,33.60,33.78,33.86,33.93,34.00,34.15,34.36,34.49,34.58,34.66,34.72,34.77,34.94,35.51,37.02,40.00,44.17,48.73,53.22,57.44,61.56,65.50,69.22,72.47,75.04,77.07,78.82,80.14,81.33,82.45,83.54,84.56,85.54,86.44,87.14,87.70,88.03,88.36,88.79,89.44,90.07,90.82,91.86,93.05,94.50,95.84,96.88,97.67,98.42,99.17,99.87,100.00
23.95
SmoteBoost
0.00,5.50,7.62,9.06,10.29,11.51,12.91,14.47,15.92,17.25,18.50,19.70,20.70,21.72,22.63,23.51,24.37,25.15,25.90,26.56,27.22,27.82,28.39,28.98,29.49,29.98,30.44,30.84,31.20,31.51,31.79,32.06,32.35,32.66,33.03,33.39,33.75,34.13,34.53,34.88,35.20,35.45,35.72,35.94,36.14,36.37,36.59,36.86,37.09,37.34,37.52,37.69,37.81,37.92,38.01,38.10,38.18,38.27,38.33,38.39,38.40,38.48,38.86,39.76,41.62,44.28,47.80,51.74,56.09,60.38,64.49,68.25,71.61,74.63,77.00,78.97,80.43,81.66,82.82,83.88,84.81,85.88,86.74,87.42,87.93,88.24,88.66,89.09,89.72,90.28,91.03,92.03,93.52,94.95,96.29,97.31,97.96,98.70,99.40,99.93,100.00
27.22
