Simple
0.00,5.03,6.72,7.54,8.08,8.96,9.38,9.55,9.94,10.38,10.61,11.09,11.74,12.55,13.21,14.07,14.79,15.22,15.83,16.27,16.88,17.78,18.69,19.58,20.28,20.50,21.04,21.43,21.49,21.83,22.48,23.14,23.78,24.08,24.11,24.23,24.57,24.63,24.79,25.23,25.69,26.13,26.51,26.88,27.22,27.27,27.45,27.75,27.79,27.79,27.93,28.26,28.32,28.95,33.55,40.75,44.83,48.71,53.45,57.23,60.18,62.89,65.82,68.67,71.06,72.59,74.68,77.12,79.12,80.36,81.01,82.07,83.36,84.95,85.69,86.13,87.21,87.99,88.93,89.91,90.41,90.73,90.94,90.96,91.24,91.54,92.15,93.03,93.91,94.58,95.28,95.68,96.04,96.09,96.11,96.44,96.88,97.47,98.24,99.18,100.00
16.88
ROS
0.00,5.15,6.46,7.57,8.19,8.66,9.41,10.28,11.05,11.74,12.56,13.32,13.86,14.27,14.59,14.93,15.34,15.75,16.31,16.99,17.72,18.45,19.17,19.77,20.31,20.91,21.42,22.18,23.03,23.84,24.58,25.16,25.56,25.97,26.23,26.56,27.06,27.63,28.17,28.63,28.86,29.04,29.23,29.42,29.60,29.91,30.28,30.68,31.14,31.49,31.80,32.05,32.23,32.41,32.54,32.63,32.76,32.92,33.17,34.42,37.24,42.02,46.74,51.16,55.62,59.51,62.94,65.93,68.85,71.54,73.94,76.15,78.23,80.44,82.28,83.87,84.94,86.16,87.36,88.49,89.53,90.32,91.21,92.07,92.99,93.76,94.33,94.68,94.94,95.13,95.45,95.86,96.49,97.09,97.67,98.17,98.47,98.59,98.76,99.20,100.00
17.72
RUS
0.00,5.51,6.63,7.75,8.63,9.38,9.88,10.36,11.07,11.85,12.63,13.42,14.24,14.86,15.36,15.85,16.21,16.62,17.07,17.58,18.16,18.82,19.52,20.20,20.82,21.39,22.02,22.62,23.37,24.12,24.86,25.48,26.05,26.59,27.02,27.37,27.75,28.22,28.69,29.19,29.55,29.84,30.12,30.34,30.55,30.79,31.08,31.42,31.78,32.15,32.54,32.81,33.05,33.29,33.51,33.60,33.76,34.06,34.58,35.25,36.82,39.68,43.45,47.25,51.63,55.65,59.54,63.14,66.21,69.10,71.81,74.32,76.51,78.67,80.78,82.52,84.02,85.35,86.63,87.85,88.95,89.84,90.82,91.71,92.59,93.33,93.93,94.42,94.82,95.13,95.44,95.90,96.45,96.96,97.40,97.76,98.09,98.37,98.77,99.26,100.00
18.16
Smote
0.00,5.16,6.44,7.57,8.15,8.52,9.19,10.04,10.98,11.96,12.47,13.14,14.34,15.02,15.42,15.62,15.97,16.36,16.65,17.12,17.76,18.48,19.16,19.97,20.81,21.32,21.81,22.35,22.82,23.68,24.59,25.48,26.27,26.63,27.04,27.57,27.68,27.86,28.46,29.11,29.81,30.23,30.32,30.37,30.69,30.84,30.93,31.32,31.76,32.16,32.57,32.98,33.37,33.47,33.59,33.92,34.00,34.01,34.05,34.38,34.52,34.76,37.77,44.76,49.74,53.57,58.19,62.24,65.49,68.10,70.79,73.66,76.27,77.92,79.94,82.34,84.45,85.82,86.50,87.61,88.90,90.50,91.26,91.79,92.87,93.61,94.61,95.58,96.01,96.37,96.48,96.56,96.92,97.33,98.15,98.76,99.36,99.78,99.90,99.91,100.00
17.76
Bag
0.00,5.00,6.67,7.72,8.09,8.93,9.64,9.97,10.23,10.59,10.96,11.29,11.78,12.47,13.18,13.92,14.71,15.44,15.94,16.43,16.97,17.59,18.49,19.37,20.26,20.84,21.19,21.64,21.99,22.15,22.52,23.14,23.81,24.37,24.66,24.72,24.85,25.12,25.25,25.46,25.85,26.32,26.74,27.13,27.51,27.78,27.88,28.07,28.31,28.36,28.40,28.55,28.81,29.03,30.54,35.28,41.49,46.04,49.95,54.38,58.08,61.08,63.87,66.66,69.46,71.73,73.51,75.51,77.85,79.77,80.99,81.73,82.79,84.16,85.46,86.35,86.92,87.81,88.76,89.66,90.53,91.07,91.29,91.51,91.62,91.84,92.23,92.84,93.73,94.51,95.19,95.78,96.16,96.45,96.51,96.61,96.96,97.46,98.11,98.95,100.00
16.97
ROSBag
0.00,4.99,6.18,7.32,7.83,8.44,9.33,10.26,11.12,11.53,12.41,13.41,13.93,14.20,14.47,14.86,15.22,15.57,16.13,16.80,17.53,18.26,19.10,19.77,20.25,20.81,21.29,21.98,22.84,23.76,24.63,25.18,25.52,26.03,26.32,26.46,26.85,27.49,28.18,28.73,28.97,29.02,29.20,29.45,29.55,29.79,30.21,30.67,31.08,31.47,31.88,32.11,32.20,32.44,32.64,32.68,32.71,32.89,33.15,33.31,34.90,40.18,46.36,50.61,54.76,59.15,62.78,65.68,68.38,71.27,74.07,76.17,77.94,80.23,82.49,84.24,85.23,86.05,87.24,88.64,89.87,90.48,91.28,92.23,93.11,94.11,94.81,95.21,95.45,95.54,95.73,96.06,96.68,97.44,98.01,98.58,98.98,99.08,99.12,99.35,100.00
17.53
RUSBag
0.00,4.71,5.88,6.89,7.85,8.46,8.79,9.46,10.35,11.29,12.11,12.67,13.51,14.48,15.07,15.37,15.66,16.02,16.37,16.74,17.23,17.94,18.64,19.39,20.18,20.88,21.38,21.91,22.45,23.11,23.95,24.85,25.71,26.28,26.71,27.11,27.47,27.64,28.01,28.62,29.27,29.83,30.12,30.22,30.37,30.60,30.76,30.97,31.36,31.82,32.19,32.63,33.00,33.25,33.39,33.58,33.78,33.87,33.91,34.07,34.28,34.62,36.26,40.87,46.68,51.49,55.55,59.79,63.50,66.57,69.38,72.08,74.93,77.10,78.99,81.15,83.42,85.26,86.38,87.29,88.46,89.84,90.98,91.74,92.53,93.49,94.44,95.34,95.97,96.35,96.57,96.69,96.86,97.23,97.94,98.66,99.21,99.48,99.55,99.61,100.00
17.23
SmoteBag
0.00,5.15,6.36,7.52,8.13,8.51,9.12,9.99,11.00,11.96,12.46,13.10,14.35,15.01,15.38,15.59,15.92,16.34,16.65,17.08,17.68,18.47,19.16,19.94,20.76,21.25,21.81,22.34,22.81,23.68,24.54,25.47,26.27,26.61,27.04,27.53,27.66,27.85,28.42,29.13,29.76,30.22,30.29,30.34,30.65,30.82,30.93,31.23,31.70,32.15,32.57,32.98,33.29,33.45,33.56,33.85,33.97,33.98,34.03,34.34,34.50,34.65,37.79,44.63,49.88,53.51,58.04,62.22,65.51,68.06,70.73,73.74,76.29,77.96,79.93,82.33,84.54,85.83,86.53,87.65,88.97,90.52,91.29,91.76,92.85,93.68,94.61,95.59,96.04,96.39,96.53,96.59,96.94,97.36,98.18,98.82,99.40,99.81,99.93,99.93,100.00
17.68
Boost
0.00,4.58,5.84,6.38,7.28,7.79,8.05,8.33,8.74,9.16,9.73,10.38,11.12,11.83,12.35,12.85,13.41,14.11,14.88,15.71,16.48,17.08,17.54,17.94,18.25,18.55,18.97,19.51,20.05,20.48,20.71,20.85,20.97,21.13,21.37,21.68,22.07,22.44,22.79,23.09,23.32,23.66,23.99,24.58,25.21,25.79,26.87,28.80,31.00,34.01,37.80,42.22,46.63,50.47,53.98,57.44,60.36,63.04,65.47,67.87,69.97,71.93,73.71,75.34,76.85,78.20,79.40,80.36,81.41,82.40,83.25,84.07,84.79,85.56,86.23,86.88,87.41,87.84,88.14,88.56,88.92,89.45,90.00,90.66,91.25,91.89,92.32,92.73,93.07,93.39,93.74,94.20,94.77,95.45,96.16,96.88,97.54,98.28,98.82,99.34,100.00
16.48
ROSBoost
0.00,5.20,6.39,7.42,8.22,8.74,9.24,9.87,10.62,11.45,12.21,13.01,13.65,14.24,14.73,15.07,15.44,15.81,16.33,16.92,17.55,18.27,18.96,19.61,20.21,20.79,21.41,22.02,22.81,23.57,24.36,24.94,25.47,25.92,26.27,26.62,27.06,27.53,28.02,28.49,28.83,29.10,29.33,29.49,29.69,29.95,30.29,30.67,31.06,31.42,31.77,32.04,32.26,32.47,32.62,32.73,32.87,33.02,33.55,34.61,36.85,40.25,44.47,49.04,53.42,57.45,61.09,64.42,67.44,70.17,72.76,75.04,77.27,79.39,81.32,82.94,84.44,85.63,86.81,87.91,88.98,89.98,90.81,91.76,92.53,93.31,93.92,94.35,94.67,94.93,95.27,95.68,96.26,96.90,97.41,97.86,98.14,98.37,98.75,99.22,100.00
17.55
RUSBoost
0.00,5.24,6.38,7.37,8.16,8.92,9.50,9.94,10.41,11.09,11.82,12.63,13.42,14.15,14.84,15.37,15.82,16.22,16.61,17.06,17.62,18.17,18.82,19.50,20.22,20.83,21.46,22.06,22.68,23.39,24.14,24.85,25.49,26.08,26.55,27.01,27.37,27.72,28.14,28.65,29.11,29.47,29.76,30.01,30.24,30.46,30.68,31.00,31.35,31.72,32.06,32.43,32.72,32.93,33.15,33.32,33.50,33.78,34.37,35.08,36.18,37.91,41.16,44.91,48.97,53.05,57.14,61.08,64.27,67.33,70.18,72.95,75.20,77.44,79.57,81.53,83.25,84.67,86.00,87.27,88.42,89.43,90.37,91.22,92.17,92.88,93.62,94.12,94.56,94.94,95.31,95.73,96.24,96.67,97.20,97.64,98.04,98.38,98.81,99.28,100.00
17.62
SmoteBoost
0.00,5.67,7.04,8.22,9.12,9.78,10.25,10.73,11.34,12.13,13.01,13.74,14.49,15.21,15.89,16.37,16.73,17.07,17.45,17.88,18.38,19.02,19.73,20.47,21.16,21.80,22.39,22.95,23.55,24.23,25.02,25.86,26.55,27.15,27.63,27.98,28.30,28.66,29.08,29.61,30.17,30.58,30.86,31.08,31.24,31.41,31.65,31.94,32.29,32.72,33.11,33.49,33.79,34.02,34.24,34.39,34.51,34.65,34.83,35.23,35.72,37.20,40.17,44.18,48.77,53.55,57.63,61.39,64.92,67.85,70.75,73.36,75.76,77.87,80.00,81.96,83.73,85.24,86.45,87.62,88.75,89.87,90.78,91.66,92.46,93.28,94.07,94.72,95.17,95.51,95.76,96.01,96.42,96.93,97.53,98.08,98.44,98.68,98.92,99.28,100.00
18.38
