Simple
0.00,8.52,13.94,18.21,20.75,23.09,25.33,26.88,28.19,29.28,30.34,31.54,32.29,32.74,33.06,33.37,33.74,34.15,34.48,34.79,35.06,35.37,35.70,36.00,36.30,36.58,36.85,37.05,37.26,37.49,37.60,37.73,37.84,37.88,37.93,38.02,38.17,38.25,38.34,38.38,38.39,38.39,38.39,38.39,38.48,38.76,39.07,39.34,39.85,40.35,40.77,41.38,42.17,43.16,44.30,45.63,46.92,48.66,50.44,52.40,54.72,57.79,60.90,64.05,67.40,70.53,73.19,75.75,78.10,80.24,82.19,83.81,85.35,86.51,87.52,88.56,89.58,90.78,91.75,92.65,93.67,94.44,95.17,95.93,96.44,97.36,97.68,97.94,98.19,98.38,98.52,98.69,98.84,98.97,99.09,99.15,99.20,99.26,99.30,99.34,100.00
35.06
ROS
0.00,10.55,14.92,20.49,24.83,28.76,31.19,33.64,35.59,37.57,38.99,40.34,41.60,42.77,43.99,45.17,46.03,46.54,46.89,47.18,47.50,47.86,48.30,48.70,49.05,49.28,49.67,49.93,50.30,50.52,50.88,51.15,51.42,51.69,51.87,52.12,52.28,52.40,52.56,52.64,52.70,52.74,52.83,52.95,53.07,53.17,53.18,53.19,53.19,53.19,53.19,53.19,53.19,53.26,53.42,53.58,53.72,53.97,54.24,54.70,55.25,55.85,56.48,57.25,58.01,59.07,60.34,61.98,63.91,66.17,68.87,71.38,73.85,75.97,77.83,79.48,80.85,82.27,83.32,84.32,85.31,86.34,87.48,88.61,89.69,91.52,92.83,93.93,95.10,96.07,96.74,97.28,97.84,98.18,98.47,98.74,98.93,99.11,99.25,99.34,100.00
47.5
RUS
0.00,9.85,15.80,20.39,25.77,29.89,34.28,36.78,39.15,41.23,43.05,45.02,46.59,47.97,49.28,50.72,51.81,53.01,54.23,55.17,55.81,56.12,56.45,56.68,56.92,57.38,57.87,58.28,58.64,58.88,59.17,59.50,59.81,60.15,60.46,60.77,61.01,61.33,61.57,61.75,62.03,62.21,62.34,62.42,62.47,62.50,62.61,62.76,62.89,63.00,63.07,63.09,63.09,63.09,63.09,63.09,63.09,63.09,63.09,63.09,63.09,63.09,63.10,63.16,63.21,63.24,63.33,63.51,63.64,63.80,63.95,64.27,65.32,66.66,68.23,69.98,71.59,73.07,74.37,75.28,76.15,76.77,77.27,77.64,78.13,78.72,79.35,80.73,82.70,85.09,87.97,90.52,92.72,94.58,96.07,97.05,97.94,98.54,98.99,99.34,100.00
55.81
Smote
0.00,10.42,14.84,20.36,24.84,28.01,30.68,32.83,35.19,36.75,38.19,39.32,40.44,41.59,42.82,43.59,44.03,44.44,44.69,44.93,45.34,45.77,46.04,46.29,46.61,46.92,47.26,47.55,47.87,48.16,48.43,48.71,48.87,49.16,49.28,49.36,49.50,49.58,49.64,49.74,49.85,49.91,49.98,50.08,50.10,50.11,50.17,50.25,50.35,50.54,50.75,50.91,51.07,51.30,51.62,51.82,52.20,52.87,53.59,54.51,55.63,56.75,57.89,59.41,61.46,63.94,66.53,69.18,72.52,75.79,78.48,81.08,83.44,85.33,86.80,88.20,89.39,90.39,91.45,92.43,93.21,93.93,94.79,95.47,96.11,97.05,97.42,97.79,98.03,98.30,98.49,98.69,98.83,98.97,99.07,99.16,99.22,99.27,99.32,99.34,100.00
45.34
Bag
0.00,8.25,13.79,18.32,20.94,23.51,25.66,27.59,28.95,30.17,31.39,32.37,33.75,34.88,35.57,35.98,36.25,36.59,36.79,37.24,37.68,37.96,38.12,38.47,38.77,39.17,39.42,39.78,40.05,40.34,40.62,40.85,41.11,41.28,41.48,41.68,41.70,41.73,41.76,41.85,41.98,42.21,42.35,42.36,42.36,42.36,42.36,42.36,42.36,42.36,42.36,42.36,42.36,42.36,42.36,42.36,42.36,42.38,42.44,42.50,42.55,42.61,42.88,43.23,44.22,46.00,49.07,53.19,57.09,60.85,64.77,68.08,70.77,73.17,75.44,77.40,78.84,79.95,81.29,82.57,83.90,85.59,87.66,89.13,90.74,92.55,93.75,94.64,95.41,96.22,96.93,97.38,97.72,98.12,98.44,98.72,98.93,99.10,99.22,99.34,100.00
37.68
ROSBag
0.00,11.42,15.57,21.10,25.03,30.11,32.84,35.58,37.70,39.48,41.63,42.72,44.31,45.39,46.87,47.91,49.35,50.52,51.34,51.96,52.16,52.61,52.69,52.90,53.54,54.01,54.22,54.38,54.75,55.03,55.42,55.70,56.07,56.34,56.67,56.92,57.18,57.50,57.64,57.95,58.15,58.19,58.20,58.20,58.22,58.35,58.65,58.83,58.85,58.86,58.86,58.86,58.86,58.86,58.86,58.86,58.86,58.86,58.86,58.86,58.86,58.86,58.86,58.86,58.86,58.86,58.86,58.86,58.86,58.95,59.61,62.00,65.64,68.88,72.23,75.91,78.75,80.68,82.41,83.44,84.32,85.21,85.99,86.15,86.64,87.45,88.36,89.80,91.24,92.83,94.41,95.67,96.60,97.45,97.87,98.27,98.72,98.97,99.15,99.34,100.00
52.16
RUSBag
0.00,11.29,17.11,21.64,27.09,31.56,36.34,40.14,42.53,44.95,47.00,48.70,50.48,52.38,53.53,55.01,56.21,57.83,58.82,60.20,61.52,62.32,63.19,63.35,63.78,63.98,64.09,64.63,65.19,65.70,66.02,66.17,66.50,66.81,67.19,67.48,67.83,68.10,68.44,68.72,68.95,69.26,69.46,69.69,69.95,70.08,70.09,70.09,70.09,70.14,70.41,70.66,70.74,70.75,70.75,70.75,70.75,70.75,70.75,70.75,70.75,70.75,70.75,70.75,70.75,70.75,70.75,70.75,70.75,70.75,70.75,70.75,70.75,70.75,70.80,71.09,71.83,72.55,73.08,73.68,74.14,74.39,74.52,74.60,74.67,74.74,74.74,74.74,74.79,75.13,77.12,81.11,85.16,89.08,93.01,95.58,97.19,98.28,98.83,99.34,100.00
61.52
SmoteBag
0.00,11.21,15.38,21.33,25.40,30.17,32.66,35.68,37.56,39.90,41.26,42.79,43.83,45.08,46.15,47.60,48.64,49.46,49.88,50.11,50.53,50.58,50.98,51.54,51.87,51.93,52.26,52.59,52.97,53.24,53.62,53.89,54.23,54.52,54.64,55.08,55.21,55.39,55.76,55.81,55.81,55.81,55.84,55.90,56.19,56.45,56.47,56.48,56.48,56.48,56.48,56.48,56.48,56.48,56.48,56.48,56.48,56.48,56.48,56.48,56.48,56.48,56.48,56.48,56.48,56.48,56.48,56.68,57.25,59.21,63.77,68.06,71.63,75.85,79.62,81.99,84.20,86.09,86.90,88.10,89.14,90.01,90.99,91.16,91.99,93.60,94.49,95.18,96.07,96.91,97.37,97.80,98.22,98.36,98.61,98.83,99.01,99.13,99.24,99.34,100.00
50.53
Boost
0.00,9.32,15.42,19.83,22.68,25.35,27.66,29.46,30.90,32.10,33.11,34.33,35.33,35.90,36.24,36.60,36.84,37.23,37.68,38.02,38.35,38.64,38.97,39.26,39.60,39.87,40.15,40.44,40.64,40.89,41.07,41.20,41.28,41.34,41.40,41.47,41.62,41.70,41.79,41.85,41.94,42.03,42.14,42.24,42.35,42.45,42.60,42.77,42.99,43.23,43.44,43.82,44.42,45.34,46.53,47.87,49.52,51.34,53.11,54.90,56.97,59.54,62.30,65.15,68.21,71.16,73.95,76.49,78.77,81.07,83.01,84.50,86.03,87.25,88.26,89.31,90.38,91.50,92.46,93.34,94.07,94.82,95.50,96.13,96.60,97.50,97.79,98.03,98.20,98.40,98.60,98.74,98.89,99.01,99.09,99.15,99.22,99.28,99.31,99.34,100.00
38.35
ROSBoost
0.00,9.76,15.49,19.95,23.04,25.72,27.96,29.83,31.20,32.35,33.36,34.62,35.47,35.95,36.28,36.56,36.93,37.34,37.72,38.06,38.36,38.66,39.01,39.27,39.64,39.81,40.14,40.34,40.52,40.69,40.80,40.93,41.01,41.08,41.17,41.24,41.35,41.44,41.60,41.66,41.74,41.81,41.93,42.07,42.24,42.44,42.68,43.03,43.38,43.91,44.69,45.66,46.74,48.20,49.86,51.84,53.62,55.58,57.82,59.93,62.13,64.54,67.08,69.76,72.19,74.64,77.01,79.26,81.22,83.09,84.76,86.16,87.40,88.51,89.55,90.66,91.70,92.83,93.66,94.56,95.23,95.77,96.32,96.90,97.26,98.02,98.26,98.42,98.56,98.68,98.81,98.90,99.01,99.10,99.18,99.23,99.25,99.28,99.33,99.35,100.00
38.36
RUSBoost
0.00,9.86,15.22,19.77,23.16,25.77,27.93,29.95,31.39,32.57,33.62,34.80,35.85,36.33,36.65,37.03,37.29,37.64,38.07,38.43,38.75,39.03,39.32,39.64,39.94,40.23,40.50,40.73,40.99,41.14,41.30,41.43,41.51,41.60,41.70,41.78,41.89,42.10,42.26,42.40,42.53,42.68,42.83,42.95,43.11,43.30,43.54,43.82,44.10,44.52,45.03,45.86,46.97,48.15,49.59,51.38,53.18,55.02,57.06,59.26,61.95,64.46,67.23,70.15,72.95,75.45,77.93,80.15,82.13,83.95,85.46,86.77,87.98,89.07,90.07,90.97,91.84,93.00,93.76,94.50,95.15,95.68,96.25,96.77,97.14,97.95,98.16,98.36,98.52,98.65,98.79,98.92,99.01,99.07,99.15,99.21,99.25,99.29,99.32,99.35,100.00
38.75
SmoteBoost
0.00,9.59,15.51,19.89,22.84,25.46,27.81,29.56,30.87,32.03,33.13,34.23,35.04,35.42,35.76,36.07,36.44,36.85,37.28,37.56,37.83,38.11,38.45,38.77,39.06,39.33,39.60,39.85,40.00,40.20,40.34,40.44,40.54,40.65,40.72,40.78,40.89,40.97,41.04,41.11,41.17,41.31,41.40,41.49,41.64,41.86,42.15,42.46,42.95,43.54,44.21,45.15,46.28,47.73,49.20,50.62,52.14,53.91,55.78,57.77,59.85,62.17,64.68,67.27,69.96,72.82,75.42,77.81,79.97,81.98,83.83,85.44,86.90,88.06,89.12,90.15,91.29,92.41,93.22,94.13,95.00,95.58,96.10,96.68,97.15,97.97,98.14,98.34,98.52,98.64,98.76,98.84,98.99,99.08,99.16,99.21,99.23,99.27,99.32,99.34,100.00
37.83
