Simple
0.00,9.26,15.95,19.09,21.05,22.98,25.04,27.09,29.12,30.94,32.49,33.91,35.22,36.45,37.61,38.61,39.39,39.91,40.42,41.01,41.74,42.48,43.18,43.69,44.20,44.80,45.45,46.04,46.55,47.07,47.47,47.76,48.09,48.45,48.99,49.70,51.36,54.77,59.84,65.63,70.97,75.33,78.53,81.24,83.48,85.28,86.99,88.50,89.76,90.59,91.16,91.72,92.22,92.55,93.00,93.29,93.56,93.74,93.88,94.09,94.34,94.67,94.92,95.26,95.47,95.73,95.95,96.15,96.36,96.52,96.57,96.66,96.76,96.89,97.01,97.10,97.18,97.28,97.32,97.33,97.33,97.33,97.33,97.36,97.42,97.56,97.78,98.01,98.20,98.55,98.88,99.31,99.69,99.98,99.99,99.99,99.99,99.99,100.00,100.00,100.00
41.74
ROS
0.00,10.82,16.93,22.69,26.30,28.58,30.46,32.41,34.33,36.22,38.18,40.16,41.85,43.29,44.55,45.91,47.09,48.26,49.35,50.15,50.70,51.12,51.63,52.15,52.85,53.53,54.23,54.82,55.26,55.89,56.46,57.09,57.66,58.15,58.67,58.99,59.27,59.58,59.99,60.35,61.27,62.89,66.17,70.30,75.27,79.72,83.10,86.04,88.08,89.72,91.27,92.45,93.55,94.15,94.57,94.87,95.18,95.37,95.58,95.76,95.91,95.99,96.06,96.23,96.42,96.66,96.76,96.93,97.07,97.20,97.34,97.42,97.46,97.49,97.53,97.57,97.63,97.69,97.73,97.75,97.76,97.76,97.76,97.77,97.77,97.82,97.99,98.20,98.32,98.57,98.85,99.21,99.65,99.96,99.99,99.99,99.99,99.99,99.99,99.99,100.00
50.7
RUS
0.00,12.49,17.97,22.36,28.57,32.07,34.85,37.03,38.73,40.23,41.94,43.79,45.35,47.32,49.28,51.01,52.47,53.68,54.90,56.07,57.23,58.35,59.42,60.14,60.64,60.99,61.34,61.76,62.15,62.64,63.26,63.92,64.56,65.21,65.72,66.22,66.74,67.27,67.80,68.36,68.88,69.32,69.66,69.96,70.19,70.49,70.80,71.36,72.18,74.28,77.26,81.07,84.62,88.23,90.76,92.58,94.10,95.25,96.07,96.64,96.88,97.09,97.20,97.31,97.43,97.52,97.61,97.67,97.74,97.85,97.93,98.02,98.09,98.15,98.21,98.24,98.26,98.28,98.29,98.34,98.36,98.39,98.42,98.42,98.43,98.43,98.44,98.47,98.55,98.66,98.74,98.86,99.27,99.80,100.00,100.00,100.00,100.00,100.00,100.00,100.00
57.23
Smote
0.00,8.82,14.54,20.54,24.23,26.64,28.54,30.56,32.39,34.36,36.31,38.32,40.15,41.72,43.07,44.38,45.64,46.83,47.91,48.68,49.23,49.64,50.09,50.77,51.52,52.28,52.92,53.43,53.93,54.51,55.14,55.74,56.29,56.81,57.23,57.47,57.74,58.13,58.60,59.26,60.71,62.79,67.58,73.44,78.26,82.40,85.63,87.91,89.61,90.96,92.36,93.31,93.99,94.53,94.85,95.20,95.42,95.54,95.70,95.83,95.92,96.03,96.20,96.34,96.45,96.58,96.71,96.82,96.91,97.06,97.13,97.15,97.19,97.26,97.35,97.44,97.55,97.61,97.69,97.71,97.71,97.71,97.71,97.72,97.73,97.80,97.91,98.11,98.24,98.49,98.75,99.22,99.72,99.99,99.99,100.00,100.00,100.00,100.00,100.00,100.00
49.23
Bag
0.00,9.60,15.67,18.60,20.88,22.77,24.75,26.49,28.52,30.44,32.15,33.58,34.89,36.20,37.47,38.55,39.55,40.15,40.62,41.09,41.64,42.39,43.15,43.82,44.35,44.85,45.42,45.99,46.55,47.10,47.70,48.19,48.51,48.82,49.13,49.47,49.86,50.85,52.58,56.85,62.66,68.78,74.28,78.33,81.61,84.06,86.03,87.77,89.29,90.82,91.85,92.66,93.12,93.47,93.82,94.20,94.45,94.73,94.95,95.09,95.18,95.35,95.56,95.85,96.12,96.35,96.60,96.81,96.92,97.01,97.08,97.09,97.10,97.12,97.17,97.24,97.36,97.45,97.56,97.61,97.63,97.63,97.63,97.64,97.68,97.74,97.88,98.21,98.39,98.58,98.76,99.20,99.72,100.00,100.00,100.00,100.00,100.00,100.00,100.00,100.00
41.64
ROSBag
0.00,12.16,17.91,23.87,27.73,30.16,32.05,34.04,35.95,37.75,39.62,41.70,43.62,45.26,46.59,47.88,49.17,50.42,51.55,52.61,53.29,53.79,54.07,54.49,55.17,55.93,56.68,57.36,57.77,58.26,58.86,59.42,59.96,60.56,61.16,61.64,61.96,62.20,62.47,62.83,63.30,63.65,64.53,67.26,72.09,77.60,82.40,85.65,88.06,89.94,91.47,93.04,94.36,95.24,95.80,96.07,96.30,96.49,96.65,96.85,97.02,97.14,97.20,97.32,97.41,97.49,97.59,97.64,97.66,97.69,97.72,97.75,97.76,97.76,97.76,97.77,97.79,97.80,97.83,97.85,97.85,97.85,97.85,97.85,97.85,97.87,97.91,98.25,98.51,98.55,98.57,98.99,99.69,100.00,100.00,100.00,100.00,100.00,100.00,100.00,100.00
53.29
RUSBag
0.00,13.95,19.74,23.03,30.23,33.71,36.65,39.32,41.35,42.91,44.79,46.39,48.46,49.75,51.72,53.75,55.69,57.20,58.21,59.48,60.60,61.85,63.05,64.15,64.96,65.44,65.80,66.08,66.41,66.82,67.27,68.01,68.77,69.50,70.04,70.50,71.04,71.58,72.06,72.49,72.99,73.57,74.16,74.65,74.95,75.20,75.42,75.74,76.04,76.47,77.15,79.18,81.93,85.76,89.55,92.61,94.43,95.79,96.85,97.63,98.18,98.52,98.68,98.72,98.72,98.74,98.75,98.76,98.76,98.77,98.77,98.77,98.77,98.77,98.77,98.77,98.77,98.77,98.77,98.80,98.80,98.82,98.84,98.84,98.85,98.85,98.85,98.85,98.88,98.90,98.93,98.95,99.21,99.81,100.00,100.00,100.00,100.00,100.00,100.00,100.00
60.6
SmoteBag
0.00,8.65,13.71,19.96,24.19,26.77,28.77,30.76,32.35,34.61,36.35,38.45,40.42,42.09,43.54,44.90,46.21,47.42,48.60,49.67,50.43,50.92,51.20,51.55,52.28,53.03,53.82,54.55,55.01,55.48,56.08,56.76,57.34,57.96,58.53,59.06,59.31,59.51,59.85,60.23,60.64,61.22,62.04,65.30,72.62,78.36,83.25,86.79,89.04,90.84,92.23,93.72,95.01,95.60,96.11,96.30,96.45,96.62,96.71,96.93,96.99,97.04,97.09,97.36,97.57,97.64,97.68,97.75,97.80,97.84,97.88,97.88,97.89,97.89,97.89,97.90,97.92,97.96,97.98,97.99,97.99,97.99,97.99,97.99,97.99,98.03,98.06,98.40,98.46,98.56,98.66,99.23,99.86,100.00,100.00,100.00,100.00,100.00,100.00,100.00,100.00
50.43
Boost
0.00,9.01,16.47,19.91,21.88,23.85,25.97,28.09,30.11,31.92,33.47,34.91,36.23,37.46,38.67,39.76,40.58,41.16,41.72,42.28,43.04,43.82,44.56,45.08,45.45,46.09,46.72,47.33,47.88,48.35,48.71,49.03,49.30,49.65,50.12,50.64,51.74,54.89,59.66,65.72,71.58,75.72,79.14,81.86,83.77,85.45,87.15,88.61,89.92,90.77,91.31,91.95,92.38,92.91,93.31,93.61,93.91,94.15,94.27,94.42,94.67,95.02,95.35,95.68,95.91,96.12,96.37,96.58,96.74,96.91,96.93,96.94,96.99,97.07,97.12,97.20,97.20,97.22,97.23,97.23,97.23,97.23,97.23,97.24,97.29,97.41,97.67,97.92,98.10,98.45,98.82,99.20,99.59,99.97,99.97,99.99,99.99,99.99,100.00,100.00,100.00
43.04
ROSBoost
0.00,8.65,16.29,20.53,22.45,24.41,26.45,28.58,30.61,32.47,34.06,35.51,36.84,38.12,39.30,40.42,41.33,41.88,42.49,43.16,43.92,44.69,45.36,45.88,46.34,46.91,47.56,48.22,48.82,49.29,49.65,49.91,50.17,50.51,50.96,51.98,53.62,56.83,62.16,68.45,73.55,77.36,80.23,82.55,84.56,86.20,87.72,89.17,90.18,90.75,91.29,91.80,92.26,92.74,93.06,93.36,93.64,93.81,93.99,94.20,94.54,94.90,95.25,95.53,95.78,96.01,96.28,96.49,96.69,96.82,96.85,96.90,96.99,97.04,97.10,97.16,97.20,97.21,97.22,97.22,97.22,97.23,97.23,97.25,97.31,97.41,97.74,97.95,98.14,98.55,98.98,99.33,99.63,99.96,99.96,99.99,99.99,99.99,100.00,100.00,100.00
43.92
RUSBoost
0.00,9.42,16.47,21.45,24.09,25.88,27.77,29.96,32.06,34.05,35.82,37.38,38.81,40.10,41.28,42.53,43.65,44.42,44.94,45.52,46.11,46.86,47.63,48.31,48.86,49.33,49.85,50.50,51.09,51.68,52.18,52.62,52.91,53.19,53.50,53.99,54.39,55.63,57.68,61.43,66.83,72.26,76.50,79.95,82.66,84.74,86.58,88.19,89.69,90.69,91.37,91.89,92.36,92.92,93.30,93.56,93.83,94.09,94.31,94.47,94.77,95.09,95.45,95.80,96.03,96.32,96.47,96.64,96.87,97.01,97.06,97.11,97.14,97.21,97.25,97.32,97.35,97.35,97.38,97.39,97.39,97.39,97.39,97.39,97.45,97.53,97.77,98.01,98.15,98.47,98.80,99.17,99.56,99.93,99.94,99.96,99.96,99.96,100.00,100.00,100.00
46.11
SmoteBoost
0.00,8.11,15.89,20.15,22.17,24.09,26.12,28.32,30.39,32.33,34.04,35.56,36.88,38.13,39.34,40.53,41.50,42.10,42.71,43.31,44.04,44.79,45.53,46.12,46.55,47.08,47.73,48.36,48.93,49.47,49.85,50.09,50.41,50.74,51.08,51.66,52.86,55.27,60.07,66.03,71.26,75.94,79.30,81.91,84.12,85.89,87.64,89.12,90.26,90.98,91.69,92.12,92.60,92.96,93.27,93.58,93.89,94.05,94.18,94.42,94.75,95.06,95.31,95.59,95.80,96.06,96.23,96.47,96.71,96.80,96.83,96.85,96.91,97.00,97.08,97.12,97.13,97.15,97.15,97.15,97.15,97.15,97.16,97.18,97.21,97.37,97.64,97.88,98.07,98.47,98.91,99.24,99.57,99.96,99.96,99.99,99.99,99.99,99.99,99.99,100.00
44.04
