Simple
0.00,20.67,26.08,30.19,33.19,35.65,37.08,38.62,40.28,41.36,42.30,43.19,44.02,44.90,45.63,46.15,46.67,47.18,47.71,48.19,48.50,48.72,48.85,48.88,48.92,49.01,49.16,49.38,49.84,50.91,52.27,54.27,56.99,59.98,62.97,65.79,68.62,71.25,73.55,75.72,77.77,79.48,81.00,82.48,83.77,84.89,85.88,86.74,87.54,88.26,88.93,89.62,90.15,90.69,91.24,91.79,92.35,92.89,93.39,93.89,94.31,94.74,95.06,95.38,95.68,95.99,96.23,96.45,96.69,96.90,97.12,97.26,97.45,97.61,97.77,97.91,98.06,98.23,98.39,98.55,98.70,98.84,98.95,99.04,99.09,99.15,99.19,99.20,99.25,99.29,99.37,99.38,99.50,99.54,99.64,99.65,99.65,99.83,99.83,99.83,100.00
48.5
ROS
0.00,19.80,26.49,31.02,35.32,38.08,40.58,43.03,44.79,45.82,47.11,48.59,50.04,51.07,51.80,52.54,53.22,54.00,54.82,55.63,56.26,56.79,57.26,57.71,58.21,58.73,59.18,59.50,59.74,59.89,59.95,59.96,59.99,60.04,60.12,60.28,60.44,60.74,61.49,62.54,63.92,65.44,67.30,69.42,71.85,74.19,76.43,78.55,80.60,82.48,84.08,85.48,86.72,87.86,88.85,89.73,90.47,91.14,91.78,92.36,92.91,93.43,93.89,94.38,94.76,95.19,95.57,95.94,96.28,96.55,96.83,97.09,97.33,97.53,97.72,97.93,98.09,98.24,98.38,98.52,98.66,98.79,98.91,99.03,99.11,99.19,99.28,99.33,99.37,99.40,99.45,99.47,99.53,99.56,99.65,99.67,99.68,99.82,99.83,99.84,100.00
56.26
RUS
0.00,18.10,25.30,30.76,34.78,38.21,42.18,44.76,46.82,48.92,51.07,52.87,54.17,55.18,56.20,57.28,58.62,60.10,61.08,61.98,62.59,63.18,63.70,64.19,64.77,65.43,66.18,66.93,67.59,68.18,68.64,69.08,69.45,69.89,70.38,70.88,71.30,71.59,71.78,71.91,71.97,71.99,72.01,72.07,72.14,72.23,72.32,72.45,72.61,72.76,73.04,73.42,73.85,74.44,75.20,76.25,77.57,79.29,81.01,82.74,84.53,86.38,88.08,89.55,90.81,91.92,92.85,93.63,94.30,94.90,95.38,95.78,96.22,96.58,96.89,97.21,97.51,97.75,98.00,98.27,98.43,98.60,98.78,98.93,99.04,99.15,99.27,99.35,99.44,99.51,99.58,99.62,99.66,99.69,99.74,99.77,99.77,99.83,99.85,99.86,100.00
62.59
Smote
0.00,19.74,26.16,30.77,34.53,37.20,39.83,41.92,43.23,44.53,45.98,47.56,48.67,49.52,50.32,51.14,51.96,52.82,53.59,54.16,54.63,55.10,55.63,56.15,56.59,56.87,57.05,57.14,57.21,57.28,57.42,57.80,58.28,59.05,60.17,61.80,63.89,66.26,68.74,71.35,73.86,76.22,78.42,80.47,82.25,83.77,85.16,86.33,87.31,88.22,89.04,89.75,90.44,91.03,91.62,92.12,92.66,93.13,93.65,94.09,94.55,94.95,95.29,95.63,95.95,96.23,96.49,96.69,96.95,97.16,97.35,97.50,97.65,97.81,97.93,98.07,98.21,98.34,98.48,98.62,98.75,98.85,98.94,99.04,99.10,99.15,99.18,99.20,99.25,99.29,99.37,99.38,99.49,99.55,99.64,99.66,99.66,99.83,99.84,99.84,100.00
54.63
Bag
0.00,20.47,25.86,29.58,32.64,35.05,36.54,38.18,39.90,40.97,41.97,42.91,43.72,44.60,45.34,45.86,46.34,46.85,47.35,47.86,48.30,48.56,48.78,48.89,48.90,48.96,49.08,49.26,49.62,50.23,51.15,52.65,54.87,57.64,60.54,63.57,66.58,69.40,72.05,74.50,76.78,78.77,80.51,82.11,83.60,84.85,86.01,86.98,87.83,88.61,89.30,89.97,90.58,91.13,91.65,92.19,92.68,93.19,93.65,94.15,94.61,94.98,95.31,95.65,95.92,96.22,96.49,96.70,96.89,97.11,97.28,97.46,97.64,97.82,97.95,98.09,98.24,98.36,98.51,98.66,98.80,98.94,99.01,99.09,99.14,99.17,99.20,99.21,99.25,99.29,99.36,99.38,99.49,99.54,99.65,99.66,99.66,99.83,99.83,99.83,100.00
48.3
ROSBag
0.00,20.07,27.12,31.99,36.50,39.51,41.89,44.56,46.42,47.60,48.89,50.17,51.84,53.12,54.00,54.77,55.43,56.21,57.01,57.85,58.69,59.25,59.76,60.13,60.59,61.05,61.60,62.09,62.42,62.64,62.86,62.91,62.91,62.92,63.00,63.06,63.14,63.18,63.24,63.32,63.48,63.86,64.68,66.22,68.27,70.69,73.30,75.93,78.34,80.53,82.54,84.20,85.69,87.02,88.12,89.09,89.99,90.77,91.43,92.08,92.61,93.15,93.64,94.11,94.62,95.05,95.52,95.95,96.27,96.58,96.86,97.14,97.37,97.54,97.79,97.96,98.10,98.25,98.41,98.53,98.65,98.76,98.89,99.01,99.13,99.25,99.34,99.38,99.43,99.45,99.46,99.47,99.48,99.51,99.61,99.64,99.64,99.80,99.82,99.82,100.00
58.69
RUSBag
0.00,19.11,26.07,31.63,36.07,39.19,43.54,46.52,48.82,50.74,52.71,54.97,56.64,57.82,58.81,59.61,60.74,61.88,63.49,64.70,65.50,66.42,66.84,67.47,67.84,68.38,69.00,69.64,70.39,71.16,71.89,72.46,72.96,73.43,73.73,74.18,74.65,75.18,75.68,76.00,76.22,76.41,76.50,76.52,76.52,76.53,76.62,76.73,76.85,76.90,76.99,77.05,77.05,77.05,77.08,77.15,77.23,77.29,77.39,77.59,77.95,78.33,78.94,80.83,84.15,86.87,88.93,90.62,92.09,93.35,94.18,94.94,95.43,95.87,96.36,96.76,97.02,97.22,97.51,97.85,98.16,98.37,98.46,98.68,98.99,99.11,99.30,99.54,99.57,99.68,99.74,99.77,99.82,99.83,99.87,99.95,99.96,99.97,99.97,99.97,100.00
65.5
SmoteBag
0.00,19.96,26.61,31.34,35.48,38.18,40.74,43.21,44.93,46.00,47.27,48.92,50.37,51.43,52.32,53.08,53.94,54.72,55.59,56.41,56.98,57.44,57.90,58.38,58.90,59.42,59.81,60.04,60.26,60.34,60.35,60.35,60.43,60.61,60.79,60.97,61.42,62.55,64.07,65.94,68.74,71.87,74.76,77.37,79.74,81.80,83.59,85.17,86.45,87.51,88.50,89.35,90.07,90.77,91.35,91.89,92.43,92.97,93.42,93.86,94.38,94.88,95.27,95.65,96.07,96.40,96.62,96.81,97.07,97.33,97.47,97.59,97.80,97.99,98.11,98.21,98.36,98.45,98.56,98.71,98.81,98.92,99.02,99.13,99.19,99.21,99.23,99.24,99.26,99.27,99.34,99.34,99.41,99.50,99.64,99.66,99.66,99.83,99.84,99.84,100.00
56.98
Boost
0.00,20.38,26.02,30.45,33.57,36.24,37.98,39.36,40.95,42.32,43.15,44.04,44.91,45.73,46.58,47.21,47.72,48.23,48.76,49.29,49.75,50.05,50.25,50.40,50.43,50.50,50.67,50.92,51.41,52.25,53.45,55.09,57.56,60.39,63.32,66.28,69.05,71.61,73.97,76.15,78.10,79.84,81.34,82.75,84.05,85.19,86.20,87.08,87.82,88.54,89.23,89.83,90.38,90.92,91.44,91.93,92.47,92.99,93.52,94.04,94.49,94.82,95.17,95.50,95.83,96.10,96.35,96.60,96.85,97.05,97.23,97.42,97.60,97.74,97.88,98.06,98.21,98.37,98.53,98.68,98.85,98.97,99.03,99.08,99.13,99.15,99.16,99.17,99.21,99.25,99.34,99.34,99.48,99.52,99.64,99.65,99.65,99.83,99.83,99.83,100.00
49.75
ROSBoost
0.00,20.37,26.55,31.04,34.22,36.95,39.01,40.31,41.76,43.29,44.28,45.11,45.97,46.80,47.67,48.40,48.92,49.40,49.91,50.42,50.94,51.33,51.60,51.77,51.86,51.91,51.95,52.03,52.23,52.76,53.48,54.77,57.12,59.68,62.38,65.11,67.77,70.27,72.74,75.06,77.04,78.81,80.48,82.09,83.45,84.62,85.70,86.59,87.41,88.18,88.92,89.53,90.10,90.65,91.22,91.74,92.27,92.81,93.38,93.90,94.31,94.65,95.01,95.40,95.72,95.98,96.22,96.49,96.76,96.95,97.15,97.34,97.54,97.68,97.84,98.00,98.14,98.29,98.46,98.67,98.80,98.91,98.99,99.05,99.10,99.13,99.16,99.17,99.20,99.24,99.34,99.35,99.48,99.52,99.63,99.65,99.65,99.82,99.84,99.84,100.00
50.94
RUSBoost
0.00,20.18,26.85,31.50,34.84,37.64,40.04,41.69,42.98,44.40,45.88,46.94,47.71,48.51,49.33,50.17,51.01,51.63,52.10,52.56,53.05,53.57,54.08,54.44,54.70,54.86,54.93,54.95,55.01,55.14,55.32,55.51,55.95,56.76,58.09,59.98,62.35,64.91,67.46,69.98,72.43,74.72,76.91,78.87,80.62,82.16,83.54,84.86,85.99,86.94,87.84,88.61,89.36,90.00,90.62,91.15,91.71,92.20,92.74,93.28,93.80,94.24,94.67,95.05,95.39,95.72,96.04,96.32,96.57,96.81,97.03,97.24,97.45,97.62,97.79,97.94,98.09,98.21,98.37,98.53,98.69,98.83,98.93,99.03,99.08,99.14,99.18,99.20,99.25,99.28,99.36,99.37,99.47,99.52,99.62,99.65,99.66,99.82,99.84,99.84,100.00
53.05
SmoteBoost
0.00,20.32,26.60,31.11,34.16,36.93,39.12,40.41,41.79,43.38,44.50,45.32,46.20,47.02,47.86,48.68,49.26,49.75,50.23,50.75,51.28,51.72,52.03,52.20,52.32,52.34,52.39,52.47,52.68,53.16,53.75,54.79,56.81,59.32,62.14,64.90,67.48,70.12,72.64,74.94,77.09,78.90,80.48,82.04,83.46,84.70,85.76,86.72,87.54,88.28,89.03,89.66,90.22,90.73,91.30,91.85,92.36,92.86,93.44,93.97,94.41,94.73,95.06,95.45,95.80,96.06,96.28,96.54,96.83,97.03,97.20,97.39,97.57,97.72,97.85,98.01,98.16,98.30,98.47,98.66,98.81,98.90,98.99,99.04,99.11,99.13,99.16,99.17,99.20,99.23,99.34,99.35,99.47,99.52,99.64,99.66,99.66,99.83,99.84,99.84,100.00
51.28
