Simple
0.00,15.93,23.44,28.55,32.37,35.60,38.63,41.07,43.37,45.36,47.01,49.02,50.98,52.81,54.18,55.46,56.77,58.03,59.22,60.22,61.32,62.45,63.56,64.42,65.41,66.47,67.32,68.16,68.98,69.79,70.68,71.55,72.26,72.88,73.52,74.19,74.83,75.43,75.97,76.41,76.88,77.35,77.82,78.25,78.64,79.01,79.35,79.66,79.96,80.24,80.52,80.74,80.91,81.07,81.23,81.37,81.50,81.61,81.83,83.52,86.18,88.19,89.41,90.09,90.54,91.18,91.81,92.21,92.66,93.14,93.53,93.92,94.26,94.61,95.10,95.67,95.99,96.15,96.24,96.36,96.51,96.71,97.07,97.65,97.96,98.11,98.21,98.30,98.53,98.64,98.94,99.04,99.32,99.43,99.64,99.79,99.79,99.80,99.80,99.87,100.00
61.32
ROS
0.00,15.39,22.76,27.69,31.67,34.90,37.69,40.57,42.85,44.97,46.90,48.44,50.28,52.25,54.04,55.58,56.80,58.07,59.34,60.56,61.75,62.64,63.69,64.81,65.88,66.70,67.66,68.69,69.57,70.38,71.20,72.01,72.88,73.76,74.54,75.17,75.78,76.43,77.09,77.69,78.26,78.74,79.19,79.66,80.13,80.58,80.99,81.38,81.73,82.06,82.37,82.66,82.94,83.18,83.37,83.54,83.69,83.84,83.98,84.11,84.27,85.03,86.90,89.16,90.60,91.39,91.92,92.44,93.07,93.47,93.82,94.19,94.56,94.92,95.24,95.64,96.15,96.51,96.68,96.78,96.90,97.02,97.22,97.55,98.01,98.25,98.37,98.47,98.62,98.78,98.99,99.12,99.37,99.48,99.65,99.83,99.83,99.84,99.84,99.90,100.00
61.75
RUS
0.00,15.56,22.94,27.87,31.79,35.12,37.99,40.80,43.22,45.35,47.45,49.09,50.62,52.50,54.43,56.08,57.54,58.72,59.98,61.24,62.46,63.63,64.53,65.52,66.64,67.74,68.60,69.44,70.50,71.42,72.21,73.06,73.87,74.69,75.60,76.46,77.14,77.74,78.34,79.01,79.64,80.25,80.81,81.27,81.70,82.19,82.65,83.09,83.50,83.88,84.23,84.56,84.86,85.15,85.44,85.68,85.86,86.02,86.18,86.33,86.46,86.58,86.71,87.52,89.59,91.41,92.55,93.13,93.53,94.10,94.60,94.93,95.27,95.56,95.90,96.16,96.46,96.90,97.21,97.36,97.42,97.50,97.64,97.80,98.14,98.51,98.68,98.75,98.83,99.00,99.13,99.33,99.45,99.56,99.69,99.89,99.89,99.90,99.90,99.92,100.00
62.46
Smote
0.00,15.92,23.58,28.74,32.85,36.00,39.00,41.61,43.83,46.07,47.70,49.47,51.50,53.42,55.17,56.37,57.64,58.90,60.16,61.35,62.32,63.38,64.50,65.61,66.48,67.43,68.49,69.35,70.20,71.05,71.84,72.71,73.60,74.39,74.98,75.58,76.25,76.91,77.52,78.09,78.59,79.00,79.50,79.97,80.41,80.83,81.21,81.57,81.90,82.21,82.50,82.78,83.03,83.22,83.39,83.55,83.70,83.84,83.96,84.06,84.61,87.01,89.34,90.78,91.49,91.88,92.31,92.90,93.33,93.70,94.12,94.42,94.79,95.04,95.36,95.80,96.34,96.60,96.74,96.80,96.90,97.05,97.21,97.64,98.11,98.32,98.40,98.50,98.68,98.78,99.05,99.16,99.40,99.50,99.67,99.89,99.90,99.90,99.91,99.93,100.00
62.32
Bag
0.00,15.64,23.07,28.06,31.94,35.22,38.19,40.65,42.92,45.06,46.68,48.56,50.59,52.42,54.09,55.29,56.59,57.88,59.10,60.33,61.23,62.33,63.50,64.57,65.34,66.31,67.37,68.18,69.02,69.87,70.65,71.55,72.44,73.23,73.84,74.44,75.13,75.79,76.40,76.97,77.48,77.90,78.38,78.85,79.30,79.73,80.11,80.47,80.80,81.11,81.40,81.69,81.95,82.15,82.31,82.47,82.63,82.76,82.88,83.00,83.40,85.84,88.66,90.44,91.40,91.94,92.35,93.02,93.55,93.89,94.36,94.69,95.02,95.40,95.64,95.94,96.48,96.79,96.96,97.02,97.15,97.29,97.46,97.73,98.26,98.51,98.63,98.69,98.79,98.96,99.14,99.32,99.47,99.55,99.71,99.93,99.93,99.94,99.94,99.94,100.00
61.23
ROSBag
0.00,16.52,24.14,29.29,33.51,36.89,39.79,42.70,44.95,47.06,49.15,50.55,52.20,54.23,56.13,57.88,59.09,60.33,61.60,62.93,64.06,65.20,66.00,67.09,68.25,69.30,70.00,70.99,72.06,72.88,73.71,74.56,75.37,76.23,77.12,77.96,78.61,79.17,79.81,80.50,81.12,81.71,82.25,82.68,83.14,83.63,84.10,84.53,84.93,85.30,85.64,85.96,86.26,86.54,86.82,87.04,87.21,87.37,87.52,87.67,87.80,87.93,88.08,89.07,91.38,92.96,93.69,94.06,94.28,94.75,95.21,95.47,95.77,96.00,96.29,96.50,96.74,97.15,97.50,97.60,97.64,97.75,97.87,98.02,98.28,98.73,98.95,99.00,99.06,99.23,99.29,99.50,99.53,99.60,99.70,99.95,99.95,99.95,99.95,99.95,100.00
64.06
RUSBag
0.00,16.09,23.71,28.87,32.61,36.33,39.26,41.92,44.43,46.57,48.62,50.47,51.76,53.41,55.44,57.31,58.97,60.12,61.42,62.69,64.00,65.17,66.41,67.20,68.15,69.21,70.37,71.26,71.98,73.04,74.10,74.87,75.72,76.55,77.36,78.25,79.14,79.96,80.58,81.11,81.75,82.44,83.07,83.66,84.20,84.61,85.09,85.58,86.04,86.48,86.87,87.24,87.58,87.92,88.22,88.50,88.78,89.00,89.17,89.33,89.49,89.63,89.76,89.89,90.02,90.72,93.09,94.56,95.14,95.44,95.64,96.14,96.51,96.70,96.96,97.18,97.47,97.61,97.92,98.29,98.33,98.34,98.44,98.54,98.59,98.89,99.17,99.31,99.33,99.38,99.50,99.67,99.69,99.72,99.74,99.99,99.99,99.99,99.99,99.99,100.00
64.0
SmoteBag
0.00,16.67,24.40,29.69,33.94,37.25,40.39,43.05,45.35,47.68,49.29,50.90,52.92,54.91,56.74,57.98,59.24,60.50,61.84,62.96,64.01,65.00,66.12,67.28,68.26,69.08,70.18,71.12,71.91,72.77,73.57,74.40,75.29,76.16,76.84,77.40,78.02,78.71,79.34,79.94,80.49,80.93,81.38,81.88,82.34,82.78,83.19,83.56,83.91,84.24,84.54,84.83,85.10,85.33,85.51,85.67,85.83,85.98,86.11,86.24,86.39,87.05,89.70,91.57,92.49,92.93,93.20,93.57,94.08,94.39,94.70,95.01,95.22,95.53,95.74,95.99,96.45,96.82,97.02,97.06,97.16,97.26,97.44,97.63,98.23,98.49,98.61,98.73,98.79,98.99,99.09,99.33,99.42,99.56,99.71,99.97,99.97,99.97,99.97,99.98,100.00
64.01
Boost
0.00,16.33,23.98,29.17,33.07,36.27,39.35,41.90,44.17,46.28,47.88,49.89,51.86,53.72,55.20,56.47,57.76,59.06,60.20,61.24,62.28,63.41,64.55,65.44,66.40,67.50,68.39,69.24,70.08,70.86,71.75,72.64,73.40,74.02,74.63,75.29,75.94,76.55,77.13,77.58,78.03,78.51,78.98,79.42,79.82,80.20,80.54,80.88,81.17,81.46,81.75,81.96,82.14,82.31,82.47,82.62,82.75,82.86,82.99,83.84,86.57,88.68,89.92,90.62,91.00,91.50,92.14,92.52,92.94,93.42,93.73,94.11,94.40,94.75,95.17,95.75,96.05,96.19,96.24,96.36,96.50,96.72,97.02,97.66,97.97,98.12,98.23,98.32,98.59,98.66,98.93,98.99,99.28,99.41,99.63,99.78,99.78,99.79,99.79,99.86,100.00
62.28
ROSBoost
0.00,16.58,24.37,29.67,33.77,36.94,40.04,42.67,44.90,47.07,48.70,50.65,52.58,54.45,56.01,57.26,58.54,59.83,60.95,62.05,63.05,64.17,65.32,66.26,67.22,68.30,69.23,70.10,70.94,71.71,72.60,73.49,74.26,74.86,75.47,76.12,76.78,77.39,77.94,78.42,78.86,79.35,79.81,80.25,80.65,81.02,81.37,81.70,81.99,82.28,82.56,82.79,82.98,83.14,83.29,83.44,83.57,83.69,83.84,84.80,87.09,88.99,90.08,90.70,91.09,91.53,92.06,92.42,92.83,93.29,93.59,93.90,94.19,94.59,95.07,95.62,95.90,96.03,96.10,96.21,96.37,96.61,97.00,97.60,97.92,98.05,98.17,98.30,98.54,98.63,98.87,98.94,99.25,99.38,99.60,99.75,99.75,99.77,99.77,99.86,100.00
63.05
RUSBoost
0.00,16.40,24.26,29.59,33.79,36.91,39.95,42.66,44.84,47.14,48.72,50.60,52.55,54.48,56.25,57.49,58.75,60.03,61.19,62.37,63.29,64.41,65.55,66.57,67.45,68.51,69.54,70.41,71.27,72.06,72.88,73.78,74.65,75.32,75.92,76.54,77.19,77.83,78.43,78.98,79.39,79.87,80.35,80.80,81.24,81.61,81.99,82.32,82.63,82.93,83.21,83.48,83.69,83.87,84.03,84.18,84.32,84.45,84.56,84.76,86.29,88.52,90.09,91.00,91.49,91.83,92.38,92.82,93.16,93.57,93.88,94.19,94.43,94.74,95.11,95.68,96.02,96.16,96.21,96.32,96.45,96.65,96.97,97.61,97.96,98.11,98.22,98.33,98.58,98.65,98.90,98.97,99.29,99.39,99.60,99.76,99.76,99.77,99.77,99.86,100.00
63.29
SmoteBoost
0.00,16.50,24.31,29.56,33.69,36.84,39.93,42.57,44.78,46.99,48.59,50.56,52.49,54.38,55.98,57.24,58.50,59.80,60.92,62.06,63.02,64.15,65.32,66.29,67.19,68.28,69.27,70.11,70.96,71.73,72.60,73.49,74.31,74.93,75.51,76.15,76.81,77.43,78.00,78.51,78.94,79.42,79.89,80.33,80.75,81.14,81.48,81.83,82.14,82.43,82.70,82.94,83.15,83.31,83.46,83.62,83.75,83.89,84.00,84.49,86.66,88.80,90.10,90.85,91.26,91.69,92.23,92.65,93.02,93.48,93.80,94.09,94.35,94.71,95.13,95.69,95.99,96.16,96.21,96.34,96.49,96.68,97.01,97.61,97.96,98.09,98.20,98.31,98.55,98.64,98.88,98.96,99.27,99.40,99.61,99.78,99.78,99.80,99.80,99.87,100.00
63.02
