Simple
0.00,49.45,59.84,63.89,66.98,68.57,72.19,91.10,92.46,93.44,94.23,94.42,95.44,95.55,96.22,96.59,96.59,96.63,96.63,96.63,96.63,96.70,97.38,97.40,97.40,97.40,97.74,98.22,98.24,98.41,98.41,98.41,98.41,98.41,98.41,98.41,98.46,98.82,98.86,98.86,99.17,99.44,99.49,99.51,99.63,99.63,99.63,99.63,99.65,99.65,99.70,99.70,99.70,99.70,99.71,99.91,99.91,99.91,99.91,99.91,99.91,99.91,99.91,99.91,99.91,99.91,100.00,100.00,100.00,100.00,100.00,100.00,100.00,100.00,100.00,100.00,100.00,100.00,100.00,100.00,100.00,100.00,100.00,100.00,100.00,100.00,100.00,100.00,100.00,100.00,100.00,100.00,100.00,100.00,100.00,100.00,100.00,100.00,100.00,100.00,100.00
96.63
ROS
0.00,54.68,67.07,73.22,76.88,79.15,80.40,88.06,94.72,95.65,96.05,96.33,96.77,97.03,97.19,97.76,97.77,97.78,97.79,97.79,97.79,97.79,98.33,98.33,98.33,98.33,98.48,99.10,99.10,99.22,99.27,99.27,99.27,99.27,99.27,99.27,99.27,99.38,99.40,99.40,99.54,99.76,99.76,99.76,99.79,99.79,99.79,99.79,99.79,99.79,99.80,99.80,99.80,99.80,99.80,99.95,99.95,99.95,99.95,99.95,99.95,99.95,99.95,99.95,99.95,99.95,100.00,100.00,100.00,100.00,100.00,100.00,100.00,100.00,100.00,100.00,100.00,100.00,100.00,100.00,100.00,100.00,100.00,100.00,100.00,100.00,100.00,100.00,100.00,100.00,100.00,100.00,100.00,100.00,100.00,100.00,100.00,100.00,100.00,100.00,100.00
97.79
RUS
0.00,56.81,72.69,79.95,85.09,88.92,91.56,93.08,94.14,98.35,98.63,98.74,98.78,98.98,99.03,99.09,99.27,99.28,99.28,99.28,99.28,99.28,99.28,99.49,99.49,99.49,99.50,99.70,99.76,99.76,99.77,99.77,99.77,99.77,99.77,99.77,99.77,99.80,99.80,99.80,99.80,99.91,99.91,99.91,99.94,99.94,99.94,99.94,99.95,99.95,99.97,99.97,99.97,99.97,99.97,100.00,100.00,100.00,100.00,100.00,100.00,100.00,100.00,100.00,100.00,100.00,100.00,100.00,100.00,100.00,100.00,100.00,100.00,100.00,100.00,100.00,100.00,100.00,100.00,100.00,100.00,100.00,100.00,100.00,100.00,100.00,100.00,100.00,100.00,100.00,100.00,100.00,100.00,100.00,100.00,100.00,100.00,100.00,100.00,100.00,100.00
99.28
Smote
0.00,52.20,63.94,69.63,73.14,75.32,76.45,87.84,93.98,95.23,95.67,95.96,96.45,96.72,96.94,97.55,97.56,97.59,97.59,97.59,97.59,97.59,98.30,98.31,98.31,98.31,98.44,99.05,99.06,99.12,99.17,99.17,99.17,99.17,99.17,99.17,99.17,99.30,99.33,99.33,99.44,99.67,99.69,99.70,99.83,99.83,99.83,99.83,99.84,99.84,99.86,99.86,99.86,99.86,99.87,99.95,99.95,99.95,99.95,99.95,99.95,99.95,99.95,99.95,99.95,99.95,100.00,100.00,100.00,100.00,100.00,100.00,100.00,100.00,100.00,100.00,100.00,100.00,100.00,100.00,100.00,100.00,100.00,100.00,100.00,100.00,100.00,100.00,100.00,100.00,100.00,100.00,100.00,100.00,100.00,100.00,100.00,100.00,100.00,100.00,100.00
97.59
Bag
0.00,51.01,61.79,66.09,69.51,71.25,72.00,90.45,93.18,94.49,95.09,95.27,96.05,96.28,96.58,97.18,97.18,97.20,97.20,97.20,97.20,97.20,98.02,98.02,98.02,98.02,98.10,98.84,98.84,98.85,98.85,98.85,98.85,98.85,98.85,98.85,98.85,99.16,99.20,99.20,99.28,99.80,99.81,99.81,99.90,99.90,99.90,99.90,99.90,99.90,99.91,99.91,99.91,99.91,99.91,99.98,99.98,99.98,99.98,99.98,99.98,99.98,99.98,99.98,99.98,99.98,100.00,100.00,100.00,100.00,100.00,100.00,100.00,100.00,100.00,100.00,100.00,100.00,100.00,100.00,100.00,100.00,100.00,100.00,100.00,100.00,100.00,100.00,100.00,100.00,100.00,100.00,100.00,100.00,100.00,100.00,100.00,100.00,100.00,100.00,100.00
97.2
ROSBag
0.00,56.45,68.98,75.66,79.31,81.75,83.26,84.81,95.46,96.30,96.59,97.05,97.16,97.54,97.58,98.33,98.33,98.33,98.33,98.33,98.33,98.33,98.78,98.78,98.78,98.78,98.79,99.60,99.60,99.60,99.60,99.60,99.60,99.60,99.60,99.60,99.60,99.63,99.63,99.63,99.66,99.97,99.97,99.97,99.97,99.97,99.97,99.97,99.97,99.97,99.98,99.98,99.98,99.98,99.98,100.00,100.00,100.00,100.00,100.00,100.00,100.00,100.00,100.00,100.00,100.00,100.00,100.00,100.00,100.00,100.00,100.00,100.00,100.00,100.00,100.00,100.00,100.00,100.00,100.00,100.00,100.00,100.00,100.00,100.00,100.00,100.00,100.00,100.00,100.00,100.00,100.00,100.00,100.00,100.00,100.00,100.00,100.00,100.00,100.00,100.00
98.33
RUSBag
0.00,57.49,74.49,82.35,87.64,91.74,95.06,96.77,97.51,99.70,99.73,99.73,99.75,99.76,99.79,99.79,99.90,99.90,99.90,99.90,99.90,99.90,99.90,99.97,99.97,99.97,99.97,99.98,99.99,99.99,99.99,99.99,99.99,99.99,99.99,99.99,99.99,99.99,99.99,99.99,99.99,99.99,99.99,99.99,99.99,99.99,99.99,99.99,100.00,100.00,100.00,100.00,100.00,100.00,100.00,100.00,100.00,100.00,100.00,100.00,100.00,100.00,100.00,100.00,100.00,100.00,100.00,100.00,100.00,100.00,100.00,100.00,100.00,100.00,100.00,100.00,100.00,100.00,100.00,100.00,100.00,100.00,100.00,100.00,100.00,100.00,100.00,100.00,100.00,100.00,100.00,100.00,100.00,100.00,100.00,100.00,100.00,100.00,100.00,100.00,100.00
99.9
SmoteBag
0.00,53.86,66.12,72.16,75.76,78.17,79.59,82.06,94.91,95.85,96.18,96.69,96.86,97.27,97.36,98.08,98.08,98.09,98.09,98.09,98.09,98.09,98.83,98.88,98.88,98.88,98.88,99.68,99.69,99.69,99.69,99.69,99.69,99.69,99.69,99.69,99.69,99.71,99.72,99.72,99.73,99.95,99.95,99.95,99.98,99.98,99.98,99.98,99.99,99.99,99.99,99.99,99.99,99.99,99.99,99.99,99.99,99.99,99.99,99.99,99.99,99.99,99.99,99.99,100.00,100.00,100.00,100.00,100.00,100.00,100.00,100.00,100.00,100.00,100.00,100.00,100.00,100.00,100.00,100.00,100.00,100.00,100.00,100.00,100.00,100.00,100.00,100.00,100.00,100.00,100.00,100.00,100.00,100.00,100.00,100.00,100.00,100.00,100.00,100.00,100.00
98.09
Boost
0.00,51.04,61.59,65.95,69.12,70.71,75.19,91.84,93.03,93.79,94.56,94.73,95.68,95.75,96.47,96.70,96.70,96.74,96.74,96.74,96.74,96.88,97.43,97.43,97.43,97.44,97.92,98.26,98.28,98.40,98.40,98.40,98.40,98.40,98.40,98.40,98.48,98.65,98.66,98.66,99.05,99.28,99.30,99.30,99.56,99.56,99.56,99.56,99.57,99.57,99.58,99.58,99.58,99.58,99.58,99.89,99.89,99.89,99.89,99.89,99.89,99.89,99.89,99.89,99.89,99.89,100.00,100.00,100.00,100.00,100.00,100.00,100.00,100.00,100.00,100.00,100.00,100.00,100.00,100.00,100.00,100.00,100.00,100.00,100.00,100.00,100.00,100.00,100.00,100.00,100.00,100.00,100.00,100.00,100.00,100.00,100.00,100.00,100.00,100.00,100.00
96.74
ROSBoost
0.00,50.99,61.57,65.90,69.11,70.67,75.72,91.70,93.04,93.72,94.45,94.62,95.52,95.59,96.39,96.57,96.58,96.65,96.65,96.65,96.65,96.79,97.26,97.26,97.26,97.28,97.79,98.12,98.14,98.36,98.37,98.37,98.37,98.37,98.37,98.37,98.41,98.58,98.60,98.60,99.00,99.14,99.18,99.18,99.48,99.48,99.48,99.48,99.48,99.48,99.49,99.49,99.49,99.49,99.49,99.84,99.84,99.84,99.84,99.84,99.84,99.84,99.84,99.84,99.84,99.84,100.00,100.00,100.00,100.00,100.00,100.00,100.00,100.00,100.00,100.00,100.00,100.00,100.00,100.00,100.00,100.00,100.00,100.00,100.00,100.00,100.00,100.00,100.00,100.00,100.00,100.00,100.00,100.00,100.00,100.00,100.00,100.00,100.00,100.00,100.00
96.65
RUSBoost
0.00,51.51,62.55,67.38,70.84,72.63,73.52,91.26,93.23,94.39,95.09,95.27,96.05,96.25,96.72,97.16,97.17,97.22,97.22,97.22,97.22,97.23,97.77,97.79,97.79,97.79,98.05,98.59,98.59,98.76,98.77,98.77,98.77,98.77,98.77,98.77,98.77,98.90,98.94,98.94,99.15,99.38,99.41,99.43,99.63,99.63,99.63,99.63,99.64,99.64,99.65,99.65,99.65,99.65,99.65,99.90,99.90,99.90,99.90,99.90,99.90,99.90,99.90,99.91,99.91,99.91,100.00,100.00,100.00,100.00,100.00,100.00,100.00,100.00,100.00,100.00,100.00,100.00,100.00,100.00,100.00,100.00,100.00,100.00,100.00,100.00,100.00,100.00,100.00,100.00,100.00,100.00,100.00,100.00,100.00,100.00,100.00,100.00,100.00,100.00,100.00
97.22
SmoteBoost
0.00,51.28,61.86,66.21,69.47,71.09,74.58,91.70,92.95,93.80,94.56,94.75,95.66,95.75,96.47,96.73,96.74,96.79,96.79,96.79,96.79,96.88,97.39,97.39,97.39,97.40,97.86,98.25,98.26,98.47,98.48,98.48,98.48,98.48,98.48,98.48,98.50,98.68,98.70,98.70,99.07,99.26,99.28,99.28,99.51,99.51,99.51,99.51,99.51,99.51,99.52,99.52,99.52,99.52,99.52,99.86,99.86,99.86,99.86,99.86,99.86,99.86,99.86,99.86,99.86,99.86,100.00,100.00,100.00,100.00,100.00,100.00,100.00,100.00,100.00,100.00,100.00,100.00,100.00,100.00,100.00,100.00,100.00,100.00,100.00,100.00,100.00,100.00,100.00,100.00,100.00,100.00,100.00,100.00,100.00,100.00,100.00,100.00,100.00,100.00,100.00
96.79
