Simple
0.00,12.17,17.49,21.22,24.06,26.46,28.63,30.63,32.60,34.04,35.56,36.88,38.22,39.41,40.55,41.46,42.36,43.20,44.09,44.88,45.59,46.31,47.00,47.66,48.38,49.09,49.72,50.27,50.77,51.23,51.68,52.14,52.62,53.06,53.52,53.98,54.40,54.75,55.01,55.24,55.53,55.85,56.14,56.46,56.76,57.06,57.34,57.61,57.84,58.04,58.23,58.44,58.73,59.28,60.49,62.71,65.31,68.15,70.87,73.88,76.80,79.46,81.79,83.63,85.18,86.44,87.60,88.72,89.86,90.67,91.47,92.26,93.11,93.89,94.50,95.09,95.64,96.13,96.61,97.00,97.39,97.75,98.10,98.37,98.67,98.88,99.08,99.25,99.38,99.48,99.60,99.66,99.70,99.78,99.88,99.91,99.91,100.00,100.00,100.00,100.00
45.59
ROS
0.00,13.39,19.93,24.37,27.90,30.80,33.24,35.29,37.22,39.30,41.07,42.92,44.46,45.45,46.88,47.97,49.23,50.39,51.51,52.54,53.40,54.24,55.08,55.94,56.68,57.38,58.08,58.80,59.44,60.06,60.75,61.44,62.10,62.66,63.12,63.57,64.01,64.44,64.93,65.41,65.85,66.31,66.76,67.19,67.55,67.80,68.02,68.29,68.59,68.90,69.21,69.52,69.81,70.11,70.37,70.60,70.79,70.94,71.12,71.29,71.48,71.77,72.14,73.03,74.13,75.57,77.12,78.95,81.16,83.43,85.43,87.08,88.66,90.04,91.39,92.42,93.20,93.96,94.73,95.42,95.94,96.42,96.96,97.47,97.83,98.16,98.51,98.78,99.00,99.16,99.32,99.44,99.55,99.64,99.75,99.81,99.85,99.95,99.97,99.98,100.00
53.4
RUS
0.00,12.53,19.05,23.50,27.44,30.44,32.92,35.51,37.38,39.05,40.76,42.76,44.48,46.12,47.82,48.90,49.81,51.20,52.12,53.29,54.42,55.50,56.57,57.46,58.23,59.04,59.89,60.74,61.37,62.05,62.74,63.44,64.10,64.71,65.37,66.04,66.73,67.33,67.81,68.26,68.67,69.07,69.52,70.02,70.50,70.94,71.41,71.87,72.28,72.64,72.86,73.06,73.33,73.64,73.94,74.25,74.54,74.85,75.15,75.42,75.65,75.84,76.00,76.15,76.31,76.47,76.62,76.77,77.00,77.39,78.04,79.16,80.65,82.62,84.64,86.72,88.61,90.38,91.99,93.22,94.28,95.20,95.94,96.67,97.20,97.68,98.14,98.52,98.80,99.05,99.24,99.39,99.50,99.61,99.70,99.77,99.83,99.93,99.95,99.97,100.00
54.42
Smote
0.00,9.93,14.56,18.26,21.30,23.81,25.80,27.59,29.37,31.26,32.85,34.57,35.58,36.81,37.96,39.05,40.21,41.33,42.44,43.37,44.15,45.00,45.86,46.71,47.42,48.14,48.83,49.49,50.12,50.82,51.54,52.19,52.74,53.20,53.66,54.09,54.55,55.02,55.50,55.93,56.40,56.85,57.26,57.59,57.82,58.05,58.35,58.67,58.97,59.27,59.57,59.87,60.15,60.41,60.63,60.81,61.01,61.24,61.52,62.05,62.93,64.33,66.58,69.27,72.57,76.07,79.23,82.01,84.24,86.31,88.12,89.47,90.66,91.66,92.47,93.36,94.30,95.02,95.67,96.36,96.94,97.39,97.77,98.14,98.46,98.74,98.94,99.14,99.30,99.42,99.54,99.62,99.64,99.73,99.82,99.87,99.88,100.00,100.00,100.00,100.00
44.15
Bag
0.00,10.81,16.08,19.60,22.50,24.99,27.03,29.05,30.93,32.77,33.95,35.49,36.70,38.00,39.10,40.26,41.24,42.06,42.95,43.79,44.71,45.42,46.14,46.82,47.55,48.17,48.84,49.57,50.28,50.94,51.39,51.90,52.35,52.77,53.22,53.73,54.20,54.63,55.11,55.56,55.99,56.34,56.55,56.75,57.05,57.36,57.67,57.98,58.29,58.58,58.87,59.15,59.39,59.59,59.79,59.96,60.24,61.17,62.98,66.10,69.74,73.19,76.70,79.78,82.67,85.13,87.15,88.83,90.16,91.14,92.07,93.00,93.81,94.48,95.14,95.82,96.44,96.90,97.33,97.70,98.03,98.34,98.59,98.85,99.04,99.20,99.32,99.40,99.49,99.56,99.68,99.73,99.76,99.81,99.93,99.94,99.94,100.00,100.00,100.00,100.00
44.71
ROSBag
0.00,16.42,23.68,28.63,32.79,35.94,38.66,41.04,43.09,44.93,47.03,48.57,50.45,52.15,52.98,54.38,55.57,56.66,57.87,58.94,60.06,61.03,61.83,62.67,63.49,64.43,65.15,65.86,66.52,67.24,67.92,68.52,69.22,69.93,70.65,71.29,71.73,72.21,72.64,73.05,73.50,74.00,74.49,74.90,75.38,75.85,76.30,76.70,76.98,77.11,77.39,77.71,78.02,78.33,78.63,78.93,79.24,79.52,79.79,80.02,80.19,80.33,80.51,80.69,80.85,80.96,81.10,81.24,81.53,82.21,83.77,85.99,88.44,90.38,91.79,93.01,94.14,95.21,95.94,96.41,96.85,97.31,97.71,98.04,98.35,98.64,98.85,99.05,99.22,99.37,99.46,99.52,99.56,99.60,99.68,99.78,99.84,99.98,99.98,99.99,100.00
60.06
RUSBag
0.00,15.19,22.06,27.89,31.59,34.77,37.71,40.24,42.77,44.43,46.09,47.87,49.39,51.46,52.87,54.54,56.15,57.39,57.95,59.22,60.43,61.26,62.45,63.47,64.48,65.64,66.52,67.15,67.97,68.78,69.71,70.42,70.93,71.67,72.34,73.10,73.64,74.25,74.94,75.66,76.37,76.97,77.37,77.81,78.22,78.57,79.03,79.51,80.04,80.44,80.92,81.39,81.83,82.23,82.56,82.65,82.93,83.25,83.56,83.87,84.17,84.48,84.78,85.07,85.34,85.57,85.77,85.87,86.04,86.22,86.40,86.51,86.55,86.55,86.62,86.88,87.34,88.33,89.95,91.94,93.70,94.93,96.03,97.10,97.84,98.27,98.61,98.96,99.18,99.31,99.44,99.51,99.55,99.60,99.64,99.72,99.80,99.93,99.95,99.97,100.00
60.43
SmoteBag
0.00,10.98,15.94,19.89,23.18,25.88,28.03,30.05,31.98,33.53,35.60,36.92,38.71,40.24,41.01,42.30,43.50,44.44,45.64,46.69,47.81,48.85,49.69,50.42,51.25,52.11,53.00,53.71,54.36,55.07,55.77,56.34,57.00,57.72,58.44,59.12,59.55,60.03,60.46,60.88,61.33,61.84,62.34,62.75,63.22,63.69,64.12,64.52,64.75,64.91,65.20,65.52,65.82,66.14,66.44,66.74,67.04,67.32,67.56,67.78,67.94,68.10,68.28,68.46,68.60,68.81,69.19,69.69,71.10,74.22,78.50,82.78,85.77,87.90,89.80,91.64,93.28,94.45,94.98,95.51,96.28,96.87,97.45,97.96,98.32,98.61,98.87,99.06,99.21,99.35,99.44,99.53,99.54,99.62,99.73,99.84,99.85,100.00,100.00,100.00,100.00
47.81
Boost
0.00,14.79,20.89,25.29,28.49,31.26,33.57,35.92,38.03,39.96,41.42,43.01,44.45,45.79,47.03,48.11,49.03,49.87,50.76,51.61,52.39,53.11,53.87,54.55,55.23,55.94,56.64,57.23,57.77,58.28,58.73,59.17,59.65,60.10,60.56,61.02,61.45,61.85,62.10,62.32,62.59,62.90,63.22,63.52,63.81,64.11,64.41,64.68,64.93,65.13,65.28,65.45,65.62,65.77,65.90,66.14,66.49,67.04,68.28,70.70,74.06,77.43,80.22,82.34,84.14,85.91,87.60,88.96,90.01,90.65,91.28,92.08,92.96,93.62,94.15,94.67,95.22,95.74,96.15,96.46,96.75,97.04,97.44,97.77,98.10,98.39,98.61,98.82,99.09,99.30,99.42,99.53,99.56,99.63,99.73,99.84,99.85,100.00,100.00,100.00,100.00
52.39
ROSBoost
0.00,14.16,20.36,24.79,28.02,30.67,32.98,35.31,37.44,39.31,40.77,42.35,43.77,45.11,46.34,47.35,48.27,49.11,50.02,50.86,51.62,52.35,53.08,53.74,54.45,55.17,55.81,56.38,56.93,57.38,57.81,58.28,58.76,59.20,59.66,60.11,60.50,60.81,61.04,61.31,61.62,61.94,62.24,62.54,62.84,63.13,63.40,63.63,63.83,63.99,64.15,64.36,64.55,64.70,64.95,65.48,66.23,67.65,70.21,73.57,76.79,79.34,81.33,83.27,84.97,86.58,87.93,88.91,89.53,90.26,91.18,92.07,92.78,93.38,93.94,94.55,95.12,95.58,95.97,96.32,96.74,97.11,97.48,97.80,98.13,98.39,98.63,98.86,99.10,99.29,99.44,99.51,99.54,99.64,99.74,99.84,99.85,100.00,100.00,100.00,100.00
51.62
RUSBoost
0.00,13.88,19.88,24.15,27.27,29.84,32.09,34.40,36.49,38.17,39.70,41.22,42.62,43.93,45.09,45.99,46.90,47.72,48.62,49.42,50.17,50.92,51.58,52.24,52.97,53.67,54.28,54.83,55.33,55.75,56.21,56.71,57.15,57.60,58.07,58.48,58.82,59.06,59.29,59.60,59.91,60.21,60.52,60.81,61.11,61.39,61.64,61.84,62.03,62.18,62.35,62.50,62.67,62.85,63.15,63.65,65.00,67.21,70.66,74.02,77.10,79.25,81.28,83.17,84.98,86.44,87.57,88.31,89.07,89.93,90.93,91.74,92.39,93.04,93.70,94.30,94.88,95.28,95.71,96.12,96.54,96.97,97.37,97.72,98.05,98.33,98.56,98.80,99.08,99.28,99.40,99.51,99.55,99.63,99.74,99.84,99.85,100.00,100.00,100.00,100.00
50.17
SmoteBoost
0.00,14.27,20.27,24.58,27.70,30.31,32.58,34.88,36.99,38.75,40.30,41.81,43.25,44.55,45.72,46.69,47.59,48.42,49.30,50.11,50.86,51.62,52.28,52.97,53.67,54.38,55.00,55.57,56.08,56.54,56.98,57.44,57.90,58.36,58.81,59.25,59.62,59.91,60.15,60.42,60.72,61.03,61.34,61.65,61.94,62.22,62.49,62.71,62.89,63.06,63.22,63.38,63.51,63.79,64.14,64.75,65.88,67.67,70.29,73.44,76.58,79.24,81.27,83.25,84.94,86.48,87.70,88.70,89.45,90.26,91.11,91.97,92.70,93.33,93.92,94.52,95.06,95.55,95.92,96.29,96.68,97.07,97.44,97.79,98.08,98.39,98.61,98.86,99.10,99.28,99.42,99.52,99.56,99.65,99.75,99.84,99.85,100.00,100.00,100.00,100.00
50.86
