Simple
0.00,8.30,11.50,13.85,14.80,16.43,18.27,20.13,21.69,23.31,24.84,26.24,27.52,28.57,29.39,30.21,31.00,31.90,32.76,33.56,34.24,34.87,35.50,36.07,36.61,37.10,37.46,37.69,37.97,38.23,38.60,39.07,39.50,39.93,40.28,40.63,40.97,41.25,41.59,41.83,42.13,42.38,42.65,42.87,43.08,43.26,43.38,43.62,44.06,44.56,44.91,45.20,45.60,46.23,47.33,48.95,51.39,54.97,59.46,63.91,67.49,70.76,73.64,76.37,78.81,80.56,82.01,83.21,84.24,85.06,86.07,86.98,87.68,88.31,88.88,89.43,89.88,90.17,90.56,91.20,91.96,92.68,93.40,94.41,95.67,96.70,97.54,98.13,98.60,98.91,99.25,99.49,99.64,99.71,99.72,99.76,99.85,99.85,99.93,99.93,100.00
34.23
ROS
0.00,8.86,15.08,17.89,20.05,22.43,24.05,24.67,25.94,27.62,29.40,31.25,32.86,34.42,36.03,37.47,38.71,39.92,41.02,41.97,42.75,43.57,44.40,45.33,46.18,46.90,47.54,48.18,48.76,49.33,49.87,50.27,50.62,50.82,51.15,51.42,51.85,52.30,52.74,53.12,53.47,53.81,54.18,54.43,54.76,55.02,55.27,55.58,55.78,56.06,56.25,56.52,56.73,57.06,57.54,58.00,58.35,58.69,58.94,59.31,59.95,61.03,63.21,66.67,70.82,74.45,77.70,80.46,82.93,84.95,86.57,87.71,88.78,89.65,90.47,91.25,91.87,92.45,92.98,93.29,93.49,93.75,94.35,94.98,95.49,96.27,97.32,98.19,98.69,99.07,99.37,99.61,99.81,99.85,99.86,99.87,99.89,99.89,99.94,99.94,100.00
42.74
RUS
0.00,8.90,14.61,19.95,22.51,24.58,26.62,28.86,30.54,31.41,32.03,33.29,35.10,36.72,38.48,40.09,41.46,42.94,44.42,45.84,47.01,48.10,49.27,50.28,51.17,51.98,52.77,53.64,54.47,55.26,56.03,56.62,57.27,57.85,58.43,58.93,59.34,59.61,59.92,60.17,60.52,60.96,61.35,61.79,62.16,62.52,62.86,63.19,63.47,63.78,64.04,64.31,64.59,64.84,65.07,65.27,65.45,65.57,65.82,66.08,66.32,66.58,66.82,67.02,67.25,67.75,68.71,70.79,73.81,76.88,79.92,82.87,85.65,88.00,89.68,91.10,92.10,92.88,93.67,94.19,94.71,95.04,95.25,95.55,95.86,96.24,96.75,97.42,98.25,98.73,99.14,99.53,99.73,99.80,99.86,99.88,99.90,99.91,99.96,99.97,100.00
47.01
Smote
0.00,8.53,13.53,15.79,17.74,19.78,20.83,21.65,23.22,24.85,26.70,28.40,29.94,31.62,33.26,34.68,36.01,37.18,38.13,38.95,39.73,40.56,41.44,42.26,43.04,43.72,44.32,44.94,45.52,46.04,46.53,46.79,47.09,47.32,47.66,48.04,48.48,48.90,49.28,49.66,50.06,50.30,50.65,50.93,51.21,51.52,51.73,52.03,52.20,52.44,52.57,52.73,52.88,52.97,53.03,53.04,53.04,53.16,53.51,54.24,55.96,58.86,62.94,67.41,71.71,74.99,78.13,80.74,83.09,85.05,86.43,87.43,88.54,89.38,90.21,90.96,91.57,92.04,92.44,92.65,93.01,93.44,94.03,94.64,95.50,96.51,97.64,98.29,98.69,99.00,99.31,99.57,99.71,99.76,99.76,99.80,99.86,99.86,100.00,100.00,100.00
39.73
Bag
0.00,8.34,11.11,13.05,13.99,15.72,17.59,19.70,21.40,23.00,24.69,26.17,27.37,28.56,29.62,30.43,31.20,32.00,32.87,33.78,34.61,35.30,35.92,36.53,37.16,37.72,38.24,38.63,38.84,39.14,39.34,39.69,40.14,40.59,41.03,41.38,41.74,42.10,42.39,42.70,43.01,43.26,43.57,43.80,44.08,44.30,44.55,44.69,44.77,45.02,45.15,45.17,45.17,45.17,45.17,45.20,45.36,46.16,48.88,54.03,59.46,64.08,67.68,71.05,74.23,77.41,80.18,81.98,83.67,84.96,85.78,86.83,88.11,88.95,89.80,90.45,91.05,91.61,91.78,91.90,92.18,93.13,93.76,94.25,94.76,96.12,97.52,98.31,98.67,99.14,99.42,99.57,99.97,99.97,99.97,99.97,99.98,99.98,100.00,100.00,100.00
34.61
ROSBag
0.00,9.71,15.85,19.22,21.91,24.48,27.11,27.96,28.67,30.28,32.00,33.59,35.75,37.26,38.69,40.32,41.98,43.50,44.65,45.87,47.08,47.96,48.78,49.49,50.35,51.28,52.15,52.89,53.54,54.15,54.76,55.36,55.91,56.39,56.63,56.92,57.12,57.41,57.85,58.30,58.73,59.10,59.51,59.85,60.16,60.50,60.77,61.05,61.34,61.61,61.87,62.11,62.37,62.58,62.63,62.81,63.07,63.12,63.12,63.12,63.12,63.12,63.12,63.16,64.08,67.83,73.01,77.43,80.69,83.53,86.24,88.41,90.11,91.55,92.16,92.82,93.85,94.36,94.78,95.06,95.43,95.51,95.52,95.70,96.46,96.98,97.37,98.42,99.25,99.70,99.82,99.87,100.00,100.00,100.00,100.00,100.00,100.00,100.00,100.00,100.00
47.08
RUSBag
0.00,10.08,15.91,21.56,24.52,27.11,29.31,31.28,33.79,35.76,36.70,37.21,38.09,39.96,41.57,43.11,45.08,46.47,47.76,49.18,50.86,52.37,53.75,54.61,55.73,57.05,57.94,58.79,59.48,60.29,61.25,62.15,62.90,63.57,64.23,64.85,65.41,65.97,66.48,66.82,67.01,67.32,67.50,67.93,68.40,68.83,69.25,69.63,69.96,70.28,70.63,70.91,71.24,71.46,71.78,71.98,72.30,72.48,72.79,72.84,72.94,73.23,73.31,73.33,73.34,73.34,73.34,73.34,73.36,73.76,76.29,80.70,84.53,87.89,90.39,92.47,94.09,95.24,95.60,96.25,96.78,97.10,97.43,97.58,97.59,97.61,97.88,98.30,98.67,99.53,99.92,99.96,100.00,100.00,100.00,100.00,100.00,100.00,100.00,100.00,100.00
50.85
SmoteBag
0.00,8.97,14.49,16.81,18.66,20.89,22.77,23.27,24.25,26.06,27.55,29.19,31.27,32.78,34.22,35.95,37.59,39.08,40.42,41.66,42.56,43.40,44.11,44.95,45.87,46.76,47.53,48.18,48.81,49.42,50.03,50.57,51.07,51.35,51.61,51.84,52.10,52.54,52.97,53.44,53.81,54.19,54.55,54.85,55.18,55.51,55.78,56.03,56.31,56.59,56.82,57.08,57.31,57.37,57.52,57.79,57.86,57.86,57.86,57.86,57.86,57.94,58.07,58.86,62.49,68.25,73.15,76.62,79.63,82.50,85.24,87.23,88.89,90.16,90.89,92.01,92.90,93.64,94.10,94.54,94.94,94.99,95.02,95.55,96.34,96.79,97.28,98.71,99.12,99.46,99.58,99.85,99.99,99.99,99.99,99.99,99.99,99.99,100.00,100.00,100.00
42.55
Boost
0.00,10.33,15.17,17.80,20.31,21.31,22.90,24.87,26.77,28.38,30.06,31.66,33.07,34.38,35.50,36.31,37.14,37.92,38.81,39.72,40.50,41.21,41.84,42.43,43.03,43.58,44.09,44.46,44.74,45.01,45.31,45.70,46.15,46.59,46.97,47.36,47.70,48.02,48.33,48.62,48.90,49.17,49.45,49.68,49.93,50.12,50.32,50.48,50.70,51.03,51.29,51.51,51.73,51.98,52.45,53.30,54.69,57.00,60.46,64.57,68.43,71.75,74.59,77.24,79.67,81.61,83.01,84.34,85.32,86.11,86.98,87.83,88.47,89.06,89.45,89.92,90.33,90.64,91.05,91.70,92.44,93.05,93.74,94.66,95.86,96.84,97.62,98.25,98.68,99.00,99.34,99.58,99.73,99.76,99.78,99.80,99.84,99.84,99.94,99.94,100.00
40.49
ROSBoost
0.00,10.22,15.21,17.68,20.26,21.36,22.84,24.72,26.61,28.33,29.97,31.58,33.06,34.36,35.50,36.37,37.21,37.96,38.85,39.74,40.55,41.24,41.88,42.49,43.06,43.64,44.13,44.57,44.89,45.12,45.45,45.84,46.29,46.72,47.12,47.48,47.84,48.17,48.45,48.76,49.00,49.29,49.52,49.78,50.01,50.27,50.55,50.87,51.23,51.73,52.18,52.59,53.00,53.54,54.27,55.54,57.35,59.72,62.90,66.52,70.05,73.16,75.70,78.21,80.45,82.10,83.51,84.59,85.58,86.44,87.22,87.98,88.60,89.14,89.70,90.14,90.53,90.92,91.50,92.14,92.80,93.45,94.33,95.29,96.24,97.00,97.64,98.18,98.60,98.99,99.30,99.52,99.62,99.66,99.68,99.72,99.77,99.77,99.92,99.92,100.00
40.55
RUSBoost
0.00,10.04,15.30,17.91,20.64,21.99,23.23,25.05,27.03,28.76,30.41,32.08,33.60,34.96,36.16,37.07,37.94,38.69,39.54,40.44,41.30,42.04,42.65,43.29,43.92,44.49,45.05,45.50,45.83,46.11,46.41,46.77,47.21,47.64,48.01,48.41,48.76,49.08,49.41,49.70,49.96,50.25,50.48,50.74,50.94,51.17,51.32,51.50,51.71,51.95,52.17,52.38,52.59,52.96,53.62,54.57,56.25,58.75,61.77,65.36,69.03,72.25,75.06,77.70,79.89,81.83,83.34,84.52,85.56,86.46,87.25,88.02,88.62,89.11,89.54,89.96,90.31,90.74,91.25,91.91,92.60,93.38,94.19,95.15,96.15,97.01,97.66,98.11,98.59,98.96,99.26,99.44,99.54,99.58,99.61,99.67,99.75,99.75,99.93,99.94,100.00
41.3
SmoteBoost
0.00,10.37,15.28,17.99,20.54,21.49,23.08,24.97,26.84,28.46,30.10,31.73,33.19,34.46,35.53,36.37,37.19,38.00,38.90,39.79,40.55,41.26,41.89,42.49,43.07,43.64,44.14,44.53,44.82,45.09,45.41,45.83,46.29,46.73,47.11,47.45,47.81,48.13,48.42,48.71,48.98,49.25,49.48,49.74,49.94,50.12,50.26,50.44,50.77,51.21,51.62,51.95,52.32,53.00,53.85,55.19,57.10,60.16,64.04,67.80,71.16,74.02,76.63,79.02,80.96,82.56,83.76,84.72,85.58,86.41,87.22,87.83,88.37,88.88,89.43,89.84,90.22,90.66,91.35,92.06,92.73,93.46,94.37,95.46,96.49,97.25,97.87,98.35,98.71,99.01,99.32,99.49,99.58,99.62,99.63,99.67,99.81,99.81,99.95,99.95,100.00
40.55
