Simple
0.00,5.52,7.47,9.27,11.16,12.60,13.30,14.11,14.94,15.71,16.35,16.94,17.56,18.25,18.86,19.53,20.25,20.83,21.31,21.68,21.96,22.43,22.84,23.17,23.53,23.88,24.22,24.53,24.90,25.40,26.02,27.05,28.48,29.81,31.38,33.63,37.29,41.06,45.04,49.08,52.95,56.28,59.31,62.09,64.67,66.79,68.74,70.63,72.41,73.93,75.24,76.42,77.46,78.47,79.47,80.22,80.85,81.37,81.91,82.38,82.84,83.22,83.62,83.94,84.18,84.55,84.87,85.30,85.71,86.14,86.54,86.96,87.36,87.74,88.25,88.86,89.46,90.04,90.57,91.14,91.59,92.03,92.46,92.94,93.44,94.06,94.72,95.35,95.94,96.56,97.09,97.54,97.94,98.24,98.55,98.79,98.96,99.20,99.43,99.67,100.00
21.96
ROS
0.00,6.79,11.07,14.00,15.91,17.40,18.79,20.42,21.73,22.98,24.24,24.81,25.36,26.19,27.12,28.06,28.93,29.52,30.06,30.65,31.22,31.86,32.55,33.23,33.84,34.43,35.03,35.77,36.41,37.03,37.46,37.88,38.24,38.61,39.03,39.46,39.81,40.11,40.43,40.74,41.06,41.42,41.75,42.04,42.37,42.71,42.99,43.38,44.32,45.52,47.31,49.42,52.54,55.76,59.53,63.15,66.73,69.85,72.79,75.33,77.45,79.26,80.92,82.35,83.65,84.79,85.79,86.65,87.35,87.95,88.49,88.92,89.35,89.69,89.96,90.25,90.55,90.89,91.16,91.48,91.74,92.04,92.39,92.72,93.15,93.62,94.04,94.49,94.96,95.47,95.92,96.42,96.98,97.54,98.07,98.56,98.92,99.28,99.51,99.74,100.00
31.22
RUS
0.00,7.58,11.82,15.72,19.97,22.78,25.54,28.20,29.71,30.97,32.86,33.95,34.98,36.23,37.65,38.76,39.45,40.29,41.58,42.54,43.10,43.49,44.03,44.78,45.68,46.53,47.34,48.11,48.86,49.35,49.79,50.18,50.65,51.19,51.78,52.50,53.19,53.87,54.49,55.12,55.68,56.29,57.06,57.75,58.47,59.11,59.54,59.95,60.36,60.72,61.12,61.57,61.99,62.39,62.66,62.91,63.11,63.40,63.67,64.02,64.39,64.79,65.12,65.42,65.64,65.85,66.02,66.31,66.60,67.44,68.44,70.32,72.76,76.01,79.28,82.89,85.98,88.26,90.19,91.62,92.71,93.54,94.33,94.81,95.29,95.55,95.80,96.01,96.17,96.29,96.49,96.69,96.93,97.25,97.54,97.92,98.33,98.76,99.18,99.54,100.00
43.1
Smote
0.00,5.94,10.93,13.72,15.79,17.30,18.95,20.61,22.23,23.25,24.62,25.61,26.05,26.65,27.56,28.59,29.46,30.26,30.96,31.57,32.12,32.75,33.43,34.12,34.84,35.46,36.18,36.85,37.56,38.24,38.84,39.22,39.66,40.09,40.43,40.82,41.19,41.48,41.77,42.07,42.38,42.72,43.07,43.51,43.94,44.24,44.52,44.97,45.81,46.65,47.69,49.70,52.92,56.49,60.45,63.98,67.66,71.01,74.02,76.23,78.39,80.34,81.97,83.36,84.69,85.66,86.60,87.45,88.08,88.64,89.12,89.62,89.97,90.26,90.57,90.82,91.14,91.40,91.68,92.02,92.34,92.60,92.88,93.24,93.73,94.04,94.47,94.82,95.23,95.64,96.11,96.63,97.20,97.70,98.21,98.64,98.93,99.31,99.56,99.75,100.00
32.12
Bag
0.00,4.65,6.20,8.20,10.20,11.84,12.51,13.30,14.10,14.89,15.54,16.11,16.79,17.47,18.12,18.70,19.48,20.16,20.75,21.09,21.52,21.86,22.22,22.62,22.92,23.21,23.52,23.84,24.16,24.55,24.88,25.16,25.42,25.65,26.06,26.66,27.61,29.34,31.84,35.10,38.98,43.35,47.77,51.64,55.19,58.56,61.63,64.21,66.59,68.99,71.11,72.96,74.73,76.29,77.65,78.84,79.91,80.83,81.63,82.35,82.85,83.38,83.85,84.24,84.62,84.88,85.19,85.47,85.73,86.04,86.36,86.68,87.01,87.34,87.68,88.02,88.50,89.05,89.68,90.40,91.05,91.62,92.14,92.56,92.93,93.33,93.73,94.31,94.83,95.48,96.10,96.73,97.32,97.88,98.31,98.77,99.05,99.23,99.48,99.74,100.00
21.52
ROSBag
0.00,6.46,11.22,14.42,16.63,17.85,19.36,21.03,22.70,23.81,25.13,26.42,26.93,27.31,28.19,29.18,30.23,31.15,31.75,32.24,32.82,33.36,33.94,34.60,35.32,35.94,36.59,37.02,37.57,38.23,39.03,39.84,40.36,40.75,41.14,41.51,41.82,42.28,42.80,43.19,43.41,43.60,43.85,44.13,44.47,44.86,45.28,45.68,46.02,46.30,46.52,46.69,46.80,46.93,47.45,48.29,49.53,52.10,55.86,59.94,64.40,68.63,72.51,75.48,78.21,80.33,82.08,83.69,85.04,86.29,87.44,88.39,89.29,89.95,90.49,91.02,91.34,91.76,92.01,92.25,92.44,92.72,92.93,93.21,93.52,93.82,94.03,94.30,94.64,95.04,95.44,95.90,96.32,96.76,97.21,97.86,98.49,99.07,99.55,99.80,100.00
32.82
RUSBag
0.00,8.91,13.13,16.67,21.06,24.73,27.07,30.21,32.67,33.97,35.29,37.46,38.81,39.53,40.91,42.15,43.46,44.63,45.27,46.33,47.60,48.38,48.91,49.26,49.99,50.93,51.90,52.69,53.34,54.05,55.04,55.62,55.96,56.29,56.71,57.07,57.55,58.17,58.89,59.62,60.36,61.13,61.68,62.14,62.73,63.30,64.14,65.04,65.84,66.53,66.94,67.33,67.75,67.96,68.27,68.83,69.48,70.01,70.36,70.48,70.63,70.84,71.01,71.23,71.59,72.04,72.44,72.84,73.22,73.49,73.65,73.81,74.03,74.12,74.18,74.31,74.54,75.07,76.59,79.87,84.73,88.98,92.16,94.51,95.93,96.66,97.27,97.69,97.98,98.24,98.52,98.56,98.58,98.60,98.68,98.83,99.16,99.36,99.43,99.61,100.00
47.6
SmoteBag
0.00,5.78,10.96,14.26,16.86,18.11,20.28,21.32,23.26,24.82,25.80,27.31,28.25,28.58,29.04,30.00,31.19,32.08,32.99,33.71,34.35,34.96,35.58,36.09,36.82,37.52,38.26,38.83,39.44,40.03,40.79,41.63,42.27,42.72,43.13,43.48,43.83,44.24,44.71,45.04,45.23,45.49,45.71,46.02,46.41,46.81,47.23,47.56,47.86,48.10,48.23,48.34,48.49,48.81,49.15,49.90,52.10,56.02,60.09,64.62,69.36,73.44,76.45,79.13,81.10,82.57,84.09,85.45,86.72,87.94,88.99,89.59,90.15,90.67,91.05,91.37,91.75,92.04,92.25,92.44,92.69,92.93,93.26,93.60,93.83,94.05,94.29,94.60,95.01,95.38,95.62,95.97,96.36,96.82,97.30,98.03,98.50,99.09,99.47,99.76,100.00
34.35
Boost
0.00,6.09,8.69,10.06,12.07,13.73,14.96,15.55,16.41,17.54,18.46,19.18,19.87,20.51,21.16,21.87,22.59,23.26,23.99,24.66,25.11,25.47,25.82,26.24,26.65,27.08,27.51,27.85,28.22,28.53,28.85,29.09,29.40,29.86,30.74,31.85,33.99,37.09,40.74,44.62,48.70,52.86,56.71,59.83,62.80,65.57,67.85,69.91,71.93,73.75,75.33,76.79,78.07,79.32,80.32,81.20,81.93,82.69,83.19,83.74,84.20,84.59,84.93,85.26,85.58,85.89,86.27,86.61,87.02,87.38,87.71,88.04,88.35,88.80,89.25,89.78,90.34,90.85,91.32,91.71,92.12,92.50,92.91,93.33,93.81,94.37,95.04,95.65,96.21,96.81,97.39,97.85,98.16,98.48,98.76,98.97,99.05,99.26,99.48,99.74,100.00
25.11
ROSBoost
0.00,6.38,9.51,10.72,12.45,14.36,15.71,16.58,17.18,18.28,19.42,20.29,21.04,21.66,22.32,23.00,23.72,24.39,25.10,25.85,26.44,26.91,27.29,27.63,28.02,28.46,28.87,29.30,29.68,30.05,30.40,30.84,31.28,31.88,32.66,33.56,34.99,37.15,39.95,42.97,46.34,50.47,54.24,57.55,60.75,63.77,66.38,68.73,70.86,72.86,74.58,76.11,77.54,78.90,80.13,81.05,81.92,82.70,83.29,83.89,84.39,84.87,85.27,85.63,85.99,86.27,86.65,87.00,87.39,87.79,88.18,88.54,88.86,89.19,89.59,90.07,90.50,90.96,91.48,91.89,92.31,92.69,93.04,93.46,93.98,94.49,95.08,95.65,96.27,96.85,97.38,97.82,98.20,98.53,98.79,98.99,99.11,99.31,99.53,99.77,100.00
26.44
RUSBoost
0.00,7.08,11.38,14.47,16.04,17.69,19.31,21.07,22.39,23.62,24.39,24.96,25.84,26.87,27.88,28.63,29.21,29.81,30.36,30.95,31.65,32.34,32.98,33.65,34.37,35.04,35.68,36.29,36.75,37.11,37.48,37.83,38.23,38.67,39.02,39.34,39.66,40.02,40.37,40.71,40.99,41.27,41.69,42.13,42.45,43.10,44.21,45.76,47.95,50.93,54.64,58.49,61.79,65.37,68.70,71.42,73.78,76.08,78.05,79.61,81.14,82.52,83.59,84.63,85.54,86.22,86.79,87.31,87.76,88.15,88.54,88.84,89.12,89.45,89.76,90.07,90.41,90.75,91.11,91.43,91.73,92.10,92.44,92.92,93.36,93.74,94.21,94.71,95.17,95.62,96.15,96.72,97.33,97.86,98.38,98.80,99.07,99.33,99.49,99.72,100.00
31.65
SmoteBoost
0.00,6.61,9.94,11.54,13.07,15.06,16.57,17.85,18.56,19.23,20.35,21.43,22.25,22.95,23.62,24.18,24.87,25.59,26.27,26.93,27.66,28.41,28.96,29.40,29.78,30.13,30.56,30.99,31.38,31.76,32.14,32.52,32.89,33.19,33.51,33.77,34.01,34.46,35.71,37.55,40.40,43.58,47.42,51.52,55.70,59.27,62.62,65.62,68.26,70.43,72.51,74.52,76.23,77.73,79.16,80.48,81.56,82.44,83.29,83.99,84.59,85.05,85.43,85.92,86.23,86.59,86.87,87.22,87.56,87.89,88.33,88.67,88.94,89.24,89.55,89.96,90.39,90.82,91.35,91.86,92.21,92.61,93.01,93.38,93.76,94.31,94.92,95.52,96.09,96.66,97.27,97.77,98.15,98.47,98.78,98.98,99.14,99.37,99.52,99.76,100.00
27.66
