Simple
0.00,8.97,13.94,17.32,19.68,21.50,23.23,25.30,26.75,27.82,29.20,31.66,36.39,43.22,51.88,60.31,67.06,71.90,75.50,78.56,81.09,83.22,85.03,86.63,87.82,88.76,89.65,90.28,90.75,91.24,91.54,91.86,92.14,92.44,92.85,93.30,93.89,94.35,94.79,95.07,95.45,95.77,96.05,96.38,96.67,96.94,97.21,97.41,97.59,97.80,98.04,98.18,98.32,98.38,98.41,98.41,98.42,98.48,98.54,98.61,98.65,98.69,98.72,98.77,98.81,98.81,98.82,98.82,98.83,98.83,98.83,98.83,98.84,98.85,98.87,98.89,98.92,98.92,98.92,98.92,98.92,98.92,98.92,98.92,98.92,98.92,98.92,98.92,98.92,98.92,98.92,98.94,99.08,99.19,99.27,99.43,99.45,99.66,99.66,99.96,100.00
81.09
ROS
0.00,11.40,18.31,23.24,28.04,31.21,33.63,35.32,36.89,38.17,39.81,41.89,43.37,44.38,44.97,45.21,45.65,47.24,51.76,59.06,67.14,74.63,79.88,83.31,85.62,87.56,89.01,90.30,91.41,92.11,92.63,93.10,93.37,93.70,93.96,94.17,94.32,94.45,94.79,95.21,95.63,95.95,96.29,96.51,96.70,96.94,97.11,97.51,97.74,97.96,98.14,98.25,98.41,98.46,98.57,98.62,98.63,98.64,98.64,98.68,98.71,98.73,98.76,98.78,98.81,98.83,98.84,98.84,98.85,98.85,98.85,98.85,98.85,98.86,98.87,98.89,98.89,98.90,98.91,98.92,98.92,98.92,98.92,98.92,98.92,98.92,98.92,98.92,98.92,98.92,98.92,98.92,98.92,98.98,99.02,99.26,99.33,99.48,99.50,99.82,100.00
67.14
RUS
0.00,12.44,19.08,27.02,32.62,38.28,42.27,46.92,50.55,53.30,55.74,57.43,58.49,59.85,60.77,61.98,63.92,65.68,66.99,67.85,68.34,68.43,68.62,69.28,70.09,71.41,74.28,78.46,82.19,85.71,89.36,92.11,93.84,94.74,95.29,95.65,95.89,96.03,96.20,96.34,96.42,96.52,96.62,96.82,97.02,97.25,97.47,97.71,97.91,98.13,98.34,98.49,98.65,98.77,98.89,98.94,98.96,98.98,99.00,99.02,99.02,99.02,99.03,99.03,99.04,99.04,99.04,99.05,99.06,99.06,99.06,99.06,99.06,99.06,99.06,99.06,99.06,99.06,99.06,99.07,99.08,99.08,99.08,99.09,99.09,99.09,99.09,99.09,99.09,99.09,99.09,99.09,99.09,99.10,99.14,99.18,99.30,99.43,99.53,99.78,100.00
68.34
Smote
0.00,10.67,17.83,23.88,28.35,31.97,34.70,36.78,38.83,39.92,41.84,43.74,45.02,45.84,46.37,47.37,50.59,56.26,62.81,70.05,76.62,81.49,84.74,86.92,88.37,89.54,90.51,91.11,91.70,92.18,92.61,92.92,93.19,93.38,93.55,93.73,94.05,94.52,94.93,95.28,95.61,95.92,96.19,96.37,96.61,96.93,97.16,97.35,97.52,97.66,97.87,98.09,98.26,98.37,98.44,98.46,98.49,98.50,98.55,98.60,98.66,98.71,98.74,98.76,98.79,98.80,98.80,98.81,98.81,98.81,98.81,98.83,98.83,98.84,98.86,98.89,98.91,98.91,98.92,98.92,98.92,98.92,98.92,98.92,98.92,98.92,98.92,98.92,98.92,98.92,98.92,98.92,98.96,99.09,99.16,99.32,99.39,99.58,99.58,99.95,100.00
76.62
Bag
0.00,8.16,13.39,16.77,19.12,21.39,22.99,25.22,27.03,28.26,29.63,32.88,40.15,48.91,57.54,65.06,71.23,75.85,79.24,82.21,84.70,86.68,88.24,89.67,90.88,91.71,92.33,92.76,93.10,93.40,93.60,93.76,93.92,94.20,94.69,95.19,95.62,95.94,96.26,96.62,96.89,97.09,97.26,97.56,97.92,98.12,98.27,98.39,98.49,98.62,98.71,98.76,98.79,98.80,98.80,98.80,98.80,98.81,98.81,98.82,98.82,98.83,98.84,98.84,98.84,98.84,98.84,98.84,98.84,98.84,98.84,98.84,98.85,98.88,98.89,98.91,98.92,98.92,98.92,98.92,98.92,98.92,98.92,98.92,98.92,98.92,98.92,98.92,98.92,98.92,98.92,99.02,99.26,99.34,99.41,99.46,99.46,99.79,99.79,99.98,100.00
84.7
ROSBag
0.00,11.95,19.23,25.24,29.44,33.90,36.57,39.02,40.25,42.46,43.32,45.29,47.48,49.06,49.87,50.71,50.92,51.23,52.42,55.71,61.58,69.08,77.27,83.16,86.61,88.62,90.04,91.14,92.42,93.25,93.88,94.36,94.68,94.96,95.18,95.34,95.45,95.52,95.71,96.09,96.49,96.88,97.19,97.37,97.54,97.68,97.82,98.05,98.29,98.58,98.75,98.79,98.83,98.84,98.88,98.88,98.88,98.88,98.88,98.88,98.88,98.88,98.88,98.88,98.88,98.88,98.89,98.89,98.89,98.89,98.89,98.89,98.89,98.89,98.89,98.90,98.91,98.91,98.91,98.92,98.92,98.92,98.92,98.92,98.92,98.92,98.92,98.92,98.92,98.92,98.92,98.92,98.93,98.97,99.01,99.21,99.26,99.47,99.48,99.77,100.00
61.58
RUSBag
0.00,12.83,21.65,28.79,34.33,39.78,45.11,48.65,53.86,57.24,59.97,62.55,64.40,65.77,67.60,68.26,70.01,72.18,73.88,74.91,75.71,76.03,76.03,76.12,76.37,76.84,77.66,79.72,83.55,88.57,93.54,95.50,96.29,96.62,96.78,96.87,96.92,96.99,97.04,97.09,97.12,97.14,97.18,97.28,97.42,97.66,97.88,98.05,98.22,98.32,98.43,98.59,98.85,98.92,98.95,98.95,98.96,98.96,98.96,98.96,98.96,98.96,98.96,98.96,98.96,98.96,98.96,98.96,98.96,98.96,98.96,98.96,98.96,98.96,98.96,98.96,98.96,98.96,98.96,98.96,98.96,98.96,98.96,98.96,98.96,98.96,98.96,98.96,98.96,98.96,98.96,98.96,98.96,98.96,98.98,98.99,99.03,99.13,99.26,99.59,100.00
75.71
SmoteBag
0.00,10.68,18.06,24.89,29.37,34.60,37.46,39.73,41.97,44.10,45.23,47.44,49.37,50.81,51.48,52.01,52.22,53.10,56.62,64.86,73.64,80.83,85.32,88.24,89.89,91.18,92.05,92.85,93.57,93.88,94.13,94.54,94.73,95.08,95.13,95.19,95.33,95.59,96.22,96.61,96.85,97.04,97.38,97.49,97.57,97.68,97.88,98.44,98.51,98.62,98.69,98.72,98.80,98.82,98.84,98.84,98.84,98.84,98.84,98.85,98.86,98.86,98.87,98.87,98.87,98.87,98.87,98.87,98.87,98.87,98.87,98.87,98.87,98.88,98.89,98.90,98.91,98.91,98.92,98.92,98.92,98.92,98.92,98.92,98.92,98.92,98.92,98.92,98.92,98.92,98.92,98.92,98.93,99.03,99.08,99.37,99.39,99.51,99.52,99.95,100.00
73.64
Boost
0.00,10.55,15.64,19.35,21.73,23.62,25.21,27.30,28.92,29.91,30.46,30.83,32.41,35.52,42.61,52.35,61.08,67.82,72.65,76.15,78.83,81.28,83.58,85.41,86.58,87.74,88.86,89.62,90.16,90.64,91.02,91.51,91.86,92.17,92.52,92.85,93.32,93.92,94.34,94.61,94.90,95.36,95.84,96.12,96.44,96.68,97.05,97.36,97.50,97.65,97.89,98.07,98.35,98.40,98.42,98.43,98.44,98.45,98.48,98.52,98.59,98.62,98.67,98.72,98.81,98.82,98.82,98.82,98.82,98.82,98.82,98.82,98.82,98.83,98.84,98.88,98.90,98.91,98.92,98.92,98.92,98.92,98.92,98.92,98.92,98.92,98.92,98.92,98.92,98.92,98.92,98.92,98.94,99.05,99.09,99.42,99.42,99.52,99.52,99.95,100.00
78.83
ROSBoost
0.00,11.29,16.81,21.36,23.71,25.79,27.19,29.15,31.08,32.35,33.08,33.42,33.68,36.06,41.61,50.29,59.13,66.43,71.87,75.80,78.68,81.18,83.38,85.03,86.39,87.66,88.71,89.58,90.10,90.59,90.98,91.48,91.83,92.09,92.38,92.72,93.22,93.79,94.27,94.56,94.92,95.39,95.88,96.16,96.43,96.69,97.11,97.40,97.50,97.61,97.82,98.04,98.29,98.36,98.38,98.41,98.43,98.44,98.46,98.50,98.57,98.57,98.60,98.70,98.77,98.79,98.81,98.81,98.81,98.81,98.81,98.81,98.82,98.82,98.84,98.86,98.91,98.91,98.92,98.92,98.92,98.92,98.92,98.92,98.92,98.92,98.92,98.92,98.92,98.92,98.92,98.92,98.94,99.04,99.08,99.42,99.42,99.52,99.52,99.95,100.00
78.68
RUSBoost
0.00,11.38,19.26,25.04,29.62,33.10,35.58,37.54,39.09,40.37,42.18,44.15,45.64,46.54,47.21,47.45,48.27,50.15,54.06,59.38,66.28,72.18,77.51,81.61,84.59,86.82,88.49,89.81,90.76,91.59,92.23,92.72,93.08,93.48,93.74,93.93,94.16,94.46,94.78,95.11,95.50,95.81,96.14,96.44,96.72,96.98,97.22,97.49,97.77,98.00,98.14,98.28,98.41,98.50,98.58,98.61,98.63,98.64,98.65,98.66,98.68,98.68,98.72,98.74,98.77,98.79,98.81,98.82,98.82,98.83,98.83,98.83,98.83,98.83,98.84,98.85,98.88,98.89,98.90,98.91,98.91,98.92,98.92,98.92,98.92,98.92,98.92,98.92,98.92,98.92,98.92,98.92,98.93,99.00,99.02,99.25,99.29,99.46,99.51,99.80,100.00
66.28
SmoteBoost
0.00,11.05,17.17,22.18,24.91,27.16,28.83,30.36,32.44,34.15,35.19,35.90,36.34,36.62,39.30,45.97,55.59,64.32,70.94,75.55,78.90,81.37,83.54,85.45,86.90,88.09,89.20,90.04,90.64,91.03,91.46,91.85,92.29,92.56,92.80,93.06,93.46,94.07,94.55,94.85,95.12,95.52,96.00,96.34,96.63,96.86,97.23,97.64,97.74,97.78,97.99,98.15,98.37,98.42,98.43,98.46,98.46,98.48,98.48,98.54,98.60,98.62,98.66,98.71,98.78,98.79,98.80,98.80,98.80,98.80,98.80,98.80,98.81,98.82,98.82,98.85,98.91,98.91,98.92,98.92,98.92,98.92,98.92,98.92,98.92,98.92,98.92,98.92,98.92,98.92,98.92,98.92,98.94,99.04,99.08,99.41,99.42,99.52,99.52,99.95,100.00
78.9
