Simple
0.00,4.88,7.16,10.16,12.28,13.92,16.16,18.34,20.23,21.92,23.30,24.49,25.72,26.80,28.03,29.15,30.16,30.97,31.70,32.44,33.28,34.23,35.10,35.89,36.54,37.10,37.56,37.96,38.42,38.86,39.25,39.54,39.92,40.24,40.67,41.26,42.07,42.99,44.40,46.06,47.96,49.92,52.60,55.74,58.83,61.75,64.56,67.16,69.63,71.81,73.94,75.84,77.57,79.07,80.42,81.80,83.09,84.25,85.27,86.08,87.02,87.78,88.54,89.25,89.89,90.43,90.89,91.42,91.85,92.28,92.78,93.30,93.77,94.24,94.75,95.22,95.61,95.91,96.25,96.59,96.94,97.23,97.47,97.65,97.83,97.94,98.06,98.27,98.47,98.66,98.81,98.94,99.08,99.30,99.46,99.51,99.59,99.74,99.75,99.75,100.00
33.28
ROS
0.00,6.31,9.91,12.46,14.39,17.26,19.85,21.07,22.30,24.28,26.46,28.42,30.18,31.86,33.31,34.61,35.74,36.91,38.03,39.16,40.35,41.47,42.44,43.35,44.10,44.64,45.26,46.03,46.84,47.70,48.55,49.34,49.93,50.43,50.82,51.26,51.63,52.08,52.51,52.90,53.26,53.58,53.84,54.08,54.39,54.72,55.13,55.71,56.23,56.91,58.01,59.22,60.92,62.73,65.03,67.66,69.91,72.47,74.95,77.13,79.34,81.35,83.11,84.81,86.25,87.60,88.73,89.68,90.53,91.27,92.04,92.58,93.08,93.50,93.91,94.31,94.69,95.10,95.50,95.86,96.25,96.56,96.87,97.18,97.53,97.84,98.04,98.23,98.42,98.53,98.66,98.80,98.94,99.06,99.28,99.33,99.53,99.68,99.70,99.74,100.00
40.35
RUS
0.00,6.68,10.12,13.87,16.42,18.77,20.04,22.50,25.08,27.58,29.39,29.95,31.04,32.87,34.66,36.72,38.39,39.89,41.66,43.07,44.15,45.15,46.09,47.06,48.13,49.08,49.98,51.09,52.27,53.38,54.46,55.42,56.29,56.79,57.17,57.66,58.25,59.02,59.85,60.59,61.35,62.15,62.87,63.42,63.73,63.96,64.20,64.53,64.94,65.42,65.90,66.29,66.65,66.91,67.08,67.32,67.56,67.80,67.96,68.15,68.35,68.63,68.92,69.39,69.79,70.37,71.16,71.97,73.01,74.20,76.00,78.22,80.33,82.72,85.09,87.16,89.07,90.77,92.28,93.49,94.42,95.19,95.74,96.25,96.70,97.06,97.39,97.67,97.93,98.17,98.39,98.60,98.80,98.95,99.16,99.30,99.47,99.64,99.71,99.75,100.00
44.15
Smote
0.00,5.16,9.01,12.02,13.82,17.08,19.89,21.12,22.70,24.56,26.66,28.32,30.12,31.82,33.27,34.49,35.72,36.84,37.91,39.18,40.40,41.44,42.25,43.00,43.61,44.31,45.15,45.99,47.01,47.80,48.48,48.95,49.32,49.68,50.10,50.58,51.07,51.51,51.89,52.23,52.50,52.75,53.06,53.37,53.79,54.53,55.39,56.59,58.31,60.30,62.80,65.34,67.96,70.73,73.58,76.09,78.27,80.33,82.08,83.70,85.07,86.18,87.37,88.32,89.20,90.09,90.83,91.44,92.09,92.61,93.09,93.57,93.91,94.28,94.67,95.08,95.49,95.82,96.20,96.53,96.95,97.24,97.49,97.75,98.03,98.25,98.36,98.47,98.59,98.81,98.94,99.03,99.15,99.35,99.50,99.52,99.63,99.70,99.70,99.70,100.00
40.4
Bag
0.00,4.49,6.52,9.74,11.56,13.03,15.30,17.66,19.54,21.60,23.16,24.41,25.85,26.92,27.97,29.18,30.31,31.48,32.44,33.13,33.72,34.51,35.41,36.41,37.37,38.24,38.99,39.57,39.92,40.26,40.78,41.32,41.79,42.17,42.47,42.72,42.96,43.27,43.57,44.08,44.56,45.14,45.94,47.03,48.74,50.81,53.44,56.91,60.36,63.61,66.81,69.76,72.49,74.78,76.92,78.77,80.59,82.13,83.61,85.05,86.23,87.45,88.32,89.22,89.95,90.74,91.33,91.99,92.45,92.85,93.30,93.63,93.90,94.21,94.64,95.11,95.56,95.99,96.30,96.58,96.84,97.15,97.48,97.71,97.91,98.06,98.14,98.32,98.52,98.68,98.77,98.92,99.01,99.24,99.52,99.57,99.77,99.91,99.92,99.92,100.00
33.72
ROSBag
0.00,7.34,11.33,14.31,15.47,18.22,21.39,23.66,23.96,25.35,27.45,29.74,31.88,33.38,35.38,37.16,38.65,39.92,41.08,42.36,43.35,44.49,45.85,47.01,48.11,49.19,50.24,50.87,51.25,51.71,52.37,53.29,54.18,55.12,55.98,56.84,57.51,57.87,58.06,58.36,58.78,59.34,59.91,60.36,60.72,61.05,61.29,61.51,61.66,61.92,62.19,62.46,62.78,63.13,63.39,63.76,64.30,65.20,66.42,68.33,70.84,73.70,76.60,79.25,81.79,84.17,86.28,88.09,89.78,91.26,92.51,93.56,94.42,95.09,95.62,96.04,96.34,96.63,96.80,96.97,97.21,97.38,97.49,97.63,97.82,98.10,98.39,98.65,98.79,98.96,99.04,99.11,99.22,99.27,99.50,99.54,99.79,99.93,99.94,99.96,100.00
43.35
RUSBag
0.00,8.20,11.91,16.25,18.80,21.31,22.64,24.55,27.16,29.58,32.18,33.82,34.02,34.76,36.71,38.52,40.18,42.47,43.89,45.42,47.27,48.66,49.77,50.92,51.82,52.80,53.92,55.01,55.89,56.96,58.27,59.38,60.54,61.46,62.47,63.34,63.73,64.01,64.31,64.89,65.69,66.39,67.11,67.80,68.59,69.48,70.22,70.66,70.80,70.88,71.05,71.39,71.85,72.37,72.95,73.44,73.77,74.06,74.26,74.55,74.77,74.88,75.05,75.25,75.39,75.59,75.85,76.09,76.42,76.69,76.99,77.18,77.37,77.71,78.08,78.85,79.83,81.53,83.82,86.39,88.95,91.29,93.29,94.80,96.04,97.02,97.69,98.05,98.26,98.39,98.50,98.60,98.69,98.82,99.11,99.39,99.53,99.68,99.72,99.76,100.00
47.27
SmoteBag
0.00,4.97,9.37,12.99,13.77,16.80,20.45,22.49,23.00,25.08,26.80,29.02,30.70,32.35,34.42,35.97,37.41,38.73,39.96,40.84,42.13,43.39,44.54,45.75,46.85,47.63,48.06,48.62,49.37,50.25,51.17,52.15,53.06,53.94,54.48,54.72,54.87,55.17,55.70,56.22,56.75,57.23,57.65,57.88,58.10,58.36,58.70,58.99,59.39,59.70,60.18,60.97,61.78,62.72,64.00,66.22,68.66,71.58,74.91,78.12,80.87,83.39,85.48,87.13,88.57,89.77,90.82,91.67,92.61,93.27,93.89,94.37,94.86,95.22,95.50,95.75,95.97,96.22,96.46,96.77,97.08,97.37,97.59,97.75,97.95,98.27,98.59,98.73,98.85,98.99,99.09,99.24,99.32,99.39,99.66,99.68,99.84,99.87,99.87,99.87,100.00
42.13
Boost
0.00,5.66,8.34,10.97,14.27,16.16,18.29,20.66,22.67,24.63,26.25,27.61,29.00,30.18,31.42,32.72,33.90,34.88,35.69,36.35,37.09,38.03,38.88,39.86,40.66,41.30,41.73,42.20,42.61,43.14,43.64,44.02,44.37,44.64,44.99,45.45,45.79,46.64,47.87,49.42,51.94,54.65,57.22,60.21,62.92,65.67,68.20,70.67,72.99,74.97,76.91,78.73,80.37,81.73,83.07,84.18,85.22,86.25,87.11,87.98,88.80,89.55,90.13,90.66,91.08,91.52,91.86,92.33,92.72,93.15,93.61,94.10,94.57,94.92,95.27,95.60,95.97,96.32,96.72,97.03,97.29,97.45,97.58,97.78,97.97,98.14,98.21,98.33,98.46,98.69,98.96,99.03,99.13,99.33,99.41,99.43,99.46,99.54,99.54,99.54,100.00
37.09
ROSBoost
0.00,5.92,8.82,11.28,14.66,16.52,18.57,20.91,22.97,24.94,26.61,28.00,29.38,30.71,31.96,33.15,34.37,35.43,36.28,36.99,37.65,38.49,39.35,40.29,41.07,41.70,42.25,42.72,43.18,43.64,44.01,44.46,44.82,45.13,45.66,46.19,46.85,47.76,49.15,50.68,53.05,55.82,58.34,61.27,64.18,66.78,69.34,71.92,74.17,76.14,77.89,79.57,81.05,82.29,83.41,84.54,85.54,86.56,87.44,88.16,88.91,89.54,90.09,90.58,91.03,91.42,91.77,92.18,92.58,93.00,93.48,93.90,94.32,94.72,95.22,95.58,95.91,96.32,96.78,97.03,97.22,97.39,97.54,97.73,97.89,98.10,98.15,98.32,98.51,98.65,98.93,98.99,99.05,99.34,99.39,99.40,99.42,99.48,99.48,99.48,100.00
37.65
RUSBoost
0.00,6.13,9.48,11.23,14.54,17.31,18.79,20.94,23.26,25.21,27.09,28.63,29.99,31.30,32.56,33.72,35.12,36.22,37.28,38.20,38.89,39.54,40.30,41.20,42.08,42.97,43.64,44.26,44.72,45.09,45.59,46.05,46.51,46.93,47.28,47.56,47.92,48.27,48.65,49.39,50.17,51.22,52.69,54.70,56.90,59.35,62.05,64.78,67.62,70.18,72.94,75.15,77.35,79.08,80.75,82.32,83.58,84.77,85.83,86.85,87.63,88.53,89.30,90.03,90.60,91.15,91.70,92.14,92.53,92.94,93.32,93.63,94.05,94.48,94.91,95.32,95.72,96.07,96.53,96.87,97.15,97.39,97.67,97.88,98.03,98.20,98.25,98.36,98.47,98.63,98.89,99.01,99.13,99.30,99.40,99.43,99.51,99.58,99.58,99.58,100.00
38.89
SmoteBoost
0.00,6.04,8.88,11.44,14.79,16.65,18.80,21.13,23.18,25.04,26.69,28.03,29.47,30.65,31.83,33.09,34.26,35.27,36.08,36.70,37.44,38.34,39.22,40.14,40.89,41.55,42.08,42.53,42.97,43.46,43.89,44.27,44.66,45.03,45.44,46.04,46.63,47.36,48.50,50.08,52.03,54.65,57.36,60.13,63.22,66.24,68.82,71.41,73.63,75.67,77.41,79.06,80.65,81.96,83.23,84.34,85.27,86.20,87.16,87.95,88.70,89.47,90.13,90.57,91.05,91.44,91.77,92.18,92.59,92.96,93.46,93.94,94.34,94.85,95.28,95.59,96.01,96.43,96.78,97.09,97.32,97.47,97.61,97.78,97.97,98.16,98.26,98.39,98.54,98.67,98.91,98.99,99.11,99.35,99.44,99.44,99.45,99.51,99.51,99.51,100.00
37.44
