Simple
0.00,0.00,0.28,0.30,0.37,0.39,0.40,0.40,3.04,5.61,9.78,13.62,17.22,21.41,24.31,27.60,30.53,32.95,35.25,37.53,39.46,41.14,42.77,44.92,46.89,48.88,51.11,52.80,54.23,54.97,56.23,57.81,58.99,60.47,62.13,63.25,64.70,66.39,67.63,68.99,69.86,70.54,71.46,72.04,72.65,73.18,73.96,74.79,75.77,76.09,76.90,77.54,78.32,79.34,80.59,81.33,82.54,83.59,84.26,84.85,85.31,85.53,86.19,86.63,87.19,87.95,88.27,89.22,89.72,90.82,91.47,92.42,92.89,93.25,93.39,93.43,93.44,93.44,93.68,94.04,94.52,95.06,95.37,96.01,96.35,96.46,96.54,96.79,96.80,97.30,97.45,97.66,97.75,98.13,98.14,98.31,98.31,98.76,99.37,99.37,100.00
39.46
ROS
0.00,5.73,9.55,13.27,17.09,19.92,22.55,24.66,26.82,29.11,30.85,31.72,32.84,34.36,35.96,37.63,38.99,40.30,41.45,42.30,43.06,43.81,44.52,45.35,46.10,46.84,47.65,48.64,49.66,50.63,51.60,52.37,53.15,53.68,54.13,54.58,55.26,55.97,56.56,57.27,58.00,58.76,59.51,60.23,60.73,61.06,61.35,61.63,62.01,62.46,62.93,63.34,63.68,63.98,64.20,64.46,64.66,64.85,65.06,65.29,65.51,65.70,65.82,66.07,66.27,66.50,66.72,66.98,67.25,67.44,67.72,67.96,68.39,68.95,69.78,71.11,72.91,74.87,77.27,79.49,81.79,83.67,85.57,87.20,88.77,90.27,91.65,92.91,94.01,95.05,95.99,96.74,97.39,98.01,98.53,98.94,99.38,99.62,99.79,99.86,100.00
43.06
RUS
0.00,5.53,10.39,13.63,17.23,20.68,23.48,25.87,27.97,29.85,32.15,34.42,35.86,36.53,37.83,39.19,40.81,42.22,43.54,44.76,45.84,46.74,47.54,48.27,48.94,49.70,50.39,51.10,51.76,52.55,53.49,54.49,55.41,56.25,56.98,57.50,58.00,58.46,59.09,59.70,60.32,60.96,61.66,62.37,63.09,63.66,64.06,64.41,64.72,64.99,65.35,65.74,66.13,66.57,66.92,67.26,67.53,67.74,67.95,68.21,68.41,68.66,68.83,69.00,69.22,69.46,69.66,69.85,70.08,70.37,70.65,70.96,71.28,71.61,72.09,72.57,73.49,74.58,75.94,77.51,79.62,81.65,83.46,85.06,86.77,88.25,89.88,91.12,92.39,93.50,94.65,95.56,96.35,97.12,97.80,98.44,99.04,99.45,99.79,99.93,100.00
45.84
Smote
0.00,6.01,9.30,13.47,17.42,19.73,23.44,24.78,27.40,29.85,30.99,31.99,33.63,35.51,37.08,38.48,39.88,40.91,41.59,42.25,42.89,43.59,44.40,44.98,45.68,46.63,47.72,48.80,49.82,50.84,51.62,52.18,52.54,52.85,53.42,54.08,54.68,55.28,55.91,56.70,57.57,58.48,59.31,59.97,60.28,60.42,60.61,60.97,61.44,61.99,62.48,62.96,63.27,63.46,63.56,63.67,63.92,64.21,64.52,64.72,64.87,64.99,65.17,65.37,65.55,65.74,66.06,66.35,66.65,66.93,67.12,67.26,67.30,67.47,67.61,68.30,69.81,72.38,75.69,78.82,81.37,83.39,84.73,86.03,87.36,88.85,90.31,91.59,92.73,93.86,94.95,95.93,96.80,97.44,98.17,98.85,99.57,99.85,99.99,99.99,100.00
42.89
Bag
0.00,0.02,0.47,0.66,0.80,1.06,1.18,1.35,1.47,1.94,3.23,4.70,6.80,9.75,13.46,17.03,20.75,24.05,27.20,30.34,32.86,35.37,37.51,39.63,41.61,43.48,45.41,47.33,49.38,51.18,52.84,54.46,55.97,57.18,58.39,59.68,61.15,62.53,63.99,65.42,66.84,68.02,69.25,70.39,71.35,72.11,72.77,73.55,74.27,74.90,75.58,76.23,76.99,77.75,78.55,79.30,80.18,81.26,82.18,83.22,84.06,84.84,85.53,86.10,86.61,87.09,87.55,88.10,88.67,89.39,89.97,90.74,91.47,92.23,92.91,93.49,93.94,94.25,94.38,94.51,94.64,94.83,95.08,95.46,95.93,96.29,96.66,96.91,97.11,97.39,97.54,97.74,97.97,98.20,98.37,98.66,98.66,98.97,99.37,99.37,100.00
32.86
ROSBag
0.00,6.01,9.39,13.60,17.51,19.89,23.49,25.08,27.54,29.89,30.83,31.52,33.01,34.77,36.50,37.78,39.35,40.51,41.12,41.85,42.57,43.30,44.22,44.78,45.37,46.27,47.43,48.60,49.64,50.63,51.51,52.18,52.60,52.94,53.48,54.06,54.72,55.30,55.91,56.73,57.56,58.49,59.24,59.82,60.15,60.29,60.54,60.91,61.41,61.96,62.45,62.89,63.15,63.30,63.39,63.54,63.80,64.15,64.38,64.56,64.68,64.85,65.04,65.22,65.41,65.65,65.97,66.26,66.56,66.80,66.99,67.06,67.15,67.23,67.56,68.34,70.42,73.32,76.76,79.73,81.99,83.67,84.85,86.09,87.58,89.18,90.74,92.06,93.44,94.57,95.61,96.44,97.22,97.84,98.47,99.06,99.51,99.80,99.97,99.99,100.00
42.57
RUSBag
0.00,5.54,10.50,14.11,17.73,21.10,23.80,26.50,28.44,30.60,32.87,35.05,36.05,36.64,38.09,39.69,41.39,42.53,43.85,45.01,45.86,46.53,47.35,47.99,48.83,49.58,50.32,50.83,51.53,52.54,53.59,54.63,55.57,56.38,56.97,57.37,57.77,58.28,58.91,59.53,60.06,60.73,61.50,62.29,63.07,63.56,63.80,63.99,64.25,64.66,65.11,65.61,66.09,66.52,66.79,66.98,67.15,67.35,67.66,67.89,68.14,68.29,68.42,68.65,68.86,69.01,69.20,69.50,69.74,70.04,70.29,70.58,70.70,70.80,70.87,71.13,71.58,72.44,74.53,77.12,79.71,81.52,83.06,84.50,86.05,87.70,89.14,90.64,91.90,93.33,94.45,95.30,96.08,96.88,97.74,98.51,99.07,99.57,99.87,99.99,100.00
45.86
SmoteBag
0.00,5.92,9.13,13.51,17.41,19.55,23.43,24.79,27.47,29.88,30.66,31.87,33.65,35.62,36.99,38.52,39.89,40.75,41.22,42.05,42.50,43.40,44.16,44.59,45.41,46.43,47.62,48.69,49.72,50.59,51.45,51.77,52.08,52.47,53.06,53.86,54.36,54.90,55.65,56.46,57.39,58.33,59.15,59.70,59.89,59.95,60.19,60.65,61.19,61.68,62.19,62.64,62.93,63.00,63.08,63.22,63.48,63.90,64.16,64.28,64.37,64.54,64.77,64.94,65.06,65.34,65.66,65.97,66.28,66.51,66.75,66.79,66.81,66.82,66.99,67.78,69.57,72.82,76.58,79.63,82.04,83.60,84.78,86.01,87.45,89.09,90.35,91.59,92.75,93.84,94.94,95.94,96.78,97.47,98.19,98.85,99.62,99.89,99.98,99.99,100.00
42.5
Boost
0.00,4.11,6.04,7.35,8.36,9.12,9.95,10.56,11.17,11.68,12.18,12.65,13.03,13.44,13.80,14.09,14.35,14.52,14.75,14.97,15.17,15.37,15.65,15.87,16.09,16.27,16.44,16.65,16.97,17.70,18.69,20.35,22.45,24.72,27.62,30.99,33.96,37.06,40.19,43.00,45.66,47.78,50.06,52.15,54.07,56.03,57.99,59.78,61.55,63.06,64.54,66.05,67.38,68.63,69.94,71.37,72.60,73.89,75.25,76.53,77.59,78.58,79.47,80.27,81.07,81.76,82.39,83.11,83.76,84.53,85.27,86.00,86.90,87.80,88.75,89.60,90.34,91.07,91.63,92.09,92.61,93.05,93.54,94.16,94.83,95.51,96.27,97.02,97.66,98.16,98.53,98.70,98.80,98.91,98.98,99.16,99.34,99.46,99.54,99.58,100.00
15.17
ROSBoost
0.00,5.77,9.56,13.32,16.00,18.56,20.57,22.85,24.74,25.85,27.16,28.65,30.27,31.81,33.24,34.60,35.69,36.55,37.31,38.08,38.92,39.72,40.51,41.32,42.37,43.41,44.42,45.41,46.20,47.01,47.56,48.10,48.70,49.27,49.91,50.54,51.21,52.01,52.69,53.37,54.01,54.38,54.78,55.08,55.43,55.77,56.11,56.53,56.92,57.31,57.60,57.87,58.08,58.30,58.58,58.80,59.02,59.18,59.41,59.59,59.80,60.01,60.24,60.47,60.72,61.06,61.30,61.60,61.89,62.37,63.01,63.89,65.13,66.92,69.08,71.54,74.04,76.63,78.90,81.08,83.00,84.68,86.44,88.04,89.62,91.05,92.33,93.44,94.48,95.41,96.18,96.80,97.44,97.99,98.49,98.87,99.26,99.46,99.68,99.82,100.00
38.92
RUSBoost
0.00,5.73,9.63,13.25,16.45,19.11,21.39,23.44,25.61,27.45,28.75,30.20,31.52,33.07,34.65,36.11,37.43,38.46,39.45,40.30,41.09,41.82,42.65,43.47,44.35,45.31,46.15,47.07,47.94,48.77,49.53,50.19,50.89,51.47,52.11,52.71,53.33,54.06,54.74,55.42,55.95,56.42,56.89,57.30,57.70,58.13,58.47,58.78,59.14,59.51,59.80,60.15,60.39,60.68,60.93,61.16,61.37,61.56,61.75,61.98,62.17,62.36,62.61,62.80,63.09,63.30,63.57,63.84,64.11,64.55,65.09,65.82,66.91,68.28,70.11,71.85,74.06,76.23,78.34,80.49,82.42,84.51,86.16,87.78,89.20,90.54,91.87,92.94,94.04,94.97,95.68,96.37,97.00,97.61,98.15,98.62,99.11,99.41,99.66,99.78,100.00
41.09
SmoteBoost
0.00,5.59,9.43,13.37,15.89,18.58,20.48,22.96,25.02,26.38,27.63,29.25,30.87,32.39,33.97,35.34,36.40,37.22,38.13,38.86,39.67,40.44,41.27,42.19,43.13,44.18,45.20,46.12,47.07,47.73,48.34,48.92,49.43,50.03,50.65,51.34,52.11,52.84,53.58,54.28,54.89,55.35,55.75,56.11,56.42,56.75,57.15,57.54,57.89,58.27,58.61,58.91,59.17,59.41,59.62,59.84,60.04,60.27,60.44,60.63,60.84,61.08,61.27,61.49,61.73,61.98,62.20,62.39,62.59,62.81,63.42,64.09,65.20,66.70,68.53,70.78,73.18,75.76,78.37,80.81,82.88,84.82,86.47,88.11,89.46,90.90,92.09,93.22,94.35,95.32,96.08,96.78,97.44,97.98,98.52,98.99,99.34,99.53,99.77,99.85,100.00
39.67
