Simple
0.00,14.59,27.57,37.30,41.62,49.19,54.05,55.68,59.46,62.70,65.41,67.57,68.65,70.81,72.97,74.05,76.22,77.30,77.84,78.38,79.46,80.54,81.08,81.62,82.16,82.16,83.24,84.86,85.41,86.49,86.49,87.03,87.57,88.65,89.19,89.73,89.73,90.27,90.81,90.81,90.81,90.81,91.35,91.89,92.97,94.59,94.59,94.59,94.59,95.14,95.14,95.14,95.14,95.68,96.22,96.22,96.22,96.22,96.76,97.30,97.30,97.30,97.30,97.30,97.30,97.30,97.30,97.84,97.84,97.84,97.84,98.38,98.92,98.92,98.92,98.92,98.92,98.92,98.92,98.92,98.92,98.92,98.92,98.92,98.92,98.92,98.92,98.92,98.92,98.92,98.92,99.46,99.46,99.46,99.46,99.46,99.46,100.00,100.00,100.00,100.00
79.46
ROS
0.00,13.89,24.63,32.69,39.37,44.00,48.90,54.45,57.49,60.68,65.37,68.09,70.29,71.83,74.39,76.26,77.91,78.90,80.99,82.25,83.66,85.05,85.71,86.30,86.92,87.71,89.33,90.46,92.18,94.00,95.48,96.24,96.50,96.78,96.98,97.03,97.08,97.12,97.18,97.25,97.32,97.46,97.64,97.78,97.94,98.10,98.20,98.38,98.45,98.55,98.64,98.75,98.77,98.77,98.79,98.84,98.86,98.90,98.91,98.94,98.96,98.96,98.97,98.97,98.97,98.97,98.97,98.97,98.97,98.97,98.97,98.97,98.97,98.97,98.97,98.97,98.97,98.97,98.97,98.97,98.97,98.97,98.97,98.97,98.97,98.97,98.97,98.97,98.97,98.97,98.97,99.02,99.09,99.16,99.26,99.37,99.41,99.59,99.59,99.81,100.00
83.66
RUS
0.00,13.58,24.36,32.69,39.06,43.67,48.82,54.23,57.33,60.57,65.13,68.02,70.16,71.76,74.20,76.10,77.77,78.75,80.78,82.09,83.41,84.75,85.41,86.25,88.84,90.25,92.94,94.63,95.83,96.15,96.64,96.78,96.86,96.90,96.96,97.02,97.03,97.05,97.21,97.31,97.52,97.72,97.86,97.96,98.08,98.26,98.34,98.51,98.59,98.62,98.69,98.71,98.77,98.77,98.85,98.87,98.90,98.94,98.94,98.94,98.94,98.94,98.94,98.94,98.94,98.94,98.94,98.94,98.94,98.94,98.94,98.94,98.94,98.94,98.94,98.94,98.94,98.94,98.94,98.94,98.94,98.94,98.94,98.94,98.94,98.94,98.94,98.94,98.94,98.94,98.94,99.12,99.21,99.35,99.45,99.45,99.46,99.71,99.71,99.93,100.00
83.41
Smote
0.00,14.18,25.01,33.72,39.96,44.26,49.28,54.97,58.40,61.53,66.10,69.02,71.35,72.79,75.41,77.12,79.16,79.84,81.84,83.52,84.72,86.26,86.84,87.81,91.29,92.81,95.32,96.16,96.97,97.09,97.17,97.17,97.23,97.23,97.26,97.26,97.28,97.28,97.58,97.62,97.79,98.12,98.16,98.31,98.35,98.66,98.67,98.85,98.85,98.89,98.90,98.90,98.90,98.90,98.92,98.92,98.92,98.92,98.92,98.92,98.92,98.92,98.92,98.92,98.92,98.92,98.92,98.92,98.92,98.92,98.92,98.92,98.92,98.92,98.92,98.92,98.92,98.92,98.92,98.92,98.92,98.92,98.92,98.92,98.92,98.92,98.92,98.92,98.92,98.92,98.92,99.23,99.26,99.42,99.45,99.45,99.46,99.77,99.77,99.96,100.00
84.72
Bag
0.00,14.59,27.57,37.30,41.62,49.19,54.05,55.68,59.46,62.70,65.41,67.57,68.65,70.81,72.97,74.05,76.22,77.30,77.84,78.38,79.46,80.54,81.08,81.62,82.16,82.16,83.24,84.86,85.41,86.49,86.49,87.03,87.57,88.65,89.19,89.73,89.73,90.27,90.81,90.81,90.81,90.81,91.35,91.89,92.97,94.59,94.59,94.59,94.59,95.14,95.14,95.14,95.14,95.68,96.22,96.22,96.22,96.22,96.76,97.30,97.30,97.30,97.30,97.30,97.30,97.30,97.30,97.84,97.84,97.84,97.84,98.38,98.92,98.92,98.92,98.92,98.92,98.92,98.92,98.92,98.92,98.92,98.92,98.92,98.92,98.92,98.92,98.92,98.92,98.92,98.92,99.46,99.46,99.46,99.46,99.46,99.46,100.00,100.00,100.00,100.00
79.46
ROSBag
0.00,13.85,24.61,33.04,39.35,44.09,49.04,54.69,57.92,61.04,65.65,68.43,70.82,72.21,74.83,76.59,78.49,79.29,81.33,82.84,84.08,85.57,86.17,87.03,88.21,88.68,90.90,92.24,94.40,95.92,96.59,96.84,96.95,96.99,97.03,97.05,97.08,97.10,97.18,97.26,97.38,97.59,97.73,97.88,98.04,98.19,98.28,98.43,98.52,98.60,98.72,98.75,98.77,98.78,98.79,98.82,98.85,98.90,98.90,98.91,98.92,98.92,98.92,98.92,98.92,98.92,98.92,98.92,98.92,98.92,98.92,98.92,98.92,98.92,98.92,98.92,98.92,98.92,98.92,98.92,98.92,98.92,98.92,98.92,98.92,98.92,98.92,98.92,98.92,98.92,98.92,99.01,99.09,99.17,99.32,99.39,99.45,99.58,99.58,99.81,100.00
84.08
RUSBag
0.00,13.36,24.19,32.70,39.08,43.70,48.66,54.18,57.34,60.49,65.11,67.82,70.17,71.58,74.19,76.03,77.81,78.69,80.74,82.16,83.44,84.89,85.54,86.38,93.25,94.86,96.34,96.73,96.88,96.91,96.92,96.92,97.10,97.10,97.12,97.12,97.12,97.14,97.61,97.62,97.79,98.15,98.17,98.21,98.21,98.69,98.69,98.75,98.75,98.75,98.78,98.78,98.81,98.81,98.91,98.91,98.92,98.92,98.92,98.92,98.92,98.92,98.92,98.92,98.92,98.92,98.92,98.92,98.92,98.92,98.92,98.92,98.92,98.92,98.92,98.92,98.92,98.92,98.92,98.92,98.92,98.92,98.92,98.92,98.92,98.92,98.92,98.92,98.92,98.92,98.92,99.40,99.41,99.46,99.46,99.46,99.46,99.94,99.94,100.00,100.00
83.44
SmoteBag
0.00,14.35,25.19,33.95,40.19,44.44,49.56,55.23,58.67,61.84,66.37,69.33,71.65,73.11,75.78,77.44,79.52,80.15,82.11,83.89,85.02,86.61,87.16,88.19,91.93,93.97,95.62,96.31,97.07,97.14,97.19,97.19,97.26,97.26,97.28,97.28,97.29,97.29,97.66,97.66,97.79,98.21,98.21,98.33,98.37,98.75,98.75,98.87,98.87,98.91,98.91,98.91,98.91,98.91,98.92,98.92,98.92,98.92,98.92,98.92,98.92,98.92,98.92,98.92,98.92,98.92,98.92,98.92,98.92,98.92,98.92,98.92,98.92,98.92,98.92,98.92,98.92,98.92,98.92,98.92,98.92,98.92,98.92,98.92,98.92,98.92,98.92,98.92,98.92,98.92,98.92,99.29,99.29,99.42,99.46,99.46,99.46,99.83,99.83,99.96,100.00
85.02
Boost
0.00,1.04,2.23,3.80,11.28,19.85,30.08,37.96,45.37,50.48,54.95,58.85,61.89,65.29,67.79,69.59,71.50,73.46,75.28,77.10,78.32,79.41,80.04,81.06,82.01,82.69,83.35,83.90,84.34,85.06,85.98,86.99,87.91,88.50,88.97,89.52,90.19,90.81,91.41,91.69,92.05,92.30,92.48,92.56,92.80,93.14,93.69,94.69,95.26,95.71,95.83,96.08,96.26,96.38,96.43,96.65,96.75,96.85,96.89,96.94,97.25,97.29,97.43,97.44,97.46,97.47,97.47,97.47,97.48,97.77,97.81,97.92,98.22,98.57,98.74,98.86,98.91,98.91,98.92,98.92,98.92,98.92,98.92,98.92,98.92,98.92,98.92,98.92,98.92,98.92,98.92,99.26,99.30,99.42,99.45,99.46,99.46,99.81,99.81,99.96,100.00
78.32
ROSBoost
0.00,12.68,23.05,29.72,36.42,41.01,46.64,51.04,53.52,57.74,61.46,64.03,65.67,67.91,69.81,71.69,72.79,74.43,76.20,77.28,78.71,79.51,80.21,80.75,81.37,83.24,85.11,86.95,88.91,90.98,92.81,94.54,95.52,96.02,96.43,96.59,96.70,96.77,96.86,96.95,97.06,97.18,97.33,97.47,97.61,97.77,97.92,98.10,98.23,98.34,98.40,98.50,98.55,98.65,98.68,98.71,98.81,98.87,98.91,98.94,98.98,99.00,99.02,99.02,99.02,99.03,99.03,99.03,99.03,99.03,99.03,99.03,99.03,99.03,99.03,99.03,99.03,99.03,99.03,99.03,99.04,99.04,99.04,99.04,99.04,99.04,99.04,99.04,99.04,99.04,99.04,99.08,99.15,99.25,99.31,99.38,99.43,99.65,99.67,99.87,100.00
78.71
RUSBoost
0.00,13.05,23.39,30.59,37.34,41.83,47.36,52.06,54.52,58.57,62.63,65.37,67.04,69.17,71.18,73.06,74.25,75.71,77.64,78.66,80.12,81.05,81.78,82.76,84.82,87.23,89.76,92.16,93.82,95.39,95.93,96.29,96.56,96.67,96.75,96.80,96.83,96.86,96.98,97.11,97.26,97.44,97.65,97.81,97.88,98.06,98.23,98.34,98.42,98.51,98.60,98.63,98.66,98.72,98.79,98.86,98.89,98.92,98.95,98.98,98.98,98.98,98.98,98.98,98.98,98.99,98.99,98.99,98.99,98.99,98.99,98.99,98.99,98.99,98.99,98.99,98.99,98.99,98.99,98.99,98.99,98.99,98.99,98.99,98.99,98.99,98.99,98.99,98.99,98.99,98.99,99.15,99.25,99.35,99.43,99.49,99.51,99.74,99.74,99.96,100.00
80.12
SmoteBoost
0.00,12.60,22.84,29.39,35.88,40.45,46.10,50.41,52.86,57.16,60.77,63.38,64.97,67.23,69.07,71.02,72.08,73.70,75.56,76.58,78.08,78.89,79.75,81.10,82.79,84.35,86.86,89.56,91.94,93.86,95.09,95.95,96.45,96.62,96.76,96.84,96.89,96.99,97.11,97.16,97.32,97.50,97.62,97.77,97.91,98.12,98.21,98.31,98.46,98.53,98.63,98.68,98.71,98.75,98.81,98.83,98.84,98.91,98.93,98.95,98.96,98.98,98.99,98.99,98.99,98.99,98.99,98.99,98.99,98.99,98.99,98.99,98.99,98.99,98.99,98.99,98.99,98.99,98.99,98.99,98.99,98.99,98.99,98.99,98.99,98.99,98.99,98.99,98.99,98.99,98.99,99.10,99.16,99.26,99.38,99.45,99.51,99.70,99.71,99.91,100.00
78.08
