Simple
0.00,41.37,49.63,52.54,53.60,81.79,84.91,87.82,88.03,89.12,89.67,90.28,90.72,92.09,92.09,92.09,92.09,92.09,92.09,92.09,92.92,92.92,92.92,92.92,92.92,93.74,93.74,94.15,94.40,94.40,94.40,94.40,94.40,94.40,94.40,94.80,95.22,95.22,95.22,95.91,96.32,96.73,96.73,97.14,97.14,97.14,97.14,97.55,97.55,98.35,98.79,98.79,98.79,99.20,99.20,99.20,99.20,99.20,99.20,99.20,99.20,99.20,99.20,99.59,99.59,99.59,100.00,100.00,100.00,100.00,100.00,100.00,100.00,100.00,100.00,100.00,100.00,100.00,100.00,100.00,100.00,100.00,100.00,100.00,100.00,100.00,100.00,100.00,100.00,100.00,100.00,100.00,100.00,100.00,100.00,100.00,100.00,100.00,100.00,100.00,100.00
92.92
ROS
0.00,56.38,72.84,81.48,86.42,90.95,95.06,97.53,99.18,99.59,100.00,100.00,100.00,100.00,100.00,100.00,100.00,100.00,100.00,100.00,100.00,100.00,100.00,100.00,100.00,100.00,100.00,100.00,100.00,100.00,100.00,100.00,100.00,100.00,100.00,100.00,100.00,100.00,100.00,100.00,100.00,100.00,100.00,100.00,100.00,100.00,100.00,100.00,100.00,100.00,100.00,100.00,100.00,100.00,100.00,100.00,100.00,100.00,100.00,100.00,100.00,100.00,100.00,100.00,100.00,100.00,100.00,100.00,100.00,100.00,100.00,100.00,100.00,100.00,100.00,100.00,100.00,100.00,100.00,100.00,100.00,100.00,100.00,100.00,100.00,100.00,100.00,100.00,100.00,100.00,100.00,100.00,100.00,100.00,100.00,100.00,100.00,100.00,100.00,100.00,100.00
100.0
RUS
0.00,56.38,72.84,81.48,86.42,90.95,95.06,97.53,99.18,99.59,100.00,100.00,100.00,100.00,100.00,100.00,100.00,100.00,100.00,100.00,100.00,100.00,100.00,100.00,100.00,100.00,100.00,100.00,100.00,100.00,100.00,100.00,100.00,100.00,100.00,100.00,100.00,100.00,100.00,100.00,100.00,100.00,100.00,100.00,100.00,100.00,100.00,100.00,100.00,100.00,100.00,100.00,100.00,100.00,100.00,100.00,100.00,100.00,100.00,100.00,100.00,100.00,100.00,100.00,100.00,100.00,100.00,100.00,100.00,100.00,100.00,100.00,100.00,100.00,100.00,100.00,100.00,100.00,100.00,100.00,100.00,100.00,100.00,100.00,100.00,100.00,100.00,100.00,100.00,100.00,100.00,100.00,100.00,100.00,100.00,100.00,100.00,100.00,100.00,100.00,100.00
100.0
Smote
0.00,56.38,72.84,81.48,86.42,90.95,95.06,97.53,99.18,99.59,100.00,100.00,100.00,100.00,100.00,100.00,100.00,100.00,100.00,100.00,100.00,100.00,100.00,100.00,100.00,100.00,100.00,100.00,100.00,100.00,100.00,100.00,100.00,100.00,100.00,100.00,100.00,100.00,100.00,100.00,100.00,100.00,100.00,100.00,100.00,100.00,100.00,100.00,100.00,100.00,100.00,100.00,100.00,100.00,100.00,100.00,100.00,100.00,100.00,100.00,100.00,100.00,100.00,100.00,100.00,100.00,100.00,100.00,100.00,100.00,100.00,100.00,100.00,100.00,100.00,100.00,100.00,100.00,100.00,100.00,100.00,100.00,100.00,100.00,100.00,100.00,100.00,100.00,100.00,100.00,100.00,100.00,100.00,100.00,100.00,100.00,100.00,100.00,100.00,100.00,100.00
100.0
Bag
0.00,39.72,47.52,50.22,51.22,80.79,84.02,87.08,87.38,88.69,89.35,90.01,90.61,92.09,92.09,92.10,92.10,92.10,92.10,92.10,92.92,92.93,92.93,92.93,92.93,93.75,93.75,94.18,94.45,94.45,94.45,94.45,94.45,94.45,94.45,94.82,95.27,95.27,95.27,95.99,96.37,96.81,96.81,97.22,97.22,97.22,97.22,97.63,97.63,98.34,98.87,98.87,98.87,99.28,99.28,99.31,99.31,99.31,99.31,99.31,99.31,99.31,99.31,99.59,99.59,99.59,100.00,100.00,100.00,100.00,100.00,100.00,100.00,100.00,100.00,100.00,100.00,100.00,100.00,100.00,100.00,100.00,100.00,100.00,100.00,100.00,100.00,100.00,100.00,100.00,100.00,100.00,100.00,100.00,100.00,100.00,100.00,100.00,100.00,100.00,100.00
92.92
ROSBag
0.00,56.38,72.84,81.48,86.42,90.95,95.06,97.53,99.18,99.59,100.00,100.00,100.00,100.00,100.00,100.00,100.00,100.00,100.00,100.00,100.00,100.00,100.00,100.00,100.00,100.00,100.00,100.00,100.00,100.00,100.00,100.00,100.00,100.00,100.00,100.00,100.00,100.00,100.00,100.00,100.00,100.00,100.00,100.00,100.00,100.00,100.00,100.00,100.00,100.00,100.00,100.00,100.00,100.00,100.00,100.00,100.00,100.00,100.00,100.00,100.00,100.00,100.00,100.00,100.00,100.00,100.00,100.00,100.00,100.00,100.00,100.00,100.00,100.00,100.00,100.00,100.00,100.00,100.00,100.00,100.00,100.00,100.00,100.00,100.00,100.00,100.00,100.00,100.00,100.00,100.00,100.00,100.00,100.00,100.00,100.00,100.00,100.00,100.00,100.00,100.00
100.0
RUSBag
0.00,56.38,72.84,81.48,86.42,90.95,95.06,97.53,99.18,99.59,100.00,100.00,100.00,100.00,100.00,100.00,100.00,100.00,100.00,100.00,100.00,100.00,100.00,100.00,100.00,100.00,100.00,100.00,100.00,100.00,100.00,100.00,100.00,100.00,100.00,100.00,100.00,100.00,100.00,100.00,100.00,100.00,100.00,100.00,100.00,100.00,100.00,100.00,100.00,100.00,100.00,100.00,100.00,100.00,100.00,100.00,100.00,100.00,100.00,100.00,100.00,100.00,100.00,100.00,100.00,100.00,100.00,100.00,100.00,100.00,100.00,100.00,100.00,100.00,100.00,100.00,100.00,100.00,100.00,100.00,100.00,100.00,100.00,100.00,100.00,100.00,100.00,100.00,100.00,100.00,100.00,100.00,100.00,100.00,100.00,100.00,100.00,100.00,100.00,100.00,100.00
100.0
SmoteBag
0.00,56.38,72.84,81.48,86.42,90.95,95.06,97.53,99.18,99.59,100.00,100.00,100.00,100.00,100.00,100.00,100.00,100.00,100.00,100.00,100.00,100.00,100.00,100.00,100.00,100.00,100.00,100.00,100.00,100.00,100.00,100.00,100.00,100.00,100.00,100.00,100.00,100.00,100.00,100.00,100.00,100.00,100.00,100.00,100.00,100.00,100.00,100.00,100.00,100.00,100.00,100.00,100.00,100.00,100.00,100.00,100.00,100.00,100.00,100.00,100.00,100.00,100.00,100.00,100.00,100.00,100.00,100.00,100.00,100.00,100.00,100.00,100.00,100.00,100.00,100.00,100.00,100.00,100.00,100.00,100.00,100.00,100.00,100.00,100.00,100.00,100.00,100.00,100.00,100.00,100.00,100.00,100.00,100.00,100.00,100.00,100.00,100.00,100.00,100.00,100.00
100.0
Boost
0.00,40.65,48.66,51.67,53.29,77.12,82.79,85.42,86.92,88.45,89.02,89.83,90.21,91.64,91.78,91.90,92.00,92.00,92.00,92.00,92.69,93.05,93.09,93.11,93.16,93.86,93.95,94.32,94.58,94.59,94.61,94.63,94.63,94.63,94.63,94.91,95.35,95.36,95.37,96.04,96.38,96.70,96.77,97.18,97.19,97.20,97.23,97.59,97.59,98.21,98.80,98.80,98.81,99.25,99.26,99.28,99.30,99.32,99.32,99.32,99.32,99.32,99.32,99.55,99.55,99.56,99.95,99.97,99.97,99.99,100.00,100.00,100.00,100.00,100.00,100.00,100.00,100.00,100.00,100.00,100.00,100.00,100.00,100.00,100.00,100.00,100.00,100.00,100.00,100.00,100.00,100.00,100.00,100.00,100.00,100.00,100.00,100.00,100.00,100.00,100.00
92.69
ROSBoost
0.00,56.21,72.60,80.97,86.11,90.76,94.52,96.98,98.60,99.03,99.82,99.82,99.84,99.91,99.93,99.95,99.96,99.96,99.96,99.96,99.96,99.96,99.96,99.97,99.97,99.97,99.97,99.97,99.98,99.98,99.98,99.98,99.98,99.98,99.98,99.98,99.98,99.98,99.98,99.98,99.98,99.98,99.98,99.99,100.00,100.00,100.00,100.00,100.00,100.00,100.00,100.00,100.00,100.00,100.00,100.00,100.00,100.00,100.00,100.00,100.00,100.00,100.00,100.00,100.00,100.00,100.00,100.00,100.00,100.00,100.00,100.00,100.00,100.00,100.00,100.00,100.00,100.00,100.00,100.00,100.00,100.00,100.00,100.00,100.00,100.00,100.00,100.00,100.00,100.00,100.00,100.00,100.00,100.00,100.00,100.00,100.00,100.00,100.00,100.00,100.00
99.96
RUSBoost
0.00,56.39,72.80,81.37,86.38,90.95,94.95,97.41,99.03,99.48,99.93,99.95,99.95,99.96,99.97,99.97,99.97,99.97,99.97,99.97,99.97,99.97,99.97,99.97,99.97,99.97,99.97,99.97,99.97,99.97,99.97,99.97,99.97,99.97,99.97,99.97,99.97,99.97,99.97,99.97,99.97,99.98,99.98,99.98,99.99,99.99,99.99,99.99,99.99,99.99,99.99,99.99,99.99,99.99,100.00,100.00,100.00,100.00,100.00,100.00,100.00,100.00,100.00,100.00,100.00,100.00,100.00,100.00,100.00,100.00,100.00,100.00,100.00,100.00,100.00,100.00,100.00,100.00,100.00,100.00,100.00,100.00,100.00,100.00,100.00,100.00,100.00,100.00,100.00,100.00,100.00,100.00,100.00,100.00,100.00,100.00,100.00,100.00,100.00,100.00,100.00
99.97
SmoteBoost
0.00,56.35,72.68,81.15,86.21,90.89,94.73,97.19,98.83,99.27,99.92,99.93,99.93,99.96,99.99,99.99,99.99,99.99,99.99,99.99,99.99,99.99,99.99,99.99,99.99,99.99,99.99,99.99,99.99,99.99,99.99,99.99,99.99,99.99,99.99,99.99,99.99,99.99,99.99,99.99,99.99,99.99,99.99,99.99,99.99,99.99,99.99,99.99,100.00,100.00,100.00,100.00,100.00,100.00,100.00,100.00,100.00,100.00,100.00,100.00,100.00,100.00,100.00,100.00,100.00,100.00,100.00,100.00,100.00,100.00,100.00,100.00,100.00,100.00,100.00,100.00,100.00,100.00,100.00,100.00,100.00,100.00,100.00,100.00,100.00,100.00,100.00,100.00,100.00,100.00,100.00,100.00,100.00,100.00,100.00,100.00,100.00,100.00,100.00,100.00,100.00
99.99
