Simple
0.00,8.79,14.84,19.96,25.82,31.50,36.26,39.01,43.59,46.70,50.00,51.83,54.03,56.04,58.42,60.99,63.37,64.65,66.12,67.95,68.68,70.15,71.61,72.53,73.99,74.73,75.64,76.56,77.47,78.57,78.94,79.67,80.40,81.32,82.23,83.15,84.25,84.80,85.16,85.71,86.45,87.00,88.10,88.10,88.46,88.83,89.01,89.93,89.93,90.29,90.48,91.03,91.21,91.39,91.94,92.31,92.86,93.22,93.59,93.96,94.69,94.87,95.05,95.42,95.79,96.15,96.15,96.52,96.89,97.25,97.44,97.80,98.35,98.53,98.72,98.90,98.90,98.90,99.08,99.08,99.08,99.08,99.08,99.08,99.27,99.45,99.45,99.45,99.63,99.63,99.63,99.63,99.63,99.82,99.82,99.82,99.82,100.00,100.00,100.00,100.00
68.68
ROS
0.00,14.84,21.33,24.94,27.89,29.51,30.92,32.24,33.00,33.99,34.69,35.20,35.76,36.41,36.82,37.28,37.81,37.96,38.39,38.74,39.09,39.44,39.68,39.97,40.31,40.66,40.92,41.12,41.27,41.36,41.41,41.44,41.44,41.44,41.47,41.53,41.62,41.71,41.79,41.85,41.88,41.90,41.92,41.97,42.02,42.07,42.16,42.25,42.34,42.48,43.08,44.66,47.19,50.52,54.05,57.49,60.81,63.92,66.78,69.22,71.35,73.39,75.34,77.18,78.82,80.16,81.43,82.62,83.74,84.79,85.68,86.51,87.29,88.05,88.88,89.74,90.70,91.57,92.29,92.95,93.49,93.92,94.25,94.47,94.72,95.01,95.34,95.76,96.19,96.62,97.11,97.57,97.96,98.33,98.62,98.89,99.21,99.55,99.77,99.85,100.00
39.09
RUS
0.00,14.87,21.38,24.98,27.95,29.53,30.98,32.27,33.03,34.00,34.72,35.21,35.79,36.42,36.81,37.29,37.78,37.94,38.37,38.70,39.08,39.41,39.63,39.95,40.33,40.62,40.90,41.04,41.13,41.15,41.16,41.16,41.20,41.29,41.39,41.46,41.54,41.59,41.61,41.62,41.66,41.71,41.76,41.81,41.86,41.96,42.04,42.37,43.36,45.32,48.40,51.88,55.45,58.87,62.03,65.07,67.75,70.01,72.05,74.00,75.96,77.71,79.20,80.47,81.71,82.87,83.94,84.91,85.78,86.60,87.36,88.14,88.98,89.91,90.82,91.65,92.34,92.93,93.42,93.80,94.08,94.33,94.59,94.92,95.28,95.71,96.10,96.59,97.04,97.47,97.89,98.21,98.50,98.78,99.12,99.43,99.67,99.79,99.85,99.90,100.00
39.08
Smote
0.00,15.02,21.41,24.87,28.00,29.42,30.92,32.08,32.94,33.72,34.46,34.93,35.56,36.11,36.47,37.01,37.39,37.57,38.06,38.31,38.78,39.04,39.23,39.59,39.96,40.27,40.51,40.62,40.71,40.79,40.87,40.88,40.88,40.88,40.90,41.03,41.08,41.19,41.24,41.28,41.29,41.29,41.35,41.42,41.46,41.47,41.56,41.61,41.65,41.65,42.66,45.79,49.28,53.03,56.58,59.68,63.18,66.07,68.60,70.54,72.41,74.67,76.53,78.21,79.56,80.74,81.93,83.28,84.19,85.07,86.01,86.71,87.53,88.27,89.18,90.16,91.12,91.91,92.52,93.23,93.65,93.92,94.22,94.42,94.66,95.04,95.40,95.82,96.33,96.71,97.24,97.65,98.05,98.42,98.64,98.91,99.29,99.67,99.81,99.85,100.00
38.78
Bag
0.00,8.26,13.95,19.06,25.09,30.70,35.54,38.43,43.03,46.19,49.48,51.46,53.70,55.76,58.12,60.64,63.02,64.38,65.91,67.71,68.49,69.97,71.41,72.35,73.79,74.56,75.51,76.44,77.34,78.44,78.82,79.59,80.32,81.20,82.11,83.03,84.11,84.68,85.09,85.65,86.37,86.91,87.99,88.01,88.41,88.78,88.97,89.85,89.86,90.25,90.44,90.96,91.16,91.35,91.90,92.25,92.79,93.16,93.52,93.90,94.62,94.79,95.01,95.38,95.73,96.10,96.13,96.50,96.84,97.20,97.39,97.76,98.30,98.49,98.68,98.88,98.89,98.90,99.07,99.07,99.08,99.08,99.08,99.08,99.26,99.43,99.44,99.44,99.62,99.62,99.63,99.63,99.63,99.82,99.82,99.82,99.82,100.00,100.00,100.00,100.00
68.49
ROSBag
0.00,15.01,21.40,24.88,27.99,29.42,30.92,32.07,32.93,33.71,34.45,34.93,35.55,36.11,36.48,37.01,37.40,37.58,38.06,38.31,38.79,39.04,39.23,39.59,39.96,40.30,40.51,40.65,40.72,40.75,40.75,40.75,40.75,40.75,40.88,40.95,41.04,41.11,41.17,41.18,41.19,41.22,41.29,41.35,41.37,41.43,41.48,41.54,41.55,42.09,44.50,47.49,51.35,54.83,58.10,61.57,64.62,67.42,69.55,71.50,73.60,75.60,77.40,78.83,80.08,81.31,82.58,83.66,84.61,85.55,86.27,87.09,87.82,88.71,89.62,90.60,91.45,92.16,92.83,93.35,93.70,94.01,94.23,94.45,94.79,95.11,95.55,96.00,96.40,96.94,97.31,97.79,98.15,98.41,98.67,99.04,99.38,99.63,99.80,99.83,100.00
38.79
RUSBag
0.00,15.01,21.42,24.90,28.02,29.47,30.95,32.05,32.96,33.70,34.43,34.97,35.53,36.08,36.45,37.00,37.36,37.55,38.09,38.28,38.82,39.01,39.19,39.56,39.93,40.29,40.48,40.66,40.66,40.66,40.66,40.66,40.78,40.84,40.97,41.02,41.09,41.13,41.14,41.14,41.20,41.27,41.32,41.37,41.39,41.45,41.54,42.13,43.66,46.49,49.94,53.60,57.08,60.63,63.47,66.33,68.88,70.81,72.88,74.70,76.75,78.31,79.69,80.87,82.15,83.17,84.15,85.14,85.96,86.86,87.56,88.43,89.20,90.15,91.20,91.93,92.58,93.12,93.50,93.88,94.13,94.34,94.68,95.00,95.38,95.90,96.15,96.72,97.20,97.56,97.95,98.30,98.57,98.84,99.23,99.52,99.74,99.81,99.88,99.92,100.00
38.82
SmoteBag
0.00,15.02,21.41,24.88,28.00,29.44,30.94,32.05,32.95,33.70,34.44,34.95,35.54,36.09,36.45,37.00,37.37,37.55,38.08,38.28,38.80,39.02,39.20,39.57,39.93,40.25,40.48,40.60,40.68,40.76,40.84,40.84,40.84,40.84,40.88,40.99,41.04,41.16,41.21,41.25,41.25,41.25,41.32,41.38,41.43,41.44,41.53,41.58,41.62,41.64,42.91,45.92,49.44,53.23,56.70,59.88,63.25,66.17,68.65,70.62,72.55,74.73,76.58,78.25,79.55,80.78,81.97,83.27,84.20,85.13,86.01,86.72,87.54,88.29,89.23,90.19,91.15,91.90,92.55,93.21,93.66,93.94,94.21,94.41,94.66,95.03,95.40,95.82,96.33,96.74,97.23,97.65,98.06,98.41,98.62,98.92,99.28,99.65,99.81,99.85,100.00
38.8
Boost
0.00,0.35,0.70,1.27,2.10,3.06,4.31,5.77,8.15,10.90,13.77,16.79,20.38,24.06,27.73,31.48,35.00,38.67,42.09,45.32,48.44,51.44,54.12,56.55,58.77,60.84,62.83,64.60,66.20,67.75,69.16,70.52,71.80,72.95,74.08,75.18,76.18,77.12,77.99,78.88,79.76,80.58,81.39,82.21,82.96,83.68,84.34,85.02,85.67,86.30,86.83,87.36,87.86,88.35,88.83,89.26,89.63,90.00,90.43,90.81,91.16,91.54,91.89,92.28,92.66,93.02,93.38,93.76,94.14,94.48,94.85,95.22,95.57,95.88,96.20,96.53,96.85,97.12,97.41,97.71,97.97,98.21,98.40,98.60,98.77,98.92,99.05,99.14,99.26,99.36,99.45,99.49,99.57,99.62,99.70,99.72,99.72,99.85,99.88,99.88,100.00
48.44
ROSBoost
0.00,14.30,20.59,24.08,26.79,28.41,29.84,31.08,32.03,33.01,33.79,34.45,35.06,35.64,36.16,36.61,37.08,37.45,37.77,38.12,38.47,38.84,39.16,39.50,39.80,40.10,40.42,40.73,41.01,41.28,41.51,41.66,41.77,41.85,41.90,41.94,41.97,42.01,42.05,42.12,42.18,42.26,42.32,42.39,42.41,42.46,42.51,42.60,42.69,42.85,43.13,43.57,44.14,45.12,46.48,48.43,50.95,53.97,57.12,60.26,63.38,66.29,69.00,71.42,73.64,75.66,77.51,79.32,80.82,82.24,83.46,84.69,85.73,86.72,87.64,88.49,89.33,90.07,90.85,91.64,92.41,93.12,93.73,94.28,94.75,95.16,95.49,95.82,96.13,96.48,96.88,97.26,97.70,98.12,98.52,98.84,99.16,99.45,99.68,99.85,100.00
38.47
RUSBoost
0.00,14.55,21.04,24.60,27.40,29.08,30.51,31.79,32.73,33.75,34.53,35.18,35.71,36.31,36.83,37.32,37.78,38.13,38.46,38.81,39.17,39.52,39.84,40.16,40.45,40.77,41.10,41.35,41.57,41.74,41.84,41.90,41.92,41.95,41.97,42.03,42.08,42.16,42.23,42.31,42.34,42.38,42.42,42.45,42.53,42.68,42.88,43.11,43.60,44.25,45.39,47.02,49.28,51.90,54.79,57.99,61.14,64.19,67.09,69.59,71.90,74.01,75.95,77.71,79.30,80.77,82.12,83.33,84.44,85.42,86.35,87.23,88.05,88.87,89.68,90.44,91.21,91.97,92.64,93.25,93.77,94.18,94.57,94.90,95.23,95.55,95.91,96.29,96.68,97.12,97.53,97.91,98.28,98.60,98.90,99.16,99.41,99.67,99.81,99.89,100.00
39.17
SmoteBoost
0.00,14.54,20.91,24.52,27.34,28.96,30.42,31.72,32.59,33.59,34.36,34.97,35.50,36.09,36.60,37.07,37.58,37.90,38.24,38.60,38.95,39.29,39.61,39.90,40.21,40.52,40.83,41.11,41.36,41.59,41.77,41.86,41.95,42.00,42.04,42.06,42.11,42.14,42.20,42.26,42.35,42.40,42.46,42.50,42.55,42.59,42.62,42.67,42.77,42.92,43.11,43.44,44.25,45.67,47.49,49.72,52.63,55.94,59.19,62.48,65.34,68.05,70.56,72.83,74.90,76.71,78.42,80.01,81.47,82.75,83.88,85.00,85.99,86.91,87.72,88.55,89.35,90.17,91.00,91.76,92.58,93.25,93.82,94.31,94.71,95.04,95.34,95.63,95.97,96.32,96.73,97.16,97.60,98.05,98.46,98.79,99.09,99.40,99.65,99.84,100.00
38.95
