Simple
0.00,0.50,1.03,1.53,2.20,3.00,3.50,3.69,4.02,4.20,4.70,5.20,5.70,6.03,6.50,6.72,7.17,7.45,7.63,7.69,7.71,8.17,8.45,8.67,8.93,9.14,9.38,9.53,9.55,9.56,9.61,9.65,10.01,10.02,10.02,10.04,10.15,10.41,10.83,11.58,12.91,16.88,22.95,28.14,33.36,37.65,41.27,45.16,49.08,52.60,55.01,56.61,58.44,59.95,60.61,62.04,63.47,64.42,65.29,66.58,67.51,68.15,68.97,69.21,69.38,69.66,70.81,71.74,72.00,72.54,73.32,74.25,76.20,77.72,79.25,80.81,82.69,83.55,84.89,85.97,86.83,88.27,88.96,90.15,91.25,91.70,92.74,93.81,94.77,95.29,96.19,96.65,97.32,97.70,98.52,98.81,99.44,99.83,99.84,99.88,100.00
7.71
ROS
0.00,7.01,12.15,16.50,20.93,23.41,25.23,27.23,28.66,30.46,31.80,32.69,33.11,34.00,35.70,37.37,38.96,40.26,41.60,43.06,44.34,45.51,46.63,47.60,48.52,49.28,50.05,50.91,51.73,52.56,53.25,53.92,54.53,55.10,55.67,56.15,56.51,56.83,57.09,57.41,57.75,58.16,58.59,58.99,59.39,59.73,60.05,60.35,60.55,60.70,60.90,61.10,61.38,61.63,61.91,62.14,62.38,62.55,62.64,62.67,62.72,62.84,63.04,63.18,63.27,63.32,63.35,63.36,63.41,63.67,64.88,67.60,71.35,75.43,79.39,82.55,84.93,86.58,87.65,88.43,89.25,89.99,90.52,90.86,91.06,91.28,91.66,92.22,92.94,94.14,95.54,96.68,97.49,98.06,98.67,99.46,99.81,99.99,100.00,100.00,100.00
44.34
RUS
0.00,6.99,12.51,16.74,20.82,24.79,26.60,28.33,30.22,31.78,33.38,34.69,35.23,35.67,36.95,38.72,40.51,41.89,43.17,44.58,45.85,47.04,48.22,49.27,50.25,51.07,51.83,52.62,53.48,54.28,54.99,55.62,56.28,56.89,57.44,57.93,58.33,58.66,58.94,59.27,59.61,60.01,60.44,60.86,61.22,61.58,61.92,62.22,62.43,62.62,62.84,63.05,63.30,63.55,63.81,64.08,64.26,64.41,64.50,64.57,64.63,64.76,64.86,64.98,65.02,65.05,65.05,65.07,65.22,65.77,67.42,70.14,73.53,77.30,80.77,83.47,85.55,86.86,87.83,88.64,89.29,89.79,90.21,90.48,90.75,91.16,91.59,92.36,93.54,94.60,95.73,96.68,97.42,98.15,98.85,99.59,99.82,100.00,100.00,100.00,100.00
45.85
Smote
0.00,7.45,11.95,16.51,20.97,22.67,24.44,26.39,27.70,29.43,30.77,31.33,31.70,32.91,34.64,36.47,37.90,39.13,40.43,41.87,43.05,44.35,45.55,46.48,47.29,48.06,48.83,49.76,50.63,51.41,52.14,52.75,53.36,53.95,54.54,55.05,55.41,55.62,55.92,56.11,56.53,56.97,57.38,57.78,58.20,58.56,58.86,59.18,59.42,59.47,59.61,59.91,60.16,60.45,60.68,60.95,61.18,61.42,61.45,61.45,61.46,61.57,61.79,61.95,61.95,61.95,61.95,61.95,61.95,61.96,62.48,64.89,69.69,74.16,78.32,81.85,84.60,86.31,87.60,88.31,89.12,90.04,90.65,91.02,91.27,91.31,91.66,92.26,92.71,93.83,95.40,96.75,97.76,98.16,98.82,99.39,99.96,100.00,100.00,100.00,100.00
43.05
Bag
0.00,0.51,1.10,1.61,2.40,3.00,3.50,3.87,4.09,4.41,4.91,5.39,5.89,6.12,6.58,6.98,7.36,7.56,7.85,7.90,8.00,8.35,8.55,8.90,9.05,9.37,9.48,9.75,9.78,9.80,9.85,9.91,10.19,10.26,10.26,10.26,10.31,10.46,10.85,11.63,13.14,16.10,21.84,27.34,32.30,36.92,40.68,44.63,48.34,51.62,54.77,56.47,58.09,59.86,60.78,62.01,63.24,64.43,65.29,66.49,67.46,68.20,68.98,69.43,69.61,69.91,70.62,71.80,72.18,72.74,73.46,74.25,75.82,77.76,79.26,80.64,82.45,83.61,84.91,85.96,86.84,88.23,89.03,90.05,91.21,91.92,92.71,93.88,94.79,95.43,96.21,96.75,97.48,97.80,98.56,98.97,99.45,99.78,99.81,99.85,100.00
8.0
ROSBag
0.00,7.22,11.92,16.59,21.00,22.73,24.57,26.70,27.96,29.82,31.23,31.75,32.11,33.53,35.29,37.17,38.45,39.71,41.28,42.56,43.85,45.01,46.17,46.98,47.81,48.51,49.41,50.33,51.14,51.85,52.45,53.07,53.67,54.25,54.78,55.17,55.38,55.68,55.89,56.25,56.70,57.15,57.57,57.97,58.31,58.64,58.97,59.22,59.28,59.39,59.68,59.94,60.22,60.47,60.74,60.97,61.21,61.26,61.27,61.27,61.33,61.59,61.74,61.77,61.77,61.77,61.77,61.77,61.77,62.13,64.31,68.82,73.50,77.55,81.23,83.96,85.85,87.13,87.85,88.60,89.42,90.07,90.45,90.68,90.75,91.01,91.59,92.03,92.95,94.45,95.79,96.93,97.63,98.06,98.77,99.50,99.83,100.00,100.00,100.00,100.00
43.85
RUSBag
0.00,7.10,12.58,16.69,20.78,24.23,25.96,27.90,29.46,31.37,32.78,33.95,34.42,34.90,36.67,38.67,40.25,41.46,42.70,44.22,45.33,46.62,47.84,48.75,49.61,50.33,51.12,52.01,52.86,53.54,54.16,54.79,55.42,56.00,56.54,56.94,57.20,57.47,57.68,58.02,58.45,58.92,59.32,59.72,60.08,60.42,60.74,61.01,61.11,61.21,61.47,61.73,62.02,62.27,62.55,62.77,63.00,63.08,63.09,63.11,63.16,63.38,63.54,63.59,63.59,63.59,63.59,63.59,63.68,64.17,66.14,70.19,74.77,78.82,82.07,84.35,86.00,87.05,87.77,88.43,89.14,89.65,89.98,90.15,90.22,90.69,91.26,91.84,93.08,94.44,95.66,96.60,97.25,97.94,98.52,99.52,99.67,100.00,100.00,100.00,100.00
45.33
SmoteBag
0.00,7.53,11.99,16.52,20.72,22.36,24.09,25.94,27.44,29.05,30.37,30.83,31.13,32.60,34.27,36.22,37.48,38.68,40.06,41.41,42.59,43.84,45.09,45.94,46.76,47.46,48.30,49.22,50.13,50.88,51.55,52.17,52.79,53.39,53.94,54.45,54.75,54.98,55.25,55.45,55.90,56.38,56.83,57.20,57.56,57.89,58.27,58.56,58.74,58.77,58.94,59.25,59.52,59.78,60.05,60.28,60.55,60.74,60.76,60.76,60.77,60.88,61.20,61.26,61.26,61.26,61.26,61.26,61.26,61.27,61.88,64.98,70.05,74.41,78.28,81.86,84.54,86.34,87.48,88.21,89.09,89.92,90.53,90.97,91.18,91.21,91.57,92.17,92.67,93.82,95.45,96.73,97.75,98.20,98.88,99.42,99.98,100.00,100.00,100.00,100.00
42.59
Boost
0.00,2.64,3.90,4.88,5.70,6.44,7.11,7.81,8.44,8.99,9.48,9.93,10.34,10.67,11.05,11.43,11.84,12.28,12.71,13.10,13.41,13.73,14.01,14.23,14.37,14.57,14.78,15.04,15.32,15.58,15.82,16.03,16.17,16.25,16.31,16.40,16.49,16.60,16.72,16.77,16.78,16.83,16.90,17.06,17.82,19.66,22.76,27.12,32.16,36.93,41.43,45.61,49.47,53.20,56.46,59.15,61.15,62.87,64.38,65.61,66.73,67.92,69.04,70.10,71.14,72.08,72.76,73.26,73.61,74.03,74.62,75.32,75.92,76.39,77.14,78.10,79.49,81.12,82.75,84.21,85.70,86.90,88.06,89.14,90.22,91.18,92.07,93.01,93.93,94.89,95.84,96.79,97.48,98.15,98.59,99.15,99.46,99.86,99.97,99.98,100.00
13.4
ROSBoost
0.00,7.08,11.34,15.75,18.32,20.11,21.88,23.39,24.72,25.63,26.24,27.17,28.61,30.25,31.75,33.19,34.58,35.93,37.11,38.37,39.41,40.41,41.35,42.20,43.03,43.81,44.58,45.36,46.08,46.72,47.35,47.95,48.51,49.05,49.47,49.85,50.16,50.45,50.77,51.12,51.52,51.93,52.35,52.72,53.05,53.41,53.65,53.87,54.09,54.27,54.51,54.73,55.02,55.23,55.51,55.70,55.84,55.95,56.01,56.09,56.22,56.30,56.48,56.74,56.92,57.08,57.30,57.63,58.22,60.05,62.93,66.38,70.26,74.19,78.07,80.94,83.42,85.17,86.57,87.62,88.55,89.37,90.12,90.74,91.12,91.33,91.71,92.16,92.70,93.58,94.74,96.04,97.17,97.92,98.46,99.15,99.62,99.89,99.97,99.98,100.00
39.41
RUSBoost
0.00,7.06,11.64,15.75,19.29,21.12,22.90,24.50,25.95,27.07,27.92,28.53,29.53,31.11,32.77,34.34,35.72,36.99,38.33,39.59,40.69,41.79,42.73,43.65,44.47,45.27,46.05,46.83,47.61,48.28,48.92,49.52,50.11,50.67,51.14,51.53,51.84,52.16,52.47,52.84,53.24,53.65,54.02,54.42,54.79,55.11,55.37,55.60,55.82,56.02,56.25,56.48,56.73,56.99,57.22,57.42,57.59,57.70,57.78,57.87,57.96,58.13,58.27,58.37,58.47,58.58,58.69,59.01,59.79,61.40,63.71,67.29,71.07,74.97,78.65,81.67,83.87,85.59,86.88,87.86,88.71,89.45,90.05,90.62,90.96,91.29,91.60,92.20,93.09,94.15,95.23,96.37,97.31,98.00,98.66,99.27,99.68,99.91,99.97,99.99,100.00
40.69
SmoteBoost
0.00,7.08,11.21,15.30,17.44,19.29,20.98,22.47,23.69,24.51,25.20,26.24,27.68,29.26,30.83,32.23,33.51,34.82,36.03,37.27,38.29,39.29,40.23,41.09,41.91,42.74,43.48,44.19,44.94,45.63,46.23,46.85,47.43,47.96,48.39,48.77,49.09,49.38,49.71,50.07,50.45,50.85,51.25,51.64,51.99,52.31,52.60,52.79,53.00,53.19,53.41,53.66,53.90,54.17,54.40,54.62,54.77,54.90,54.96,55.08,55.26,55.45,55.68,55.88,56.02,56.17,56.26,56.52,57.18,58.72,61.21,64.59,68.66,72.73,76.55,79.74,82.58,84.67,86.21,87.40,88.35,89.25,90.05,90.71,91.16,91.47,91.76,92.20,92.73,93.43,94.44,95.80,97.00,97.84,98.51,99.18,99.66,99.90,99.98,99.99,100.00
38.29
