Simple
0.00,1.99,1.99,2.65,3.31,3.97,3.97,3.97,4.64,4.64,5.30,5.30,5.96,5.96,6.62,6.62,6.62,7.28,7.28,7.95,7.95,7.95,7.95,7.95,7.95,7.95,8.61,8.61,8.61,8.61,8.61,8.61,8.61,8.61,8.61,8.61,8.61,8.61,8.61,8.61,8.61,8.61,8.61,8.61,8.61,8.61,8.61,8.61,8.61,8.61,8.61,9.31,9.38,9.44,9.49,9.56,9.62,9.66,9.70,9.74,9.78,9.82,9.87,9.91,9.93,9.95,14.56,19.83,26.40,32.32,38.89,45.46,49.40,52.70,55.99,61.25,65.19,69.79,74.39,76.36,78.34,79.66,82.28,83.60,85.56,86.88,88.85,89.50,90.81,92.13,93.44,94.09,95.40,96.72,97.37,98.68,98.68,98.68,99.34,99.34,100.00
7.95
ROS
0.00,8.83,14.49,21.22,25.30,29.30,33.42,36.87,39.33,41.56,43.79,45.62,47.28,48.77,50.32,51.68,52.93,53.83,54.62,55.19,55.62,55.92,56.26,56.61,56.99,57.42,57.82,58.14,58.48,58.75,59.07,59.38,59.72,59.98,60.36,60.60,60.91,61.14,61.36,61.59,61.79,61.93,62.05,62.13,62.17,62.24,62.38,62.48,62.61,62.70,62.74,62.74,62.74,62.74,62.80,62.83,62.89,62.92,62.97,63.01,63.02,63.05,63.08,63.10,63.13,63.15,63.19,63.21,63.23,63.26,63.32,63.49,63.63,63.76,63.93,64.08,64.28,64.58,64.96,65.53,66.25,67.14,67.92,68.94,69.83,70.97,72.81,75.12,78.41,81.85,85.45,88.65,91.57,93.77,95.29,96.38,97.32,98.08,98.85,99.43,100.00
55.62
RUS
0.00,8.94,14.40,21.50,26.41,30.40,34.66,38.52,41.74,43.95,46.22,48.48,50.25,51.95,53.48,54.94,56.52,57.79,58.85,59.82,60.50,61.00,61.36,61.64,61.96,62.33,62.74,63.18,63.56,63.86,64.14,64.44,64.77,65.09,65.40,65.72,66.03,66.32,66.56,66.85,67.05,67.28,67.49,67.59,67.68,67.72,67.77,67.86,68.02,68.17,68.28,68.34,68.36,68.36,68.36,68.36,68.36,68.36,68.36,68.36,68.36,68.36,68.36,68.36,68.37,68.38,68.40,68.42,68.43,68.44,68.46,68.50,68.60,68.73,68.86,68.95,69.01,69.02,69.02,69.05,69.24,69.58,69.97,70.46,70.96,71.55,72.36,73.62,75.75,78.76,82.50,86.38,89.83,92.78,94.84,96.26,97.26,98.08,98.85,99.41,100.00
60.5
Smote
0.00,9.39,14.74,21.91,28.07,32.08,36.32,40.66,44.48,46.91,49.06,51.98,53.77,55.62,57.47,58.58,60.39,61.87,63.05,64.17,65.52,66.44,66.93,67.15,67.52,67.72,67.95,68.47,69.01,69.50,69.72,69.85,70.26,70.54,70.94,71.18,71.58,71.79,72.19,72.40,72.65,73.00,73.09,73.38,73.66,73.66,73.66,73.66,73.70,73.79,74.16,74.32,74.32,74.32,74.32,74.32,74.32,74.32,74.32,74.32,74.32,74.32,74.32,74.32,74.32,74.32,74.33,74.41,74.45,74.45,74.45,74.45,74.45,74.48,74.56,74.83,74.98,74.99,74.99,74.99,74.99,75.02,75.54,76.42,77.15,77.88,78.62,78.89,79.23,79.93,82.41,86.29,89.62,92.63,95.67,96.73,97.68,98.33,98.92,99.47,100.00
65.52
Bag
0.00,1.97,1.97,2.64,3.30,3.93,3.93,3.96,4.59,4.62,5.25,5.28,5.91,5.94,6.57,6.58,6.61,7.23,7.25,7.87,7.87,7.87,7.89,7.89,7.89,7.91,8.52,8.52,8.52,8.52,8.52,8.52,8.52,8.52,8.52,8.52,8.52,8.52,8.52,8.52,8.52,8.52,8.52,8.61,8.68,8.73,8.79,8.88,8.93,8.97,9.01,9.77,9.95,10.09,10.25,10.41,10.56,10.67,11.01,11.34,11.68,12.02,12.58,13.07,13.53,14.06,18.71,23.93,30.15,35.86,42.08,48.25,52.05,55.25,58.50,63.42,67.11,71.44,75.63,77.56,79.44,80.76,83.21,84.49,86.36,87.66,89.48,90.17,91.39,92.65,93.87,94.50,95.72,96.90,97.52,98.68,98.69,98.72,99.32,99.34,100.00
7.87
ROSBag
0.00,8.99,14.54,21.30,25.11,28.96,33.07,36.78,39.10,41.62,43.99,45.83,47.58,48.91,50.68,52.22,53.47,54.46,55.37,55.99,56.35,56.61,56.87,57.17,57.61,58.13,58.58,58.86,59.08,59.39,59.72,60.06,60.37,60.70,61.01,61.29,61.56,61.83,62.13,62.31,62.55,62.78,62.86,62.87,62.88,62.92,63.05,63.27,63.45,63.52,63.54,63.54,63.54,63.54,63.54,63.54,63.54,63.54,63.54,63.54,63.54,63.54,63.54,63.54,63.55,63.56,63.56,63.56,63.56,63.56,63.60,63.74,63.93,64.11,64.19,64.20,64.20,64.20,64.20,64.33,64.48,64.66,64.77,64.90,65.05,65.34,66.38,68.99,73.28,78.17,82.80,86.91,90.67,93.25,94.62,95.77,96.87,97.74,98.72,99.36,100.00
56.35
RUSBag
0.00,8.98,14.42,21.41,26.72,30.72,35.01,38.75,42.48,44.54,46.91,49.45,51.16,53.10,54.34,56.03,57.54,59.01,59.94,61.26,62.17,62.74,62.99,63.34,63.54,63.84,64.30,64.86,65.30,65.54,65.68,66.09,66.37,66.77,67.01,67.42,67.62,67.99,68.21,68.48,68.79,68.91,69.24,69.44,69.50,69.50,69.50,69.54,69.64,69.95,70.12,70.16,70.16,70.16,70.16,70.16,70.16,70.16,70.16,70.16,70.16,70.16,70.16,70.16,70.16,70.17,70.19,70.21,70.21,70.21,70.21,70.22,70.25,70.32,70.64,70.79,70.82,70.82,70.82,70.82,70.85,70.97,71.29,71.73,72.03,72.34,72.65,72.89,73.67,76.59,80.91,85.18,88.99,92.70,95.05,96.11,97.21,97.99,98.80,99.39,100.00
62.17
SmoteBag
0.00,9.44,14.73,22.08,28.25,32.26,36.50,40.97,44.81,47.27,49.38,52.42,54.17,56.07,58.05,59.01,60.89,62.32,63.55,64.64,66.01,67.03,67.58,67.79,68.17,68.38,68.55,69.08,69.64,70.15,70.36,70.46,70.88,71.15,71.57,71.80,72.21,72.43,72.83,73.03,73.28,73.67,73.72,74.01,74.32,74.33,74.33,74.33,74.34,74.42,74.79,74.99,74.99,74.99,74.99,74.99,74.99,74.99,74.99,74.99,74.99,74.99,74.99,74.99,74.99,75.00,75.02,75.13,75.15,75.15,75.15,75.15,75.15,75.16,75.21,75.48,75.65,75.66,75.66,75.66,75.69,75.87,76.55,77.61,78.59,79.45,80.37,80.65,80.93,81.31,83.28,87.02,90.21,92.92,96.05,97.07,97.90,98.46,99.01,99.50,100.00
66.01
Boost
0.00,2.08,2.09,2.74,3.39,3.49,3.50,4.07,4.15,4.73,4.81,5.39,5.48,6.05,6.14,6.15,6.72,6.81,7.36,7.45,7.47,7.47,7.47,7.47,7.47,8.00,8.09,8.10,8.10,8.10,8.10,8.10,8.10,8.10,8.10,8.10,8.10,8.10,8.10,8.10,8.10,8.10,8.10,8.12,8.13,8.13,8.13,8.13,8.13,8.13,8.66,8.81,8.86,8.91,9.00,9.05,9.39,10.19,11.38,12.42,13.58,14.75,15.81,16.64,17.31,21.60,27.38,32.66,37.96,43.78,49.71,53.58,56.70,60.13,64.15,67.76,71.73,75.67,77.89,79.68,81.07,83.26,84.65,86.50,87.77,89.52,90.30,91.38,92.54,93.64,94.74,95.35,96.52,97.15,98.19,98.32,98.33,98.80,98.87,99.34,100.00
7.47
ROSBoost
0.00,7.94,14.60,19.39,23.72,27.66,30.37,32.57,34.57,36.26,37.82,39.25,40.49,41.54,42.39,42.99,43.42,43.84,44.19,44.59,44.97,45.38,45.79,46.11,46.41,46.72,47.03,47.36,47.67,47.96,48.28,48.51,48.81,49.09,49.28,49.46,49.63,49.79,49.89,49.96,50.05,50.10,50.19,50.30,50.41,50.48,50.50,50.52,50.52,50.52,50.52,50.52,50.52,50.52,50.52,50.52,50.52,50.53,50.53,50.54,50.54,50.66,50.78,50.89,51.04,51.17,51.28,51.54,51.78,52.07,52.31,52.81,53.30,54.10,54.87,55.93,56.98,58.21,59.50,60.97,62.70,64.63,66.93,69.75,73.09,76.65,80.01,83.19,86.04,88.70,90.78,92.58,94.04,95.19,96.18,96.99,97.77,98.47,99.05,99.42,100.00
44.97
RUSBoost
0.00,8.03,13.89,20.08,24.01,28.21,31.72,34.34,36.50,38.49,40.26,41.91,43.32,44.68,45.79,46.79,47.56,48.21,48.68,49.11,49.46,49.78,50.21,50.60,50.95,51.23,51.56,51.91,52.24,52.52,52.82,53.17,53.39,53.68,53.93,54.19,54.36,54.54,54.74,54.84,54.92,55.01,55.09,55.18,55.28,55.42,55.48,55.50,55.53,55.56,55.56,55.56,55.56,55.56,55.56,55.57,55.57,55.57,55.57,55.58,55.58,55.68,55.76,55.85,55.94,56.00,56.10,56.18,56.28,56.40,56.58,56.70,56.79,56.87,57.06,57.37,57.85,58.50,59.28,60.21,61.42,63.09,64.81,66.88,69.47,72.89,76.56,80.12,83.30,86.39,89.15,91.47,93.19,94.60,95.95,96.90,97.79,98.54,99.03,99.48,100.00
49.46
SmoteBoost
0.00,8.12,14.22,20.52,24.47,28.60,32.36,34.82,37.03,39.09,40.93,42.42,43.98,45.42,46.61,47.54,48.23,48.76,49.15,49.56,49.93,50.30,50.72,51.09,51.51,51.79,52.13,52.43,52.75,53.03,53.38,53.66,53.95,54.25,54.53,54.78,54.97,55.17,55.34,55.44,55.54,55.63,55.71,55.79,55.89,56.03,56.12,56.17,56.20,56.21,56.21,56.21,56.21,56.21,56.21,56.21,56.21,56.21,56.21,56.23,56.24,56.25,56.26,56.26,56.27,56.30,56.34,56.40,56.46,56.56,56.69,56.89,57.08,57.23,57.58,58.01,58.50,59.09,59.64,60.26,61.05,62.04,63.51,65.25,67.81,70.96,74.43,78.17,81.97,85.26,88.23,90.68,92.72,94.18,95.42,96.52,97.46,98.29,98.93,99.40,100.00
49.93
