Simple
0.00,1.88,5.36,9.71,14.01,18.54,23.07,27.32,30.84,34.36,37.55,40.61,43.12,45.29,47.66,49.79,51.92,53.63,55.11,56.35,57.69,59.05,60.19,61.16,61.99,62.78,63.55,64.55,65.42,66.28,66.93,67.35,67.83,68.07,68.44,68.99,69.69,70.35,71.06,71.76,72.24,72.77,72.98,73.22,73.51,73.85,74.43,75.15,75.89,76.66,77.37,78.21,79.03,79.69,80.20,80.54,80.90,81.32,81.75,82.17,82.77,83.46,84.22,84.89,85.43,86.09,86.71,87.24,87.98,88.62,89.53,90.24,90.81,91.48,91.98,92.25,92.60,93.00,93.60,94.12,94.56,94.88,95.26,95.48,95.60,95.93,96.24,96.45,96.91,97.36,97.78,98.00,98.30,98.68,98.76,98.93,98.99,99.45,99.47,99.48,100.00
57.69
ROS
0.00,7.84,11.60,14.32,16.02,17.08,18.43,19.94,20.99,21.99,23.15,24.10,24.72,25.18,25.74,26.56,27.39,28.12,29.01,29.88,30.34,30.75,30.98,31.35,31.74,32.16,32.71,33.35,34.09,34.83,35.55,36.22,36.66,37.27,37.81,38.61,39.47,40.28,41.02,41.58,41.96,42.37,42.67,42.92,43.41,43.99,44.59,45.02,45.23,45.38,45.56,45.75,45.93,46.27,46.65,47.07,47.46,47.86,48.21,48.40,48.54,48.77,48.88,48.97,49.06,49.27,49.59,50.74,53.12,57.87,62.27,66.35,70.35,73.89,76.93,79.55,82.02,84.29,86.24,88.13,89.68,90.99,91.92,93.08,94.15,95.06,95.68,96.13,96.52,96.73,96.97,97.03,97.11,97.33,97.74,98.01,98.12,98.30,98.66,99.17,100.00
30.34
RUS
0.00,8.47,13.84,17.65,20.52,22.81,24.20,25.28,26.58,27.98,29.07,29.92,30.77,31.77,32.64,33.24,33.91,34.62,35.39,36.19,36.94,37.60,38.18,38.69,39.24,39.72,40.28,40.93,41.52,42.18,42.84,43.53,44.24,45.01,45.67,46.31,46.87,47.37,47.87,48.36,48.81,49.25,49.64,49.97,50.29,50.58,50.86,51.09,51.38,51.68,52.02,52.38,52.70,53.00,53.32,53.56,53.76,53.96,54.11,54.27,54.67,55.22,56.44,58.06,60.21,63.07,66.09,69.15,72.39,75.37,77.91,80.48,82.43,84.32,85.93,87.41,88.63,89.79,90.79,91.49,92.21,92.69,93.05,93.32,93.55,93.80,94.07,94.31,94.58,94.81,95.09,95.47,95.97,96.45,96.98,97.44,97.88,98.35,98.93,99.46,100.00
36.94
Smote
0.00,7.71,11.02,13.74,15.86,17.14,19.06,20.44,21.33,22.58,23.51,24.19,24.47,24.58,25.03,25.86,26.84,27.48,28.13,29.08,29.96,30.54,30.77,31.08,31.44,31.77,32.20,32.71,33.43,34.14,34.88,35.67,36.33,36.86,37.36,37.89,38.57,39.43,40.37,41.18,41.72,42.15,42.58,42.86,43.04,43.43,44.11,44.77,45.27,45.52,45.58,45.82,46.00,46.13,46.39,46.82,47.24,47.64,48.03,48.45,48.65,48.78,49.01,49.18,49.24,49.27,49.51,49.69,49.90,51.89,56.91,62.05,66.12,70.11,73.98,77.04,79.46,82.07,84.57,86.51,88.43,90.33,91.77,92.65,93.64,94.68,95.55,96.19,96.70,97.13,97.46,97.66,97.84,97.91,97.93,98.10,98.51,98.84,98.97,99.20,100.00
29.96
Bag
0.00,0.86,2.35,5.19,8.44,11.94,16.12,20.70,24.72,28.61,32.23,35.49,38.59,41.52,43.94,46.25,48.57,50.68,52.56,53.99,55.63,57.03,58.38,59.57,60.49,61.51,62.45,63.38,64.28,65.13,65.85,66.55,67.17,67.59,68.03,68.49,69.04,69.52,70.17,70.84,71.45,72.07,72.56,72.88,73.23,73.54,73.95,74.47,75.00,75.73,76.42,77.09,77.97,78.72,79.35,79.89,80.38,80.87,81.32,81.67,82.16,82.69,83.41,83.98,84.55,85.26,85.92,86.55,87.16,87.79,88.52,89.25,89.91,90.66,91.22,91.72,92.17,92.61,93.06,93.52,93.96,94.37,94.80,95.15,95.39,95.73,95.92,96.21,96.57,96.97,97.34,97.64,98.01,98.33,98.53,98.86,98.96,99.35,99.45,99.49,100.00
55.63
ROSBag
0.00,7.69,10.93,13.27,14.72,16.01,17.58,18.73,19.63,20.78,21.88,22.64,23.03,23.64,24.68,25.46,26.06,27.08,27.98,28.44,28.70,28.98,29.37,29.74,30.11,30.69,31.40,32.07,32.84,33.70,34.29,34.77,35.34,35.83,36.58,37.45,38.35,39.19,39.67,40.04,40.54,40.78,40.94,41.41,42.03,42.71,43.25,43.42,43.48,43.69,43.91,44.03,44.31,44.72,45.17,45.61,45.99,46.36,46.57,46.67,46.93,47.09,47.13,47.17,47.38,47.61,47.84,49.89,55.01,60.10,64.06,68.21,72.06,75.20,77.74,80.42,83.00,85.14,86.96,88.95,90.36,91.28,92.21,93.49,94.66,95.37,95.91,96.41,96.75,96.99,97.23,97.25,97.27,97.55,97.93,98.28,98.32,98.38,98.82,99.25,100.00
28.7
RUSBag
0.00,8.36,13.21,17.25,20.48,22.00,23.18,24.42,26.13,27.34,28.24,29.21,30.54,31.37,32.01,32.76,33.71,34.63,35.63,36.36,36.75,37.16,37.63,38.10,38.63,39.15,39.88,40.56,41.13,41.71,42.38,43.17,44.04,44.86,45.46,45.93,46.28,46.58,46.99,47.51,48.13,48.68,48.99,49.15,49.33,49.51,49.70,49.95,50.32,50.70,51.11,51.52,51.89,52.16,52.32,52.52,52.71,52.79,52.87,53.04,53.32,53.74,55.20,58.44,62.53,66.62,70.52,73.92,76.71,79.12,81.34,83.34,85.11,86.74,87.93,89.01,90.16,91.34,92.20,92.75,93.13,93.34,93.63,93.77,93.88,94.00,94.28,94.58,94.82,94.97,95.16,95.45,95.85,96.32,96.90,97.32,97.62,98.19,98.80,99.43,100.00
36.75
SmoteBag
0.00,7.64,10.87,13.45,15.64,16.96,18.89,20.17,21.08,22.42,23.26,23.96,24.06,24.15,24.69,25.72,26.63,27.22,27.76,28.97,29.79,30.13,30.39,30.67,31.09,31.45,31.82,32.40,33.16,33.84,34.62,35.46,36.02,36.49,37.12,37.52,38.34,39.26,40.14,40.98,41.40,41.75,42.29,42.47,42.62,43.15,43.82,44.48,45.00,45.12,45.17,45.40,45.63,45.72,46.03,46.44,46.89,47.32,47.75,48.10,48.26,48.35,48.65,48.79,48.81,48.85,49.11,49.31,49.46,51.77,57.98,62.86,66.67,70.96,74.72,77.38,79.79,82.42,85.05,86.77,88.67,90.69,91.95,92.69,93.67,94.74,95.67,96.20,96.71,97.12,97.41,97.58,97.86,97.89,97.90,98.06,98.46,98.86,98.97,99.19,100.00
29.79
Boost
0.00,1.32,2.07,2.59,3.21,3.83,4.52,5.23,5.92,6.53,7.13,7.58,7.93,8.32,8.74,9.11,9.47,9.77,10.07,10.35,10.58,10.87,11.16,11.44,11.86,12.22,12.56,13.01,13.40,13.98,14.74,15.57,16.67,18.28,20.38,22.99,25.77,29.41,33.18,36.96,40.89,44.46,47.91,51.18,54.06,56.76,59.21,61.47,63.51,65.47,67.17,68.74,70.33,71.57,72.83,73.89,74.95,75.95,76.82,77.69,78.44,79.16,79.89,80.48,81.07,81.60,82.11,82.58,83.12,83.57,84.13,84.64,85.18,85.69,86.10,86.56,86.95,87.39,87.86,88.36,88.92,89.52,90.16,90.77,91.37,91.97,92.54,93.02,93.48,93.97,94.47,95.09,95.65,96.32,96.89,97.46,98.03,98.55,99.04,99.48,100.00
10.58
ROSBoost
0.00,7.86,11.26,13.75,15.38,16.49,17.90,19.03,19.89,20.85,21.80,22.57,23.05,23.54,24.14,24.83,25.59,26.46,27.18,27.88,28.47,28.93,29.33,29.71,30.09,30.59,31.16,31.77,32.48,33.15,33.79,34.49,35.07,35.68,36.37,37.11,37.86,38.59,39.18,39.81,40.23,40.58,40.95,41.43,41.87,42.35,42.73,43.06,43.43,43.65,43.76,43.99,44.32,44.63,44.97,45.35,45.75,46.10,46.30,46.59,46.81,46.92,47.02,47.21,47.42,47.75,48.73,51.49,54.39,57.36,61.67,65.97,69.60,72.91,75.93,78.74,81.05,83.20,85.40,87.19,88.66,90.03,91.25,92.39,93.23,94.13,94.88,95.53,95.93,96.37,96.62,96.76,97.01,97.26,97.60,97.91,98.12,98.33,98.79,99.27,100.00
28.47
RUSBoost
0.00,8.11,12.21,14.90,16.60,17.87,19.07,20.32,21.28,22.05,22.94,23.83,24.53,25.06,25.63,26.28,27.16,27.92,28.65,29.28,29.87,30.29,30.72,31.19,31.74,32.29,32.97,33.59,34.27,34.97,35.65,36.29,37.03,37.70,38.37,38.99,39.58,40.04,40.39,40.84,41.29,41.66,42.04,42.41,42.78,43.11,43.34,43.58,43.81,44.13,44.40,44.76,45.11,45.41,45.72,45.98,46.19,46.40,46.77,47.15,47.74,48.47,49.96,51.89,54.11,56.79,59.95,63.77,67.40,70.59,73.79,76.45,78.86,80.95,83.00,84.82,86.17,87.72,88.96,89.98,90.85,91.76,92.44,93.03,93.46,93.89,94.19,94.48,94.84,95.16,95.46,95.78,96.13,96.48,96.86,97.32,97.84,98.34,98.88,99.34,100.00
29.87
SmoteBoost
0.00,7.68,11.23,13.86,15.62,16.76,18.27,19.61,20.52,21.41,22.34,23.13,23.72,24.17,24.55,25.07,25.82,26.57,27.37,28.17,28.88,29.48,29.96,30.34,30.67,31.08,31.51,32.06,32.67,33.38,34.05,34.78,35.44,36.01,36.62,37.18,37.94,38.66,39.47,40.18,40.78,41.24,41.64,41.99,42.35,42.74,43.24,43.77,44.18,44.46,44.68,44.82,45.05,45.31,45.60,45.96,46.32,46.75,47.10,47.38,47.64,47.85,47.98,48.14,48.26,48.52,48.85,49.61,51.26,53.95,57.59,61.89,66.17,69.97,73.44,76.52,79.19,81.68,83.86,86.02,87.81,89.50,90.76,91.95,92.97,93.90,94.72,95.42,95.99,96.41,96.75,96.97,97.12,97.28,97.50,97.83,98.20,98.44,98.73,99.23,100.00
28.88
