Simple
0.00,0.27,0.88,1.20,1.53,1.99,2.53,2.97,3.33,3.65,3.97,4.29,4.58,4.90,5.18,5.45,5.71,5.90,6.07,6.20,6.26,6.28,6.30,6.32,6.38,6.43,6.44,6.46,6.55,7.17,8.95,13.59,19.02,24.53,28.97,32.32,35.83,39.32,42.39,45.34,48.03,50.56,52.38,53.80,55.11,56.75,58.71,60.78,62.50,63.93,65.12,66.19,67.62,69.13,70.72,72.14,73.62,75.05,76.14,77.05,77.92,78.98,79.82,80.70,81.75,82.73,83.72,84.70,85.48,86.26,86.94,87.69,88.51,89.28,89.88,90.45,91.08,91.66,92.35,92.97,93.59,94.19,94.81,95.46,96.00,96.42,96.83,97.30,97.75,98.17,98.47,98.68,98.78,98.95,99.18,99.36,99.44,99.59,99.63,99.71,100.00
6.26
ROS
0.00,10.07,17.27,20.80,25.47,29.14,33.27,35.41,38.45,40.04,42.05,44.71,46.96,48.40,49.82,51.08,52.76,54.59,56.10,57.39,59.05,60.32,61.14,61.95,63.30,63.94,65.04,65.97,66.81,67.87,68.79,69.69,70.49,71.33,72.30,72.97,73.63,74.31,75.06,75.64,76.11,76.81,77.53,78.17,78.56,79.01,79.47,79.93,80.39,80.91,81.39,81.80,82.28,82.75,83.19,83.59,83.84,83.98,84.23,84.51,84.81,85.11,85.42,85.71,86.02,86.31,86.52,86.69,86.83,86.97,87.13,87.28,87.45,87.60,87.69,87.74,87.76,87.80,87.83,87.87,87.95,88.02,88.13,88.31,89.16,90.47,91.97,93.51,94.74,95.68,96.44,97.22,97.90,98.36,98.84,99.21,99.45,99.61,99.77,99.87,100.00
59.05
RUS
0.00,9.92,17.42,21.07,25.67,29.46,33.59,35.68,38.93,40.41,42.56,44.93,47.28,48.94,50.43,51.62,53.05,54.64,56.39,57.48,59.26,60.80,61.90,62.38,63.65,64.54,65.38,66.57,67.34,68.33,69.28,70.27,71.06,71.87,72.81,73.65,74.37,75.00,75.73,76.48,76.89,77.57,78.28,78.97,79.41,79.92,80.29,80.80,81.26,81.74,82.27,82.66,83.14,83.62,84.06,84.49,84.82,84.91,85.17,85.41,85.72,86.02,86.33,86.63,86.93,87.22,87.49,87.65,87.83,87.97,88.14,88.33,88.49,88.61,88.69,88.72,88.74,88.76,88.80,88.85,88.90,89.01,89.36,89.94,90.80,92.10,93.54,94.86,95.85,96.65,97.27,97.92,98.46,98.84,99.14,99.39,99.60,99.70,99.79,99.88,100.00
59.26
Smote
0.00,9.96,17.39,20.82,25.65,29.25,33.61,35.73,39.01,40.53,42.45,45.19,47.46,49.00,50.36,51.54,53.29,55.06,56.77,57.88,59.62,61.05,62.00,62.63,64.13,64.61,65.70,66.81,67.53,68.65,69.49,70.53,71.25,72.04,73.06,73.73,74.40,75.10,75.86,76.48,76.88,77.60,78.30,79.00,79.35,79.86,80.29,80.76,81.22,81.76,82.27,82.65,83.13,83.61,84.05,84.45,84.74,84.81,85.13,85.44,85.75,86.06,86.36,86.66,86.97,87.23,87.40,87.56,87.71,87.80,87.97,88.17,88.36,88.50,88.59,88.61,88.61,88.62,88.67,88.74,88.77,88.77,88.77,88.80,89.18,90.42,92.39,94.05,95.28,96.07,96.60,97.24,97.99,98.56,98.87,99.24,99.50,99.65,99.75,99.87,100.00
59.62
Bag
0.00,0.39,0.95,1.30,1.64,2.08,2.61,3.09,3.49,3.82,4.14,4.46,4.77,5.08,5.39,5.68,5.92,6.12,6.29,6.46,6.57,6.63,6.66,6.69,6.72,6.75,6.78,6.99,7.92,9.43,11.98,15.53,19.88,24.35,28.80,32.78,36.34,39.66,42.77,45.61,48.24,50.42,52.41,54.22,55.86,57.51,59.30,60.97,62.58,64.15,65.53,66.87,68.26,69.73,71.15,72.60,73.98,75.25,76.39,77.40,78.40,79.33,80.28,81.25,82.24,83.16,84.09,85.00,85.82,86.62,87.40,88.13,88.86,89.55,90.23,90.86,91.44,92.07,92.70,93.31,93.93,94.55,95.11,95.68,96.19,96.68,97.12,97.54,97.93,98.25,98.51,98.73,98.91,99.08,99.24,99.38,99.51,99.61,99.72,99.83,100.00
6.57
ROSBag
0.00,10.00,17.46,20.88,25.69,29.28,33.64,35.74,39.02,40.54,42.47,45.25,47.47,49.03,50.37,51.59,53.34,55.22,56.87,58.02,59.70,61.01,61.94,62.63,64.16,64.64,65.77,66.75,67.48,68.64,69.48,70.47,71.21,72.05,73.07,73.73,74.34,75.07,75.87,76.46,76.93,77.65,78.34,79.03,79.37,79.76,80.31,80.75,81.20,81.77,82.19,82.64,83.12,83.60,84.02,84.41,84.62,84.76,85.07,85.38,85.69,86.00,86.29,86.59,86.88,87.17,87.33,87.51,87.67,87.79,87.98,88.16,88.31,88.41,88.46,88.47,88.49,88.53,88.58,88.62,88.63,88.63,88.68,89.04,90.12,91.69,93.34,94.72,95.66,96.30,96.97,97.63,98.22,98.69,99.06,99.35,99.55,99.68,99.79,99.87,100.00
59.7
RUSBag
0.00,9.95,17.54,21.17,25.76,29.54,33.73,35.86,39.23,40.62,42.82,45.12,47.48,49.19,50.77,51.96,53.33,54.87,56.62,57.69,59.49,61.05,62.31,62.69,63.95,64.93,65.74,66.91,67.66,68.66,69.61,70.64,71.43,72.29,73.19,74.12,74.82,75.41,76.13,76.93,77.26,77.96,78.69,79.37,79.83,80.35,80.68,81.27,81.73,82.18,82.74,83.09,83.58,84.06,84.52,84.92,85.30,85.35,85.64,85.93,86.23,86.52,86.82,87.12,87.43,87.73,87.96,88.16,88.33,88.50,88.68,88.85,88.97,89.02,89.04,89.06,89.10,89.15,89.18,89.22,89.24,89.33,89.73,90.72,92.23,93.70,94.95,95.87,96.59,97.24,97.88,98.37,98.74,99.07,99.31,99.46,99.61,99.68,99.73,99.80,100.00
59.49
SmoteBag
0.00,9.95,17.37,20.80,25.67,29.23,33.65,35.77,39.00,40.54,42.44,45.22,47.43,49.00,50.32,51.50,53.26,55.09,56.80,57.90,59.61,61.03,62.00,62.66,64.20,64.64,65.78,66.85,67.51,68.71,69.49,70.56,71.25,72.07,73.10,73.77,74.38,75.11,75.86,76.49,76.90,77.63,78.33,79.02,79.36,79.84,80.30,80.75,81.21,81.77,82.27,82.66,83.15,83.62,84.05,84.45,84.71,84.81,85.13,85.44,85.75,86.05,86.34,86.66,86.97,87.22,87.38,87.54,87.68,87.77,87.94,88.15,88.32,88.47,88.55,88.57,88.57,88.59,88.63,88.71,88.73,88.73,88.73,88.78,89.22,90.41,92.56,94.12,95.39,96.14,96.61,97.24,97.96,98.58,98.86,99.22,99.50,99.65,99.73,99.87,100.00
59.61
Boost
0.00,2.05,2.87,3.31,3.82,4.25,4.66,5.11,5.61,6.12,6.60,7.00,7.31,7.61,7.92,8.23,8.53,8.83,9.12,9.40,9.64,9.87,10.07,10.26,10.41,10.53,10.60,10.61,10.63,10.66,10.71,10.76,10.77,10.77,10.91,12.11,14.31,18.81,24.48,29.44,33.84,37.09,40.48,43.94,46.93,49.81,52.35,54.67,56.36,57.71,59.23,60.96,62.90,64.80,66.34,67.67,68.90,70.16,71.59,73.12,74.67,76.05,77.43,78.60,79.54,80.40,81.32,82.29,83.16,84.13,85.16,86.12,87.04,87.85,88.57,89.27,90.01,90.77,91.47,92.05,92.65,93.23,93.83,94.45,95.06,95.64,96.26,96.84,97.30,97.72,98.12,98.54,98.88,99.09,99.19,99.38,99.62,99.68,99.69,99.71,100.00
9.64
ROSBoost
0.00,9.60,14.39,18.67,22.29,25.34,27.84,29.90,32.14,34.45,36.23,37.67,39.07,40.53,42.11,43.60,44.99,46.31,47.45,48.40,49.39,50.39,51.33,52.32,53.28,54.22,55.10,55.96,56.76,57.58,58.37,59.10,59.78,60.43,61.08,61.71,62.27,62.84,63.42,64.05,64.67,65.19,65.65,66.08,66.50,66.94,67.40,67.88,68.34,68.80,69.25,69.68,70.07,70.38,70.62,70.84,71.04,71.29,71.56,71.86,72.17,72.46,72.75,73.03,73.25,73.44,73.57,73.69,73.81,73.94,74.09,74.25,74.42,74.56,74.66,74.71,74.74,74.77,74.79,74.84,74.88,75.04,75.32,75.82,76.95,78.92,81.72,84.76,87.52,90.00,91.94,93.32,94.43,95.44,96.50,97.49,98.38,99.02,99.50,99.79,100.00
49.39
RUSBoost
0.00,9.97,15.75,19.59,23.53,27.01,29.81,32.36,34.30,36.58,38.92,40.76,42.20,43.55,45.00,46.59,48.17,49.56,50.97,52.24,53.23,54.16,55.16,56.13,57.08,58.09,59.00,59.91,60.81,61.64,62.45,63.26,64.05,64.74,65.38,66.06,66.68,67.31,67.88,68.47,69.12,69.74,70.25,70.72,71.14,71.58,72.02,72.47,72.96,73.42,73.87,74.32,74.77,75.15,75.48,75.72,75.92,76.13,76.37,76.66,76.96,77.28,77.57,77.85,78.12,78.34,78.52,78.64,78.78,78.91,79.06,79.22,79.39,79.53,79.63,79.70,79.74,79.77,79.83,79.90,80.00,80.13,80.29,80.73,81.68,83.23,85.25,87.59,89.97,91.96,93.46,94.66,95.68,96.61,97.43,98.22,98.89,99.30,99.63,99.84,100.00
53.23
SmoteBoost
0.00,9.77,14.65,18.90,22.51,25.68,28.41,30.41,32.61,35.02,36.97,38.47,39.84,41.31,42.90,44.37,45.85,47.30,48.49,49.44,50.47,51.47,52.38,53.41,54.37,55.34,56.27,57.13,57.94,58.76,59.60,60.39,61.10,61.75,62.41,63.06,63.65,64.17,64.76,65.39,66.04,66.60,67.08,67.51,67.93,68.36,68.81,69.30,69.76,70.22,70.68,71.15,71.56,71.91,72.17,72.38,72.57,72.80,73.08,73.37,73.68,73.97,74.27,74.55,74.80,75.00,75.14,75.27,75.38,75.50,75.66,75.82,76.00,76.15,76.25,76.31,76.33,76.35,76.38,76.45,76.54,76.60,76.75,77.11,77.94,79.75,82.50,85.50,88.30,90.69,92.58,93.91,94.96,95.92,96.92,97.86,98.60,99.17,99.52,99.80,100.00
50.47
