Simple
0.00,0.41,0.78,1.12,1.43,1.76,2.06,2.27,2.57,2.82,3.12,3.39,4.23,6.29,9.64,15.50,22.04,27.85,32.80,36.42,39.60,42.63,45.18,48.37,51.69,54.83,57.55,59.51,61.20,62.41,63.42,64.27,64.91,65.56,66.09,66.62,67.10,67.62,68.01,68.38,68.84,69.52,70.44,71.55,72.53,73.53,74.27,74.93,75.55,76.24,77.20,78.18,79.31,80.15,80.72,81.11,81.45,81.81,82.47,83.33,84.24,85.15,85.94,86.71,87.45,88.29,89.04,89.61,90.03,90.39,90.65,90.89,91.11,91.22,91.32,91.38,91.47,91.61,91.82,92.07,92.32,92.57,92.93,93.31,93.78,94.31,94.75,95.20,95.70,96.28,96.89,97.55,98.14,98.67,99.06,99.37,99.50,99.50,99.60,99.65,100.00
39.6
ROS
0.00,15.74,21.27,27.07,31.79,36.25,41.18,44.41,46.41,47.95,49.69,51.15,52.09,54.02,55.37,57.41,58.68,60.77,62.81,64.57,65.98,66.91,68.28,69.52,70.74,71.91,72.96,73.68,74.10,74.41,74.67,75.09,75.47,75.93,76.58,77.33,78.04,78.54,78.92,79.48,80.10,80.55,80.92,81.50,82.12,82.72,83.12,83.36,83.45,83.55,83.77,84.15,84.48,84.80,85.00,85.20,85.63,86.79,88.66,91.14,92.91,94.13,95.28,96.42,97.28,98.02,98.44,98.62,98.69,98.71,98.72,98.72,98.72,98.72,98.75,98.76,98.77,98.77,98.80,98.82,98.84,98.84,98.84,98.85,98.85,98.88,98.88,98.88,98.88,98.88,98.89,98.90,98.92,99.06,99.21,99.45,99.95,99.96,100.00,100.00,100.00
65.98
RUS
0.00,15.82,21.16,26.97,31.38,36.19,40.54,43.71,45.58,47.25,49.12,50.17,51.79,53.44,55.28,56.73,58.55,60.63,62.50,64.01,65.07,66.23,67.55,68.85,69.96,71.06,71.91,72.39,72.73,72.96,73.39,73.74,74.13,74.64,75.31,75.99,76.62,77.07,77.58,78.15,78.71,79.17,79.64,80.23,80.78,81.26,81.71,81.94,82.06,82.19,82.45,82.79,83.21,83.64,84.03,85.01,86.90,88.61,90.16,92.22,93.75,95.00,96.08,96.94,97.60,98.03,98.26,98.39,98.46,98.46,98.46,98.46,98.46,98.47,98.50,98.51,98.56,98.59,98.64,98.66,98.71,98.74,98.79,98.86,98.88,98.96,98.98,98.99,98.99,98.99,99.01,99.08,99.10,99.22,99.66,99.74,99.99,99.99,100.00,100.00,100.00
65.07
Smote
0.00,16.43,22.09,27.85,33.07,36.31,42.53,45.71,48.02,49.42,51.09,53.06,53.47,55.46,56.84,58.77,59.93,62.01,64.07,66.00,67.63,68.55,69.88,71.16,72.39,73.61,74.72,75.72,76.11,76.47,76.57,77.20,77.48,77.92,78.51,79.27,80.03,80.73,80.88,81.50,82.16,82.79,82.96,83.47,84.09,84.69,85.20,85.71,85.77,85.78,85.86,86.18,86.62,87.14,87.26,87.34,87.46,87.74,88.34,90.88,93.93,94.59,95.28,96.22,97.10,97.99,98.94,99.08,99.08,99.08,99.08,99.08,99.08,99.08,99.08,99.08,99.08,99.08,99.08,99.08,99.08,99.08,99.08,99.08,99.08,99.08,99.08,99.08,99.08,99.08,99.09,99.09,99.09,99.12,99.19,99.32,100.00,100.00,100.00,100.00,100.00
67.63
Bag
0.00,0.64,1.21,1.72,2.24,2.69,3.12,3.56,3.93,4.34,4.66,4.98,5.19,5.54,5.91,6.58,7.19,8.91,11.12,13.96,17.42,21.72,26.64,32.01,36.23,40.23,44.09,47.26,50.09,52.96,55.67,58.35,60.78,62.70,64.34,65.64,66.61,67.44,68.16,68.77,69.34,69.88,70.32,70.80,71.37,71.99,72.55,73.25,74.07,74.98,75.85,76.72,77.56,78.39,79.16,79.96,80.77,81.57,82.39,83.10,83.82,84.40,84.99,85.52,86.13,86.83,87.66,88.51,89.35,90.07,90.77,91.39,92.04,92.47,92.83,93.11,93.35,93.51,93.67,93.82,93.90,93.98,94.08,94.23,94.46,94.70,95.01,95.34,95.76,96.15,96.61,97.08,97.69,98.32,98.91,99.46,99.69,99.72,99.75,99.81,100.00
17.42
ROSBag
0.00,15.84,21.53,27.39,32.30,36.68,41.91,45.17,47.32,48.58,50.26,51.92,52.71,54.68,55.77,58.09,59.15,61.26,63.30,65.18,66.75,67.51,68.96,70.26,71.48,72.61,73.82,74.54,75.18,75.26,75.50,76.00,76.52,76.77,77.51,78.27,78.99,79.53,79.73,80.43,81.09,81.54,81.84,82.51,83.16,83.66,84.05,84.39,84.39,84.44,84.66,85.10,85.45,85.84,85.89,85.98,86.31,87.17,88.85,92.03,93.81,94.36,95.35,96.40,97.34,98.18,98.85,98.88,98.90,98.90,98.90,98.90,98.90,98.90,98.90,98.90,98.91,98.91,98.91,98.91,98.91,98.91,98.91,98.91,98.91,98.91,98.91,98.91,98.91,98.92,98.92,98.93,98.95,99.03,99.15,99.36,99.98,99.99,100.00,100.00,100.00
66.75
RUSBag
0.00,16.07,21.18,27.39,31.51,36.84,41.09,44.66,46.27,47.82,49.62,50.65,52.12,53.89,55.40,57.23,58.78,60.84,62.86,64.53,65.84,66.82,68.17,69.44,70.66,71.80,72.82,73.29,73.80,73.96,74.43,74.73,75.08,75.55,76.24,77.01,77.74,78.13,78.57,79.19,79.82,80.24,80.58,81.13,81.80,82.36,82.89,83.13,83.18,83.25,83.42,83.83,84.26,84.54,84.79,85.43,87.36,90.31,92.18,93.38,94.72,96.03,97.09,97.91,98.58,98.82,98.93,98.96,98.96,98.96,98.96,98.96,98.96,98.96,98.96,98.96,98.97,98.99,98.99,98.99,98.99,99.00,99.01,99.03,99.04,99.07,99.07,99.07,99.07,99.08,99.09,99.12,99.13,99.26,99.87,99.89,100.00,100.00,100.00,100.00,100.00
65.84
SmoteBag
0.00,16.36,22.09,27.90,33.04,36.45,42.71,45.87,48.23,49.55,51.18,53.13,53.56,55.60,56.85,58.92,60.02,62.14,64.17,66.11,67.74,68.61,69.99,71.30,72.46,73.69,74.84,75.79,76.23,76.53,76.61,77.26,77.64,77.97,78.64,79.40,80.14,80.85,80.91,81.59,82.31,82.95,83.07,83.65,84.26,84.82,85.31,85.88,85.91,85.91,85.96,86.30,86.73,87.34,87.37,87.37,87.37,87.44,87.93,90.97,94.15,94.55,95.20,96.07,96.92,97.94,99.10,99.17,99.17,99.17,99.17,99.17,99.17,99.17,99.17,99.17,99.17,99.17,99.17,99.17,99.17,99.17,99.17,99.17,99.17,99.17,99.17,99.17,99.17,99.17,99.17,99.17,99.17,99.18,99.20,99.28,100.00,100.00,100.00,100.00,100.00
67.74
Boost
0.00,5.70,7.66,9.28,10.69,11.89,12.85,13.85,14.50,15.08,15.69,16.25,16.85,17.42,17.91,18.44,18.94,19.36,19.85,20.32,20.70,21.09,21.39,21.64,21.95,22.30,22.88,23.91,25.17,26.75,30.26,35.09,40.18,44.77,48.80,52.50,55.53,58.44,61.37,64.64,67.61,70.26,72.39,74.18,75.54,76.69,77.76,78.55,79.21,79.71,80.14,80.72,81.15,81.50,81.87,82.33,82.99,83.64,84.39,85.19,85.77,86.37,86.92,87.61,88.41,89.28,90.04,90.55,90.91,91.24,91.61,92.26,92.92,93.63,94.17,94.80,95.38,95.76,96.04,96.26,96.47,96.55,96.61,96.62,96.65,96.68,96.75,96.84,97.06,97.33,97.48,97.77,98.21,98.84,99.37,99.83,99.99,99.99,99.99,99.99,100.00
20.7
ROSBoost
0.00,13.27,18.48,24.23,27.35,32.62,35.61,37.71,39.40,41.05,42.21,44.00,45.55,47.28,48.82,50.75,52.67,54.32,55.61,56.69,57.91,59.09,60.30,61.37,62.27,62.89,63.35,63.74,64.04,64.40,64.77,65.16,65.78,66.46,67.09,67.67,68.15,68.72,69.28,69.84,70.33,70.82,71.31,71.87,72.36,72.70,72.89,73.03,73.12,73.35,73.59,73.94,74.27,74.80,75.20,75.69,76.42,78.64,81.50,84.44,87.28,89.53,91.39,93.09,94.61,95.72,96.55,97.23,97.52,97.76,97.89,97.95,97.99,98.04,98.12,98.24,98.32,98.41,98.48,98.59,98.70,98.78,98.83,98.91,98.93,98.99,99.00,99.02,99.03,99.04,99.07,99.07,99.09,99.15,99.28,99.41,99.66,99.77,99.97,100.00,100.00
57.91
RUSBoost
0.00,13.90,18.66,24.95,27.81,33.61,36.82,39.14,40.77,42.62,43.83,45.35,47.09,48.77,50.35,52.12,54.10,55.85,57.23,58.39,59.57,60.75,61.96,63.07,64.07,64.74,65.23,65.59,65.90,66.26,66.56,67.01,67.55,68.20,68.87,69.40,69.93,70.47,71.01,71.55,72.06,72.55,73.11,73.66,74.13,74.45,74.69,74.85,75.01,75.27,75.59,75.89,76.20,76.87,77.53,78.88,80.41,82.66,85.34,87.42,89.85,91.77,93.37,94.59,95.65,96.45,96.99,97.33,97.54,97.63,97.69,97.75,97.81,97.91,98.01,98.11,98.24,98.33,98.39,98.47,98.60,98.66,98.72,98.74,98.81,98.84,98.88,98.91,98.93,98.96,98.99,99.03,99.06,99.19,99.43,99.57,99.85,99.91,99.99,99.99,100.00
59.57
SmoteBoost
0.00,13.74,18.89,24.85,27.91,33.44,36.64,38.87,40.61,42.34,43.64,45.19,46.86,48.53,50.13,51.93,53.91,55.61,57.00,58.14,59.31,60.51,61.69,62.76,63.72,64.41,64.91,65.31,65.69,66.03,66.37,66.77,67.32,67.96,68.61,69.21,69.74,70.19,70.78,71.33,71.85,72.35,72.87,73.39,73.82,74.26,74.49,74.66,74.82,74.98,75.14,75.48,75.73,76.07,76.36,76.94,78.12,79.66,81.99,85.05,87.79,89.93,91.85,93.35,94.90,96.01,96.78,97.28,97.62,97.82,97.88,97.96,98.01,98.09,98.15,98.20,98.25,98.33,98.41,98.50,98.61,98.68,98.74,98.78,98.84,98.88,98.92,98.96,98.98,99.01,99.01,99.02,99.07,99.12,99.23,99.41,99.73,99.79,99.95,100.00,100.00
59.31
