Simple
0.00,6.33,8.92,10.53,12.34,13.47,14.42,15.64,16.90,18.05,18.92,19.86,20.94,21.62,22.40,23.29,23.96,24.48,25.06,25.75,26.38,26.95,27.48,27.86,28.35,28.84,29.29,29.71,30.09,30.46,30.79,31.11,31.40,31.68,31.94,32.06,32.24,32.39,32.53,32.68,32.82,32.97,33.10,33.42,39.23,45.18,49.27,53.30,55.16,57.41,58.88,62.26,64.16,65.68,67.49,68.28,69.54,71.20,72.82,74.39,75.51,76.46,77.50,79.18,80.05,81.06,81.91,83.07,84.35,85.58,86.28,87.21,87.81,88.09,88.75,89.54,90.45,91.16,92.00,92.53,92.81,93.73,94.01,94.38,94.65,94.90,95.03,95.91,96.46,96.51,97.07,98.09,98.54,99.12,99.27,99.42,99.42,99.71,99.85,100.00,100.00
26.38
ROS
0.00,6.54,9.98,12.74,15.12,17.32,19.17,21.08,22.43,23.83,24.91,25.71,26.76,27.86,29.03,30.25,31.39,32.50,33.51,34.32,35.06,35.93,36.79,37.52,38.26,39.04,39.85,40.67,41.38,41.96,42.49,42.90,43.28,43.68,44.16,44.61,45.03,45.42,45.80,46.18,46.56,47.01,47.42,47.82,48.23,48.61,48.96,49.30,49.60,49.89,50.15,50.36,50.55,50.72,50.88,51.03,51.17,51.40,51.74,52.74,54.96,58.74,63.21,67.27,70.42,72.89,75.02,77.07,79.00,80.50,81.65,82.65,83.69,84.81,85.96,86.93,87.88,88.83,89.83,90.79,91.74,92.69,93.49,94.16,94.69,95.24,95.81,96.42,96.98,97.38,97.65,97.83,97.94,98.09,98.43,98.81,99.18,99.59,99.75,99.80,100.00
35.06
RUS
0.00,6.63,9.98,12.66,15.07,17.14,19.03,20.76,22.13,23.22,23.99,25.03,26.08,27.27,28.50,29.63,30.71,31.56,32.34,33.26,34.10,34.88,35.64,36.47,37.35,38.14,38.77,39.32,39.81,40.28,40.82,41.33,41.79,42.24,42.66,43.09,43.55,43.96,44.37,44.78,45.17,45.53,45.88,46.20,46.49,46.77,47.00,47.17,47.33,47.49,47.66,47.80,47.94,48.09,48.45,49.89,53.98,58.77,63.04,66.36,68.80,70.91,73.20,75.27,76.95,78.20,79.15,80.13,81.44,82.60,83.69,84.62,85.63,86.65,87.63,88.61,89.69,90.77,91.57,92.30,92.88,93.44,94.05,94.77,95.54,96.14,96.49,96.86,97.17,97.33,97.48,97.77,98.31,98.60,99.01,99.47,99.66,99.70,99.71,99.96,100.00
34.1
Smote
0.00,6.64,10.23,13.06,15.48,17.83,19.49,21.56,22.90,24.32,25.37,26.08,27.23,28.30,29.46,30.73,31.86,33.00,34.14,35.05,35.71,36.64,37.61,38.29,39.11,39.87,40.69,41.57,42.32,42.86,43.34,43.78,44.02,44.36,44.90,45.40,45.77,46.22,46.60,46.90,47.31,47.80,48.21,48.59,49.01,49.41,49.75,50.11,50.42,50.71,50.99,51.23,51.37,51.55,51.70,51.86,52.02,52.15,52.27,52.41,53.51,58.29,63.75,67.92,71.07,73.26,75.25,77.52,79.64,81.12,82.03,82.84,83.73,85.10,86.17,87.12,87.92,88.90,89.93,90.89,91.87,93.07,93.81,94.45,94.98,95.48,96.01,96.69,97.32,97.61,97.85,97.96,98.02,98.10,98.44,98.82,99.04,99.54,99.71,99.76,100.00
35.71
Bag
0.00,6.31,8.88,10.58,12.36,13.45,14.44,15.65,16.92,18.06,18.88,19.88,20.94,21.58,22.39,23.28,23.91,24.45,25.03,25.71,26.33,26.89,27.40,27.80,28.31,28.78,29.22,29.65,30.03,30.39,30.73,31.03,31.32,31.61,31.84,31.96,32.14,32.30,32.45,32.59,32.72,32.87,33.00,33.80,39.82,45.50,49.70,53.43,55.28,57.42,59.17,62.32,64.29,65.77,67.48,68.36,69.60,71.22,72.94,74.40,75.58,76.49,77.61,79.17,80.07,81.09,81.95,83.10,84.41,85.59,86.27,87.23,87.76,88.09,88.73,89.54,90.43,91.17,92.01,92.51,92.82,93.69,93.98,94.38,94.64,94.86,95.03,95.90,96.43,96.49,97.07,98.08,98.54,99.12,99.26,99.42,99.42,99.71,99.85,100.00,100.00
26.33
ROSBag
0.00,6.67,9.58,12.33,14.75,16.89,18.91,20.62,21.93,23.06,23.87,24.89,25.93,27.06,28.35,29.50,30.64,31.73,32.56,33.26,34.28,35.10,35.88,36.67,37.47,38.33,39.20,39.84,40.37,40.88,41.20,41.51,41.96,42.51,42.91,43.34,43.74,44.07,44.40,44.87,45.32,45.69,46.11,46.52,46.89,47.25,47.57,47.88,48.16,48.43,48.60,48.77,48.93,49.10,49.25,49.39,49.52,49.64,49.95,53.05,58.48,63.40,67.25,69.81,71.96,73.93,76.38,78.41,79.81,80.76,81.63,82.65,83.94,85.07,86.04,86.87,87.86,88.90,89.86,90.88,92.08,92.93,93.58,94.23,94.73,95.28,95.96,96.69,97.19,97.46,97.72,97.89,97.95,98.06,98.54,98.81,99.14,99.59,99.71,99.74,100.00
34.28
RUSBag
0.00,6.69,9.57,12.24,14.62,16.60,18.71,20.24,21.68,22.63,23.30,24.35,25.45,26.71,27.89,29.03,30.06,30.74,31.62,32.52,33.34,34.11,34.88,35.77,36.65,37.34,37.91,38.44,38.89,39.50,40.03,40.46,40.93,41.38,41.79,42.28,42.71,43.08,43.49,43.90,44.27,44.61,44.94,45.23,45.52,45.78,45.93,46.10,46.27,46.43,46.57,46.71,46.84,46.95,47.58,51.45,57.01,61.71,65.20,67.58,69.67,71.67,74.23,76.11,77.46,78.39,79.33,80.43,81.85,82.93,83.95,84.83,85.87,86.90,87.86,88.80,90.03,91.02,91.66,92.42,92.87,93.52,94.16,94.99,95.78,96.20,96.55,96.91,97.26,97.36,97.49,97.87,98.47,98.62,99.18,99.60,99.69,99.70,99.71,99.99,100.00
33.34
SmoteBag
0.00,6.64,10.24,13.05,15.44,17.86,19.48,21.50,22.84,24.28,25.30,25.95,27.14,28.21,29.35,30.64,31.76,32.92,34.03,34.86,35.54,36.55,37.42,38.16,38.96,39.74,40.60,41.47,42.15,42.71,43.17,43.54,43.81,44.13,44.73,45.21,45.57,46.03,46.40,46.68,47.13,47.61,47.99,48.39,48.80,49.19,49.55,49.89,50.20,50.49,50.77,50.98,51.13,51.30,51.45,51.61,51.76,51.89,52.02,52.15,53.58,59.02,64.29,68.30,71.19,73.42,75.26,77.74,79.74,81.05,81.92,82.76,83.68,85.06,86.11,87.03,87.83,88.86,89.88,90.85,91.88,93.07,93.73,94.43,94.92,95.44,95.99,96.68,97.33,97.59,97.82,97.95,98.00,98.08,98.44,98.82,99.02,99.52,99.71,99.75,100.00
35.54
Boost
0.00,6.50,9.07,10.92,12.82,14.32,15.24,16.25,17.43,18.68,19.86,20.89,21.67,22.48,23.35,24.13,24.87,25.64,26.45,27.16,27.72,28.21,28.67,29.12,29.57,30.01,30.42,30.79,31.14,31.50,31.89,32.32,32.73,33.14,33.54,33.90,34.27,34.61,34.91,35.20,35.44,35.65,35.84,36.01,36.16,36.31,36.46,36.72,37.23,38.53,40.81,44.75,49.27,53.35,56.62,59.16,61.51,63.64,65.90,67.89,69.62,71.05,72.36,73.66,75.05,76.53,77.86,79.01,80.15,81.26,82.31,83.34,84.35,85.39,86.50,87.55,88.47,89.22,89.84,90.40,91.02,91.70,92.47,93.20,93.84,94.31,94.78,95.19,95.58,95.87,96.13,96.53,97.03,97.46,97.96,98.65,99.15,99.40,99.57,99.76,100.00
27.72
ROSBoost
0.00,6.54,10.10,12.91,15.26,17.39,19.27,21.14,22.55,23.94,25.11,26.06,27.05,28.10,29.24,30.43,31.58,32.69,33.71,34.60,35.38,36.12,36.92,37.69,38.42,39.15,39.89,40.64,41.41,42.10,42.71,43.24,43.70,44.11,44.52,44.97,45.40,45.81,46.23,46.61,46.97,47.35,47.77,48.17,48.58,48.98,49.37,49.75,50.09,50.43,50.74,51.01,51.26,51.48,51.67,51.84,52.04,52.23,52.55,52.98,53.77,55.08,57.61,61.24,64.84,68.43,71.37,73.84,76.13,78.20,79.96,81.40,82.59,83.70,84.85,86.01,87.03,88.05,88.98,89.95,90.93,91.87,92.79,93.63,94.33,94.88,95.43,95.97,96.51,97.03,97.40,97.68,97.88,98.03,98.29,98.61,99.00,99.43,99.72,99.84,100.00
35.38
RUSBoost
0.00,6.67,10.07,12.78,15.12,17.18,19.11,20.77,22.17,23.42,24.35,25.30,26.38,27.51,28.70,29.85,30.93,31.93,32.80,33.57,34.37,35.18,35.95,36.72,37.49,38.28,39.03,39.73,40.30,40.83,41.30,41.73,42.19,42.67,43.08,43.50,43.94,44.31,44.72,45.15,45.56,45.96,46.36,46.75,47.11,47.46,47.77,48.06,48.33,48.57,48.77,48.95,49.12,49.27,49.42,49.62,50.23,51.60,53.43,56.27,60.02,63.65,66.85,69.85,72.22,74.44,76.37,78.04,79.43,80.63,81.78,82.93,84.06,85.15,86.14,87.15,88.18,89.17,90.15,91.11,92.03,92.75,93.42,94.01,94.59,95.23,95.83,96.39,96.83,97.16,97.41,97.58,97.77,98.14,98.50,98.90,99.36,99.64,99.75,99.86,100.00
34.37
SmoteBoost
0.00,6.59,10.20,13.04,15.39,17.60,19.45,21.40,22.79,24.21,25.40,26.31,27.31,28.40,29.54,30.75,31.90,33.01,34.07,34.97,35.75,36.49,37.30,38.11,38.84,39.60,40.36,41.16,41.92,42.62,43.22,43.72,44.15,44.57,44.98,45.41,45.84,46.28,46.68,47.07,47.46,47.85,48.25,48.68,49.08,49.48,49.87,50.23,50.57,50.89,51.18,51.44,51.68,51.88,52.05,52.21,52.37,52.52,52.75,53.29,54.33,56.24,59.14,63.10,67.11,70.34,73.20,75.54,77.57,79.50,81.04,82.26,83.37,84.42,85.49,86.62,87.65,88.60,89.51,90.50,91.46,92.41,93.27,94.03,94.64,95.18,95.70,96.24,96.79,97.25,97.57,97.80,97.94,98.09,98.37,98.73,99.10,99.53,99.74,99.83,100.00
35.75
