MaxBag
0.00,26.48,30.34,31.99,33.41,35.30,38.46,40.69,42.43,43.81,44.89,45.84,47.13,51.99,58.09,63.21,67.41,70.39,73.26,75.30,76.59,77.72,79.77,82.36,84.50,86.46,87.74,88.74,89.66,90.61,91.48,92.35,93.16,94.28,95.06,95.50,95.75,96.18,96.66,97.00,97.43,97.64,97.93,98.11,98.30,98.37,98.45,98.51,98.62,98.68,98.74,98.75,99.06,99.07,99.09,99.11,99.11,99.13,99.15,99.15,99.15,99.20,99.21,99.21,99.21,99.22,99.22,99.24,99.24,99.42,99.42,99.42,99.42,99.42,99.42,99.42,99.42,99.95,99.95,99.95,99.95,99.95,99.95,99.95,99.95,99.97,99.97,99.97,99.97,99.97,99.97,99.97,100.00,100.00,100.00,100.00,100.00,100.00,100.00,100.00,100.00
76.59
ROSMaxBag
0.00,29.36,34.07,35.77,37.19,39.95,44.11,46.94,51.36,54.40,56.74,58.70,59.94,61.54,65.07,68.72,73.37,77.81,81.07,83.64,85.38,86.70,88.03,89.27,90.46,91.83,93.18,94.01,94.68,95.03,95.32,95.69,96.22,96.64,97.18,97.44,97.78,97.93,97.99,98.08,98.28,98.35,98.50,98.56,98.77,98.78,98.79,98.80,98.83,98.83,98.85,98.86,99.00,99.00,99.01,99.01,99.01,99.02,99.02,99.02,99.02,99.05,99.05,99.05,99.05,99.05,99.05,99.05,99.05,99.36,99.36,99.36,99.36,99.36,99.36,99.36,99.36,99.99,99.99,99.99,99.99,99.99,99.99,99.99,99.99,99.99,99.99,99.99,99.99,99.99,99.99,99.99,100.00,100.00,100.00,100.00,100.00,100.00,100.00,100.00,100.00
85.38
RUSMaxBag
0.00,37.85,48.51,55.11,57.30,61.58,63.19,64.20,65.48,66.83,68.35,69.41,70.05,70.25,70.56,70.89,71.17,71.30,71.40,71.46,71.54,71.97,72.56,73.79,74.81,75.95,76.62,77.08,77.41,77.84,78.99,81.34,83.52,85.38,86.65,87.70,88.57,89.48,90.44,91.58,92.48,93.21,93.66,94.09,94.37,94.78,95.34,95.87,96.37,96.69,96.99,97.21,97.38,97.52,97.64,98.08,98.46,98.79,98.98,99.17,99.26,99.34,99.41,99.50,99.54,99.54,99.56,99.57,99.58,99.63,99.66,99.66,99.66,99.66,99.67,99.68,99.70,99.88,99.89,99.89,99.89,99.89,99.89,99.89,99.89,99.93,99.93,99.93,99.93,99.93,99.93,99.93,99.98,99.98,99.98,99.98,99.98,99.98,99.98,99.98,100.00
71.54
SmoteMaxBag
0.00,36.32,47.50,50.99,54.91,56.91,58.10,59.61,61.27,62.41,62.89,63.25,63.66,64.16,64.48,64.70,64.85,65.16,66.14,67.85,70.78,73.82,76.09,77.65,78.75,79.57,80.72,82.32,85.52,88.46,90.77,92.22,93.40,94.50,95.31,95.90,96.68,97.34,97.77,97.97,98.13,98.23,98.47,98.66,98.85,99.03,99.10,99.11,99.16,99.19,99.28,99.36,99.48,99.48,99.48,99.49,99.49,99.50,99.50,99.50,99.50,99.57,99.57,99.57,99.57,99.57,99.57,99.58,99.58,99.62,99.62,99.62,99.62,99.62,99.62,99.62,99.62,99.98,99.98,99.98,99.98,99.98,99.98,99.98,99.98,99.99,99.99,99.99,99.99,99.99,99.99,99.99,100.00,100.00,100.00,100.00,100.00,100.00,100.00,100.00,100.00
70.78
VoteBag
0.00,35.58,43.86,47.43,49.14,50.50,52.17,53.49,53.81,54.13,54.31,54.37,54.39,54.39,54.39,54.41,54.70,56.41,58.84,60.74,62.23,63.26,64.14,64.93,66.17,68.65,74.87,79.81,84.04,86.93,89.25,90.95,92.03,92.95,93.97,95.11,96.28,96.89,97.11,97.30,97.46,97.79,98.22,98.43,98.99,99.23,99.23,99.26,99.32,99.36,99.62,99.72,99.74,99.74,99.74,99.74,99.74,99.74,99.74,99.74,99.74,99.81,99.81,99.81,99.81,99.81,99.81,99.81,99.81,99.81,99.81,99.81,99.81,99.81,99.81,99.81,99.81,100.00,100.00,100.00,100.00,100.00,100.00,100.00,100.00,100.00,100.00,100.00,100.00,100.00,100.00,100.00,100.00,100.00,100.00,100.00,100.00,100.00,100.00,100.00,100.00
62.23
ROSVoteBag
0.00,37.34,49.10,53.75,57.17,59.71,61.04,62.28,63.64,65.21,66.29,66.60,66.79,67.03,67.19,67.24,67.24,67.24,67.24,67.43,68.19,69.26,70.68,71.76,72.58,73.15,73.52,73.96,75.25,78.72,83.25,87.01,89.83,91.74,93.21,94.14,94.85,95.81,96.73,97.39,97.66,97.76,97.87,98.09,98.43,98.99,99.26,99.34,99.39,99.42,99.50,99.70,99.75,99.77,99.78,99.79,99.79,99.79,99.79,99.79,99.80,99.84,99.84,99.84,99.84,99.84,99.85,99.85,99.85,99.85,99.85,99.85,99.85,99.85,99.85,99.85,99.85,100.00,100.00,100.00,100.00,100.00,100.00,100.00,100.00,100.00,100.00,100.00,100.00,100.00,100.00,100.00,100.00,100.00,100.00,100.00,100.00,100.00,100.00,100.00,100.00
68.19
RUSVoteBag
0.00,40.50,50.53,58.07,59.87,64.87,67.01,68.13,69.28,70.52,72.26,73.36,74.06,74.23,74.28,74.44,74.77,74.90,74.91,74.91,74.91,74.91,74.95,75.28,76.01,77.11,77.76,78.29,78.57,78.75,78.93,79.81,82.73,86.93,90.32,92.92,94.53,95.48,95.99,96.63,97.38,97.85,98.09,98.25,98.49,98.76,98.98,99.32,99.50,99.64,99.70,99.74,99.75,99.78,99.81,99.84,99.86,99.86,99.86,99.87,99.87,99.87,99.89,99.89,99.89,99.89,99.89,99.89,99.89,99.89,99.89,99.89,99.89,99.89,99.89,99.89,99.89,99.99,99.99,99.99,99.99,99.99,99.99,99.99,99.99,100.00,100.00,100.00,100.00,100.00,100.00,100.00,100.00,100.00,100.00,100.00,100.00,100.00,100.00,100.00,100.00
74.91
SmoteVoteBag
0.00,37.41,49.22,52.52,56.59,58.49,59.48,61.13,62.90,64.20,64.58,65.42,66.23,66.98,67.38,67.72,67.93,68.05,68.35,70.54,74.72,79.40,82.81,85.18,86.98,88.29,88.99,90.11,91.64,92.99,93.88,94.36,94.62,94.90,95.24,95.83,96.70,97.34,97.64,97.79,97.90,97.97,98.24,98.48,98.79,98.91,98.97,98.99,99.02,99.05,99.10,99.17,99.24,99.25,99.26,99.26,99.26,99.28,99.30,99.30,99.31,99.31,99.31,99.31,99.31,99.31,99.32,99.32,99.32,99.39,99.39,99.39,99.39,99.39,99.39,99.39,99.39,99.95,99.95,99.95,99.95,99.95,99.95,99.95,99.95,99.96,99.96,99.96,99.96,99.96,99.96,99.96,100.00,100.00,100.00,100.00,100.00,100.00,100.00,100.00,100.00
74.72
