MaxBag
0.00,37.91,41.53,46.14,68.62,77.08,79.27,80.44,81.56,82.57,84.21,85.23,86.95,87.55,87.84,88.38,88.56,88.63,88.63,88.84,89.56,90.11,90.19,90.32,91.10,91.68,92.30,93.26,93.54,93.54,93.54,93.54,93.54,93.54,93.60,93.95,94.45,94.49,94.65,95.23,95.42,95.87,95.98,96.21,96.21,96.21,96.45,96.60,96.81,97.74,97.97,97.97,98.06,98.30,98.60,98.95,99.00,99.07,99.07,99.07,99.07,99.07,99.11,99.25,99.32,99.51,99.81,99.88,99.89,99.89,99.89,99.89,99.89,99.89,99.89,99.89,99.89,99.89,99.99,99.99,99.99,99.99,100.00,100.00,100.00,100.00,100.00,100.00,100.00,100.00,100.00,100.00,100.00,100.00,100.00,100.00,100.00,100.00,100.00,100.00,100.00
89.56
ROSMaxBag
0.00,42.63,46.98,49.80,71.39,79.34,80.88,81.60,82.80,83.79,85.26,85.94,87.62,88.23,88.38,88.89,89.05,89.11,89.11,89.31,90.15,90.62,90.63,90.72,91.53,92.09,92.45,93.39,93.76,93.76,93.76,93.76,93.76,93.76,93.79,94.24,94.81,94.86,94.98,95.62,95.78,95.90,96.04,96.30,96.30,96.30,96.57,96.72,96.90,98.03,98.30,98.30,98.39,98.70,98.91,99.21,99.26,99.32,99.32,99.32,99.32,99.32,99.32,99.35,99.41,99.58,99.88,99.88,99.88,99.88,99.88,99.88,99.88,99.88,99.88,99.88,99.88,99.88,99.99,99.99,99.99,99.99,100.00,100.00,100.00,100.00,100.00,100.00,100.00,100.00,100.00,100.00,100.00,100.00,100.00,100.00,100.00,100.00,100.00,100.00,100.00
90.15
RUSMaxBag
0.00,56.52,71.40,78.51,83.09,86.39,88.17,89.57,94.93,95.29,95.49,95.99,96.14,96.43,96.49,97.06,97.11,97.14,97.16,97.16,97.16,97.16,97.26,97.30,97.30,97.30,97.47,97.74,97.81,97.91,97.91,97.91,97.91,97.91,97.91,97.91,97.98,98.12,98.14,98.14,98.31,98.39,98.40,98.41,98.47,98.47,98.47,98.57,98.81,98.81,99.56,99.68,99.68,99.68,99.73,99.77,99.77,99.78,99.78,99.78,99.78,99.78,99.78,99.78,99.79,99.79,100.00,100.00,100.00,100.00,100.00,100.00,100.00,100.00,100.00,100.00,100.00,100.00,100.00,100.00,100.00,100.00,100.00,100.00,100.00,100.00,100.00,100.00,100.00,100.00,100.00,100.00,100.00,100.00,100.00,100.00,100.00,100.00,100.00,100.00,100.00
97.16
SmoteMaxBag
0.00,53.09,63.56,67.62,70.35,71.60,81.05,89.78,90.70,91.16,92.11,92.64,93.56,93.70,94.66,94.84,94.93,95.02,95.05,95.05,95.05,95.35,95.68,95.71,95.72,95.97,96.63,96.77,97.03,97.34,97.34,97.34,97.34,97.34,97.34,97.34,97.54,97.83,97.86,97.87,98.36,98.50,98.51,98.52,98.56,98.56,98.56,98.76,98.97,99.02,99.66,99.68,99.68,99.68,99.70,99.87,99.87,99.87,99.87,99.87,99.87,99.87,99.87,99.88,99.88,99.88,99.96,99.96,99.96,99.96,99.96,99.96,99.96,99.96,99.96,99.96,99.96,99.96,100.00,100.00,100.00,100.00,100.00,100.00,100.00,100.00,100.00,100.00,100.00,100.00,100.00,100.00,100.00,100.00,100.00,100.00,100.00,100.00,100.00,100.00,100.00
95.05
VoteBag
0.00,49.69,58.66,61.84,63.05,71.14,87.02,88.22,88.68,89.58,89.90,90.83,91.06,91.99,92.64,92.65,92.80,92.80,92.80,92.80,92.86,93.50,93.61,93.61,93.63,94.16,94.58,94.88,95.45,95.47,95.47,95.47,95.47,95.47,95.47,95.49,95.95,96.23,96.23,96.38,97.05,97.07,97.09,97.38,97.49,97.49,97.49,97.90,97.91,98.05,99.08,99.08,99.08,99.22,99.43,99.60,99.60,99.60,99.60,99.60,99.60,99.60,99.60,99.60,99.60,99.60,100.00,100.00,100.00,100.00,100.00,100.00,100.00,100.00,100.00,100.00,100.00,100.00,100.00,100.00,100.00,100.00,100.00,100.00,100.00,100.00,100.00,100.00,100.00,100.00,100.00,100.00,100.00,100.00,100.00,100.00,100.00,100.00,100.00,100.00,100.00
92.86
ROSVoteBag
0.00,59.44,72.23,77.43,80.58,81.99,84.65,93.12,93.41,93.48,93.99,94.14,94.44,94.58,95.35,95.41,95.46,95.53,95.53,95.53,95.53,95.65,95.72,95.72,95.72,95.76,96.37,96.47,96.66,96.86,96.86,96.86,96.86,96.86,96.86,96.86,96.98,97.16,97.16,97.18,97.78,97.91,97.91,97.93,98.04,98.04,98.04,98.36,98.45,98.47,99.45,99.47,99.47,99.50,99.65,99.65,99.65,99.65,99.65,99.65,99.65,99.65,99.65,99.65,99.65,99.65,100.00,100.00,100.00,100.00,100.00,100.00,100.00,100.00,100.00,100.00,100.00,100.00,100.00,100.00,100.00,100.00,100.00,100.00,100.00,100.00,100.00,100.00,100.00,100.00,100.00,100.00,100.00,100.00,100.00,100.00,100.00,100.00,100.00,100.00,100.00
95.53
RUSVoteBag
0.00,56.35,73.41,81.49,87.10,91.14,94.66,96.80,97.77,98.93,99.09,99.17,99.19,99.20,99.25,99.25,99.38,99.38,99.38,99.38,99.38,99.38,99.38,99.39,99.39,99.39,99.39,99.41,99.41,99.41,99.41,99.41,99.41,99.41,99.41,99.41,99.41,99.45,99.45,99.45,99.46,99.57,99.57,99.57,99.57,99.57,99.57,99.57,99.74,99.74,99.98,99.98,99.98,99.98,99.98,99.98,99.98,99.98,99.98,99.98,99.98,99.98,99.98,99.98,99.98,99.98,100.00,100.00,100.00,100.00,100.00,100.00,100.00,100.00,100.00,100.00,100.00,100.00,100.00,100.00,100.00,100.00,100.00,100.00,100.00,100.00,100.00,100.00,100.00,100.00,100.00,100.00,100.00,100.00,100.00,100.00,100.00,100.00,100.00,100.00,100.00
99.38
SmoteVoteBag
0.00,52.55,63.65,67.43,69.90,70.95,81.42,89.71,90.62,90.81,91.88,92.33,93.09,93.13,94.36,94.37,94.42,94.46,94.47,94.47,94.47,94.87,95.28,95.30,95.30,95.50,96.22,96.39,96.61,97.04,97.04,97.04,97.04,97.04,97.04,97.04,97.30,97.75,97.75,97.75,98.22,98.55,98.55,98.56,98.60,98.60,98.60,98.66,99.00,99.00,99.83,99.86,99.86,99.86,99.91,99.95,99.95,99.95,99.95,99.95,99.95,99.95,99.95,99.95,99.95,99.95,100.00,100.00,100.00,100.00,100.00,100.00,100.00,100.00,100.00,100.00,100.00,100.00,100.00,100.00,100.00,100.00,100.00,100.00,100.00,100.00,100.00,100.00,100.00,100.00,100.00,100.00,100.00,100.00,100.00,100.00,100.00,100.00,100.00,100.00,100.00
94.47
