MaxBag
0.10,11.82,13.93,15.30,16.28,17.29,18.25,19.88,21.94,25.85,32.46,39.53,46.01,51.12,55.56,58.92,61.42,63.28,65.22,67.01,68.26,69.67,71.21,72.95,74.37,75.67,76.48,77.29,78.02,78.69,79.25,79.82,80.34,80.95,81.75,82.69,83.55,84.20,84.56,84.99,85.51,86.10,86.67,87.03,87.45,87.91,88.43,88.80,89.18,89.69,90.28,90.83,91.37,91.76,92.01,92.14,92.30,92.45,92.54,92.61,92.66,92.82,92.99,93.37,93.69,94.02,94.35,94.62,94.97,95.31,95.68,95.98,96.22,96.37,96.46,96.59,96.76,96.93,97.11,97.25,97.39,97.56,97.88,98.20,98.35,98.54,98.62,98.63,98.94,98.96,99.44,99.46,99.46,99.50,99.50,99.50,99.50,99.50,99.50,99.50,100.00
68.26
ROSMaxBag
0.38,14.65,16.97,18.62,19.93,20.92,21.97,22.82,23.45,23.97,24.60,26.68,31.52,38.34,45.19,51.23,56.33,60.24,63.13,65.27,67.29,69.01,70.36,71.67,73.00,74.66,76.29,77.73,78.68,79.51,80.25,80.85,81.45,81.97,82.48,83.01,83.76,84.70,85.64,86.39,86.79,87.10,87.51,88.01,88.61,88.95,89.32,89.77,90.21,90.59,90.91,91.35,91.82,92.21,92.73,93.00,93.16,93.30,93.47,93.61,93.68,93.71,93.74,93.87,94.03,94.38,94.74,95.06,95.32,95.55,95.90,96.19,96.49,96.82,96.95,97.00,97.08,97.29,97.44,97.49,97.53,97.62,97.94,98.13,98.40,98.82,98.84,98.84,98.95,98.95,99.45,99.47,99.47,99.49,99.49,99.49,99.49,99.49,99.49,99.49,100.00
67.29
RUSMaxBag
0.47,23.14,30.41,34.23,37.10,39.16,40.89,42.49,43.91,45.37,46.98,48.22,49.16,49.85,50.77,51.71,52.64,53.42,54.19,54.80,55.38,55.90,56.29,56.74,57.20,58.14,59.38,61.36,63.77,66.60,69.95,73.30,76.35,79.10,81.35,82.99,84.37,85.54,86.50,87.40,88.32,89.03,89.68,90.22,90.62,91.07,91.50,91.95,92.41,92.93,93.46,93.98,94.45,94.83,95.18,95.48,95.74,96.02,96.19,96.43,96.63,96.78,97.01,97.18,97.32,97.47,97.57,97.63,97.65,97.69,97.73,97.80,97.90,98.09,98.23,98.42,98.61,98.77,98.93,99.01,99.09,99.12,99.15,99.18,99.19,99.20,99.22,99.27,99.32,99.39,99.54,99.57,99.60,99.69,99.69,99.69,99.72,99.72,99.72,99.72,100.00
55.38
SmoteMaxBag
0.06,20.34,25.64,28.36,30.29,31.96,33.54,35.15,36.27,37.22,38.27,39.22,40.03,40.71,41.30,41.97,42.65,43.94,46.29,50.30,55.88,61.20,65.94,69.94,72.81,74.79,76.37,77.72,78.86,79.92,81.07,82.39,83.71,84.68,85.43,86.03,86.49,86.93,87.37,87.83,88.30,88.87,89.58,90.27,90.84,91.24,91.55,91.99,92.34,92.74,93.10,93.41,93.77,94.05,94.24,94.52,94.88,95.18,95.43,95.58,95.67,95.74,95.81,95.85,95.87,95.88,95.96,96.13,96.35,96.55,96.77,97.01,97.21,97.52,97.80,97.98,98.05,98.11,98.22,98.26,98.29,98.34,98.40,98.51,98.63,98.91,98.98,98.99,99.04,99.07,99.46,99.46,99.46,99.48,99.48,99.48,99.48,99.48,99.48,99.48,100.00
55.88
VoteBag
0.52,22.61,26.67,29.07,31.04,32.46,34.31,35.85,36.83,37.81,38.89,39.95,40.91,41.76,42.43,43.08,43.71,44.12,44.73,46.30,49.43,53.64,58.52,63.65,68.21,71.73,74.52,76.55,78.19,79.49,80.61,81.93,83.15,84.40,85.58,86.59,87.39,88.03,88.49,88.99,89.41,89.88,90.36,91.01,91.76,92.43,93.02,93.52,93.93,94.35,94.76,95.17,95.53,95.82,96.03,96.26,96.47,96.69,96.94,97.25,97.41,97.56,97.66,97.68,97.69,97.70,97.71,97.73,97.77,97.83,97.94,98.02,98.19,98.37,98.57,98.72,98.82,98.87,98.89,98.90,98.90,98.91,98.91,98.95,98.97,99.07,99.12,99.12,99.18,99.20,99.48,99.48,99.48,99.56,99.56,99.56,99.56,99.56,99.56,99.56,100.00
49.43
ROSVoteBag
0.53,25.84,32.22,36.94,38.83,41.03,42.94,44.65,45.80,47.53,49.13,50.64,51.52,52.30,53.44,54.40,55.36,56.32,57.09,57.62,58.30,58.87,59.23,59.45,59.80,60.18,60.89,62.49,64.67,67.80,71.38,74.76,78.13,81.06,83.30,84.93,86.32,87.41,88.31,89.24,90.24,90.94,91.56,92.06,92.47,92.79,93.12,93.47,93.87,94.36,94.89,95.36,95.69,96.12,96.50,96.73,97.12,97.32,97.59,97.80,97.88,98.07,98.20,98.31,98.45,98.52,98.62,98.66,98.68,98.68,98.68,98.69,98.70,98.73,98.78,98.84,98.96,99.08,99.16,99.21,99.24,99.28,99.28,99.28,99.29,99.32,99.35,99.40,99.41,99.48,99.59,99.59,99.59,99.71,99.71,99.71,99.71,99.71,99.71,99.71,100.00
58.3
RUSVoteBag
0.53,27.79,36.93,42.39,44.79,48.81,51.40,53.07,55.11,56.55,58.45,59.38,61.06,62.14,63.73,65.15,66.57,67.40,68.03,68.46,69.12,70.13,70.79,71.62,72.47,73.31,74.15,74.80,75.35,75.88,76.38,76.86,77.19,77.66,77.95,78.04,78.23,78.69,79.33,79.75,80.49,82.30,85.32,88.32,90.43,91.82,92.85,93.65,94.44,95.02,95.66,96.31,96.69,96.83,96.89,96.99,97.09,97.20,97.54,98.07,98.62,98.78,98.88,99.04,99.21,99.40,99.57,99.69,99.71,99.73,99.82,99.91,99.92,99.92,99.92,99.92,99.92,99.93,99.93,99.94,99.94,99.95,99.96,99.96,99.96,99.96,99.96,99.96,99.96,99.96,99.96,99.96,99.96,99.96,99.96,99.96,99.96,99.96,99.96,99.96,100.00
69.12
SmoteVoteBag
0.16,24.49,30.94,34.86,37.18,39.13,40.64,41.96,43.70,45.31,46.78,47.63,48.38,49.42,50.35,51.27,52.17,52.90,53.53,54.18,54.79,55.26,55.66,56.24,57.21,58.72,61.49,66.39,70.72,74.65,78.12,80.66,82.36,83.63,84.91,85.97,86.76,87.81,89.02,89.96,90.76,91.30,91.72,92.06,92.42,92.85,93.18,93.53,94.12,94.72,95.20,95.46,95.90,96.32,96.76,97.09,97.36,97.62,97.79,97.87,98.05,98.14,98.24,98.32,98.37,98.39,98.41,98.42,98.42,98.44,98.46,98.51,98.57,98.65,98.74,98.90,99.12,99.23,99.26,99.31,99.34,99.35,99.35,99.36,99.39,99.39,99.40,99.40,99.41,99.41,99.54,99.54,99.54,99.57,99.57,99.57,99.57,99.57,99.57,99.57,100.00
54.79
