MaxBag
0.00,10.61,16.18,19.83,21.79,26.14,35.25,46.07,55.16,62.06,67.49,71.70,74.79,77.23,79.67,81.59,82.79,83.71,84.78,85.86,86.81,87.45,87.88,88.36,89.03,89.44,89.61,89.84,90.05,90.25,90.64,91.06,91.47,91.83,92.08,92.44,92.74,93.01,93.17,93.46,93.82,93.97,93.97,94.15,94.49,94.95,95.70,96.51,96.83,96.84,96.88,97.05,97.17,97.17,97.31,97.81,98.08,98.09,98.16,98.43,98.56,98.57,98.57,98.57,98.57,98.57,98.57,98.58,98.59,98.62,98.62,98.67,98.96,99.11,99.11,99.11,99.11,99.11,99.11,99.11,99.11,99.11,99.11,99.11,99.11,99.11,99.11,99.11,99.11,99.11,99.11,99.46,99.47,99.47,99.47,99.47,99.47,100.00,100.00,100.00,100.00
86.81
ROSMaxBag
0.00,9.85,15.75,19.89,22.42,23.89,27.21,36.89,47.75,57.35,64.28,70.42,74.66,77.52,79.94,82.18,84.03,85.10,86.06,87.05,88.04,88.98,89.52,89.92,90.38,91.05,91.35,91.46,91.75,91.92,92.05,92.38,92.69,93.01,93.37,93.59,93.89,94.13,94.21,94.26,94.56,94.81,94.90,94.92,95.19,95.55,95.98,96.76,97.30,97.44,97.49,97.55,97.67,97.72,97.74,98.18,98.57,98.71,98.77,98.88,99.00,99.03,99.05,99.05,99.05,99.05,99.05,99.05,99.05,99.05,99.05,99.06,99.12,99.17,99.17,99.17,99.17,99.17,99.17,99.17,99.17,99.17,99.17,99.17,99.17,99.17,99.17,99.17,99.17,99.17,99.17,99.49,99.58,99.58,99.58,99.58,99.58,100.00,100.00,100.00,100.00
88.04
RUSMaxBag
0.00,14.26,22.55,30.33,36.47,42.55,46.79,50.61,53.11,55.06,57.11,58.66,59.69,61.06,64.06,70.17,78.61,85.78,90.42,92.88,93.91,94.64,95.14,95.46,95.78,96.19,96.63,96.95,97.13,97.26,97.41,97.51,97.55,97.64,97.68,97.72,97.82,97.91,98.02,98.15,98.19,98.24,98.25,98.25,98.28,98.30,98.32,98.37,98.52,98.72,98.94,99.03,99.04,99.06,99.10,99.12,99.18,99.28,99.49,99.54,99.58,99.63,99.72,99.74,99.74,99.74,99.74,99.74,99.74,99.74,99.74,99.74,99.74,99.76,99.76,99.76,99.76,99.76,99.76,99.76,99.76,99.76,99.76,99.76,99.76,99.76,99.76,99.76,99.76,99.76,99.76,99.78,99.85,99.85,99.85,99.85,99.85,100.00,100.00,100.00,100.00
93.91
SmoteMaxBag
0.00,12.52,21.08,27.38,31.86,34.92,37.04,38.68,40.11,43.71,49.72,58.26,67.23,74.05,79.18,82.63,85.01,86.70,88.02,89.18,90.02,90.69,91.46,92.18,92.76,93.17,93.60,93.89,94.14,94.33,94.42,94.57,94.76,94.96,95.19,95.50,95.78,96.07,96.31,96.50,96.59,96.71,96.81,96.90,96.96,97.10,97.36,97.71,98.25,98.75,99.02,99.14,99.14,99.14,99.14,99.14,99.23,99.34,99.41,99.42,99.42,99.42,99.43,99.43,99.43,99.43,99.43,99.43,99.43,99.43,99.43,99.43,99.43,99.43,99.43,99.43,99.43,99.43,99.43,99.43,99.43,99.43,99.43,99.43,99.43,99.43,99.43,99.43,99.43,99.43,99.43,99.59,99.68,99.68,99.68,99.68,99.68,100.00,100.00,100.00,100.00
90.02
VoteBag
0.00,11.49,18.72,24.09,28.09,31.56,33.72,35.76,37.17,38.12,39.49,44.32,52.65,63.68,72.08,78.68,83.20,86.36,88.18,89.70,90.95,92.11,92.79,93.44,94.27,94.89,95.39,95.64,95.96,96.21,96.50,96.63,96.75,96.98,97.05,97.17,97.28,97.39,97.61,97.69,97.77,97.79,97.83,97.86,97.90,97.90,97.99,98.06,98.40,98.69,99.11,99.25,99.25,99.25,99.25,99.25,99.28,99.45,99.70,99.77,99.78,99.78,99.79,99.79,99.79,99.79,99.79,99.79,99.79,99.79,99.79,99.79,99.79,99.79,99.80,99.80,99.80,99.80,99.80,99.80,99.80,99.80,99.80,99.80,99.80,99.80,99.80,99.80,99.80,99.80,99.80,99.80,99.81,99.81,99.81,99.81,99.81,100.00,100.00,100.00,100.00
90.95
ROSVoteBag
0.00,15.72,23.55,31.23,37.28,42.04,46.08,49.21,51.15,53.17,54.84,56.04,56.88,57.52,58.94,66.47,76.37,83.88,89.23,92.34,93.22,93.93,94.79,95.36,95.61,96.17,96.85,97.37,97.61,97.72,97.90,98.14,98.15,98.21,98.36,98.38,98.38,98.40,98.42,98.45,98.46,98.60,98.62,98.62,98.62,98.62,98.62,98.64,98.83,99.01,99.28,99.75,99.75,99.75,99.75,99.75,99.75,99.75,99.88,99.95,99.95,99.95,99.96,99.97,99.97,99.97,99.97,99.97,99.97,99.97,99.97,99.97,99.97,99.97,99.97,99.97,99.97,99.97,99.97,99.97,99.97,99.97,99.97,99.97,99.97,99.97,99.97,99.97,99.97,99.97,99.97,99.97,99.98,99.98,99.98,99.98,99.98,100.00,100.00,100.00,100.00
93.22
RUSVoteBag
0.00,19.88,27.06,36.01,42.88,50.08,56.09,61.51,65.48,69.18,71.41,73.36,75.54,77.21,78.81,79.48,80.49,81.01,81.22,90.61,96.39,99.56,99.61,99.62,99.63,99.63,99.65,99.65,99.88,99.88,99.98,99.98,99.98,99.98,99.98,99.98,99.98,99.98,99.98,99.98,99.98,99.98,99.98,99.98,99.98,99.98,99.98,99.98,99.98,99.98,99.98,99.99,99.99,99.99,99.99,99.99,99.99,99.99,99.99,100.00,100.00,100.00,100.00,100.00,100.00,100.00,100.00,100.00,100.00,100.00,100.00,100.00,100.00,100.00,100.00,100.00,100.00,100.00,100.00,100.00,100.00,100.00,100.00,100.00,100.00,100.00,100.00,100.00,100.00,100.00,100.00,100.00,100.00,100.00,100.00,100.00,100.00,100.00,100.00,100.00,100.00
96.39
SmoteVoteBag
0.00,13.50,22.63,29.19,34.14,38.28,41.19,43.27,45.12,46.43,47.43,49.42,56.32,65.66,74.30,80.46,85.02,87.63,89.36,90.70,91.80,92.49,93.20,93.81,94.63,95.18,95.67,95.85,96.06,96.26,96.34,96.38,96.49,96.55,96.61,96.68,96.76,96.98,97.15,97.39,97.52,97.57,97.57,97.57,97.57,97.58,97.65,97.95,98.22,98.74,99.16,99.34,99.34,99.34,99.34,99.34,99.35,99.43,99.48,99.49,99.49,99.51,99.52,99.52,99.52,99.52,99.52,99.52,99.52,99.52,99.52,99.52,99.52,99.52,99.52,99.52,99.52,99.52,99.52,99.52,99.52,99.52,99.52,99.52,99.52,99.52,99.52,99.52,99.52,99.52,99.52,99.58,99.91,99.91,99.91,99.91,99.91,100.00,100.00,100.00,100.00
91.8
