MaxBag
0.43,12.27,15.43,17.32,18.37,20.63,25.74,32.43,38.97,44.72,49.76,54.00,57.53,60.79,63.56,65.70,67.22,68.23,69.27,70.46,71.43,72.17,73.09,74.20,75.39,76.70,77.88,79.03,80.22,81.26,82.14,83.25,84.45,85.73,87.08,88.45,89.53,90.26,90.95,91.57,92.32,93.04,93.65,94.23,94.74,95.05,95.21,95.28,95.44,95.68,95.89,96.06,96.25,96.35,96.40,96.52,96.66,96.91,97.08,97.39,97.50,97.58,97.85,97.99,98.07,98.37,98.48,98.50,98.54,98.86,98.97,99.02,99.04,99.49,99.50,99.50,99.51,99.99,99.99,99.99,100.00,100.00,100.00,100.00,100.00,100.00,100.00,100.00,100.00,100.00,100.00,100.00,100.00,100.00,100.00,100.00,100.00,100.00,100.00,100.00,100.00
71.43
ROSMaxBag
0.45,15.54,19.69,22.38,24.01,25.35,27.59,32.86,39.26,45.53,50.77,55.36,58.87,62.18,64.99,67.37,69.29,70.43,71.21,72.12,73.00,73.67,74.36,75.32,76.37,77.59,78.79,79.87,80.99,82.17,83.03,83.97,85.12,86.37,87.73,89.06,90.17,90.87,91.44,91.96,92.63,93.39,93.93,94.54,95.01,95.36,95.48,95.50,95.58,95.84,96.01,96.12,96.28,96.35,96.38,96.49,96.63,96.85,97.04,97.43,97.54,97.56,97.84,98.01,98.05,98.42,98.52,98.53,98.55,98.92,99.02,99.04,99.05,99.49,99.50,99.50,99.50,100.00,100.00,100.00,100.00,100.00,100.00,100.00,100.00,100.00,100.00,100.00,100.00,100.00,100.00,100.00,100.00,100.00,100.00,100.00,100.00,100.00,100.00,100.00,100.00
73.0
RUSMaxBag
0.50,18.14,25.84,30.83,33.89,36.68,38.96,40.69,42.80,44.54,45.86,46.86,47.50,48.00,48.33,48.65,49.21,50.30,51.68,54.04,56.83,60.02,63.68,66.86,70.10,72.74,75.07,76.77,78.17,79.35,80.20,81.12,81.94,82.61,83.49,84.33,85.15,86.04,86.98,87.96,88.94,89.93,90.97,91.89,92.72,93.39,94.05,94.61,95.15,95.54,95.92,96.24,96.48,96.69,96.84,96.96,97.08,97.15,97.24,97.34,97.43,97.53,97.62,97.79,97.95,98.09,98.28,98.42,98.50,98.66,98.86,98.91,99.06,99.27,99.38,99.46,99.51,99.80,99.81,99.88,99.95,99.96,99.99,99.99,99.99,99.99,100.00,100.00,100.00,100.00,100.00,100.00,100.00,100.00,100.00,100.00,100.00,100.00,100.00,100.00,100.00
56.83
SmoteMaxBag
0.50,18.91,27.05,31.18,34.33,36.83,38.77,40.97,42.58,43.66,44.48,45.07,45.57,46.33,47.64,50.26,53.36,57.54,61.50,65.25,68.61,71.41,73.82,75.74,77.33,78.50,79.27,79.97,80.61,81.26,81.94,82.66,83.49,84.41,85.42,86.31,87.24,88.21,89.31,90.41,91.50,92.40,93.19,93.83,94.43,95.02,95.57,96.03,96.44,96.69,96.85,96.96,97.07,97.23,97.34,97.45,97.52,97.59,97.64,97.73,97.85,98.02,98.17,98.34,98.50,98.62,98.79,98.85,98.94,99.04,99.21,99.23,99.41,99.56,99.62,99.63,99.65,99.98,99.98,99.99,100.00,100.00,100.00,100.00,100.00,100.00,100.00,100.00,100.00,100.00,100.00,100.00,100.00,100.00,100.00,100.00,100.00,100.00,100.00,100.00,100.00
68.61
VoteBag
0.50,20.21,29.38,33.39,36.88,39.10,41.57,43.68,45.29,46.45,47.38,48.03,48.42,48.69,49.26,51.24,54.97,59.87,64.14,67.74,70.61,73.12,75.55,77.49,79.00,79.92,80.58,81.21,81.82,82.33,82.91,83.64,84.43,85.34,86.28,87.26,88.15,89.00,89.99,91.12,92.30,93.36,93.98,94.44,94.89,95.37,95.86,96.30,96.73,96.96,97.04,97.11,97.23,97.40,97.52,97.56,97.59,97.61,97.61,97.63,97.68,97.76,97.83,97.90,98.10,98.31,98.53,98.60,98.73,98.82,99.04,99.05,99.21,99.49,99.55,99.56,99.56,100.00,100.00,100.00,100.00,100.00,100.00,100.00,100.00,100.00,100.00,100.00,100.00,100.00,100.00,100.00,100.00,100.00,100.00,100.00,100.00,100.00,100.00,100.00,100.00
70.61
ROSVoteBag
0.50,21.15,30.27,37.45,40.98,44.00,47.34,49.33,50.98,53.35,55.40,56.99,58.52,59.62,60.34,61.06,61.50,61.82,62.05,62.26,62.73,63.95,65.89,68.87,72.08,75.26,77.93,80.27,82.12,83.75,84.95,85.74,86.34,86.76,87.11,87.59,87.97,88.54,89.17,89.87,90.71,91.58,92.56,93.55,94.51,95.28,95.83,96.28,96.62,96.90,97.21,97.43,97.61,97.71,97.80,97.92,98.01,98.08,98.14,98.14,98.15,98.16,98.19,98.26,98.30,98.44,98.59,98.70,98.85,98.99,99.10,99.13,99.31,99.53,99.61,99.63,99.63,100.00,100.00,100.00,100.00,100.00,100.00,100.00,100.00,100.00,100.00,100.00,100.00,100.00,100.00,100.00,100.00,100.00,100.00,100.00,100.00,100.00,100.00,100.00,100.00
62.73
RUSVoteBag
0.50,21.88,31.25,39.31,44.53,47.92,50.42,53.74,55.68,57.22,59.06,61.16,63.07,64.57,65.90,67.33,68.23,68.96,69.68,70.22,70.59,70.90,71.10,71.29,71.50,71.78,72.13,72.98,73.99,76.08,78.44,80.79,82.76,84.47,86.08,87.48,88.56,89.30,89.77,90.12,90.46,90.90,91.23,91.75,92.34,93.10,93.95,94.89,95.75,96.62,97.22,97.61,97.90,98.19,98.42,98.54,98.62,98.67,98.71,98.79,98.84,98.86,98.86,98.87,98.87,98.87,98.90,98.96,99.00,99.16,99.38,99.49,99.55,99.61,99.84,99.90,99.90,99.98,99.99,100.00,100.00,100.00,100.00,100.00,100.00,100.00,100.00,100.00,100.00,100.00,100.00,100.00,100.00,100.00,100.00,100.00,100.00,100.00,100.00,100.00,100.00
70.59
SmoteVoteBag
0.50,21.21,30.74,36.56,40.37,43.77,46.17,47.94,50.34,52.60,53.99,55.29,56.23,57.07,57.54,57.89,58.21,58.51,58.86,59.34,60.48,63.14,66.89,70.95,74.33,76.94,79.19,81.26,83.01,84.27,84.99,85.38,85.65,86.02,86.43,86.88,87.41,88.02,88.83,89.72,90.49,91.40,92.38,93.43,94.45,95.21,95.81,96.24,96.75,97.26,97.61,97.96,98.08,98.16,98.19,98.29,98.49,98.59,98.64,98.67,98.68,98.69,98.70,98.79,98.85,98.90,99.10,99.28,99.31,99.43,99.45,99.45,99.56,99.87,99.92,99.92,99.92,100.00,100.00,100.00,100.00,100.00,100.00,100.00,100.00,100.00,100.00,100.00,100.00,100.00,100.00,100.00,100.00,100.00,100.00,100.00,100.00,100.00,100.00,100.00,100.00
60.48
