MaxBag
0.00,19.51,25.79,29.53,32.16,34.08,35.41,36.38,37.25,37.92,38.46,38.90,39.52,40.50,42.12,44.32,46.67,49.36,52.52,55.53,58.64,61.39,63.93,66.15,68.31,70.27,72.17,73.79,75.34,76.68,77.96,79.08,80.11,81.05,81.86,82.58,83.28,83.97,84.60,85.18,85.77,86.37,87.02,87.64,88.30,88.84,89.36,89.89,90.47,90.97,91.38,91.72,92.08,92.47,92.84,93.08,93.33,93.60,93.90,94.16,94.38,94.62,94.90,95.17,95.42,95.69,95.98,96.26,96.56,96.82,97.04,97.28,97.53,97.73,97.98,98.24,98.48,98.63,98.79,98.95,99.04,99.08,99.12,99.15,99.25,99.36,99.38,99.43,99.59,99.61,99.67,99.69,99.69,99.81,99.82,99.82,99.82,100.00,100.00,100.00,100.00
58.64
ROSMaxBag
0.00,20.81,27.02,30.84,33.50,35.59,37.08,38.18,39.09,39.89,40.49,41.02,41.43,41.72,42.09,42.82,44.04,45.69,47.68,50.10,52.80,55.84,58.89,61.76,64.31,66.70,68.89,71.00,72.92,74.70,76.28,77.70,79.02,80.19,81.32,82.26,83.09,83.85,84.48,85.15,85.74,86.34,86.88,87.43,87.99,88.58,89.12,89.63,90.16,90.66,91.16,91.63,92.06,92.43,92.80,93.13,93.48,93.79,94.05,94.29,94.52,94.82,95.05,95.29,95.51,95.75,95.98,96.25,96.46,96.73,96.97,97.24,97.46,97.70,97.93,98.15,98.36,98.56,98.71,98.86,99.00,99.09,99.15,99.21,99.28,99.35,99.38,99.43,99.55,99.58,99.66,99.70,99.72,99.81,99.84,99.84,99.84,100.00,100.00,100.00,100.00
52.8
RUSMaxBag
0.00,18.31,25.96,31.85,36.00,40.76,43.90,46.56,48.98,51.24,52.95,54.53,55.98,57.52,59.05,60.01,60.83,61.53,62.22,62.87,63.52,64.18,64.80,65.38,65.88,66.40,66.88,67.38,67.85,68.25,68.55,68.73,68.85,68.91,68.94,68.97,69.02,69.09,69.16,69.25,69.37,69.50,69.70,69.99,70.48,71.32,72.66,74.18,76.14,78.31,80.56,82.70,84.58,86.26,87.71,88.86,89.88,90.69,91.36,91.99,92.52,93.00,93.39,93.77,94.10,94.43,94.72,95.01,95.31,95.58,95.90,96.20,96.49,96.74,97.01,97.25,97.47,97.63,97.81,97.99,98.16,98.34,98.51,98.68,98.85,99.04,99.18,99.33,99.47,99.56,99.65,99.72,99.77,99.82,99.88,99.90,99.90,100.00,100.00,100.00,100.00
63.52
SmoteMaxBag
0.00,20.21,27.77,32.97,36.69,39.73,42.40,44.37,46.21,48.11,49.63,50.85,51.72,52.56,53.44,54.27,54.96,55.55,56.13,56.68,57.20,57.60,57.87,57.96,57.97,57.99,58.05,58.14,58.19,58.33,58.50,58.68,59.11,59.89,61.03,62.71,64.86,67.07,69.68,72.75,75.29,77.54,79.64,81.47,83.05,84.53,85.79,86.81,87.80,88.72,89.55,90.21,90.81,91.27,91.68,92.13,92.55,92.91,93.28,93.68,94.05,94.42,94.82,95.10,95.45,95.78,96.01,96.22,96.49,96.74,96.95,97.14,97.30,97.53,97.73,97.88,98.00,98.17,98.33,98.49,98.65,98.81,99.01,99.14,99.26,99.41,99.49,99.54,99.61,99.65,99.73,99.76,99.77,99.80,99.88,99.89,99.89,100.00,100.00,100.00,100.00
57.2
VoteBag
0.00,21.46,28.09,32.91,36.45,39.04,41.02,42.98,44.60,45.75,46.65,47.55,48.40,49.09,49.66,50.20,50.73,51.22,51.60,51.79,51.87,51.88,51.90,51.98,52.19,52.54,52.96,53.60,54.45,55.68,57.23,59.31,61.75,64.46,67.29,69.93,72.44,74.76,76.77,78.60,80.19,81.62,82.88,84.04,85.17,86.15,86.99,87.74,88.39,88.91,89.42,89.88,90.34,90.74,91.14,91.57,91.98,92.45,92.88,93.28,93.68,94.08,94.42,94.77,95.14,95.44,95.72,95.96,96.19,96.41,96.66,96.87,97.06,97.25,97.47,97.64,97.82,98.01,98.18,98.39,98.59,98.77,98.95,99.11,99.21,99.32,99.41,99.47,99.55,99.58,99.63,99.67,99.69,99.75,99.84,99.86,99.86,99.99,99.99,100.00,100.00
51.87
ROSVoteBag
0.00,21.07,28.53,34.01,39.35,42.80,45.88,48.50,50.49,52.20,53.94,55.87,57.29,58.40,59.29,60.14,60.97,61.81,62.58,63.18,63.68,64.21,64.69,65.20,65.72,66.13,66.37,66.50,66.53,66.54,66.59,66.68,66.75,66.84,66.89,66.93,66.94,66.99,67.10,67.36,67.82,68.61,70.40,72.95,75.72,78.49,80.93,83.18,85.14,86.76,88.05,89.05,89.99,90.85,91.62,92.28,92.76,93.19,93.58,93.94,94.26,94.58,94.87,95.11,95.40,95.64,95.92,96.29,96.54,96.78,97.02,97.29,97.53,97.69,97.84,98.04,98.21,98.36,98.48,98.62,98.73,98.82,98.89,98.98,99.12,99.33,99.55,99.68,99.75,99.78,99.80,99.82,99.84,99.84,99.86,99.87,99.87,100.00,100.00,100.00,100.00
63.68
RUSVoteBag
0.00,19.06,25.40,31.25,36.08,39.95,43.97,47.68,50.46,52.66,54.90,57.11,58.84,60.21,61.80,63.23,64.44,65.99,67.62,68.63,69.50,70.31,70.79,71.41,72.01,72.61,73.17,73.81,74.49,75.06,75.61,76.19,76.63,77.10,77.56,78.00,78.48,78.99,79.44,79.77,79.99,80.11,80.21,80.25,80.26,80.27,80.30,80.37,80.48,80.58,80.66,80.74,80.80,80.81,80.82,80.84,80.90,80.97,81.02,81.51,83.35,86.48,89.57,92.11,94.18,95.62,96.40,96.77,97.03,97.32,97.53,97.65,97.80,97.92,98.09,98.24,98.33,98.39,98.51,98.59,98.68,98.88,99.01,99.17,99.38,99.45,99.54,99.64,99.66,99.67,99.79,99.96,99.99,99.99,99.99,100.00,100.00,100.00,100.00,100.00,100.00
69.5
SmoteVoteBag
0.00,19.85,27.14,32.21,36.75,40.01,42.73,45.30,47.20,48.95,50.78,52.68,54.15,55.31,56.14,56.99,57.82,58.71,59.51,60.12,60.70,61.24,61.74,62.28,62.78,63.19,63.45,63.53,63.54,63.56,63.64,63.72,63.79,63.87,63.91,63.98,64.03,64.16,64.65,66.49,69.72,73.06,76.01,78.75,81.40,83.74,85.73,87.14,88.10,89.13,90.30,91.32,92.08,92.67,93.10,93.58,93.99,94.29,94.63,94.92,95.15,95.42,95.74,95.97,96.31,96.52,96.67,96.96,97.23,97.50,97.62,97.78,98.04,98.32,98.41,98.55,98.77,98.91,98.99,99.03,99.09,99.20,99.38,99.51,99.65,99.67,99.71,99.73,99.78,99.79,99.80,99.80,99.80,99.81,99.97,99.97,99.97,100.00,100.00,100.00,100.00
60.7
