MaxBag
0.13,23.22,30.84,35.45,38.69,41.51,44.00,46.15,48.18,50.03,51.76,53.31,54.76,56.09,57.34,58.54,59.67,60.69,61.61,62.47,63.29,64.00,64.66,65.20,65.63,65.95,66.26,67.09,69.09,72.28,75.57,78.10,80.05,81.53,82.69,83.65,84.44,85.18,85.92,86.65,87.35,88.03,88.72,89.48,90.16,90.67,91.11,91.50,91.84,92.11,92.43,92.77,93.10,93.42,93.72,94.06,94.39,94.71,95.01,95.29,95.51,95.80,96.07,96.26,96.40,96.56,96.74,96.94,97.18,97.42,97.52,97.60,97.73,97.90,98.01,98.10,98.14,98.23,98.32,98.45,98.60,98.69,98.81,98.94,99.09,99.17,99.22,99.29,99.38,99.48,99.57,99.64,99.69,99.74,99.78,99.78,99.81,99.87,99.92,100.00,100.00
63.29
ROSMaxBag
0.13,24.01,31.99,36.79,40.24,43.11,45.72,48.05,50.10,52.03,53.81,55.47,56.95,58.35,59.65,60.89,62.07,63.22,64.21,65.12,65.98,66.80,67.54,68.21,68.79,69.27,69.64,69.95,70.33,71.20,72.77,75.31,78.28,80.61,82.42,83.85,84.97,85.83,86.59,87.27,87.91,88.60,89.18,89.80,90.41,91.00,91.60,92.01,92.38,92.73,93.02,93.30,93.60,93.92,94.23,94.52,94.81,95.12,95.41,95.71,95.97,96.20,96.40,96.61,96.79,96.91,97.05,97.17,97.35,97.57,97.74,97.86,97.94,98.05,98.18,98.27,98.35,98.40,98.47,98.57,98.69,98.82,98.92,99.03,99.15,99.26,99.31,99.37,99.44,99.52,99.60,99.66,99.71,99.76,99.80,99.81,99.83,99.88,99.92,100.00,100.00
65.98
RUSMaxBag
0.13,26.75,35.96,41.66,45.87,49.21,52.04,54.71,57.10,59.25,61.26,63.16,64.94,66.61,68.10,69.56,70.92,72.20,73.45,74.64,75.79,76.90,77.88,78.80,79.58,80.41,81.15,81.84,82.46,83.04,83.56,84.02,84.40,84.73,85.00,85.22,85.44,85.75,86.46,87.84,89.37,90.63,91.62,92.41,93.01,93.48,93.89,94.26,94.61,94.93,95.24,95.56,95.85,96.08,96.30,96.50,96.72,96.91,97.10,97.28,97.41,97.57,97.72,97.86,97.99,98.11,98.23,98.37,98.45,98.50,98.54,98.64,98.77,98.92,99.03,99.08,99.13,99.22,99.29,99.31,99.33,99.35,99.41,99.50,99.58,99.62,99.66,99.73,99.75,99.77,99.80,99.82,99.85,99.87,99.90,99.91,99.92,99.93,99.94,100.00,100.00
75.79
SmoteMaxBag
0.13,26.64,35.82,41.58,45.67,49.02,51.84,54.53,56.92,59.06,61.11,63.03,64.81,66.48,67.92,69.34,70.70,71.99,73.23,74.40,75.56,76.66,77.62,78.55,79.32,80.14,80.87,81.57,82.19,82.75,83.25,83.70,84.06,84.37,84.62,84.83,85.17,85.77,86.82,88.26,89.67,90.87,91.74,92.46,93.02,93.49,93.89,94.23,94.57,94.86,95.15,95.40,95.66,95.90,96.11,96.30,96.52,96.73,96.93,97.13,97.28,97.43,97.57,97.71,97.84,97.97,98.10,98.21,98.28,98.32,98.40,98.52,98.66,98.79,98.87,98.94,99.03,99.10,99.16,99.20,99.23,99.26,99.33,99.41,99.48,99.54,99.60,99.64,99.67,99.71,99.74,99.79,99.83,99.87,99.89,99.91,99.91,99.93,99.96,100.00,100.00
75.56
VoteBag
0.13,26.32,35.88,41.62,45.77,49.20,52.09,54.77,57.20,59.46,61.24,63.21,64.98,66.68,68.22,69.65,71.06,72.36,73.59,74.81,75.97,77.06,78.12,79.06,79.94,80.69,81.49,82.20,82.90,83.51,84.08,84.59,85.03,85.43,85.74,86.00,86.21,86.40,86.87,88.09,89.47,90.82,91.82,92.62,93.33,93.87,94.23,94.54,94.80,95.05,95.31,95.60,95.90,96.16,96.40,96.59,96.75,96.98,97.21,97.41,97.53,97.62,97.72,97.88,98.07,98.20,98.31,98.44,98.52,98.54,98.57,98.65,98.80,98.92,98.99,99.02,99.09,99.15,99.20,99.22,99.24,99.27,99.34,99.43,99.47,99.51,99.57,99.61,99.64,99.67,99.69,99.71,99.74,99.77,99.83,99.86,99.86,99.87,99.87,99.99,100.00
75.97
ROSVoteBag
0.13,26.80,36.80,43.04,47.41,50.83,53.84,56.60,59.16,61.46,63.47,65.36,67.29,68.97,70.59,72.13,73.50,74.91,76.18,77.37,78.57,79.74,80.88,81.93,82.94,83.88,84.69,85.41,86.20,86.88,87.54,88.10,88.69,89.19,89.68,90.10,90.46,90.75,90.98,91.20,91.36,91.52,91.98,92.87,93.74,94.47,95.08,95.61,96.04,96.33,96.59,96.75,96.90,97.06,97.23,97.41,97.57,97.73,97.87,98.03,98.22,98.41,98.52,98.59,98.63,98.73,98.84,98.93,99.00,99.05,99.10,99.12,99.14,99.20,99.29,99.39,99.44,99.47,99.51,99.56,99.59,99.60,99.61,99.64,99.68,99.73,99.76,99.79,99.81,99.82,99.83,99.84,99.84,99.85,99.88,99.90,99.90,99.91,99.91,100.00,100.00
78.57
RUSVoteBag
0.13,26.09,36.35,42.67,47.02,50.32,53.54,56.21,58.70,60.96,63.19,64.92,66.81,68.47,70.15,71.68,73.06,74.43,75.74,76.94,78.11,79.25,80.39,81.47,82.53,83.46,84.41,85.16,85.91,86.66,87.35,87.93,88.45,89.01,89.50,89.96,90.37,90.73,90.99,91.21,91.41,91.57,91.75,92.14,92.85,93.73,94.44,95.02,95.48,95.88,96.17,96.37,96.52,96.71,96.92,97.11,97.32,97.47,97.61,97.75,97.93,98.12,98.29,98.42,98.49,98.56,98.65,98.76,98.84,98.90,98.95,98.98,99.00,99.04,99.12,99.21,99.28,99.32,99.36,99.42,99.47,99.48,99.49,99.51,99.55,99.61,99.64,99.67,99.71,99.73,99.74,99.75,99.77,99.78,99.81,99.85,99.87,99.87,99.88,99.98,100.00
78.11
SmoteVoteBag
0.13,26.63,36.53,42.71,47.02,50.41,53.36,56.13,58.63,60.92,62.94,64.91,66.79,68.52,70.11,71.55,72.88,74.25,75.50,76.70,77.87,79.02,80.13,81.21,82.13,83.05,83.79,84.59,85.31,86.00,86.58,87.16,87.66,88.14,88.57,88.94,89.24,89.47,89.68,89.85,89.98,90.34,91.20,92.13,92.93,93.65,94.24,94.77,95.18,95.46,95.70,95.92,96.16,96.37,96.61,96.80,96.98,97.14,97.29,97.49,97.72,97.90,98.01,98.09,98.16,98.32,98.45,98.56,98.66,98.75,98.80,98.83,98.87,98.95,99.05,99.13,99.17,99.22,99.29,99.33,99.36,99.37,99.38,99.41,99.48,99.53,99.57,99.64,99.67,99.70,99.72,99.73,99.75,99.77,99.81,99.85,99.87,99.87,99.88,99.98,100.00
77.87
