MaxBag
0.13,22.61,27.89,30.50,32.38,33.46,34.13,34.69,35.11,35.65,38.52,45.18,53.37,60.90,66.04,69.41,72.00,74.42,76.69,78.76,80.49,81.91,83.07,84.04,85.01,85.86,86.55,87.35,88.17,89.05,89.85,90.55,91.15,91.65,92.07,92.45,92.72,92.94,93.14,93.39,93.70,94.00,94.26,94.45,94.61,94.83,95.11,95.39,95.62,95.85,96.07,96.27,96.41,96.54,96.69,96.86,97.04,97.19,97.31,97.42,97.54,97.68,97.80,97.95,98.05,98.15,98.31,98.50,98.70,98.83,98.91,98.94,99.01,99.13,99.24,99.29,99.34,99.42,99.52,99.61,99.63,99.63,99.63,99.68,99.75,99.78,99.85,99.92,100.00,100.00,100.00,100.00,100.00,100.00,100.00,100.00,100.00,100.00,100.00,100.00,100.00
80.49
ROSMaxBag
0.21,30.67,38.70,43.54,46.59,48.79,50.68,51.97,52.85,53.53,54.10,54.66,55.11,55.41,55.79,56.62,59.39,63.44,69.51,74.65,78.03,80.23,82.00,83.76,85.33,86.69,87.73,88.63,89.36,90.00,90.58,91.15,91.67,92.31,92.96,93.53,94.00,94.34,94.65,94.89,95.09,95.23,95.39,95.59,95.81,96.01,96.19,96.34,96.47,96.65,96.86,97.07,97.22,97.35,97.50,97.60,97.70,97.80,97.94,98.07,98.19,98.28,98.37,98.46,98.56,98.66,98.74,98.81,98.93,99.09,99.24,99.34,99.38,99.42,99.48,99.55,99.60,99.63,99.68,99.73,99.81,99.81,99.81,99.81,99.84,99.86,99.89,99.96,100.00,100.00,100.00,100.00,100.00,100.00,100.00,100.00,100.00,100.00,100.00,100.00,100.00
78.03
RUSMaxBag
0.30,38.35,49.55,56.93,62.17,65.72,68.56,70.83,72.89,74.64,75.99,77.05,77.92,78.71,79.32,79.79,80.35,80.88,81.37,81.79,82.11,82.40,82.67,82.88,83.17,83.86,86.20,89.16,91.26,92.39,93.18,93.96,94.64,95.28,95.84,96.20,96.45,96.73,96.95,97.13,97.35,97.72,97.99,98.15,98.24,98.35,98.47,98.52,98.61,98.71,98.80,98.87,98.91,98.93,98.99,99.08,99.15,99.19,99.23,99.26,99.29,99.32,99.36,99.41,99.52,99.56,99.58,99.61,99.66,99.69,99.70,99.75,99.82,99.86,99.87,99.87,99.90,99.91,99.91,99.93,99.96,99.97,99.97,99.97,99.97,99.98,99.98,99.99,100.00,100.00,100.00,100.00,100.00,100.00,100.00,100.00,100.00,100.00,100.00,100.00,100.00
82.11
SmoteMaxBag
0.30,38.20,49.10,56.08,61.21,64.72,67.54,69.69,71.84,73.48,74.74,75.72,76.55,77.32,77.80,78.37,78.94,79.43,79.84,80.15,80.45,80.70,80.92,81.30,82.31,85.28,88.66,90.64,91.72,92.64,93.54,94.33,94.93,95.53,95.90,96.14,96.45,96.72,96.91,97.15,97.51,97.78,97.94,98.03,98.10,98.19,98.23,98.31,98.44,98.54,98.64,98.71,98.75,98.81,98.93,99.00,99.04,99.09,99.12,99.14,99.17,99.20,99.27,99.37,99.45,99.48,99.50,99.56,99.65,99.68,99.70,99.76,99.83,99.86,99.87,99.88,99.90,99.91,99.92,99.94,99.97,99.97,99.97,99.97,99.97,99.98,99.98,100.00,100.00,100.00,100.00,100.00,100.00,100.00,100.00,100.00,100.00,100.00,100.00,100.00,100.00
80.45
VoteBag
0.30,34.93,44.94,51.22,55.45,58.43,60.67,62.69,64.39,65.70,66.66,67.44,68.06,68.59,69.11,69.65,70.11,70.45,70.74,71.01,71.29,71.76,73.21,76.17,80.82,84.42,86.40,87.78,89.00,90.22,91.29,92.10,92.79,93.26,93.74,94.20,94.54,94.90,95.38,95.94,96.36,96.63,96.83,96.94,97.05,97.14,97.23,97.45,97.61,97.75,97.87,97.94,98.04,98.19,98.39,98.49,98.57,98.65,98.72,98.77,98.84,98.97,99.10,99.20,99.24,99.27,99.33,99.38,99.42,99.45,99.50,99.61,99.71,99.75,99.76,99.78,99.82,99.83,99.85,99.89,99.95,99.95,99.95,99.95,99.96,99.97,99.97,100.00,100.00,100.00,100.00,100.00,100.00,100.00,100.00,100.00,100.00,100.00,100.00,100.00,100.00
71.29
ROSVoteBag
0.31,38.12,50.06,57.79,63.22,67.15,70.18,72.65,74.51,76.53,78.03,79.33,80.38,81.22,81.97,82.56,83.01,83.50,83.99,84.50,84.96,85.29,85.56,85.85,86.11,86.32,86.60,87.05,88.45,90.75,92.85,93.94,94.61,95.33,95.93,96.46,96.96,97.30,97.49,97.68,97.81,97.92,98.16,98.44,98.63,98.74,98.79,98.85,98.90,98.94,99.05,99.14,99.20,99.27,99.31,99.35,99.40,99.45,99.49,99.52,99.54,99.55,99.57,99.60,99.66,99.74,99.78,99.80,99.81,99.83,99.84,99.85,99.88,99.91,99.92,99.93,99.95,99.96,99.96,99.97,99.99,100.00,100.00,100.00,100.00,100.00,100.00,100.00,100.00,100.00,100.00,100.00,100.00,100.00,100.00,100.00,100.00,100.00,100.00,100.00,100.00
84.96
RUSVoteBag
0.32,35.85,47.65,55.04,60.56,64.65,67.56,70.00,72.05,73.71,75.40,76.62,77.78,78.68,79.47,80.14,80.75,81.17,81.64,82.05,82.41,82.82,83.27,83.69,84.05,84.27,84.50,84.77,85.01,85.23,85.45,85.89,87.20,89.57,91.76,93.07,93.94,94.64,95.27,95.85,96.35,96.68,96.97,97.19,97.37,97.65,98.03,98.36,98.60,98.72,98.79,98.81,98.86,98.98,99.09,99.17,99.23,99.26,99.33,99.40,99.47,99.51,99.53,99.56,99.60,99.68,99.77,99.81,99.83,99.85,99.87,99.88,99.88,99.91,99.93,99.94,99.94,99.95,99.95,99.96,99.98,99.99,99.99,99.99,99.99,99.99,99.99,100.00,100.00,100.00,100.00,100.00,100.00,100.00,100.00,100.00,100.00,100.00,100.00,100.00,100.00
82.41
SmoteVoteBag
0.28,37.08,48.09,55.33,60.40,63.75,66.42,68.58,70.59,72.28,73.61,74.65,75.52,76.29,76.88,77.42,77.92,78.44,78.92,79.27,79.54,79.82,80.08,80.33,80.54,80.92,82.70,85.96,88.95,90.54,91.53,92.52,93.48,94.22,94.89,95.38,95.65,95.98,96.29,96.48,96.79,97.23,97.63,97.90,98.12,98.21,98.29,98.33,98.40,98.56,98.72,98.82,98.91,98.94,98.97,99.05,99.15,99.21,99.25,99.30,99.32,99.35,99.40,99.52,99.62,99.70,99.72,99.73,99.78,99.83,99.84,99.85,99.87,99.90,99.91,99.92,99.93,99.94,99.94,99.97,99.99,99.99,99.99,99.99,99.99,100.00,100.00,100.00,100.00,100.00,100.00,100.00,100.00,100.00,100.00,100.00,100.00,100.00,100.00,100.00,100.00
79.54
