MaxBag
0.00,10.09,15.71,18.46,20.42,22.06,23.42,24.68,25.77,26.77,27.58,28.36,29.13,30.13,31.28,33.28,35.38,38.34,42.07,45.55,49.56,52.90,56.28,59.28,62.43,64.96,67.40,69.70,71.42,73.02,74.22,75.28,76.19,76.99,77.66,78.19,78.74,79.22,79.58,80.01,80.41,80.89,81.50,82.11,82.70,83.34,83.88,84.61,85.20,85.74,86.50,87.11,87.50,87.99,88.39,88.82,89.26,89.72,90.18,90.62,91.06,91.44,91.89,92.22,92.53,92.69,92.90,93.07,93.20,93.26,93.37,93.50,93.66,93.80,93.98,94.21,94.47,94.72,95.07,95.34,95.77,96.21,96.63,96.98,97.45,97.72,98.09,98.28,98.59,98.63,98.81,98.83,98.87,98.92,99.31,99.31,99.31,99.34,99.47,99.47,100.00
49.56
ROSMaxBag
0.00,10.91,17.20,20.63,23.18,25.26,27.12,28.61,30.06,31.33,32.55,33.75,34.83,35.81,36.64,37.36,38.07,38.85,39.57,40.23,40.91,41.58,42.21,43.45,45.91,49.74,54.36,58.99,63.50,67.49,70.71,73.77,76.26,78.45,80.48,82.12,83.47,84.55,85.41,86.09,86.61,87.01,87.39,87.70,88.08,88.35,88.56,88.80,89.08,89.35,90.03,90.58,91.10,91.53,91.93,92.39,92.99,93.42,93.79,94.01,94.18,94.39,94.64,94.92,95.15,95.33,95.44,95.49,95.53,95.58,95.61,95.61,95.61,95.64,95.70,95.73,95.79,95.99,96.20,96.45,96.65,96.82,97.13,97.41,97.77,98.08,98.26,98.33,98.63,98.66,98.71,98.72,98.74,98.74,99.31,99.31,99.31,99.31,99.36,99.36,100.00
40.91
RUSMaxBag
0.00,15.20,21.56,28.35,32.46,35.35,38.08,40.36,42.44,44.27,45.80,47.31,48.60,49.84,51.10,52.16,53.18,53.90,54.61,55.41,56.12,56.89,57.60,58.31,58.99,59.69,60.34,60.94,61.64,62.57,64.60,66.77,69.46,72.34,74.43,77.30,80.42,82.74,85.07,86.60,87.82,88.90,89.62,90.28,90.77,91.05,91.31,91.58,91.76,91.93,92.04,92.24,92.47,92.88,93.31,93.69,94.04,94.36,94.74,95.31,95.63,95.85,95.98,96.12,96.31,96.45,96.66,96.74,96.80,96.88,96.96,97.03,97.09,97.11,97.11,97.12,97.13,97.18,97.20,97.29,97.58,97.60,97.73,97.81,98.04,98.45,98.58,98.64,98.82,98.88,99.01,99.04,99.04,99.04,99.41,99.41,99.41,99.41,99.58,99.58,100.00
56.12
SmoteMaxBag
0.00,12.79,20.05,25.21,28.64,31.43,33.77,35.79,37.50,38.87,40.32,41.62,42.82,44.04,45.04,45.93,46.53,47.24,47.81,48.53,49.26,49.99,50.69,51.39,52.04,52.72,53.55,54.35,55.69,58.53,62.12,66.13,69.77,72.94,75.66,78.31,80.39,82.54,84.29,85.58,86.59,87.47,88.15,88.64,89.05,89.39,89.74,90.12,90.40,90.66,90.83,91.04,91.45,91.82,92.28,92.74,93.06,93.38,93.74,94.18,94.57,94.82,94.98,95.13,95.34,95.56,95.78,95.93,96.04,96.12,96.18,96.24,96.28,96.29,96.29,96.30,96.31,96.34,96.53,96.69,96.82,96.97,97.20,97.42,97.78,98.12,98.40,98.64,98.80,98.87,99.00,99.05,99.07,99.07,99.37,99.37,99.37,99.37,99.50,99.50,100.00
49.26
VoteBag
0.00,13.31,21.12,26.82,30.77,33.67,36.15,38.29,40.33,41.81,43.23,44.69,46.04,47.26,48.47,49.64,50.55,51.26,51.91,52.52,53.20,54.01,54.75,55.47,56.18,56.87,57.52,58.13,58.77,59.41,59.94,60.41,60.88,61.38,61.81,62.19,63.66,68.31,74.47,79.18,82.55,85.11,87.07,88.82,90.26,91.52,92.72,93.41,93.82,94.06,94.21,94.39,94.61,94.69,94.85,95.03,95.12,95.17,95.24,95.47,95.82,96.51,97.24,97.55,97.63,97.78,98.00,98.18,98.23,98.26,98.26,98.32,98.39,98.45,98.46,98.46,98.46,98.46,98.46,98.47,98.47,98.47,98.52,98.54,98.58,99.22,99.24,99.24,99.25,99.28,99.96,99.99,99.99,99.99,99.99,99.99,99.99,99.99,99.99,99.99,100.00
53.2
ROSVoteBag
0.00,17.01,23.80,31.48,36.79,40.42,43.49,46.16,48.61,50.68,52.66,53.93,55.39,56.87,58.18,59.42,60.64,61.77,62.80,63.15,63.78,64.42,64.82,65.60,66.36,67.11,67.82,68.53,69.19,69.85,70.53,71.20,71.80,72.36,72.83,73.45,74.42,75.28,75.79,76.50,79.91,84.66,87.48,89.72,90.98,92.08,93.13,94.04,94.91,95.17,95.32,95.41,95.46,95.50,95.53,95.54,95.72,95.92,96.01,96.08,96.14,96.43,96.97,97.75,97.97,97.98,98.01,98.21,98.37,98.37,98.37,98.37,98.37,98.38,98.38,98.38,98.38,98.38,98.38,98.38,98.42,98.42,98.47,98.47,98.50,99.15,99.20,99.20,99.23,99.23,99.84,99.85,99.85,99.85,99.88,99.88,99.88,99.88,99.91,99.91,100.00
63.78
RUSVoteBag
0.00,21.86,29.18,34.68,42.04,47.12,50.89,54.07,56.86,59.39,61.57,63.60,65.44,66.61,68.13,69.55,70.85,72.07,73.24,74.39,75.16,75.33,76.09,76.67,77.18,77.99,78.80,79.53,80.26,80.95,81.61,82.25,82.91,83.57,84.12,84.71,85.12,85.56,86.08,86.44,86.65,87.20,90.04,92.26,93.54,94.27,95.02,95.70,96.28,96.64,96.70,96.73,96.73,96.74,96.74,96.75,96.75,96.77,96.80,96.84,96.88,96.96,97.44,98.05,98.49,98.58,98.59,98.61,98.64,98.64,98.64,98.64,98.64,98.64,98.64,98.64,98.64,98.64,98.64,98.64,98.64,98.64,98.67,98.67,98.71,99.19,99.23,99.23,99.27,99.27,99.92,99.92,99.92,99.92,99.92,99.92,99.92,99.92,99.96,99.96,100.00
75.16
SmoteVoteBag
0.00,16.76,22.82,30.29,35.36,39.56,42.58,45.29,47.53,49.52,51.27,52.43,53.95,55.36,56.64,57.81,59.04,60.11,60.85,61.42,62.17,62.55,63.28,64.05,64.83,65.54,66.23,66.90,67.55,68.23,68.88,69.52,69.97,70.38,71.08,71.77,72.50,73.10,75.21,78.61,83.54,86.29,88.55,90.16,91.39,92.73,93.47,94.08,94.36,94.49,94.61,94.74,94.80,94.92,95.04,95.18,95.36,95.40,95.50,95.61,95.80,96.37,96.93,97.40,97.46,97.57,97.77,98.05,98.09,98.11,98.12,98.16,98.18,98.23,98.25,98.25,98.25,98.25,98.25,98.25,98.26,98.27,98.31,98.36,98.49,98.95,99.02,99.09,99.15,99.24,99.79,99.83,99.83,99.83,99.86,99.86,99.86,99.86,99.93,99.93,100.00
62.17
