MaxBag
0.00,5.53,8.43,10.53,12.72,14.29,15.77,17.03,18.14,19.04,19.89,20.68,21.33,21.93,22.45,23.20,23.86,25.15,26.28,27.64,29.35,31.62,33.82,36.40,39.25,42.01,44.78,47.28,49.70,52.09,54.35,56.51,58.51,60.41,62.00,63.56,65.10,66.70,68.09,69.42,70.65,71.96,73.13,74.33,75.51,76.55,77.58,78.56,79.40,80.25,80.98,81.65,82.28,82.92,83.53,84.16,84.77,85.50,86.13,86.83,87.52,88.20,88.84,89.49,89.97,90.53,91.04,91.58,92.13,92.67,93.18,93.70,94.18,94.63,94.85,95.16,95.41,95.65,95.80,96.04,96.28,96.54,96.81,97.04,97.32,97.47,97.70,97.85,98.06,98.20,98.39,98.62,98.73,99.09,99.15,99.27,99.38,99.60,99.62,99.63,100.00
29.35
ROSMaxBag
0.00,7.15,10.35,12.31,14.74,16.61,18.05,19.47,20.76,21.85,22.67,23.44,24.22,25.07,25.81,26.48,27.02,27.50,28.05,28.79,29.56,30.50,31.66,33.01,34.91,36.83,38.96,41.41,43.87,46.27,48.35,50.85,53.16,55.31,57.44,59.44,61.42,63.26,64.96,66.64,68.21,69.62,70.93,72.32,73.49,74.74,75.97,77.02,78.20,79.17,80.13,81.06,81.82,82.54,83.23,83.82,84.47,85.15,85.72,86.34,86.94,87.63,88.22,88.87,89.46,90.05,90.56,91.15,91.66,92.25,92.78,93.29,93.77,94.18,94.55,94.87,95.15,95.43,95.70,95.99,96.24,96.51,96.77,97.01,97.23,97.44,97.61,97.80,97.97,98.20,98.44,98.71,98.79,99.09,99.15,99.22,99.35,99.56,99.59,99.60,100.00
29.56
RUSMaxBag
0.00,7.61,12.46,15.63,18.54,21.67,23.64,25.35,27.68,30.16,32.21,33.89,35.28,36.65,38.06,39.37,40.80,42.09,43.31,44.23,45.03,45.63,46.37,47.16,48.08,48.95,49.77,50.53,51.23,51.84,52.32,52.77,53.30,53.81,54.17,54.51,54.75,55.10,55.37,55.61,55.88,56.11,56.39,56.73,57.20,57.96,59.09,60.26,61.94,64.13,66.35,68.42,71.01,73.46,75.48,77.54,79.47,81.03,82.43,83.71,85.03,86.09,87.04,87.99,88.81,89.58,90.22,90.94,91.58,92.10,92.58,93.09,93.53,93.96,94.30,94.72,95.15,95.54,95.96,96.32,96.66,97.00,97.30,97.60,97.87,98.08,98.27,98.44,98.62,98.74,98.80,98.95,99.05,99.18,99.33,99.40,99.51,99.68,99.73,99.82,100.00
45.03
SmoteMaxBag
0.00,6.95,10.89,13.64,17.11,19.22,21.15,23.58,25.70,27.39,28.77,30.17,31.53,32.85,34.13,35.21,35.91,36.60,37.34,38.14,38.98,39.77,40.54,41.18,41.78,42.29,42.77,43.25,43.61,44.02,44.33,44.70,44.97,45.28,45.53,45.85,46.34,46.64,47.34,48.03,48.91,50.49,52.49,55.31,57.91,60.53,63.30,65.84,67.88,70.09,72.06,73.71,75.39,76.88,78.24,79.56,80.79,81.85,82.80,83.75,84.65,85.53,86.36,87.20,88.00,88.75,89.37,89.97,90.49,90.97,91.38,91.85,92.28,92.72,93.27,93.79,94.35,94.85,95.31,95.77,96.25,96.74,97.14,97.63,97.93,98.21,98.39,98.56,98.69,98.82,98.90,99.05,99.15,99.25,99.40,99.46,99.63,99.80,99.82,99.87,100.00
38.98
VoteBag
0.00,6.49,9.60,12.94,15.65,17.09,19.39,21.95,24.27,26.03,27.47,28.92,30.32,31.61,33.01,34.46,35.80,36.96,37.66,38.09,38.66,39.50,40.42,41.34,42.14,43.03,43.96,44.67,45.30,45.80,46.33,46.90,47.42,47.94,48.39,48.78,49.14,49.42,49.66,49.94,50.23,50.53,50.80,51.09,51.30,51.51,51.69,52.01,52.26,53.09,54.37,56.66,59.66,63.11,66.61,69.77,72.77,75.32,77.55,79.58,81.50,83.16,84.72,86.13,87.48,88.72,89.85,90.69,91.40,92.09,92.84,93.53,94.16,94.93,95.49,96.02,96.39,96.76,97.01,97.25,97.49,97.70,97.97,98.20,98.52,98.75,98.99,99.16,99.36,99.53,99.61,99.63,99.66,99.66,99.74,99.77,99.80,99.89,99.89,99.93,100.00
38.66
ROSVoteBag
0.00,8.20,13.92,17.75,20.41,23.53,26.89,28.48,30.06,32.37,35.01,37.33,39.39,41.15,42.60,43.84,45.14,46.63,47.89,49.25,50.77,52.15,53.42,54.41,54.90,55.26,55.83,56.61,57.61,58.47,59.25,60.13,61.05,61.82,62.42,62.82,63.28,63.87,64.44,64.94,65.42,65.89,66.29,66.55,66.77,66.99,67.18,67.35,67.64,67.92,68.23,68.54,68.82,68.99,69.07,69.13,69.25,69.42,70.46,72.49,75.70,79.23,82.35,85.00,86.99,88.58,89.82,90.94,91.96,93.01,93.82,94.65,95.26,95.72,96.09,96.48,96.73,97.06,97.44,97.70,97.91,98.11,98.23,98.35,98.43,98.61,98.77,98.96,99.10,99.32,99.66,99.66,99.67,99.67,99.73,99.91,99.91,99.91,99.91,100.00,100.00
50.77
RUSVoteBag
0.00,8.37,14.03,18.72,22.46,24.99,28.05,31.35,34.59,35.53,36.78,39.15,41.68,44.17,46.08,47.98,49.72,50.96,52.26,53.40,54.92,56.37,57.61,59.04,60.54,61.92,63.13,64.20,64.75,64.98,65.46,66.23,67.19,68.13,68.78,69.58,70.50,71.42,72.23,72.65,72.94,73.41,73.96,74.53,75.03,75.51,76.03,76.50,76.84,77.07,77.26,77.54,77.67,77.83,78.06,78.46,78.74,79.04,79.28,79.53,79.56,79.58,79.63,79.71,80.34,82.33,85.65,88.57,91.08,93.31,94.73,95.68,96.49,97.15,97.75,98.31,98.61,98.78,98.91,99.03,99.15,99.34,99.51,99.53,99.54,99.55,99.55,99.56,99.57,99.58,99.85,99.96,99.97,99.97,99.97,99.99,99.99,99.99,99.99,100.00,100.00
54.92
SmoteVoteBag
0.00,6.25,11.46,14.76,17.65,21.08,24.24,25.65,27.57,30.10,32.59,34.81,36.56,37.77,39.16,40.63,41.92,43.13,44.51,45.91,47.14,48.08,48.66,49.09,49.73,50.52,51.32,52.10,52.89,53.78,54.58,55.27,55.74,56.20,56.72,57.28,57.81,58.30,58.78,59.16,59.49,59.75,60.00,60.27,60.61,60.91,61.22,61.53,61.78,62.02,62.19,62.28,62.32,62.79,63.84,65.73,68.65,72.05,75.47,78.47,81.09,83.26,84.97,86.41,87.73,88.88,89.80,90.61,91.34,91.96,92.47,93.05,93.69,94.27,94.77,95.37,95.76,96.07,96.40,96.65,96.82,97.06,97.34,97.59,97.97,98.27,98.58,98.92,99.28,99.68,99.84,99.87,99.87,99.87,99.91,99.92,99.92,99.96,99.96,99.99,100.00
47.14
