MaxBag
0.13,26.39,35.95,41.56,45.79,49.24,52.24,54.86,57.36,59.52,61.29,63.26,65.06,66.75,68.28,69.68,71.10,72.40,73.60,74.79,75.98,77.05,78.12,79.05,79.98,80.74,81.54,82.24,82.99,83.64,84.23,84.75,85.21,85.61,85.94,86.17,86.39,86.59,86.74,87.46,88.89,90.50,91.59,92.48,93.27,93.89,94.36,94.74,95.02,95.20,95.43,95.71,96.05,96.35,96.59,96.82,96.99,97.17,97.37,97.58,97.74,97.85,97.92,98.05,98.23,98.37,98.45,98.56,98.69,98.73,98.74,98.79,98.89,99.05,99.15,99.18,99.21,99.28,99.33,99.37,99.40,99.42,99.44,99.53,99.60,99.63,99.65,99.69,99.70,99.74,99.78,99.78,99.79,99.82,99.84,99.86,99.86,99.87,99.87,99.99,100.00
75.98
ROSMaxBag
0.13,27.10,37.04,43.01,47.48,50.91,53.99,56.73,59.27,61.65,63.52,65.42,67.35,69.11,70.73,72.24,73.62,75.06,76.33,77.52,78.69,79.87,81.00,82.02,83.04,83.98,84.81,85.53,86.33,87.00,87.74,88.38,88.97,89.50,89.98,90.41,90.75,91.03,91.21,91.43,91.63,91.77,91.96,92.59,93.36,94.18,94.92,95.54,96.03,96.41,96.78,97.01,97.16,97.31,97.48,97.65,97.83,97.96,98.10,98.21,98.38,98.52,98.66,98.75,98.83,98.88,98.99,99.05,99.11,99.17,99.22,99.25,99.27,99.29,99.37,99.46,99.52,99.56,99.59,99.63,99.66,99.69,99.70,99.71,99.74,99.80,99.83,99.85,99.87,99.88,99.89,99.90,99.90,99.91,99.91,99.92,99.92,99.92,99.92,99.98,100.00
78.69
RUSMaxBag
0.13,26.98,37.27,43.58,47.99,51.34,54.58,57.39,59.89,62.30,64.55,66.13,68.06,69.78,71.51,73.03,74.46,75.81,77.19,78.41,79.54,80.68,81.82,82.96,83.94,84.98,85.89,86.74,87.39,88.13,88.77,89.51,90.15,90.76,91.28,91.78,92.23,92.63,92.96,93.21,93.38,93.59,93.77,93.90,94.07,94.32,94.81,95.51,96.14,96.59,96.99,97.30,97.55,97.75,97.90,98.00,98.13,98.25,98.37,98.47,98.59,98.70,98.82,98.97,99.06,99.13,99.18,99.22,99.29,99.35,99.37,99.41,99.43,99.45,99.47,99.52,99.61,99.67,99.69,99.71,99.75,99.77,99.78,99.79,99.80,99.82,99.87,99.91,99.92,99.93,99.93,99.94,99.94,99.95,99.95,99.96,99.96,99.96,99.96,99.99,100.00
79.54
SmoteMaxBag
0.13,27.63,37.50,43.66,47.99,51.55,54.66,57.38,59.92,62.35,64.17,66.14,67.98,69.79,71.38,72.85,74.31,75.67,76.98,78.17,79.38,80.56,81.69,82.78,83.69,84.62,85.41,86.24,86.95,87.71,88.37,88.98,89.51,89.99,90.43,90.78,91.07,91.28,91.50,91.68,91.83,92.11,92.80,93.71,94.45,95.09,95.65,96.11,96.47,96.76,96.98,97.13,97.27,97.43,97.63,97.80,97.94,98.08,98.22,98.35,98.52,98.66,98.76,98.83,98.90,98.99,99.07,99.11,99.16,99.21,99.25,99.26,99.27,99.33,99.44,99.52,99.55,99.59,99.63,99.66,99.69,99.70,99.71,99.72,99.77,99.83,99.86,99.86,99.88,99.88,99.89,99.90,99.90,99.91,99.92,99.92,99.92,99.92,99.92,99.99,100.00
79.38
VoteBag
0.13,26.37,35.75,41.34,45.51,48.90,51.84,54.44,56.93,58.89,60.89,62.81,64.62,66.24,67.69,69.15,70.52,71.80,73.01,74.21,75.34,76.41,77.41,78.35,79.18,80.01,80.73,81.48,82.16,82.78,83.29,83.77,84.16,84.50,84.76,84.99,85.19,85.49,86.70,88.43,89.97,91.04,91.94,92.73,93.37,93.85,94.20,94.48,94.75,95.02,95.34,95.69,96.00,96.25,96.48,96.69,96.87,97.07,97.29,97.48,97.60,97.68,97.80,97.99,98.17,98.28,98.38,98.52,98.60,98.62,98.65,98.74,98.88,99.02,99.08,99.10,99.15,99.22,99.27,99.31,99.33,99.35,99.42,99.51,99.57,99.59,99.64,99.67,99.69,99.73,99.75,99.76,99.78,99.81,99.85,99.86,99.86,99.88,99.88,100.00,100.00
75.34
ROSVoteBag
0.13,27.35,37.25,43.32,47.67,51.20,54.27,56.99,59.56,61.97,63.81,65.76,67.62,69.43,71.01,72.49,73.93,75.31,76.59,77.76,78.95,80.13,81.21,82.31,83.24,84.19,84.96,85.75,86.49,87.24,87.92,88.55,89.08,89.59,90.03,90.40,90.71,90.93,91.13,91.33,91.49,91.72,92.46,93.37,94.19,94.89,95.47,95.95,96.33,96.67,96.89,97.03,97.18,97.35,97.53,97.69,97.85,98.00,98.15,98.31,98.48,98.62,98.73,98.80,98.85,98.93,99.02,99.06,99.12,99.18,99.21,99.22,99.24,99.32,99.44,99.52,99.55,99.57,99.62,99.64,99.67,99.68,99.69,99.70,99.77,99.82,99.84,99.86,99.88,99.88,99.90,99.90,99.90,99.91,99.92,99.93,99.93,99.93,99.93,99.99,100.00
78.95
RUSVoteBag
0.13,27.38,37.38,43.42,47.92,51.37,54.48,57.22,59.80,62.21,64.11,66.00,67.95,69.70,71.31,72.83,74.22,75.65,76.94,78.14,79.29,80.48,81.63,82.66,83.70,84.63,85.48,86.19,87.01,87.68,88.43,89.08,89.68,90.19,90.68,91.09,91.45,91.72,91.91,92.12,92.32,92.45,92.64,93.20,93.95,94.75,95.40,95.93,96.38,96.74,97.05,97.26,97.39,97.51,97.65,97.82,97.96,98.08,98.22,98.36,98.51,98.65,98.78,98.87,98.93,98.99,99.06,99.14,99.19,99.22,99.26,99.29,99.30,99.33,99.41,99.50,99.57,99.60,99.63,99.67,99.70,99.71,99.72,99.73,99.77,99.81,99.86,99.88,99.89,99.90,99.91,99.92,99.92,99.92,99.93,99.94,99.94,99.94,99.94,99.99,100.00
79.29
SmoteVoteBag
0.13,27.43,37.22,43.28,47.56,51.11,54.17,56.87,59.41,61.77,63.62,65.56,67.38,69.07,70.69,72.14,73.61,74.93,76.21,77.42,78.62,79.78,80.88,81.87,82.84,83.66,84.50,85.25,86.01,86.70,87.34,87.88,88.37,88.82,89.19,89.49,89.72,89.96,90.15,90.30,90.85,91.89,92.89,93.75,94.40,95.00,95.49,95.86,96.17,96.41,96.56,96.74,96.96,97.20,97.40,97.57,97.75,97.90,98.06,98.23,98.40,98.50,98.59,98.65,98.76,98.86,98.90,98.95,99.02,99.08,99.10,99.11,99.17,99.28,99.39,99.44,99.47,99.54,99.58,99.61,99.63,99.64,99.65,99.69,99.76,99.79,99.81,99.83,99.84,99.85,99.86,99.87,99.87,99.87,99.90,99.90,99.90,99.90,99.90,99.99,100.00
78.62
