MaxBag
0.00,50.03,59.05,62.37,63.77,70.79,87.30,88.51,89.09,89.94,90.24,91.28,91.34,92.30,93.04,93.07,93.35,93.35,93.35,93.35,93.40,93.94,93.94,93.94,93.94,94.30,94.76,94.98,95.61,95.61,95.61,95.61,95.61,95.61,95.61,95.63,96.10,96.39,96.39,96.53,97.21,97.21,97.22,97.50,97.60,97.60,97.60,98.01,98.01,98.10,99.23,99.23,99.23,99.34,99.48,99.58,99.58,99.58,99.58,99.58,99.58,99.58,99.58,99.59,99.59,99.59,100.00,100.00,100.00,100.00,100.00,100.00,100.00,100.00,100.00,100.00,100.00,100.00,100.00,100.00,100.00,100.00,100.00,100.00,100.00,100.00,100.00,100.00,100.00,100.00,100.00,100.00,100.00,100.00,100.00,100.00,100.00,100.00,100.00,100.00,100.00
93.4
ROSMaxBag
0.00,58.78,71.73,77.16,80.18,81.34,86.12,93.80,94.28,94.37,94.84,94.91,95.21,95.21,95.89,95.90,95.95,95.97,95.97,95.97,95.97,96.02,96.03,96.03,96.03,96.03,96.72,96.77,96.82,97.05,97.05,97.05,97.05,97.05,97.05,97.05,97.16,97.26,97.26,97.26,97.93,98.00,98.00,98.02,98.08,98.08,98.08,98.36,98.49,98.49,99.54,99.57,99.57,99.57,99.62,99.62,99.62,99.62,99.62,99.62,99.62,99.62,99.62,99.62,99.62,99.62,100.00,100.00,100.00,100.00,100.00,100.00,100.00,100.00,100.00,100.00,100.00,100.00,100.00,100.00,100.00,100.00,100.00,100.00,100.00,100.00,100.00,100.00,100.00,100.00,100.00,100.00,100.00,100.00,100.00,100.00,100.00,100.00,100.00,100.00,100.00
95.97
RUSMaxBag
0.00,58.17,75.41,82.55,87.56,91.44,93.93,95.22,96.58,97.88,98.14,98.25,98.26,98.35,98.35,98.44,98.56,98.56,98.56,98.56,98.56,98.56,98.56,98.56,98.56,98.56,98.56,98.97,98.97,98.97,98.97,98.97,98.97,98.97,98.97,98.97,98.97,99.01,99.01,99.01,99.07,99.26,99.26,99.26,99.26,99.26,99.26,99.26,99.61,99.61,99.97,100.00,100.00,100.00,100.00,100.00,100.00,100.00,100.00,100.00,100.00,100.00,100.00,100.00,100.00,100.00,100.00,100.00,100.00,100.00,100.00,100.00,100.00,100.00,100.00,100.00,100.00,100.00,100.00,100.00,100.00,100.00,100.00,100.00,100.00,100.00,100.00,100.00,100.00,100.00,100.00,100.00,100.00,100.00,100.00,100.00,100.00,100.00,100.00,100.00,100.00
98.56
SmoteMaxBag
0.00,55.44,66.93,71.19,73.74,74.50,88.82,91.11,91.93,92.30,92.93,93.45,93.65,93.95,94.95,94.95,95.18,95.19,95.19,95.19,95.19,95.30,95.30,95.30,95.30,95.43,96.10,96.10,96.32,96.45,96.45,96.45,96.45,96.45,96.45,96.45,96.84,97.00,97.00,97.10,97.81,97.82,97.82,97.88,97.92,97.92,97.92,98.30,98.33,98.35,99.54,99.56,99.56,99.58,99.63,99.63,99.63,99.63,99.63,99.63,99.63,99.63,99.63,99.63,99.63,99.63,100.00,100.00,100.00,100.00,100.00,100.00,100.00,100.00,100.00,100.00,100.00,100.00,100.00,100.00,100.00,100.00,100.00,100.00,100.00,100.00,100.00,100.00,100.00,100.00,100.00,100.00,100.00,100.00,100.00,100.00,100.00,100.00,100.00,100.00,100.00
95.19
VoteBag
0.00,48.78,57.13,60.13,61.33,76.50,86.32,87.74,88.07,89.09,89.47,90.53,90.76,92.24,92.58,92.67,92.97,92.97,92.97,92.97,93.17,93.60,93.61,93.61,93.61,94.13,94.44,94.73,95.40,95.40,95.40,95.40,95.40,95.40,95.40,95.48,96.03,96.23,96.23,96.49,97.05,97.06,97.07,97.44,97.48,97.48,97.48,97.89,97.89,98.18,99.14,99.14,99.14,99.34,99.41,99.57,99.57,99.57,99.57,99.57,99.57,99.57,99.57,99.59,99.59,99.59,100.00,100.00,100.00,100.00,100.00,100.00,100.00,100.00,100.00,100.00,100.00,100.00,100.00,100.00,100.00,100.00,100.00,100.00,100.00,100.00,100.00,100.00,100.00,100.00,100.00,100.00,100.00,100.00,100.00,100.00,100.00,100.00,100.00,100.00,100.00
93.17
ROSVoteBag
0.00,57.30,69.43,74.15,76.77,77.68,89.59,92.57,93.15,93.47,93.84,94.11,94.29,94.51,95.34,95.34,95.44,95.44,95.44,95.44,95.44,95.50,95.50,95.50,95.50,95.67,96.29,96.33,96.52,96.69,96.69,96.69,96.69,96.69,96.69,96.69,96.90,97.02,97.02,97.15,97.81,97.83,97.83,97.89,97.94,97.94,97.94,98.29,98.35,98.36,99.53,99.53,99.53,99.54,99.59,99.59,99.59,99.59,99.59,99.59,99.59,99.59,99.59,99.59,99.59,99.59,100.00,100.00,100.00,100.00,100.00,100.00,100.00,100.00,100.00,100.00,100.00,100.00,100.00,100.00,100.00,100.00,100.00,100.00,100.00,100.00,100.00,100.00,100.00,100.00,100.00,100.00,100.00,100.00,100.00,100.00,100.00,100.00,100.00,100.00,100.00
95.44
RUSVoteBag
0.00,58.86,75.63,82.82,87.93,91.37,93.45,94.25,96.89,97.12,97.43,97.61,97.61,97.72,97.72,98.03,98.08,98.08,98.08,98.08,98.08,98.08,98.09,98.09,98.09,98.09,98.13,98.53,98.53,98.53,98.53,98.53,98.53,98.53,98.53,98.53,98.53,98.64,98.64,98.64,98.79,99.02,99.02,99.02,99.05,99.05,99.05,99.05,99.44,99.44,99.93,99.98,99.98,99.98,99.99,99.99,99.99,99.99,99.99,99.99,99.99,99.99,99.99,99.99,99.99,99.99,100.00,100.00,100.00,100.00,100.00,100.00,100.00,100.00,100.00,100.00,100.00,100.00,100.00,100.00,100.00,100.00,100.00,100.00,100.00,100.00,100.00,100.00,100.00,100.00,100.00,100.00,100.00,100.00,100.00,100.00,100.00,100.00,100.00,100.00,100.00
98.08
SmoteVoteBag
0.00,54.33,65.36,69.14,71.47,72.81,89.09,90.23,90.95,91.57,92.07,92.85,92.93,93.58,94.46,94.46,94.77,94.77,94.77,94.77,94.77,94.96,94.96,94.96,94.96,95.19,95.78,95.79,96.15,96.23,96.23,96.23,96.23,96.23,96.23,96.23,96.69,96.89,96.89,97.09,97.71,97.71,97.71,97.82,97.86,97.86,97.86,98.27,98.28,98.32,99.51,99.51,99.51,99.55,99.59,99.59,99.59,99.59,99.59,99.59,99.59,99.59,99.59,99.59,99.59,99.59,100.00,100.00,100.00,100.00,100.00,100.00,100.00,100.00,100.00,100.00,100.00,100.00,100.00,100.00,100.00,100.00,100.00,100.00,100.00,100.00,100.00,100.00,100.00,100.00,100.00,100.00,100.00,100.00,100.00,100.00,100.00,100.00,100.00,100.00,100.00
94.77
