MaxBag
0.00,35.60,42.94,46.87,48.52,50.02,51.66,52.52,52.66,53.05,53.42,53.66,53.82,53.95,54.18,54.74,55.80,57.97,60.15,61.97,63.31,64.24,65.11,66.18,67.79,71.95,76.74,81.88,85.32,87.72,89.75,91.21,92.35,93.09,94.19,95.21,96.10,96.71,96.93,97.11,97.35,97.59,98.04,98.36,98.76,99.01,99.05,99.13,99.23,99.27,99.48,99.62,99.68,99.68,99.68,99.68,99.68,99.68,99.68,99.68,99.68,99.76,99.76,99.76,99.76,99.76,99.76,99.76,99.76,99.78,99.78,99.78,99.78,99.78,99.78,99.78,99.78,100.00,100.00,100.00,100.00,100.00,100.00,100.00,100.00,100.00,100.00,100.00,100.00,100.00,100.00,100.00,100.00,100.00,100.00,100.00,100.00,100.00,100.00,100.00,100.00
63.31
ROSMaxBag
0.00,37.69,49.33,53.11,57.33,59.76,61.19,62.68,63.91,65.56,66.42,66.52,66.61,66.95,67.13,67.15,67.15,67.15,67.15,67.15,67.37,67.79,68.09,68.21,68.27,68.32,68.35,68.36,68.95,72.54,78.72,83.77,87.58,90.11,92.45,93.78,94.66,95.50,96.64,97.60,97.87,97.94,98.12,98.23,98.36,98.86,99.28,99.37,99.38,99.41,99.46,99.75,99.93,99.95,99.97,99.97,99.97,99.97,99.97,99.97,99.97,99.99,99.99,99.99,99.99,99.99,99.99,99.99,99.99,99.99,99.99,99.99,99.99,99.99,99.99,99.99,99.99,100.00,100.00,100.00,100.00,100.00,100.00,100.00,100.00,100.00,100.00,100.00,100.00,100.00,100.00,100.00,100.00,100.00,100.00,100.00,100.00,100.00,100.00,100.00,100.00
67.37
RUSMaxBag
0.00,40.04,50.80,58.58,60.68,65.27,67.35,68.62,69.95,71.02,72.74,74.19,74.97,75.17,75.20,75.29,75.51,75.81,75.83,75.83,75.83,75.83,75.85,75.95,76.15,76.39,76.46,76.49,76.50,76.50,76.56,77.24,79.62,83.67,87.62,90.95,93.28,94.97,96.03,96.79,97.66,98.40,98.72,98.79,98.83,98.91,99.02,99.36,99.54,99.60,99.64,99.72,99.85,99.97,99.97,99.98,99.99,99.99,99.99,99.99,99.99,99.99,100.00,100.00,100.00,100.00,100.00,100.00,100.00,100.00,100.00,100.00,100.00,100.00,100.00,100.00,100.00,100.00,100.00,100.00,100.00,100.00,100.00,100.00,100.00,100.00,100.00,100.00,100.00,100.00,100.00,100.00,100.00,100.00,100.00,100.00,100.00,100.00,100.00,100.00,100.00
75.83
SmoteMaxBag
0.00,37.34,48.58,51.17,55.07,56.71,58.34,59.85,61.31,61.85,61.95,62.23,62.43,62.52,62.52,62.52,62.52,62.52,62.91,64.12,66.03,67.51,68.54,69.31,69.88,70.32,70.98,73.71,78.63,83.48,86.93,89.38,91.38,92.81,93.81,94.53,95.62,96.72,97.44,97.75,97.91,97.99,98.15,98.31,98.58,99.09,99.29,99.30,99.32,99.34,99.46,99.70,99.82,99.82,99.82,99.82,99.82,99.82,99.82,99.82,99.82,99.83,99.83,99.83,99.83,99.83,99.83,99.83,99.83,99.83,99.83,99.83,99.83,99.83,99.83,99.83,99.83,100.00,100.00,100.00,100.00,100.00,100.00,100.00,100.00,100.00,100.00,100.00,100.00,100.00,100.00,100.00,100.00,100.00,100.00,100.00,100.00,100.00,100.00,100.00,100.00
66.03
VoteBag
0.00,34.87,41.68,45.36,46.79,48.50,49.77,50.05,50.74,51.32,51.65,51.90,52.07,52.23,52.54,53.54,56.56,59.97,62.19,64.02,65.30,66.54,67.89,69.74,72.01,77.77,82.07,85.56,87.87,89.52,91.03,91.95,92.87,93.69,94.79,95.78,96.52,96.76,97.00,97.25,97.54,97.81,98.22,98.46,98.81,98.95,98.97,99.13,99.22,99.24,99.48,99.52,99.59,99.59,99.59,99.59,99.59,99.59,99.59,99.59,99.59,99.68,99.68,99.68,99.68,99.68,99.68,99.68,99.68,99.72,99.72,99.72,99.72,99.72,99.72,99.72,99.72,100.00,100.00,100.00,100.00,100.00,100.00,100.00,100.00,100.00,100.00,100.00,100.00,100.00,100.00,100.00,100.00,100.00,100.00,100.00,100.00,100.00,100.00,100.00,100.00
65.3
ROSVoteBag
0.00,37.27,48.69,51.60,56.23,57.98,59.36,60.66,62.32,63.55,63.75,63.86,64.20,64.36,64.38,64.38,64.38,64.38,64.40,64.50,64.92,65.29,65.56,65.66,65.78,65.83,66.04,67.02,71.51,78.03,83.13,86.93,89.37,91.79,93.17,94.15,95.08,96.17,97.13,97.48,97.64,97.83,97.98,98.08,98.44,99.11,99.28,99.29,99.35,99.37,99.51,99.88,99.95,99.95,99.95,99.95,99.95,99.95,99.95,99.95,99.95,99.98,99.98,99.98,99.98,99.98,99.98,99.98,99.98,99.98,99.98,99.98,99.98,99.98,99.98,99.98,99.98,100.00,100.00,100.00,100.00,100.00,100.00,100.00,100.00,100.00,100.00,100.00,100.00,100.00,100.00,100.00,100.00,100.00,100.00,100.00,100.00,100.00,100.00,100.00,100.00
64.92
RUSVoteBag
0.00,39.03,50.40,56.58,59.05,62.84,64.75,66.10,67.23,68.89,70.34,71.05,71.16,71.21,71.42,71.70,71.82,71.82,71.82,71.82,71.82,71.85,72.04,72.31,72.47,72.48,72.48,72.48,72.48,72.66,74.30,78.94,83.95,87.98,90.97,93.11,94.59,95.51,96.20,97.30,98.09,98.40,98.46,98.57,98.64,98.80,99.26,99.54,99.60,99.60,99.60,99.68,99.93,99.98,99.99,99.99,99.99,99.99,99.99,99.99,99.99,100.00,100.00,100.00,100.00,100.00,100.00,100.00,100.00,100.00,100.00,100.00,100.00,100.00,100.00,100.00,100.00,100.00,100.00,100.00,100.00,100.00,100.00,100.00,100.00,100.00,100.00,100.00,100.00,100.00,100.00,100.00,100.00,100.00,100.00,100.00,100.00,100.00,100.00,100.00,100.00
71.82
SmoteVoteBag
0.00,36.74,47.27,50.24,53.07,54.67,56.28,57.93,58.88,59.06,59.33,59.54,59.60,59.60,59.60,59.60,59.61,59.79,62.03,65.23,67.74,69.57,70.82,71.88,72.68,73.72,76.39,80.41,84.94,87.87,90.07,91.68,92.90,93.75,94.49,95.28,96.40,97.24,97.61,97.83,97.93,98.05,98.32,98.54,98.91,99.18,99.25,99.29,99.32,99.34,99.52,99.67,99.70,99.70,99.70,99.70,99.70,99.70,99.70,99.70,99.70,99.72,99.72,99.72,99.72,99.72,99.72,99.72,99.72,99.72,99.72,99.72,99.72,99.72,99.72,99.72,99.72,100.00,100.00,100.00,100.00,100.00,100.00,100.00,100.00,100.00,100.00,100.00,100.00,100.00,100.00,100.00,100.00,100.00,100.00,100.00,100.00,100.00,100.00,100.00,100.00
67.74
