MaxBag
0.53,22.31,26.35,28.52,30.13,31.74,33.46,34.55,35.60,36.73,37.76,38.72,39.39,40.03,40.72,41.28,41.74,42.71,45.78,51.55,58.36,63.71,67.93,71.31,73.62,74.97,76.13,77.64,78.97,79.83,80.90,82.43,83.99,85.01,85.66,86.08,86.58,87.09,87.62,88.10,88.63,89.23,90.06,91.07,91.87,92.20,92.38,92.73,93.29,93.82,94.22,94.46,94.81,95.10,95.26,95.51,95.94,96.19,96.59,96.93,96.96,97.00,97.07,97.15,97.15,97.15,97.16,97.20,97.35,97.59,97.75,97.83,98.05,98.36,98.54,98.71,98.71,98.71,98.71,98.72,98.72,98.73,98.73,98.74,98.75,98.94,98.94,98.94,98.95,98.95,99.47,99.47,99.47,99.47,99.47,99.47,99.47,99.47,99.47,99.47,100.00
58.36
ROSMaxBag
0.53,24.96,32.26,37.09,38.81,41.01,43.37,44.95,46.13,47.81,49.48,50.86,51.68,52.82,53.82,54.88,55.85,56.69,57.19,57.89,58.56,59.03,59.15,59.48,60.10,61.16,63.64,67.63,72.20,76.29,79.63,82.23,84.17,85.50,86.62,87.65,88.39,89.29,90.26,91.01,91.57,92.07,92.55,92.98,93.38,93.65,93.88,94.32,94.92,95.52,95.85,96.05,96.34,96.69,97.06,97.39,97.57,97.86,97.98,98.01,98.14,98.29,98.53,98.61,98.65,98.70,98.74,98.75,98.75,98.75,98.76,98.77,98.78,98.81,98.95,99.16,99.22,99.28,99.33,99.35,99.36,99.36,99.36,99.36,99.36,99.37,99.38,99.38,99.38,99.38,99.54,99.54,99.54,99.55,99.55,99.55,99.55,99.55,99.55,99.55,100.00
58.56
RUSMaxBag
0.53,27.97,37.25,43.30,45.72,50.14,51.87,54.28,55.65,57.62,59.27,60.65,61.94,63.15,64.51,65.98,67.14,67.87,68.43,69.04,70.05,70.70,71.45,72.24,73.00,73.85,74.54,75.05,75.59,76.03,76.52,76.84,77.05,77.43,77.77,77.96,78.18,78.43,78.87,79.26,80.11,81.55,83.41,85.96,88.52,90.49,92.04,93.04,93.82,94.57,95.14,95.73,96.28,96.69,96.94,97.09,97.21,97.31,97.44,97.64,97.93,98.19,98.43,98.62,98.74,98.91,99.13,99.33,99.51,99.57,99.68,99.71,99.81,99.88,99.91,99.94,99.94,99.94,99.94,99.94,99.94,99.94,99.95,99.96,99.96,99.96,99.96,99.96,99.96,99.96,99.96,99.96,99.96,99.96,99.96,99.96,99.96,99.96,99.96,99.96,100.00
70.05
SmoteMaxBag
0.53,24.89,32.02,36.05,38.25,40.64,42.57,43.73,45.39,47.03,48.43,49.23,50.35,51.42,52.45,53.39,54.26,54.78,55.46,56.12,56.59,56.73,57.03,57.59,58.60,61.55,66.31,71.96,76.50,79.74,82.17,83.61,84.67,85.79,86.76,87.47,88.35,89.37,90.37,90.98,91.53,91.89,92.27,92.72,93.17,93.48,93.70,94.18,94.75,95.24,95.48,95.63,95.92,96.35,96.78,97.06,97.29,97.55,97.64,97.70,97.84,98.05,98.31,98.41,98.44,98.47,98.52,98.52,98.52,98.52,98.54,98.59,98.64,98.70,98.82,99.13,99.20,99.25,99.28,99.28,99.28,99.28,99.28,99.28,99.28,99.30,99.33,99.33,99.33,99.33,99.47,99.47,99.47,99.47,99.47,99.47,99.47,99.47,99.47,99.47,100.00
56.59
VoteBag
0.53,21.82,25.68,27.83,29.11,30.88,32.13,33.08,34.28,35.32,36.22,36.87,37.54,38.19,38.68,39.14,40.70,44.92,51.05,57.64,62.73,66.81,69.93,72.01,73.34,74.67,76.12,77.36,78.30,79.48,81.05,82.49,83.54,84.15,84.63,85.18,85.74,86.25,86.79,87.33,87.95,88.84,89.74,90.49,90.82,91.02,91.38,91.93,92.49,92.88,93.16,93.57,93.89,94.14,94.42,94.87,95.25,95.66,96.10,96.22,96.29,96.39,96.55,96.59,96.59,96.59,96.62,96.77,96.99,97.22,97.37,97.54,97.76,98.04,98.23,98.34,98.39,98.39,98.40,98.40,98.41,98.41,98.44,98.52,98.54,98.90,98.90,98.90,98.94,98.94,99.47,99.47,99.47,99.47,99.47,99.47,99.47,99.47,99.47,99.47,100.00
62.73
ROSVoteBag
0.53,24.06,30.90,34.90,36.94,39.22,41.05,42.09,43.87,45.49,46.95,47.79,49.04,50.12,51.20,52.15,52.84,53.34,54.10,54.72,55.02,55.17,55.63,56.44,58.94,63.99,69.66,74.27,78.16,80.84,82.62,83.80,84.97,85.99,86.71,87.55,88.63,89.55,90.27,90.79,91.23,91.66,92.12,92.53,92.80,93.16,93.72,94.48,95.11,95.36,95.54,95.79,96.22,96.66,97.01,97.27,97.48,97.58,97.64,97.70,97.88,98.16,98.31,98.33,98.38,98.40,98.40,98.40,98.40,98.40,98.41,98.45,98.47,98.59,98.78,98.98,99.06,99.14,99.15,99.15,99.16,99.16,99.16,99.16,99.16,99.19,99.21,99.21,99.21,99.21,99.48,99.48,99.48,99.48,99.48,99.48,99.48,99.48,99.48,99.48,100.00
55.02
RUSVoteBag
0.53,27.76,36.39,41.46,45.53,48.64,50.35,52.37,54.18,55.99,57.40,58.63,59.93,61.41,62.89,64.05,64.80,65.26,66.14,67.02,67.76,68.61,69.45,70.31,71.09,71.63,72.19,72.67,73.17,73.47,73.70,74.10,74.46,74.68,75.06,75.62,76.47,77.65,79.10,81.13,83.86,86.69,88.88,90.49,91.62,92.50,93.27,93.97,94.59,95.20,95.69,95.99,96.21,96.37,96.52,96.74,96.94,97.19,97.52,97.92,98.19,98.36,98.55,98.76,98.96,99.11,99.30,99.40,99.48,99.53,99.63,99.75,99.79,99.81,99.81,99.81,99.81,99.81,99.82,99.82,99.84,99.87,99.88,99.90,99.90,99.90,99.90,99.90,99.90,99.90,99.90,99.90,99.90,99.91,99.91,99.91,99.91,99.91,99.91,99.91,100.00
67.76
SmoteVoteBag
0.53,23.97,30.95,33.99,36.34,38.74,40.09,41.70,43.38,44.85,45.69,46.82,47.95,49.01,49.95,50.62,51.17,51.87,52.50,52.81,52.98,53.48,54.59,57.88,62.68,68.46,73.44,77.02,79.60,81.26,82.45,83.56,84.56,85.48,86.44,87.43,88.45,89.26,89.87,90.37,90.81,91.26,91.74,92.16,92.55,92.92,93.51,94.05,94.44,94.66,94.88,95.27,95.74,96.07,96.46,96.69,96.87,96.98,97.07,97.24,97.58,97.78,97.99,98.02,98.06,98.08,98.12,98.12,98.12,98.15,98.29,98.36,98.44,98.59,98.77,99.00,99.09,99.14,99.14,99.14,99.14,99.14,99.14,99.14,99.14,99.18,99.20,99.20,99.20,99.20,99.47,99.47,99.47,99.47,99.47,99.47,99.47,99.47,99.47,99.47,100.00
52.98
