MaxBag
0.00,6.16,9.72,13.07,14.53,16.53,19.06,21.47,23.44,24.96,26.45,27.75,28.92,30.39,31.81,33.10,34.23,34.90,35.41,36.09,36.94,37.82,38.74,39.58,40.49,41.32,41.92,42.32,42.65,43.09,43.55,44.11,44.61,45.09,45.54,45.89,46.13,46.41,46.74,47.02,47.35,47.62,47.96,48.16,48.38,48.46,48.58,48.70,49.21,50.37,52.63,55.72,59.51,63.21,66.68,69.93,72.67,74.89,77.01,78.70,80.46,81.91,83.45,84.82,86.22,87.47,88.59,89.37,90.23,90.94,91.71,92.41,93.27,94.03,94.62,95.21,95.70,96.05,96.34,96.65,96.90,97.13,97.47,97.78,98.01,98.18,98.40,98.74,99.06,99.21,99.23,99.27,99.44,99.44,99.79,99.86,99.87,99.97,99.97,99.99,100.00
36.94
ROSMaxBag
0.00,7.63,12.25,15.29,18.35,21.66,24.49,25.05,26.92,29.35,31.96,34.21,36.14,37.75,38.99,40.35,41.70,42.92,44.18,45.57,47.09,48.41,49.54,50.51,51.03,51.29,51.75,52.44,53.47,54.36,55.06,55.80,56.77,57.65,58.38,58.63,58.73,59.06,59.61,60.19,60.72,61.20,61.66,62.10,62.44,62.65,62.87,63.15,63.34,63.52,63.81,64.15,64.46,64.72,64.92,65.09,65.13,65.13,65.28,66.03,67.51,70.03,73.73,77.34,80.59,83.55,86.03,87.94,89.31,90.47,91.65,92.63,93.54,94.44,95.08,95.52,96.03,96.41,96.75,97.18,97.58,97.93,98.14,98.27,98.32,98.41,98.49,98.59,98.82,99.04,99.18,99.42,99.54,99.54,99.65,99.94,99.94,99.99,99.99,100.00,100.00
47.09
RUSMaxBag
0.00,7.65,12.42,16.95,20.44,22.28,25.20,28.13,31.03,32.30,32.64,34.22,36.35,38.37,40.74,42.37,44.24,45.81,46.90,47.87,48.91,50.11,51.23,52.28,53.08,54.41,55.82,56.92,58.02,58.97,59.93,60.56,60.85,61.23,61.68,62.47,63.30,64.02,64.68,65.46,66.35,67.23,67.95,68.25,68.36,68.53,68.88,69.41,69.98,70.49,71.00,71.39,71.70,72.02,72.40,72.62,72.75,72.92,73.15,73.30,73.51,73.78,74.02,74.40,74.62,74.96,75.07,75.18,75.21,75.27,75.65,76.40,78.41,81.64,84.56,87.74,90.16,92.36,93.65,94.74,95.51,96.32,97.03,97.59,97.96,98.29,98.54,98.87,99.09,99.21,99.26,99.32,99.40,99.59,99.85,99.92,99.93,99.96,100.00,100.00,100.00
48.91
SmoteMaxBag
0.00,7.75,12.32,15.50,18.89,22.32,24.29,25.54,27.77,30.40,32.92,35.09,36.77,38.25,39.61,41.03,42.22,43.46,44.87,46.35,47.66,48.76,49.58,49.91,50.30,50.84,51.68,52.65,53.49,54.26,55.14,56.04,56.84,57.33,57.56,57.92,58.44,58.99,59.49,60.04,60.53,60.92,61.17,61.46,61.72,62.07,62.37,62.68,63.00,63.30,63.58,63.72,63.80,63.82,63.86,64.18,65.30,67.73,71.05,74.65,78.05,81.16,83.85,85.75,87.41,88.82,89.92,91.04,92.04,92.94,93.66,94.29,94.77,95.16,95.51,95.92,96.29,96.73,97.07,97.35,97.56,97.75,97.94,98.10,98.24,98.49,98.74,98.95,99.18,99.38,99.46,99.46,99.50,99.50,99.92,99.96,99.96,100.00,100.00,100.00,100.00
47.66
VoteBag
0.00,5.93,9.46,11.85,13.58,15.96,18.36,20.27,21.74,23.11,24.32,25.70,27.14,28.47,29.52,30.25,30.82,31.69,32.58,33.49,34.45,35.29,36.11,36.77,37.27,37.73,38.19,38.68,39.21,39.70,40.15,40.52,40.87,41.11,41.44,41.72,42.07,42.35,42.64,42.85,43.04,43.16,43.35,43.75,44.51,46.16,48.15,51.23,54.93,58.61,62.25,65.01,68.01,70.45,72.46,74.30,76.15,77.77,79.36,80.78,82.28,83.65,85.03,86.06,86.98,87.82,88.70,89.66,90.56,91.42,92.28,93.04,93.73,94.18,94.67,95.04,95.40,95.68,96.09,96.47,96.84,97.17,97.51,97.84,98.01,98.28,98.61,98.94,99.11,99.14,99.15,99.22,99.44,99.46,99.80,99.82,99.87,99.99,99.99,100.00,100.00
34.45
ROSVoteBag
0.00,8.03,12.22,14.91,18.03,21.53,22.59,24.21,26.60,29.16,31.58,33.61,35.25,36.58,38.04,39.49,40.69,42.03,43.49,44.96,46.19,47.25,47.87,48.21,48.62,49.37,50.34,51.30,52.01,52.80,53.73,54.62,55.28,55.59,55.80,56.20,56.72,57.30,57.80,58.22,58.70,59.12,59.39,59.59,59.83,60.13,60.39,60.66,60.96,61.28,61.53,61.73,61.84,61.90,61.99,62.23,63.09,64.86,67.70,71.20,74.70,78.01,80.99,83.52,85.50,87.13,88.56,89.78,90.96,92.01,92.96,93.72,94.32,94.82,95.30,95.73,96.23,96.69,97.18,97.51,97.75,97.89,98.03,98.10,98.22,98.35,98.56,98.70,98.91,99.15,99.26,99.38,99.40,99.40,99.69,99.94,99.94,99.98,99.98,100.00,100.00
46.19
RUSVoteBag
0.00,6.97,12.91,16.59,18.88,21.82,24.81,27.95,29.10,29.41,31.39,33.59,35.94,38.12,39.89,41.64,43.03,43.94,45.19,46.34,47.54,48.66,49.67,51.11,52.48,53.68,54.73,55.62,56.53,56.87,57.20,57.56,58.22,59.13,59.92,60.65,61.35,62.25,63.13,63.96,64.34,64.47,64.59,65.00,65.53,66.07,66.59,67.07,67.48,67.88,68.27,68.54,68.74,68.94,69.15,69.32,69.53,69.74,70.07,70.37,70.68,70.94,71.11,71.22,71.22,71.36,71.63,72.42,74.63,77.62,81.16,84.39,87.34,89.80,91.58,92.85,93.82,94.70,95.51,96.21,96.83,97.29,97.72,98.02,98.30,98.60,98.83,98.92,98.94,99.02,99.12,99.27,99.44,99.72,99.82,99.90,99.90,99.96,100.00,100.00,100.00
47.54
SmoteVoteBag
0.00,7.96,12.20,15.11,18.58,21.64,22.54,24.70,27.30,29.85,32.11,33.99,35.65,37.01,38.51,39.66,40.97,42.49,43.88,45.20,46.27,46.82,47.14,47.66,48.56,49.47,50.44,51.14,52.05,52.93,53.79,54.30,54.65,55.08,55.61,56.13,56.69,57.18,57.59,57.92,58.22,58.41,58.77,59.08,59.45,59.72,60.07,60.30,60.51,60.60,60.63,60.63,60.73,61.80,63.99,67.25,71.03,74.48,77.91,80.59,82.80,84.74,86.17,87.68,88.89,90.06,91.04,92.16,92.95,93.55,94.02,94.50,94.88,95.32,95.83,96.21,96.61,96.91,97.15,97.35,97.62,97.75,97.89,98.11,98.43,98.57,98.80,99.04,99.26,99.31,99.32,99.33,99.40,99.41,99.93,99.94,99.94,100.00,100.00,100.00,100.00
46.27
