MaxBag
0.00,11.38,16.31,19.69,21.78,23.32,26.06,35.75,46.64,56.03,62.51,68.06,72.06,74.90,77.11,79.63,81.81,83.09,84.24,85.62,86.92,88.04,88.70,89.16,89.45,90.14,90.55,90.79,91.03,91.31,91.79,92.44,93.07,93.45,93.75,94.01,94.34,94.70,95.00,95.13,95.19,95.54,95.68,95.69,95.84,96.11,96.35,97.19,97.89,98.03,98.03,98.03,98.03,98.03,98.03,98.39,98.86,98.98,98.98,99.01,99.01,99.01,99.01,99.01,99.01,99.01,99.01,99.01,99.02,99.02,99.02,99.02,99.05,99.05,99.05,99.05,99.05,99.05,99.05,99.05,99.05,99.05,99.05,99.05,99.05,99.05,99.05,99.05,99.05,99.05,99.05,99.46,99.46,99.46,99.46,99.46,99.46,100.00,100.00,100.00,100.00
86.92
ROSMaxBag
0.00,13.68,22.84,29.01,34.87,38.77,42.54,44.55,46.59,48.55,49.92,51.13,54.66,65.77,74.79,81.45,86.63,89.53,91.01,92.21,93.75,94.58,95.35,96.11,96.58,97.21,97.36,97.41,97.46,97.55,97.55,97.55,97.62,97.69,97.74,97.84,97.88,97.92,97.93,98.01,98.01,98.03,98.04,98.18,98.22,98.22,98.26,98.33,98.46,98.82,98.86,98.86,98.86,98.86,98.86,98.86,98.99,99.43,99.46,99.46,99.46,99.46,99.46,99.46,99.46,99.46,99.46,99.46,99.46,99.46,99.46,99.46,99.46,99.46,99.46,99.46,99.46,99.46,99.46,99.46,99.46,99.46,99.46,99.46,99.46,99.46,99.46,99.46,99.46,99.46,99.46,99.49,99.49,99.49,99.49,99.49,99.49,100.00,100.00,100.00,100.00
93.75
RUSMaxBag
0.00,19.18,26.64,35.38,42.92,49.47,55.90,60.55,64.18,67.50,69.62,71.13,73.36,74.88,76.40,77.23,77.97,79.57,83.11,90.08,95.22,97.43,98.27,98.69,99.01,99.14,99.29,99.38,99.47,99.48,99.48,99.48,99.48,99.48,99.48,99.48,99.48,99.50,99.55,99.58,99.58,99.58,99.58,99.58,99.59,99.62,99.70,99.73,99.73,99.75,99.75,99.78,99.78,99.78,99.78,99.78,99.78,99.79,99.83,99.85,99.86,99.86,99.86,99.86,99.86,99.86,99.86,99.86,99.86,99.86,99.86,99.86,99.86,99.86,99.86,99.86,99.86,99.86,99.86,99.86,99.86,99.86,99.86,99.86,99.86,99.86,99.86,99.86,99.86,99.86,99.86,99.86,99.86,99.86,99.86,99.86,99.86,100.00,100.00,100.00,100.00
95.22
SmoteMaxBag
0.00,13.32,21.18,27.25,31.24,35.22,37.39,39.23,40.89,42.24,45.66,55.32,65.19,72.61,78.16,82.35,84.72,86.69,88.44,89.97,90.86,91.85,92.77,93.58,94.35,94.68,94.83,95.02,95.24,95.26,95.30,95.41,95.58,95.74,95.86,96.00,96.18,96.24,96.36,96.45,96.45,96.48,96.58,96.76,96.78,96.88,97.12,97.32,98.01,98.48,98.52,98.52,98.52,98.52,98.52,98.59,98.95,99.23,99.27,99.29,99.34,99.35,99.35,99.35,99.35,99.35,99.35,99.35,99.35,99.35,99.35,99.35,99.35,99.35,99.35,99.35,99.35,99.35,99.35,99.35,99.35,99.35,99.35,99.35,99.35,99.35,99.35,99.35,99.35,99.35,99.35,99.49,99.49,99.49,99.49,99.49,99.49,100.00,100.00,100.00,100.00
90.86
VoteBag
0.00,10.66,14.32,16.61,18.26,22.36,33.71,44.51,53.28,59.05,64.35,68.24,70.87,73.40,76.15,78.53,79.71,80.94,82.58,84.12,85.37,86.10,86.75,87.02,87.82,88.42,88.65,88.89,89.22,89.70,90.54,91.38,92.09,92.33,92.74,93.06,93.56,93.97,94.30,94.36,94.61,94.86,94.92,94.93,95.26,95.60,96.05,97.17,97.74,97.80,97.80,97.80,97.80,97.80,97.81,98.35,98.76,98.81,98.81,98.91,98.92,98.92,98.92,98.92,98.92,98.92,98.92,98.92,98.92,98.93,98.93,98.93,98.98,99.00,99.00,99.00,99.00,99.00,99.00,99.00,99.00,99.00,99.00,99.00,99.00,99.00,99.00,99.00,99.00,99.00,99.00,99.46,99.46,99.46,99.46,99.46,99.46,100.00,100.00,100.00,100.00
85.37
ROSVoteBag
0.00,13.28,21.61,27.91,32.26,36.37,39.15,41.04,43.03,44.35,45.58,50.66,62.34,71.52,77.88,83.03,86.34,88.18,89.58,91.34,92.47,93.21,94.19,94.82,95.64,95.94,96.12,96.15,96.36,96.40,96.40,96.49,96.58,96.71,96.78,96.92,96.96,97.03,97.10,97.17,97.22,97.22,97.25,97.51,97.52,97.52,97.65,97.78,98.20,98.68,98.68,98.68,98.68,98.68,98.68,98.68,98.92,99.42,99.42,99.42,99.42,99.42,99.42,99.42,99.42,99.42,99.42,99.42,99.42,99.42,99.42,99.42,99.42,99.42,99.42,99.42,99.42,99.42,99.42,99.42,99.42,99.42,99.42,99.42,99.42,99.42,99.42,99.42,99.42,99.42,99.42,99.46,99.46,99.46,99.46,99.46,99.46,100.00,100.00,100.00,100.00
92.47
RUSVoteBag
0.00,19.29,26.67,33.70,42.16,48.21,54.12,58.18,62.11,64.58,66.14,68.32,70.01,71.55,72.53,73.47,75.92,80.22,88.22,93.54,96.42,97.50,97.94,98.38,98.62,98.79,99.01,99.15,99.25,99.25,99.25,99.25,99.25,99.25,99.26,99.27,99.32,99.35,99.46,99.48,99.48,99.48,99.48,99.48,99.52,99.57,99.67,99.68,99.68,99.70,99.71,99.75,99.75,99.75,99.75,99.75,99.75,99.78,99.82,99.84,99.84,99.84,99.84,99.84,99.84,99.84,99.84,99.84,99.84,99.84,99.84,99.84,99.84,99.84,99.84,99.84,99.84,99.84,99.84,99.84,99.84,99.84,99.84,99.84,99.84,99.84,99.84,99.84,99.84,99.84,99.84,99.84,99.84,99.84,99.84,99.84,99.84,100.00,100.00,100.00,100.00
96.42
SmoteVoteBag
0.00,12.69,20.40,25.47,29.46,32.47,34.19,35.80,37.25,43.52,53.83,63.25,69.84,75.03,79.09,81.65,83.68,85.61,87.21,88.19,89.26,90.37,91.39,92.20,92.65,92.93,93.19,93.52,93.62,93.70,93.86,94.12,94.37,94.60,94.78,94.94,95.16,95.36,95.51,95.52,95.52,95.69,95.90,95.97,96.00,96.19,96.50,97.00,97.80,98.09,98.11,98.11,98.11,98.11,98.11,98.34,98.84,99.09,99.12,99.17,99.23,99.23,99.25,99.25,99.25,99.25,99.25,99.25,99.25,99.25,99.25,99.25,99.25,99.26,99.26,99.26,99.26,99.26,99.26,99.26,99.26,99.26,99.26,99.26,99.26,99.26,99.26,99.26,99.26,99.26,99.26,99.48,99.48,99.48,99.48,99.48,99.48,100.00,100.00,100.00,100.00
89.26
