MaxBag
0.00,22.32,29.11,33.34,36.52,38.70,40.55,42.06,43.16,44.12,44.96,45.66,46.27,46.79,47.32,47.77,48.10,48.24,48.27,48.28,48.35,48.49,48.72,49.04,49.46,50.20,51.12,52.43,53.96,56.25,58.91,61.64,64.25,66.99,69.53,71.77,73.80,75.67,77.33,78.74,80.14,81.48,82.68,83.70,84.69,85.50,86.21,86.86,87.46,88.00,88.50,89.02,89.51,90.02,90.50,91.03,91.51,92.00,92.52,93.01,93.34,93.73,94.12,94.52,94.81,95.07,95.32,95.61,95.88,96.10,96.29,96.52,96.78,96.99,97.20,97.38,97.61,97.83,98.04,98.25,98.45,98.63,98.79,98.94,99.06,99.19,99.31,99.40,99.49,99.53,99.59,99.64,99.65,99.73,99.80,99.83,99.83,100.00,100.00,100.00,100.00
48.35
ROSMaxBag
0.00,22.17,30.05,35.33,39.60,42.81,45.76,47.69,49.46,51.19,52.87,54.44,55.63,56.42,57.20,58.04,58.94,59.68,60.35,60.88,61.43,61.92,62.41,62.94,63.41,63.72,63.94,64.00,64.01,64.03,64.11,64.19,64.28,64.35,64.41,64.45,64.46,64.52,64.62,64.96,65.53,66.63,68.30,70.67,73.65,76.48,78.85,81.04,83.02,84.77,86.23,87.36,88.30,89.19,90.11,90.97,91.70,92.26,92.73,93.14,93.52,93.85,94.15,94.47,94.78,95.05,95.38,95.70,96.05,96.41,96.65,96.92,97.21,97.47,97.70,97.84,98.07,98.31,98.46,98.57,98.70,98.84,98.94,99.04,99.19,99.33,99.50,99.63,99.74,99.78,99.82,99.85,99.87,99.88,99.89,99.90,99.90,100.00,100.00,100.00,100.00
61.43
RUSMaxBag
0.00,20.09,27.79,33.84,38.73,43.15,46.94,49.72,52.05,54.38,56.63,58.22,59.88,61.11,62.58,63.96,65.55,66.77,67.73,68.62,69.12,69.71,70.26,70.89,71.45,72.11,72.84,73.46,74.08,74.56,74.99,75.47,75.92,76.36,76.81,77.30,77.72,78.01,78.19,78.30,78.39,78.45,78.46,78.46,78.48,78.53,78.63,78.73,78.83,78.90,78.97,79.00,79.01,79.03,79.07,79.16,79.25,79.68,80.88,83.23,86.21,88.62,90.56,92.24,93.62,94.55,95.16,95.64,96.12,96.57,96.86,97.05,97.26,97.49,97.71,97.90,98.02,98.12,98.25,98.40,98.54,98.67,98.80,98.99,99.16,99.33,99.43,99.51,99.58,99.61,99.69,99.83,99.95,99.98,99.98,99.99,99.99,100.00,100.00,100.00,100.00
69.12
SmoteMaxBag
0.00,21.64,28.98,34.48,38.08,41.08,43.92,45.85,47.55,49.11,50.89,52.26,53.18,54.06,54.96,55.78,56.51,57.05,57.66,58.18,58.67,59.20,59.68,60.02,60.21,60.26,60.27,60.28,60.36,60.44,60.47,60.53,60.58,60.71,60.95,61.30,62.10,63.28,65.03,67.14,70.06,73.15,75.87,78.14,80.18,82.04,83.66,85.07,86.25,87.26,88.26,89.25,90.15,90.87,91.43,91.86,92.25,92.65,92.99,93.34,93.68,94.02,94.32,94.69,95.01,95.38,95.78,96.05,96.31,96.63,96.90,97.15,97.33,97.52,97.73,97.97,98.10,98.23,98.38,98.55,98.67,98.81,98.96,99.12,99.29,99.42,99.52,99.56,99.62,99.66,99.69,99.72,99.72,99.75,99.81,99.82,99.82,100.00,100.00,100.00,100.00
58.67
VoteBag
0.00,22.29,28.79,32.78,35.70,37.72,39.42,40.61,41.58,42.43,43.15,43.74,44.27,44.77,45.16,45.35,45.39,45.40,45.43,45.63,46.02,46.66,47.37,48.59,50.26,52.16,54.38,56.99,59.91,62.72,65.46,67.95,70.20,72.16,74.04,75.83,77.39,78.78,80.08,81.31,82.40,83.42,84.27,85.03,85.64,86.23,86.81,87.37,87.90,88.44,89.01,89.53,90.03,90.62,91.16,91.64,92.14,92.61,93.05,93.43,93.75,94.09,94.40,94.73,94.97,95.25,95.48,95.75,95.96,96.19,96.41,96.66,96.87,97.11,97.32,97.54,97.76,97.97,98.18,98.39,98.58,98.73,98.91,99.03,99.10,99.23,99.33,99.38,99.44,99.49,99.53,99.60,99.61,99.73,99.82,99.83,99.83,100.00,100.00,100.00,100.00
46.02
ROSVoteBag
0.00,22.36,30.03,35.54,38.98,42.26,44.66,46.49,48.25,50.03,51.56,52.54,53.36,54.25,55.18,55.94,56.57,57.16,57.71,58.19,58.73,59.25,59.66,59.92,60.04,60.05,60.06,60.11,60.21,60.27,60.35,60.54,60.71,60.97,61.34,61.91,62.72,63.97,65.57,67.76,70.28,73.07,75.66,78.01,80.02,81.83,83.45,84.82,86.00,86.97,87.92,88.82,89.70,90.43,91.03,91.53,91.96,92.39,92.76,93.12,93.47,93.82,94.16,94.50,94.87,95.26,95.60,95.96,96.27,96.54,96.84,97.10,97.33,97.51,97.74,97.93,98.15,98.28,98.40,98.53,98.68,98.80,98.93,99.08,99.25,99.41,99.53,99.60,99.67,99.70,99.74,99.76,99.77,99.81,99.84,99.86,99.86,100.00,100.00,100.00,100.00
58.73
RUSVoteBag
0.00,20.70,28.27,33.99,38.30,43.23,46.09,48.66,51.11,53.38,54.99,56.67,58.12,59.44,61.09,62.54,63.51,64.51,65.05,65.64,66.23,66.86,67.54,68.30,69.03,69.65,70.20,70.62,71.13,71.60,72.05,72.55,73.07,73.48,73.71,73.88,74.00,74.06,74.08,74.08,74.09,74.14,74.25,74.37,74.44,74.52,74.59,74.62,74.62,74.64,74.68,74.76,74.81,75.12,76.31,79.20,82.37,85.08,87.30,89.31,91.02,92.29,93.11,93.73,94.33,94.92,95.37,95.73,96.00,96.28,96.52,96.80,97.06,97.19,97.34,97.50,97.79,97.97,98.10,98.34,98.52,98.66,98.92,99.11,99.20,99.34,99.45,99.47,99.50,99.62,99.81,99.93,99.97,99.99,100.00,100.00,100.00,100.00,100.00,100.00,100.00
66.23
SmoteVoteBag
0.00,21.80,28.99,33.96,37.66,40.65,42.78,44.57,46.25,48.05,49.40,50.30,51.26,52.16,52.90,53.49,54.12,54.63,55.11,55.65,56.14,56.47,56.63,56.67,56.67,56.71,56.78,56.82,56.91,57.03,57.17,57.49,58.10,59.01,60.66,63.22,66.13,68.84,71.61,74.25,76.59,78.65,80.53,82.05,83.30,84.57,85.83,86.97,87.95,88.82,89.52,90.05,90.59,91.00,91.37,91.78,92.17,92.51,92.88,93.26,93.64,94.07,94.49,94.80,95.13,95.52,95.83,96.10,96.35,96.58,96.82,97.08,97.24,97.45,97.64,97.85,97.99,98.14,98.30,98.47,98.67,98.86,99.04,99.18,99.31,99.38,99.48,99.51,99.57,99.59,99.61,99.63,99.64,99.70,99.81,99.82,99.82,100.00,100.00,100.00,100.00
56.14
