MaxBag
0.00,11.87,19.87,24.39,27.11,29.66,31.85,33.85,35.57,37.06,38.53,39.83,41.05,42.27,43.34,44.29,45.01,45.85,46.67,47.45,48.22,48.93,49.66,50.31,50.98,51.64,52.31,52.88,53.41,53.91,54.35,54.77,55.14,55.71,56.45,60.04,68.22,73.95,78.00,80.98,82.97,85.26,87.10,88.40,90.07,91.58,92.14,92.65,93.00,93.08,93.29,93.61,93.68,93.77,94.15,94.26,94.30,94.39,94.63,95.22,96.02,96.93,97.15,97.21,97.28,97.67,97.81,97.85,97.88,97.89,97.96,98.12,98.32,98.46,98.49,98.53,98.53,98.53,98.53,98.53,98.53,98.53,98.56,98.58,98.58,99.26,99.26,99.26,99.26,99.27,100.00,100.00,100.00,100.00,100.00,100.00,100.00,100.00,100.00,100.00,100.00
48.22
ROSMaxBag
0.00,16.00,23.00,31.20,36.31,39.88,42.58,45.15,47.47,49.58,51.54,52.81,54.34,55.77,57.09,58.33,59.57,60.69,61.72,62.18,63.06,63.77,64.53,65.32,66.07,66.79,67.50,68.19,68.87,69.52,70.18,70.74,71.28,71.72,72.18,72.66,72.95,72.97,73.30,77.97,83.72,87.23,89.60,91.15,92.64,93.60,94.47,95.51,95.82,95.96,96.01,96.04,96.12,96.13,96.15,96.24,96.36,96.37,96.38,96.39,96.54,97.05,98.09,98.48,98.53,98.54,98.61,98.62,98.62,98.62,98.62,98.62,98.62,98.64,98.64,98.64,98.64,98.64,98.64,98.64,98.64,98.64,98.64,98.64,98.64,99.27,99.27,99.27,99.27,99.27,100.00,100.00,100.00,100.00,100.00,100.00,100.00,100.00,100.00,100.00,100.00
63.06
RUSMaxBag
0.00,20.36,27.24,32.74,40.38,45.40,49.40,52.54,54.50,56.64,58.91,61.05,63.04,64.53,65.78,67.27,68.69,69.98,71.18,72.35,73.47,74.04,74.53,75.28,75.80,76.54,77.34,78.11,78.85,79.55,80.26,80.93,81.63,82.27,82.91,83.47,83.97,84.43,84.91,85.34,85.55,85.64,86.55,89.77,92.72,94.32,95.33,96.07,96.46,97.03,97.53,97.64,97.67,97.68,97.68,97.68,97.68,97.68,97.68,97.68,97.68,97.69,97.77,98.31,98.91,99.15,99.16,99.16,99.16,99.16,99.16,99.16,99.16,99.16,99.16,99.16,99.16,99.16,99.16,99.16,99.16,99.16,99.16,99.16,99.16,99.30,99.30,99.30,99.30,99.30,100.00,100.00,100.00,100.00,100.00,100.00,100.00,100.00,100.00,100.00,100.00
73.47
SmoteMaxBag
0.00,15.22,22.66,30.09,34.46,37.37,40.01,42.34,44.47,46.47,47.83,49.24,50.70,52.09,53.38,54.52,55.73,56.75,57.42,58.20,58.90,59.66,60.47,61.23,61.93,62.65,63.31,63.97,64.60,65.29,65.88,66.42,66.88,67.31,67.79,68.08,68.19,68.91,73.72,80.45,84.41,86.97,88.64,90.26,91.53,92.37,93.61,94.51,94.85,95.21,95.33,95.36,95.42,95.46,95.48,95.75,95.97,95.98,95.99,96.07,96.32,96.86,97.84,98.04,98.07,98.16,98.36,98.50,98.51,98.51,98.51,98.53,98.57,98.60,98.61,98.61,98.61,98.61,98.61,98.61,98.61,98.61,98.61,98.61,98.61,99.27,99.27,99.27,99.27,99.27,100.00,100.00,100.00,100.00,100.00,100.00,100.00,100.00,100.00,100.00,100.00
58.9
VoteBag
0.00,11.86,19.15,23.13,25.72,28.00,30.05,31.93,33.49,34.93,36.27,37.55,38.67,39.83,40.74,41.58,42.41,43.18,43.95,44.68,45.40,46.12,46.83,47.51,48.12,48.76,49.35,49.80,50.31,50.73,51.11,51.38,51.66,53.93,60.18,67.64,72.74,76.46,78.93,81.16,83.42,85.05,86.69,88.53,89.88,90.59,91.23,91.50,91.64,91.96,92.23,92.34,92.56,92.94,93.11,93.14,93.28,93.62,94.31,95.23,96.03,96.42,96.49,96.66,97.01,97.32,97.40,97.40,97.40,97.41,97.66,97.98,98.10,98.32,98.36,98.43,98.43,98.43,98.43,98.43,98.43,98.43,98.53,98.53,98.54,99.26,99.26,99.26,99.26,99.27,100.00,100.00,100.00,100.00,100.00,100.00,100.00,100.00,100.00,100.00,100.00
45.4
ROSVoteBag
0.00,15.26,22.13,29.74,34.12,37.34,40.00,42.53,44.66,46.66,48.32,49.64,51.12,52.53,53.76,55.00,56.18,57.25,57.83,58.61,59.45,60.24,61.01,61.74,62.47,63.18,63.84,64.53,65.20,65.91,66.49,67.01,67.40,67.95,68.32,68.68,68.70,68.93,73.39,80.49,84.45,87.39,89.04,91.04,92.50,93.35,94.64,95.33,95.53,95.67,95.69,95.74,95.86,95.88,95.88,96.12,96.18,96.20,96.20,96.21,96.53,97.15,98.35,98.41,98.42,98.48,98.55,98.55,98.55,98.55,98.55,98.55,98.58,98.58,98.58,98.58,98.58,98.58,98.58,98.58,98.58,98.58,98.58,98.58,98.58,99.27,99.27,99.27,99.27,99.27,100.00,100.00,100.00,100.00,100.00,100.00,100.00,100.00,100.00,100.00,100.00
59.45
RUSVoteBag
0.00,18.28,25.80,32.68,39.72,44.26,47.74,49.95,52.35,54.72,56.85,58.88,60.58,61.74,63.23,64.65,65.95,67.22,68.31,69.50,70.17,70.76,71.58,72.09,72.88,73.69,74.46,75.19,75.89,76.55,77.24,77.92,78.57,79.22,79.79,80.27,80.69,81.13,81.56,81.67,81.85,83.74,88.36,91.66,93.03,94.27,95.15,95.67,96.47,96.94,97.04,97.09,97.12,97.12,97.13,97.13,97.13,97.14,97.15,97.15,97.15,97.29,97.69,98.49,99.00,99.07,99.07,99.08,99.08,99.08,99.08,99.08,99.08,99.08,99.08,99.08,99.08,99.09,99.09,99.09,99.09,99.09,99.09,99.09,99.09,99.27,99.27,99.27,99.27,99.27,100.00,100.00,100.00,100.00,100.00,100.00,100.00,100.00,100.00,100.00,100.00
70.17
SmoteVoteBag
0.00,14.71,22.48,29.04,32.83,35.56,38.09,40.26,42.28,43.82,45.15,46.64,47.99,49.31,50.53,51.64,52.77,53.45,54.26,55.04,55.78,56.57,57.33,58.04,58.73,59.42,60.07,60.72,61.36,61.97,62.48,62.93,63.41,63.85,64.09,64.18,65.63,70.70,77.22,81.62,84.42,86.31,88.21,89.72,90.77,91.99,93.16,93.76,94.20,94.42,94.50,94.66,94.74,94.79,94.94,95.29,95.41,95.42,95.45,95.64,96.14,96.83,97.66,97.77,97.80,98.00,98.29,98.33,98.34,98.34,98.34,98.43,98.49,98.55,98.55,98.57,98.57,98.57,98.57,98.57,98.57,98.57,98.57,98.57,98.57,99.27,99.27,99.27,99.27,99.27,100.00,100.00,100.00,100.00,100.00,100.00,100.00,100.00,100.00,100.00,100.00
55.78
