MaxBag
0.50,20.70,28.11,32.35,35.18,37.79,39.94,41.48,42.41,43.02,43.60,45.04,48.57,53.79,59.21,63.50,66.94,69.49,71.85,74.18,76.15,77.40,78.08,78.69,79.46,80.21,80.71,81.35,82.02,82.77,83.77,84.72,85.75,86.70,87.51,88.44,89.65,90.82,92.00,92.86,93.23,93.51,94.01,94.58,95.06,95.61,96.07,96.34,96.42,96.44,96.56,96.78,96.91,96.97,97.03,97.05,97.05,97.07,97.16,97.57,97.71,97.75,97.96,98.10,98.12,98.46,98.61,98.61,98.62,98.98,99.11,99.11,99.11,99.50,99.50,99.50,99.50,100.00,100.00,100.00,100.00,100.00,100.00,100.00,100.00,100.00,100.00,100.00,100.00,100.00,100.00,100.00,100.00,100.00,100.00,100.00,100.00,100.00,100.00,100.00,100.00
76.15
ROSMaxBag
0.50,21.48,31.27,37.15,40.79,44.33,46.74,48.66,50.97,53.17,54.94,56.45,57.67,58.32,58.86,59.31,59.64,60.04,60.51,61.62,63.75,66.96,70.57,73.92,76.62,78.68,80.77,82.63,84.00,84.96,85.53,85.98,86.55,86.88,87.29,87.75,88.18,88.87,89.56,90.50,91.34,92.26,93.35,94.29,94.96,95.43,95.72,96.06,96.49,96.84,97.13,97.32,97.40,97.47,97.60,97.74,97.86,97.88,97.89,97.91,97.97,98.09,98.21,98.29,98.36,98.45,98.63,98.70,98.82,98.94,99.18,99.18,99.37,99.51,99.51,99.51,99.51,100.00,100.00,100.00,100.00,100.00,100.00,100.00,100.00,100.00,100.00,100.00,100.00,100.00,100.00,100.00,100.00,100.00,100.00,100.00,100.00,100.00,100.00,100.00,100.00
63.75
RUSMaxBag
0.50,21.62,30.91,38.49,43.18,46.56,49.25,52.49,54.40,55.95,58.05,60.24,62.12,63.66,65.10,66.37,67.00,67.52,67.96,68.39,68.78,69.14,69.42,69.58,69.78,70.43,71.63,73.66,75.71,77.81,80.28,82.56,84.50,86.04,87.22,88.20,88.95,89.35,89.71,90.03,90.38,90.84,91.41,91.98,92.66,93.54,94.48,95.19,95.82,96.43,96.88,97.17,97.44,97.70,97.84,97.99,98.10,98.22,98.34,98.40,98.50,98.53,98.57,98.63,98.71,98.74,98.78,98.79,98.84,98.95,99.05,99.10,99.39,99.47,99.53,99.56,99.56,99.92,99.92,99.99,100.00,100.00,100.00,100.00,100.00,100.00,100.00,100.00,100.00,100.00,100.00,100.00,100.00,100.00,100.00,100.00,100.00,100.00,100.00,100.00,100.00
68.78
SmoteMaxBag
0.50,21.67,31.38,35.95,39.87,43.00,45.13,47.56,49.86,51.58,53.10,54.00,54.69,55.22,55.51,55.83,56.49,58.17,61.34,65.54,69.52,72.71,75.29,77.67,79.79,81.62,82.90,83.70,84.27,84.79,85.32,85.77,86.16,86.62,87.19,87.85,88.65,89.53,90.37,91.38,92.48,93.54,94.39,94.93,95.26,95.56,95.95,96.38,96.79,97.07,97.27,97.32,97.39,97.52,97.68,97.82,97.89,97.91,97.93,97.94,97.99,98.10,98.22,98.31,98.43,98.48,98.63,98.63,98.91,98.96,99.10,99.10,99.41,99.54,99.56,99.56,99.56,100.00,100.00,100.00,100.00,100.00,100.00,100.00,100.00,100.00,100.00,100.00,100.00,100.00,100.00,100.00,100.00,100.00,100.00,100.00,100.00,100.00,100.00,100.00,100.00
69.52
VoteBag
0.50,20.28,26.55,30.51,33.23,35.55,37.07,37.99,38.64,39.90,43.60,49.54,55.16,59.92,63.62,66.52,69.12,71.48,73.58,75.13,75.83,76.34,77.17,78.05,78.61,79.21,79.96,80.78,81.74,82.86,83.92,85.01,85.97,86.73,87.76,88.96,90.15,91.36,92.20,92.57,92.86,93.38,94.03,94.58,95.15,95.68,95.97,96.09,96.11,96.22,96.38,96.57,96.69,96.75,96.83,96.83,96.83,96.93,97.08,97.57,97.61,97.61,98.00,98.04,98.05,98.50,98.54,98.54,98.54,99.00,99.04,99.04,99.04,99.50,99.50,99.50,99.50,100.00,100.00,100.00,100.00,100.00,100.00,100.00,100.00,100.00,100.00,100.00,100.00,100.00,100.00,100.00,100.00,100.00,100.00,100.00,100.00,100.00,100.00,100.00,100.00
75.83
ROSVoteBag
0.50,21.53,31.12,35.68,39.57,42.67,44.69,47.02,49.33,50.98,52.50,53.35,54.00,54.50,54.81,55.18,56.25,59.15,62.97,67.23,70.71,73.45,75.86,78.10,80.16,81.76,82.69,83.33,83.93,84.45,85.00,85.42,85.84,86.31,86.92,87.71,88.63,89.44,90.35,91.50,92.61,93.59,94.23,94.59,95.02,95.44,95.86,96.28,96.69,96.93,97.03,97.07,97.20,97.38,97.49,97.54,97.56,97.57,97.58,97.66,97.82,97.97,98.07,98.22,98.32,98.47,98.71,98.74,98.82,98.97,99.24,99.24,99.34,99.51,99.51,99.51,99.51,100.00,100.00,100.00,100.00,100.00,100.00,100.00,100.00,100.00,100.00,100.00,100.00,100.00,100.00,100.00,100.00,100.00,100.00,100.00,100.00,100.00,100.00,100.00,100.00
70.71
RUSVoteBag
0.50,21.63,31.45,38.56,42.16,45.29,48.73,50.74,52.33,54.68,56.84,58.61,60.09,61.48,62.19,62.74,63.25,63.68,64.03,64.34,64.63,65.24,66.69,68.79,71.78,74.98,77.40,79.72,81.78,83.69,85.16,86.17,86.81,87.26,87.76,88.17,88.53,88.97,89.44,89.97,90.77,91.57,92.46,93.45,94.37,95.16,95.67,96.08,96.42,96.80,97.14,97.37,97.59,97.70,97.78,97.90,98.03,98.15,98.19,98.20,98.23,98.28,98.36,98.49,98.52,98.58,98.68,98.73,98.85,98.97,99.14,99.15,99.43,99.51,99.51,99.51,99.51,100.00,100.00,100.00,100.00,100.00,100.00,100.00,100.00,100.00,100.00,100.00,100.00,100.00,100.00,100.00,100.00,100.00,100.00,100.00,100.00,100.00,100.00,100.00,100.00
64.63
SmoteVoteBag
0.50,21.35,30.77,34.83,38.78,41.32,43.92,46.18,47.86,49.27,50.09,50.78,51.19,51.70,53.01,55.95,60.49,65.24,68.98,71.87,74.19,76.48,78.65,80.28,81.32,81.91,82.49,83.11,83.71,84.15,84.65,85.14,85.74,86.48,87.43,88.27,89.21,90.13,91.23,92.43,93.36,93.99,94.35,94.65,95.09,95.53,95.99,96.36,96.64,96.71,96.74,96.84,97.01,97.18,97.29,97.38,97.46,97.47,97.48,97.57,97.73,97.86,98.00,98.14,98.30,98.41,98.61,98.61,98.81,98.89,99.09,99.10,99.31,99.50,99.51,99.51,99.51,100.00,100.00,100.00,100.00,100.00,100.00,100.00,100.00,100.00,100.00,100.00,100.00,100.00,100.00,100.00,100.00,100.00,100.00,100.00,100.00,100.00,100.00,100.00,100.00
74.19
