MaxBag
0.30,35.77,45.92,52.20,56.58,59.62,62.00,64.14,65.88,67.21,68.21,69.00,69.65,70.19,70.72,71.24,71.65,71.97,72.26,72.53,72.74,72.98,74.59,78.71,83.43,86.29,87.69,88.81,89.99,91.07,92.03,92.85,93.44,93.86,94.35,94.71,95.00,95.30,95.80,96.26,96.60,96.78,96.91,97.00,97.08,97.13,97.28,97.48,97.64,97.77,97.85,97.88,97.97,98.18,98.35,98.43,98.49,98.56,98.61,98.64,98.73,98.90,99.07,99.17,99.21,99.26,99.33,99.41,99.46,99.47,99.53,99.65,99.75,99.81,99.83,99.83,99.86,99.87,99.88,99.91,99.98,99.98,99.98,99.98,99.98,99.98,99.98,100.00,100.00,100.00,100.00,100.00,100.00,100.00,100.00,100.00,100.00,100.00,100.00,100.00,100.00
72.74
ROSMaxBag
0.31,38.85,50.47,58.04,63.21,67.03,69.87,72.42,74.47,76.40,77.80,78.98,79.96,80.77,81.48,81.97,82.49,83.03,83.54,84.01,84.37,84.68,84.96,85.23,85.45,85.70,86.31,88.42,91.32,93.06,93.93,94.63,95.26,95.87,96.43,96.95,97.24,97.44,97.63,97.75,97.85,98.09,98.40,98.59,98.70,98.76,98.80,98.85,98.89,98.98,99.10,99.17,99.22,99.23,99.25,99.31,99.37,99.40,99.41,99.43,99.44,99.46,99.51,99.59,99.68,99.76,99.78,99.80,99.82,99.84,99.85,99.87,99.90,99.92,99.93,99.93,99.93,99.95,99.95,99.96,99.99,99.99,99.99,99.99,99.99,99.99,99.99,100.00,100.00,100.00,100.00,100.00,100.00,100.00,100.00,100.00,100.00,100.00,100.00,100.00,100.00
84.37
RUSMaxBag
0.32,38.16,50.58,58.45,64.05,68.46,71.67,74.27,76.70,78.47,80.41,81.61,82.84,83.92,84.80,85.52,86.17,86.68,87.12,87.53,87.90,88.37,88.79,89.21,89.53,89.77,90.05,90.30,90.52,90.71,90.94,91.73,93.30,94.84,95.89,96.49,96.94,97.39,97.78,98.13,98.35,98.50,98.59,98.66,98.75,98.93,99.10,99.22,99.27,99.30,99.33,99.36,99.44,99.51,99.57,99.59,99.60,99.61,99.64,99.67,99.69,99.70,99.71,99.71,99.73,99.76,99.82,99.85,99.87,99.89,99.90,99.91,99.92,99.94,99.95,99.96,99.96,99.96,99.96,99.98,99.98,100.00,100.00,100.00,100.00,100.00,100.00,100.00,100.00,100.00,100.00,100.00,100.00,100.00,100.00,100.00,100.00,100.00,100.00,100.00,100.00
87.9
SmoteMaxBag
0.31,39.66,51.61,59.24,64.55,68.59,71.47,74.15,76.25,78.20,79.67,80.88,81.89,82.69,83.46,83.97,84.48,85.00,85.56,86.05,86.42,86.73,87.03,87.30,87.53,87.76,88.26,89.90,92.53,94.12,94.92,95.49,96.00,96.53,97.03,97.50,97.76,97.88,98.06,98.20,98.30,98.46,98.71,98.85,98.95,98.99,99.03,99.12,99.16,99.24,99.33,99.37,99.41,99.42,99.43,99.46,99.50,99.52,99.53,99.55,99.56,99.58,99.60,99.65,99.72,99.80,99.80,99.82,99.85,99.86,99.87,99.88,99.91,99.92,99.93,99.93,99.94,99.95,99.95,99.97,99.99,99.99,99.99,99.99,99.99,99.99,99.99,100.00,100.00,100.00,100.00,100.00,100.00,100.00,100.00,100.00,100.00,100.00,100.00,100.00,100.00
86.42
VoteBag
0.28,35.77,45.76,52.14,56.46,59.43,61.78,63.93,65.61,66.92,67.86,68.67,69.29,69.84,70.39,70.90,71.30,71.62,71.90,72.13,72.45,73.40,76.45,81.00,84.72,86.85,88.19,89.28,90.40,91.40,92.29,92.99,93.49,93.95,94.38,94.68,95.02,95.45,95.96,96.35,96.63,96.80,96.92,97.06,97.14,97.21,97.38,97.52,97.65,97.76,97.84,97.91,98.02,98.21,98.33,98.39,98.48,98.53,98.58,98.65,98.76,98.91,99.03,99.09,99.13,99.19,99.24,99.32,99.35,99.37,99.45,99.56,99.65,99.69,99.71,99.73,99.78,99.79,99.83,99.85,99.96,99.96,99.96,99.96,99.96,99.97,99.97,100.00,100.00,100.00,100.00,100.00,100.00,100.00,100.00,100.00,100.00,100.00,100.00,100.00,100.00
72.45
ROSVoteBag
0.31,39.35,51.25,58.90,64.25,68.24,71.10,73.76,75.82,77.80,79.25,80.49,81.50,82.29,83.06,83.60,84.10,84.63,85.17,85.65,86.06,86.36,86.67,86.95,87.16,87.38,87.89,89.52,92.23,94.00,94.83,95.42,95.98,96.48,96.97,97.43,97.71,97.85,98.05,98.18,98.28,98.45,98.70,98.85,98.93,98.96,99.01,99.09,99.11,99.20,99.30,99.35,99.39,99.40,99.41,99.45,99.49,99.50,99.52,99.55,99.55,99.58,99.60,99.64,99.71,99.78,99.79,99.81,99.83,99.85,99.85,99.86,99.89,99.91,99.92,99.92,99.93,99.94,99.94,99.96,99.99,99.99,99.99,99.99,99.99,99.99,99.99,100.00,100.00,100.00,100.00,100.00,100.00,100.00,100.00,100.00,100.00,100.00,100.00,100.00,100.00
86.06
RUSVoteBag
0.31,38.28,50.50,58.43,63.99,68.23,71.40,74.03,76.28,78.20,79.98,81.18,82.38,83.40,84.18,84.92,85.50,85.98,86.40,86.82,87.31,87.77,88.20,88.49,88.76,89.04,89.30,89.50,89.70,90.01,91.02,92.86,94.55,95.50,96.12,96.60,97.05,97.48,97.87,98.13,98.28,98.40,98.48,98.56,98.75,98.95,99.10,99.17,99.21,99.24,99.28,99.36,99.44,99.50,99.53,99.55,99.56,99.58,99.62,99.64,99.66,99.67,99.68,99.69,99.71,99.76,99.81,99.84,99.85,99.87,99.89,99.90,99.91,99.93,99.94,99.95,99.95,99.95,99.96,99.97,99.98,100.00,100.00,100.00,100.00,100.00,100.00,100.00,100.00,100.00,100.00,100.00,100.00,100.00,100.00,100.00,100.00,100.00,100.00,100.00,100.00
87.31
SmoteVoteBag
0.31,39.55,51.28,58.92,64.26,68.07,70.95,73.51,75.65,77.52,78.97,80.13,81.09,81.91,82.61,83.08,83.64,84.20,84.72,85.17,85.50,85.81,86.10,86.34,86.56,86.92,88.09,90.71,92.93,94.05,94.73,95.29,95.84,96.37,96.90,97.29,97.48,97.65,97.85,97.96,98.10,98.35,98.57,98.69,98.78,98.83,98.93,98.99,99.04,99.15,99.22,99.27,99.30,99.30,99.32,99.36,99.40,99.43,99.45,99.47,99.49,99.52,99.56,99.62,99.71,99.76,99.78,99.80,99.83,99.85,99.85,99.87,99.90,99.91,99.91,99.92,99.93,99.94,99.94,99.96,99.99,99.99,99.99,99.99,99.99,99.99,99.99,100.00,100.00,100.00,100.00,100.00,100.00,100.00,100.00,100.00,100.00,100.00,100.00,100.00,100.00
85.5
