Simple
0.7857,0.7333,0.7586,0.8669
0.5385,0.4118,0.4667,0.6652
0.3846,0.5556,0.4545,0.7963
0.3846,0.8333,0.5263,0.8199
0.6429,0.6429,0.6429,0.7251
0.6429,0.9,0.75,0.9535
0.6429,0.6923,0.6667,0.8538
0.7857,0.7333,0.7586,0.9178
0.6429,0.8182,0.72,0.9261
0.7143,0.7692,0.7407,0.9535
0.6429,0.75,0.6923,0.8198
0.6429,0.6,0.6207,0.8613
0.7857,0.7333,0.7586,0.8596
0.7143,0.8333,0.7692,0.7857
0.5714,0.6154,0.5926,0.8131
0.5,0.5833,0.5385,0.8015
0.7857,0.7857,0.7857,0.9186
0.7692,0.6667,0.7143,0.8226
0.6923,0.75,0.72,0.9414
0.6154,0.6154,0.6154,0.7946
0.5714,0.7273,0.64,0.8945
0.6923,0.6,0.6429,0.8855
0.7692,0.5882,0.6667,0.8339
0.5385,0.6364,0.5833,0.8418
0.6429,0.9,0.75,0.9095
0.7857,0.7333,0.7586,0.8854
0.4286,0.6667,0.5217,0.8987
0.7143,0.7692,0.7407,0.9319
0.5714,0.8889,0.6957,0.809
0.7857,0.9167,0.8462,0.9211
0.5714,0.8889,0.6957,0.8555
0.6923,0.6,0.6429,0.8409
0.8462,0.7857,0.8148,0.9502
0.8462,0.6111,0.7097,0.9117
0.6429,1.0,0.7826,0.8837
0.7143,0.7692,0.7407,0.9186
0.7143,0.7692,0.7407,0.897
0.5714,0.6667,0.6154,0.8032
0.7143,0.6667,0.6897,0.8547
0.3571,0.625,0.4545,0.7475
0.5714,0.5714,0.5714,0.776
0.7692,0.625,0.6897,0.7509
0.6923,0.6923,0.6923,0.8094
0.6923,0.6923,0.6923,0.9423
0.5714,0.8889,0.6957,0.8355
0.9286,0.6842,0.7879,0.9709
0.5714,0.6154,0.5926,0.8239
0.6429,0.6923,0.6667,0.8339
0.7857,0.9167,0.8462,0.9261
0.4286,0.5455,0.48,0.8231
0.7143,0.7692,0.7407,0.8604
0.7143,0.625,0.6667,0.8729
0.7857,0.7333,0.7586,0.8256
0.8571,0.75,0.8,0.8837
0.8571,0.8,0.8276,0.8987
0.9286,0.619,0.7429,0.8771
0.8571,0.8571,0.8571,0.9178
0.7692,0.5263,0.625,0.7413
0.6154,0.5333,0.5714,0.8243
0.6923,0.9,0.7826,0.8934
0.6429,0.6923,0.6667,0.862
0.3846,0.5556,0.4545,0.7797
0.7692,0.6667,0.7143,0.8094
0.9231,0.8571,0.8889,0.9205
0.5,0.7778,0.6087,0.8447
0.7143,0.7143,0.7143,0.8812
0.7143,0.5882,0.6452,0.7367
0.9286,0.7647,0.8387,0.9095
0.5714,0.6667,0.6154,0.814
0.5714,0.7273,0.64,0.8513
0.7857,0.6875,0.7333,0.858
0.7143,0.5556,0.625,0.7226
0.6429,0.6429,0.6429,0.8729
0.8571,0.9231,0.8889,0.9643
0.3571,0.625,0.4545,0.8754
0.3571,0.5,0.4167,0.8223
0.5714,0.7273,0.64,0.799
0.7692,0.8333,0.8,0.9362
0.7692,0.5882,0.6667,0.8383
0.6923,0.6429,0.6667,0.91
0.5,0.5833,0.5385,0.7256
0.6429,0.6923,0.6667,0.9037
0.6429,0.75,0.6923,0.9053
0.6429,1.0,0.7826,0.8364
0.7143,0.625,0.6667,0.8339
0.5,0.5833,0.5385,0.7807
0.7857,0.6875,0.7333,0.8762
0.6923,0.8182,0.75,0.875
0.5385,0.6364,0.5833,0.7579
0.6923,0.6,0.6429,0.7325
0.6429,0.9,0.75,0.9789
0.7692,0.5556,0.6452,0.8575
0.8462,0.6471,0.7333,0.9318
0.6923,0.9,0.7826,0.8593
0.5714,0.7273,0.64,0.8032
0.6429,0.5625,0.6,0.8173
0.7143,0.7143,0.7143,0.8239
0.5,0.5833,0.5385,0.7832
1.0,0.8235,0.9032,0.9784
0.5714,0.8889,0.6957,0.8829
0.7143,0.7143,0.7143,0.901
0.5714,0.4706,0.5161,0.8048
0.5714,0.8,0.6667,0.8364
0.2857,0.8,0.4211,0.7467
0.5,0.5385,0.5185,0.76
0.7857,0.6875,0.7333,0.8962
0.7143,0.7692,0.7407,0.8231
0.7692,0.7692,0.7692,0.9178
0.6154,0.7273,0.6667,0.7946
0.8462,0.8462,0.8462,0.9292
0.7857,0.7333,0.7586,0.8985
0.7692,0.7692,0.7692,0.8147
0.3077,0.8,0.4444,0.8295
0.6923,0.6429,0.6667,0.9126
0.7857,0.5789,0.6667,0.7949
0.5714,0.6154,0.5926,0.8073
0.7143,1.0,0.8333,0.887
0.7143,0.7692,0.7407,0.9377
0.6429,0.9,0.75,0.7517
0.5714,1.0,0.7273,0.8455
0.7857,0.6875,0.7333,0.9213
0.7692,0.7692,0.7692,0.8741
0.6923,0.75,0.72,0.7815
0.5385,0.6364,0.5833,0.9117
0.7857,0.8462,0.8148,0.9136
0.8571,0.75,0.8,0.8995
0.4286,0.5,0.4615,0.7708
0.8571,0.7059,0.7742,0.936
0.5,0.5833,0.5385,0.8414
0.7143,0.8333,0.7692,0.9252
0.8571,0.9231,0.8889,0.9269
0.7692,0.7692,0.7692,0.9222
0.6923,0.8182,0.75,0.9161
0.5385,0.5833,0.56,0.8164
0.6429,0.75,0.6923,0.863
0.7143,0.7692,0.7407,0.8987
0.7143,0.7692,0.7407,0.8547
0.6429,0.75,0.6923,0.7832
0.7143,0.8333,0.7692,0.8164
0.5,0.875,0.6364,0.8555
0.8571,0.7059,0.7742,0.8726
0.6923,0.75,0.72,0.8846
0.6923,0.6429,0.6667,0.8156
0.6923,0.5294,0.6,0.875
0.6429,0.6,0.6207,0.8688
0.7143,0.5263,0.6061,0.765
0.6429,0.6429,0.6429,0.7899
0.5,0.7778,0.6087,0.8488
0.7857,0.7857,0.7857,0.9045
0.7143,0.8333,0.7692,0.9161
0.7857,0.6875,0.7333,0.8442
0.6923,0.75,0.72,0.8453
0.8462,0.7333,0.7857,0.889
0.6154,0.8,0.6957,0.7963
0.7857,0.7333,0.7586,0.9153
0.7143,0.7143,0.7143,0.7807
0.6429,0.5625,0.6,0.8704
0.5714,0.4444,0.5,0.7259
0.7143,0.9091,0.8,0.8654
0.6429,0.75,0.6923,0.7575
0.5,0.5833,0.5385,0.7687
0.6923,0.5294,0.6,0.757
0.6923,0.75,0.72,0.9073
0.6154,0.8,0.6957,0.826
0.7143,0.9091,0.8,0.9477
0.5714,0.8889,0.6957,0.8787
0.6429,0.8182,0.72,0.9169
0.8571,0.7059,0.7742,0.8331
0.5714,0.8,0.6667,0.9128
0.5,0.7778,0.6087,0.7334
0.4286,0.5455,0.48,0.8693
1.0,0.65,0.7879,0.8977
0.5385,0.6364,0.5833,0.771
0.5385,0.5833,0.56,0.8182
0.4286,1.0,0.6,0.8671
0.8571,0.8,0.8276,0.9452
0.7143,0.8333,0.7692,0.9053
0.6429,0.75,0.6923,0.7841
0.7857,0.6875,0.7333,0.9095
0.7143,0.7692,0.7407,0.8596
0.6429,0.9,0.75,0.9205
0.9231,0.75,0.8276,0.9502
0.6923,0.6923,0.6923,0.8269
0.6923,0.75,0.72,0.8724
0.8571,0.5455,0.6667,0.8505
0.7143,0.7143,0.7143,0.7757
0.7857,0.7333,0.7586,0.8339
0.5714,0.7273,0.64,0.7832
0.8571,0.8571,0.8571,0.9767
0.7143,0.8333,0.7692,0.9061
0.5,0.875,0.6364,0.8929
0.6154,0.4706,0.5333,0.7343
0.6923,0.75,0.72,0.9292
0.7692,0.7143,0.7407,0.8759
0.5714,0.7273,0.64,0.8289
0.8571,0.75,0.8,0.9468
0.7857,0.7857,0.7857,0.912
0.7143,0.7143,0.7143,0.8779
0.4286,0.6,0.5,0.7683
0.8571,0.7059,0.7742,0.907
0.8571,0.8,0.8276,0.931
0.6154,0.5333,0.5714,0.833
0.6923,0.75,0.72,0.8872
0.5385,0.5385,0.5385,0.757
0.8571,0.5217,0.6486,0.8455
0.6429,0.75,0.6923,0.8555
0.8571,0.75,0.8,0.9003
0.6429,0.6923,0.6667,0.7708
0.5,0.7778,0.6087,0.8588
0.8571,0.6667,0.75,0.9145
0.7143,0.7692,0.7407,0.858
0.7692,0.7692,0.7692,0.9642
0.6154,0.7273,0.6667,0.9065
0.4615,0.75,0.5714,0.7238
0.8571,0.6667,0.75,0.912
0.8571,0.6316,0.7273,0.9095
0.5714,0.8,0.6667,0.9277
0.6429,0.6923,0.6667,0.8688
0.7857,0.6875,0.7333,0.8804
0.6429,0.9,0.75,0.7658
0.7143,0.8333,0.7692,0.9123
0.7857,0.7333,0.7586,0.8248
0.7857,0.9167,0.8462,0.887
0.5,0.7,0.5833,0.8488
0.7143,0.5263,0.6061,0.7757
0.5714,0.7273,0.64,0.843
0.5714,1.0,0.7273,0.8439
0.6923,0.75,0.72,0.7692
0.4615,0.6,0.5217,0.7255
0.8462,0.4783,0.6111,0.8103
0.5714,0.7273,0.64,0.8247
0.9231,0.8571,0.8889,0.972
0.7692,1.0,0.8696,0.8951
0.8462,0.5,0.6286,0.8051
0.6429,0.75,0.6923,0.8812
0.6429,0.9,0.75,0.8779
0.5714,0.5333,0.5517,0.7442
0.7857,0.8462,0.8148,0.9618
0.7857,0.6875,0.7333,0.8854
0.5714,0.8,0.6667,0.8214
0.6429,0.6429,0.6429,0.8929
0.6154,0.8889,0.7273,0.8007
0.6923,0.6,0.6429,0.8733
0.9231,0.6,0.7273,0.8103
0.6429,0.6923,0.6667,0.9053
0.6429,0.5,0.5625,0.7409
0.7857,0.8462,0.8148,0.8214
0.5714,0.8,0.6667,0.8048
0.5,0.7,0.5833,0.8738
0.7143,0.8333,0.7692,0.8547
0.6429,0.75,0.6923,0.8433
0.6429,0.8182,0.72,0.936
0.7857,0.9167,0.8462,0.8555
0.8571,0.7059,0.7742,0.887
0.6429,0.5294,0.5806,0.8239
0.6429,0.6923,0.6667,0.8696
0.5714,0.6667,0.6154,0.848
0.6154,0.6667,0.64,0.8059
0.7692,0.9091,0.8333,0.979
0.6923,0.5625,0.6207,0.8925
0.7857,0.9167,0.8462,0.8929
0.7857,0.7857,0.7857,0.9161
0.7857,0.6875,0.7333,0.887
0.8571,0.8,0.8276,0.8671
0.6429,0.6429,0.6429,0.8439
0.6429,0.75,0.6923,0.8007
0.5714,0.6667,0.6154,0.8032
0.5385,0.5833,0.56,0.7649
0.6154,0.7273,0.6667,0.861
0.4615,0.5,0.48,0.7753
0.6429,0.75,0.6923,0.806
0.6154,0.5714,0.5926,0.8007
0.7692,0.6667,0.7143,0.9047
0.6154,0.8,0.6957,0.9406
0.7857,0.6875,0.7333,0.863
0.7143,0.625,0.6667,0.8189
0.7143,0.5882,0.6452,0.7949
0.6429,0.9,0.75,0.9294
0.5,0.7,0.5833,0.8829
0.7857,0.7333,0.7586,0.8895
0.7143,0.7692,0.7407,0.9399
0.6923,0.6923,0.6923,0.8112
0.6154,0.6667,0.64,0.7771
0.6154,0.6154,0.6154,0.8226
0.7857,0.9167,0.8462,0.8846
0.7143,0.5556,0.625,0.799
0.4286,0.6,0.5,0.7691
0.7857,0.6111,0.6875,0.8796
0.7857,0.7857,0.7857,0.8937
0.5714,0.8,0.6667,0.838
0.7143,0.9091,0.8,0.9391
0.4615,0.6667,0.5455,0.8313
0.4615,0.6667,0.5455,0.7107
0.6923,0.6429,0.6667,0.8024
0.5714,0.6154,0.5926,0.8671
0.7143,0.6667,0.6897,0.8297
0.8571,0.9231,0.8889,0.9859
0.7143,0.8333,0.7692,0.8721
0.6429,0.6429,0.6429,0.7425
0.7857,0.7857,0.7857,0.848
0.7857,0.6111,0.6875,0.8644
0.7143,0.5882,0.6452,0.8671
0.6429,0.6923,0.6667,0.8314
0.7143,0.625,0.6667,0.8048
0.6429,0.8182,0.72,0.9111
0.6429,0.75,0.6923,0.8571
0.5714,0.8,0.6667,0.8314
0.9231,0.7059,0.8,0.9476
0.6923,0.6429,0.6667,0.854
0.7692,0.6667,0.7143,0.8514
0.6429,0.75,0.6923,0.8864
0.4615,0.75,0.5714,0.7535
0.7692,0.7692,0.7692,0.9353
0.6923,0.9,0.7826,0.8802
0.6429,0.6429,0.6429,0.7849
0.7143,0.8333,0.7692,0.902
0.7857,0.6471,0.7097,0.8879
0.5714,0.8,0.6667,0.8015
0.7143,0.8333,0.7692,0.9153
0.7857,0.5789,0.6667,0.9003
0.7143,0.7143,0.7143,0.8596
0.7692,0.9091,0.8333,0.8767
0.8462,0.6111,0.7097,0.861
0.6154,0.7273,0.6667,0.8715
0.6429,0.9,0.75,0.8746
0.8571,0.6667,0.75,0.8679
0.7857,0.8462,0.8148,0.8679
0.3571,0.625,0.4545,0.8422
0.7857,0.7857,0.7857,0.9477
0.8571,0.6667,0.75,0.8912
0.7857,0.7333,0.7586,0.9026
0.3846,0.7143,0.5,0.8103
0.6923,0.5625,0.6207,0.8112
0.6154,0.6667,0.64,0.8365
0.5,0.7778,0.6087,0.8439
0.7857,0.8462,0.8148,0.912
0.7143,0.7143,0.7143,0.9128
0.5714,0.8,0.6667,0.9153
0.8571,0.8571,0.8571,0.9427
0.7143,0.9091,0.8,0.8837
0.7143,0.625,0.6667,0.8295
0.6923,0.6923,0.6923,0.8418
0.7692,0.625,0.6897,0.8051
0.8462,0.6471,0.7333,0.8462
0.5714,0.8,0.6667,0.8987
0.6429,0.5625,0.6,0.7658
0.5714,0.8889,0.6957,0.9045
0.7857,0.8462,0.8148,0.9169
0.7857,0.6111,0.6875,0.8746
0.5,0.7778,0.6087,0.9078
0.5714,0.6667,0.6154,0.7354
0.9231,0.5714,0.7059,0.8523
0.7692,0.7692,0.7692,0.9143
0.7692,0.6667,0.7143,0.8864
0.4286,0.8571,0.5714,0.8339
0.6429,0.75,0.6923,0.8106
0.5714,0.6667,0.6154,0.7508
0.7857,0.6875,0.7333,0.8829
0.6429,0.9,0.75,0.9095
0.6429,0.75,0.6923,0.8746
0.7143,0.7143,0.7143,0.9416
0.6154,0.6667,0.64,0.771
0.5385,0.6364,0.5833,0.8156
0.6923,0.9,0.7826,0.924
0.5714,0.8,0.6667,0.8746
0.7143,0.6667,0.6897,0.8488
0.7143,0.7692,0.7407,0.843
0.8571,0.7059,0.7742,0.8879
0.6429,0.6,0.6207,0.7973
0.5714,0.6667,0.6154,0.8987
0.7143,0.8333,0.7692,0.8344
1.0,0.8235,0.9032,0.9635
0.8571,0.7059,0.7742,0.9244
0.7143,0.8333,0.7692,0.8945
0.5,0.7778,0.6087,0.8389
0.7143,0.6667,0.6897,0.8804
0.7857,0.6875,0.7333,0.8787
0.8462,0.6471,0.7333,0.9178
0.5385,0.6364,0.5833,0.7089
0.8462,0.7333,0.7857,0.9213
0.7143,0.625,0.6667,0.845
0.6923,0.8182,0.75,0.8706
0.6923,0.6923,0.6923,0.8802
0.6154,0.8,0.6957,0.9091
0.7143,0.625,0.6667,0.8231
0.7143,0.625,0.6667,0.8846
0.6429,0.75,0.6923,0.8596
0.7143,0.9091,0.8,0.9444
0.7857,0.6875,0.7333,0.8297
0.7857,0.7333,0.7586,0.8272
0.7857,0.7333,0.7586,0.892
0.7692,0.7692,0.7692,0.889
0.5385,0.7,0.6087,0.8942
0.8462,0.5789,0.6875,0.8558
0.7143,0.6667,0.6897,0.809
0.6429,0.75,0.6923,0.8239
0.8571,0.8,0.8276,0.9402
0.7143,0.7692,0.7407,0.8472
0.7143,0.625,0.6667,0.814
0.8571,0.6667,0.75,0.8904
0.6429,0.75,0.6923,0.8929
0.7692,0.5556,0.6452,0.8418
0.5385,0.7778,0.6364,0.84
0.9231,0.75,0.8276,0.9755
0.5,0.5833,0.5385,0.8281
0.5714,0.7273,0.64,0.8962
0.6429,0.75,0.6923,0.8638
0.7857,0.7857,0.7857,0.9236
0.7857,0.7857,0.7857,0.9194
0.7143,0.7143,0.7143,0.8613
0.7857,0.6875,0.7333,0.8636
0.8571,0.6316,0.7273,0.8787
0.7857,0.7857,0.7857,0.8821
0.7143,0.7692,0.7407,0.8355
0.5714,0.8889,0.6957,0.8289
0.7857,0.9167,0.8462,0.9718
0.4286,0.4615,0.4444,0.7625
0.6923,0.75,0.72,0.8601
0.6923,0.9,0.7826,0.9274
0.6923,0.6429,0.6667,0.8453
0.6429,0.6429,0.6429,0.8563
0.6923,0.75,0.72,0.8077
0.6923,0.8182,0.75,0.8444
0.6923,0.8182,0.75,0.799
0.7143,0.8333,0.7692,0.8488
0.6429,0.6923,0.6667,0.7674
0.7857,0.6875,0.7333,0.8621
0.5,0.6364,0.56,0.8397
0.3571,0.5556,0.4348,0.6653
0.7143,0.5556,0.625,0.8131
0.8571,0.5714,0.6857,0.8498
0.7143,0.8333,0.7692,0.8547
0.6429,0.5,0.5625,0.8654
0.6429,0.75,0.6923,0.8796
0.8571,0.6667,0.75,0.9194
0.9286,0.7647,0.8387,0.8929
0.7143,0.7143,0.7143,0.8862
0.4615,0.75,0.5714,0.8173
0.4615,0.5455,0.5,0.8033
0.6923,0.9,0.7826,0.7902
0.6429,0.75,0.6923,0.8937
0.6154,0.5333,0.5714,0.7902
0.8462,0.6875,0.7586,0.8837
0.6923,0.8182,0.75,0.8925
0.7143,0.7143,0.7143,0.8563
0.7857,0.7333,0.7586,0.8995
0.7857,0.6111,0.6875,0.8488
0.7857,0.7857,0.7857,0.9186
0.2857,0.5,0.3636,0.7292
0.7857,0.7333,0.7586,0.9485
0.7857,0.5789,0.6667,0.7914
0.7692,0.9091,0.8333,0.8636
0.5385,0.7778,0.6364,0.9484
0.7692,0.8333,0.8,0.9615
0.7143,0.7692,0.7407,0.9252
0.5714,0.7273,0.64,0.8646
0.7143,0.5882,0.6452,0.8073
0.7143,0.5263,0.6061,0.6819
0.6429,0.6923,0.6667,0.8422
1.0,0.7368,0.8485,0.9086
0.7857,0.6111,0.6875,0.8393
0.6923,0.6923,0.6923,0.8016
0.5385,0.6364,0.5833,0.9213
0.9231,0.8,0.8571,0.9642
0.6429,0.8182,0.72,0.8256
0.5714,0.8,0.6667,0.9111
0.5714,0.6667,0.6154,0.8696
0.6429,0.6429,0.6429,0.7575
0.7857,0.8462,0.8148,0.9585
0.9286,0.7647,0.8387,0.9635
0.7857,0.7333,0.7586,0.8328
0.6154,0.5714,0.5926,0.7159
0.6923,0.8182,0.75,0.9143
0.5385,0.5833,0.56,0.8304
0.7857,0.7333,0.7586,0.7882
0.6429,0.8182,0.72,0.8297
0.5,0.5833,0.5385,0.799
0.7143,0.625,0.6667,0.8007
0.8571,0.7059,0.7742,0.9178
0.7143,0.625,0.6667,0.8314
0.6429,0.6923,0.6667,0.7711
0.5,0.5833,0.5385,0.9003
0.7143,0.7692,0.7407,0.8754
0.7143,0.625,0.6667,0.7816
0.7143,0.8333,0.7692,0.8173
0.5714,0.8,0.6667,0.7915
0.9286,0.8667,0.8966,0.985
0.6154,0.4706,0.5333,0.7456
0.6923,0.9,0.7826,0.9371
0.9231,0.8,0.8571,0.9362
0.5714,0.8889,0.6957,0.8458
0.6429,0.6429,0.6429,0.8422
0.5,0.5,0.5,0.8355
0.6429,0.9,0.75,0.9261
0.7143,0.8333,0.7692,0.7791
0.6429,0.75,0.6923,0.887
0.6429,0.75,0.6923,0.8829
0.7692,0.625,0.6897,0.8479
0.6154,0.7273,0.6667,0.8051
0.6923,0.6923,0.6923,0.9065
0.7143,0.7143,0.7143,0.9375
0.5,0.5385,0.5185,0.8447
0.4286,0.4286,0.4286,0.7409
0.8571,0.75,0.8,0.8621
0.8571,0.7059,0.7742,0.9228
0.7857,0.9167,0.8462,0.8713
0.7857,0.6875,0.7333,0.8787
0.6923,0.8182,0.75,0.9222
0.6923,0.75,0.72,0.9012
0.7692,0.7692,0.7692,0.8776
0.6429,0.6923,0.6667,0.8612
0.6154,0.8,0.6957,0.8899
0.6154,0.6154,0.6154,0.8759
0.6154,0.6667,0.64,0.8846
0.7143,0.8333,0.7692,0.8696
0.7143,0.6667,0.6897,0.8696
0.5714,0.8,0.6667,0.8015
0.8571,0.7059,0.7742,0.8339
0.8571,0.75,0.8,0.8322
0.5,0.5385,0.5185,0.8646
0.2857,0.5,0.3636,0.7638
0.6923,0.6429,0.6667,0.9205
0.6923,0.6923,0.6923,0.8252
0.8462,0.6471,0.7333,0.917
0.7143,0.9091,0.8,0.8463
0.7857,0.7333,0.7586,0.9294
0.6429,0.75,0.6923,0.8746
0.7143,0.9091,0.8,0.9377
0.8571,0.6667,0.75,0.9294
0.6429,0.5625,0.6,0.858
0.6429,0.8182,0.72,0.8369
0.7692,0.7692,0.7692,0.9047
0.7692,0.7143,0.7407,0.8654
0.6923,0.75,0.72,0.8951
0.7143,0.5556,0.625,0.8538
0.7143,0.7143,0.7143,0.838
0.4286,0.6,0.5,0.8721
0.9286,0.9286,0.9286,0.9909
0.7857,0.7857,0.7857,0.9252
0.5714,0.8,0.6667,0.8405
0.8571,0.75,0.8,0.9529
0.7692,0.5556,0.6452,0.8016
0.9231,0.8,0.8571,0.9371
0.9231,0.8,0.8571,0.9563
0.6429,0.6923,0.6667,0.9203
0.7143,0.7692,0.7407,0.9178
0.5,0.5,0.5,0.8007
0.7857,0.8462,0.8148,0.8389
0.3571,0.625,0.4545,0.6545
0.6429,0.6,0.6207,0.8978
0.7143,0.625,0.6667,0.8896
0.6923,0.9,0.7826,0.9283
0.7692,0.7143,0.7407,0.8357
0.6154,0.6154,0.6154,0.847
0.6429,0.5625,0.6,0.8081
0.7143,0.7692,0.7407,0.9502
0.5,0.875,0.6364,0.9344
0.6429,0.6923,0.6667,0.7708
0.7143,0.9091,0.8,0.9427
0.6429,0.5625,0.6,0.7816
0.5714,0.8889,0.6957,0.8977
0.7692,0.6667,0.7143,0.903
0.7692,0.9091,0.8333,0.924
0.6923,0.6429,0.6667,0.9318
0.5,0.5833,0.5385,0.7301
0.8571,0.8571,0.8571,0.9659
0.5,0.7,0.5833,0.8214
0.7857,0.7333,0.7586,0.8895
0.7857,0.7333,0.7586,0.936
0.3571,0.7143,0.4762,0.7641
0.7143,0.8333,0.7692,0.8823
0.7143,0.5882,0.6452,0.8439
0.6429,0.6429,0.6429,0.8821
0.7143,0.8333,0.7692,0.843
0.5714,0.6667,0.6154,0.848
0.7143,0.5882,0.6452,0.8729
0.6429,0.6923,0.6667,0.7973
0.6154,0.7273,0.6667,0.9143
0.6923,0.9,0.7826,0.8759
0.6154,0.6667,0.64,0.9135
0.7857,0.7333,0.7586,0.918
0.6923,0.6923,0.6923,0.9135
0.6923,0.6923,0.6923,0.8558
0.9231,0.8,0.8571,0.9073
0.5,0.6364,0.56,0.7949
0.6429,0.8182,0.72,0.8895
0.6429,0.6429,0.6429,0.6952
0.6429,0.6923,0.6667,0.8621
0.6429,0.75,0.6923,0.8887
0.8571,0.6667,0.75,0.9336
0.7857,0.6471,0.7097,0.9026
0.7692,0.7692,0.7692,0.9441
0.7692,0.8333,0.8,0.8514
0.8462,0.7857,0.8148,0.9231
0.5,0.4667,0.4828,0.6645
0.7143,0.7143,0.7143,0.8862
0.7143,0.7692,0.7407,0.8032
0.3571,0.625,0.4545,0.8164
0.7857,0.7857,0.7857,0.9435
0.7143,0.7143,0.7143,0.809
0.7143,0.7692,0.7407,0.8831
0.8462,0.8462,0.8462,0.951
0.6923,0.6923,0.6923,0.8785
0.6923,0.8182,0.75,0.8767
0.7143,0.8333,0.7692,0.8272
0.6429,0.6,0.6207,0.8721
0.5714,0.5714,0.5714,0.74
0.6429,0.6923,0.6667,0.8746
0.6429,0.5294,0.5806,0.8397
0.5714,0.6667,0.6154,0.8837
0.7857,0.6875,0.7333,0.9002
0.6154,0.5714,0.5926,0.7369
0.7692,0.8333,0.8,0.8689
0.6923,0.6429,0.6667,0.8287
0.6429,0.6,0.6207,0.7932
0.6429,0.8182,0.72,0.8397
0.6429,0.75,0.6923,0.799
0.7143,0.625,0.6667,0.8364
0.7857,0.7333,0.7586,0.8945
0.5714,0.8889,0.6957,0.853
0.5714,0.6667,0.6154,0.9026
0.7143,0.6667,0.6897,0.9012
0.6429,0.8182,0.72,0.8912
0.7857,0.7333,0.7586,0.9261
0.6429,0.8182,0.72,0.858
0.5,0.5833,0.5385,0.6703
0.3571,0.625,0.4545,0.8073
0.6923,0.75,0.72,0.875
0.6923,0.6923,0.6923,0.8689
0.9231,0.9231,0.9231,0.993
0.6429,0.75,0.6923,0.7622
0.6429,0.6923,0.6667,0.9153
0.7143,0.7143,0.7143,0.8563
0.7143,0.5882,0.6452,0.7243
0.7143,0.9091,0.8,0.9842
0.7143,0.7692,0.7407,0.8953
0.6429,0.9,0.75,0.8804
0.6154,0.8,0.6957,0.9379
0.8462,0.6875,0.7586,0.9432
0.5385,0.5833,0.56,0.7614
0.8571,0.6,0.7059,0.8247
0.6923,0.9,0.7826,0.9091
0.9231,0.7059,0.8,0.9545
0.9231,0.7059,0.8,0.8846
0.5714,0.5,0.5333,0.8148
0.7857,0.9167,0.8462,0.9319
0.7143,0.6667,0.6897,0.7716
0.5,0.7,0.5833,0.7791
0.7143,0.7692,0.7407,0.9402
0.8571,0.75,0.8,0.9012
0.7857,0.7857,0.7857,0.8239
0.6429,0.6,0.6207,0.8056
0.8571,0.6667,0.75,0.8762
0.7143,0.9091,0.8,0.956
0.4286,0.6,0.5,0.8347
0.7143,0.6667,0.6897,0.8696
0.5714,0.8889,0.6957,0.8754
0.5385,0.6364,0.5833,0.8531
0.4615,0.8571,0.6,0.8199
0.4615,0.6667,0.5455,0.7351
0.7143,0.6667,0.6897,0.8011
0.3846,0.625,0.4762,0.6731
0.6923,0.75,0.72,0.9012
0.8462,0.6875,0.7586,0.8907
0.7143,0.6667,0.6897,0.897
0.7143,0.7143,0.7143,0.9037
0.8571,0.8571,0.8571,0.9643
0.7143,0.8333,0.7692,0.8796
0.7143,0.9091,0.8,0.9676
0.6429,0.8182,0.72,0.8663
0.8571,0.8,0.8276,0.8896
0.9231,0.6667,0.7742,0.9449
0.6154,0.6154,0.6154,0.8558
0.5385,0.7,0.6087,0.7753
0.4286,0.4615,0.4444,0.7101
0.7143,0.6667,0.6897,0.8605
0.6429,0.8182,0.72,0.8738
0.7143,0.7143,0.7143,0.8804
0.5714,0.6667,0.6154,0.7342
0.5714,0.6154,0.5926,0.7475
0.7143,0.625,0.6667,0.7914
0.8462,0.9167,0.88,0.9327
0.3846,0.625,0.4762,0.722
0.6154,0.6667,0.64,0.6932
0.5,0.5385,0.5185,0.7384
0.6429,0.8182,0.72,0.9344
0.7857,0.7857,0.7857,0.9659
0.7143,0.7692,0.7407,0.9244
0.7857,0.7857,0.7857,0.9203
0.4286,0.4615,0.4444,0.8023
0.7143,0.625,0.6667,0.8287
0.8462,0.7333,0.7857,0.9021
0.6923,0.75,0.72,0.9423
0.4615,0.75,0.5714,0.8147
0.7143,0.7143,0.7143,0.9352
0.7143,0.5556,0.625,0.8837
0.7143,0.7692,0.7407,0.8023
0.7143,0.7692,0.7407,0.8937
0.6429,0.5294,0.5806,0.7749
0.7143,0.7143,0.7143,0.8887
0.6429,0.8182,0.72,0.8628
0.6154,0.5333,0.5714,0.7413
0.6923,0.6923,0.6923,0.9301
0.6154,0.8,0.6957,0.8121
0.6429,0.6,0.6207,0.8189
0.7857,0.7333,0.7586,0.8563
0.8571,0.8571,0.8571,0.9302
0.6429,0.75,0.6923,0.8846
0.7857,0.5789,0.6667,0.7932
0.7143,0.7692,0.7407,0.8837
0.6429,0.5625,0.6,0.7776
0.5385,0.7,0.6087,0.8619
0.8462,0.7857,0.8148,0.9187
0.9231,0.9231,0.9231,0.9895
0.7857,0.8462,0.8148,0.985
0.7143,0.5882,0.6452,0.8123
0.7143,0.6667,0.6897,0.8555
0.6429,0.6,0.6207,0.8297
0.7143,0.7143,0.7143,0.8945
0.8571,0.7059,0.7742,0.912
0.8571,0.7059,0.7742,0.9302
0.6154,0.8,0.6957,0.8392
0.8462,0.7857,0.8148,0.9196
0.6154,0.6154,0.6154,0.8584
0.6429,0.9,0.75,0.8679
0.8571,0.8571,0.8571,0.9635
0.7857,0.6875,0.7333,0.8355
0.5714,0.6667,0.6154,0.789
0.5714,0.6667,0.6154,0.7915
0.7143,0.7143,0.7143,0.8713
0.7143,1.0,0.8333,0.8766
0.6154,0.8,0.6957,0.9065
0.8462,0.7857,0.8148,0.9476
0.5385,0.5,0.5185,0.8348
0.5,0.6364,0.56,0.7857
0.7857,0.7857,0.7857,0.9485
0.6429,0.6923,0.6667,0.9219
0.7857,0.7857,0.7857,0.9211
0.7143,0.7143,0.7143,0.8538
0.5714,0.8889,0.6957,0.9344
0.6429,0.6923,0.6667,0.8807
0.5385,0.875,0.6667,0.8287
0.7692,0.6667,0.7143,0.7841
0.5385,0.5833,0.56,0.8549
0.7143,0.7143,0.7143,0.9369
0.6429,0.5625,0.6,0.8248
0.7857,0.8462,0.8148,0.8729
0.5714,0.8889,0.6957,0.8098
0.7143,0.7692,0.7407,0.9502
0.9286,0.8667,0.8966,0.9369
0.2143,0.2727,0.24,0.6794
0.6154,0.8889,0.7273,0.8855
0.6154,0.6154,0.6154,0.7614
0.5385,0.5385,0.5385,0.7605
0.6429,0.75,0.6923,0.8987
0.7143,0.5882,0.6452,0.8306
0.7143,0.9091,0.8,0.8821
0.7857,0.6471,0.7097,0.8953
0.8571,0.75,0.8,0.8372
0.6429,0.6923,0.6667,0.8181
0.5714,0.7273,0.64,0.8425
0.6923,0.75,0.72,0.7972
0.7692,0.7692,0.7692,0.9231
0.7692,0.7143,0.7407,0.9371
0.6429,1.0,0.7826,0.9294
0.6429,0.6429,0.6429,0.8447
0.3571,0.625,0.4545,0.7807
0.7143,0.8333,0.7692,0.8771
0.4286,0.8571,0.5714,0.9269
0.7143,0.7692,0.7407,0.8613
0.6429,0.75,0.6923,0.8701
0.6154,0.6154,0.6154,0.7308
0.8462,0.8462,0.8462,0.9563
0.6154,0.5333,0.5714,0.8514
0.8571,0.8571,0.8571,0.8953
0.9286,0.7647,0.8387,0.9028
0.5,0.6364,0.56,0.8754
0.5,0.7,0.5833,0.7583
0.7857,0.7857,0.7857,0.9585
0.7143,0.625,0.6667,0.9228
0.6429,0.8182,0.72,0.8011
0.7692,0.7143,0.7407,0.9537
0.6154,0.6667,0.64,0.8706
0.6154,0.6667,0.64,0.8295
0.7857,0.6875,0.7333,0.9435
0.7857,0.6875,0.7333,0.8771
0.8571,0.8,0.8276,0.9277
0.8571,0.7059,0.7742,0.8671
0.6429,0.75,0.6923,0.8547
0.7143,0.5882,0.6452,0.8289
0.7143,0.7692,0.7407,0.9359
0.7143,0.7143,0.7143,0.8804
0.5,0.7,0.5833,0.853
0.9286,0.7647,0.8387,0.9203
0.5714,0.7273,0.64,0.8297
0.5,0.6364,0.56,0.8322
0.7857,0.9167,0.8462,0.9452
0.7692,0.7143,0.7407,0.8689
0.6923,0.6,0.6429,0.8295
0.8462,0.8462,0.8462,0.951
0.6429,0.6,0.6207,0.8279
0.5385,0.4118,0.4667,0.7858
0.6923,0.6923,0.6923,0.9318
0.7692,0.7692,0.7692,0.8191
0.6429,0.75,0.6923,0.8663
0.4286,0.75,0.5455,0.8663
0.6429,0.9,0.75,0.8463
0.5714,0.5714,0.5714,0.7674
0.7143,0.7143,0.7143,0.8654
0.5714,0.7273,0.64,0.8879
0.8571,0.75,0.8,0.8888
0.6923,0.6923,0.6923,0.8724
0.6154,0.6154,0.6154,0.8182
0.8462,0.6111,0.7097,0.8138
0.7143,0.7692,0.7407,0.8887
0.7857,0.7333,0.7586,0.8447
0.7143,0.8333,0.7692,0.9294
0.6429,0.75,0.6923,0.8588
0.8571,0.8571,0.8571,0.9468
0.7143,0.8333,0.7692,0.9385
0.7143,0.625,0.6667,0.8222
0.6154,0.8889,0.7273,0.9161
0.6923,0.6429,0.6667,0.8767
0.6923,0.6,0.6429,0.8147
0.5714,0.6154,0.5926,0.8746
0.9286,0.7647,0.8387,0.9668
0.7857,0.6875,0.7333,0.8522
0.6429,0.9,0.75,0.8173
0.7857,0.6471,0.7097,0.9236
0.7143,0.7143,0.7143,0.8837
0.7857,0.6875,0.7333,0.8271
0.7692,0.7692,0.7692,0.9476
0.4615,0.8571,0.6,0.8601
0.8462,0.9167,0.88,0.9152
0.7143,0.8333,0.7692,0.946
0.5,0.5833,0.5385,0.8422
0.7143,0.4348,0.5405,0.794
0.6429,0.75,0.6923,0.8787
0.7857,0.7857,0.7857,0.9028
0.5,0.5833,0.5385,0.7126
0.6429,0.6923,0.6667,0.7581
0.6154,0.5714,0.5926,0.8601
0.6923,0.6923,0.6923,0.7684
0.6923,0.6429,0.6667,0.8191
0.5,0.5833,0.5385,0.8555
0.6429,0.8182,0.72,0.9003
0.7143,1.0,0.8333,0.8995
0.7857,0.8462,0.8148,0.8837
0.8571,0.75,0.8,0.9269
0.5,0.6364,0.56,0.8173
0.5714,0.5714,0.5714,0.7062
0.6154,0.8,0.6957,0.9021
0.6923,0.6,0.6429,0.7955
0.6154,0.7273,0.6667,0.91
0.7143,0.7692,0.7407,0.8688
0.6429,0.9,0.75,0.9194
0.5714,0.8,0.6667,0.8264
0.7143,0.6667,0.6897,0.8547
0.7143,0.625,0.6667,0.8746
0.7143,0.7143,0.7143,0.843
0.7143,0.5882,0.6452,0.7265
0.3846,0.7143,0.5,0.7762
0.6923,0.8182,0.75,0.8444
0.7692,0.7143,0.7407,0.9073
0.8571,0.8,0.8276,0.9236
0.9286,0.7647,0.8387,0.9659
0.7143,0.7143,0.7143,0.9136
0.5,0.4667,0.4828,0.7068
0.7857,0.5789,0.6667,0.7924
0.5714,0.5714,0.5714,0.8729
0.6429,0.6,0.6207,0.7646
0.7692,0.6667,0.7143,0.8531
0.4615,0.6,0.5217,0.8217
0.6923,0.75,0.72,0.8322
0.5,0.6364,0.56,0.8007
0.7143,0.7692,0.7407,0.8804
0.6429,0.75,0.6923,0.9302
0.7143,0.6667,0.6897,0.794
0.7143,0.7692,0.7407,0.8405
0.7857,0.7857,0.7857,0.9252
0.7857,0.6111,0.6875,0.8466
0.9231,0.8,0.8571,0.965
0.6154,0.6667,0.64,0.7972
0.7692,0.7692,0.7692,0.9423
0.6429,0.75,0.6923,0.8156
0.5,0.875,0.6364,0.9145
0.7143,0.7692,0.7407,0.8414
0.7143,0.7692,0.7407,0.8713
0.6429,0.6429,0.6429,0.8704
0.7143,0.9091,0.8,0.8762
0.5,0.875,0.6364,0.8506
0.5714,0.6154,0.5926,0.7566
0.7857,0.8462,0.8148,0.9269
0.6429,0.75,0.6923,0.9311
0.7857,0.7857,0.7857,0.9302
0.6429,0.6,0.6207,0.9269
0.6429,0.75,0.6923,0.8472
0.6154,0.5333,0.5714,0.7369
0.6923,0.75,0.72,0.8287
0.8462,0.8462,0.8462,0.9589
0.7857,0.6875,0.7333,0.9042
0.7857,0.5789,0.6667,0.7749
0.7857,0.7857,0.7857,0.9419
0.5714,0.8889,0.6957,0.7616
0.5714,0.7273,0.64,0.8945
0.6429,0.6429,0.6429,0.8065
0.6429,1.0,0.7826,0.9668
0.9231,0.75,0.8276,0.924
0.8462,0.7857,0.8148,0.8715
0.4615,0.5455,0.5,0.7736
0.7143,0.6667,0.6897,0.8766
0.9231,0.9231,0.9231,0.9816
0.7692,0.6667,0.7143,0.9187
0.6154,0.6154,0.6154,0.7474
0.6429,0.9,0.75,0.9111
0.7143,0.9091,0.8,0.9095
0.5714,0.6154,0.5926,0.7791
0.6429,0.6,0.6207,0.8472
0.8571,0.6667,0.75,0.8846
0.7143,0.8333,0.7692,0.9302
0.7143,0.6667,0.6897,0.8084
0.6154,0.5714,0.5926,0.8243
0.6154,0.7273,0.6667,0.8042
0.6154,0.7273,0.6667,0.7657
0.8571,0.75,0.8,0.8962
0.6429,1.0,0.7826,0.8563
0.7857,0.5789,0.6667,0.9211
0.6429,0.75,0.6923,0.8895
0.6429,0.6923,0.6667,0.8738
0.7143,0.7143,0.7143,0.809
0.7857,0.7333,0.7586,0.8807
0.6923,0.9,0.7826,0.9117
0.6154,0.7273,0.6667,0.778
0.6154,0.6154,0.6154,0.868
0.6429,0.6429,0.6429,0.8223
0.5714,0.6154,0.5926,0.8007
0.7857,1.0,0.88,0.9792
0.7857,0.6471,0.7097,0.8389
0.6429,0.75,0.6923,0.8297
0.6429,0.75,0.6923,0.9236
0.5714,0.7273,0.64,0.8628
0.6154,0.6667,0.64,0.7823
0.5385,0.7778,0.6364,0.9336
0.6923,0.6,0.6429,0.8969
0.7143,0.9091,0.8,0.9767
0.6429,0.8182,0.72,0.9053
0.6429,0.8182,0.72,0.897
0.6429,0.6,0.6207,0.8995
0.7143,0.7692,0.7407,0.9095
0.7857,0.6875,0.7333,0.8571
0.6429,0.5625,0.6,0.8636
0.6923,0.9,0.7826,0.903
0.7692,0.6667,0.7143,0.8497
0.6154,0.7273,0.6667,0.8767
0.7857,0.5789,0.6667,0.7915
0.4286,1.0,0.6,0.814
0.8571,0.7059,0.7742,0.9203
0.7143,0.9091,0.8,0.9178
0.7143,0.625,0.6667,0.8439
0.5,0.7,0.5833,0.8439
0.8571,0.8,0.8276,0.9359
0.6923,0.6923,0.6923,0.8217
0.6923,0.8182,0.75,0.9143
0.8462,0.7857,0.8148,0.9432
0.6429,0.6429,0.6429,0.8513
0.7143,0.6667,0.6897,0.7865
0.6429,0.6923,0.6667,0.9194
0.6429,0.75,0.6923,0.7832
0.6429,0.75,0.6923,0.8198
0.8571,0.6667,0.75,0.9377
0.4286,0.75,0.5455,0.7873
0.7143,0.8333,0.7692,0.8206
0.7857,0.7333,0.7586,0.8953
0.7143,0.7692,0.7407,0.8812
0.9286,1.0,0.963,0.9992
0.7143,0.625,0.6667,0.907
0.4286,0.8571,0.5714,0.9136
0.7692,0.5556,0.6452,0.8601
0.6923,0.6429,0.6667,0.792
0.5385,0.7,0.6087,0.7491
0.7857,0.7857,0.7857,0.8709
0.5385,0.7778,0.6364,0.9178
0.8462,0.5789,0.6875,0.9091
0.7692,0.7143,0.7407,0.9161
0.6429,0.8182,0.72,0.9809
0.5714,0.7273,0.64,0.8115
0.8571,0.8571,0.8571,0.9012
0.5714,0.6154,0.5926,0.853
0.7143,0.7692,0.7407,0.8264
0.6429,0.6923,0.6667,0.8654
0.5,0.6364,0.56,0.8109
0.8462,0.9167,0.88,0.9869
0.6923,0.6429,0.6667,0.7832
0.6154,0.6154,0.6154,0.7273
0.6429,0.9,0.75,0.9485
0.7143,0.7143,0.7143,0.8189
0.7857,1.0,0.88,0.9394
0.7143,0.7143,0.7143,0.8713
0.4286,0.5,0.4615,0.814
0.7857,0.6875,0.7333,0.7907
