commit_id,file_id,la,ld,la+ld
1002,74,17,9,26
1003,1000,1,4,5
1003,38,21,5,26
1004,262,12,2,14
1007,440,1,3,4
1008,74,2,1,3
1010,1005,106,0,106
1011,82,25,0,25
1011,85,9,0,9
1011,86,7,12,19
1011,88,32,3,35
1012,88,1,1,2
1013,1002,0,0,0
1013,282,3,11,14
1013,286,17,16,33
1014,277,1,1,2
1014,278,28,7,35
1017,282,3,1,4
1018,1006,528,0,528
1018,1007,310,0,310
1018,775,25,3,28
1019,1020,254,0,254
1021,36,29,1,30
1022,90,5,2,7
1024,86,11,0,11
1024,87,12,0,12
1025,41,1,1,2
1029,257,57,6,63
1030,300,7,0,7
1031,236,185,9,194
1031,237,28,1,29
1032,392,302,127,429
1033,899,13,11,24
1033,900,54,30,84
1036,71,8,0,8
1037,82,97,9,106
1037,277,9,0,9
1037,86,8,0,8
1039,322,14,1,15
1078,2523,0,10,10
1080,2529,28,2,30
1050,1032,101,0,101
1050,1034,140,0,140
1050,1035,43,0,43
1050,1036,43,0,43
1050,1037,71,0,71
1052,1044,87,0,87
1052,1045,33,0,33
1052,1046,96,0,96
1052,1047,183,0,183
1052,1048,32,0,32
1052,1049,32,0,32
1052,1050,32,0,32
1052,1051,35,0,35
1052,1052,32,0,32
1052,1053,32,0,32
1052,1054,32,0,32
1052,1055,32,0,32
1052,1056,33,0,33
1053,1057,22,0,22
1054,1058,43,0,43
1054,1059,71,0,71
1055,687,8,9,17
1055,740,1,2,3
1055,693,1,1,2
1056,908,3,3,6
1058,908,4,3,7
1058,735,2,1,3
1058,653,1,1,2
1058,655,2,1,3
1058,737,3,1,4
1058,657,1,1,2
1058,659,1,1,2
1058,1034,2,2,4
1058,687,3,4,7
1058,740,4,4,8
1058,693,1,1,2
1083,2530,10,0,10
1084,2548,2,0,2
1060,543,5,1,6
1061,432,36,17,53
1063,82,24,11,35
1100,2534,1,1,2
1101,2530,1,1,2
1104,2544,24,29,53
1104,2546,8,1,9
1105,2526,14,5,19
1108,2536,0,2,2
1108,2537,5,4,9
1108,2538,14,6,20
1108,2540,27,10,37
1116,2527,6,0,6
1116,2539,10,0,10
1118,2539,4,6,10
1119,2542,1,1,2
1067,1713,0,10,10
1067,1714,14,5,19
1067,1715,6,0,6
1067,1716,28,2,30
1067,1717,11,1,12
1067,1718,1,1,2
1067,1719,0,2,2
1067,1720,5,4,9
1067,1721,14,6,20
1067,1722,14,6,20
1067,1723,27,10,37
1067,1724,1,1,2
1067,1725,24,29,53
1067,1726,8,1,9
1067,1727,2,0,2
1120,2505,5,1,6
1120,2507,36,17,53
1120,2530,24,11,35
1121,2530,40,6,46
1068,1717,40,6,46
1123,2547,231,69,300
1125,2541,2,2,4
1128,2527,7,4,11
1132,2540,3,0,3
1065,543,5,1,6
1065,432,36,17,53
1065,1150,0,10,10
1065,1151,14,5,19
1065,1152,13,4,17
1065,1153,28,2,30
1065,1154,68,11,79
1065,1157,1,1,2
1065,1158,0,2,2
1065,1159,5,4,9
1065,1160,14,6,20
1065,1161,14,6,20
1065,1162,30,10,40
1065,1163,2,2,4
1065,1164,1,1,2
1065,1165,24,29,53
1065,1166,8,1,9
1065,1167,231,69,300
1065,1168,2,0,2
1138,2548,4,3,7
1071,1727,4,3,7
1139,2535,1,1,2
1142,2527,6,0,6
1144,2522,19,0,19
1144,2528,2,1,3
1148,2525,26,3,29
1149,2524,0,0,0
1066,543,5,1,6
1066,432,36,17,53
1073,1743,19,0,19
1073,1744,26,3,29
1073,1715,13,4,17
1073,1745,2,1,3
1073,1747,1,1,2
1073,1723,3,0,3
1073,1748,2,2,4
1073,1749,231,69,300
1151,2529,30,0,30
1152,2529,22,54,76
1154,2530,6,1,7
1154,2531,6,0,6
1178,2771,28,1,29
1178,2772,7,1,8
1178,2773,423,0,423
1178,2774,327,0,327
1178,2775,189,0,189
1155,2525,8,1,9
1156,2549,4,0,4
1179,2780,7,3,10
1179,1273,1,1,2
1179,1274,1,1,2
1179,1277,2,2,4
1180,2780,1,1,2
1182,2782,28,0,28
1182,2783,35,0,35
1182,2784,20,0,20
1183,1277,1,0,1
1157,2529,1,1,2
1158,2531,4,0,4
1159,2540,1,1,2
1160,2543,12,8,20
1161,2548,1,1,2
1075,2505,5,1,6
1075,2507,36,17,53
1075,2522,19,0,19
1075,2523,0,10,10
1075,2524,0,0,0
1075,2525,32,2,34
1075,2526,14,5,19
1075,2527,19,4,23
1075,2528,2,1,3
1075,2529,51,27,78
1075,2530,74,12,86
1075,2531,10,0,10
1075,2534,1,1,2
1075,2535,1,1,2
1075,2536,0,2,2
1075,2537,5,4,9
1075,2538,14,6,20
1075,2539,14,6,20
1075,2540,31,11,42
1075,2541,2,2,4
1075,2542,1,1,2
1075,2543,12,8,20
1075,2544,24,29,53
1075,2546,8,1,9
1075,2547,231,69,300
1075,2548,6,3,9
1075,2549,4,0,4
1185,2785,628,0,628
1165,2540,1,1,2
1195,2789,375,0,375
1168,2540,1,1,2
1199,2773,148,195,343
1201,2785,53,4,57
1171,2662,2,50,52
1173,2544,10,4,14
1076,2505,5,1,6
1076,2507,36,17,53
1076,2522,19,0,19
1076,2523,0,10,10
1076,2524,0,0,0
1076,2525,32,2,34
1076,2526,14,5,19
1076,2527,19,4,23
1076,2528,2,1,3
1076,2529,51,27,78
1076,2530,74,12,86
1076,2531,10,0,10
1076,2662,2,50,52
1076,2534,1,1,2
1076,2535,1,1,2
1076,2536,0,2,2
1076,2537,5,4,9
1076,2538,14,6,20
1076,2539,14,6,20
1076,2540,32,12,44
1076,2541,2,2,4
1076,2542,1,1,2
1076,2543,12,8,20
1076,2544,34,33,67
1076,2546,8,1,9
1076,2547,231,69,300
1076,2548,6,3,9
1076,2549,4,0,4
1204,2799,0,0,0
1204,1744,8,1,9
1204,1716,23,25,48
1204,1717,6,1,7
1204,2800,10,0,10
1204,2801,2,50,52
1204,1723,2,2,4
1204,2802,12,8,20
1204,1725,10,4,14
1204,1727,1,1,2
1204,2813,4,0,4
1209,2818,18,0,18
1210,2799,3,1,4
1215,2818,1,4,5
1228,2800,9,1,10
1233,2800,2,0,2
1236,2835,6,0,6
1238,2836,3,3,6
1239,2800,9,6,15
1241,2837,34,1,35
1242,2837,11,1,12
1247,2838,2,2,4
1252,2839,25,11,36
1254,2839,1,2,3
1255,2838,2,2,4
1261,2840,1,0,1
1261,2841,6,0,6
1262,2838,5,6,11
1263,2842,1,1,2
1266,2845,3,3,6
1269,2846,6,0,6
1269,2847,60,35,95
1269,428,42,0,42
1269,544,29,2,31
1269,545,32,0,32
1269,2848,9,58,67
1269,2849,9,58,67
1269,2850,15,53,68
1269,432,20,0,20
1269,2853,63,41,104
1271,2855,29,1,30
1271,2856,12,5,17
1271,2857,2,18,20
1276,2845,13,3,16
1276,2838,8,9,17
1279,1747,24,1,25
1279,1720,2,2,4
1279,1721,4,3,7
1279,1723,63,17,80
1280,1721,20,1,21
1280,1723,2,13,15
1283,2855,2,2,4
1284,2842,1,1,2
1286,2858,7,6,13
1287,2842,18,0,18
1288,2799,9,0,9
1297,1743,72,23,95
1306,2838,8,1,9
1308,2863,178,151,329
1308,2865,345,0,345
1308,2866,111,0,111
1308,2867,100,0,100
1308,2868,144,0,144
1308,2869,105,0,105
1310,2818,1,0,1
1311,2863,3,3,6
1313,2855,1,1,2
1316,2863,10,4,14
1316,2865,21,7,28
1316,2867,12,0,12
1316,2868,3,1,4
1316,2870,50,27,77
1317,2838,42,27,69
1318,1717,21,4,25
1320,2845,1,1,2
1320,2871,2,35,37
1321,2872,6,1,7
1328,1748,1,1,2
1340,2873,27,0,27
1341,2874,4,0,4
1342,2876,409,0,409
1344,2863,1,1,2
1346,2800,3,0,3
1347,2877,431,0,431
1347,1720,16,1,17
1349,2839,3,0,3
1351,2879,390,0,390
1351,2880,215,0,215
1351,2881,47,68,115
1351,2882,18,5,23
1351,2883,10,63,73
1351,2884,1,2,3
1351,2885,1,1,2
1351,2889,35,57,92
1351,2890,155,0,155
1351,2891,261,0,261
1351,428,38,3,41
1351,544,26,0,26
1351,433,1,2,3
1351,2892,18,58,76
1351,2893,15,60,75
1351,2894,8,4,12
1351,2895,19,56,75
1351,2896,10,64,74
1351,436,63,4,67
1353,2871,60,19,79
1354,2871,9,1,10
1355,2897,19,1,20
1356,2898,9,0,9
1357,2799,1,0,1
1358,2899,1,1,2
1361,2900,47,4,51
1362,2901,8,3,11
1363,2838,43,28,71
1364,2903,146,0,146
1365,2876,29,63,92
1366,2904,102,0,102
1370,2907,230,0,230
1370,2908,230,0,230
1371,2909,5,0,5
1375,2904,44,8,52
1376,2879,83,5,88
1377,2911,103,0,103
1377,2880,43,7,50
1378,2881,6,0,6
1379,2882,14,0,14
1380,2890,5,3,8
1381,428,10,0,10
1382,2912,383,0,383
1383,2880,22,0,22
1384,2891,90,2,92
1385,2877,75,45,120
1385,2915,172,0,172
1386,2917,222,0,222
1387,2919,418,0,418
1389,2785,276,127,403
1392,2921,83,0,83
1393,2912,8,2,10
1394,2879,56,20,76
1394,2880,26,8,34
1394,2890,3,1,4
1394,2891,83,3,86
1396,1715,12,0,12
1398,1715,21,2,23
1401,2880,38,0,38
1402,436,52,2,54
1403,2924,606,0,606
1403,2925,96,0,96
1407,1716,19,3,22
1409,2877,4,0,4
1409,2915,104,24,128
1410,1723,11,13,24
1411,1715,5,2,7
1415,2903,1,1,2
1415,2909,1,1,2
1415,3050,1,1,2
1415,2800,8,2,10
1415,3052,366,0,366
1415,3053,203,0,203
1415,3054,113,0,113
1415,3055,131,0,131
1415,3056,272,0,272
1415,3057,119,0,119
1415,3058,142,0,142
1415,3059,619,0,619
1415,3060,138,0,138
1416,3067,5,5,10
1417,2800,3,1,4
1418,2907,1,1,2
1418,2908,1,1,2
1418,2789,7,2,9
1418,2915,0,1,1
1418,2865,1,1,2
1418,3056,133,3,136
1418,3059,2,2,4
1424,2800,5,1,6
1435,3075,180,0,180
1435,3076,36,0,36
1436,3078,3,0,3
1437,2789,36,3,39
1437,3080,77,0,77
1438,3081,5,1,6
1438,3082,12,2,14
1439,3083,23,2,25
1440,2873,4,0,4
1440,3084,240,0,240
1440,3085,264,0,264
1443,1714,17,3,20
1444,1744,1,1,2
1446,1720,15,0,15
1446,1721,196,71,267
1446,3087,423,0,423
1446,3088,1489,0,1489
1446,3089,353,0,353
1453,1714,20,16,36
1458,3078,4,1,5
1459,2865,17,0,17
1459,2870,2,2,4
1460,1717,10,4,14
1461,3094,10,6,16
1463,1717,1,1,2
1464,2799,4,2,6
1465,3095,11,0,11
1465,3096,30,4,34
1465,3097,32,3,35
1465,3098,35,1,36
1465,3099,6,0,6
1465,3100,15,0,15
1467,3101,239,0,239
1467,3102,5,1,6
1468,3101,14,3,17
1470,3103,10,0,10
1470,2845,4,1,5
1470,2838,2,0,2
1470,3104,4,4,8
1473,3113,298,0,298
1473,3120,162,0,162
1473,3121,98,0,98
1473,3122,89,0,89
1473,3123,252,0,252
1473,3124,86,0,86
1473,3130,147,0,147
1473,3132,65,0,65
1473,3133,110,0,110
1473,3134,171,0,171
1473,3135,116,0,116
1473,3136,67,0,67
1473,3137,144,0,144
1473,3138,477,0,477
1473,3139,144,0,144
1473,3140,67,0,67
1473,3141,144,0,144
1473,3142,125,0,125
1473,3143,590,0,590
1473,3144,317,0,317
1473,3145,150,0,150
1473,3146,77,0,77
1473,3147,72,0,72
1473,3148,125,0,125
1473,3150,127,0,127
1473,3151,267,0,267
1473,3152,129,0,129
1473,3153,136,0,136
1473,3154,75,0,75
1473,3155,169,0,169
1473,3157,147,0,147
1473,3158,205,0,205
1473,3159,331,0,331
1473,3160,125,0,125
1473,3161,76,0,76
1473,3162,166,0,166
1473,3163,97,0,97
1473,3165,116,0,116
1473,3167,258,0,258
1473,3168,112,0,112
1473,3169,109,0,109
1473,3170,131,0,131
1473,3171,904,0,904
1473,3173,94,0,94
1473,3174,307,0,307
1473,3175,227,0,227
1473,3177,89,0,89
1473,3178,97,0,97
1474,1743,100,0,100
1475,2919,23,3,26
1476,1716,168,29,197
1477,1743,15,0,15
1477,2818,1,1,2
1477,1745,1,0,1
1477,3181,1,0,1
1477,2919,1,1,2
1477,2813,1,0,1
1478,2901,13,1,14
1479,1716,20,10,30
1480,1743,1,1,2
1481,2799,1,1,2
1482,1716,9,8,17
1483,3182,49,0,49
1486,1720,13,0,13
1486,3183,104,0,104
1487,3184,14,11,25
1487,3120,1,1,2
1487,3122,0,1,1
1487,3123,4,5,9
1487,3186,16,13,29
1487,3187,16,13,29
1487,3189,15,7,22
1487,3190,30,6,36
1487,3133,38,11,49
1487,3191,37,38,75
1487,3192,9,7,16
1487,3137,1,1,2
1487,3141,2,2,4
1487,3145,17,59,76
1487,3143,414,92,506
1487,3154,10,12,22
1487,3193,35,7,42
1487,3147,1,1,2
1487,3148,1,1,2
1487,3150,42,12,54
1487,3151,1,1,2
1487,3153,1,1,2
1487,3157,4,1,5
1487,3158,1,1,2
1487,3194,43,56,99
1487,3195,369,0,369
1487,3167,29,2,31
1487,3171,9,82,91
1487,3174,17,13,30
1487,3175,5,7,12
1489,3194,15,10,25
1489,3195,83,76,159
1491,3094,6,4,10
1494,2855,5,0,5
1494,2857,14,0,14
1499,3122,2,3,5
1499,3123,2,5,7
1499,3124,7,0,7
1499,3189,3,0,3
1499,3192,1,0,1
1499,3143,11,3,14
1499,3199,580,0,580
1499,3194,4,0,4
1499,3200,266,0,266
1499,3201,319,0,319
1499,3202,54,27,81
1499,3195,14,17,31
