commit_id,file_id,la,ld,la+ld
1001,235,8,15,23
1001,275,10,63,73
1001,276,5,4,9
1001,1074,52,1,53
1002,1074,3,2,5
1003,275,5,5,10
1004,1817,4,4,8
1004,275,4,3,7
1004,276,4,3,7
1005,275,8,6,14
1006,275,1,1,2
1007,1074,3,0,3
1007,1075,3,0,3
1008,275,1,9,10
1008,276,1,10,11
1008,1074,9,0,9
1009,345,12,4,16
1010,301,1,2,3
1010,327,8,0,8
1011,237,11,1,12
1011,277,31,4,35
1011,1036,5,1,6
1012,1885,3,0,3
1012,1887,4,8,12
1013,2112,13,2,15
1014,366,6,6,12
1015,361,3,2,5
1016,301,1,0,1
1017,296,0,1,1
1018,2182,54,0,54
1018,2183,133,0,133
1018,1924,9,0,9
1018,2185,31,0,31
1018,2186,69,0,69
1018,2187,44,0,44
1018,2188,44,0,44
1018,2189,28,0,28
1018,2190,36,0,36
1018,2191,82,0,82
1018,2192,70,0,70
1018,2193,28,0,28
1018,2194,96,0,96
1018,2195,28,0,28
1018,2196,33,0,33
1018,2197,45,0,45
1018,2198,92,0,92
1018,2199,24,0,24
1018,2200,104,0,104
1018,2201,30,0,30
1018,2202,29,0,29
1018,2203,123,0,123
1018,2204,48,0,48
1018,2205,62,0,62
1018,2206,50,0,50
1018,2207,73,0,73
1020,169,5,0,5
1021,1119,12,4,16
1022,1817,36,4,40
1022,275,27,149,176
1022,276,4,7,11
1022,2211,362,0,362
1022,297,1,0,1
1023,169,5,0,5
1023,1211,2,1,3
1023,1656,2,2,4
1023,2212,29,0,29
1024,153,25,0,25
1026,237,3,3,6
1026,277,10,6,16
1026,169,2,1,3
1026,301,25,9,34
1026,252,10,3,13
1026,1036,23,6,29
1027,417,150,67,217
1029,366,18,23,41
1029,414,12,0,12
1032,417,4,1,5
1033,1850,3,3,6
1034,306,5,2,7
1035,273,4,20,24
1035,1446,4,2,6
1035,296,11,4,15
1036,374,12,6,18
1037,1858,1,1,2
1037,2211,9,11,20
1037,1859,48,63,111
1037,1506,1,2,3
1038,2229,560,0,560
1038,2230,61,0,61
1038,2186,1,0,1
1038,2188,13,1,14
1038,2192,2,1,3
1038,170,49,1,50
1038,171,9,4,13
1040,1859,0,0,0
1040,1235,0,0,0
1040,1619,0,0,0
1040,1836,0,0,0
1040,1105,0,0,0
1040,414,0,0,0
1042,1584,8,6,14
1042,2232,222,0,222
1042,1849,3,0,3
1044,1771,0,1,1
1044,301,0,3,3
1044,273,6,0,6
1045,1118,0,5,5
1045,273,10,2,12
1046,1771,0,7,7
1047,301,1,1,2
1047,1865,7,6,13
1047,320,1,1,2
1048,1865,2,6,8
1049,1865,0,0,0
1050,1850,2,2,4
1050,275,9,2,11
1050,2016,1,5,6
1050,303,1,1,2
1050,348,74,13,87
1050,417,41,2,43
1052,2016,47,8,55
1052,2017,2,1,3
1052,2018,6,1,7
1052,2019,6,1,7
1053,369,2,3,5
1053,141,5,164,169
1053,142,11,2,13
1053,153,25,0,25
1053,154,1,0,1
1053,155,3,2,5
1053,1035,10,0,10
1053,169,16,1,17
1053,182,13,18,31
1053,353,0,16,16
1053,2234,51,0,51
1053,388,44,12,56
1053,2235,85,0,85
1053,2236,118,0,118
1054,169,17,0,17
1054,257,5,4,9
1054,1701,2,1,3
1054,1016,1,0,1
1054,1862,6,5,11
1055,318,16,7,23
1055,254,7,2,9
1055,169,14,12,26
1055,1036,14,5,19
1056,1850,2,1,3
1056,275,1,0,1
1056,278,1,0,1
1056,279,4,5,9
1056,301,2,4,6
1056,312,3,1,4
1056,320,1,0,1
1056,273,0,10,10
1056,1376,2,9,11
1056,303,1,0,1
1056,306,1,0,1
1056,1283,1,0,1
1057,2229,131,1,132
1058,2229,44,0,44
1058,2203,2,1,3
1059,2295,25,0,25
1059,2298,67,0,67
1059,2299,145,0,145
1059,2300,77,0,77
1059,2301,37,0,37
1059,2302,78,0,78
1059,2303,68,0,68
1059,2304,64,0,64
1059,2305,65,0,65
1059,2306,36,0,36
1059,2307,36,0,36
1059,2308,40,0,40
1059,2309,42,0,42
1059,2310,40,0,40
1059,2311,42,0,42
1059,2312,59,0,59
1059,2313,59,0,59
1059,2314,37,0,37
1059,2315,72,0,72
1059,2316,46,0,46
1059,2317,65,0,65
1059,2318,73,0,73
1059,2319,137,0,137
1059,2320,91,0,91
1059,2323,579,0,579
1059,2324,452,0,452
1059,2325,145,0,145
1059,2326,74,0,74
1059,2327,317,0,317
1059,2328,650,0,650
1059,2329,1426,0,1426
1059,2330,257,0,257
1059,2331,343,0,343
1059,2332,415,0,415
1059,2333,184,0,184
1059,2334,373,0,373
1059,2335,181,0,181
1059,2336,460,0,460
1059,2337,216,0,216
1059,2338,305,0,305
1059,2339,245,0,245
1059,2340,108,0,108
1059,2341,1689,0,1689
1059,2342,962,0,962
1059,2343,37,0,37
1059,2344,771,0,771
1059,2345,193,0,193
1059,2346,199,0,199
1059,2349,377,0,377
1059,2350,64,0,64
1059,2352,470,0,470
1059,2353,134,0,134
1059,2354,164,0,164
1059,2355,291,0,291
1059,2356,303,0,303
1059,2357,646,0,646
1059,2358,86,0,86
1059,2359,240,0,240
1059,2360,86,0,86
1059,2361,762,0,762
1059,2364,38,0,38
1059,2365,75,0,75
1059,2366,123,0,123
1059,2367,35,0,35
1059,2368,48,0,48
1059,2369,74,0,74
1059,2370,34,0,34
1059,2371,47,0,47
1059,2372,37,0,37
1059,2373,68,0,68
1059,2374,104,0,104
1059,2375,54,0,54
1059,2376,49,0,49
1059,2377,110,0,110
1059,2378,55,0,55
1059,2379,49,0,49
1059,2382,37,0,37
1059,2383,186,0,186
1059,2384,25,0,25
1059,2386,282,0,282
1059,2387,147,0,147
1059,2389,1551,0,1551
1059,2391,56,0,56
1059,2392,297,0,297
1059,2393,351,0,351
1059,2394,73,0,73
1059,2395,167,0,167
1059,2396,130,0,130
1059,2397,179,0,179
1059,2399,209,0,209
1059,2400,35,0,35
1059,2402,130,0,130
1059,2403,34,0,34
1059,2405,37,0,37
1059,2407,425,0,425
1059,2408,49,0,49
1059,2409,414,0,414
1059,2410,171,0,171
1059,2411,184,0,184
1059,2414,201,0,201
1059,2415,143,0,143
1059,2416,47,0,47
1059,2417,238,0,238
1059,2418,191,0,191
1059,2419,91,0,91
1059,2420,205,0,205
1059,2421,231,0,231
1059,2422,449,0,449
1059,2423,268,0,268
1059,2424,173,0,173
1059,2425,1229,0,1229
1059,2426,73,0,73
1059,2427,146,0,146
1059,2428,713,0,713
1059,2429,90,0,90
1059,2430,947,0,947
1059,2431,96,0,96
1059,2432,98,0,98
1059,2433,76,0,76
1059,2434,120,0,120
1059,2435,778,0,778
1059,2436,192,0,192
1059,2437,586,0,586
1059,2438,881,0,881
1059,2439,59,0,59
1059,2440,315,0,315
1059,2441,258,0,258
1059,2442,132,0,132
1059,2443,49,0,49
1059,2444,62,0,62
1059,2446,86,0,86
1059,2447,72,0,72
1059,2448,109,0,109
1059,2449,87,0,87
1059,2450,161,0,161
1059,2451,86,0,86
1059,2452,148,0,148
1059,2453,125,0,125
1059,2454,109,0,109
1059,2455,105,0,105
1059,2456,112,0,112
1059,2457,114,0,114
1059,2458,113,0,113
1059,2459,109,0,109
1059,2460,92,0,92
1059,2461,95,0,95
1059,2462,82,0,82
1059,2463,141,0,141
1059,2464,105,0,105
1059,2465,99,0,99
1059,2466,93,0,93
1059,2467,210,0,210
1059,2468,106,0,106
1059,2469,102,0,102
1059,2470,72,0,72
1059,2472,217,0,217
1059,2473,157,0,157
1059,2474,80,0,80
1059,2475,257,0,257
1059,2476,384,0,384
1059,2477,314,0,314
1059,2478,425,0,425
1059,2479,407,0,407
1059,2480,186,0,186
1059,2481,325,0,325
1059,2482,154,0,154
1059,2483,596,0,596
1059,2484,928,0,928
1059,2485,193,0,193
1059,2486,663,0,663
1059,2487,122,0,122
1059,2488,153,0,153
1059,2489,85,0,85
1059,2490,195,0,195
1059,2491,122,0,122
1059,2492,70,0,70
1059,2493,137,0,137
1059,2494,115,0,115
1059,2495,62,0,62
1059,2496,61,0,61
1059,2497,81,0,81
1059,2498,80,0,80
1059,2499,97,0,97
1059,2500,234,0,234
1059,2501,109,0,109
1059,2502,87,0,87
1059,2503,122,0,122
1059,2504,70,0,70
1059,2505,137,0,137
1059,2506,361,0,361
1059,2507,314,0,314
1059,2508,160,0,160
1059,2509,159,0,159
1059,2510,139,0,139
1059,2511,286,0,286
1059,2512,194,0,194
1059,2513,99,0,99
1059,2514,126,0,126
1059,2515,181,0,181
1059,2516,70,0,70
1059,2517,197,0,197
1059,2518,121,0,121
1059,2519,111,0,111
1059,2520,214,0,214
1059,2521,425,0,425
1059,2523,121,0,121
1059,2524,129,0,129
1059,2525,52,0,52
1059,2526,1265,0,1265
1059,2527,346,0,346
1059,2529,51,0,51
1059,2530,59,0,59
1059,2531,47,0,47
1059,2532,45,0,45
1059,2533,77,0,77
1059,2534,478,0,478
1059,2535,100,0,100
1059,2536,91,0,91
1059,2537,82,0,82
1059,2538,965,0,965
1059,2539,55,0,55
1059,2540,62,0,62
1059,2541,60,0,60
1059,2542,73,0,73
1059,2543,146,0,146
1059,2544,66,0,66
1059,2545,73,0,73
1059,2546,64,0,64
1059,2547,44,0,44
1059,2549,34,0,34
1059,2550,1125,0,1125
1059,2551,347,0,347
1059,2552,112,0,112
1059,2553,105,0,105
1059,2556,223,0,223
1059,2557,46,0,46
1059,2558,212,0,212
1059,2559,91,0,91
1059,2560,106,0,106
1059,2562,406,0,406
1059,2563,281,0,281
1059,2564,396,0,396
1059,2565,52,0,52
1059,2566,74,0,74
1059,2567,130,0,130
1059,2568,133,0,133
1059,2569,115,0,115
1059,2570,456,0,456
1059,2571,130,0,130
1059,2572,143,0,143
1059,2573,191,0,191
1059,2574,253,0,253
1059,2575,87,0,87
1059,2576,157,0,157
1059,2577,399,0,399
1059,2578,656,0,656
1059,2579,408,0,408
1059,2580,396,0,396
1059,2581,407,0,407
1059,2582,206,0,206
1059,2583,2090,0,2090
1059,2584,168,0,168
1059,2585,119,0,119
1059,2586,110,0,110
1059,2587,120,0,120
1059,2588,62,0,62
1059,2591,68,0,68
1059,2592,77,0,77
1059,2593,96,0,96
1059,2594,158,0,158
1059,2595,151,0,151
1059,2596,99,0,99
1059,2597,99,0,99
1059,2598,99,0,99
1059,2599,90,0,90
1059,2600,68,0,68
1059,2601,79,0,79
1059,2602,91,0,91
1059,2603,116,0,116
1059,2604,60,0,60
1059,2605,110,0,110
1059,2606,87,0,87
1059,2607,87,0,87
1059,2608,82,0,82
1059,2609,87,0,87
1059,2610,122,0,122
1059,2611,39,0,39
1059,2612,170,0,170
1059,2613,100,0,100
1059,2614,375,0,375
1059,2615,249,0,249
1059,2616,148,0,148
1059,2617,49,0,49
1059,2618,55,0,55
1059,2620,200,0,200
1059,2622,400,0,400
1059,2623,407,0,407
1059,2624,861,0,861
1059,2625,74,0,74
1059,2626,69,0,69
1059,2629,128,0,128
1059,2630,399,0,399
1059,2631,265,0,265
1059,2632,200,0,200
1059,2633,285,0,285
1059,2634,842,0,842
1059,2635,162,0,162
1059,2636,206,0,206
1059,2637,207,0,207
1059,2638,250,0,250
1059,2639,154,0,154
1059,2640,241,0,241
1059,2641,256,0,256
1059,2642,402,0,402
1059,2643,199,0,199
1059,2644,60,0,60
1059,2645,680,0,680
1059,2646,95,0,95
1059,2647,1031,0,1031
1059,2648,390,0,390
1059,2649,293,0,293
1059,2650,872,0,872
1059,2651,661,0,661
1059,2653,149,0,149
1059,2654,1143,0,1143
1059,2655,177,0,177
1059,2656,103,0,103
1059,2657,276,0,276
1059,2658,55,0,55
1059,2659,195,0,195
1059,2660,379,0,379
1059,2661,103,0,103
1059,2663,79,0,79
1059,2664,145,0,145
1059,2665,236,0,236
1059,2666,361,0,361
1059,2667,635,0,635
1059,2668,276,0,276
1059,2669,303,0,303
1059,2670,145,0,145
1059,2671,169,0,169
1059,2672,38,0,38
1059,2673,453,0,453
1059,2674,67,0,67
1059,2675,30,0,30
1059,2676,187,0,187
1059,2677,132,0,132
1059,2678,89,0,89
1059,2679,37,0,37
1059,2680,131,0,131
1059,2681,31,0,31
1059,2682,254,0,254
1059,2683,31,0,31
1059,2684,48,0,48
1059,2687,51,0,51
1059,2688,39,0,39
1059,2689,294,0,294
1059,2690,45,0,45
1060,3509,63,0,63
1060,3510,104,0,104
1060,3511,102,0,102
1060,3512,124,0,124
1060,3513,983,0,983
1060,3514,33,0,33
1060,3515,111,0,111
1060,3516,57,0,57
1060,3517,187,0,187
1060,3518,287,0,287
1060,3519,68,0,68
1060,3520,161,0,161
1060,3521,70,0,70
1060,3522,115,0,115
1060,3523,68,0,68
1060,3524,110,0,110
1060,3525,236,0,236
1060,3526,55,0,55
1060,3528,31,0,31
1060,3529,30,0,30
1060,3530,30,0,30
1060,3531,148,0,148
1060,3532,97,0,97
1060,3533,42,0,42
1061,2550,120,107,227
1062,2389,11,11,22
1062,2550,3,8,11
1065,235,3,0,3
1065,1817,6,3,9
1065,275,8,1,9
1065,276,2,1,3
1065,2232,4,5,9
1065,1849,38,8,46
1066,1107,0,50,50
1067,1107,3,0,3
1067,212,5,1,6
1070,153,2,31,33
1070,169,10,9,19
1070,1036,14,5,19
1070,2234,2,3,5
1070,388,5,20,25
1070,2235,126,27,153
1070,3549,9,6,15
1070,2236,4,95,99
1071,374,6,6,12
1072,1203,3,1,4
1073,3554,51,0,51
1073,3555,100,0,100
1073,3556,39,0,39
1073,3557,121,0,121
1073,3558,118,0,118
1073,3559,134,0,134
1073,3560,33,0,33
1074,212,4,1,5
1076,153,6,4,10
1076,3587,25,3,28
1076,317,1,1,2
1077,153,8,7,15
1077,3588,68,0,68
1080,169,2,2,4
1080,316,9,10,19
1082,366,3,6,9
1083,1887,2,2,4
1083,277,2,2,4
1083,301,3,3,6
1084,235,5,0,5
1084,275,16,0,16
1084,276,1,0,1
1084,243,18,0,18
1085,2229,9,8,17
1086,3591,84,0,84
1087,2229,24,1,25
1087,3593,128,0,128
1088,2229,45,0,45
1088,170,4,0,4
1089,2229,74,32,106
1089,199,1,1,2
1090,2182,21,5,26
1090,2183,1,1,2
1090,2197,9,1,10
1090,2203,6,0,6
1092,1855,2,1,3
1092,1856,2,1,3
1092,2017,3,1,4
1092,2179,2,1,3
1092,2171,2,1,3
1092,1975,2,1,3
1092,1853,2,1,3
1092,1760,1,1,2
1092,3597,52,0,52
1092,1759,7,25,32
1092,1831,2,1,3
1092,1832,2,1,3
1092,1833,2,2,4
1092,2041,4,0,4
1092,1835,2,1,3
1093,2016,7,5,12
1093,2017,2,1,3
1093,2178,1,7,8
1093,2179,0,1,1
1093,2229,84,35,119
1093,3598,78,0,78
1093,1279,11,0,11
1094,1850,3,1,4
1094,237,1,1,2
1094,239,2,2,4
1094,240,1,1,2
1094,254,1,1,2
1094,260,2,2,4
1094,2016,2,2,4
1094,2017,1,1,2
1094,143,3,3,6
1094,155,3,3,6
1094,1600,1,1,2
1094,1512,1,1,2
1094,358,1,1,2
1094,361,1,1,2
1094,251,2,2,4
1094,252,2,2,4
1094,1260,2,2,4
1094,259,1,1,2
1094,249,2,2,4
1094,262,2,2,4
1094,250,1,1,2
1094,1282,2,2,4
1094,1862,0,1,1
1095,1850,1,1,2
1095,275,1,1,2
1095,1886,1,1,2
1095,1856,1,1,2
1095,1790,1,1,2
1095,2211,1,1,2
1095,1779,1,1,2
1095,377,2,2,4
1095,1849,1,1,2
1095,336,1,1,2
1095,1322,1,1,2
1095,153,6,6,12
1095,3588,2,1,3
1095,185,1,1,2
1095,186,1,1,2
1095,1839,1,1,2
1095,1211,2,2,4
1095,1338,2,2,4
1095,1187,2,1,3
1095,301,1,1,2
1095,1853,1,1,2
1095,297,25,25,50
1095,983,23,23,46
1095,1824,1,1,2
1095,402,2,2,4
1095,1581,1,1,2
1095,414,4,4,8
1095,1716,2,2,4
1096,235,8,5,13
1096,1817,2,1,3
1096,275,5,3,8
1096,276,4,2,6
1096,277,8,2,10
1096,239,2,1,3
1096,279,5,4,9
1096,281,2,2,4
1096,341,2,1,3
1096,283,0,0,0
1096,1964,0,0,0
1096,1885,4,2,6
1096,304,1,1,2
1096,2232,6,3,9
1096,318,1,1,2
1096,2211,4,2,6
1096,1779,4,0,4
1096,376,4,2,6
1096,377,2,1,3
1096,1849,2,1,3
1097,2016,1,1,2
1097,2172,4,0,4
1097,1974,5,4,9
1097,2229,6,2,8
1097,2112,4,2,6
1100,2229,8,3,11
1100,142,1,1,2
1100,143,5,4,9
1100,144,0,0,0
1100,147,0,0,0
1100,148,1,1,2
1100,149,1,1,2
1100,154,0,0,0
1100,155,0,0,0
1100,1633,1,1,2
1100,165,0,0,0
1100,167,2,2,4
1100,169,7,4,11
1100,171,2,1,3
1100,1235,2,1,3
1100,173,1,1,2
1100,179,6,2,8
1101,275,8,16,24
1101,276,3,6,9
1102,3599,121,0,121
1103,2045,4,1,5
1103,182,4,4,8
1103,183,2,1,3
1103,186,9,4,13
1103,1506,3,0,3
1103,1473,4,2,6
1103,1462,15,5,20
1103,1471,7,4,11
1103,1839,2,1,3
1103,3557,1,1,2
1103,1272,1,1,2
1103,1337,1,1,2
1103,1338,2,2,4
1103,316,2,2,4
1103,205,2,1,3
1103,1935,3,3,6
1103,1766,2,1,3
1103,282,1,1,2
1103,958,2,1,3
1103,301,10,20,30
1103,358,2,1,3
1103,362,8,4,12
1103,312,1,1,2
1103,252,2,1,3
1103,1038,2,1,3
1103,2023,3,1,4
1103,320,3,2,5
1103,1086,2,1,3
1103,1087,4,0,4
1103,1094,3,0,3
1103,386,1,1,2
1103,1072,2,1,3
1103,212,3,3,6
1103,2180,8,6,14
1103,224,2,1,3
1103,305,1,1,2
1103,227,0,0,0
1103,230,2,1,3
1103,257,1,1,2
1103,262,2,1,3
1103,323,2,1,3
1103,324,2,1,3
1104,2229,7,175,182
1104,3601,127,0,127
1104,3602,161,0,161
1104,170,3,2,5
1106,272,3,1,4
1106,1428,2,1,3
1106,273,0,0,0
1106,1446,2,1,3
1106,1836,5,1,6
1106,297,4,2,6
1106,1414,1,1,2
1106,1467,2,1,3
1106,3597,2,1,3
1106,1831,2,1,3
1106,1832,2,1,3
1106,1833,0,0,0
1106,984,1,1,2
1106,1429,2,1,3
1106,1447,1,1,2
1106,2033,3,1,4
1106,1496,1,1,2
1106,303,4,2,6
1106,306,2,1,3
1106,1283,1,1,2
1106,1189,1,1,2
1106,365,3,1,4
1106,378,2,1,3
1106,1076,2,1,3
1106,388,3,1,4
1106,395,0,0,0
1106,3549,1,1,2
1106,399,2,1,3
1106,407,3,0,3
1106,1881,2,1,3
1106,412,1,1,2
1106,1703,1,1,2
1106,1023,4,0,4
1106,417,6,4,10
1106,1787,3,0,3
1106,1862,0,0,0
1106,1863,0,0,0
1106,420,3,0,3
1106,413,4,0,4
1106,372,2,1,3
1106,1812,5,1,6
1106,382,2,1,3
1107,169,1,1,2
1107,417,0,8,8
1110,2041,4,2,6
1111,2229,21,5,26
1111,2200,5,0,5
1111,2205,0,4,4
1112,1036,1,2,3
1113,275,1,1,2
1113,417,5,16,21
1114,279,91,7,98
1114,1885,30,11,41
1114,1886,10,2,12
1114,1010,27,0,27
1114,3604,63,0,63
1115,2232,2,0,2
1115,2112,1,0,1
1115,2197,1,1,2
1115,2200,1,0,1
1115,3593,3,5,8
1115,2205,2,0,2
1115,1097,1,0,1
1115,1098,1,0,1
1115,1833,1,1,2
1115,2029,1,0,1
1115,2168,2,0,2
1115,2036,1,0,1
1115,2039,1,0,1
1115,2041,2,2,4
1115,2212,1,0,1
1115,1863,3,0,3
1116,2232,2,2,4
1116,2112,6,5,11
1119,1850,1,1,2
1119,339,4,5,9
1119,275,2,2,4
1119,356,4,4,8
1119,1849,6,4,10
1120,3632,159,0,159
1120,3633,112,0,112
1120,2041,12,1,13
1121,316,3,1,4
1122,275,8,3,11
1123,3632,19,18,37
1124,273,8,6,14
1125,3634,127,0,127
1125,2178,12,1,13
1125,2179,2,2,4
1125,2170,12,1,13
1125,2171,2,2,4
1125,2172,32,10,42
1126,2229,62,7,69
1126,2194,33,0,33
1127,3635,74,0,74
1127,3636,50,0,50
1127,2229,88,9,97
1127,3637,103,0,103
1127,170,19,5,24
1127,171,6,5,11
1127,1036,2,0,2
1128,3637,2,2,4
1128,170,2,2,4
1130,163,1,1,2
1131,154,7,0,7
1131,169,15,5,20
1131,1211,17,1,18
1131,257,56,2,58
1132,355,18,20,38
1132,398,23,21,44
1132,406,6,4,10
1132,407,17,18,35
1133,355,21,13,34
1134,2229,16,6,22
1135,417,35,0,35
1136,355,1,1,2
1136,398,1,1,2
1137,372,21,16,37
1138,2229,218,7,225
1139,2229,17,10,27
1140,376,63,139,202
1140,417,5,0,5
1141,376,4,6,10
1142,1322,5,4,9
1142,209,4,2,6
1142,1258,5,2,7
1142,1072,11,7,18
1142,1259,4,1,5
1142,257,17,8,25
1143,3656,45,0,45
1143,2178,23,1,24
1143,2179,1,2,3
1143,2170,23,1,24
1143,2171,1,2,3
1143,2172,30,0,30
1146,1850,11,4,15
1146,1817,27,7,34
1146,275,11,2,13
1146,276,4,1,5
1146,3657,90,263,353
1146,1849,18,177,195
1146,297,1,0,1
1147,3656,13,0,13
1147,2229,61,6,67
1148,1850,1,1,2
1148,3657,4,0,4
1148,1849,0,5,5
1149,301,4,2,6
1150,3658,57,0,57
1151,277,2,1,3
1152,2192,3,0,3
1153,301,8,57,65
1153,3660,98,0,98
1154,185,2,1,3
1154,186,25,4,29
1154,391,2,0,2
1155,277,11,5,16
1155,301,21,42,63
1156,278,1,1,2
1157,2178,10,47,57
1157,2179,0,1,1
1157,2170,10,51,61
1157,2171,0,1,1
1157,2172,10,45,55
1157,2229,80,75,155
1158,2229,20,4,24
1160,351,1,1,2
1161,376,1,1,2
1161,377,1,0,1
1161,1473,8,2,10
1161,1474,7,2,9
1161,1471,10,3,13
1161,1472,7,2,9
1161,1839,4,2,6
1161,1476,4,1,5
1161,1766,4,3,7
1161,393,5,2,7
1162,277,1,29,30
1162,301,14,47,61
1162,2022,5,6,11
1162,1038,35,2,37
1165,3663,425,0,425
1166,235,7,1,8
1166,275,2,0,2
1166,1074,41,2,43
1166,3599,4,1,5
1166,377,141,71,212
1166,1473,21,1,22
1166,1474,6,1,7
1166,3557,7,28,35
1167,1887,14,2,16
1167,277,3,2,5
1167,1885,30,9,39
1167,1849,2,2,4
1167,336,23,10,33
1167,3667,72,0,72
1169,361,0,9,9
1170,1885,3,1,4
1170,1886,1,9,10
1170,273,14,5,19
1171,1850,16,16,32
1172,2229,4,0,4
1172,3637,5,1,6
1172,170,5,1,6
1173,235,16,3,19
1173,1817,7,1,8
1173,275,14,4,18
1173,276,5,2,7
1173,1849,16,1,17
1173,336,6,4,10
1173,1036,7,0,7
1180,279,1,1,2
1180,1885,1,1,2
1180,1010,1,1,2
1183,170,33,19,52
1183,265,23,0,23
1184,2192,51,4,55
1186,2192,8,8,16
1187,2192,2,2,4
1188,1849,8,1,9
1189,2229,25,3,28
1189,2200,21,0,21
1190,273,2,3,5
1191,2205,6,1,7
1192,2182,1,1,2
1192,2197,1,1,2
1193,361,12,0,12
1194,281,0,8,8
1196,301,5,0,5
1196,1036,1,1,2
1198,2182,2,22,24
1198,2229,1,1,2
1198,2186,5,0,5
1198,2188,5,0,5
1198,2191,5,0,5
1198,2197,11,3,14
1198,2198,5,0,5
1198,2200,5,0,5
1198,2203,5,6,11
1198,2204,5,0,5
1199,1010,10,0,10
1199,3657,9,6,15
1202,376,3,1,4
1203,275,1,1,2
1204,275,12,12,24
1205,2211,0,1,1
1206,1850,54,1,55
1208,2211,27,2,29
1209,235,2,0,2
1209,275,12,1,13
1209,276,1,0,1
1210,421,2,2,4
1211,1817,59,0,59
1211,275,44,2,46
1211,276,1,0,1
1211,3686,263,0,263
1213,1850,6,15,21
1213,279,9,19,28
1213,3686,8,15,23
1213,1771,6,14,20
1213,1885,7,14,21
1213,2211,7,16,23
1213,3657,7,16,23
1213,1849,8,15,23
1213,301,9,16,25
1213,320,9,17,26
1213,273,3,2,5
1213,3707,70,0,70
1213,1829,5,44,49
1213,1283,6,17,23
1216,170,3,1,4
1216,257,41,2,43
1216,258,44,8,52
1216,265,12,0,12
1217,3657,26,1,27
1219,143,16,19,35
1219,166,11,7,18
1219,179,15,5,20
1220,179,1,1,2
1221,143,123,1,124
1221,166,1,1,2
1221,177,1,1,2
1221,179,1,127,128
1222,275,5,0,5
1222,283,5,0,5
1222,166,7,7,14
1222,179,1,1,2
1222,311,6,0,6
1223,275,0,9,9
1223,283,0,6,6
1223,311,0,5,5
1224,166,1,2,3
1224,177,3,3,6
1224,179,1,3,4
1225,166,2,1,3
1225,179,6,5,11
1225,395,4,5,9
1226,143,20,0,20
1226,166,1,1,2
1226,177,1,1,2
1226,179,0,25,25
1227,166,4,1,5
1227,177,5,1,6
1228,143,208,1,209
1228,166,2,227,229
1229,166,2,3,5
1229,177,2,3,5
1230,143,36,42,78
1230,166,10,10,20
1230,177,9,6,15
1231,143,12,5,17
1232,166,1,1,2
1233,2211,15,14,29
1234,2211,43,26,69
1235,3724,67,0,67
1235,3725,58,0,58
1235,1209,10,0,10
1236,143,6,1,7
1237,3726,54,0,54
1238,143,1,2,3
1241,3686,1,1,2
1241,297,1,0,1
1242,417,5,0,5
1243,275,1,1,2
1244,275,12,1,13
1244,283,5,0,5
1244,2211,10,0,10
1244,3732,215,0,215
1244,3738,81,0,81
1244,143,55,0,55
1244,3740,551,0,551
1244,166,13,1,14
1244,1305,4,0,4
1244,311,14,0,14
1245,170,8,0,8
1245,171,10,0,10
1245,258,23,1,24
1247,1817,150,150,300
1247,275,14,30,44
1247,276,22,15,37
1250,170,8,1,9
1250,186,16,5,21
1250,257,3,4,7
1250,258,3,3,6
1251,275,14,0,14
1252,1850,15,11,26
1252,1817,1,2,3
1252,280,9,0,9
1252,3657,0,4,4
1253,1036,2,0,2
1254,3740,12,6,18
1254,166,0,0,0
1255,153,5,1,6
1255,983,25,4,29
1256,1850,10,11,21
1256,1817,30,13,43
1256,275,7,7,14
1256,276,3,3,6
1256,3768,42,0,42
1256,3769,46,0,46
1256,3657,6,3,9
1256,1849,9,9,18
1257,387,5,0,5
1257,395,19,0,19
1258,3657,6,34,40
1259,3657,5,15,20
1260,417,1,1,2
1263,382,41,45,86
1265,3663,27,5,32
1265,3772,56,0,56
1266,3663,16,3,19
1267,1850,9,42,51
1267,1817,26,2,28
1267,275,12,1,13
1267,276,3,0,3
1267,3686,12,0,12
1267,3773,200,0,200
1267,297,2,0,2
1268,169,69,22,91
1268,2235,23,0,23
1268,3549,21,0,21
1268,417,24,0,24
1269,3768,0,8,8
1269,3769,0,5,5
1269,3657,2,6,8
1270,3774,98,0,98
1271,2182,5,5,10
1271,2229,68,6,74
1273,376,2,31,33
1273,154,14,17,31
1273,155,1,20,21
1273,166,2,1,3
1273,170,2,1,3
1273,1951,2,1,3
1273,182,10,10,20
1273,273,2,3,5
1273,286,0,5,5
1273,349,28,9,37
1273,346,7,2,9
1274,153,24,5,29
1274,1492,4,1,5
1274,1852,9,2,11
1274,169,8,4,12
1274,1267,72,2,74
1274,1268,7,0,7
1276,154,7,11,18
1276,166,1,2,3
1276,170,1,2,3
1276,1951,1,2,3
1278,143,1,1,2
1279,169,2,2,4
1279,1272,4,3,7
1279,287,3,2,5
1279,1211,5,4,9
1279,1218,3,1,4
1279,1338,2,1,3
1279,1209,2,1,3
1279,316,2,1,3
1279,1514,2,1,3
1279,361,4,3,7
1279,3779,91,0,91
1279,257,3,3,6
1279,414,0,18,18
1280,169,3,1,4
1283,1771,3,7,10
1286,341,8,5,13
1288,323,23,44,67
1288,3780,56,0,56
1288,297,0,1,1
1288,1036,2,2,4
1289,3781,152,0,152
1289,3782,59,0,59
1289,3784,92,0,92
1289,3785,63,0,63
1289,3786,51,0,51
1289,3787,56,0,56
1289,3788,52,0,52
1289,1036,4,0,4
1290,2229,1,0,1
1292,273,8,423,431
1292,3791,151,151,302
1293,1036,4,5,9
1294,336,6,3,9
1295,1817,1,1,2
1295,272,3,3,6
1295,293,6,6,12
1295,1378,4,4,8
1295,1831,1,1,2
1295,306,1,1,2
1296,414,11,0,11
1296,1716,3,3,6
1297,2229,9,0,9
1298,318,5,69,74
1298,3792,107,0,107
1298,297,0,1,1
1298,1036,3,5,8
1299,3792,1,1,2
1300,275,5,1,6
1300,283,13,57,70
1300,3794,78,0,78
1300,336,1,1,2
1300,2229,4,3,7
1300,297,0,2,2
1300,1036,4,4,8
1300,1496,16,12,28
1300,306,26,114,140
1300,3795,67,0,67
