commit_id,file_id,la,ld,la+ld
948,1745,10,2,12
949,1716,9,0,9
950,1369,7,0,7
950,1381,13,0,13
950,1382,17,0,17
951,1325,32,0,32
951,1327,4,2,6
951,3130,131,0,131
951,1716,6,5,11
951,1745,3,1,4
951,1776,3,1,4
951,3110,3,1,4
951,3129,5,2,7
1946,4334,7,3,10
1946,4556,101,0,101
1946,4558,103,0,103
1946,4546,96,28,124
1974,4555,40,0,40
952,1325,17,2,19
952,1778,34,0,34
952,1793,18,0,18
952,3129,2,2,4
952,1806,25,1,26
952,3095,23,5,28
841,3041,2,2,4
841,3042,3,3,6
841,2742,6,6,12
841,2743,4,4,8
841,3044,202,0,202
841,3045,148,0,148
841,3046,90,0,90
841,2744,3,3,6
841,3037,19,23,42
841,2746,1,1,2
841,1941,1,1,2
841,3038,2,2,4
841,2745,1,1,2
841,1942,1,1,2
841,1944,1,1,2
841,1986,12,5,17
841,1992,17,5,22
841,1993,22,11,33
841,1997,2,1,3
841,1998,5,5,10
841,2003,6,2,8
841,2016,2,2,4
841,2021,2,2,4
841,2019,2,2,4
841,2026,1,1,2
841,2626,2,2,4
841,2027,1,1,2
841,2030,1,1,2
841,2031,1,1,2
841,2032,1,1,2
841,2033,1,1,2
841,2731,1,1,2
841,2733,1,1,2
841,2035,2,2,4
841,2068,3,3,6
841,2069,2,2,4
841,2975,1,1,2
841,2976,1,1,2
841,2977,1,1,2
841,2073,1,1,2
842,3051,75,0,75
844,3053,50,0,50
844,3054,239,0,239
844,3055,50,0,50
844,3056,42,0,42
844,3057,210,0,210
844,3058,227,0,227
1943,4547,96,0,96
1947,4334,4,8,12
1947,4525,16,10,26
1947,4558,27,0,27
1947,4559,31,0,31
1947,4546,378,64,442
1947,4238,12,0,12
1947,4320,8,0,8
1947,4026,4,3,7
1947,4453,7,0,7
1947,4240,59,25,84
1947,4340,5,1,6
1947,4252,2,0,2
1947,4253,2,0,2
1947,4254,3,0,3
1947,4255,2,0,2
1947,4256,2,0,2
1944,4547,20,25,45
953,3125,6,6,12
954,3131,21,0,21
954,3076,6,0,6
954,3090,30,1,31
954,1811,15,0,15
954,3092,12,0,12
954,3095,9,0,9
1948,4547,3,3,6
1950,4547,4,0,4
955,3131,3,1,4
955,3090,14,5,19
955,1809,3,4,7
955,3093,51,48,99
955,3094,131,33,164
955,3095,41,2,43
956,1308,3,0,3
957,1325,10,1,11
957,1329,5,0,5
958,1738,1,1,2
959,3110,155,1,156
959,2711,90,18,108
681,1927,5,5,10
681,2768,2,5,7
681,2065,2,3,5
681,2067,72,229,301
681,2493,62,107,169
681,2073,11,47,58
845,2064,40,0,40
1952,3244,138,124,262
1952,4334,18,18,36
1952,4022,21,17,38
1952,4301,0,0,0
1952,4525,20,10,30
1952,4517,18,8,26
1952,4520,12,4,16
1952,4489,5,4,9
1952,4471,1,1,2
1952,4556,2,3,5
1952,4558,18,7,25
1952,4559,2,2,4
1952,4546,194,52,246
1952,4560,27,0,27
1952,4331,7,0,7
1952,4320,4,0,4
1952,4012,19,4,23
1952,4025,16,0,16
1952,4310,133,1,134
1952,4026,20,4,24
1952,4240,2,1,3
1952,4232,2,0,2
1952,4243,10,8,18
1952,4252,5,0,5
1952,4253,5,0,5
1952,4254,5,0,5
1952,4255,5,0,5
1952,4256,5,0,5
960,1778,4,3,7
960,2725,5,1,6
960,3132,149,0,149
960,2716,4,4,8
960,2717,4,1,5
1953,4565,73,0,73
1953,4546,464,163,627
1953,4025,14,2,16
1953,4026,16,1,17
1953,4547,78,57,135
1953,2292,2,0,2
1954,4546,14,12,26
961,3090,4,4,8
961,3133,51,0,51
961,1809,47,33,80
961,1811,1,23,24
961,3092,54,9,63
961,3094,2,1,3
961,3095,50,19,69
962,3076,2,6,8
962,3090,7,14,21
962,1809,1,2,3
962,1811,9,5,14
962,3092,4,5,9
962,3093,1,3,4
962,3094,4,8,12
962,3095,4,4,8
962,1822,1,3,4
963,1809,2,2,4
964,3057,26,21,47
1219,1918,33,9,42
682,2493,12,34,46
683,2067,12,0,12
683,2071,12,0,12
683,2493,19,2,21
683,2073,12,0,12
965,2711,0,9,9
966,1381,2,1,3
967,1806,32,2,34
968,3093,0,1,1
968,3094,0,3,3
969,1809,23,0,23
969,3083,16,0,16
970,1308,5,2,7
971,1745,6,0,6
971,1752,1,0,1
972,1774,5,2,7
972,2490,0,0,0
973,1773,19,0,19
973,1774,13,3,16
973,1809,4,15,19
973,1818,3,3,6
973,3093,4,5,9
973,3094,10,53,63
973,3095,75,3,78
973,1828,115,10,125
973,1824,27,6,33
973,3134,130,0,130
973,3135,43,0,43
973,3125,4,4,8
974,1757,7,0,7
974,2710,13,0,13
974,1778,49,0,49
974,2711,34,1,35
974,1785,3,0,3
974,1794,3,0,3
974,3136,16,14,30
974,1806,45,6,51
974,1809,2,1,3
974,3093,3,3,6
974,3094,27,4,31
974,3095,14,13,27
974,1826,36,42,78
974,1827,6,7,13
974,1828,14,10,24
975,1815,4,4,8
975,3095,4,6,10
975,1826,10,7,17
975,1827,56,4,60
975,1828,1,0,1
975,1822,32,65,97
975,3137,14,0,14
975,3138,81,0,81
976,2711,2,3,5
977,1778,4,0,4
977,1809,0,5,5
978,1771,10,0,10
978,1773,9,3,12
978,1774,26,0,26
978,1822,40,31,71
978,3137,85,2,87
978,3138,11,7,18
979,1771,1,3,4
979,1773,9,2,11
979,1774,18,1,19
979,1827,29,0,29
979,1828,7,5,12
1057,1298,1,1,2
1057,1299,66,26,92
1057,1308,31,12,43
1057,1314,1,1,2
1057,1325,67,97,164
1057,1329,7,0,7
1057,1330,9,2,11
1057,1337,42,16,58
1057,1339,15,9,24
1057,1341,5,6,11
1057,1360,8,0,8
1057,1367,2,2,4
1057,1371,1,1,2
1057,1372,9,0,9
1057,1377,8,2,10
1057,1379,2,0,2
1057,1381,19,2,21
1057,1382,2,2,4
1057,2995,5,2,7
1057,1401,39,48,87
1057,1402,5,1,6
1057,1403,5,1,6
1057,1418,18,212,230
1057,1419,13,68,81
1057,3178,182,0,182
1057,3179,40,109,149
1057,1420,1,1,2
1057,1423,0,11,11
1057,2483,131,19,150
1057,3180,84,0,84
1057,2484,35,12,47
1057,1458,14,5,19
1057,3181,34,9,43
1057,1459,8,4,12
1057,1460,7,29,36
1057,1461,40,20,60
1057,1462,40,18,58
1057,1464,86,33,119
1057,3182,63,0,63
1057,1465,7,6,13
1057,2485,24,4,28
1057,1470,17,1,18
1057,1473,2,2,4
1057,1476,3,1,4
1057,1477,518,19,537
1057,1481,160,6,166
1057,1483,75,1,76
1057,3184,85,0,85
1057,3185,20,8,28
1057,1487,12,1,13
1057,1488,8,6,14
1057,3186,96,0,96
1057,3187,10,8,18
1057,1513,12,0,12
1057,1514,12,0,12
1057,1515,18,14,32
1057,1525,6,15,21
1057,1526,11,0,11
1057,1527,20,17,37
1057,3190,18,5,23
1057,3191,16,5,21
1057,3192,25,20,45
1057,1534,12,0,12
1057,1535,11,0,11
1057,1536,17,13,30
1057,3200,71,0,71
1057,3115,42,22,64
1057,3201,15,17,32
1057,3202,1007,0,1007
1057,3203,14,20,34
1057,3204,224,0,224
1057,3117,11,27,38
1057,1673,48,13,61
1057,1675,1,0,1
1057,1766,3,11,14
1057,2189,15,0,15
1057,1691,27,25,52
1057,1695,5,5,10
1057,1708,73,0,73
1057,1716,3,0,3
1057,1719,3,2,5
1057,1738,90,124,214
1057,3209,28,22,50
1057,3210,90,0,90
1057,3211,145,0,145
1057,3212,345,0,345
1057,3213,83,0,83
1057,3214,105,0,105
1057,3215,780,0,780
1057,1744,4,0,4
1057,1745,93,54,147
1057,1746,31,59,90
1057,1749,17,17,34
1057,1751,77,1,78
1057,3217,15,17,32
1057,1752,0,22,22
1057,2454,15,0,15
1057,1757,34,7,41
1057,1758,3,2,5
1057,2187,101,38,139
1057,1765,4,1,5
1057,1768,42,26,68
1057,3168,10,1,11
1057,1773,8,0,8
1057,1775,8,0,8
1057,3218,23,5,28
1057,3219,135,0,135
1057,1503,15,4,19
1057,1504,15,2,17
1057,3220,8,6,14
1057,3221,8,5,13
1057,1519,7,5,12
1057,1520,7,5,12
1057,1521,18,13,31
1057,1522,14,13,27
1057,1523,10,0,10
1057,1524,11,0,11
1057,3222,45,0,45
1057,1776,22,0,22
1057,1778,146,74,220
1057,1780,16,13,29
1057,3170,54,45,99
1057,3223,215,0,215
1057,1784,5,12,17
1057,1785,82,115,197
1057,3224,107,0,107
1057,3225,56,0,56
1057,3226,252,0,252
1057,3227,139,0,139
1057,3228,146,0,146
1057,3229,45,0,45
1057,1793,1,0,1
1057,1794,17,0,17
1057,1797,0,1,1
1057,1798,16,4,20
1057,1799,10,32,42
1057,3231,71,0,71
1057,1806,57,10,67
1057,3232,140,0,140
1057,1809,14,11,25
1057,3172,4,9,13
1057,1818,9,9,18
1057,1821,7,0,7
1057,1822,1,1,2
1057,1824,1,0,1
1057,3176,77,24,101
1057,1826,28,0,28
1057,1827,11,2,13
1057,1828,25,16,41
1057,1916,26,10,36
1057,1918,106,3,109
1057,1921,42,5,47
1057,3234,152,0,152
1057,1925,1,0,1
1057,3236,92,0,92
1057,1928,19,0,19
1057,1929,30,38,68
1057,3237,15,11,26
1057,1933,3,40,43
1057,3239,99,0,99
1057,3240,102,0,102
1057,3241,205,0,205
1057,3242,133,0,133
1057,1939,1,1,2
1057,1940,3,38,41
1057,3243,416,0,416
1057,3244,214,0,214
1057,3245,147,0,147
1057,1941,114,56,170
1057,1942,100,19,119
1057,3038,425,73,498
1057,3247,10,45,55
1057,3248,26,11,37
1057,1945,24,10,34
1057,3249,153,0,153
1057,1970,1,3,4
1057,3250,42,0,42
1057,1982,27,263,290
1057,1986,35,11,46
1057,1992,4,4,8
1057,1993,258,48,306
1057,1994,218,89,307
1057,1996,243,80,323
1057,1997,10,6,16
1057,1998,76,74,150
1057,2000,198,87,285
1057,2001,228,101,329
1057,2002,24,0,24
1057,2003,5,6,11
1057,2005,216,100,316
1057,2006,1,1,2
1057,2007,1,1,2
1057,2009,4,4,8
1057,3252,1,1,2
1057,3253,1,2,3
1057,2016,7,7,14
1057,2021,5,5,10
1057,2019,14,14,28
1057,2026,53,28,81
1057,2626,8,7,15
1057,2027,11,9,20
1057,2029,16,25,41
1057,3260,22,34,56
1057,3261,24,7,31
1057,3262,123,0,123
1057,3263,27,9,36
1057,3264,73,0,73
1057,3265,89,0,89
1057,2035,4,4,8
1057,3268,263,0,263
1057,3269,217,0,217
1057,3270,2285,0,2285
1057,2043,237,232,469
1057,2044,14,50,64
1057,2923,8,8,16
1057,3271,8,10,18
1057,2628,4,4,8
1057,3272,6,0,6
1057,3273,40,45,85
1057,2208,14,14,28
1057,2050,7,7,14
1057,2054,6,0,6
1057,2055,5,0,5
1057,2059,6,0,6
1057,2061,3,3,6
1057,2062,432,65,497
1057,2064,21,21,42
1057,1676,7,5,12
1057,2065,47,33,80
1057,2066,56,35,91
1057,2067,154,140,294
1057,2068,274,183,457
1057,2069,146,222,368
1057,3274,110,63,173
1057,2070,52,50,102
1057,2071,116,370,486
1057,3275,141,39,180
1057,2072,49,34,83
1057,3276,43,24,67
1057,2493,69,71,140
1057,2073,90,56,146
1057,2290,0,1,1
1057,2332,0,3,3
1057,3277,21,33,54
1057,2501,0,2,2
1057,2326,1,3,4
1057,2075,29,30,59
1057,1973,4,2,6
1057,2799,10,2,12
1057,2076,9,0,9
1057,2077,15,0,15
1057,2659,5,9,14
1057,3278,25,38,63
1057,2078,21,20,41
980,1806,2,2,4
1955,4546,11,8,19
1956,4547,0,17,17
981,3140,41,0,41
981,3141,157,0,157
981,1697,33,0,33
982,1868,9,0,9
982,1870,8,0,8
685,1298,19,12,31
685,1299,94,31,125
685,1306,10,1,11
685,1307,1,1,2
685,1308,45,18,63
685,2245,3,0,3
685,1309,6,4,10
685,1310,3,3,6
685,1311,2,2,4
685,1312,20,21,41
685,1313,20,17,37
685,1314,8,8,16
685,1316,4,4,8
685,1317,6,5,11
685,1322,3,3,6
685,1323,7,0,7
685,1325,195,57,252
685,1327,11,0,11
685,1328,4,3,7
685,1329,7,7,14
685,2803,131,0,131
685,1330,30,65,95
685,1331,3,3,6
685,1332,5,5,10
685,1333,3,3,6
685,1337,8,7,15
685,1339,23,17,40
685,1341,5,6,11
685,1342,4,5,9
685,1343,4,5,9
685,1344,3,4,7
685,1345,1,1,2
685,1346,14,14,28
685,2804,244,0,244
685,1355,10,10,20
685,2805,170,0,170
685,2806,20,41,61
685,1347,2,1,3
685,2807,56,0,56
685,1348,1,2,3
685,1351,8,5,13
685,1352,47,13,60
685,2488,7,3,10
685,1358,41,61,102
685,2808,27,15,42
685,2809,116,0,116
685,1360,98,96,194
685,1362,2,1,3
685,1364,2,2,4
685,1365,25,3,28
685,1366,16,142,158
685,1367,20,141,161
685,1369,10,1,11
685,1370,13,3,16
685,1371,15,4,19
685,1372,16,17,33
685,1374,2,2,4
685,1377,8,8,16
685,1379,5,1,6
685,1380,9,7,16
685,1381,42,6,48
685,1382,35,8,43
685,2810,13,10,23
685,1386,2,2,4
685,1387,15,1,16
685,1395,3,17,20
685,1396,4,29,33
685,1400,5,2,7
685,1401,39,48,87
685,1402,5,1,6
685,1403,5,1,6
685,2811,5,5,10
685,2812,2,2,4
685,1416,96,21,117
685,1417,2,2,4
685,1418,18,21,39
685,1419,15,17,32
685,1420,35,34,69
685,1422,6,3,9
685,1423,39,22,61
685,1424,50,6,56
685,1425,1,1,2
685,1426,9,90,99
685,1427,2,2,4
685,1454,4,3,7
685,1456,5,5,10
685,1457,1,1,2
685,1459,10,14,24
685,1481,7,4,11
685,2720,1,1,2
685,1483,13,9,22
685,2719,29,28,57
685,1487,6,4,10
685,1488,4,5,9
685,1489,5,4,9
685,1490,3,3,6
685,1492,54,29,83
685,1493,5,4,9
685,1494,3,5,8
685,1495,12,6,18
685,1496,12,10,22
685,2476,1,1,2
685,1497,5,10,15
685,2188,2,3,5
685,2247,2,4,6
685,2813,20,44,64
685,1498,5,5,10
685,1513,12,0,12
685,1514,12,0,12
685,1515,18,14,32
685,1525,6,15,21
685,1526,11,0,11
685,1527,20,17,37
685,2826,18,5,23
685,2827,16,5,21
685,2828,25,20,45
685,1534,12,0,12
685,1535,11,0,11
685,1536,17,13,30
685,2840,71,0,71
685,1654,44,22,66
685,2841,17,17,34
685,2842,1015,0,1015
685,2843,14,17,31
685,2844,224,0,224
685,1657,11,27,38
685,2847,35,16,51
685,2848,128,0,128
685,2849,75,0,75
685,2850,107,0,107
685,1673,48,13,61
685,1675,1,0,1
685,1766,3,11,14
685,1691,27,25,52
685,1694,2,2,4
685,1695,5,5,10
685,1698,2,2,4
685,1716,12,2,14
685,1719,53,6,59
685,1721,5,1,6
685,1724,18,1,19
685,1737,4,66,70
685,1738,13,152,165
685,2861,16,31,47
685,2862,90,0,90
685,2863,145,0,145
685,2864,345,0,345
685,2865,83,0,83
685,2866,27,39,66
685,2867,780,0,780
685,1745,37,47,84
685,1746,31,59,90
685,1749,17,17,34
685,1751,23,5,28
685,1752,45,23,68
685,1753,2,2,4
685,2454,1,1,2
685,1756,3,4,7
685,1757,30,8,38
685,1759,2,2,4
685,1763,2,2,4
685,1764,9,7,16
685,1765,7,3,10
685,2876,187,0,187
685,1768,58,35,93
685,1769,8,7,15
685,1771,7,14,21
685,1773,89,68,157
685,1774,79,216,295
685,2877,3,3,6
685,1775,44,15,59
685,2878,110,0,110
685,2489,14,29,43
685,2490,36,5,41
685,2879,18,10,28
685,2880,135,0,135
685,1503,15,4,19
685,1504,15,2,17
685,2881,8,6,14
685,2882,8,5,13
685,1519,7,5,12
685,1520,7,5,12
685,1521,18,13,31
685,1522,14,13,27
685,1523,10,0,10
685,1524,11,0,11
685,1776,21,9,30
685,1778,167,42,209
685,2883,291,0,291
685,2711,273,31,304
685,1784,4,66,70
685,1785,12,160,172
685,2723,1,1,2
685,2725,15,1,16
685,2728,14,3,17
685,2885,214,0,214
685,2886,52,0,52
685,2887,318,0,318
685,2888,11,6,17
685,2889,69,0,69
685,2890,225,0,225
685,1791,6,0,6
685,1792,10,8,18
685,1793,18,0,18
685,1794,19,1,20
685,1797,0,1,1
685,1803,17,4,21
685,2717,15,0,15
685,1806,77,255,332
685,2891,166,0,166
685,1676,4,4,8
685,2893,76,0,76
685,2894,3,11,14
685,2895,146,0,146
685,2896,253,0,253
685,1809,356,415,771
685,1810,5,2,7
685,1814,84,23,107
685,1815,11,2,13
685,1816,3,4,7
685,1811,94,138,232
685,2897,76,0,76
685,2898,227,0,227
685,1818,48,31,79
685,1813,145,121,266
685,2899,235,0,235
685,2900,160,0,160
685,1826,14,63,77
685,1827,5,10,15
685,1828,65,251,316
685,2902,277,0,277
685,2903,394,0,394
685,1821,91,48,139
685,1822,97,64,161
685,2904,19,15,34
685,2905,83,0,83
685,1824,35,15,50
685,2910,152,0,152
685,1925,1,0,1
685,1928,19,0,19
685,1375,15,22,37
685,2746,1,1,2
685,1945,14,0,14
685,2911,153,0,153
685,1986,25,1,26
685,1993,228,12,240
685,1994,217,88,305
685,1996,242,79,321
685,1997,5,1,6
685,1998,19,11,30
685,2000,198,87,285
685,2001,227,100,327
685,2002,24,0,24
685,2005,215,99,314
685,2026,26,17,43
685,2027,2,0,2
685,2736,21,13,34
685,2732,9,0,9
685,2734,4,7,11
685,2916,194,0,194
685,2917,167,0,167
685,2918,94,0,94
685,2919,57,0,57
685,2076,9,0,9
685,1817,4,3,7
686,2921,42,0,42
686,2922,95,0,95
686,2923,106,0,106
686,2628,3,2,5
686,2050,3,2,5
686,2064,8,7,15
686,2749,0,2,2
686,2067,31,1,32
686,2068,19,4,23
686,2077,34,7,41
983,3141,7,8,15
983,1690,3,1,4
983,1697,9,7,16
983,3142,1,1,2
983,3140,12,17,29
983,1752,52,2,54
983,1756,1,1,2
1971,4558,1,1,2
1971,4546,1,1,2
1971,4418,25,0,25
1971,4334,1,4,5
1971,4421,31,0,31
1972,4423,30,0,30
1972,4487,1,2,3
984,1325,49,291,340
984,1716,18,16,34
984,1724,3,3,6
984,1738,1,1,2
984,1745,31,29,60
984,1748,0,1,1
984,1752,89,11,100
984,1776,32,19,51
984,1778,15,6,21
984,3110,13,9,22
984,2711,3,3,6
984,1785,1,1,2
984,1791,4,6,10
984,1793,15,3,18
984,1805,26,12,38
984,1806,53,60,113
984,1809,12,11,23
984,3095,11,12,23
985,3145,52,0,52
985,3146,81,0,81
985,3147,129,0,129
985,3148,131,0,131
985,3149,308,0,308
985,3150,118,0,118
987,1325,28,19,47
987,1484,3,4,7
989,1752,6,3,9
990,1484,2,1,3
991,1724,0,24,24
991,1791,0,6,6
991,3149,10,0,10
991,1806,12,9,21
991,3095,1,1,2
991,1828,34,17,51
992,1752,28,13,41
992,1778,15,1,16
992,3150,39,0,39
993,3151,10,19,29
993,1745,42,114,156
993,1746,11,8,19
993,1747,10,9,19
993,1748,114,132,246
993,1749,6,5,11
993,1750,5,3,8
993,1751,5,26,31
993,1752,53,50,103
993,1753,0,1,1
993,1778,93,19,112
993,1809,3,1,4
994,1738,5,0,5
994,1748,0,8,8
994,1752,2,1,3
994,3110,10,3,13
994,2711,13,2,15
994,1784,1,0,1
994,1785,10,3,13
995,2711,2,1,3
996,1325,2,2,4
997,1776,8,0,8
1973,4558,1,1,2
1973,4546,1,1,2
1973,4334,4,4,8
1973,4230,64,0,64
1973,4193,2,0,2
1004,1308,12,2,14
687,1813,1,1,2
687,2763,1,0,1
687,2925,58,0,58
687,2764,0,80,80
687,2744,82,1,83
687,2745,22,32,54
687,2926,333,0,333
687,2749,3,6,9
687,2068,2,6,8
687,2069,1,3,4
687,2072,1,1,2
687,2799,6,15,21
687,2076,20,32,52
687,2077,10,3,13
687,2078,7,6,13
688,2930,221,0,221
1977,4668,100,0,100
1977,4669,47,0,47
1977,4670,14,0,14
1977,4671,28,0,28
1977,4672,94,0,94
1977,4673,68,0,68
998,1794,3,0,3
998,3152,96,0,96
998,1806,9,0,9
998,1809,24,4,28
998,3095,16,8,24
998,1828,34,11,45
689,1308,5,2,7
689,1325,76,309,385
689,2931,7,23,30
689,1339,3,3,6
689,1340,38,37,75
689,1381,2,1,3
689,1397,9,3,12
689,1461,1,0,1
689,1484,2,2,4
689,2932,156,0,156
689,1690,3,1,4
689,1697,36,1,37
689,1716,18,16,34
689,1724,3,27,30
689,1738,6,1,7
689,1327,25,12,37
689,2934,129,0,129
689,2803,1,1,2
689,2935,18,12,30
689,2936,14,13,27
689,1745,79,143,222
689,1746,11,8,19
689,1747,10,9,19
689,1748,106,133,239
689,1749,6,5,11
689,1750,5,3,8
689,1751,5,26,31
689,1752,202,51,253
689,1753,0,1,1
689,1756,1,1,2
689,1757,7,0,7
689,1771,8,0,8
689,1773,35,3,38
689,1774,61,5,66
689,2490,0,0,0
689,2710,13,0,13
689,1776,40,19,59
689,1778,176,25,201
689,2883,21,10,31
689,2711,52,17,69
689,1784,1,0,1
689,1785,14,4,18
689,2725,5,1,6
689,2937,149,0,149
689,2939,75,0,75
689,1791,4,12,16
689,2716,4,4,8
689,1793,15,3,18
689,1794,3,0,3
689,1827,16,14,30
689,2940,318,0,318
689,2941,59,56,115
689,1805,26,12,38
689,2717,4,1,5
689,1806,130,65,195
689,2893,2,6,8
689,2896,11,18,29
689,2942,51,0,51
689,1809,89,65,154
689,1815,4,4,8
689,1811,9,27,36
689,2897,56,12,68
689,1818,3,3,6
689,1813,2,6,8
689,2899,33,59,92
689,2900,127,26,153
689,1826,45,48,93
689,2943,118,0,118
689,1828,144,15,159
689,1822,64,90,154
689,1824,27,6,33
689,2944,97,0,97
689,2945,130,0,130
689,2946,85,0,85
689,2947,12,12,24
689,2902,4,4,8
689,2905,16,0,16
689,1868,9,0,9
689,1870,8,0,8
689,2930,11,1,12
999,3152,2,2,4
999,3153,112,0,112
999,3154,13,15,28
999,3155,105,0,105
999,1826,4,4,8
999,3136,3,1,4
999,1827,3,3,6
999,1828,7,7,14
999,1757,8,1,9
999,1778,52,6,58
999,1794,3,3,6
999,1806,7,5,12
999,1809,1,1,2
999,3095,3,2,5
1000,3136,0,1,1
1000,1828,8,3,11
1000,3151,6,2,8
1000,1752,1,1,2
1000,1776,18,2,20
690,2926,1,0,1
690,1983,37,37,74
690,1984,35,35,70
690,1985,98,98,196
690,1992,5,5,10
690,1993,0,1,1
690,1994,271,269,540
690,1996,281,279,560
690,1997,37,38,75
690,1998,108,114,222
690,1999,40,40,80
690,2000,211,210,421
690,2001,281,279,560
690,2003,60,63,123
690,2005,238,241,479
690,2077,5,1,6
691,1472,7,0,7
691,1797,8,0,8
691,1959,10,0,10
691,2952,2,15,17
691,2794,17,0,17
691,2953,363,0,363
1060,1298,1,1,2
1060,1299,26,66,92
1060,1308,12,31,43
1060,1314,1,1,2
1060,1325,81,33,114
1060,3297,73,0,73
1060,1329,0,1,1
1060,1330,2,9,11
1060,1337,16,42,58
1060,1339,9,15,24
1060,1341,6,5,11
1060,1360,0,8,8
1060,1367,2,2,4
1060,1371,1,1,2
1060,1372,0,9,9
1060,1377,2,8,10
1060,1379,0,2,2
1060,1381,2,19,21
1060,1382,2,2,4
1060,2995,2,5,7
1060,1401,48,39,87
1060,1402,1,5,6
1060,1403,1,5,6
1060,1418,212,18,230
1060,1419,68,13,81
1060,1420,1,1,2
1060,1423,11,0,11
1060,2483,19,131,150
1060,2484,12,35,47
1060,1458,5,14,19
1060,1459,4,8,12
1060,1460,29,7,36
1060,1461,20,40,60
1060,1462,18,40,58
1060,1464,33,86,119
1060,1465,6,7,13
1060,2485,4,24,28
1060,1470,1,17,18
1060,1473,2,2,4
1060,1476,1,3,4
1060,1477,19,518,537
1060,3298,346,0,346
1060,1481,6,160,166
1060,1483,1,75,76
1060,1487,1,12,13
1060,1488,6,8,14
1060,1513,0,12,12
1060,1514,0,12,12
1060,1515,14,18,32
1060,1525,15,6,21
1060,1526,0,11,11
1060,1527,17,20,37
1060,1534,0,12,12
1060,1535,0,11,11
1060,1536,13,17,30
1060,3299,129,0,129
1060,3300,932,0,932
1060,3301,116,0,116
1060,3302,162,0,162
1060,1673,13,48,61
1060,3307,15,58,73
1060,1675,0,1,1
1060,3308,5,15,20
1060,3309,144,0,144
1060,1766,11,3,14
1060,2189,0,15,15
1060,1691,25,27,52
1060,1695,5,5,10
1060,1708,0,73,73
1060,1716,0,3,3
1060,1719,2,3,5
1060,1738,124,90,214
1060,1744,0,4,4
1060,1745,54,93,147
1060,1746,59,31,90
1060,1749,17,17,34
1060,1751,1,77,78
1060,1752,22,0,22
1060,2454,0,15,15
1060,1757,11,25,36
1060,1758,2,3,5
1060,2187,38,101,139
1060,1765,1,4,5
1060,1768,26,42,68
1060,3168,1,10,11
1060,1773,0,8,8
1060,1775,0,8,8
1060,1503,4,15,19
1060,1504,2,15,17
1060,1519,5,7,12
1060,1520,5,7,12
1060,1521,13,18,31
1060,1522,13,14,27
1060,1523,0,10,10
1060,1524,0,11,11
1060,1776,0,22,22
1060,3310,314,0,314
1060,1778,74,146,220
1060,1780,13,16,29
1060,3170,1,47,48
1060,3311,85,0,85
1060,1784,12,5,17
1060,1785,115,82,197
1060,1793,0,1,1
1060,1794,0,12,12
1060,1797,1,0,1
1060,1798,4,16,20
1060,1799,32,10,42
1060,3312,281,0,281
1060,1806,8,48,56
1060,1809,11,14,25
1060,3172,8,3,11
1060,1818,9,9,18
1060,1821,0,7,7
1060,1822,1,1,2
1060,1824,0,1,1
1060,3176,24,24,48
1060,1827,0,1,1
1060,1828,6,4,10
1060,1916,10,26,36
1060,1918,3,106,109
1060,1921,5,42,47
1060,1925,0,1,1
1060,1928,0,19,19
1060,1929,38,30,68
1060,3313,201,0,201
1060,3314,141,0,141
1060,1933,40,3,43
1060,1939,1,1,2
1060,1940,38,3,41
1060,1941,56,114,170
1060,3315,103,0,103
1060,3316,62,0,62
1060,1942,19,100,119
1060,3317,106,0,106
1060,3318,66,0,66
1060,3319,96,0,96
1060,3038,73,425,498
1060,3247,45,10,55
1060,1945,10,24,34
1060,1970,3,1,4
1060,3320,174,0,174
1060,1982,263,27,290
1060,1986,11,35,46
1060,1992,4,4,8
1060,1993,48,258,306
1060,1994,89,218,307
1060,1996,80,243,323
1060,1997,6,10,16
1060,1998,74,76,150
1060,2000,87,198,285
1060,2001,101,228,329
1060,2002,0,24,24
1060,2003,6,5,11
1060,2005,100,216,316
1060,2006,1,1,2
1060,2007,1,1,2
1060,2009,4,4,8
1060,3252,1,1,2
1060,3253,2,1,3
1060,2016,7,7,14
1060,3324,652,0,652
1060,2021,5,5,10
1060,3325,6,13,19
1060,3326,96,0,96
1060,3327,313,0,313
1060,2026,28,53,81
1060,3328,272,0,272
1060,3329,297,0,297
1060,3330,270,0,270
1060,2626,7,8,15
1060,2027,9,11,20
1060,3331,60,0,60
1060,3332,83,0,83
1060,3333,79,0,79
1060,3334,58,0,58
1060,3335,54,0,54
1060,3336,26,11,37
1060,3337,54,0,54
1060,3338,27,12,39
1060,3339,51,0,51
1060,3340,53,0,53
1060,3341,25,11,36
1060,3342,10,11,21
1060,3343,25,11,36
1060,3344,51,0,51
1060,2029,25,16,41
1060,3345,12,13,25
1060,3346,13,16,29
1060,2035,4,4,8
1060,2043,232,237,469
1060,2044,50,14,64
1060,2923,8,8,16
1060,3271,10,8,18
1060,2628,4,4,8
1060,3272,0,6,6
1060,3273,45,40,85
1060,2208,14,14,28
1060,2050,7,7,14
1060,2054,0,6,6
1060,2055,0,5,5
1060,2059,0,6,6
1060,2061,3,3,6
1060,2062,65,432,497
1060,2064,21,21,42
1060,2065,33,47,80
1060,2066,35,56,91
1060,2067,140,154,294
1060,2068,183,274,457
1060,2069,222,146,368
1060,2070,50,52,102
1060,2071,370,116,486
1060,2072,34,49,83
1060,2493,71,69,140
1060,2073,56,90,146
1060,2290,1,0,1
1060,2332,3,0,3
1060,2501,2,0,2
1060,2326,3,1,4
1060,2075,30,29,59
1060,1973,2,4,6
1060,2799,2,10,12
1060,2076,0,9,9
1060,2077,0,15,15
1060,2078,20,21,41
1061,1299,0,1,1
1061,1738,4,2,6
1061,1778,1,11,12
1061,3223,1,0,1
1061,1785,1,1,2
1007,1299,36,14,50
1007,3024,14,0,14
1007,1757,13,1,14
1007,1765,9,0,9
1007,1768,24,1,25
1007,1778,20,2,22
1007,1794,8,0,8
1007,1806,10,0,10
1009,1778,2,0,2
1009,1806,13,1,14
1009,1856,6,7,13
1009,1866,3,3,6
1009,1870,1,1,2
1978,4674,34,0,34
1978,4675,51,0,51
1978,4676,52,0,52
1978,4669,5,1,6
1978,4673,1,3,4
1979,4668,36,0,36
1979,4674,52,8,60
1979,4675,40,8,48
1979,4676,38,12,50
1979,4669,31,6,37
1979,4670,36,1,37
1979,4671,20,0,20
1979,4672,40,0,40
1979,4673,28,4,32
1981,4668,11,7,18
1981,4674,11,5,16
1981,4675,1,0,1
1981,4676,1,0,1
1981,4669,1,0,1
1981,4670,4,0,4
1981,4671,9,2,11
1981,4672,9,8,17
1981,4673,1,0,1
1958,4182,16,78,94
1958,4276,2,0,2
1958,4428,41,14,55
1958,4302,2,0,2
1958,4022,61,56,117
1958,4335,4,3,7
1958,4023,33,27,60
1958,4024,23,5,28
1958,4278,2,0,2
1958,4301,2,0,2
1958,4012,54,6,60
1958,4240,8,0,8
1958,4208,17,0,17
1958,4124,2,2,4
1959,4577,139,0,139
1959,4578,9,0,9
1959,4590,16,0,16
1959,4593,2417,0,2417
1959,4594,6245,0,6245
1959,4595,18,0,18
1959,4596,172,0,172
1959,4612,44,0,44
1959,4613,20,0,20
693,1299,36,14,50
693,1308,12,2,14
693,2842,14,0,14
693,2955,96,0,96
693,2956,112,0,112
693,2957,13,11,24
693,2958,105,0,105
693,1826,4,4,8
693,1827,2,1,3
693,2943,3,3,6
693,1828,47,19,66
693,2936,6,2,8
693,1752,1,1,2
693,1757,21,2,23
693,1765,9,0,9
693,1768,24,1,25
693,1776,18,2,20
693,1778,74,8,82
693,1794,12,1,13
693,1806,37,4,41
693,1809,24,4,28
693,2900,18,9,27
693,1856,6,7,13
693,1866,3,3,6
693,1870,1,1,2
1983,4276,1,2,3
1983,4463,3,5,8
1983,4428,3,4,7
1983,4302,1,2,3
1983,4022,3,6,9
1983,4023,1,2,3
1983,4024,2,4,6
1983,4278,1,2,3
1983,4301,1,3,4
1983,4476,1,1,2
1983,4477,1,1,2
1983,4478,4,5,9
1983,4479,1,2,3
1983,4480,1,2,3
1983,4481,3,4,7
1983,4482,3,3,6
1983,4483,2,3,5
1983,4524,0,1,1
1983,4393,3,8,11
1983,4394,0,1,1
1983,4395,3,11,14
1983,4520,0,1,1
1983,4398,0,3,3
1983,4468,3,15,18
1983,4684,3,4,7
1983,4542,2,3,5
1983,4469,2,3,5
1983,4444,3,6,9
1983,4489,2,5,7
1983,4490,2,3,5
1983,4470,2,3,5
1983,4491,1,2,3
1983,4449,2,3,5
1983,4465,1,2,3
1983,4447,2,4,6
1983,4486,1,2,3
1983,4472,1,2,3
1983,4466,1,1,2
1983,4543,2,3,5
1983,4565,2,6,8
1983,4402,2,3,5
1983,4685,1,2,3
1983,4405,2,3,5
1983,4556,2,3,5
1983,4558,6,17,23
1983,4559,2,3,5
1983,4546,4,12,16
1983,4560,1,2,3
1983,4334,6,10,16
1983,4224,3,10,13
1983,4226,1,2,3
1983,4230,4,8,12
1983,4320,6,8,14
1983,4012,0,1,1
1983,4025,0,3,3
1983,4026,2,6,8
1983,4236,3,10,13
1983,4453,9,13,22
1983,4257,1,2,3
1983,4418,1,2,3
1983,4419,2,3,5
1983,4420,1,2,3
1983,4421,1,2,3
1983,4422,2,4,6
1983,4197,5,8,13
1983,4198,3,4,7
1983,4199,2,3,5
1983,4318,2,3,5
1983,4425,2,3,5
1983,4423,1,2,3
1983,4454,1,2,3
1983,4240,3,6,9
1983,4200,1,3,4
1983,4242,3,4,7
1983,4204,1,2,3
1983,4424,2,3,5
1983,4232,1,3,4
1983,4205,1,2,3
1983,4319,2,3,5
1983,4202,3,4,7
1983,4207,2,3,5
1983,4426,2,4,6
1983,4208,1,2,3
1983,4487,1,2,3
1983,4555,2,4,6
1983,4243,2,4,6
1983,4686,1,2,3
1983,4246,1,2,3
1983,4247,1,2,3
1983,4248,1,1,2
1983,4249,1,2,3
1983,4547,1,6,7
1983,4364,1,2,3
1983,2292,0,5,5
1983,4340,9,15,24
1983,3235,0,5,5
1983,2297,3,4,7
1983,4252,1,2,3
1983,4253,1,2,3
1983,4254,1,3,4
1983,4255,1,2,3
1983,4256,1,2,3
1983,4251,1,3,4
1984,4198,6,6,12
1984,4199,1,1,2
1984,4318,3,3,6
1984,4423,3,2,5
1984,4205,2,1,3
1984,4202,1,1,2
1984,4207,2,2,4
1984,4668,10,1,11
1984,4670,12,0,12
1984,4671,5,0,5
1984,4672,58,1,59
1984,4547,1,3,4
1985,4463,1,0,1
1985,4428,7,5,12
1985,4022,1,1,2
1985,4024,1,1,2
1985,4393,1,1,2
1985,4395,1,1,2
1985,4444,2,1,3
1985,4558,1,0,1
1985,4334,1,0,1
1985,4320,3,0,3
1985,4453,3,1,4
1985,4422,1,1,2
1985,4197,2,0,2
1985,4198,0,1,1
1985,4199,0,1,1
1985,4318,0,1,1
1985,4425,14,15,29
1985,4423,0,1,1
1985,4240,2,1,3
1985,4200,1,0,1
1985,4242,1,1,2
1985,4319,1,0,1
1985,4207,0,1,1
1985,4426,1,1,2
1985,4555,1,1,2
1985,4243,1,1,2
1985,4668,8,0,8
1985,4687,34,0,34
1985,4675,3,1,4
1985,4676,1,1,2
1985,4669,1,1,2
1985,4670,4,0,4
1985,4688,47,0,47
1985,4689,13,0,13
1985,4673,6,2,8
1985,4340,3,1,4
1986,4230,1,1,2
1987,4463,3,3,6
1987,4428,1,1,2
1987,4478,3,3,6
1987,4481,1,1,2
1987,4482,1,1,2
1987,4393,2,2,4
1987,4468,11,11,22
1987,4684,4,2,6
1987,4556,10,10,20
1987,4334,8,8,16
1987,4230,7,7,14
1987,4453,14,12,26
1987,4197,11,6,17
1987,4487,0,2,2
1987,4555,6,0,6
1987,4248,4,4,8
1987,4668,3,3,6
1987,4687,55,6,61
1987,4675,4,0,4
1987,4676,4,0,4
1987,4669,4,0,4
1987,4670,6,3,9
1987,4688,33,10,43
1987,4689,3,0,3
1987,4672,5,0,5
1987,4673,1,1,2
1987,4340,1,2,3
1987,2297,3,3,6
1987,4252,2,2,4
1987,4256,4,3,7
1988,4276,2,2,4
1988,4463,2,2,4
1988,4428,2,3,5
1988,4302,2,2,4
1988,4022,7,5,12
1988,4278,2,2,4
1988,4301,7,2,9
1988,4478,5,4,9
1988,4480,2,2,4
1988,4468,1,2,3
1988,4684,2,2,4
1988,4542,1,1,2
1988,4489,12,11,23
1988,4491,3,2,5
1988,4565,12,5,17
1988,4402,2,2,4
1988,4405,2,1,3
1988,4556,2,3,5
1988,4558,4,4,8
1988,4421,2,1,3
1988,4423,1,1,2
1988,4200,2,1,3
1988,4668,16,1,17
1988,4689,11,0,11
1989,4334,48,18,66
1989,4331,1,1,2
1989,4332,2,2,4
1989,4238,5,6,11
1989,4230,0,0,0
1989,4320,3,3,6
1989,4012,6,5,11
1989,4025,7,6,13
1989,4310,8,10,18
1989,4193,1,1,2
1989,4026,17,17,34
1989,4453,2,1,3
1989,4418,6,6,12
1989,4421,9,9,18
1989,4422,1,0,1
1989,4198,2,2,4
1989,4425,3,3,6
1989,4423,8,8,16
1989,4454,6,6,12
1989,4240,15,11,26
1989,4200,1,1,2
1989,4242,11,11,22
1989,4424,2,2,4
1989,4232,0,0,0
1989,4205,0,0,0
1989,4202,4,4,8
1989,4207,1,1,2
1989,4426,1,0,1
1989,4487,2,1,3
1989,4555,24,24,48
1989,4243,2,1,3
1989,4686,0,0,0
1989,4246,1,0,1
1989,4247,0,0,0
1989,4248,0,0,0
1989,4668,3,5,8
1989,4687,11,11,22
1989,4675,1,0,1
1989,4676,1,0,1
1989,4669,1,0,1
1989,4670,0,0,0
1989,4688,11,9,20
1989,4671,0,0,0
1989,4689,0,5,5
1989,4672,3,5,8
1989,4673,1,0,1
1989,4547,13,12,25
1989,2292,6,6,12
1989,4340,12,12,24
1989,3235,4,2,6
1989,2297,0,0,0
1989,4252,5,3,8
1989,4253,5,3,8
1989,4254,4,3,7
1989,4255,4,3,7
1989,4256,4,3,7
1989,4251,2,2,4
1989,4523,1,1,2
1010,1472,3,3,6
1010,1477,0,1,1
1010,2952,4,1,5
1010,2685,184,5,189
1010,1964,37,15,52
1010,2665,1,1,2
1010,2666,1,1,2
1010,2629,3,24,27
1010,2793,94,6,100
1010,2794,18,4,22
1010,2796,1,1,2
1010,2800,1,1,2
1010,2628,1,1,2
1010,2208,1,1,2
1010,2050,1,1,2
1010,2058,1,1,2
1010,2953,231,159,390
1010,2061,1,1,2
1010,2062,1,1,2
1010,2063,1,1,2
1010,2064,1,1,2
1010,2749,1,1,2
1010,2067,1,1,2
1010,2068,1,1,2
1010,2975,1,1,2
1010,2070,1,1,2
1010,2976,1,1,2
1010,2977,1,1,2
1010,2493,1,1,2
1010,2290,2,1,3
1010,2799,1,1,2
1010,2291,1,1,2
1010,2787,2,0,2
1010,1972,1,0,1
1010,2790,1,0,1
1010,2801,2,0,2
1010,3156,24,22,46
1010,3157,33,14,47
1010,1976,2,0,2
1960,4614,147,0,147
1960,4615,19,0,19
1960,4182,0,86,86
1960,4593,201,163,364
1960,4594,1317,1071,2388
1960,4596,1,0,1
1960,4276,4,18,22
1960,4463,0,5,5
1960,4428,22,22,44
1960,4302,9,29,38
1960,4022,47,63,110
1960,4335,16,21,37
1960,4023,1,4,5
1960,4024,1,19,20
1960,4630,30,0,30
1960,4278,4,29,33
1960,4301,3,40,43
1960,4478,0,4,4
1960,4517,19,13,32
1960,4394,2,2,4
1960,4398,7,8,15
1960,4489,179,166,345
1960,4331,7,37,44
1960,4332,10,14,24
1960,4590,1,2,3
1960,4337,2,2,4
1960,4631,20,0,20
1960,4632,14,0,14
1960,4012,276,96,372
1960,4577,57,39,96
1960,4025,4,4,8
1960,4310,4,2,6
1960,4026,1,0,1
1960,4424,8,0,8
1960,4205,1,0,1
1960,4633,23,0,23
1011,2685,63,45,108
1012,2685,15,2,17
1012,2793,30,11,41
1012,2794,1,1,2
1013,2208,8,4,12
1014,2953,6,2,8
1062,1299,4,3,7
1062,1325,8,6,14
1062,1372,7,0,7
1062,1377,1,1,2
1062,1379,2,0,2
1062,1716,1,0,1
1062,1721,3,1,4
1062,1752,2,1,3
1062,1757,4,2,6
1062,1758,1,0,1
1062,3168,5,0,5
1062,1773,4,0,4
1062,1775,7,0,7
1062,1778,1,2,3
1062,3170,31,11,42
1062,1794,1,1,2
1062,1806,16,1,17
1062,1809,10,1,11
1062,3351,2,0,2
1062,1811,5,0,5
1062,3172,2,7,9
1062,3173,12,0,12
1062,3175,18,10,28
1062,1824,1,0,1
1062,3176,3,1,4
1062,1828,1,1,2
1961,4022,3,6,9
1961,4525,2,0,2
1961,4517,2,0,2
1961,4468,12,21,33
1961,4471,15,4,19
1961,4447,1,7,8
1962,4276,1,1,2
1962,4302,1,1,2
1962,4630,21,1,22
1962,4278,1,1,2
1962,4393,20,19,39
1962,4525,39,99,138
1962,4517,28,84,112
1962,4395,12,18,30
1962,4634,131,0,131
1962,4468,5,0,5
1962,4488,0,4,4
1962,4489,24,4,28
1962,4471,2,1,3
1962,4546,42,23,65
1962,4012,30,30,60
1962,4025,2,1,3
1990,4480,1,1,2
1990,4320,53,57,110
1990,4207,2,1,3
1990,4668,12,7,19
1990,4687,5,0,5
1990,4675,5,0,5
1990,4676,5,0,5
1990,4669,5,0,5
1990,4670,1,1,2
1990,4688,5,0,5
1990,4672,4,0,4
1990,2297,5,5,10
1992,4320,5,7,12
1992,4197,10,12,22
1992,4240,1,1,2
1992,4668,5,0,5
1992,4687,5,0,5
1992,4674,5,0,5
1992,4675,5,0,5
1992,4676,5,0,5
1992,4669,5,0,5
1992,4670,2,0,2
1992,4688,5,0,5
1992,4671,5,0,5
1992,4672,5,0,5
1992,4673,5,0,5
1993,4334,6,6,12
1993,4230,1,1,2
1993,4320,15,9,24
1993,4668,1,1,2
1991,4687,23,2,25
1991,4675,25,6,31
1991,4676,26,5,31
1991,4669,26,5,31
1991,4688,24,3,27
1991,4689,14,2,16
1049,3024,4,0,4
1994,4230,11,11,22
1994,4320,0,3,3
1994,4453,1,1,2
1994,4240,0,2,2
1994,2297,0,1,1
1015,2739,53,5,58
1015,1927,74,54,128
1015,1933,42,16,58
1015,2762,1,0,1
1015,1935,69,47,116
1015,1939,1,27,28
1015,1940,33,16,49
1015,1993,60,28,88
1015,1995,5,0,5
1015,2953,37,3,40
1015,2077,3,4,7
1963,4276,4,4,8
1963,4302,4,4,8
1963,4022,5,4,9
1963,4335,21,24,45
1963,4023,1,3,4
1963,4024,1,2,3
1963,4630,6,1,7
1963,4301,9,4,13
1963,4331,1,3,4
1963,4332,1,2,3
1963,4632,1,2,3
1963,4294,1,1,2
1963,4012,21,14,35
1963,4577,10,9,19
1963,4172,3,3,6
1963,4025,1,4,5
1963,4310,50,52,102
1963,4193,1,1,2
1963,4026,1,1,2
1963,4240,0,1,1
1963,4232,0,1,1
1963,4555,5,0,5
1963,4547,0,5,5
1963,2292,0,1,1
1963,4340,1,1,2
1963,4254,0,1,1
1995,1916,1,1,2
1995,1920,0,0,0
1995,1921,0,0,0
1995,1922,0,0,0
1995,1923,0,0,0
1995,1924,0,0,0
1995,3241,1,1,2
1995,3244,0,3,3
1995,1986,1,1,2
1995,1993,3,4,7
1995,2009,1,1,2
1995,2050,1,1,2
1995,4690,0,0,0
1995,2064,1,1,2
1995,4230,2,1,3
1995,4668,2,1,3
1995,4692,60,0,60
1995,3235,1,0,1
1995,2297,1,1,2
1996,4026,3,2,5
1996,4695,33,0,33
1996,4696,65,0,65
1996,2292,7,4,11
1996,3235,6,6,12
1996,2297,0,1,1
1996,4251,5,3,8
1964,4614,17,19,36
1964,4593,1,1,2
1964,4594,4,4,8
1964,4334,31,5,36
1964,4276,1,1,2
1964,4463,1,1,2
1964,4428,25,11,36
1964,4302,3,2,5
1964,4022,20,19,39
1964,4335,15,13,28
1964,4023,2,2,4
1964,4024,2,2,4
1964,4630,6,6,12
1964,4278,3,4,7
1964,4301,2,2,4
1964,4478,1,2,3
1964,4524,2,4,6
1964,4393,9,8,17
1964,4525,21,29,50
1964,4517,20,21,41
1964,4518,1,1,2
1964,4519,2,2,4
1964,4394,6,7,13
1964,4395,13,16,29
1964,4634,21,16,37
1964,4515,3,3,6
1964,4520,17,19,36
1964,4398,4,8,12
1964,4468,42,45,87
1964,4488,10,11,21
1964,4542,2,2,4
1964,4469,1,1,2
1964,4489,30,32,62
1964,4471,2,3,5
1964,4447,3,3,6
1964,4472,1,0,1
1964,4543,3,2,5
1964,4565,16,16,32
1964,4556,1,1,2
1964,4558,13,12,25
1964,4559,1,0,1
1964,4546,255,192,447
1964,4560,6,2,8
1964,4330,0,1,1
1964,4189,0,1,1
1964,4331,1,1,2
1964,4332,1,1,2
1964,4226,0,4,4
1964,4238,2,3,5
1964,4631,3,3,6
1964,4632,1,0,1
1964,4230,0,0,0
1964,4612,6,3,9
1964,4320,2,2,4
1964,4012,20,12,32
1964,4577,17,16,33
1964,4025,8,18,26
1964,4310,10,9,19
1964,4193,0,1,1
1964,4026,27,42,69
1964,4236,3,3,6
1964,4453,0,0,0
1964,4198,0,0,0
1964,4425,0,0,0
1964,4454,4,4,8
1964,4240,7,6,13
1964,4242,9,9,18
1964,4424,7,3,10
1964,4232,0,0,0
1964,4205,0,0,0
1964,4319,3,3,6
1964,4202,2,2,4
1964,4207,0,0,0
1964,4208,0,0,0
1964,4487,2,4,6
1964,4555,6,6,12
1964,4474,0,0,0
1964,4246,1,0,1
1964,4247,0,0,0
1964,4547,6,5,11
1964,2292,3,4,7
1964,4340,10,28,38
1964,3235,3,2,5
1964,2297,0,0,0
1964,4252,5,2,7
1964,4253,4,2,6
1964,4254,3,2,5
1964,4255,3,2,5
1964,4256,4,2,6
1964,4251,7,6,13
1964,4523,0,0,0
1964,4274,0,1,1
1964,4633,1,3,4
1964,4120,0,1,1
1965,4022,4,4,8
1965,4301,2,1,3
1965,4634,3,3,6
1965,4520,1,1,2
1965,4012,15,13,28
1965,4310,15,14,29
1997,4026,1,1,2
1997,4695,23,7,30
1997,4696,20,22,42
1997,4668,4,5,9
1997,4687,5,0,5
1997,4674,2,2,4
1997,4675,2,2,4
1997,4676,2,2,4
1997,4669,2,2,4
1997,4670,9,0,9
1997,4688,5,0,5
1997,4671,2,2,4
1997,4672,3,4,7
1997,4673,2,3,5
1997,2292,2,2,4
1997,4340,0,1,1
1997,3235,1,16,17
1016,3019,18,0,18
1017,1945,2,2,4
1017,1986,5,5,10
1019,2685,1,1,2
1020,2952,24,3,27
1020,1964,15,7,22
1020,1968,33,5,38
1020,1970,260,68,328
1020,2793,47,14,61
1020,2794,2,0,2
1020,2953,22,5,27
1021,3161,105,0,105
1021,2035,21,25,46
1022,1970,29,4,33
1023,1970,3,0,3
1023,2953,24,23,47
1024,3153,1,1,2
1998,4697,10,0,10
1998,4696,122,8,130
1998,4698,12,0,12
1998,4699,24,0,24
1998,2292,1,1,2
1998,4251,1,1,2
1026,1970,4,4,8
1026,3161,3,3,6
1027,1966,49,1,50
1999,4696,57,24,81
1999,4699,2,1,3
1999,4668,1,1,2
1999,4672,2,1,3
2000,4696,174,105,279
1028,2484,0,0,0
1028,2629,7,2,9
1029,2953,16,1,17
1030,2794,0,8,8
1030,2628,1,1,2
1030,2050,9,60,69
1030,2953,14,0,14
1030,2064,77,65,142
2001,4197,4,4,8
2001,4696,157,92,249
2001,4692,3,0,3
2002,4334,1,1,2
2002,4197,6,6,12
2002,4200,1,1,2
2002,4696,76,44,120
2002,4676,4,0,4
2002,4669,1,1,2
2002,4692,4,0,4
2002,2292,0,1,1
1966,4614,1,0,1
1966,4182,1,1,2
1966,4593,89,89,178
1966,4594,2306,1459,3765
1966,4596,77,78,155
1966,4639,99,0,99
1966,4640,107,0,107
1966,4489,76,41,117
1966,4641,44,0,44
1966,4525,8,7,15
1966,4517,5,4,9
1966,4485,1,1,2
1966,4471,1,1,2
1966,4447,4,4,8
1966,4546,9,8,17
1966,4577,6,2,8
1966,4613,4,2,6
1966,4198,1,6,7
1966,4199,3,3,6
1966,4425,2,7,9
1966,4266,3,5,8
1966,4424,19,7,26
1966,4232,2,2,4
1966,4642,21,0,21
1966,4202,1,6,7
1966,4207,3,3,6
1966,4208,37,36,73
1966,4487,3,3,6
1032,2483,4,0,4
1032,1459,1,1,2
1032,1464,37,0,37
1032,3163,584,0,584
1032,3164,510,0,510
1033,2793,87,2,89
1033,2794,21,1,22
1033,2050,49,40,89
1033,2953,108,117,225
1033,2064,197,132,329
1034,3156,12,0,12
1035,2628,4,8,12
1035,2050,16,20,36
1035,2064,107,109,216
1036,2050,1,1,2
1036,2064,16,8,24
1037,3166,231,0,231
1038,2064,0,0,0
1038,2077,0,3,3
2003,4276,3,4,7
2003,4463,1,2,3
2003,4428,2,3,5
2003,4302,3,4,7
2003,4022,9,10,19
2003,4023,3,4,7
2003,4024,3,4,7
2003,4278,3,4,7
2003,4301,3,4,7
2003,4478,1,3,4
2003,4393,2,4,6
2003,4395,3,4,7
2003,4468,7,9,16
2003,4684,3,5,8
2003,4489,5,7,12
2003,4447,1,3,4
2003,4546,3,5,8
2003,4189,3,3,6
2003,4230,4,5,9
2003,4025,4,4,8
2003,4026,3,4,7
2003,4420,5,6,11
2003,4696,39,40,79
2003,4668,7,0,7
2003,4670,2,1,3
2003,4547,8,7,15
2003,4364,3,4,7
2003,2292,13,12,25
2003,3235,7,8,15
2003,4252,9,9,18
2003,4253,6,6,12
2003,4254,5,5,10
2003,4255,5,6,11
2003,4256,8,9,17
2004,4420,7,5,12
2004,4695,8,0,8
2004,4668,14,1,15
2004,4687,7,0,7
2004,4674,7,0,7
2004,4671,6,0,6
2004,4689,8,2,10
2004,4672,18,0,18
2004,4673,6,0,6
2004,2292,2,2,4
2005,4674,4,1,5
2005,4671,2,2,4
1967,4593,1,1,2
1967,4594,5,5,10
1967,4248,12,138,150
1967,4321,3,4,7
1967,4643,69,0,69
1967,4644,189,0,189
1967,4645,65,0,65
1967,4124,7,164,171
1967,4322,6,7,13
1967,4323,3,4,7
2006,4668,0,1,1
2006,4673,0,0,0
2006,4704,78,0,78
2006,4251,8,0,8
1046,1308,5,3,8
1050,1761,8,1,9
1050,3085,121,15,136
1050,3087,6,1,7
1968,4614,28,0,28
1968,4593,325,287,612
1968,4594,1632,1994,3626
1968,4478,2,0,2
1968,4248,3,3,6
1968,4647,95,0,95
1968,4643,5,5,10
1968,4648,20,0,20
1968,4644,26,35,61
1968,4645,5,5,10
1968,4124,19,52,71
1968,4322,8,3,11
1968,4323,23,0,23
1969,4334,1,1,2
1063,1325,7,1,8
1063,1377,33,4,37
1063,1380,1,0,1
1063,1381,16,0,16
1063,1738,2,0,2
1063,1752,0,2,2
1063,1757,2,1,3
1063,1775,1,1,2
1063,1776,1,1,2
1063,1778,1,1,2
1063,3170,5,0,5
1063,1794,10,5,15
1063,1806,4,6,10
1063,1809,13,4,17
1063,1811,4,1,5
1063,3172,5,3,8
1063,3173,1,1,2
1063,3175,37,52,89
1063,1815,16,0,16
1063,1816,14,0,14
1063,1818,14,12,26
1063,1822,12,1,13
1063,1824,2,0,2
1063,3176,56,35,91
1063,1826,3,0,3
1063,1827,5,0,5
1063,1828,11,13,24
2007,4419,1,1,2
2007,4420,3,21,24
2007,4318,6,1,7
2007,4668,8,0,8
2007,4687,5,0,5
2007,4675,5,0,5
2007,4676,18,1,19
2007,4669,18,1,19
2007,4670,10,2,12
2007,4688,18,1,19
2007,4671,10,0,10
2007,4692,7,3,10
2007,4672,7,0,7
2007,4673,18,1,19
2007,4547,3,3,6
2007,4364,1,1,2
2007,2292,2,1,3
2007,4704,2,2,4
2007,3235,1,1,2
2007,4252,32,2,34
2007,4253,32,1,33
2007,4254,21,1,22
2007,4255,31,1,32
2007,4256,22,1,23
2007,4251,10,3,13
2007,4706,19,0,19
1047,3067,25,16,41
1047,3068,177,50,227
1047,3069,22,5,27
1047,3070,23,19,42
2008,4542,1,18,19
2008,4469,1,14,15
2008,4491,1,13,14
2008,4543,1,19,20
2008,4402,3,2,5
2008,4200,1,18,19
2008,4696,4,1,5
2008,4668,11,17,28
2008,4687,2,9,11
2008,4674,3,8,11
2008,4675,2,1,3
2008,4676,7,6,13
2008,4669,7,6,13
2008,4670,33,15,48
2008,4688,7,6,13
2008,4671,6,7,13
2008,4689,9,2,11
2008,4692,26,31,57
2008,4672,11,14,25
2008,4673,7,8,15
2008,4704,2,3,5
1048,3067,43,6,49
1048,3068,3,1,4
1048,3070,2,2,4
1970,4614,42,1,43
1970,4182,111,0,111
1970,4593,729,585,1314
1970,4594,2393,2051,4444
1970,4596,6,1,7
1970,4651,29,0,29
1970,4022,10,10,20
1970,4489,1,1,2
1970,4577,59,12,71
1970,4025,15,0,15
1970,4026,53,13,66
1970,4247,17,8,25
1970,4633,18,0,18
1970,4124,12,0,12
1051,3137,1,1,2
1051,3134,1,1,2
1052,3153,1,1,2
1041,1311,2,2,4
1041,1401,1,1,2
1041,1459,29,11,40
1041,1464,90,57,147
1041,1774,1,1,2
1041,1806,3,4,7
1042,3163,13,3,16
1042,2064,11,5,16
1043,2685,1,0,1
1044,1986,1,1,2
1044,1993,13,23,36
1044,2005,2,0,2
1044,2749,1,1,2
1053,3068,24,10,34
2009,4489,1,1,2
2009,4525,3,2,5
2009,4672,27,10,37
1448,1778,6,49,55
1448,3507,80,0,80
1448,3508,2,12,14
1448,3509,109,0,109
1448,1786,2,12,14
1449,3507,0,10,10
1449,3509,269,2,271
1450,1778,31,0,31
1450,3508,33,0,33
1451,1786,4,0,4
1451,1806,13,0,13
1452,1806,0,1,1
1453,3518,72,0,72
1453,3519,67,0,67
1453,3520,65,0,65
1453,3521,33,0,33
1064,1329,18,1,19
1064,1745,7,0,7
1064,2454,6,1,7
1064,3170,27,16,43
1362,1738,52,1,53
1362,1745,19,0,19
1362,1778,9,0,9
1362,3170,3,25,28
1362,1806,1,1,2
2012,4593,1,1,2
2012,4594,5,5,10
2012,4480,1,1,2
2012,4481,1,2,3
2012,4393,4,3,7
2012,4395,3,4,7
2012,4520,0,1,1
2012,4468,1,3,4
2012,4491,2,13,15
2012,4556,1,2,3
2012,4334,2,3,5
2012,4420,1,4,5
2012,4240,4,13,17
2012,4696,0,5,5
2012,4687,7,3,10
2012,4675,8,3,11
2012,4676,9,4,13
2012,4669,9,4,13
2012,4670,1,3,4
2012,4688,9,4,13
2012,4671,6,1,7
2012,4689,3,8,11
2012,4672,1,1,2
2012,4673,1,1,2
2012,4704,5,0,5
1363,3153,1,1,2
1365,1745,3,0,3
1366,1757,11,3,14
1366,1794,2,2,4
1366,1806,9,17,26
1367,3170,0,9,9
1367,1806,1,2,3
1368,1757,3,11,14
1368,1794,2,2,4
1368,1806,17,9,26
2041,4467,1,1,2
2041,4468,0,1,1
2041,4898,125,0,125
2041,4899,57,0,57
2013,4593,94,94,188
2013,4594,801,801,1602
2013,4558,0,136,136
2013,4546,65,63,128
2013,4334,136,1,137
2013,4776,7,0,7
2013,4230,2,2,4
2013,4320,13,13,26
2013,4197,9,9,18
2013,4559,1,2,3
2013,4556,4,5,9
2013,4777,5,0,5
2013,4232,24,14,38
2013,4487,4,0,4
2013,4560,1,2,3
2013,4246,3,4,7
2013,4247,17,4,21
2013,4248,29,18,47
2013,4249,3,2,5
2013,4696,3,3,6
2013,4668,35,37,72
2013,4687,5,5,10
2013,4674,14,9,23
2013,4675,8,8,16
2013,4676,8,8,16
2013,4669,8,8,16
2013,4692,53,17,70
2013,4670,6,7,13
2013,4688,4,4,8
2013,4671,15,10,25
2013,4672,12,55,67
2013,4673,7,7,14
2013,4547,3,2,5
2013,4704,8,8,16
2013,4644,13,9,22
2013,4124,12,10,22
1369,3170,40,32,72
1369,1806,5,3,8
1369,1809,3,3,6
1095,3379,384,0,384
1095,3380,391,0,391
1095,3382,234,0,234
1065,1381,1,12,13
1055,2035,1,5,6
2042,4899,36,2,38
2042,4334,18,0,18
2042,4668,4,0,4
1066,3161,38,5,43
1066,2035,13,11,24
1370,1811,19,1,20
1373,1809,3,1,4
1371,3153,25,3,28
1371,1757,14,0,14
1371,3170,63,55,118
1371,1794,10,0,10
1371,1806,13,4,17
1374,1826,6,1,7
1374,1827,1,1,2
1374,1828,29,8,37
1375,1811,1,1,2
1045,2952,1,1,2
1045,1964,13,3,16
1045,1966,13,3,16
1045,1970,7,1,8
1080,3069,1,1,2
1376,3153,6,2,8
1376,3148,17,1,18
1376,3149,15,3,18
1082,1299,145,18,163
1082,3354,101,0,101
1082,3202,10,0,10
1082,1765,8,0,8
1082,1768,9,0,9
1082,1778,6,2,8
1083,1296,8,6,14
1083,1297,16,11,27
1083,1298,0,1,1
1083,1299,11,3,14
1083,3354,0,1,1
1379,3153,2,10,12
1379,3170,1,1,2
1227,1933,27,14,41
1227,1940,16,7,23
1227,1986,80,73,153
1227,1992,60,59,119
1227,1993,7,6,13
1227,1994,142,67,209
1227,1995,3,3,6
1227,1996,252,108,360
1227,1997,20,19,39
1227,1998,6,4,10
1227,2000,91,40,131
1227,2001,211,106,317
1227,2003,46,36,82
1227,2005,128,48,176
1227,2006,55,21,76
1227,2197,32,6,38
1227,2007,143,84,227
1227,2009,17,12,29
1227,2016,4,4,8
1227,2021,5,5,10
1227,2019,6,6,12
1227,2026,5,5,10
1227,2626,5,5,10
1227,2027,7,7,14
1227,2035,2,2,4
1070,3223,1,2,3
1070,2016,3,2,5
1380,1745,9,2,11
1380,3170,29,16,45
2043,4899,8,5,13
1069,2685,1,1,2
1069,2793,2,0,2
1228,2000,81,18,99
1228,2005,164,57,221
1067,1993,9,0,9
1071,2050,1,0,1
1229,1992,9,3,12
1229,3425,193,0,193
1229,3426,198,0,198
1229,3427,227,0,227
1085,2764,2,2,4
1085,3243,1,1,2
1085,3245,0,0,0
1085,2766,40,3,43
1085,3356,115,0,115
1085,2925,2,1,3
1086,2685,27,23,50
1087,1970,72,3,75
1087,3161,3,3,6
1087,3166,1,1,2
1088,3368,120,0,120
1088,3378,69,0,69
1230,3428,38,0,38
1231,1358,56,0,56
1231,1366,12,0,12
1231,3429,176,0,176
1231,3430,47,0,47
1231,3431,45,0,45
1231,3432,106,0,106
1231,3433,52,0,52
1074,2030,7,8,15
1074,2033,14,6,20
1089,2027,117,82,199
1077,2021,70,92,162
1077,2019,86,68,154
1096,2762,8,0,8
1096,3241,10,0,10
2044,4467,80,20,100
2044,4468,77,20,97
2044,4904,32,0,32
2044,4899,128,33,161
2044,4334,1,1,2
2044,4424,0,1,1
2044,4704,13,0,13
1097,3268,0,0,0
1097,2071,1,1,2
1117,1751,5,3,8
1098,2793,1,0,1
1099,2685,15,18,33
1100,3384,225,0,225
1100,2021,49,273,322
1100,3386,187,0,187
1100,3388,77,0,77
1100,3389,120,0,120
1100,3390,60,0,60
1100,3391,57,0,57
1090,2021,2,2,4
1091,3260,5,3,8
1091,3261,8,7,15
1091,3263,10,8,18
1091,3264,6,6,12
1093,2026,169,179,348
1094,2626,77,57,134
1101,1939,23,23,46
1101,2016,2,2,4
1101,3384,2,2,4
1101,2021,3,3,6
1101,3386,1,1,2
1101,2026,1,1,2
1101,2626,1,1,2
1101,2035,1,1,2
1103,2027,3,3,6
1381,3153,2,2,4
1381,1745,4,1,5
1381,1752,11,1,12
1381,1778,1,1,2
1381,3170,30,75,105
2014,4614,66,3,69
2014,4593,427,303,730
2014,4594,3524,2154,5678
2014,4639,3,3,6
2014,4276,2,2,4
2014,4463,5,5,10
2014,4428,3,3,6
2014,4302,2,2,4
2014,4022,4,4,8
2014,4640,3,3,6
2014,4023,1,1,2
2014,4489,5,5,10
2014,4024,2,2,4
2014,4278,2,2,4
2014,4301,2,2,4
2014,4641,1,1,2
2014,4476,1,1,2
2014,4477,1,1,2
2014,4478,4,4,8
2014,4479,1,1,2
2014,4480,3,3,6
2014,4481,3,3,6
2014,4482,3,3,6
2014,4483,2,2,4
2014,4393,17,18,35
2014,4525,2,2,4
2014,4517,3,3,6
2014,4518,2,2,4
2014,4394,5,5,10
2014,4395,12,12,24
2014,4634,21,46,67
2014,4515,4,4,8
2014,4778,91,0,91
2014,4398,14,15,29
2014,4468,3,3,6
2014,4542,1,1,2
2014,4485,10,1,11
2014,4469,2,2,4
2014,4471,4,2,6
2014,4444,4,4,8
2014,4490,2,2,4
2014,4470,4,4,8
2014,4491,1,1,2
2014,4447,20,1,21
2014,4449,2,2,4
2014,4465,1,1,2
2014,4486,1,1,2
2014,4472,2,2,4
2014,4466,2,2,4
2014,4543,1,1,2
2014,4565,3,3,6
2014,4402,3,3,6
2014,4405,3,3,6
2014,4558,19,2,21
2014,4546,51,48,99
2014,4189,1,1,2
2014,4779,75,0,75
2014,4780,5,0,5
2014,4781,6,0,6
2014,4334,19,26,45
2014,4226,1,1,2
2014,4238,27,1,28
2014,4230,5,5,10
2014,4320,8,8,16
2014,4577,18,2,20
2014,4025,1,1,2
2014,4193,1,1,2
2014,4026,2,2,4
2014,4453,12,12,24
2014,4418,1,1,2
2014,4419,2,2,4
2014,4420,1,1,2
2014,4421,2,2,4
2014,4422,2,2,4
2014,4197,8,8,16
2014,4198,3,3,6
2014,4199,6,2,8
2014,4318,3,3,6
2014,4425,2,2,4
2014,4423,2,2,4
2014,4782,18,0,18
2014,4454,13,11,24
2014,4240,3,3,6
2014,4200,2,2,4
2014,4266,0,0,0
2014,4242,3,3,6
2014,4204,1,1,2
2014,4424,2,2,4
2014,4559,2,2,4
2014,4556,2,2,4
2014,4205,2,2,4
2014,4232,1,1,2
2014,4202,3,3,6
2014,4207,3,3,6
2014,4426,2,2,4
2014,4208,1,1,2
2014,4487,4,2,6
2014,4555,2,2,4
2014,4560,1,1,2
2014,4243,2,2,4
2014,4246,2,2,4
2014,4247,12,15,27
2014,4248,3,3,6
2014,4249,2,2,4
2014,4695,1,1,2
2014,4696,10,10,20
2014,4547,4,4,8
2014,4364,1,1,2
2014,2292,3,3,6
2014,4704,1,1,2
2014,3235,1,1,2
2014,4252,2,2,4
2014,4253,1,1,2
2014,4254,1,1,2
2014,4255,1,1,2
2014,4256,2,2,4
2014,4251,1,1,2
2014,4706,1,1,2
2014,4668,1,1,2
2014,4687,1,1,2
2014,4674,1,1,2
2014,4675,1,1,2
2014,4676,1,1,2
2014,4669,1,1,2
2014,4692,1,1,2
2014,4670,1,1,2
2014,4688,1,1,2
2014,4671,1,1,2
2014,4689,1,1,2
2014,4672,1,1,2
2014,4673,1,1,2
2014,4784,129,0,129
1102,2026,8,6,14
1102,2033,11,6,17
1102,2034,3,1,4
1104,2027,8,8,16
1105,2062,2,2,4
1106,2016,21,16,37
2015,4785,96,0,96
2015,4614,39,14,53
2015,4182,3,2,5
2015,4593,238,238,476
2015,4594,490,473,963
2015,4485,5,0,5
2015,4558,17,2,19
2015,4546,2,1,3
2015,4193,19,24,43
2015,4232,8,7,15
2016,4593,16,9,25
2016,4594,65,64,129
1382,1826,14,1,15
1232,1325,1,1,2
1232,1358,5,0,5
1232,1360,1,0,1
1232,3434,5,1,6
1232,3239,1,1,2
1232,3241,17,15,32
1232,1993,79,49,128
1232,1997,207,45,252
1232,2000,0,52,52
1232,2009,1,1,2
1232,2016,1,1,2
1232,2021,1,1,2
1232,2019,1,1,2
1232,2026,1,1,2
1232,2626,1,1,2
1232,2027,1,1,2
1232,3264,1,1,2
1232,2035,1,1,2
1232,3425,1,1,2
1232,3426,1,1,2
1232,3427,1,1,2
1232,2065,56,33,89
1232,2067,69,39,108
1232,2068,23,12,35
1232,3274,48,34,82
1232,2070,28,19,47
1232,2071,40,19,59
1232,2072,41,31,72
1232,2078,46,27,73
2045,4467,25,1,26
2045,4904,4,1,5
2045,4905,44,0,44
2045,4899,3,4,7
2045,4670,2,1,3
2018,4614,4,4,8
2018,4593,239,239,478
2018,4594,376,376,752
2018,4558,2,2,4
2018,4779,6,1,7
2018,4334,2,2,4
2018,4238,4,4,8
2018,4776,2,2,4
2018,4232,10,6,16
2018,4248,9,2,11
2018,4246,2,2,4
2018,4247,10,10,20
2018,4249,1,1,2
2018,4674,5,2,7
2018,4671,4,0,4
1233,1996,62,0,62
1233,1997,8,11,19
1233,1998,1,1,2
1233,2000,2,2,4
1233,2001,1,1,2
1233,2003,104,0,104
1233,2005,4,128,132
1233,2006,8,11,19
1233,2007,5,105,110
1118,3393,63,0,63
1118,1752,31,0,31
1119,3394,75,0,75
1119,1745,13,0,13
1119,3393,11,0,11
1119,1751,105,0,105
1120,3393,53,0,53
1120,3110,13,22,35
1121,3395,67,0,67
1121,1752,36,35,71
1122,1752,10,15,25
1123,1748,54,37,91
