commit_id,file_id,la,ld,la+ld
3384,11743,1,1,2
3384,11744,1,1,2
3384,7816,8,1,9
3384,7818,79,31,110
3385,11743,1,1,2
3385,11744,1,1,2
3385,7816,1,8,9
3385,7818,31,79,110
3386,7578,9,9,18
5033,14608,9,9,18
4688,14608,9,9,18
3389,9981,2,14,16
3389,7624,0,9,9
3389,8397,0,5,5
3389,8190,0,6,6
3389,11647,0,5,5
3389,7931,28,5,33
10450,79440,31,0,31
10450,79374,34,0,34
10450,78665,4,2,6
3390,7715,4,1,5
4691,14001,4,1,5
5035,14001,4,1,5
3391,7716,7,4,11
3392,11746,38,0,38
3392,8710,6,4,10
3392,7968,2,2,4
4692,14610,38,0,38
4692,14611,6,4,10
4692,14612,2,2,4
5036,16377,38,0,38
5036,14611,6,4,10
5036,14612,2,2,4
4147,13098,38,0,38
4147,6681,6,4,10
4147,6924,2,2,4
4693,14285,7,4,11
5037,14285,7,4,11
3395,11754,74,0,74
3395,11755,133,0,133
3395,9982,20,1,21
3395,11756,92,0,92
3395,7640,102,91,193
3395,7792,21,7,28
3395,7793,18,7,25
3395,7641,41,3,44
3395,11758,125,0,125
3395,11759,25,15,40
3395,11760,59,0,59
3395,11761,73,0,73
3395,11762,88,0,88
3395,11763,75,0,75
3395,11764,115,0,115
3395,11765,63,0,63
3395,11766,76,0,76
3395,11768,21,15,36
3395,11769,490,0,490
3395,11770,298,0,298
3395,11771,159,0,159
3395,11772,137,0,137
3395,11773,88,0,88
3395,11774,335,0,335
3395,11775,221,0,221
3397,8724,1,3,4
3398,11743,1,1,2
3398,11744,1,1,2
3398,7816,1,1,2
3398,7818,7,8,15
4694,14616,1,1,2
4694,14617,1,1,2
4694,14619,1,1,2
4694,14258,7,8,15
5038,14616,1,1,2
5038,14617,1,1,2
5038,14619,1,1,2
5038,14258,7,8,15
5039,14612,2,5,7
5040,14635,4,2,6
3402,7578,6,1,7
3403,7626,29,6,35
4696,14101,29,6,35
5041,14101,29,6,35
4148,6456,20,5,25
3404,7756,11,0,11
3404,7578,4,0,4
3404,7625,30,2,32
3404,7671,55,2,57
3404,7998,1,1,2
3406,8155,7,0,7
4697,14576,7,0,7
4698,14622,5,3,8
3408,8391,9,12,21
3410,7755,15,1,16
4699,14166,15,1,16
5044,16698,203,0,203
5044,16701,68,0,68
5044,16702,24,0,24
5044,16703,24,0,24
5044,16704,24,0,24
5044,16862,222,0,222
5044,16863,1167,0,1167
5044,16864,224,0,224
5044,16970,286,0,286
5044,16971,96,0,96
5044,16972,63,0,63
5044,16973,234,0,234
5044,16975,48,0,48
5044,16977,50,0,50
5044,16978,15,0,15
5044,16979,72,0,72
5044,16981,86,0,86
5044,16982,46,0,46
5044,16983,136,0,136
5044,16985,76,0,76
5044,16986,97,0,97
5044,16987,85,0,85
5044,16988,181,0,181
5044,16990,51,0,51
5044,16991,231,0,231
5044,16992,498,0,498
5044,16993,92,0,92
5044,16994,74,0,74
5044,16996,77,0,77
5044,16998,174,0,174
5044,16999,145,0,145
5044,17001,46,0,46
5044,17003,161,0,161
5044,17005,497,0,497
5044,17007,33,0,33
5044,17009,271,0,271
5044,17010,25,0,25
5044,17011,126,0,126
5044,17017,31,0,31
5044,17018,90,0,90
5044,17019,75,0,75
5044,17020,23,0,23
5044,17021,350,0,350
5044,17023,179,0,179
5044,17025,110,0,110
5044,17026,43,0,43
5044,17027,42,0,42
5044,17028,43,0,43
5044,17029,42,0,42
5044,17030,6,0,6
5044,17032,5,0,5
5044,17033,73,0,73
5044,17034,90,0,90
5044,17035,26,0,26
5044,17037,40,0,40
5044,17038,45,0,45
5044,17039,131,0,131
5044,17040,166,0,166
5044,17041,26,0,26
5044,17044,97,0,97
5044,17045,31,0,31
5044,17046,30,0,30
5044,17047,113,0,113
5044,17048,56,0,56
5044,17049,29,0,29
5044,17050,111,0,111
5044,17051,96,0,96
5044,17052,147,0,147
5044,17053,202,0,202
5044,17054,29,0,29
5044,17055,256,0,256
5044,17056,82,0,82
5044,17057,153,0,153
5044,17058,188,0,188
5044,17059,29,0,29
5044,17060,125,0,125
5044,17061,30,0,30
5044,17063,112,0,112
5044,17064,305,0,305
5044,17065,39,0,39
5044,17066,47,0,47
5044,17067,102,0,102
5044,17068,41,0,41
5044,17069,30,0,30
5044,17070,28,0,28
5044,17072,35,0,35
5044,17073,47,0,47
5044,17074,74,0,74
5044,17075,103,0,103
5044,17077,174,0,174
5044,17079,170,0,170
5044,17080,171,0,171
5044,17081,51,0,51
5044,17082,186,0,186
5044,17084,78,0,78
5044,17085,49,0,49
5044,17086,23,0,23
5044,17087,152,0,152
5044,17088,92,0,92
5044,17089,152,0,152
5044,17090,125,0,125
5044,17091,53,0,53
5044,17092,353,0,353
5044,17094,70,0,70
5044,17096,553,0,553
5044,17097,72,0,72
5044,17099,77,0,77
5044,17100,97,0,97
5044,17102,149,0,149
5044,17103,26,0,26
5044,17105,47,0,47
5044,17106,97,0,97
5044,17108,122,0,122
5044,17110,45,0,45
5044,17112,97,0,97
5044,17113,160,0,160
5044,17114,32,0,32
5044,17115,88,0,88
5044,17116,64,0,64
5044,17165,54,0,54
5044,17166,58,0,58
5044,17167,60,0,60
5044,17175,70,0,70
5044,17176,174,0,174
5044,17177,121,0,121
5044,17178,237,0,237
5044,17179,173,0,173
5044,17180,38,0,38
5044,17181,56,0,56
5044,17289,77,0,77
5044,17290,45,0,45
5044,17291,95,0,95
5044,17292,252,0,252
5044,17293,146,0,146
5044,17294,99,0,99
5044,17295,263,0,263
5044,17296,411,0,411
5044,17297,181,0,181
5044,17298,184,0,184
5044,17301,478,0,478
5044,17302,73,0,73
5044,17303,64,0,64
5044,17304,76,0,76
5044,17305,48,0,48
5044,17307,193,0,193
5044,17308,44,0,44
5044,17309,32,0,32
5044,17310,244,0,244
5044,17311,350,0,350
5044,17312,213,0,213
5044,17313,108,0,108
5044,17314,150,0,150
5044,17315,57,0,57
5044,17316,160,0,160
5044,17318,142,0,142
5044,17319,182,0,182
5044,17320,37,0,37
5044,17321,47,0,47
5044,17323,64,0,64
5044,17324,34,0,34
5044,17325,33,0,33
5044,17327,147,0,147
5044,17328,346,0,346
5044,17329,124,0,124
5044,17330,510,0,510
5044,17331,36,0,36
5044,17332,146,0,146
5044,17334,972,0,972
5044,17335,76,0,76
5044,17336,28,0,28
5044,17337,355,0,355
5044,17338,203,0,203
5044,17341,460,0,460
5044,17361,154,0,154
5044,17362,101,0,101
5044,17363,41,0,41
5044,17364,458,0,458
5044,17365,151,0,151
5044,17366,120,0,120
5044,17367,154,0,154
5044,17368,136,0,136
5044,17369,268,0,268
5044,17370,214,0,214
5044,17371,43,0,43
5044,17372,53,0,53
5044,17373,140,0,140
5044,17374,132,0,132
5044,17375,163,0,163
5044,17376,120,0,120
5044,17377,206,0,206
5044,17378,112,0,112
5044,17379,163,0,163
5044,17380,102,0,102
5044,17381,126,0,126
5044,17391,30,0,30
5044,17392,52,0,52
5044,17393,76,0,76
5044,17394,704,0,704
5044,17395,299,0,299
5044,17396,42,0,42
5044,17397,81,0,81
5044,17398,57,0,57
5044,17399,60,0,60
5044,17400,324,0,324
5044,17401,101,0,101
5044,17402,26,0,26
5044,17403,33,0,33
5044,17455,251,0,251
5044,17456,55,0,55
5044,17457,64,0,64
5044,17458,231,0,231
5044,17459,101,0,101
5044,17469,253,0,253
5044,17588,132,0,132
5044,17589,40,0,40
5044,17590,177,0,177
5044,17591,132,0,132
5044,17592,222,0,222
5044,17593,343,0,343
5044,17594,132,0,132
5044,17595,132,0,132
5044,17596,132,0,132
5044,17597,132,0,132
5044,17598,132,0,132
5044,17599,175,0,175
5044,17600,465,0,465
5044,17601,254,0,254
5044,17602,670,0,670
5044,17603,554,0,554
5044,17604,9788,0,9788
5044,17605,5426,0,5426
5044,17606,307,0,307
5044,17607,132,0,132
5044,17608,132,0,132
5044,17609,177,0,177
5044,17631,143,0,143
5044,17632,402,0,402
5044,17633,42,0,42
5044,17634,614,0,614
5044,17635,482,0,482
5044,17636,125,0,125
5044,17637,82,0,82
5044,17638,447,0,447
5044,17639,483,0,483
5044,17640,575,0,575
5044,17641,918,0,918
5044,17642,154,0,154
5044,17643,236,0,236
5044,17644,95,0,95
5044,17645,37,0,37
5044,17646,161,0,161
5044,17654,75,0,75
5044,17655,80,0,80
5044,17656,62,0,62
5044,17657,155,0,155
5044,17658,81,0,81
5044,17659,208,0,208
5044,17660,190,0,190
5044,17661,105,0,105
5044,17704,23,0,23
5044,17705,189,0,189
5044,17706,288,0,288
5044,17708,96,0,96
5044,17709,74,0,74
5044,17710,76,0,76
5044,17711,80,0,80
5044,17712,501,0,501
5044,17713,409,0,409
5044,17714,127,0,127
5044,17715,218,0,218
5044,17716,347,0,347
5044,17717,78,0,78
5044,17718,49,0,49
5044,17719,39,0,39
5044,17720,61,0,61
5044,17721,96,0,96
5044,17722,94,0,94
5044,17723,83,0,83
5044,17724,46,0,46
5044,17725,47,0,47
5044,17726,204,0,204
5044,17727,166,0,166
5044,17728,76,0,76
5044,17729,44,0,44
5044,17730,82,0,82
5044,17731,333,0,333
5044,17732,63,0,63
5044,17733,307,0,307
5044,17734,467,0,467
5044,17735,53,0,53
5044,17736,190,0,190
5044,17737,102,0,102
5044,17738,127,0,127
5044,17739,280,0,280
5044,17740,122,0,122
5044,17741,160,0,160
5044,17742,46,0,46
5044,17743,343,0,343
5044,17744,90,0,90
5044,17745,174,0,174
5044,17746,140,0,140
5044,17747,30,0,30
5044,17748,71,0,71
5044,17749,38,0,38
5044,17750,434,0,434
5044,17752,243,0,243
5044,17753,67,0,67
5044,17754,61,0,61
5044,17755,70,0,70
5044,17757,66,0,66
5044,17758,656,0,656
5044,17759,42,0,42
5044,17760,113,0,113
5044,17761,53,0,53
5044,17762,381,0,381
5044,17763,38,0,38
5044,17764,81,0,81
5044,17765,556,0,556
5044,17767,255,0,255
5044,17768,414,0,414
5044,17769,112,0,112
5044,17770,67,0,67
5044,17771,46,0,46
5044,17773,116,0,116
5044,17774,231,0,231
5044,17775,68,0,68
5044,17776,274,0,274
5044,17777,62,0,62
5044,17778,44,0,44
5044,17779,299,0,299
5044,17780,171,0,171
5044,17781,110,0,110
5044,17782,114,0,114
5044,17783,119,0,119
5044,17784,252,0,252
5044,17785,142,0,142
5044,17786,98,0,98
5044,17787,3023,0,3023
5044,17788,51,0,51
5044,17789,45,0,45
5044,17790,52,0,52
5044,17791,62,0,62
5044,17792,21,0,21
5044,17794,167,0,167
5044,17795,38,0,38
5044,17796,86,0,86
5044,17797,80,0,80
5044,17798,133,0,133
5044,17799,38,0,38
5044,17800,52,0,52
5044,17801,53,0,53
5044,17802,246,0,246
5044,17803,26,0,26
5044,17804,111,0,111
5044,17805,74,0,74
5044,17806,28,0,28
5044,17807,79,0,79
5044,17808,48,0,48
5044,17809,57,0,57
5044,17810,69,0,69
5044,17811,54,0,54
5044,17812,71,0,71
5044,17813,136,0,136
5044,17814,65,0,65
5044,17815,42,0,42
5044,17816,37,0,37
5044,17817,131,0,131
5044,17818,54,0,54
5044,17819,39,0,39
5044,17820,30,0,30
5044,17821,79,0,79
5044,17822,109,0,109
5044,17823,136,0,136
5044,17824,39,0,39
5044,17825,41,0,41
5044,17826,75,0,75
5044,17827,74,0,74
5044,17828,210,0,210
5044,17830,52,0,52
5044,17831,51,0,51
5044,17832,129,0,129
5044,17833,39,0,39
5044,17834,64,0,64
5044,17835,39,0,39
5044,17836,72,0,72
5044,17837,79,0,79
5044,17838,101,0,101
5044,17840,245,0,245
5044,17842,79,0,79
5044,17843,97,0,97
5044,17844,84,0,84
5044,17845,125,0,125
5044,17846,75,0,75
5044,17847,85,0,85
5044,17848,112,0,112
5044,17850,68,0,68
5044,17851,59,0,59
5044,17852,64,0,64
5044,17853,64,0,64
5044,17854,66,0,66
5044,17855,63,0,63
5044,17856,40,0,40
5044,17857,33,0,33
5044,17858,41,0,41
5044,17859,41,0,41
5044,17860,39,0,39
5044,17861,74,0,74
5044,17862,37,0,37
5044,17863,45,0,45
5044,17864,75,0,75
5044,17865,65,0,65
5044,17866,75,0,75
5044,17867,75,0,75
5044,17868,72,0,72
5044,17869,116,0,116
5044,17870,112,0,112
5044,17871,113,0,113
5044,17872,112,0,112
5044,17873,113,0,113
5044,17874,73,0,73
5044,17875,72,0,72
5044,17876,72,0,72
5044,17877,73,0,73
5044,17878,43,0,43
5044,17879,113,0,113
5044,17880,37,0,37
5044,17881,37,0,37
5044,17882,45,0,45
5044,17883,82,0,82
5044,17884,53,0,53
5044,17885,39,0,39
5044,17886,49,0,49
5044,17887,45,0,45
5044,17888,51,0,51
5044,17889,41,0,41
5044,17890,45,0,45
5044,17891,36,0,36
5044,17892,35,0,35
5044,17893,35,0,35
5044,17894,35,0,35
5044,17895,35,0,35
5044,17896,34,0,34
5044,17897,40,0,40
5044,17898,73,0,73
5044,17899,80,0,80
5044,17900,47,0,47
5044,17901,81,0,81
5044,17902,77,0,77
5044,17903,88,0,88
5044,17904,85,0,85
5044,17905,89,0,89
5044,17906,39,0,39
5044,17907,37,0,37
5044,18295,77,0,77
5044,18297,32,0,32
5044,18298,32,0,32
5044,18299,32,0,32
5044,18300,32,0,32
5044,18301,32,0,32
5044,18302,32,0,32
5044,18303,32,0,32
5044,18304,32,0,32
5044,18305,32,0,32
5044,18306,32,0,32
5044,18307,32,0,32
5044,18308,32,0,32
5044,18309,32,0,32
5044,18310,32,0,32
5044,18311,32,0,32
5044,18312,32,0,32
5044,18313,32,0,32
5044,18314,32,0,32
5044,18315,32,0,32
5044,18316,32,0,32
5044,18317,32,0,32
5044,18318,32,0,32
5044,18319,32,0,32
5044,18320,32,0,32
5044,18321,32,0,32
5044,18322,32,0,32
5044,18323,32,0,32
5044,18324,32,0,32
5044,18325,32,0,32
5044,18326,32,0,32
5044,18327,32,0,32
5044,18328,141,0,141
5044,18329,52,0,52
5044,18330,210,0,210
5044,18331,457,0,457
5044,18332,90,0,90
5044,18333,99,0,99
5044,18334,151,0,151
5044,18335,2309,0,2309
5044,18338,151,0,151
5044,18339,1474,0,1474
5044,18340,123,0,123
5044,18347,32,0,32
5044,18348,32,0,32
5044,18349,32,0,32
5044,18350,32,0,32
5044,18351,32,0,32
5044,18352,32,0,32
5044,18353,32,0,32
5044,18354,32,0,32
5044,18355,32,0,32
5044,18356,32,0,32
5044,18357,32,0,32
5044,18358,32,0,32
5044,18359,32,0,32
5044,18360,32,0,32
5044,18361,32,0,32
5044,18362,32,0,32
5044,18363,32,0,32
5044,18364,32,0,32
5044,18365,32,0,32
5044,18366,32,0,32
5044,18367,32,0,32
5044,18368,32,0,32
5044,18369,32,0,32
5044,18370,32,0,32
5044,18371,32,0,32
5044,18372,32,0,32
5044,18373,32,0,32
5044,18374,32,0,32
5044,18375,32,0,32
5044,18376,32,0,32
5044,18377,32,0,32
5044,18378,123,0,123
5044,18379,34,0,34
5044,18380,192,0,192
5044,18381,439,0,439
5044,18382,72,0,72
5044,18383,81,0,81
5044,18384,133,0,133
5044,18385,2290,0,2290
5044,18387,133,0,133
5044,18388,1455,0,1455
5044,18389,105,0,105
5044,18412,72,0,72
5044,18413,459,0,459
5044,18414,85,0,85
5044,18415,59,0,59
5044,18416,164,0,164
5044,18417,94,0,94
5044,18418,43,0,43
5044,18419,89,0,89
5044,18420,271,0,271
5044,18421,99,0,99
5044,18422,48,0,48
5044,18423,70,0,70
5044,18425,241,0,241
5044,18426,47,0,47
5044,18427,179,0,179
5044,18428,46,0,46
5044,18429,67,0,67
5044,18430,181,0,181
5044,18431,31,0,31
5044,18432,64,0,64
5044,18433,95,0,95
5044,18434,65,0,65
5044,18435,62,0,62
5044,18436,62,0,62
5044,18437,52,0,52
5044,18438,59,0,59
5044,18439,93,0,93
5044,18440,115,0,115
5044,18441,95,0,95
5044,18442,60,0,60
5044,18443,95,0,95
5044,18444,61,0,61
5044,18445,63,0,63
5044,18446,61,0,61
5044,18449,117,0,117
5044,18450,31,0,31
5044,18452,299,0,299
5044,18453,117,0,117
5044,18455,460,0,460
5044,18457,77,0,77
5044,18458,84,0,84
5044,18459,130,0,130
5044,18463,40,0,40
5044,18464,61,0,61
5044,18465,195,0,195
5044,18466,33,0,33
5044,18467,45,0,45
5044,18468,254,0,254
5044,18469,57,0,57
5044,18470,44,0,44
5044,18472,65,0,65
5044,18473,79,0,79
5044,18475,186,0,186
5044,18476,47,0,47
5044,18477,214,0,214
5044,18478,42,0,42
5044,18479,54,0,54
5044,18480,31,0,31
5044,18481,51,0,51
5044,18482,89,0,89
5044,18483,63,0,63
5044,18484,64,0,64
5044,18485,64,0,64
5044,18486,61,0,61
5044,18487,113,0,113
5044,18488,129,0,129
5044,18489,115,0,115
5044,18490,71,0,71
5044,18491,81,0,81
5044,18492,65,0,65
5044,18493,67,0,67
5044,18494,65,0,65
5044,18497,44,0,44
5044,18498,41,0,41
5044,18499,42,0,42
5044,18500,78,0,78
5044,18501,63,0,63
5044,18502,196,0,196
5044,18503,260,0,260
5044,18504,24,0,24
5044,18505,146,0,146
5044,18506,78,0,78
5044,18507,83,0,83
5044,18508,49,0,49
5044,18509,145,0,145
5044,18510,39,0,39
5044,18511,42,0,42
5044,18512,46,0,46
5044,18513,124,0,124
5044,18515,40,0,40
5044,18516,576,0,576
5044,18645,56,0,56
5044,18646,57,0,57
5044,18647,46,0,46
5044,18648,80,0,80
5044,18649,231,0,231
5044,18650,92,0,92
5044,18651,58,0,58
5044,18653,349,0,349
5044,18654,55,0,55
5044,18655,112,0,112
5044,18656,49,0,49
5044,18657,185,0,185
5044,18658,119,0,119
5044,18659,233,0,233
5044,18661,275,0,275
5044,18663,208,0,208
5044,18664,89,0,89
5044,18665,50,0,50
5044,18666,46,0,46
5044,18667,32,0,32
5044,18668,77,0,77
5044,18669,238,0,238
5044,18670,199,0,199
5044,18671,65,0,65
5044,18672,60,0,60
5044,18673,143,0,143
5044,18674,150,0,150
5044,18675,239,0,239
5044,18676,240,0,240
5044,18696,116,0,116
5044,18697,38,0,38
5044,18698,205,0,205
5044,18699,147,0,147
5044,18700,670,0,670
5044,18701,38,0,38
5044,18702,149,0,149
5044,18703,154,0,154
5044,18704,148,0,148
5044,18705,82,0,82
5044,18706,1058,0,1058
5044,18707,141,0,141
5044,18708,496,0,496
5044,18709,304,0,304
5044,18710,215,0,215
5044,18768,243,0,243
5044,18769,365,0,365
5044,18770,119,0,119
5044,18771,119,0,119
5044,18772,6038,0,6038
5044,18773,117,0,117
5044,18774,119,0,119
5044,18815,616,0,616
5044,18826,56,0,56
5044,18828,29,0,29
5044,18829,1176,0,1176
5044,18830,46,0,46
5044,18833,848,0,848
5044,18835,192,0,192
5044,18836,96,0,96
5044,18837,34,0,34
5044,18838,542,0,542
5044,18839,164,0,164
5044,18840,136,0,136
5044,18841,198,0,198
5044,18842,62,0,62
5044,18843,100,0,100
5044,18844,27,0,27
5044,18845,431,0,431
5044,18846,78,0,78
5044,18847,176,0,176
5044,18848,53,0,53
5044,18849,252,0,252
5044,18850,1541,0,1541
5044,18851,749,0,749
5044,18852,276,0,276
5044,18853,1882,0,1882
5044,18854,291,0,291
5044,18855,61,0,61
5044,18856,47,0,47
5044,18857,78,0,78
5044,18858,166,0,166
5044,18859,892,0,892
5044,18860,446,0,446
5044,18861,0,0,0
5044,18862,410,0,410
5044,18863,111,0,111
5044,18864,113,0,113
5044,18865,298,0,298
5044,18866,32,0,32
5044,18867,47,0,47
5044,18868,543,0,543
5044,18869,41,0,41
5044,18870,30,0,30
5044,18871,282,0,282
5044,18873,38,0,38
5044,18874,582,0,582
5044,18875,126,0,126
5044,18877,58,0,58
5044,18878,144,0,144
5044,18879,130,0,130
5044,18880,87,0,87
5044,18881,324,0,324
5044,18885,43,0,43
5044,18886,68,0,68
5044,18887,197,0,197
5044,18888,118,0,118
5044,18890,47,0,47
5044,18891,63,0,63
5044,18892,117,0,117
5044,18893,395,0,395
5044,18894,280,0,280
5044,18895,99,0,99
5044,18896,30,0,30
5044,18897,371,0,371
5044,18898,29,0,29
5044,18899,202,0,202
5044,18900,219,0,219
5044,18901,30,0,30
5044,18904,54,0,54
5044,18905,269,0,269
5044,18906,65,0,65
5044,18907,577,0,577
5044,18908,59,0,59
5044,18911,86,0,86
5044,18912,75,0,75
5044,18913,28,0,28
5044,18914,77,0,77
5044,18916,33,0,33
5044,18917,29,0,29
5044,18918,375,0,375
5044,18920,209,0,209
5044,18921,94,0,94
5044,18922,103,0,103
5044,18923,76,0,76
5044,18924,113,0,113
5044,18925,87,0,87
5044,18926,212,0,212
5044,18927,24,0,24
5044,18928,86,0,86
5044,18929,91,0,91
5044,18930,108,0,108
5044,18931,199,0,199
5044,18932,95,0,95
5044,18933,87,0,87
5044,18934,152,0,152
5044,18935,177,0,177
5044,18936,89,0,89
5044,18937,86,0,86
5044,18938,97,0,97
5044,18939,221,0,221
5044,18940,694,0,694
5044,18941,171,0,171
5044,18942,49,0,49
5044,18943,70,0,70
5044,18944,263,0,263
5044,18945,92,0,92
5044,18946,37,0,37
5044,18947,3198,0,3198
5044,18948,105,0,105
5044,18949,206,0,206
5044,18950,54,0,54
5044,18951,594,0,594
5044,18952,91,0,91
5044,18953,286,0,286
5044,18954,73,0,73
5044,18955,73,0,73
5044,18956,41,0,41
5044,18957,50,0,50
5044,18958,80,0,80
5044,18959,55,0,55
5044,18960,211,0,211
5044,18961,63,0,63
5044,18962,28,0,28
5044,18963,79,0,79
5044,18964,445,0,445
5044,18966,289,0,289
5044,18967,156,0,156
5044,18968,128,0,128
5044,18969,154,0,154
5044,18970,110,0,110
5044,18971,230,0,230
5044,18972,63,0,63
5044,18973,69,0,69
5044,18974,106,0,106
5044,18975,109,0,109
5044,18976,97,0,97
5044,18977,159,0,159
5044,18978,87,0,87
5044,18979,202,0,202
5044,18980,198,0,198
5044,18981,491,0,491
5044,18983,97,0,97
5044,18984,62,0,62
5044,18985,52,0,52
5044,18986,971,0,971
5044,18987,2081,0,2081
5044,18988,125,0,125
5044,18990,359,0,359
5044,18991,321,0,321
5044,18993,49,0,49
5044,18994,50,0,50
5044,18995,378,0,378
5044,18996,287,0,287
5044,18997,110,0,110
5044,19000,88,0,88
5044,19001,258,0,258
5044,19002,43,0,43
5044,19003,68,0,68
5044,19006,59,0,59
5044,19007,70,0,70
5044,19008,101,0,101
5044,19009,46,0,46
5044,19010,44,0,44
5044,19011,89,0,89
5044,19012,52,0,52
5044,19013,111,0,111
5044,19016,840,0,840
5044,19017,527,0,527
5044,19018,120,0,120
5044,19019,1132,0,1132
5044,19020,38,0,38
5044,19022,106,0,106
5044,19023,119,0,119
5044,19024,105,0,105
5044,19027,151,0,151
5044,19029,187,0,187
5044,19030,95,0,95
5044,19031,42,0,42
5044,19032,246,0,246
5044,19033,95,0,95
5044,19034,33,0,33
5044,19036,151,0,151
5044,19039,223,0,223
5044,19042,94,0,94
5044,19043,186,0,186
5044,19046,422,0,422
5044,19047,52,0,52
5044,19048,275,0,275
5044,19049,58,0,58
5044,19050,83,0,83
5044,19051,72,0,72
5044,19052,67,0,67
5044,19055,87,0,87
5044,19056,127,0,127
5044,19057,114,0,114
5044,19058,101,0,101
5044,19059,184,0,184
5044,19061,80,0,80
5044,19062,210,0,210
5044,19063,42,0,42
5044,19064,408,0,408
5044,19065,656,0,656
5044,19066,47,0,47
5044,19067,134,0,134
5044,19068,131,0,131
5044,19069,383,0,383
5044,19070,165,0,165
5044,19071,219,0,219
5044,19072,161,0,161
5044,19073,122,0,122
5044,19076,136,0,136
5044,19077,120,0,120
5044,19078,246,0,246
5044,19079,200,0,200
5044,19080,140,0,140
5044,19081,37,0,37
5044,19082,91,0,91
5044,19083,47,0,47
5044,19084,120,0,120
5044,19085,141,0,141
5044,19086,490,0,490
5044,19087,243,0,243
5044,19088,248,0,248
5044,19090,67,0,67
5044,19091,96,0,96
5044,19092,53,0,53
5044,19093,44,0,44
5044,19094,68,0,68
5044,19095,92,0,92
5044,19096,103,0,103
5044,19097,80,0,80
5044,19098,72,0,72
5044,19099,89,0,89
5044,19100,44,0,44
5044,19101,70,0,70
5044,19102,86,0,86
5044,19103,80,0,80
5044,19104,84,0,84
5044,19105,229,0,229
5044,19106,802,0,802
5044,19107,83,0,83
5044,19108,222,0,222
5044,19109,197,0,197
5044,19110,50,0,50
5044,19112,136,0,136
5044,19114,210,0,210
5044,19115,535,0,535
5044,19116,88,0,88
5044,19117,833,0,833
5044,19118,439,0,439
5044,19119,99,0,99
5044,19120,151,0,151
5044,19125,98,0,98
5044,19126,83,0,83
5044,19127,151,0,151
5044,19128,151,0,151
5044,19129,102,0,102
5044,19130,96,0,96
5044,19131,66,0,66
5044,19134,43,0,43
5044,19135,402,0,402
5044,19136,82,0,82
5044,19138,108,0,108
5044,19139,51,0,51
5044,19140,247,0,247
5044,19141,89,0,89
5044,19142,379,0,379
5044,19143,70,0,70
5044,19144,71,0,71
5044,19145,100,0,100
5044,19146,36,0,36
5044,19147,46,0,46
5044,19148,180,0,180
5044,19149,85,0,85
5044,19150,89,0,89
5044,19151,45,0,45
5044,19152,51,0,51
5044,19153,150,0,150
5044,19154,468,0,468
5044,19155,144,0,144
5044,19156,129,0,129
5044,19157,35,0,35
5044,19158,131,0,131
5044,19159,195,0,195
5044,19160,171,0,171
5044,19161,105,0,105
5044,19162,341,0,341
5044,19163,650,0,650
5044,19164,79,0,79
5044,19165,91,0,91
5044,19166,98,0,98
5044,19167,99,0,99
5044,19168,56,0,56
5044,19373,77,0,77
5044,19374,81,0,81
5044,19375,428,0,428
5044,19376,73,0,73
5044,19377,97,0,97
5044,19378,167,0,167
5044,19379,267,0,267
5044,19380,256,0,256
5044,19381,758,0,758
5044,19382,287,0,287
5044,19383,241,0,241
5044,19384,190,0,190
5044,19385,159,0,159
5044,19387,438,0,438
5044,19388,207,0,207
5044,19389,70,0,70
5044,19390,450,0,450
5044,19391,318,0,318
5044,19396,361,0,361
5044,19397,212,0,212
5044,19398,88,0,88
5044,19399,261,0,261
5044,19400,157,0,157
5044,19440,129,0,129
5044,19441,3191,0,3191
5044,19442,51,0,51
5044,19443,444,0,444
5044,19444,333,0,333
5044,19445,60,0,60
5044,19448,31,0,31
5044,19449,185,0,185
5044,19450,127,0,127
5044,19451,47,0,47
5044,19452,451,0,451
5044,19453,61,0,61
5044,19454,188,0,188
5044,19455,345,0,345
5044,19456,86,0,86
5044,19457,136,0,136
5044,19458,187,0,187
5044,19459,67,0,67
5044,19460,42,0,42
5044,19463,1534,0,1534
5044,19465,114,0,114
5044,19466,55,0,55
5044,19467,46,0,46
5044,19468,43,0,43
5044,19469,763,0,763
5044,19470,37,0,37
5044,19471,89,0,89
5044,19472,66,0,66
5044,19473,130,0,130
5044,19474,124,0,124
5044,19475,98,0,98
5044,19476,28,0,28
5044,19478,38,0,38
5044,19479,130,0,130
5044,19480,1008,0,1008
5044,19481,428,0,428
5044,19482,111,0,111
5044,19483,967,0,967
5044,19484,1557,0,1557
5044,19485,439,0,439
5044,19486,639,0,639
5044,19487,175,0,175
5044,19488,134,0,134
5044,19489,1423,0,1423
5044,19490,267,0,267
5044,19491,151,0,151
5044,19492,134,0,134
5044,19494,154,0,154
5044,19495,371,0,371
5044,19496,320,0,320
5044,19497,61,0,61
5044,19499,424,0,424
5044,19500,117,0,117
5044,19501,133,0,133
5044,19502,469,0,469
5044,19503,93,0,93
5044,19504,97,0,97
5044,19505,54,0,54
5044,19506,113,0,113
5044,19507,1262,0,1262
5044,19508,1272,0,1272
5044,19509,1576,0,1576
5044,19510,4621,0,4621
5044,19511,103,0,103
5044,19512,104,0,104
5044,19513,57,0,57
5044,19514,70,0,70
5044,19515,188,0,188
5044,19516,426,0,426
5044,19517,348,0,348
5044,19518,162,0,162
5044,19519,196,0,196
5044,19520,185,0,185
5044,19521,374,0,374
5044,19522,30,0,30
5044,19523,407,0,407
5044,19524,178,0,178
5044,19525,876,0,876
5044,19526,725,0,725
5044,19527,30,0,30
5044,19528,251,0,251
5044,19529,179,0,179
5044,19530,528,0,528
5044,19531,34,0,34
5044,19532,595,0,595
5044,19533,72,0,72
5044,19534,70,0,70
5044,19535,65,0,65
5044,19536,181,0,181
5044,19537,220,0,220
5044,19538,148,0,148
5044,19539,67,0,67
5044,19541,108,0,108
5044,19542,116,0,116
5044,19543,127,0,127
5044,19544,220,0,220
5044,19545,187,0,187
5044,19547,122,0,122
5044,19548,58,0,58
5044,19549,117,0,117
5044,19550,75,0,75
5044,19551,156,0,156
5044,19552,128,0,128
5044,19553,37,0,37
5044,19554,47,0,47
5044,19555,70,0,70
5044,19556,87,0,87
5044,19557,92,0,92
5044,19559,737,0,737
5044,19560,152,0,152
5044,19566,242,0,242
5044,19567,74,0,74
5044,19568,194,0,194
5044,19569,156,0,156
5044,19570,53,0,53
5044,19571,321,0,321
5044,19572,750,0,750
5044,19573,176,0,176
5044,19574,35,0,35
5044,19575,153,0,153
5044,19576,37,0,37
5044,19577,375,0,375
5044,19578,216,0,216
5044,19579,293,0,293
5044,19580,101,0,101
5044,19581,144,0,144
5044,19582,563,0,563
5044,19583,111,0,111
5044,19584,536,0,536
5044,19585,175,0,175
5044,19586,78,0,78
5044,19587,167,0,167
5044,19588,73,0,73
5044,19589,98,0,98
5044,19590,53,0,53
5044,19591,128,0,128
5044,19592,38,0,38
5044,19593,63,0,63
5044,19594,38,0,38
5044,19595,213,0,213
5044,19596,187,0,187
5044,19597,147,0,147
5044,19598,37,0,37
5044,19599,1746,0,1746
5044,19600,1419,0,1419
5044,19601,28,0,28
5044,19602,53,0,53
5044,19603,241,0,241
5044,19604,1711,0,1711
5044,19605,183,0,183
5044,19606,2486,0,2486
5044,19607,44,0,44
5044,19609,32,0,32
5044,19610,179,0,179
5044,19611,160,0,160
5044,19612,118,0,118
5044,19613,145,0,145
5044,19614,218,0,218
5044,19615,71,0,71
5044,19616,301,0,301
5044,19617,74,0,74
5044,19618,204,0,204
5044,19619,2845,0,2845
5044,19620,46,0,46
5044,19621,99,0,99
5044,19622,409,0,409
5044,19623,63,0,63
5044,19624,115,0,115
5044,19625,56,0,56
5044,19626,58,0,58
5044,19627,56,0,56
5044,19628,61,0,61
5044,19629,195,0,195
5044,19630,172,0,172
5044,19631,410,0,410
5044,19632,51,0,51
5044,19633,109,0,109
5044,19634,185,0,185
5044,19635,42,0,42
5044,19636,48,0,48
5044,19637,64,0,64
5044,19638,1394,0,1394
5044,19639,67,0,67
5044,19640,46,0,46
5044,19641,57,0,57
5044,19642,157,0,157
5044,19643,80,0,80
5044,19644,493,0,493
5044,19645,103,0,103
5044,19646,148,0,148
5044,19647,41,0,41
5044,19648,113,0,113
5044,19649,76,0,76
5044,19650,35,0,35
5044,19651,47,0,47
5044,19652,344,0,344
5044,19653,44,0,44
5044,19654,66,0,66
5044,19655,84,0,84
5044,19656,51,0,51
5044,19657,2569,0,2569
5044,19658,51,0,51
5044,19659,149,0,149
5044,19660,199,0,199
5044,19661,40,0,40
5044,19662,108,0,108
5044,19663,139,0,139
5044,19664,184,0,184
5044,19665,140,0,140
5044,19666,187,0,187
5044,19667,45,0,45
5044,19668,82,0,82
5044,19669,305,0,305
5044,19670,62,0,62
5044,19671,118,0,118
5044,19672,128,0,128
5044,19673,308,0,308
5044,19674,383,0,383
5044,19675,266,0,266
5044,19676,963,0,963
5044,19677,56,0,56
5044,19678,212,0,212
5044,19679,231,0,231
5044,19680,224,0,224
5044,19681,1129,0,1129
5044,19682,544,0,544
5044,19683,101,0,101
5044,19684,241,0,241
5044,19685,246,0,246
5044,19686,146,0,146
5044,19687,551,0,551
5044,19688,94,0,94
5044,19689,435,0,435
5044,19690,3057,0,3057
5044,19691,117,0,117
5044,19692,65,0,65
5044,19693,74,0,74
5044,19694,82,0,82
5044,19695,302,0,302
5044,19696,150,0,150
5044,19699,52,0,52
5044,19700,136,0,136
5044,19702,387,0,387
5044,19703,298,0,298
5044,19706,89,0,89
5044,19707,40,0,40
5044,19708,65,0,65
5044,19709,181,0,181
5044,19710,149,0,149
5044,19711,459,0,459
5044,19712,50,0,50
5044,19713,114,0,114
5044,19714,154,0,154
5044,19715,45,0,45
5044,19716,93,0,93
5044,19717,487,0,487
5044,19718,93,0,93
5044,19719,99,0,99
5044,19720,227,0,227
5044,19721,206,0,206
5044,19724,543,0,543
5044,19725,178,0,178
5044,19726,222,0,222
5044,19727,127,0,127
5044,19728,65,0,65
5044,19729,337,0,337
5044,19730,35,0,35
5044,19731,39,0,39
5044,19732,43,0,43
5044,19733,418,0,418
5044,19734,39,0,39
5044,19735,328,0,328
5044,19736,100,0,100
5044,19737,289,0,289
5044,19738,50,0,50
5044,19739,131,0,131
5044,19740,227,0,227
5044,19741,563,0,563
5044,19742,49,0,49
5044,19743,46,0,46
5044,19744,256,0,256
5044,19745,122,0,122
5044,19746,42,0,42
5044,19747,57,0,57
5044,19748,140,0,140
5044,19749,52,0,52
5044,19750,264,0,264
5044,19752,95,0,95
5044,19753,98,0,98
5044,19754,98,0,98
5044,19755,95,0,95
5044,19756,86,0,86
5044,19757,86,0,86
5044,19758,125,0,125
5044,19759,115,0,115
5044,19760,53,0,53
5044,19761,160,0,160
5044,19762,89,0,89
5044,19763,68,0,68
5044,19764,210,0,210
5044,19765,88,0,88
5044,19766,65,0,65
5044,19767,74,0,74
5044,19768,179,0,179
5044,19771,216,0,216
5044,19772,394,0,394
5044,19773,186,0,186
5044,19774,75,0,75
5044,19779,182,0,182
5044,19780,348,0,348
5044,19781,117,0,117
5044,19782,159,0,159
5044,19783,107,0,107
5044,19784,101,0,101
5044,19785,69,0,69
5044,19786,125,0,125
5044,19787,497,0,497
5044,19788,91,0,91
5044,20221,1324,0,1324
5044,20223,685,0,685
5044,20224,312,0,312
3411,11398,1,1,2
4700,14311,1,1,2
3412,10013,4,0,4
3412,9836,1,1,2
3412,7720,30,44,74
4701,14590,4,0,4
4701,14591,1,1,2
4701,14004,30,40,70
3413,8845,15,13,28
4702,14211,15,13,28
3414,7714,2,0,2
3414,7738,2,4,6
3414,7716,0,1,1
3414,8380,4,5,9
3414,7720,18,3,21
4703,13999,2,0,2
4703,14010,2,4,6
4703,14285,0,1,1
4703,14600,4,5,9
4703,14004,18,3,21
3415,7714,1,4,5
3415,9838,8,0,8
3415,7715,69,9,78
4704,13999,1,4,5
4704,14623,8,0,8
4704,14001,69,9,78
3416,7714,23,12,35
4705,13999,23,12,35
3418,7626,1,1,2
3418,8004,10,16,26
3418,8005,0,5,5
3419,8710,4,2,6
3419,8711,1,1,2
3419,7755,1,0,1
3419,8713,1,1,2
3420,11791,624,0,624
3420,7865,3,1,4
4706,14004,5,0,5
4707,14624,3,0,3
3421,8190,3,0,3
3422,7714,9,7,16
3422,7715,22,19,41
3422,7720,8,44,52
3423,11794,101,0,101
4708,14625,101,0,101
4708,13999,9,7,16
4708,14001,22,19,41
4708,14004,8,44,52
3424,7641,12,0,12
3424,11795,102,0,102
3424,11796,119,0,119
3424,8340,12,0,12
3424,11797,107,0,107
3424,11798,118,0,118
3425,7746,1,1,2
3425,7713,10,4,14
3426,7803,1,1,2
3427,8387,16,52,68
4709,14626,16,52,68
3428,8313,1,1,2
4710,14628,1,1,2
3429,8298,10,1,11
4711,14630,10,1,11
3430,7716,12,0,12
4712,14285,12,0,12
3431,7931,1,1,2
3431,11518,2,2,4
3431,8011,2,2,4
3433,7714,6,6,12
3433,7716,10,2,12
4713,13999,6,6,12
4713,14285,10,2,12
3434,7714,6,0,6
3435,8724,20,0,20
3435,7716,1,0,1
3436,8724,8,6,14
3436,7716,1,1,2
3439,8644,91,1,92
10451,78718,0,1,1
10451,78663,2,2,4
10451,78671,377,200,577
10451,78830,5,8,13
10451,78832,0,2,2
10451,79201,1,2,3
10451,79148,11,0,11
10451,79334,3,3,6
10451,79335,0,1,1
10451,78992,1,1,2
10451,79378,39,40,79
10451,79336,68,55,123
10451,79116,17,22,39
10451,79119,6,5,11
10451,79120,1,3,4
10451,78654,1,1,2
10451,78655,26,11,37
10451,78662,154,184,338
10451,78665,3,3,6
10451,79154,26,35,61
10451,79155,55,81,136
10451,79293,2,2,4
10451,79198,99,5,104
10451,78843,45,20,65
10451,79158,8,3,11
10451,78834,22,2,24
10452,79441,198,0,198
10452,79443,42,0,42
10452,79444,143,0,143
10452,79445,324,0,324
10452,79446,1423,0,1423
10452,79447,112,0,112
10452,79448,56,0,56
10452,79450,1807,0,1807
10452,79451,443,0,443
10452,79152,13,21,34
3441,7720,1,3,4
3442,8845,2,2,4
3442,8846,8,9,17
4715,14211,2,2,4
4715,14622,8,9,17
5142,14211,2,2,4
5142,14622,8,9,17
3446,8565,0,1,1
3446,11725,6,7,13
3446,8568,0,6,6
3448,10331,5,2,7
3449,11807,133,0,133
5143,14590,4,0,4
5143,14591,1,1,2
5143,14004,30,40,70
5144,14285,12,0,12
5145,14626,16,52,68
5146,13999,2,0,2
5146,14010,2,4,6
5146,14285,0,1,1
5146,14600,4,5,9
5146,14004,18,3,21
5147,13999,1,4,5
5147,14623,8,0,8
5147,14001,69,9,78
3453,7715,6,1,7
4716,14001,6,1,7
10456,79466,71,0,71
10456,78992,30,25,55
10457,79376,32,0,32
3455,10686,27,13,40
3456,8536,23,9,32
3456,8539,68,58,126
3456,8540,4,0,4
3457,8644,9,5,14
3458,8536,35,6,41
3458,8540,4,0,4
3461,8304,1,1,2
4718,14257,1,1,2
5148,14257,1,1,2
3463,10728,34,9,43
3464,8583,19,9,28
3465,10680,9,1,10
3466,8540,9,2,11
3468,8535,10,5,15
3469,10728,27,7,34
3469,8635,13,6,19
3470,7818,11,0,11
3470,7931,10,0,10
3470,7941,11,2,13
3470,7671,1,1,2
3470,7626,19,0,19
3470,7628,9,0,9
3470,8024,46,0,46
3471,11815,57,0,57
3472,8251,6,6,12
4719,14252,6,6,12
3473,10386,5,138,143
3473,10388,49,5,54
3473,11825,189,0,189
3474,8353,2,9,11
4720,14599,2,9,11
5149,14599,2,9,11
3476,8298,49,16,65
4721,14630,49,16,65
3477,7715,37,7,44
4722,14001,37,7,44
5150,14001,37,7,44
10459,78712,90,44,134
10459,78663,2,2,4
10459,78671,429,255,684
10459,78672,6,4,10
10459,78830,3,2,5
10459,78832,4,3,7
10459,79201,2,1,3
10459,79192,2,2,4
10459,79194,0,0,0
10459,79228,2,1,3
10459,79148,1,0,1
10459,79334,3,3,6
10459,79441,4,0,4
10459,78992,2,18,20
10459,79149,7,7,14
10459,79445,1,1,2
10459,79446,70,16,86
10459,79120,1,2,3
10459,78649,2,1,3
10459,78662,24,23,47
10459,78665,2,2,4
10459,79154,25,20,45
10459,79450,57,19,76
10459,79451,73,6,79
10459,79155,10,12,22
10459,79152,10,8,18
10459,79422,4,4,8
10459,79423,6,5,11
10459,78979,4,3,7
10459,79198,113,13,126
10460,78774,8,0,8
10460,79291,102,39,141
10460,79293,34,14,48
3478,8536,2,2,4
3479,8569,12,6,18
3480,8546,3,0,3
3481,7818,25,0,25
3481,7931,29,0,29
3481,7941,12,0,12
3481,7820,4,0,4
3481,7626,48,5,53
3481,7990,11,0,11
3481,8003,1,1,2
3481,8010,2,0,2
3481,8024,13,0,13
4723,14258,25,0,25
4723,14635,29,0,29
4723,14636,12,0,12
4723,14637,4,0,4
4723,14101,48,5,53
4723,14638,11,0,11
4723,14639,1,1,2
4723,14641,2,0,2
4723,14642,13,0,13
3482,10597,39,3,42
4724,14023,39,3,42
3484,7626,6,0,6
3485,8540,7,3,10
10462,78665,1,1,2
3487,7747,59,13,72
4726,14649,59,13,72
3490,8539,1,1,2
3495,11791,1,1,2
3498,8544,3,0,3
10464,78820,14,0,14
10465,79149,15,1,16
10466,78939,2,1,3
3500,9915,13,22,35
3500,8377,2,1,3
3500,7715,11,13,24
3500,7720,9,12,21
10467,79446,4,1,5
10467,79198,1,0,1
4727,14652,13,22,35
4727,14134,2,1,3
4727,14001,11,13,24
4727,14004,9,12,21
3501,7715,6,3,9
3501,7716,1,1,2
4728,14001,6,3,9
4728,14285,1,1,2
5152,14001,6,3,9
5152,14285,1,1,2
10468,79144,6,0,6
10469,78665,2,3,5
10470,79450,9,2,11
10471,78657,12,9,21
10471,79121,1,1,2
10471,79138,3,5,8
10471,79128,1,1,2
10471,79139,1,2,3
5153,20264,101,0,101
5153,13999,9,7,16
5153,14001,22,19,41
5153,14004,8,44,52
3504,10682,8,8,16
3504,10728,126,109,235
3505,8540,2,0,2
3506,10721,4,0,4
10473,78832,12,0,12
10473,79338,2,1,3
10473,78664,14,0,14
10473,78662,76,0,76
10473,78665,30,0,30
3509,10386,5,8,13
3509,10389,9,13,22
4732,14663,5,8,13
4732,14664,9,13,22
3510,7715,40,20,60
4733,14001,40,20,60
5155,14001,40,20,60
10475,78832,1,1,2
10475,78662,22,9,31
3513,8356,36,0,36
3513,8294,5,15,20
3513,7944,4,32,36
3513,8024,73,2,75
3514,7818,1,2,3
3514,7931,1,1,2
3514,8024,1,1,2
3516,8294,13,4,17
4735,14672,13,4,17
5157,14672,13,4,17
3517,7941,3,0,3
3517,7968,5,0,5
3517,7626,1,1,2
4736,14636,3,0,3
4736,14612,5,0,5
4736,14101,1,1,2
5158,14635,2,4,6
5158,14636,3,0,3
5158,14612,5,0,5
5158,14577,1,1,2
3518,8294,4,13,17
4737,14672,4,13,17
5159,14672,4,13,17
3521,7818,15,6,21
4739,14258,15,6,21
5161,14258,15,6,21
4741,14684,2,4,6
5164,14684,2,4,6
3525,8303,2,4,6
3526,7714,4,4,8
3526,7715,46,17,63
4742,13999,4,4,8
4742,14001,46,17,63
3527,7720,8,1,9
4743,14004,8,1,9
5165,14004,8,1,9
3528,7715,6,0,6
4744,14001,6,0,6
4745,13999,6,0,6
4746,14593,20,0,20
4746,14285,1,0,1
3531,8845,1,1,2
3531,8358,2,2,4
3531,8230,53,15,68
3531,8724,2,1,3
3531,8233,2,2,4
4747,14211,1,1,2
4747,14687,2,2,4
4747,14688,53,15,68
4747,14593,2,1,3
4747,14000,2,2,4
3532,8155,8,5,13
3532,8298,14,1,15
3532,7703,6,4,10
3532,8722,1,1,2
3532,11875,183,33,216
3532,8356,10,2,12
3532,11876,156,0,156
3532,11877,1006,0,1006
3532,7818,4,2,6
3532,7756,19,5,24
3532,7755,111,30,141
3532,7968,3,0,3
3532,7625,24,12,36
3532,7626,63,3,66
3532,7628,114,21,135
3532,7995,9,0,9
3532,8196,21,1,22
3532,11373,5,1,6
3532,7715,177,58,235
3532,7720,315,97,412
3532,9843,9,0,9
3532,8388,12,0,12
3533,8155,5,8,13
3533,8298,1,14,15
3533,7703,4,6,10
3533,8722,1,1,2
3533,11875,33,183,216
3533,8356,2,10,12
3533,7818,2,4,6
3533,7756,5,19,24
3533,7755,30,111,141
3533,7968,0,3,3
3533,7625,12,24,36
3533,7626,3,63,66
3533,7628,21,114,135
3533,7995,0,9,9
3533,8196,1,21,22
3533,11373,1,5,6
3533,7715,58,177,235
3533,7720,97,315,412
3533,9843,0,9,9
3533,8388,0,12,12
3534,8351,6,0,6
3534,8355,7,3,10
4748,14690,6,0,6
4748,14691,7,3,10
5166,14690,6,0,6
5166,14691,7,3,10
3535,7626,2,2,4
3535,8008,2,2,4
3535,11886,336,0,336
4749,14593,8,6,14
4749,14285,1,1,2
3538,8724,21,11,32
4750,14593,21,11,32
5167,14593,21,11,32
10476,78685,19,0,19
10476,78830,11,10,21
3539,7755,6,5,11
4751,14166,6,5,11
5168,14166,6,5,11
4150,6681,6,5,11
3541,11888,14,7,21
3541,10069,30,2,32
3541,7956,39,4,43
3541,7755,2,2,4
3541,11889,342,0,342
3541,11890,393,0,393
3541,7979,13,13,26
3541,11891,249,0,249
3541,7980,3,3,6
3541,10568,1,1,2
3541,11892,118,0,118
3541,11893,190,0,190
3541,8772,11,8,19
3541,8771,12,9,21
3541,7578,14,3,17
3541,7625,413,139,552
3541,7671,208,28,236
3541,7626,129,21,150
3541,11894,26,24,50
3541,7628,162,33,195
3541,7998,1,0,1
3541,11895,5,15,20
3541,8011,5,5,10
3541,11896,114,0,114
3541,8017,12,23,35
3541,8018,16,15,31
3541,11897,17,16,33
3541,8021,124,4,128
3541,11898,130,0,130
3541,8022,3,7,10
3541,7949,18,17,35
3541,11899,32,31,63
10477,78663,4,2,6
10477,78668,55,16,71
10477,79116,17,18,35
10477,79117,3,4,7
10477,79118,3,2,5
10477,78657,2,1,3
10477,79229,1,1,2
10477,79124,19,15,34
10477,79126,14,15,29
10477,79138,52,49,101
10477,79139,85,113,198
10477,79130,2,2,4
10477,79131,12,8,20
10477,78654,27,12,39
