commit_id,file_id,la,ld,la+ld
501,279,3,3,6
502,14,1,1,2
502,17,10,0,10
502,28,46,0,46
502,375,274,22,296
502,115,90,0,90
502,116,1,2,3
502,117,11,2,13
502,377,8,0,8
502,223,2,2,4
502,379,15,0,15
502,45,2,0,2
502,282,1,1,2
502,122,19,12,31
502,373,5,3,8
502,547,25,0,25
502,548,22,0,22
502,59,67,11,78
502,307,1,1,2
502,550,0,5,5
502,308,0,10,10
502,528,1,0,1
502,65,0,5,5
502,374,2,2,4
502,69,32,4,36
502,172,22,0,22
502,74,27,21,48
502,225,102,4,106
502,309,7,0,7
502,381,4,0,4
502,382,50,2,52
502,82,2,2,4
502,146,1,0,1
502,87,279,9,288
502,559,22,0,22
502,227,25,0,25
502,554,5,0,5
502,147,10,0,10
502,148,9,0,9
502,523,3,3,6
502,527,1,1,2
502,278,2,2,4
502,279,3,3,6
502,188,2,6,8
503,560,231,0,231
503,561,1211,0,1211
503,174,81,78,159
504,560,309,6,315
504,561,2,0,2
505,560,143,139,282
505,562,282,0,282
505,561,22,4,26
506,278,3,3,6
506,279,4,4,8
506,188,14,3,17
507,196,4,0,4
508,29,2,0,2
509,14,1,1,2
509,34,143,6,149
509,117,1,1,2
509,122,10,0,10
509,548,1,1,2
509,59,325,265,590
509,68,1,0,1
509,69,2,0,2
509,150,62,0,62
509,172,120,0,120
509,225,10,0,10
509,84,97,24,121
509,87,42,1,43
509,147,2,0,2
509,527,0,4,4
509,278,2,2,4
509,279,2,2,4
509,188,6,4,10
510,182,11,2,13
511,195,1,0,1
512,196,4,1,5
513,195,1,0,1
514,197,19,0,19
515,7,4,4,8
515,12,2,0,2
515,13,4,0,4
515,14,28,1,29
515,375,20,0,20
515,376,2,2,4
515,115,11,2,13
515,544,1,1,2
515,117,5,0,5
515,298,12,5,17
515,377,3,0,3
515,385,8,6,14
515,300,1,1,2
515,372,1,1,2
515,45,1,0,1
515,122,1,1,2
515,373,2,2,4
515,547,66,0,66
515,548,20,2,22
515,56,2,0,2
515,59,47,69,116
515,301,1,1,2
515,69,2,0,2
515,144,2,0,2
515,145,2,1,3
515,225,258,5,263
515,381,14,0,14
515,382,15,1,16
515,87,12,6,18
515,563,316,0,316
515,147,29,15,44
515,148,34,0,34
515,188,5,0,5
516,9,2,4,6
517,197,9,0,9
518,195,23,2,25
519,188,7,0,7
520,188,6,2,8
521,564,110,0,110
522,565,65,0,65
523,566,149,0,149
524,567,175,0,175
525,277,3,3,6
526,196,1,1,2
527,569,102,0,102
527,570,235,0,235
527,571,278,0,278
527,572,181,0,181
527,573,117,0,117
527,574,411,0,411
528,576,121,0,121
528,577,431,0,431
528,578,76,0,76
528,579,160,0,160
528,580,108,0,108
529,582,274,0,274
530,584,302,0,302
530,585,380,0,380
531,587,473,0,473
531,588,98,0,98
531,589,202,0,202
532,591,301,0,301
532,592,137,0,137
532,593,527,0,527
532,594,146,0,146
533,596,577,0,577
533,597,232,0,232
533,598,527,0,527
533,599,359,0,359
533,600,271,0,271
534,602,133,0,133
534,603,103,0,103
534,604,129,0,129
534,605,53,0,53
534,606,171,0,171
534,607,172,0,172
534,608,176,0,176
535,609,239,0,239
536,188,4,0,4
537,369,2,0,2
537,370,2,0,2
537,195,2,0,2
537,274,3,1,4
537,535,2,0,2
537,275,3,1,4
537,276,3,1,4
537,277,3,1,4
537,196,2,0,2
537,278,3,1,4
537,279,3,1,4
537,197,2,0,2
537,361,2,0,2
538,188,1,1,2
538,593,1,1,2
539,612,44,0,44
539,613,9,0,9
539,614,450,0,450
539,615,33,0,33
539,616,141,0,141
539,617,36,0,36
539,618,185,0,185
539,619,184,0,184
539,620,146,0,146
539,621,168,0,168
539,622,34,0,34
539,623,197,0,197
539,624,30,0,30
539,625,36,0,36
539,626,59,0,59
539,627,59,0,59
539,628,119,0,119
539,629,67,0,67
539,630,121,0,121
539,631,268,0,268
539,632,103,0,103
539,633,53,0,53
539,634,75,0,75
539,635,6,0,6
539,636,30,0,30
539,637,108,0,108
539,638,86,0,86
539,639,188,0,188
539,640,123,0,123
539,641,258,0,258
539,642,129,0,129
539,643,34,0,34
539,644,123,0,123
539,645,15,0,15
539,646,170,0,170
539,647,29,0,29
539,648,81,0,81
539,649,123,0,123
539,650,67,0,67
539,651,70,0,70
539,652,9,0,9
539,653,116,0,116
539,654,88,0,88
539,655,36,0,36
539,656,183,0,183
539,657,177,0,177
539,658,110,0,110
539,659,73,0,73
539,660,116,0,116
539,661,48,0,48
539,9,78,12,90
539,11,15,1,16
539,14,2,1,3
539,16,3,0,3
539,236,5,3,8
539,19,50,6,56
539,22,103,0,103
539,190,2,2,4
539,24,4,4,8
539,28,71,0,71
539,29,1,1,2
539,31,228,13,241
539,33,23,0,23
539,663,129,0,129
539,664,174,0,174
539,665,501,0,501
539,666,124,0,124
539,667,61,68,129
539,668,49,44,93
539,375,266,16,282
539,248,50,1,51
539,116,12,1,13
539,142,486,23,509
539,669,384,0,384
539,221,24,0,24
539,223,19,1,20
539,46,3,0,3
539,50,312,69,381
539,51,9,5,14
539,122,150,8,158
539,547,18,0,18
539,548,39,2,41
539,56,58,3,61
539,57,2,2,4
539,58,3,1,4
539,59,145,128,273
539,61,8,6,14
539,283,1,0,1
539,301,39,20,59
539,66,4,1,5
539,67,1,1,2
539,68,24,0,24
539,69,34,0,34
539,72,4,0,4
539,149,155,101,256
539,670,976,0,976
539,150,96,121,217
539,172,212,104,316
539,225,374,33,407
539,226,4,4,8
539,671,144,0,144
539,284,11,21,32
539,672,109,0,109
539,381,380,3,383
539,382,12,4,16
539,82,1,1,2
539,83,8,0,8
539,84,6,8,14
539,87,205,31,236
539,673,13,29,42
539,557,439,25,464
539,384,44,11,55
539,147,5,1,6
539,211,1,1,2
539,674,194,0,194
539,527,19,1,20
539,274,1,1,2
539,275,1,1,2
539,276,1,1,2
539,277,1,1,2
539,278,1,1,2
539,279,1,1,2
539,188,1,1,2
539,570,3,3,6
539,573,3,3,6
539,587,3,3,6
539,589,3,3,6
539,592,3,3,6
539,593,1,1,2
539,594,2,2,4
539,598,3,3,6
539,599,5,5,10
539,600,4,4,8
539,607,3,3,6
539,608,3,3,6
541,11,2,2,4
541,14,2,2,4
541,31,14,1,15
541,375,27,2,29
541,272,226,23,249
541,115,1,1,2
541,544,145,37,182
541,675,1585,0,1585
541,142,0,2,2
541,45,9,9,18
541,50,2,1,3
541,547,1,1,2
541,56,9,9,18
541,59,10,10,20
541,356,4,4,8
541,550,1,1,2
541,283,4,5,9
541,301,14,2,16
541,670,47,3,50
541,225,1,1,2
541,671,86,1,87
541,284,1,1,2
541,672,856,7,863
541,381,67,220,287
541,382,121,20,141
541,83,5,1,6
541,84,2,2,4
541,87,2,2,4
541,384,2,2,4
541,211,7,1,8
541,572,1,1,2
542,9,2,4,6
542,301,0,2,2
542,670,0,3,3
542,564,1,1,2
542,566,1,1,2
542,565,1,1,2
542,274,1,1,2
542,275,1,1,2
542,276,1,1,2
542,567,1,1,2
542,277,1,1,2
542,278,1,1,2
542,279,1,1,2
542,188,1,1,2
542,609,1,1,2
542,569,1,1,2
542,570,1,1,2
542,571,1,1,2
542,572,1,1,2
542,573,1,1,2
542,574,1,1,2
542,576,1,1,2
542,577,1,1,2
542,578,1,1,2
542,579,1,1,2
542,580,1,1,2
542,582,1,1,2
542,584,1,1,2
542,585,1,1,2
542,587,1,1,2
542,588,1,1,2
542,589,1,1,2
542,591,1,1,2
542,592,1,1,2
542,593,1,1,2
542,594,1,1,2
542,596,1,1,2
542,597,1,1,2
542,598,1,1,2
542,599,1,1,2
542,600,1,1,2
542,602,1,1,2
542,603,1,1,2
542,604,1,1,2
542,605,1,1,2
542,606,1,1,2
542,607,1,2,3
542,608,1,1,2
543,14,1,1,2
545,593,1,1,2
546,584,7,1,8
547,676,100,0,100
548,14,1,1,2
548,208,35,4,39
548,375,4,1,5
548,363,1,9,10
548,378,10,0,10
548,45,99,3,102
548,51,27,11,38
548,59,2,2,4
548,677,36,0,36
548,550,44,18,62
548,283,0,97,97
548,143,38,0,38
548,551,3,0,3
548,670,110,3,113
548,225,24,0,24
548,671,6,4,10
548,672,161,76,237
548,381,12,5,17
548,382,7,8,15
548,82,74,15,89
548,227,19,43,62
548,554,41,28,69
548,274,1,1,2
548,275,1,1,2
548,276,1,1,2
548,567,1,1,2
548,277,1,1,2
548,278,1,1,2
548,279,1,1,2
548,571,1,1,2
548,572,1,1,2
548,573,1,1,2
548,574,1,1,2
548,576,1,1,2
548,577,1,1,2
548,578,1,1,2
548,579,1,1,2
548,580,1,1,2
548,582,1,1,2
548,585,1,1,2
548,587,1,1,2
548,588,1,1,2
548,589,1,1,2
548,591,1,1,2
548,592,1,1,2
548,596,1,1,2
548,597,1,1,2
548,598,1,1,2
548,599,1,1,2
548,600,1,1,2
548,602,1,1,2
548,603,1,1,2
548,604,1,1,2
548,605,1,1,2
548,606,1,1,2
548,608,1,1,2
549,14,1,1,2
550,598,3,1,4
552,14,1,1,2
552,375,1,0,1
552,115,81,1,82
552,117,7,0,7
552,229,2,2,4
552,377,8,0,8
552,122,59,0,59
552,59,5,92,97
552,68,1,1,2
552,69,2,0,2
552,670,88,0,88
552,172,32,44,76
552,685,23,0,23
552,225,8,6,14
552,284,4,0,4
552,672,23,0,23
552,233,1,1,2
552,381,30,0,30
552,382,72,0,72
552,365,90,0,90
552,384,15,5,20
552,147,61,1,62
552,211,24,0,24
552,148,32,3,35
553,14,1,1,2
554,663,0,2,2
554,665,0,1,1
554,667,0,1,1
554,375,0,1,1
554,246,0,3,3
554,363,0,1,1
554,51,0,1,1
554,547,0,1,1
554,677,0,1,1
554,283,0,1,1
554,65,0,1,1
554,670,0,2,2
554,150,0,2,2
554,74,0,1,1
554,671,0,1,1
554,672,0,4,4
554,381,0,9,9
554,382,1,1,2
554,673,0,2,2
554,674,0,1,1
554,580,0,1,1
554,608,0,1,1
554,676,0,7,7
557,676,1,1,2
558,676,40,22,62
560,676,14,1,15
561,593,1,1,2
562,676,57,25,82
564,50,8,1,9
566,14,1,1,2
566,17,8,0,8
566,375,266,38,304
566,686,47,27,74
566,245,1,0,1
566,142,2,1,3
566,46,7,0,7
566,373,3,3,6
566,548,14,1,15
566,283,8,2,10
566,70,1,1,2
566,72,22,0,22
566,670,16,28,44
566,150,4,3,7
566,172,5,5,10
566,212,1,1,2
566,225,95,4,99
566,672,142,20,162
566,381,73,10,83
566,382,118,20,138
566,82,1,1,2
566,87,108,49,157
566,384,17,0,17
567,14,1,1,2
568,612,21,0,21
568,618,1,1,2
568,619,1,1,2
568,7,4,0,4
568,8,4,0,4
568,9,40,8,48
568,10,1,0,1
568,11,5,0,5
568,12,7,0,7
568,13,13,1,14
568,15,30,6,36
568,114,1,0,1
568,185,3,0,3
568,236,35,9,44
568,17,4,0,4
568,273,17,0,17
568,19,22,0,22
568,106,3,0,3
568,537,1,0,1
568,22,72,5,77
568,198,2,0,2
568,23,24,0,24
568,24,11,1,12
568,26,2,1,3
568,28,4,0,4
568,29,2,0,2
568,31,75,0,75
568,538,16,5,21
568,32,2,0,2
568,33,8,0,8
568,34,33,4,37
568,35,1,0,1
568,539,4,1,5
568,540,3,2,5
568,183,16,0,16
568,180,2,0,2
568,181,16,2,18
568,39,8,0,8
568,182,5,0,5
568,115,1,1,2
568,544,2,4,6
568,669,2,2,4
568,51,11,1,12
568,59,19,2,21
568,301,6,3,9
568,670,52,12,64
568,381,1,1,2
568,82,1,1,2
568,87,2,2,4
568,554,2,2,4
568,147,1,1,2
568,148,1,1,2
568,674,1,1,2
568,523,0,1,1
568,524,0,1,1
568,525,0,1,1
568,558,3,0,3
568,369,24,0,24
568,370,5,0,5
568,195,17,2,19
568,566,2,2,4
568,274,7,1,8
568,275,15,1,16
568,276,32,9,41
568,567,1,0,1
568,277,5,1,6
568,196,41,29,70
568,278,13,2,15
568,279,22,4,26
568,197,4,0,4
568,361,10,0,10
568,188,28,0,28
568,609,1,0,1
568,570,1,0,1
568,576,2,0,2
568,577,8,2,10
568,578,2,0,2
568,579,4,1,5
568,580,2,0,2
568,584,2,1,3
568,585,2,0,2
568,587,2,2,4
568,591,1,0,1
568,593,7,0,7
568,597,3,3,6
568,598,2,1,3
568,607,2,2,4
568,608,2,2,4
568,174,4,0,4
568,175,5,0,5
568,176,12,0,12
568,184,48,0,48
568,177,10,2,12
568,357,2,0,2
568,358,2,0,2
568,359,2,0,2
568,360,3,1,4
568,178,6,0,6
568,532,3,0,3
568,367,7,1,8
568,533,4,0,4
568,534,4,5,9
569,34,2,7,9
570,39,1,1,2
571,59,13,13,26
573,34,9,0,9
574,599,1,1,2
574,600,1,0,1
575,188,3,0,3
575,609,3,0,3
579,11,6,0,6
580,11,26,0,26
580,51,12,0,12
580,59,1,1,2
581,11,22,1,23
581,17,11,0,11
582,144,4,3,7
582,145,3,2,5
584,11,1,0,1
584,29,50,7,57
584,106,7,7,14
585,11,1,2,3
585,375,22,2,24
585,376,1,1,2
585,142,26,5,31
585,221,7,0,7
585,548,57,16,73
585,670,42,5,47
585,194,7,5,12
585,672,36,0,36
585,381,9,0,9
585,382,112,0,112
585,227,4,0,4
585,554,1,1,2
586,14,1,1,2
587,585,2,1,3
588,587,2,1,3
589,588,1,0,1
590,604,23,1,24
591,579,1,1,2
591,593,1,1,2
592,570,7,2,9
593,587,0,1,1
594,46,0,7,7
594,670,6,4,10
595,14,1,1,2
596,14,1,1,2
596,22,21,1,22
596,375,14,4,18
596,142,10,4,14
596,379,8,0,8
596,44,59,0,59
596,45,9,1,10
596,282,2,0,2
596,122,23,0,23
596,113,2,0,2
596,65,2,0,2
596,687,37,50,87
596,688,140,0,140
596,69,21,1,22
596,689,13,54,67
596,690,7,56,63
596,146,20,0,20
596,87,74,1,75
597,50,1,1,2
598,7,216,108,324
598,44,71,4,75
598,45,133,2,135
598,73,24,1,25
599,375,2,0,2
599,122,35,1,36
599,687,209,2,211
599,69,42,0,42
599,87,116,19,135
599,674,8,1,9
600,14,1,1,2
601,44,1,1,2
601,45,8,0,8
601,149,25,0,25
601,172,33,5,38
601,87,102,13,115
602,607,6,4,10
603,598,0,1,1
604,593,1,1,2
605,593,14,1,15
606,14,1,1,2
607,607,4,1,5
608,373,9,4,13
608,301,10,200,210
608,87,6,3,9
609,14,1,1,2
610,142,25,0,25
610,149,1,1,2
610,150,142,68,210
610,172,1,1,2
610,384,9,0,9
612,6,2,0,2
612,22,444,223,667
612,29,2,2,4
612,375,90,5,95
612,115,1,1,2
612,669,39,7,46
612,282,1,1,2
612,301,3,1,4
612,225,135,156,291
612,226,8,8,16
612,381,11,0,11
612,382,119,45,164
612,87,1,0,1
612,691,774,0,774
612,383,7,7,14
612,148,42,31,73
613,14,1,1,2
614,22,1,0,1
614,29,2,0,2
615,14,166,128,294
616,22,1,1,2
617,374,27,1,28
618,577,1,1,2
618,587,2,2,4
618,607,1,1,2
619,593,2,39,41
619,604,29,3,32
620,599,2,1,3
621,577,7,0,7
622,571,6,1,7
623,609,12,0,12
624,570,32,4,36
625,693,86,0,86
625,694,113,0,113
625,695,93,0,93
626,14,1,1,2
626,22,0,0,0
626,375,79,2,81
626,59,5,0,5
626,69,2,0,2
626,225,3,10,13
626,382,32,0,32
626,87,1,1,2
627,14,1,1,2
628,599,5,1,6
628,600,7,6,13
629,606,32,0,32
630,598,6,0,6
630,599,0,4,4
630,600,16,2,18
631,675,49,1,50
631,669,50,0,50
631,677,50,0,50
631,685,50,0,50
631,559,51,3,54
632,115,1,1,2
633,115,2,1,3
634,669,1,1,2
635,174,51,3,54
636,574,24,0,24
637,9,0,5,5
638,59,1,1,2
639,607,18,0,18
640,606,30,0,30
641,14,1,1,2
641,22,10,6,16
641,696,60,31,91
641,198,2,2,4
641,24,13,2,15
641,33,2,2,4
641,697,35,490,525
641,378,23,3,26
641,44,16,0,16
641,45,16,1,17
641,122,13,0,13
641,283,1,0,1
641,113,0,6,6
641,69,14,0,14
641,698,36,33,69
641,172,4,0,4
641,382,33,1,34
641,87,11,0,11
641,699,602,0,602
641,700,416,0,416
641,384,33,597,630
641,674,11,3,14
641,702,547,0,547
641,703,35,29,64
641,704,21,0,21
641,705,2052,0,2052
641,706,143,0,143
641,707,304,0,304
641,708,48,0,48
641,709,802,0,802
641,710,400,0,400
641,711,69,0,69
641,712,22,0,22
641,713,192,0,192
641,714,81,0,81
641,715,133,0,133
641,200,1,1,2
641,201,1,1,2
641,202,1,1,2
641,203,1,1,2
641,204,1,1,2
641,205,1,1,2
641,206,1,1,2
641,188,1,1,2
641,582,1,1,2
642,14,1,1,2
643,599,4,2,6
644,22,1,1,2
644,142,6,0,6
644,233,10,2,12
645,720,287,0,287
645,721,78,0,78
645,722,166,0,166
645,724,136,0,136
645,725,126,0,126
645,726,117,0,117
645,727,135,0,135
645,728,210,0,210
645,729,77,0,77
645,730,207,0,207
645,732,415,0,415
645,733,196,0,196
645,734,188,0,188
645,735,227,0,227
645,736,166,0,166
645,737,172,0,172
646,122,100,4,104
647,230,32,6,38
647,528,48,1,49
647,69,4,0,4
649,302,264,2,266
649,122,0,3,3
651,72,17,7,24
651,241,102,3,105
651,529,11,0,11
652,238,2,1,3
652,698,5,0,5
652,312,8,1,9
653,669,25,18,43
654,87,1,1,2
655,538,8,36,44
656,115,12,1,13
657,173,6,0,6
657,174,121,91,212
658,669,48,17,65
659,14,1,1,2
660,68,6,0,6
660,672,64,22,86
662,733,12,12,24
663,14,1,1,2
663,739,63,44,107
663,740,44,36,80
663,741,160,0,160
663,736,30,8,38
663,534,1,2,3
664,225,36,0,36
666,7,1,2,3
666,10,0,0,0
666,11,1,1,2
666,22,1,2,3
666,24,1,1,2
666,26,1,1,2
666,29,1,1,2
666,31,1,1,2
666,32,1,1,2
666,34,2,2,4
666,665,1,1,2
666,720,0,1,1
666,740,2,2,4
667,599,1,1,2
668,599,19,6,25
669,280,73,26,99
670,280,35,3,38
671,280,82,3,85
671,281,9,2,11
671,742,392,0,392
672,280,164,143,307
672,281,2,0,2
672,742,141,122,263
673,280,66,0,66
673,281,39,0,39
673,742,19,0,19
674,742,3,3,6
675,29,1,1,2
675,39,0,1,1
675,280,40,7,47
675,281,17,0,17
675,742,69,58,127
676,9,22,0,22
676,34,51,0,51
677,9,2,1,3
677,34,35,1,36
677,59,16,0,16
678,34,15,11,26
679,228,26,0,26
680,34,1,12,13
681,34,28,1,29
681,59,2,2,4
682,34,2,0,2
682,280,70,14,84
682,281,15,0,15
682,742,3,1,4
683,6,1,1,2
683,11,1,1,2
683,17,6,6,12
683,273,8,8,16
683,25,1,1,2
683,28,1,1,2
683,29,1,1,2
683,181,11,11,22
683,179,23,0,23
683,39,30,30,60
683,280,32,32,64
683,281,119,111,230
683,742,7,7,14
683,178,7,7,14
684,9,2,2,4
684,16,49,42,91
684,31,196,124,320
684,743,461,0,461
684,744,345,0,345
684,34,3,29,32
684,39,11,1,12
684,280,30,11,41
684,742,28,10,38
684,59,12,0,12
684,567,6,0,6
684,188,5,0,5
684,178,11,1,12
685,9,1,1,2
685,29,1,1,2
685,34,2,3,5
685,39,0,0,0
685,280,123,75,198
685,375,18,6,24
685,142,11,3,14
685,300,81,1,82
685,372,2,2,4
685,46,5,0,5
685,373,4,1,5
685,548,8,7,15
685,59,11,1,12
685,192,10,0,10
685,69,5,1,6
685,552,4,4,8
685,72,0,0,0
685,225,706,186,892
685,226,10,12,22
685,672,83,58,141
685,381,15,1,16
685,382,38,24,62
685,87,20,4,24
685,227,8,11,19
685,554,26,24,50
685,147,1,2,3
685,521,4,0,4
685,288,27,15,42
685,289,28,16,44
685,290,18,5,23
685,291,17,6,23
685,292,13,3,16
685,293,111,182,293
685,294,67,149,216
685,295,18,7,25
685,745,278,0,278
685,297,74,40,114
685,567,2,2,4
686,599,1,1,2
687,14,1,1,2
688,225,77,1,78
688,294,59,4,63
690,382,1,1,2
692,593,4,4,8
693,593,18,13,31
694,593,78,2,80
695,604,25,0,25
696,31,11,0,11
696,746,172,0,172
696,737,3,11,14
697,59,32,21,53
698,59,7,10,17
699,34,2,6,8
699,50,8,0,8
699,382,31,3,34
700,9,1,0,1
701,548,5,2,7
701,58,13,11,24
701,382,18,0,18
703,578,7,2,9
704,747,129,0,129
705,747,9,10,19
706,548,2,0,2
707,742,7,1,8
708,742,1,1,2
709,748,113,0,113
710,609,10,0,10
711,570,14,0,14
712,588,7,5,12
713,587,2,1,3
714,599,4,2,6
715,192,1,1,2
716,69,1,1,2
716,233,1,1,2
716,234,3,3,6
717,536,1,1,2
718,672,2,2,4
718,381,6,1,7
719,741,1,1,2
719,749,162,0,162
720,371,2,2,4
721,743,85,16,101
721,744,11,2,13
721,280,12,0,12
722,280,92,0,92
722,281,33,0,33
723,743,6,0,6
724,672,1,1,2
725,550,6,0,6
725,69,2,0,2
725,82,8,0,8
726,742,29,3,32
727,554,3,2,5
728,582,9,0,9
729,606,7,0,7
730,521,531,440,971
730,527,4,4,8
731,283,1,0,1
732,384,15,8,23
733,375,3,0,3
734,280,2,1,3
734,722,0,1,1
735,570,0,0,0
736,606,0,0,0
737,587,21,0,21
738,587,17,6,23
739,587,5,1,6
740,593,100,31,131
741,576,2,3,5
742,24,1,1,2
743,385,14,17,31
744,225,1,1,2
745,7,10,0,10
745,122,27,0,27
745,59,43,77,120
746,122,4,4,8
747,122,8,0,8
748,184,19,0,19
749,59,4,0,4
749,69,2,0,2
749,87,23,0,23
750,29,2,0,2
751,593,2,0,2
752,600,0,16,16
753,587,59,2,61
754,385,1,1,2
754,122,0,1,1
754,113,0,1,1
754,301,0,1,1
754,688,0,1,1
754,672,0,2,2
754,691,0,1,1
754,148,0,2,2
754,704,0,2,2
754,705,0,4,4
754,706,0,6,6
754,707,0,11,11
754,709,0,9,9
754,711,0,8,8
754,712,0,2,2
754,293,0,7,7
754,749,0,6,6
755,39,1,1,2
756,14,2,2,4
757,22,1,0,1
757,527,15,2,17
758,672,7,1,8
759,122,101,10,111
759,82,12,0,12
760,300,1,1,2
761,115,3,0,3
761,209,5,0,5
761,379,10,0,10
761,69,6,0,6
761,750,306,0,306
761,751,84,0,84
762,22,66,1,67
762,527,26,1,27
763,122,15,23,38
763,87,9,5,14
764,751,11,1,12
765,720,1,1,2
766,548,4,1,5
767,669,2,2,4
768,748,22,0,22
768,604,1,1,2
769,115,21,0,21
770,56,1,1,2
771,56,1,1,2
772,59,2,1,3
773,14,1,1,2
774,22,3,2,5
775,225,55,39,94
776,14,1,1,2
777,752,191,0,191
778,753,126,0,126
778,741,2,2,4
779,192,1,0,1
779,381,1,1,2
779,382,7,1,8
780,22,1,1,2
781,87,1,0,1
782,31,3,0,3
783,356,18,0,18
784,87,1,1,2
785,720,36,0,36
785,721,4,0,4
785,722,33,8,41
785,734,1,1,2
785,737,1,1,2
786,754,277,0,277
786,755,171,0,171
786,753,1,1,2
787,753,4,4,8
787,754,1,0,1
788,755,1,1,2
789,748,22,0,22
790,570,1,1,2
791,669,26,0,26
791,755,4,4,8
792,753,6,1,7
793,669,4,1,5
794,669,12,0,12
795,582,1,1,2
796,606,37,1,38
797,603,2,2,4
797,608,30,4,34
798,301,12,4,16
799,227,1,1,2
800,188,1,1,2
