commit_id,file_id,la,ld,la+ld
2189,1802,14,3,17
2189,1805,27,1,28
501,422,1,0,1
501,425,18,3,21
2190,1802,1,0,1
2190,1805,18,3,21
502,421,10,13,23
502,422,10,7,17
502,425,3,1,4
502,474,9,0,9
502,563,0,10,10
2191,1801,10,13,23
2191,1802,10,7,17
2191,1805,3,1,4
2191,1852,9,0,9
2191,1933,0,10,10
503,388,36,1,37
503,419,35,1,36
503,422,86,42,128
503,423,13,17,30
503,424,2,1,3
503,440,95,10,105
503,451,6,35,41
503,477,6,0,6
503,507,18,9,27
503,513,16,8,24
2192,1769,36,1,37
2192,1799,35,1,36
2192,1802,86,42,128
2192,1803,13,17,30
2192,1804,2,1,3
2192,1819,95,10,105
2192,1830,6,35,41
2192,1855,6,0,6
2192,1883,18,9,27
2192,1889,16,8,24
504,393,55,26,81
504,419,12,3,15
504,439,2,1,3
504,443,1,5,6
504,767,2,3,5
504,474,0,1,1
504,527,6,4,10
2193,1774,55,26,81
2193,1799,12,3,15
2193,1818,2,1,3
2193,1822,1,5,6
2193,2257,2,3,5
2193,1852,0,1,1
2193,1902,6,4,10
505,443,2,0,2
2194,1822,2,0,2
506,767,10,1,11
2195,2257,10,1,11
507,393,1,3,4
507,403,32,0,32
507,419,1,41,42
507,422,43,12,55
507,424,1,2,3
507,443,1,0,1
2196,1774,1,3,4
2196,1784,32,0,32
2196,1799,1,41,42
2196,1802,43,12,55
2196,1804,1,2,3
2196,1822,1,0,1
508,388,31,32,63
508,393,56,0,56
508,422,1,1,2
508,435,3,16,19
508,452,12,5,17
508,469,2,38,40
508,527,4,4,8
508,563,2,2,4
2197,1769,31,32,63
2197,1774,56,0,56
2197,1802,1,1,2
2197,1814,3,16,19
2197,1831,12,5,17
2197,1848,2,38,40
2197,1902,4,4,8
2197,1933,2,2,4
509,553,84,14,98
509,555,1,1,2
509,558,30,7,37
509,559,121,16,137
2198,1924,84,14,98
2198,1926,1,1,2
2198,1929,30,7,37
2198,1930,121,16,137
511,481,3,2,5
2200,1859,3,2,5
512,522,0,14,14
512,553,2,2,4
512,558,43,22,65
512,559,3,2,5
2201,1897,0,14,14
2201,1924,2,2,4
2201,1929,43,22,65
2201,1930,3,2,5
513,539,11,0,11
513,553,28,18,46
513,558,22,14,36
513,559,24,7,31
2202,1911,11,0,11
2202,1924,28,18,46
2202,1929,22,14,36
2202,1930,24,7,31
514,393,13,0,13
514,405,60,21,81
514,474,2,1,3
514,437,1,0,1
514,479,1,0,1
514,481,21,4,25
2203,1774,13,0,13
2203,1786,60,21,81
2203,1852,2,1,3
2203,1816,1,0,1
2203,1857,1,0,1
2203,1859,21,4,25
516,452,2,1,3
2205,1831,2,1,3
518,405,0,2,2
518,507,1,1,2
2207,1786,0,2,2
2207,1883,1,1,2
519,438,21,2,23
519,507,1,1,2
2208,1817,21,2,23
2208,1883,1,1,2
521,438,1,1,2
521,481,1,1,2
2210,1817,1,1,2
2210,1859,1,1,2
523,481,1,1,2
2212,1859,1,1,2
524,403,16,15,31
524,461,1,1,2
2213,1784,16,15,31
2213,1840,1,1,2
525,425,5,5,10
525,869,12,0,12
525,562,11,0,11
525,563,7,0,7
525,568,16,4,20
2214,1805,5,5,10
2214,2355,12,0,12
2214,1932,11,0,11
2214,1933,7,0,7
2214,1938,16,4,20
526,389,2,0,2
526,399,30,0,30
526,401,34,10,44
526,404,0,1,1
526,443,1,1,2
526,457,12,0,12
526,481,1,1,2
526,521,8,0,8
526,525,20,10,30
526,563,2,3,5
2215,1770,2,0,2
2215,1780,30,0,30
2215,1782,34,10,44
2215,1785,0,1,1
2215,1822,1,1,2
2215,1836,12,0,12
2215,1859,1,1,2
2215,1896,8,0,8
2215,1900,20,10,30
2215,1933,2,3,5
528,405,4,1,5
528,407,21,0,21
528,408,10,4,14
528,424,1,1,2
528,457,1,1,2
528,476,5,4,9
528,481,1,1,2
528,509,20,0,20
528,559,2,1,3
2217,1786,4,1,5
2217,1788,21,0,21
2217,1789,10,4,14
2217,1804,1,1,2
2217,1836,1,1,2
2217,1854,5,4,9
2217,1859,1,1,2
2217,1885,20,0,20
2217,1930,2,1,3
529,391,1,0,1
529,1062,219,0,219
2218,1772,1,0,1
2218,2546,219,0,219
530,808,1,1,2
530,413,3,1,4
530,414,4,0,4
530,443,15,0,15
530,463,25,77,102
530,767,56,31,87
530,1063,103,0,103
530,514,175,44,219
2219,2296,1,1,2
2219,1794,3,1,4
2219,1795,4,0,4
2219,1822,15,0,15
2219,1842,25,77,102
2219,2257,56,31,87
2219,2547,103,0,103
2219,1890,175,44,219
531,414,61,0,61
2220,1795,61,0,61
532,393,3,0,3
532,403,22,0,22
532,414,11,10,21
532,443,7,1,8
532,514,1,1,2
2221,1774,3,0,3
2221,1784,22,0,22
2221,1795,11,10,21
2221,1822,7,1,8
2221,1890,1,1,2
533,968,2,1,3
533,393,11,8,19
533,401,6,0,6
533,424,0,2,2
533,445,0,4,4
533,452,0,4,4
533,1027,3,0,3
533,1062,47,3,50
533,503,9,5,14
533,505,0,10,10
533,507,5,4,9
533,513,0,7,7
533,514,1,0,1
533,547,0,2,2
533,558,47,3,50
533,563,26,17,43
2222,2453,2,1,3
2222,1774,11,8,19
2222,1782,6,0,6
2222,1804,0,2,2
2222,1824,0,4,4
2222,1831,0,4,4
2222,2512,3,0,3
2222,2546,47,3,50
2222,1879,9,5,14
2222,1881,0,10,10
2222,1883,5,4,9
2222,1889,0,7,7
2222,1890,1,0,1
2222,1919,0,2,2
2222,1929,47,3,50
2222,1933,26,17,43
534,568,5,0,5
2223,1938,5,0,5
535,542,3,3,6
535,544,1,1,2
2224,1914,3,3,6
2224,1916,1,1,2
536,558,1,1,2
2225,1929,1,1,2
538,463,2,5,7
2227,1842,2,5,7
539,393,8,17,25
539,443,10,1,11
539,767,4,0,4
539,512,0,8,8
2228,1774,8,17,25
2228,1822,10,1,11
2228,2257,4,0,4
2228,1888,0,8,8
540,452,13,9,22
540,1062,3,3,6
540,1066,113,0,113
540,1067,22,333,355
540,1068,8,340,348
2229,1831,13,9,22
2229,2546,3,3,6
2229,2550,113,0,113
2229,2551,22,333,355
2229,2552,8,340,348
541,1066,5,3,8
541,1067,16,0,16
541,1068,9,12,21
541,481,1,0,1
2230,2550,5,3,8
2230,2551,16,0,16
2230,2552,9,12,21
2230,1859,1,0,1
542,968,8,6,14
2231,2453,8,6,14
544,1062,13,23,36
544,1066,20,1,21
2233,2546,13,23,36
2233,2550,20,1,21
545,1062,7,2,9
545,1066,64,2,66
545,509,0,11,11
545,563,7,0,7
2234,2546,7,2,9
2234,2550,64,2,66
2234,1885,0,11,11
2234,1933,7,0,7
546,563,5,0,5
2235,1933,5,0,5
547,403,15,1,16
2236,1784,15,1,16
548,1068,2,1,3
2237,2552,2,1,3
549,403,3,3,6
549,435,0,11,11
549,447,15,2,17
549,481,1,1,2
549,752,4,0,4
549,837,1,1,2
549,521,1,1,2
549,523,1,1,2
549,558,4,3,7
2238,1784,3,3,6
2238,1814,0,11,11
2238,1826,15,2,17
2238,1859,1,1,2
2238,2242,4,0,4
2238,2325,1,1,2
2238,1896,1,1,2
2238,1898,1,1,2
2238,1929,4,3,7
551,413,0,0,0
551,1027,6,0,6
2240,1794,0,0,0
2240,2512,6,0,6
553,435,0,11,11
553,505,0,10,10
553,509,0,11,11
553,563,20,13,33
2242,1814,0,11,11
2242,1881,0,10,10
2242,1885,0,11,11
2242,1933,20,13,33
555,1028,3,1,4
555,1071,71,0,71
555,968,6,9,15
555,969,16,4,20
555,808,12,3,15
555,1073,123,0,123
555,1074,172,0,172
555,1075,106,0,106
555,1076,108,0,108
555,1077,111,0,111
555,500,9,9,18
2244,2513,3,1,4
2244,2554,71,0,71
2244,2453,6,9,15
2244,2454,16,4,20
2244,2296,12,3,15
2244,2555,123,0,123
2244,2556,172,0,172
2244,2557,106,0,106
2244,2558,108,0,108
2244,2559,111,0,111
2244,1876,9,9,18
556,844,5,5,10
556,799,83,82,165
2245,2331,5,5,10
2245,2288,83,82,165
557,454,1,1,2
557,1068,1,1,2
2246,1833,1,1,2
2246,2552,1,1,2
558,542,15,30,45
558,544,139,35,174
558,546,2,2,4
2247,1914,15,30,45
2247,1916,139,35,174
2247,1918,2,2,4
559,544,3,0,3
2248,1916,3,0,3
560,544,1,1,2
560,547,18,0,18
2249,1916,1,1,2
2249,1919,18,0,18
561,398,13,0,13
561,405,8,8,16
561,481,2,2,4
561,544,2,2,4
2250,1779,13,0,13
2250,1786,8,8,16
2250,1859,2,2,4
2250,1916,2,2,4
562,398,0,13,13
2251,1779,0,13,13
563,969,7,8,15
563,808,14,8,22
563,1073,0,2,2
563,1080,73,0,73
563,1081,63,0,63
2252,2454,7,8,15
2252,2296,14,8,22
2252,2555,0,2,2
2252,2561,73,0,73
2252,2562,63,0,63
564,841,19,2,21
564,414,6,3,9
564,438,17,5,22
564,1062,8,3,11
564,1066,32,14,46
564,544,54,7,61
564,563,9,1,10
2253,2329,19,2,21
2253,1795,6,3,9
2253,1817,17,5,22
2253,2546,8,3,11
2253,2550,32,14,46
2253,1916,54,7,61
2253,1933,9,1,10
565,414,2,0,2
565,1067,20,20,40
2254,1795,2,0,2
2254,2551,20,20,40
568,559,1,1,2
2257,1930,1,1,2
569,400,1,1,2
569,412,4,1,5
569,414,10,11,21
569,469,119,57,176
569,1063,3,0,3
569,1082,200,0,200
569,548,2,6,8
2258,1781,1,1,2
2258,1793,4,1,5
2258,1795,10,11,21
2258,1848,119,57,176
2258,2547,3,0,3
2258,2563,200,0,200
2258,1920,2,6,8
571,387,2,0,2
571,469,63,74,137
571,1062,73,15,88
571,1066,12,35,47
2260,1768,2,0,2
2260,1848,63,74,137
2260,2546,73,15,88
2260,2550,12,35,47
572,391,4,1,5
572,469,2,0,2
2261,1772,4,1,5
2261,1848,2,0,2
573,414,1,0,1
573,421,5,5,10
573,469,18,2,20
573,1062,78,27,105
573,1066,127,18,145
2262,1795,1,0,1
2262,1801,5,5,10
2262,1848,18,2,20
2262,2546,78,27,105
2262,2550,127,18,145
574,391,4,0,4
574,1062,2,0,2
574,1066,4,4,8
574,477,4,6,10
2263,1772,4,0,4
2263,2546,2,0,2
2263,2550,4,4,8
2263,1855,4,6,10
576,563,1,1,2
2265,1933,1,1,2
578,481,1,1,2
578,563,6,2,8
2267,1859,1,1,2
2267,1933,6,2,8
579,799,82,83,165
2268,2288,82,83,165
580,537,9,19,28
580,542,2,1,3
580,545,4,2,6
580,546,14,26,40
580,550,5,3,8
2269,1909,9,19,28
2269,1914,2,1,3
2269,1917,4,2,6
2269,1918,14,26,40
2269,1922,5,3,8
581,451,1,0,1
581,537,48,19,67
581,546,11,10,21
581,547,1,1,2
581,548,3,2,5
2270,1830,1,0,1
2270,1909,48,19,67
2270,1918,11,10,21
2270,1919,1,1,2
2270,1920,3,2,5
582,403,15,0,15
582,405,23,6,29
582,422,2,2,4
582,989,92,5,97
582,444,38,29,67
582,450,88,63,151
582,451,84,92,176
582,457,103,16,119
582,460,11,6,17
582,500,2,2,4
582,503,2,2,4
582,511,3,2,5
582,512,2,2,4
582,514,2,2,4
582,524,1,0,1
582,525,52,3,55
582,526,4,1,5
582,563,6,6,12
2271,1784,15,0,15
2271,1786,23,6,29
2271,1802,2,2,4
2271,2474,92,5,97
2271,1823,38,29,67
2271,1829,88,63,151
2271,1830,84,92,176
2271,1836,103,16,119
2271,1839,11,6,17
2271,1876,2,2,4
2271,1879,2,2,4
2271,1887,3,2,5
2271,1888,2,2,4
2271,1890,2,2,4
2271,1899,1,0,1
2271,1900,52,3,55
2271,1901,4,1,5
2271,1933,6,6,12
584,525,0,15,15
2273,1900,0,15,15
585,463,111,31,142
585,1063,10,7,17
2274,1842,111,31,142
2274,2547,10,7,17
587,403,45,0,45
587,463,87,79,166
587,1063,31,8,39
2276,1784,45,0,45
2276,1842,87,79,166
2276,2547,31,8,39
588,413,6,4,10
588,422,2,1,3
588,544,9,2,11
2277,1794,6,4,10
2277,1802,2,1,3
2277,1916,9,2,11
589,388,26,0,26
589,393,6,4,10
589,400,15,2,17
589,403,4,133,137
589,404,66,23,89
589,841,13,6,19
589,407,1,1,2
589,408,1,1,2
589,846,2,1,3
589,422,5,5,10
589,424,1,1,2
589,474,8,8,16
589,791,30,13,43
589,438,4,0,4
589,443,4,0,4
589,469,28,26,54
589,1067,4,4,8
589,1068,40,35,75
589,476,69,15,84
589,479,18,0,18
589,481,2,3,5
589,488,1,1,2
589,772,10,8,18
589,505,317,79,396
589,1063,0,1,1
589,523,20,2,22
589,543,4,2,6
589,544,5,10,15
589,845,5,12,17
589,562,176,165,341
589,563,229,103,332
589,566,3,0,3
2278,1769,26,0,26
2278,1774,6,4,10
2278,1781,15,2,17
2278,1784,4,133,137
2278,1785,66,23,89
2278,2329,13,6,19
2278,1788,1,1,2
2278,1789,1,1,2
2278,2333,2,1,3
2278,1802,5,5,10
2278,1804,1,1,2
2278,1852,8,8,16
2278,2280,30,13,43
2278,1817,4,0,4
2278,1822,4,0,4
2278,1848,28,26,54
2278,2551,4,4,8
2278,2552,40,35,75
2278,1854,69,15,84
2278,1857,18,0,18
2278,1859,2,3,5
2278,1865,1,1,2
2278,2262,10,8,18
2278,1881,317,79,396
2278,2547,0,1,1
2278,1898,20,2,22
2278,1915,4,2,6
2278,1916,5,10,15
2278,2332,5,12,17
2278,1932,176,165,341
2278,1933,229,103,332
2278,1936,3,0,3
591,463,1,0,1
591,507,3,3,6
591,558,0,1,1
2280,1842,1,0,1
2280,1883,3,3,6
2280,1929,0,1,1
592,6,1,1,2
592,8,0,1,1
592,18,1,1,2
592,35,1,1,2
592,1098,63,0,63
592,47,12,7,19
592,52,18,4,22
592,54,2,1,3
592,62,8,2,10
592,1099,143,0,143
592,72,1,0,1
592,85,7,3,10
2281,2009,1,1,2
2281,2011,0,1,1
2281,2021,1,1,2
2281,2038,1,1,2
2281,2579,63,0,63
2281,2050,12,7,19
2281,2055,18,4,22
2281,2057,2,1,3
2281,2065,8,2,10
2281,2580,143,0,143
2281,2075,1,0,1
2281,2087,7,3,10
594,841,0,2,2
594,476,3,2,5
594,563,0,1,1
2283,2329,0,2,2
2283,1854,3,2,5
2283,1933,0,1,1
595,469,6,6,12
595,1062,1,1,2
595,1068,11,3,14
595,481,1,1,2
2284,1848,6,6,12
2284,2546,1,1,2
2284,2552,11,3,14
2284,1859,1,1,2
596,407,47,0,47
596,424,5,0,5
596,477,2,33,35
596,546,1,0,1
596,563,1,0,1
2285,1788,47,0,47
2285,1804,5,0,5
2285,1855,2,33,35
2285,1918,1,0,1
2285,1933,1,0,1
597,425,4,0,4
597,791,3,3,6
597,522,4,3,7
597,526,21,27,48
597,527,23,5,28
597,987,5,5,10
597,845,95,82,177
597,563,41,19,60
2286,1805,4,0,4
2286,2280,3,3,6
2286,1897,4,3,7
2286,1901,21,27,48
2286,1902,23,5,28
2286,2472,5,5,10
2286,2332,95,82,177
2286,1933,41,19,60
599,841,0,1,1
599,438,0,1,1
599,463,15,2,17
2288,2329,0,1,1
2288,1817,0,1,1
2288,1842,15,2,17
600,463,2,2,4
600,563,21,7,28
2289,1842,2,2,4
2289,1933,21,7,28
602,413,53,72,125
602,563,5,4,9
2291,1794,53,72,125
2291,1933,5,4,9
603,393,2,1,3
603,400,26,0,26
603,403,9,2,11
603,422,8,1,9
603,476,2,1,3
2292,1774,2,1,3
2292,1781,26,0,26
2292,1784,9,2,11
2292,1802,8,1,9
2292,1854,2,1,3
604,1106,114,0,114
2293,2587,114,0,114
605,1106,7,6,13
605,989,6,1,7
2294,2587,7,6,13
2294,2474,6,1,7
606,393,4,2,6
606,400,1,1,2
606,414,1,1,2
606,476,73,22,95
606,481,1,1,2
606,563,13,2,15
2295,1774,4,2,6
2295,1781,1,1,2
2295,1795,1,1,2
2295,1854,73,22,95
2295,1859,1,1,2
2295,1933,13,2,15
607,419,16,3,19
607,463,1,2,3
2296,1799,16,3,19
2296,1842,1,2,3
608,845,3,2,5
608,563,3,3,6
2297,2332,3,2,5
2297,1933,3,3,6
609,845,44,5,49
609,563,0,1,1
2298,2332,44,5,49
2298,1933,0,1,1
610,563,1,1,2
2299,1933,1,1,2
611,425,4,4,8
611,845,9,3,12
611,563,6,6,12
2300,1805,4,4,8
2300,2332,9,3,12
2300,1933,6,6,12
613,1106,24,3,27
613,463,3,0,3
613,1062,1,1,2
2302,2587,24,3,27
2302,1842,3,0,3
2302,2546,1,1,2
614,414,4,5,9
614,1106,1,0,1
614,468,1,1,2
614,481,71,79,150
2303,1795,4,5,9
2303,2587,1,0,1
2303,1847,1,1,2
2303,1859,71,79,150
615,404,12,12,24
615,825,6,2,8
615,463,1,1,2
2304,1785,12,12,24
2304,2313,6,2,8
2304,1842,1,1,2
616,393,6,4,10
616,424,42,35,77
2305,1774,6,4,10
2305,1804,42,35,77
617,403,4,1,5
617,846,1,1,2
617,424,8,3,11
617,474,3,0,3
2306,1784,4,1,5
2306,2333,1,1,2
2306,1804,8,3,11
2306,1852,3,0,3
618,393,158,133,291
618,461,2,2,4
618,532,1,0,1
618,563,2,2,4
2307,1774,158,133,291
2307,1840,2,2,4
2307,1905,1,0,1
2307,1933,2,2,4
619,841,4,1,5
619,771,2,1,3
619,532,0,1,1
619,563,32,30,62
2308,2329,4,1,5
2308,2261,2,1,3
2308,1905,0,1,1
2308,1933,32,30,62
621,474,1,1,2
621,477,3,2,5
621,479,6,3,9
621,481,1,1,2
2310,1852,1,1,2
2310,1855,3,2,5
2310,1857,6,3,9
2310,1859,1,1,2
622,393,55,30,85
622,563,15,16,31
2311,1774,55,30,85
2311,1933,15,16,31
623,210,3,6,9
623,803,0,1,1
623,214,1,3,4
623,217,3,7,10
623,387,0,2,2
623,758,0,1,1
623,391,0,2,2
623,392,0,2,2
623,393,1,2,3
623,394,0,1,1
623,397,0,3,3
623,398,0,1,1
623,400,0,3,3
623,403,0,4,4
623,404,0,1,1
623,405,0,6,6
623,406,0,1,1
623,407,0,1,1
623,409,0,1,1
623,412,0,2,2
623,771,0,1,1
623,413,0,2,2
623,414,0,3,3
623,421,0,2,2
623,419,0,2,2
623,423,1,1,2
623,424,0,1,1
623,425,0,2,2
623,431,0,1,1
623,432,0,2,2
623,1106,0,1,1
623,435,0,2,2
623,436,0,3,3
623,438,0,1,1
623,439,0,1,1
623,442,0,7,7
623,443,0,6,6
623,445,0,1,1
623,446,0,1,1
623,448,0,1,1
623,449,0,1,1
623,824,0,2,2
623,766,0,2,2
623,453,0,1,1
623,455,0,1,1
623,456,2,6,8
623,757,0,1,1
623,458,0,1,1
623,459,0,1,1
623,460,0,1,1
623,461,0,1,1
623,463,0,1,1
623,767,0,1,1
623,464,0,1,1
623,1027,0,1,1
623,468,0,1,1
623,469,0,1,1
623,470,0,1,1
623,961,0,1,1
623,472,0,1,1
623,1067,1,2,3
623,1068,0,7,7
623,477,0,1,1
623,478,0,1,1
623,481,0,9,9
623,490,0,1,1
623,498,0,1,1
623,752,0,3,3
623,501,0,6,6
623,505,0,1,1
623,836,0,2,2
623,506,0,1,1
623,508,0,1,1
623,510,0,1,1
623,1082,0,2,2
623,512,0,2,2
623,514,0,1,1
623,521,0,1,1
623,522,0,2,2
623,523,0,1,1
623,525,0,1,1
623,526,0,1,1
623,527,0,3,3
623,970,0,2,2
623,971,0,1,1
623,537,0,2,2
623,541,0,2,2
623,542,0,3,3
623,543,0,1,1
623,544,0,3,3
623,545,0,1,1
623,546,0,3,3
623,547,5,6,11
623,548,0,2,2
623,550,0,1,1
623,980,0,3,3
623,986,0,3,3
623,555,0,1,1
623,987,0,3,3
623,558,2,2,4
623,559,0,2,2
623,845,0,2,2
623,562,0,7,7
623,563,0,17,17
623,566,0,1,1
623,568,0,4,4
2312,1607,3,6,9
2312,2292,0,1,1
2312,1611,1,3,4
2312,1614,3,7,10
2312,1768,0,2,2
2312,2248,0,1,1
2312,1772,0,2,2
2312,1773,0,2,2
2312,1774,1,2,3
2312,1775,0,1,1
2312,1778,0,3,3
2312,1779,0,1,1
2312,1781,0,3,3
2312,1784,0,4,4
2312,1785,0,1,1
2312,1786,0,6,6
2312,1787,0,1,1
2312,1788,0,1,1
2312,1790,0,1,1
2312,1793,0,2,2
2312,2261,0,1,1
2312,1794,0,2,2
2312,1795,0,3,3
2312,1801,0,2,2
2312,1799,0,2,2
2312,1803,1,1,2
2312,1804,0,1,1
2312,1805,0,2,2
2312,1810,0,1,1
2312,1811,0,2,2
2312,2587,0,1,1
2312,1814,0,2,2
2312,1815,0,3,3
2312,1817,0,1,1
2312,1818,0,1,1
2312,1821,0,7,7
2312,1822,0,6,6
2312,1824,0,1,1
2312,1825,0,1,1
2312,1827,0,1,1
2312,1828,0,1,1
2312,2312,0,2,2
2312,2256,0,2,2
2312,1832,0,1,1
2312,1834,0,1,1
2312,1835,2,6,8
2312,2247,0,1,1
2312,1837,0,1,1
2312,1838,0,1,1
2312,1839,0,1,1
2312,1840,0,1,1
2312,1842,0,1,1
2312,2257,0,1,1
2312,1843,0,1,1
2312,2512,0,1,1
2312,1847,0,1,1
2312,1848,0,1,1
2312,1849,0,1,1
2312,2446,0,1,1
2312,1851,0,1,1
2312,2551,1,2,3
2312,2552,0,7,7
2312,1855,0,1,1
2312,1856,0,1,1
2312,1859,0,9,9
2312,1867,0,1,1
2312,1875,0,1,1
2312,2242,0,3,3
2312,1877,0,6,6
2312,1881,0,1,1
2312,2324,0,2,2
2312,1882,0,1,1
2312,1884,0,1,1
2312,1886,0,1,1
2312,2563,0,2,2
2312,1888,0,2,2
2312,1890,0,1,1
2312,1896,0,1,1
2312,1897,0,2,2
2312,1898,0,1,1
2312,1900,0,1,1
2312,1901,0,1,1
2312,1902,0,3,3
2312,2455,0,2,2
2312,2456,0,1,1
2312,1909,0,2,2
2312,1913,0,2,2
2312,1914,0,3,3
2312,1915,0,1,1
2312,1916,0,3,3
2312,1917,0,1,1
2312,1918,0,3,3
2312,1919,5,6,11
2312,1920,0,2,2
2312,1922,0,1,1
2312,2465,0,3,3
2312,2471,0,3,3
2312,1926,0,1,1
2312,2472,0,3,3
2312,1929,2,2,4
2312,1930,0,2,2
2312,2332,0,2,2
2312,1932,0,7,7
2312,1933,0,17,17
2312,1936,0,1,1
2312,1938,0,4,4
624,403,39,3,42
624,422,2,8,10
624,544,10,0,10
624,563,2,2,4
2313,1784,39,3,42
2313,1802,2,8,10
2313,1916,10,0,10
2313,1933,2,2,4
625,403,2,4,6
625,563,2,2,4
2314,1784,2,4,6
2314,1933,2,2,4
627,403,2,2,4
627,422,1,1,2
2316,1784,2,2,4
2316,1802,1,1,2
628,563,32,29,61
2317,1933,32,29,61
629,463,16,6,22
629,505,1,1,2
2318,1842,16,6,22
2318,1881,1,1,2
630,845,7,2,9
630,562,4,5,9
630,563,4,5,9
2319,2332,7,2,9
2319,1932,4,5,9
2319,1933,4,5,9
631,390,10,0,10
631,440,39,9,48
631,845,18,0,18
631,563,1,0,1
2320,1771,10,0,10
2320,1819,39,9,48
2320,2332,18,0,18
2320,1933,1,0,1
632,390,3,2,5
632,481,3,2,5
2321,1771,3,2,5
2321,1859,3,2,5
633,841,1,1,2
2322,2329,1,1,2
634,390,1,1,2
634,414,9,23,32
634,443,4,4,8
634,563,1,1,2
2323,1771,1,1,2
2323,1795,9,23,32
2323,1822,4,4,8
2323,1933,1,1,2
635,210,17,10,27
635,212,34,7,41
635,213,13,45,58
635,214,6,4,10
635,215,118,20,138
635,217,65,65,130
635,1112,343,0,343
2324,1607,17,10,27
2324,1609,34,7,41
2324,1610,13,45,58
2324,1611,6,4,10
2324,1612,118,20,138
2324,1614,65,65,130
2324,2593,343,0,343
636,463,23,16,39
636,767,0,6,6
636,544,15,10,25
636,558,5,4,9
2325,1842,23,16,39
2325,2257,0,6,6
2325,1916,15,10,25
2325,1929,5,4,9
639,505,1,1,2
2328,1881,1,1,2
640,393,1,1,2
2329,1774,1,1,2
641,414,23,8,31
2330,1795,23,8,31
642,414,5,5,10
642,474,1,1,2
642,802,9,1,10
642,767,12,0,12
642,563,2,2,4
2331,1795,5,5,10
2331,1852,1,1,2
2331,2291,9,1,10
2331,2257,12,0,12
2331,1933,2,2,4
643,802,3,3,6
2332,2291,3,3,6
644,451,2,1,3
2333,1830,2,1,3
645,414,3,1,4
2334,1795,3,1,4
646,210,6,0,6
646,212,3,4,7
646,214,36,3,39
646,215,25,0,25
646,217,5,0,5
646,413,1,1,2
646,481,1,1,2
2335,1607,6,0,6
2335,1609,3,4,7
2335,1611,36,3,39
2335,1612,25,0,25
2335,1614,5,0,5
2335,1794,1,1,2
2335,1859,1,1,2
647,553,3,2,5
647,559,1,0,1
2336,1924,3,2,5
2336,1930,1,0,1
649,758,1,1,2
649,390,2,2,4
649,391,5,0,5
649,392,5,0,5
649,394,5,0,5
649,395,4,2,6
649,398,2,0,2
649,399,4,3,7
649,402,2,0,2
649,403,1,1,2
649,841,1,1,2
649,405,3,0,3
649,407,5,1,6
649,846,1,1,2
649,410,6,0,6
649,414,2,1,3
649,782,3,3,6
649,802,11,0,11
649,453,6,4,10
649,457,4,0,4
649,458,2,3,5
649,1027,0,12,12
649,468,4,1,5
649,469,8,6,14
649,1062,1,1,2
649,1066,1,1,2
649,1067,1,1,2
649,1068,1,1,2
649,479,3,2,5
649,481,3,1,4
649,525,5,0,5
649,526,1,1,2
649,537,3,0,3
649,539,3,0,3
649,542,1,1,2
649,543,3,0,3
649,545,1,1,2
649,547,3,0,3
649,549,1,1,2
649,977,1,2,3
649,986,3,0,3
649,987,3,0,3
649,558,3,0,3
649,559,3,0,3
649,563,1,1,2
649,861,4,4,8
649,799,5,0,5
2338,2248,1,1,2
2338,1771,2,2,4
2338,1772,5,0,5
2338,1773,5,0,5
2338,1775,5,0,5
2338,1776,4,2,6
2338,1779,2,0,2
2338,1780,4,3,7
2338,1783,2,0,2
2338,1784,1,1,2
2338,2329,1,1,2
2338,1786,3,0,3
2338,1788,5,1,6
2338,2333,1,1,2
2338,1791,6,0,6
2338,1795,2,1,3
2338,2271,3,3,6
2338,2291,11,0,11
2338,1832,6,4,10
2338,1836,4,0,4
2338,1837,2,3,5
2338,2512,0,12,12
2338,1847,4,1,5
2338,1848,8,6,14
2338,2546,1,1,2
2338,2550,1,1,2
2338,2551,1,1,2
2338,2552,1,1,2
2338,1857,3,2,5
2338,1859,3,1,4
2338,1900,5,0,5
2338,1901,1,1,2
2338,1909,3,0,3
2338,1911,3,0,3
2338,1914,1,1,2
2338,1915,3,0,3
2338,1917,1,1,2
2338,1919,3,0,3
2338,1921,1,1,2
2338,2462,1,2,3
2338,2471,3,0,3
2338,2472,3,0,3
2338,1929,3,0,3
2338,1930,3,0,3
2338,1933,1,1,2
2338,2348,4,4,8
2338,2288,5,0,5
650,391,1,0,1
650,393,4,1,5
650,802,1,1,2
650,563,3,0,3
2339,1772,1,0,1
2339,1774,4,1,5
2339,2291,1,1,2
2339,1933,3,0,3
652,215,1,1,2
2341,1612,1,1,2
653,393,1,0,1
653,414,10,20,30
2342,1774,1,0,1
2342,1795,10,20,30
654,1115,94,0,94
654,403,2,2,4
654,846,1,1,2
654,1067,1,0,1
654,481,3,0,3
654,563,15,0,15
2343,2595,94,0,94
2343,1784,2,2,4
2343,2333,1,1,2
2343,2551,1,0,1
2343,1859,3,0,3
2343,1933,15,0,15
655,403,10,8,18
655,846,33,0,33
2344,1784,10,8,18
2344,2333,33,0,33
656,767,2,0,2
2345,2257,2,0,2
657,463,6,1,7
2346,1842,6,1,7
658,771,10,0,10
658,521,1,0,1
658,524,4,0,4
658,538,6,0,6
658,546,36,10,46
658,548,6,0,6
2347,2261,10,0,10
2347,1896,1,0,1
2347,1899,4,0,4
2347,1910,6,0,6
2347,1918,36,10,46
2347,1920,6,0,6
659,393,8,1,9
659,400,11,2,13
659,404,14,0,14
659,414,7,2,9
659,563,8,0,8
2348,1774,8,1,9
2348,1781,11,2,13
2348,1785,14,0,14
2348,1795,7,2,9
2348,1933,8,0,8
660,395,18,3,21
660,396,9,1,10
660,397,15,3,18
660,399,36,6,42
660,401,130,25,155
660,414,32,1,33
660,443,19,1,20
2349,1776,18,3,21
2349,1777,9,1,10
2349,1778,15,3,18
2349,1780,36,6,42
2349,1782,130,25,155
2349,1795,32,1,33
2349,1822,19,1,20
661,393,16,17,33
661,395,3,1,4
661,396,2,2,4
661,397,3,1,4
661,398,2,4,6
661,399,8,9,17
661,400,9,2,11
661,401,11,9,20
661,402,7,7,14
661,403,3,3,6
661,405,4,4,8
661,407,1,1,2
661,408,2,5,7
661,411,3,7,10
661,414,7,10,17
661,786,1,1,2
661,787,3,3,6
661,989,1,1,2
661,443,2,2,4
661,456,2,2,4
661,1027,3,3,6
661,469,5,2,7
661,479,7,7,14
661,545,1,1,2
661,546,6,4,10
661,977,1,1,2
661,986,1,1,2
661,978,1,1,2
661,987,1,1,2
661,979,1,1,2
661,788,4,4,8
661,563,5,6,11
2350,1774,16,17,33
2350,1776,3,1,4
2350,1777,2,2,4
2350,1778,3,1,4
2350,1779,2,4,6
2350,1780,8,9,17
2350,1781,9,2,11
2350,1782,11,9,20
2350,1783,7,7,14
2350,1784,3,3,6
2350,1786,4,4,8
2350,1788,1,1,2
2350,1789,2,5,7
2350,1792,3,7,10
2350,1795,7,10,17
2350,2275,1,1,2
2350,2276,3,3,6
2350,2474,1,1,2
2350,1822,2,2,4
2350,1835,2,2,4
2350,2512,3,3,6
2350,1848,5,2,7
2350,1857,7,7,14
2350,1917,1,1,2
2350,1918,6,4,10
2350,2462,1,1,2
2350,2471,1,1,2
2350,2463,1,1,2
2350,2472,1,1,2
2350,2464,1,1,2
2350,2277,4,4,8
2350,1933,5,6,11
662,393,39,11,50
662,397,1,0,1
662,414,11,3,14
662,481,5,1,6
662,788,5,4,9
662,563,39,16,55
662,566,16,5,21
2351,1774,39,11,50
2351,1778,1,0,1
2351,1795,11,3,14
2351,1859,5,1,6
2351,2277,5,4,9
2351,1933,39,16,55
2351,1936,16,5,21
663,388,29,6,35
663,758,4,0,4
663,391,37,14,51
663,393,8,7,15
663,395,0,0,0
663,398,6,2,8
663,399,3,3,6
663,401,0,0,0
663,403,11,9,20
663,405,17,2,19
663,406,10,2,12
663,407,45,5,50
663,410,15,2,17
663,412,58,43,101
663,414,2,2,4
663,783,6,1,7
663,443,6,3,9
663,469,1,1,2
663,1062,1,1,2
663,479,2,2,4
663,546,6,5,11
663,563,6,6,12
663,629,24,8,32
2352,1769,29,6,35
2352,2248,4,0,4
2352,1772,37,14,51
2352,1774,8,7,15
2352,1776,0,0,0
2352,1779,6,2,8
2352,1780,3,3,6
2352,1782,0,0,0
2352,1784,11,9,20
2352,1786,17,2,19
2352,1787,10,2,12
2352,1788,45,5,50
2352,1791,15,2,17
2352,1793,58,43,101
2352,1795,2,2,4
2352,2272,6,1,7
2352,1822,6,3,9
2352,1848,1,1,2
2352,2546,1,1,2
2352,1857,2,2,4
2352,1918,6,5,11
2352,1933,6,6,12
2352,1997,24,8,32
664,1115,11,4,15
664,388,3,0,3
664,401,1,0,1
664,410,4,0,4
664,411,7,0,7
664,783,6,2,8
2353,2595,11,4,15
2353,1769,3,0,3
2353,1782,1,0,1
2353,1791,4,0,4
2353,1792,7,0,7
2353,2272,6,2,8
667,393,29,16,45
667,403,5,1,6
667,422,15,13,28
667,479,49,6,55
667,481,11,2,13
667,546,28,3,31
2356,1774,29,16,45
2356,1784,5,1,6
2356,1802,15,13,28
2356,1857,49,6,55
2356,1859,11,2,13
2356,1918,28,3,31
669,758,62,2,64
669,391,12,1,13
669,394,3,0,3
669,398,1,1,2
669,401,0,0,0
669,403,6,1,7
669,443,46,4,50
669,479,7,7,14
2358,2248,62,2,64
2358,1772,12,1,13
2358,1775,3,0,3
2358,1779,1,1,2
2358,1782,0,0,0
2358,1784,6,1,7
2358,1822,46,4,50
2358,1857,7,7,14
670,395,1,1,2
2359,1776,1,1,2
671,391,14,4,18
2360,1772,14,4,18
672,212,3,3,6
672,213,16,15,31
672,393,8,0,8
672,791,2,1,3
672,1063,11,11,22
672,563,15,2,17
672,568,3,0,3
2361,1609,3,3,6
2361,1610,16,15,31
2361,1774,8,0,8
2361,2280,2,1,3
2361,2547,11,11,22
2361,1933,15,2,17
2361,1938,3,0,3
673,210,7,13,20
673,211,7,13,20
673,212,7,13,20
673,213,7,14,21
673,803,7,13,20
673,214,7,13,20
673,215,7,13,20
673,216,7,13,20
673,217,7,13,20
2362,1607,7,13,20
2362,1608,7,13,20
2362,1609,7,13,20
2362,1610,7,14,21
2362,2292,7,13,20
2362,1611,7,13,20
2362,1612,7,13,20
2362,1613,7,13,20
2362,1614,7,13,20
674,1121,84,0,84
674,1122,953,0,953
674,1123,2021,0,2021
674,1124,113,0,113
674,1125,42,0,42
674,1126,484,0,484
674,1127,729,0,729
674,1128,422,0,422
674,1129,519,0,519
674,1130,330,0,330
2363,2601,84,0,84
2363,2602,953,0,953
2363,2603,2021,0,2021
2363,2604,113,0,113
2363,2605,42,0,42
2363,2606,484,0,484
2363,2607,729,0,729
2363,2608,422,0,422
2363,2609,519,0,519
2363,2610,330,0,330
675,213,5,1,6
675,214,0,1,1
675,215,2,2,4
675,217,1,1,2
675,568,2,2,4
2364,1610,5,1,6
2364,1611,0,1,1
2364,1612,2,2,4
2364,1614,1,1,2
2364,1938,2,2,4
676,481,1,1,2
2365,1859,1,1,2
677,1112,7,13,20
677,471,7,13,20
2366,2593,7,13,20
2366,1850,7,13,20
678,393,10,0,10
2367,1774,10,0,10
679,391,1,1,2
679,393,5,0,5
679,434,13,10,23
2368,1772,1,1,2
2368,1774,5,0,5
2368,1813,13,10,23
680,392,3,3,6
2369,1773,3,3,6
681,215,3,0,3
2370,1612,3,0,3
682,403,1,0,1
682,414,1,1,2
682,439,3,2,5
682,448,37,4,41
682,460,9,0,9
682,461,2,2,4
682,816,2,2,4
682,466,2,2,4
682,481,12,0,12
682,980,7,2,9
2371,1784,1,0,1
2371,1795,1,1,2
2371,1818,3,2,5
2371,1827,37,4,41
2371,1839,9,0,9
2371,1840,2,2,4
2371,2304,2,2,4
2371,1845,2,2,4
2371,1859,12,0,12
2371,2465,7,2,9
683,481,2,2,4
2372,1859,2,2,4
684,460,1,1,2
2373,1839,1,1,2
685,388,10,2,12
685,393,17,4,21
685,421,1,2,3
685,422,1,2,3
685,424,2,4,6
685,439,1,2,3
685,481,28,17,45
685,548,1,2,3
685,793,1,1,2
2374,1769,10,2,12
2374,1774,17,4,21
2374,1801,1,2,3
2374,1802,1,2,3
2374,1804,2,4,6
2374,1818,1,2,3
2374,1859,28,17,45
2374,1920,1,2,3
2374,2282,1,1,2
686,393,3,0,3
686,481,4,4,8
2375,1774,3,0,3
2375,1859,4,4,8
687,477,8,1,9
2376,1855,8,1,9
690,425,16,2,18
690,795,2,2,4
2379,1805,16,2,18
2379,2284,2,2,4
691,407,26,0,26
691,422,3,1,4
691,425,19,17,36
691,563,4,1,5
2380,1788,26,0,26
2380,1802,3,1,4
2380,1805,19,17,36
2380,1933,4,1,5
695,414,3,7,10
2384,1795,3,7,10
696,968,10,5,15
2385,2453,10,5,15
697,481,2,0,2
697,788,3,1,4
2386,1859,2,0,2
2386,2277,3,1,4
698,1068,5,5,10
698,563,3,2,5
2387,2552,5,5,10
2387,1933,3,2,5
700,393,10,3,13
700,791,2,1,3
700,481,1,3,4
700,555,2,1,3
700,563,2,1,3
2389,1774,10,3,13
2389,2280,2,1,3
2389,1859,1,3,4
2389,1926,2,1,3
2389,1933,2,1,3
701,968,14,8,22
701,808,1,16,17
2390,2453,14,8,22
2390,2296,1,16,17
704,425,5,1,6
2393,1805,5,1,6
708,402,10,3,13
708,425,13,6,19
2397,1783,10,3,13
2397,1805,13,6,19
709,402,1,0,1
2398,1783,1,0,1
711,402,1,1,2
711,443,2,2,4
711,481,1,1,2
711,522,19,2,21
711,546,10,4,14
711,563,8,4,12
2400,1783,1,1,2
2400,1822,2,2,4
2400,1859,1,1,2
2400,1897,19,2,21
2400,1918,10,4,14
2400,1933,8,4,12
713,393,3,4,7
713,792,0,6,6
2402,1774,3,4,7
2402,2281,0,6,6
714,393,6,6,12
714,474,4,4,8
714,791,3,3,6
714,793,16,10,26
2403,1774,6,6,12
2403,1852,4,4,8
2403,2280,3,3,6
2403,2282,16,10,26
715,791,14,0,14
2404,2280,14,0,14
716,393,14,2,16
716,474,9,2,11
716,791,37,42,79
716,563,8,1,9
2405,1774,14,2,16
2405,1852,9,2,11
2405,2280,37,42,79
2405,1933,8,1,9
717,392,25,26,51
717,453,58,8,66
717,481,2,29,31
717,546,78,0,78
2406,1773,25,26,51
2406,1832,58,8,66
2406,1859,2,29,31
2406,1918,78,0,78
718,393,11,27,38
718,629,25,35,60
2407,1774,11,27,38
2407,1997,25,35,60
719,403,1,1,2
719,846,97,0,97
719,481,1,1,2
2408,1784,1,1,2
2408,2333,97,0,97
2408,1859,1,1,2
720,1071,5,4,9
720,808,29,10,39
720,1081,3,10,13
2409,2554,5,4,9
2409,2296,29,10,39
2409,2562,3,10,13
722,403,10,5,15
722,459,37,22,59
722,844,4,4,8
722,986,105,12,117
722,845,20,35,55
722,563,1,33,34
722,629,96,12,108
2411,1784,10,5,15
2411,1838,37,22,59
2411,2331,4,4,8
2411,2471,105,12,117
2411,2332,20,35,55
2411,1933,1,33,34
2411,1997,96,12,108
723,563,20,21,41
723,629,6,0,6
2412,1933,20,21,41
2412,1997,6,0,6
724,563,6,3,9
724,568,1,0,1
2413,1933,6,3,9
2413,1938,1,0,1
725,400,2,0,2
725,412,235,16,251
725,453,3,2,5
725,481,6,5,11
725,563,27,4,31
725,568,27,1,28
2414,1781,2,0,2
2414,1793,235,16,251
2414,1832,3,2,5
2414,1859,6,5,11
2414,1933,27,4,31
2414,1938,27,1,28
726,481,1,1,2
726,513,9,0,9
726,568,1,1,2
2415,1859,1,1,2
2415,1889,9,0,9
2415,1938,1,1,2
727,443,47,1,48
727,766,33,0,33
727,767,10,74,84
727,752,85,0,85
727,1063,0,1,1
727,563,1,0,1
2416,1822,47,1,48
2416,2256,33,0,33
2416,2257,10,74,84
2416,2242,85,0,85
2416,2547,0,1,1
2416,1933,1,0,1
728,1142,354,0,354
728,808,1,16,17
728,1073,1,5,6
2417,2622,354,0,354
2417,2296,1,16,17
2417,2555,1,5,6
729,412,1,2,3
729,421,8,0,8
729,424,23,13,36
729,443,31,7,38
729,766,5,2,7
729,767,14,14,28
2418,1793,1,2,3
2418,1801,8,0,8
2418,1804,23,13,36
2418,1822,31,7,38
2418,2256,5,2,7
2418,2257,14,14,28
730,391,30,33,63
730,414,2,5,7
730,443,18,3,21
730,767,66,68,134
2419,1772,30,33,63
2419,1795,2,5,7
2419,1822,18,3,21
2419,2257,66,68,134
731,443,18,11,29
731,767,0,1,1
731,1063,1,28,29
731,1143,27,44,71
2420,1822,18,11,29
2420,2257,0,1,1
2420,2547,1,28,29
2420,2623,27,44,71
732,393,26,17,43
732,802,4,0,4
732,443,1,0,1
732,468,1,1,2
732,1143,1,1,2
732,631,1,1,2
2421,1774,26,17,43
2421,2291,4,0,4
2421,1822,1,0,1
2421,1847,1,1,2
2421,2623,1,1,2
2421,1999,1,1,2
733,414,12,0,12
733,563,7,16,23
2422,1795,12,0,12
2422,1933,7,16,23
734,802,1,2,3
734,980,27,37,64
734,986,75,34,109
2423,2291,1,2,3
2423,2465,27,37,64
2423,2471,75,34,109
735,1142,59,46,105
735,808,2,1,3
2424,2622,59,46,105
2424,2296,2,1,3
736,980,11,4,15
736,986,12,11,23
736,556,33,6,39
736,845,0,4,4
736,563,0,3,3
736,568,87,30,117
2425,2465,11,4,15
2425,2471,12,11,23
2425,1927,33,6,39
2425,2332,0,4,4
2425,1933,0,3,3
2425,1938,87,30,117
737,400,7,8,15
737,414,33,27,60
737,1144,317,0,317
737,438,4,1,5
737,440,1,14,15
737,456,26,47,73
737,469,2,2,4
737,547,1,21,22
2426,1781,7,8,15
2426,1795,33,27,60
2426,2624,317,0,317
2426,1817,4,1,5
2426,1819,1,14,15
2426,1835,26,47,73
2426,1848,2,2,4
2426,1919,1,21,22
738,393,2,2,4
738,413,8,3,11
738,414,7,1,8
738,791,29,11,40
738,1144,8,0,8
738,438,26,2,28
738,443,14,3,17
738,459,56,8,64
738,767,5,2,7
738,563,6,6,12
738,568,0,1,1
738,629,54,12,66
2427,1774,2,2,4
2427,1794,8,3,11
2427,1795,7,1,8
2427,2280,29,11,40
2427,2624,8,0,8
2427,1817,26,2,28
2427,1822,14,3,17
2427,1838,56,8,64
2427,2257,5,2,7
2427,1933,6,6,12
2427,1938,0,1,1
2427,1997,54,12,66
739,1142,130,16,146
2428,2622,130,16,146
740,1144,2,0,2
740,767,1,1,2
740,844,4,2,6
740,980,59,28,87
740,553,65,93,158
740,558,11,10,21
740,559,61,101,162
740,568,20,3,23
2429,2624,2,0,2
2429,2257,1,1,2
2429,2331,4,2,6
2429,2465,59,28,87
2429,1924,65,93,158
2429,1929,11,10,21
2429,1930,61,101,162
2429,1938,20,3,23
741,393,10,4,14
741,407,16,7,23
741,414,15,11,26
741,505,4,4,8
741,558,39,44,83
741,559,5,3,8
2430,1774,10,4,14
2430,1788,16,7,23
2430,1795,15,11,26
2430,1881,4,4,8
2430,1929,39,44,83
2430,1930,5,3,8
742,390,1,2,3
742,391,18,38,56
742,393,10,11,21
742,394,7,5,12
742,400,14,8,22
742,402,20,28,48
742,403,68,34,102
742,407,32,0,32
742,1145,242,0,242
742,412,2,19,21
742,414,94,55,149
742,782,3,3,6
742,791,1,0,1
742,1144,256,72,328
742,438,0,1,1
742,440,4,1,5
742,443,2,2,4
742,459,12,1,13
742,481,37,159,196
742,512,4,1,5
742,788,2,1,3
742,563,12,2,14
742,566,19,14,33
742,568,27,7,34
2431,1771,1,2,3
2431,1772,18,38,56
2431,1774,10,11,21
2431,1775,7,5,12
2431,1781,14,8,22
2431,1783,20,28,48
2431,1784,68,34,102
2431,1788,32,0,32
2431,2625,242,0,242
2431,1793,2,19,21
2431,1795,94,55,149
2431,2271,3,3,6
2431,2280,1,0,1
2431,2624,256,72,328
2431,1817,0,1,1
2431,1819,4,1,5
2431,1822,2,2,4
2431,1838,12,1,13
2431,1859,37,159,196
2431,1888,4,1,5
2431,2277,2,1,3
2431,1933,12,2,14
2431,1936,19,14,33
2431,1938,27,7,34
743,393,2,1,3
743,403,9,38,47
743,414,2,7,9
743,791,14,0,14
743,1144,5,2,7
743,512,20,21,41
743,980,1,2,3
743,986,9,5,14
743,557,61,45,106
743,558,2,4,6
743,562,4,12,16
743,563,6,8,14
2432,1774,2,1,3
2432,1784,9,38,47
2432,1795,2,7,9
2432,2280,14,0,14
2432,2624,5,2,7
2432,1888,20,21,41
2432,2465,1,2,3
2432,2471,9,5,14
2432,1928,61,45,106
2432,1929,2,4,6
2432,1932,4,12,16
2432,1933,6,8,14
744,393,39,1,40
744,1145,9,3,12
744,414,2,0,2
744,791,21,24,45
744,986,7,5,12
744,845,244,105,349
744,562,0,3,3
744,563,64,170,234
744,568,3,1,4
2433,1774,39,1,40
2433,2625,9,3,12
2433,1795,2,0,2
2433,2280,21,24,45
2433,2471,7,5,12
2433,2332,244,105,349
2433,1932,0,3,3
2433,1933,64,170,234
2433,1938,3,1,4
745,845,106,58,164
745,563,56,161,217
2434,2332,106,58,164
2434,1933,56,161,217
746,414,24,0,24
746,1144,0,1,1
746,544,3,3,6
746,562,7,1,8
2435,1795,24,0,24
2435,2624,0,1,1
2435,1916,3,3,6
2435,1932,7,1,8
747,1147,646,0,646
747,1148,483,0,483
747,522,6,3,9
747,525,88,407,495
747,526,2,3,5
2436,2627,646,0,646
2436,2628,483,0,483
2436,1897,6,3,9
2436,1900,88,407,495
2436,1901,2,3,5
748,1063,1,0,1
748,1149,196,0,196
2437,2547,1,0,1
2437,2629,196,0,196
749,1150,96,0,96
749,1151,174,0,174
2438,2630,96,0,96
2438,2631,174,0,174
750,393,37,2,39
750,407,31,32,63
750,413,0,23,23
750,424,3,20,23
750,786,15,0,15
750,787,15,0,15
750,474,7,8,15
750,791,156,9,165
750,443,1,1,2
750,463,6,13,19
750,477,2,11,13
750,479,39,0,39
750,481,66,43,109
750,1147,16,48,64
750,1148,5,9,14
750,522,1,1,2
750,523,1,1,2
750,525,44,21,65
750,845,28,21,49
750,562,8,1,9
750,563,17,6,23
750,568,3,2,5
