commit_id,file_id,la,ld,la+ld
765,780,48,12,60
766,780,1,1,2
767,737,0,15,15
768,777,1,1,2
775,905,19,8,27
776,823,3,6,9
777,736,11,10,21
779,823,19,19,38
1417,2057,2,2,4
1418,2057,2,2,4
781,777,13,8,21
782,777,15,10,25
783,984,135,0,135
783,985,378,0,378
783,806,6,2,8
783,775,202,231,433
783,739,2,2,4
783,812,3,22,25
783,986,68,0,68
783,982,1,1,2
783,817,5,0,5
784,733,1,1,2
786,867,1,1,2
789,860,27,5,32
792,985,8,1,9
792,806,41,3,44
792,775,34,3,37
792,817,35,2,37
795,868,2,2,4
795,897,11,11,22
1422,2147,14,9,23
1422,2148,18,13,31
1422,2149,9,6,15
1422,2151,11,9,20
1422,2152,20,16,36
1423,2212,1,1,2
1423,2215,1,1,2
1423,2217,1,1,2
796,733,34,22,56
797,820,3,1,4
799,821,1,1,2
799,729,5,5,10
799,733,5,5,10
801,980,4,0,4
803,820,4,0,4
806,868,0,1,1
806,993,0,1,1
806,826,0,2,2
806,727,1,1,2
806,911,0,1,1
806,824,0,1,1
806,830,0,1,1
806,833,0,2,2
806,923,0,1,1
806,986,0,4,4
806,780,0,1,1
806,787,0,2,2
808,826,1,1,2
809,828,4,4,8
810,985,30,20,50
810,775,16,6,22
811,743,1,1,2
1425,2211,5,11,16
1425,2213,30,16,46
1425,2219,13,9,22
1425,2236,120,0,120
844,1078,1,0,1
846,1091,1,1,2
847,1093,4,4,8
848,1094,17,8,25
848,1095,4,3,7
848,1096,4,3,7
848,1097,2,2,4
848,1098,6,9,15
849,1095,1,1,2
1426,2104,6,5,11
1426,2112,2,2,4
1427,2156,7,4,11
1428,2104,1,1,2
850,1100,2,0,2
1429,2151,0,2,2
1430,1881,1,2,3
1431,2021,5,5,10
851,1101,5,4,9
852,1101,12,3,15
853,1096,8,1,9
853,1091,9,6,15
854,1104,3,3,6
855,1105,4,4,8
855,1106,3,3,6
855,1107,1,4,5
855,1108,1,1,2
855,1109,1,1,2
855,1110,1,1,2
855,1111,1,1,2
855,1112,2,2,4
856,1113,0,2,2
857,1114,1,1,2
858,1115,2,3,5
858,1116,0,2,2
858,1117,7,9,16
858,1118,1,2,3
858,1119,1,1,2
861,1123,3,4,7
861,1100,1,1,2
862,1125,8,9,17
862,1126,1,1,2
862,1127,2,2,4
866,1101,7,3,10
866,1137,2,8,10
867,1123,1,4,5
871,1150,6,4,10
874,1152,28,16,44
877,1101,48,14,62
877,1137,5,9,14
877,1117,24,7,31
878,1101,4,3,7
1432,2213,28,13,41
1432,2220,9,1,10
879,1156,0,1,1
880,1157,32,3,35
880,1158,11,6,17
883,1161,6,5,11
884,1162,1,1,2
884,1163,1,1,2
885,1165,3,3,6
885,1166,16,196,212
886,1166,3,2,5
887,1137,0,1,1
888,1167,2,2,4
889,1165,33,33,66
889,1166,33,33,66
890,1100,1,1,2
891,1105,1,1,2
1433,2238,135,0,135
1433,2239,119,0,119
1433,2240,265,0,265
1433,2241,111,0,111
1433,2244,259,0,259
1433,2245,279,0,279
1433,2246,58,0,58
1433,2247,60,0,60
1433,2248,77,0,77
1433,2249,629,0,629
894,1185,109,0,109
1434,2104,1,1,2
1434,2112,1,1,2
1434,2238,1,0,1
1434,2156,1,1,2
896,1117,2,2,4
899,1152,4,4,8
900,1123,1,1,2
900,1113,0,2,2
900,1187,30,12,42
900,1112,29,1,30
900,1188,1,1,2
901,1114,29,8,37
901,1189,19,0,19
903,1190,1,1,2
904,1123,1,1,2
1435,2156,14,14,28
1435,2158,26,26,52
1436,2176,11,11,22
1440,2176,4,5,9
1442,2110,3,5,8
1444,2105,1,1,2
1444,2106,20,20,40
905,1192,88,0,88
906,1161,1,1,2
910,1113,3,1,4
912,1123,10,10,20
913,1161,11,7,18
915,1200,101,7,108
915,1201,37,22,59
918,1202,1,1,2
918,1203,1,1,2
918,1204,1,1,2
918,1205,1,1,2
919,1192,9,8,17
919,1206,12,5,17
920,1200,1,1,2
922,1200,1,1,2
923,1152,136,3,139
924,1152,6,6,12
929,1215,10,3,13
930,1152,62,22,84
931,1152,1,1,2
932,1152,0,0,0
933,1152,20,8,28
934,1096,16,17,33
935,1091,2,2,4
936,1095,11,12,23
937,1095,4,8,12
938,1093,11,3,14
939,1206,19,0,19
939,1216,3,2,5
941,1219,11,10,21
941,1220,224,0,224
943,1095,5,4,9
943,1096,2,1,3
946,1223,32,31,63
947,1223,8,0,8
948,1106,0,3,3
949,1091,4,4,8
949,1224,23,21,44
949,1225,184,162,346
951,1229,11,4,15
951,1216,2,3,5
954,1125,23,23,46
956,1206,2,2,4
957,1206,23,16,39
959,1241,0,0,0
961,1200,33,4,37
964,1206,34,24,58
964,1247,15,17,32
964,1248,132,116,248
964,1157,25,5,30
964,1158,45,4,49
967,1251,2,2,4
967,1203,31,2,33
967,1252,41,7,48
967,1110,3,2,5
967,1111,2,2,4
968,1253,55,10,65
968,1152,38,4,42
968,1215,10,2,12
968,1254,25,13,38
969,1206,3,0,3
971,1157,19,2,21
973,1203,0,1,1
973,1252,0,1,1
974,1098,62,12,74
975,1123,17,10,27
975,1161,3,3,6
975,1113,6,6,12
975,1215,5,5,10
975,1101,2,2,4
975,1255,3,3,6
975,1117,9,9,18
975,1118,5,5,10
975,1256,4,4,8
975,1257,3,3,6
975,1119,7,2,9
975,1114,8,8,16
975,1258,109,0,109
975,1259,11,2,13
975,1125,23,3,26
975,1261,16,94,110
975,1260,3,207,210
975,1262,2,2,4
1445,2106,0,12,12
977,1259,1,1,2
978,1260,0,2,2
979,1203,7,5,12
980,1203,2,2,4
981,1269,3,0,3
983,1276,32,0,32
983,1278,69,0,69
985,1279,111,0,111
986,1280,8,0,8
987,1105,41,1,42
987,1187,17,0,17
987,1112,33,0,33
988,1167,7,0,7
988,1112,2,1,3
989,1282,32,0,32
989,1284,28,0,28
989,1278,2,2,4
989,1100,11,16,27
989,1101,2,2,4
989,1117,57,30,87
989,1118,5,5,10
990,1286,1,0,1
991,1156,2,3,5
993,1280,0,4,4
994,1123,2,2,4
994,1161,5,5,10
994,1287,5,5,10
994,1113,3,3,6
994,1254,5,5,10
994,1101,2,2,4
994,1255,2,2,4
994,1137,6,6,12
994,1117,2,2,4
994,1288,3,3,6
994,1189,5,5,10
994,1258,1,1,2
994,1289,87,0,87
994,1259,10,2,12
994,1261,7,7,14
994,1290,15,45,60
994,1126,3,147,150
994,1291,2,2,4
994,1262,2,2,4
995,1289,2,2,4
995,1125,20,39,59
995,1290,9,9,18
995,1127,7,7,14
995,1292,8,2,10
995,1291,1,1,2
996,1293,90,0,90
997,1293,13,16,29
998,1286,1,1,2
999,1269,4,6,10
999,1294,2,1,3
823,775,4,6,10
1003,1152,54,19,73
1003,1215,55,4,59
1003,1254,60,3,63
1005,1254,3,3,6
824,775,3,0,3
826,985,1,1,2
827,986,1,1,2
1006,1280,2,1,3
829,920,2,2,4
829,924,70,4,74
829,925,55,9,64
829,740,1,1,2
829,796,39,9,48
829,797,40,7,47
829,741,4,3,7
829,931,3,3,6
830,860,81,42,123
830,1066,15,17,32
830,863,132,116,248
832,739,4,0,4
820,1004,81,42,123
820,1006,15,17,32
820,1007,132,116,248
820,1009,2,2,4
820,1010,1,1,2
820,1011,7,6,13
820,1012,70,4,74
820,1013,55,9,64
820,1014,4,0,4
820,1015,1,1,2
820,1016,39,9,48
820,1017,40,7,47
820,1018,4,3,7
820,1019,3,3,6
820,1020,1,1,2
1008,1282,6,2,8
1009,1293,127,11,138
1012,1152,111,11,122
1012,1287,54,10,64
1012,1298,6,1,7
1012,1113,57,19,76
1012,1299,7,2,9
1012,1100,42,18,60
1012,1115,16,12,28
1012,1137,8,24,32
1012,1117,59,6,65
1012,1300,64,0,64
1012,1301,23,1,24
1012,1302,16,0,16
1012,1303,31,2,33
1012,1304,66,0,66
1012,1114,93,37,130
1012,1189,115,63,178
1013,1299,0,10,10
1013,1100,14,1,15
1013,1115,0,11,11
1013,1117,0,19,19
1014,1152,15,23,38
1014,1200,7,44,51
1014,1307,73,0,73
1015,1100,1,1,2
1015,1117,28,6,34
1015,1114,21,10,31
1016,1307,1,1,2
1018,1206,22,3,25
1018,1108,1,1,2
1018,1157,75,7,82
1018,1158,22,10,32
1019,1152,0,2,2
1019,1100,3,3,6
1020,1152,6,7,13
1021,1112,1,1,2
1022,1251,1,1,2
1023,1286,0,1,1
1023,1126,0,2,2
1025,1257,2,3,5
1026,1098,5,1,6
1027,1256,25,28,53
1027,1311,119,0,119
1027,1119,2,2,4
1028,1312,19,9,28
1028,1203,1,0,1
1035,1100,0,0,0
1036,1152,3,2,5
1036,1157,1,1,2
1036,1187,8,6,14
1036,1167,1,1,2
1036,1188,12,7,19
1037,1116,7,54,61
834,860,47,4,51
1038,1286,1,0,1
1040,1101,110,5,115
835,860,33,8,41
1041,1206,57,5,62
1042,1157,1,1,2
1045,1105,1,1,2
1047,1276,6,0,6
1048,1282,2,3,5
1049,1098,34,3,37
1051,1167,27,4,31
1055,1206,24,12,36
1056,1229,1,1,2
1057,1097,1,1,2
1447,2238,4,2,6
1059,1323,1,1,2
1448,2104,3,3,6
1448,2109,3,3,6
1448,2112,3,3,6
1448,2156,2,2,4
1448,2174,2,2,4
1060,1293,4,5,9
1062,1223,2,2,4
1063,1201,11,4,15
1065,1326,3,3,6
1066,1167,4,4,8
1449,2275,33,0,33
1449,2276,94,0,94
1449,2277,86,0,86
1449,2278,363,0,363
1449,2279,64,0,64
1449,2280,41,0,41
1449,2281,132,0,132
1069,1158,185,79,264
1071,1158,2,5,7
1072,1157,4,4,8
1073,1331,2,1,3
1080,1206,47,6,53
1082,1280,4,0,4
1085,1117,2,2,4
1085,1125,2,2,4
1086,1220,11,2,13
1087,1117,2,2,4
1087,1125,4,4,8
1088,1093,7,1,8
1089,1101,1,1,2
1096,1117,6,0,6
1096,1114,4,0,4
1099,1219,2,0,2
1099,1345,4,1,5
1099,1346,169,0,169
1100,1158,1,1,2
1101,1108,2,2,4
1101,1158,9,0,9
1101,1156,3,0,3
1103,1158,2,2,4
1105,1205,0,7,7
1106,1346,9,8,17
1107,1349,127,0,127
1108,1349,2,2,4
1109,1206,53,5,58
1111,1349,2,2,4
1112,1189,3,2,5
1114,1201,12,7,19
821,1038,137,30,167
821,1040,15,17,32
821,1041,132,116,248
821,1043,2,2,4
821,1044,1,1,2
821,1045,7,6,13
821,1046,70,4,74
821,1047,55,9,64
821,1048,4,0,4
821,1049,1,1,2
821,1050,39,9,48
821,1051,40,7,47
821,1052,4,3,7
821,1053,3,3,6
821,1054,1,1,2
1117,1258,1,1,2
1119,1219,3,1,4
1122,1101,2,0,2
1125,1189,7,7,14
1452,2238,1,0,1
1452,2240,1,0,1
1126,1125,2,2,4
1135,1105,25,7,32
1139,1192,122,17,139
1140,1192,8,7,15
1141,1287,13,1,14
1141,1101,3,1,4
1142,1104,7,1,8
1142,1414,10,2,12
1143,1201,4,1,5
1144,1206,31,8,39
1453,2057,0,0,0
1148,1113,28,4,32
1152,1113,2,1,3
1154,1299,4,0,4
1154,1100,47,3,50
1154,1115,13,0,13
1154,1117,49,0,49
1155,1137,6,6,12
1157,1096,1,1,2
1158,1123,82,0,82
1456,2290,226,0,226
1456,2215,14,2,16
1456,2216,31,0,31
1456,2291,216,0,216
1162,1096,1,1,2
1164,1100,4,4,8
1164,1115,1,1,2
1460,2290,4,3,7
1460,2215,11,0,11
1462,2290,2,2,4
1463,2290,2,2,4
1464,2292,78,0,78
1465,1966,67,32,99
1466,2293,127,0,127
1466,2165,78,9,87
1466,1966,10,8,18
1467,2306,818,0,818
1467,2307,118,0,118
1468,2312,50,0,50
1468,2147,22,63,85
1468,2148,47,67,114
1468,2149,13,55,68
1468,2150,11,51,62
1468,2151,13,53,66
1468,2152,43,88,131
1168,1312,7,2,9
1469,2094,5,1,6
1469,2095,2,2,4
1470,2094,0,5,5
1171,1201,43,5,48
1171,1422,310,0,310
1171,1106,17,6,23
1171,1423,239,0,239
1171,1424,40,0,40
1171,1425,144,0,144
1171,1426,97,0,97
1173,1098,1,1,2
1174,1098,1,1,2
1473,2157,1,1,2
1474,2105,1,1,2
1476,1200,14,0,14
1477,1123,0,77,77
1477,1100,81,0,81
1479,1137,3,3,6
1480,2293,0,0,0
1480,2165,0,0,0
1480,1966,0,0,0
1480,2172,0,0,0
1480,2104,0,0,0
1480,2105,0,0,0
1480,2106,0,0,0
1480,2109,0,0,0
1480,2110,0,0,0
1480,2114,0,0,0
1480,2115,0,0,0
1480,2116,0,0,0
1480,2112,0,0,0
1480,2238,0,0,0
1480,2239,0,0,0
1480,2240,0,0,0
1480,2156,0,0,0
1480,2157,0,0,0
1480,2158,0,0,0
1480,2174,0,0,0
1480,2175,0,0,0
1480,2176,0,0,0
1480,2177,0,0,0
1480,2244,0,0,0
1480,2245,0,0,0
1480,2246,0,0,0
1480,2247,0,0,0
1480,2248,0,0,0
1480,2249,0,0,0
1480,2154,0,0,0
1480,1877,0,0,0
1480,1878,0,0,0
1480,1879,0,0,0
1480,1880,0,0,0
1480,1881,0,0,0
1480,1882,0,0,0
1480,2312,0,0,0
1480,2147,0,0,0
1480,2148,0,0,0
1480,2149,0,0,0
1480,2150,0,0,0
1480,2151,0,0,0
1480,2152,0,0,0
1480,2211,0,0,0
1480,2212,0,0,0
1480,2290,0,0,0
1480,2213,0,0,0
1480,2215,0,0,0
1480,2216,0,0,0
1480,2217,0,0,0
1480,2218,0,0,0
1480,2219,0,0,0
1480,2292,0,0,0
1480,2220,0,0,0
1480,2236,0,0,0
1480,2291,0,0,0
1480,2221,0,0,0
1480,1998,0,0,0
1480,1999,0,0,0
1480,2002,0,0,0
1480,2003,0,0,0
1480,2004,0,0,0
1480,2005,0,0,0
1480,2006,0,0,0
1480,2169,0,0,0
1480,2007,0,0,0
1480,2008,0,0,0
1480,2170,0,0,0
1480,2009,0,0,0
1480,2010,0,0,0
1480,2011,0,0,0
1480,2012,0,0,0
1480,2013,0,0,0
1480,2014,0,0,0
1480,2015,0,0,0
1480,2021,0,0,0
1480,2022,0,0,0
1482,1880,7,7,14
1482,1881,3,8,11
1482,1882,3,4,7
1485,2154,0,0,0
1485,1877,0,0,0
1485,1878,0,0,0
1485,1879,0,0,0
1485,1880,0,0,0
1485,1881,0,0,0
1485,1882,0,0,0
1486,2093,0,0,0
1486,2094,0,0,0
1486,2095,0,0,0
1488,2422,33,0,33
1488,2423,31,0,31
1488,2213,24,10,34
1488,2424,75,0,75
1490,2425,49,0,49
1491,2425,1,20,21
1491,2427,46,0,46
1492,2427,9,1,10
1495,2306,0,0,0
1495,2307,0,0,0
1495,2275,0,0,0
1495,2276,0,0,0
1495,2277,0,0,0
1495,2278,0,0,0
1495,2279,0,0,0
1495,2280,0,0,0
1495,2281,0,0,0
1499,1101,4,0,4
1500,1307,0,0,0
