commit_id,file_id,la,ld,la+ld
3306,5986,258,0,258
3306,5987,262,0,262
3306,5988,114,0,114
3306,5989,79,0,79
3306,5990,608,0,608
3306,5991,356,0,356
3306,5992,112,0,112
191,1090,20,0,20
191,580,1,1,2
191,1092,27,0,27
191,1093,40,0,40
191,1094,73,0,73
191,1095,38,0,38
191,598,2,0,2
191,599,2,0,2
191,613,4,1,5
6060,11513,20,0,20
6060,10634,1,1,2
6060,11515,27,0,27
6060,11516,40,0,40
6060,11517,73,0,73
6060,11518,38,0,38
6060,10652,2,0,2
6060,10653,2,0,2
6060,10667,4,1,5
192,321,2,0,2
6061,10375,2,0,2
6062,11539,11,0,11
6062,11540,11,0,11
6062,11542,35,0,35
6062,11543,15,0,15
6062,11544,17,0,17
6062,11545,26,0,26
6062,11547,16,0,16
6062,11548,15,0,15
6062,11549,13,0,13
6062,11550,37,0,37
3308,5559,21,2,23
3310,5986,0,2,2
3310,5987,0,2,2
3310,5988,0,2,2
3310,5989,0,2,2
3310,5990,0,3,3
3310,5991,13,24,37
3310,5992,0,3,3
3311,5707,39,7,46
3312,5572,5,1,6
3314,5913,3,3,6
3314,5914,1,1,2
3314,5870,7,0,7
3314,5591,1,2,3
3315,5986,10,1,11
3315,5991,15,0,15
3316,5579,14,0,14
6064,11559,67,0,67
6064,11560,137,0,137
6064,11561,28,0,28
6064,11562,106,0,106
6064,11563,118,0,118
6064,11569,126,0,126
6064,11570,68,0,68
6064,11571,158,0,158
6064,11572,36,0,36
6064,11573,172,0,172
6064,11574,70,0,70
6064,11580,69,0,69
6064,11581,164,0,164
6064,11582,36,0,36
6064,11583,258,0,258
6064,11584,90,0,90
6064,11594,86,0,86
6064,11595,10,0,10
6064,11596,87,0,87
6064,11597,63,0,63
6064,11598,17,0,17
6064,11607,13,0,13
6064,11608,154,0,154
6064,11614,27,0,27
6064,11615,191,0,191
6064,11621,127,0,127
6064,11622,29,0,29
6064,11623,245,0,245
6064,11629,29,0,29
6064,11630,226,0,226
6064,11640,86,0,86
6064,11641,10,0,10
6064,11642,86,0,86
6064,11643,63,0,63
6064,11644,17,0,17
6064,11646,34,0,34
6064,11647,154,0,154
6064,11648,37,0,37
6064,11649,526,0,526
6064,11650,32,0,32
6064,11653,9,0,9
6064,11654,174,0,174
195,560,5,1,6
195,1105,19,0,19
195,569,23,3,26
195,1107,29,0,29
195,1108,33,0,33
195,1109,131,0,131
195,1110,76,0,76
195,1112,100,0,100
195,1114,45,0,45
195,1115,57,0,57
195,1116,52,0,52
195,1117,115,0,115
195,613,4,1,5
6066,10614,5,1,6
6066,11668,19,0,19
6066,10623,23,3,26
6066,11670,29,0,29
6066,11671,33,0,33
6066,11672,131,0,131
6066,11673,76,0,76
6066,11675,100,0,100
6066,11677,45,0,45
6066,11678,57,0,57
6066,11679,52,0,52
6066,11680,115,0,115
6066,10667,4,1,5
6068,11648,24,13,37
6068,11649,3,5,8
6068,11654,34,13,47
196,557,3,3,6
196,560,0,1,1
196,562,1,1,2
196,567,33,13,46
196,568,41,35,76
196,569,1,1,2
196,570,3,4,7
196,571,1,1,2
196,1017,1,2,3
196,1020,3,2,5
196,591,26,2,28
196,1120,12,12,24
196,592,5,5,10
196,949,1,1,2
196,329,3,3,6
196,330,2,3,5
196,1093,1,1,2
196,1095,1,1,2
196,596,1,1,2
196,599,1,1,2
196,1107,2,1,3
196,1108,1,1,2
196,1110,1,1,2
196,1112,3,4,7
196,1115,2,2,4
196,1117,2,2,4
196,601,1,1,2
196,602,2,2,4
196,1121,15,14,29
196,603,1,2,3
196,604,2,2,4
196,1015,1,1,2
196,1021,1,1,2
196,606,1,2,3
196,607,2,3,5
196,608,1,3,4
196,609,1,3,4
196,610,1,2,3
196,611,1,2,3
196,612,1,1,2
196,613,4,3,7
196,1022,2,2,4
196,614,2,3,5
196,615,2,5,7
196,932,1,1,2
196,1023,1,1,2
196,616,1,2,3
196,617,2,4,6
196,618,1,1,2
196,619,1,2,3
196,620,3,4,7
196,321,2,2,4
196,923,2,2,4
196,1031,3,2,5
196,623,1,1,2
196,938,5,6,11
196,937,2,2,4
196,918,3,4,7
196,1000,3,6,9
196,916,4,4,8
6069,10611,3,3,6
6069,10614,0,1,1
6069,10616,1,1,2
6069,10621,33,13,46
6069,10622,41,35,76
6069,10623,1,1,2
6069,10624,3,4,7
6069,10625,1,1,2
6069,11097,1,2,3
6069,11100,3,2,5
6069,10645,26,2,28
6069,11684,12,12,24
6069,10646,5,5,10
6069,11004,1,1,2
6069,10383,3,3,6
6069,10384,2,3,5
6069,11516,1,1,2
6069,11518,1,1,2
6069,10650,1,1,2
6069,10653,1,1,2
6069,11670,2,1,3
6069,11671,1,1,2
6069,11673,1,1,2
6069,11675,3,4,7
6069,11678,2,2,4
6069,11680,2,2,4
6069,10655,1,1,2
6069,10656,2,2,4
6069,11685,15,14,29
6069,10657,1,2,3
6069,10658,2,2,4
6069,11095,1,1,2
6069,11101,1,1,2
6069,10660,1,2,3
6069,10661,2,3,5
6069,10662,1,3,4
6069,10663,1,3,4
6069,10664,1,2,3
6069,10665,1,2,3
6069,10666,1,1,2
6069,10667,4,3,7
6069,11102,2,2,4
6069,10668,2,3,5
6069,10669,2,5,7
6069,10986,1,1,2
6069,11103,1,1,2
6069,10670,1,2,3
6069,10671,2,4,6
6069,10672,1,1,2
6069,10673,1,2,3
6069,10674,3,4,7
6069,10375,2,2,4
6069,10977,2,2,4
6069,11111,3,2,5
6069,10677,1,1,2
6069,10992,5,6,11
6069,10991,2,2,4
6069,10972,3,4,7
6069,11063,3,6,9
6069,10970,4,4,8
198,938,0,9,9
198,937,1,9,10
198,918,7,2,9
6071,10992,0,9,9
6071,10991,1,9,10
6071,10972,7,2,9
3317,5781,4,0,4
3318,5779,19,1,20
199,1017,1,1,2
6072,11097,1,1,2
200,1110,1,1,2
6073,11673,1,1,2
3319,5586,1,1,2
3320,5708,4,1,5
3321,5710,3,1,4
3322,5577,3,2,5
3322,5588,5,1,6
3322,5599,3,3,6
3322,5601,1,2,3
3322,5604,2,1,3
201,320,7,8,15
201,321,8,6,14
6074,10374,7,8,15
6074,10375,8,6,14
3323,5998,64,0,64
3323,5556,15,0,15
3323,5560,21,16,37
3323,5891,5,5,10
3323,5999,154,0,154
3323,6000,190,0,190
3323,5566,41,1,42
3323,5572,20,3,23
3323,5574,22,0,22
3323,6001,76,0,76
202,594,6,7,13
202,596,4,4,8
6075,10648,6,7,13
6075,10650,4,4,8
203,559,2,0,2
203,560,10,8,18
203,562,3,0,3
203,564,1,1,2
203,565,2,0,2
203,1105,1,0,1
203,568,2,3,5
203,569,37,30,67
203,571,14,0,14
203,930,3,3,6
203,576,3,4,7
203,1127,51,0,51
203,1014,8,9,17
203,579,4,5,9
203,580,18,19,37
203,581,3,4,7
203,582,4,9,13
203,1018,9,10,19
203,583,8,9,17
203,584,2,2,4
203,585,2,2,4
203,1019,5,5,10
203,587,5,7,12
203,588,5,5,10
203,589,6,7,13
203,1020,4,5,9
203,591,12,6,18
203,1120,6,5,11
203,1129,74,0,74
203,949,10,6,16
203,329,5,6,11
203,330,14,14,28
203,1132,9,9,18
203,1093,9,9,18
203,1133,50,0,50
203,1095,10,9,19
203,598,6,9,15
203,599,6,7,13
203,594,1,1,2
203,596,1,1,2
203,1109,13,5,18
203,1110,5,1,6
203,1114,3,4,7
203,1115,8,8,16
203,1116,4,10,14
203,1117,20,20,40
203,601,10,10,20
203,602,10,9,19
203,603,6,8,14
203,1121,6,5,11
203,604,6,6,12
203,1015,8,7,15
203,1021,6,7,13
203,606,6,7,13
203,607,9,11,20
203,608,8,9,17
203,609,7,7,14
203,1092,10,9,19
203,613,42,37,79
203,610,8,12,20
203,611,8,8,16
203,612,4,0,4
203,1022,13,11,24
203,614,9,9,18
203,615,11,13,24
203,932,7,7,14
203,616,7,7,14
203,1023,8,5,13
203,617,9,9,18
203,618,8,8,16
203,619,8,8,16
203,620,11,10,21
6076,10613,2,0,2
6076,10614,10,8,18
6076,10616,3,0,3
6076,10618,1,1,2
6076,10619,2,0,2
6076,11668,1,0,1
6076,10622,2,3,5
6076,10623,37,30,67
6076,10625,14,0,14
6076,10984,3,3,6
6076,10630,3,4,7
6076,11698,51,0,51
6076,11094,8,9,17
6076,10633,4,5,9
6076,10634,18,19,37
6076,10635,3,4,7
6076,10636,4,9,13
6076,11098,9,10,19
6076,10637,8,9,17
6076,10638,2,2,4
6076,10639,2,2,4
6076,11099,5,5,10
6076,10641,5,7,12
6076,10642,5,5,10
6076,10643,6,7,13
6076,11100,4,5,9
6076,10645,12,6,18
6076,11684,6,5,11
6076,11701,74,0,74
6076,11004,10,6,16
6076,10383,5,6,11
6076,10384,14,14,28
6076,11704,9,9,18
6076,11516,9,9,18
6076,11705,50,0,50
6076,11518,10,9,19
6076,10652,6,9,15
6076,10653,6,7,13
6076,10648,1,1,2
6076,10650,1,1,2
6076,11672,13,5,18
6076,11673,5,1,6
6076,11677,3,4,7
6076,11678,8,8,16
6076,11679,4,10,14
6076,11680,20,20,40
6076,10655,10,10,20
6076,10656,10,9,19
6076,10657,6,8,14
6076,11685,6,5,11
6076,10658,6,6,12
6076,11095,8,7,15
6076,11101,6,7,13
6076,10660,6,7,13
6076,10661,9,11,20
6076,10662,8,9,17
6076,10663,7,7,14
6076,11515,10,9,19
6076,10667,42,37,79
6076,10664,8,12,20
6076,10665,8,8,16
6076,10666,4,0,4
6076,11102,13,11,24
6076,10668,9,9,18
6076,10669,11,13,24
6076,10986,7,7,14
6076,10670,7,7,14
6076,11103,8,5,13
6076,10671,9,9,18
6076,10672,8,8,16
6076,10673,8,8,16
6076,10674,11,10,21
204,1140,114,0,114
204,617,1,1,2
6077,11712,114,0,114
6077,10671,1,1,2
205,320,2,3,5
205,321,4,8,12
6078,10374,2,3,5
6078,10375,4,8,12
206,925,1,2,3
206,1033,24,20,44
206,1035,5,0,5
6079,10979,1,2,3
6079,11113,24,20,44
6079,11115,5,0,5
208,938,1,1,2
208,937,1,1,2
6081,10992,1,1,2
6081,10991,1,1,2
211,560,1,1,2
6084,10614,1,1,2
213,568,5,1,6
213,570,16,2,18
213,571,3,4,7
6086,10622,5,1,6
6086,10624,16,2,18
6086,10625,3,4,7
214,568,1,1,2
214,569,2,0,2
214,571,2,2,4
214,930,1,1,2
214,576,1,1,2
6087,10622,1,1,2
6087,10623,2,0,2
6087,10625,2,2,4
6087,10984,1,1,2
6087,10630,1,1,2
215,567,2,0,2
215,568,6,67,73
215,598,1,1,2
215,938,0,1,1
215,1000,5,7,12
6088,10621,2,0,2
6088,10622,6,67,73
6088,10652,1,1,2
6088,10992,0,1,1
6088,11063,5,7,12
216,568,1,8,9
6089,10622,1,8,9
218,569,1,0,1
6091,10623,1,0,1
219,1017,4,1,5
219,916,1,1,2
6092,11097,4,1,5
6092,10970,1,1,2
220,560,17,60,77
220,567,1,1,2
220,569,50,16,66
220,1017,8,1,9
220,1143,22,0,22
220,1117,1,1,2
6093,10614,17,60,77
6093,10621,1,1,2
6093,10623,50,16,66
6093,11097,8,1,9
6093,11715,22,0,22
6093,11680,1,1,2
221,1144,5,0,5
221,1145,8,0,8
221,560,9,0,9
221,569,36,3,39
6094,11716,5,0,5
6094,11717,8,0,8
6094,10614,9,0,9
6094,10623,36,3,39
222,560,6,6,12
222,569,27,34,61
6095,10614,6,6,12
6095,10623,27,34,61
223,1146,7,0,7
223,1147,8,0,8
223,580,2,1,3
223,1014,1,1,2
223,579,1,1,2
223,581,1,1,2
223,582,1,1,2
223,584,1,1,2
223,585,1,1,2
223,1127,4,2,6
223,1132,2,3,5
223,1093,4,2,6
223,1133,6,3,9
223,1095,3,3,6
223,598,3,3,6
223,599,2,3,5
223,1116,2,2,4
223,601,1,1,2
223,613,2,2,4
223,615,1,1,2
223,620,1,1,2
6096,11718,7,0,7
6096,11719,8,0,8
6096,10634,2,1,3
6096,11094,1,1,2
6096,10633,1,1,2
6096,10635,1,1,2
6096,10636,1,1,2
6096,10638,1,1,2
6096,10639,1,1,2
6096,11698,4,2,6
6096,11704,2,3,5
6096,11516,4,2,6
6096,11705,6,3,9
6096,11518,3,3,6
6096,10652,3,3,6
6096,10653,2,3,5
6096,11679,2,2,4
6096,10655,1,1,2
6096,10667,2,2,4
6096,10669,1,1,2
6096,10674,1,1,2
225,1148,40,0,40
225,1149,38,0,38
225,613,0,2,2
6098,11721,40,0,40
6098,11722,38,0,38
6098,10667,0,2,2
226,1129,24,0,24
226,598,10,2,12
226,606,13,2,15
6099,11701,24,0,24
6099,10652,10,2,12
6099,10660,13,2,15
227,567,8,15,23
227,1017,1,1,2
6100,10621,8,15,23
6100,11097,1,1,2
3324,5572,10,0,10
3325,5599,2,1,3
3326,5572,1,1,2
3326,5742,1,1,2
6101,11741,61,0,61
6101,11742,130,0,130
6101,11743,5,0,5
6101,11744,8,0,8
6101,11745,60,0,60
6101,11746,105,0,105
6101,11747,42,0,42
6101,11748,102,0,102
6101,11749,20,0,20
6101,11751,30,0,30
6101,11752,7,0,7
6101,11753,8,0,8
6101,11754,29,0,29
6101,11755,20,0,20
6101,11757,191,0,191
6101,11758,114,0,114
6101,11759,189,0,189
6101,11760,97,0,97
6101,11761,228,0,228
6101,11762,177,0,177
6101,11763,37,0,37
6101,11764,30,0,30
6101,11765,63,0,63
6101,11766,68,0,68
6101,11769,72,0,72
6101,11770,43,0,43
6101,11771,37,0,37
6101,11772,34,0,34
6101,11773,34,0,34
6101,11774,50,0,50
6101,11775,52,0,52
6101,11776,26,0,26
6101,11777,27,0,27
6101,11779,36,0,36
6101,11780,61,0,61
6101,11781,55,0,55
6101,11782,46,0,46
6101,11783,168,0,168
6101,11785,117,0,117
6101,11786,30,0,30
6101,11787,98,0,98
6101,11788,79,0,79
6101,11790,91,0,91
6101,11791,56,0,56
6101,11793,53,0,53
6101,11794,26,0,26
6101,11795,53,0,53
6101,11796,102,0,102
6101,11797,85,0,85
6101,11799,64,0,64
6101,11801,114,0,114
6101,11803,22,0,22
6101,11805,30,0,30
6101,11806,33,0,33
6101,11807,139,0,139
6101,11808,80,0,80
6101,11810,99,0,99
6101,11812,44,0,44
6101,11813,57,0,57
6101,11814,46,0,46
6101,11815,115,0,115
6101,11817,62,0,62
6101,11818,53,0,53
6101,11819,48,0,48
6101,11820,41,0,41
6101,11821,59,0,59
6101,11822,25,0,25
6101,11823,40,0,40
6101,11824,41,0,41
6101,11825,38,0,38
6101,11826,38,0,38
6101,11827,60,0,60
6101,11828,61,0,61
6101,11829,49,0,49
6101,11830,52,0,52
6101,11831,28,0,28
6101,11832,136,0,136
6101,11833,47,0,47
6101,11834,42,0,42
6101,11835,33,0,33
6101,11836,48,0,48
6101,11837,48,0,48
6101,11838,81,0,81
6101,11839,38,0,38
6101,11840,47,0,47
6101,11841,41,0,41
6101,11842,50,0,50
6101,11843,46,0,46
6101,11844,42,0,42
6101,11845,81,0,81
6101,11951,54,0,54
6101,11952,92,0,92
6101,11983,67,0,67
6101,11984,137,0,137
6101,11985,28,0,28
6101,11986,105,0,105
6101,11987,118,0,118
6101,11997,103,0,103
6101,11998,25,0,25
6101,11999,107,0,107
6101,12000,79,0,79
6101,12001,38,0,38
6101,12012,36,0,36
6101,12013,52,0,52
6101,12016,86,0,86
6101,12017,122,0,122
6101,12018,111,0,111
6101,12019,52,0,52
6101,12021,57,0,57
6103,11752,4,0,4
6104,11741,1,5,6
6104,11742,0,2,2
6104,11746,13,50,63
6104,11747,0,2,2
6104,11748,3,8,11
6104,11753,14,1,15
6104,11754,4,5,9
6104,11757,10,16,26
6104,11758,1,6,7
6104,11759,15,132,147
6104,11760,11,11,22
6104,11761,7,11,18
6104,11762,8,13,21
6104,11763,0,3,3
6104,11764,0,0,0
6104,11765,2,5,7
6104,11766,0,2,2
6104,11817,0,0,0
6104,11818,1,1,2
6104,11821,2,2,4
6104,11822,11,3,14
6104,11825,1,0,1
6104,11827,2,1,3
6104,11828,1,0,1
6104,11830,1,0,1
6104,11831,0,0,0
6104,11832,2,15,17
6104,11840,1,0,1
6104,11842,2,1,3
6104,12054,46,0,46
6104,12055,60,0,60
6104,11844,2,1,3
6104,12056,63,0,63
6104,11839,10,19,29
6104,12057,61,0,61
6104,11777,5,5,10
6104,11779,6,7,13
6104,11780,2,5,7
6104,11781,121,26,147
6104,11782,16,20,36
6104,11799,4,8,12
6104,12059,104,0,104
6104,12060,95,0,95
6104,11787,8,8,16
6104,12062,87,0,87
6105,11741,3,3,6
6105,11746,1,1,2
6105,11748,2,2,4
6105,11753,15,2,17
6105,11754,1,1,2
6105,11758,4,4,8
6105,11759,9,10,19
6105,12063,79,0,79
6105,11761,7,7,14
6105,11764,4,4,8
6105,11766,7,7,14
6105,11817,12,19,31
6105,11818,2,24,26
6105,11821,3,5,8
6105,11822,2,0,2
6105,11825,5,5,10
6105,11827,49,16,65
6105,12064,96,0,96
6105,11828,3,4,7
6105,11830,79,16,95
6105,11831,3,3,6
6105,11832,57,39,96
6105,11840,9,12,21
6105,12065,64,0,64
6105,11842,3,4,7
6105,12066,117,0,117
6105,11844,6,8,14
6105,12056,3,3,6
6105,11839,2,2,4
6105,12067,63,0,63
6105,12057,11,2,13
6105,11779,1,0,1
6105,11780,1,1,2
6105,11781,17,27,44
6105,11782,2,2,4
6105,11799,2,1,3
6105,12059,1,0,1
6105,12060,14,16,30
6105,11787,61,27,88
6105,12062,1,1,2
6106,11742,1,1,2
6106,11757,1,1,2
6106,11766,1,1,2
6106,11827,1,1,2
6106,12064,18,0,18
6106,11828,40,20,60
6106,11832,3,1,4
6106,11782,4,0,4
6106,12060,22,1,23
6106,11787,9,4,13
6106,12068,77,0,77
6106,12012,2,1,3
6106,12013,2,1,3
6107,11741,2,6,8
6107,11742,37,32,69
6107,11746,11,15,26
6107,11747,0,3,3
6107,11748,86,5,91
6107,12070,70,0,70
6107,11752,10,1,11
6107,11753,24,0,24
6107,11754,16,1,17
6107,11828,11,1,12
6107,11830,20,1,21
6107,12056,5,0,5
6107,11839,8,0,8
6107,12067,13,5,18
6107,12057,6,1,7
6107,11777,5,1,6
6107,11779,6,1,7
6107,11781,11,3,14
6107,11782,4,4,8
6107,11799,1,0,1
6107,12060,15,21,36
6107,11787,5,4,9
6107,12068,25,6,31
6107,12071,117,0,117
6108,11759,1,1,2
6108,11817,7,9,16
6108,11818,2,8,10
6108,11821,2,2,4
6108,11822,1,1,2
6108,11825,7,3,10
6108,11827,10,6,16
6108,12064,12,1,13
6108,11828,12,2,14
6108,11830,6,2,8
6108,11831,16,1,17
6108,11832,5,4,9
6108,11840,28,1,29
6108,12065,13,2,15
6108,12066,2,1,3
6108,11844,9,2,11
6108,12073,95,0,95
6108,12056,4,0,4
6108,11839,0,2,2
6108,12067,1,1,2
6108,12057,3,0,3
6108,11779,4,0,4
6108,11781,4,0,4
6108,11782,3,0,3
6108,11799,3,0,3
6108,12060,3,0,3
6108,11787,2,0,2
6108,12068,4,0,4
6108,12071,78,17,95
6108,12016,0,0,0
6109,11741,3,1,4
6109,11746,43,22,65
6109,11748,13,15,28
6109,11817,2,3,5
6109,11821,3,3,6
6109,11825,1,2,3
6109,11827,1,2,3
6109,12064,2,3,5
6109,11828,1,3,4
6109,11830,1,2,3
6109,11831,2,2,4
6109,11832,2,5,7
6109,11840,1,2,3
6109,12065,2,4,6
6109,12066,10,17,27
6109,11844,2,3,5
6109,12073,1,2,3
6109,12075,44,0,44
6109,11757,1,1,2
6109,11758,11,14,25
6109,12077,127,0,127
6109,11759,12,26,38
6109,11761,20,55,75
6109,12078,64,0,64
6109,11762,1,1,2
6109,11763,1,1,2
6109,11765,1,1,2
6109,11766,8,9,17
6109,11782,1,1,2
6109,11799,1,1,2
6111,12070,3,3,6
6111,11752,4,4,8
6111,11754,3,2,5
6111,12054,8,0,8
6111,11818,20,0,20
6111,12064,2,15,17
6111,11831,2,2,4
6111,11832,6,1,7
6111,12079,77,0,77
6111,12080,47,0,47
6111,12081,61,0,61
6111,12082,70,0,70
6111,12066,25,1,26
6111,12083,88,0,88
6111,11759,1,1,2
6111,12056,3,3,6
6111,12067,3,3,6
6111,12057,6,6,12
6111,11779,5,5,10
6111,11781,23,19,42
6111,12084,20,23,43
6111,11782,7,7,14
6111,12085,198,0,198
6111,11799,2,2,4
6111,12060,9,14,23
6111,12086,50,0,50
6111,12087,78,0,78
6111,11787,3,1,4
6111,12068,7,6,13
6111,12071,4,6,10
6112,11821,33,17,50
6112,11830,2,55,57
6112,12088,106,0,106
6112,11781,4,0,4
6112,12085,1,1,2
6112,11799,65,18,83
6112,12012,3,4,7
6112,12013,3,2,5
228,557,8,14,22
228,558,36,33,69
228,1150,85,0,85
228,561,0,5,5
228,562,94,20,114
228,1151,70,0,70
228,1146,15,2,17
228,1147,51,1,52
228,565,21,6,27
228,1152,54,0,54
228,601,16,26,42
228,1153,45,0,45
228,1154,73,0,73
228,605,13,3,16
228,1021,10,6,16
228,1155,97,0,97
228,1156,111,0,111
228,1157,99,0,99
228,1158,85,0,85
228,1092,18,3,21
228,1159,146,0,146
228,1160,106,0,106
228,1161,77,0,77
228,1162,71,0,71
228,1163,73,0,73
228,1164,47,0,47
228,1165,61,0,61
228,1166,70,0,70
228,1167,135,0,135
228,619,13,8,21
228,1168,94,0,94
228,1169,88,0,88
228,1170,44,0,44
228,567,12,18,30
228,568,11,19,30
228,1171,127,0,127
228,571,28,67,95
228,1172,64,0,64
228,1017,9,14,23
228,572,1,4,5
228,575,3,6,9
228,576,12,15,27
228,1173,72,0,72
228,960,17,9,26
228,1174,71,0,71
228,1175,78,0,78
228,585,8,4,12
228,1019,17,8,25
228,588,129,24,153
228,1176,68,0,68
228,589,22,19,41
228,1177,198,0,198
228,1178,112,0,112
228,1179,106,0,106
228,1180,50,0,50
228,1181,78,0,78
228,1182,142,0,142
228,1183,101,0,101
228,1184,176,0,176
228,622,5,5,10
228,623,5,3,8
6113,10611,8,14,22
6113,10612,36,33,69
6113,12099,85,0,85
6113,10615,0,5,5
6113,10616,94,20,114
6113,12100,70,0,70
6113,11718,15,2,17
6113,11719,51,1,52
6113,10619,21,6,27
6113,12102,54,0,54
6113,10655,16,26,42
6113,12104,45,0,45
6113,12105,73,0,73
6113,10659,13,3,16
6113,11101,10,6,16
6113,12106,97,0,97
6113,12107,111,0,111
6113,12108,99,0,99
6113,12109,85,0,85
6113,11515,18,3,21
6113,12110,146,0,146
6113,12111,106,0,106
6113,12112,77,0,77
6113,12113,71,0,71
6113,12114,73,0,73
6113,12115,47,0,47
6113,12116,61,0,61
6113,12117,70,0,70
6113,12118,135,0,135
6113,10673,13,8,21
6113,12119,94,0,94
6113,12120,88,0,88
6113,12122,44,0,44
6113,10621,12,18,30
6113,10622,11,19,30
6113,12124,127,0,127
6113,10625,28,67,95
6113,12125,64,0,64
6113,11097,9,14,23
6113,10626,1,4,5
6113,10629,3,6,9
6113,10630,12,15,27
6113,12126,72,0,72
6113,11015,17,9,26
6113,12127,71,0,71
6113,12128,78,0,78
6113,10639,8,4,12
6113,11099,17,8,25
6113,10642,129,24,153
6113,12129,68,0,68
6113,10643,22,19,41
6113,12130,198,0,198
6113,12132,112,0,112
6113,12133,106,0,106
6113,12134,50,0,50
6113,12135,78,0,78
6113,12137,142,0,142
6113,12138,101,0,101
6113,12139,176,0,176
6113,10676,5,5,10
6113,10677,5,3,8
230,1147,8,0,8
230,1191,57,0,57
230,1173,4,0,4
230,1180,11,0,11
230,1181,16,0,16
6115,11719,8,0,8
6115,12148,57,0,57
6115,12126,4,0,4
6115,12134,11,0,11
6115,12135,16,0,16
231,557,2,0,2
231,562,6,6,12
231,1150,1,1,2
231,1151,27,3,30
231,1146,3,3,6
231,565,2,3,5
231,605,1,1,2
231,1092,0,2,2
231,1170,3,3,6
231,568,3,4,7
231,1171,4,4,8
231,1191,4,4,8
231,571,5,9,14
231,1172,10,3,13
231,576,3,3,6
231,1173,2,2,4
231,1197,67,0,67
231,1174,2,2,4
231,1175,2,2,4
231,1019,2,2,4
231,588,8,8,16
231,1176,2,2,4
231,589,2,2,4
231,1177,2,4,6
231,1178,3,3,6
231,1179,3,3,6
231,1181,2,5,7
231,1182,2,2,4
231,1183,2,2,4
231,1184,2,2,4
231,622,2,2,4
231,623,2,2,4
6116,10611,2,0,2
6116,10616,6,6,12
6116,12099,1,1,2
6116,12100,27,3,30
6116,11718,3,3,6
6116,10619,2,3,5
6116,10659,1,1,2
6116,11515,0,2,2
6116,12122,3,3,6
6116,10622,3,4,7
6116,12124,4,4,8
6116,12148,4,4,8
6116,10625,5,9,14
6116,12125,10,3,13
6116,10630,3,3,6
6116,12126,2,2,4
6116,12156,67,0,67
6116,12127,2,2,4
6116,12128,2,2,4
6116,11099,2,2,4
6116,10642,8,8,16
6116,12129,2,2,4
6116,10643,2,2,4
6116,12130,2,4,6
6116,12132,3,3,6
6116,12133,3,3,6
6116,12135,2,5,7
6116,12137,2,2,4
6116,12138,2,2,4
6116,12139,2,2,4
6116,10676,2,2,4
6116,10677,2,2,4
232,960,1,1,2
6117,11015,1,1,2
235,558,77,42,119
235,1150,137,15,152
235,1151,1,1,2
235,1199,63,0,63
235,1152,61,1,62
235,1167,37,1,38
235,568,4,4,8
235,1171,1,2,3
235,1191,1,1,2
235,1172,147,10,157
235,576,2,4,6
235,1019,2,2,4
235,588,15,19,34
235,589,3,3,6
235,1177,4,5,9
235,1179,1,1,2
235,1182,234,45,279
235,1183,8,3,11
235,1184,6,7,13
235,622,1,1,2
235,623,5,7,12
6120,10612,77,42,119
6120,12099,137,15,152
6120,12100,1,1,2
6120,12158,63,0,63
6120,12102,61,1,62
6120,12118,37,1,38
6120,10622,4,4,8
6120,12124,1,2,3
6120,12148,1,1,2
6120,12125,147,10,157
6120,10630,2,4,6
6120,11099,2,2,4
6120,10642,15,19,34
6120,10643,3,3,6
6120,12130,4,5,9
6120,12133,1,1,2
6120,12137,234,45,279
6120,12138,8,3,11
6120,12139,6,7,13
6120,10676,1,1,2
6120,10677,5,7,12
236,558,3,3,6
236,1150,23,5,28
236,1151,1,1,2
236,1146,3,3,6
236,565,2,2,4
236,1155,77,9,86
236,1170,3,3,6
236,567,25,25,50
236,1172,41,39,80
236,1171,14,17,31
236,568,27,44,71
236,1191,5,5,10
236,576,5,6,11
236,1173,2,2,4
236,1197,4,4,8
236,1174,2,2,4
236,1175,2,2,4
236,1019,2,2,4
236,588,8,8,16
236,1176,2,2,4
236,589,3,3,6
236,1177,3,3,6
236,1178,3,3,6
236,1179,3,3,6
236,1181,2,2,4
236,1182,107,141,248
236,1183,2,2,4
236,1184,4,4,8
236,622,2,2,4
236,623,2,2,4
6121,10612,3,3,6
6121,12099,23,5,28
6121,12100,1,1,2
6121,11718,3,3,6
6121,10619,2,2,4
6121,12106,77,9,86
6121,12122,3,3,6
6121,10621,25,25,50
6121,12125,41,39,80
6121,12124,14,17,31
6121,10622,27,44,71
6121,12148,5,5,10
6121,10630,5,6,11
6121,12126,2,2,4
6121,12156,4,4,8
6121,12127,2,2,4
6121,12128,2,2,4
6121,11099,2,2,4
6121,10642,8,8,16
6121,12129,2,2,4
6121,10643,3,3,6
6121,12130,3,3,6
6121,12132,3,3,6
6121,12133,3,3,6
6121,12135,2,2,4
6121,12137,107,141,248
6121,12138,2,2,4
6121,12139,4,4,8
6121,10676,2,2,4
6121,10677,2,2,4
237,557,4,0,4
237,1150,9,0,9
237,1151,44,0,44
237,1199,20,0,20
237,1153,1,13,14
237,1155,23,5,28
237,1156,3,2,5
237,1157,4,1,5
237,1204,45,0,45
237,1158,5,4,9
237,1159,3,1,4
237,1160,4,1,5
237,1205,45,0,45
237,1161,5,1,6
237,1162,45,1,46
237,1166,24,0,24
237,1167,5,9,14
237,1168,7,2,9
237,1169,2,1,3
237,1172,5,0,5
237,1171,10,1,11
237,568,29,10,39
237,1191,23,0,23
237,1206,147,0,147
237,575,7,7,14
237,1197,20,1,21
237,588,2,0,2
237,589,57,1,58
237,1177,88,42,130
237,1207,57,0,57
237,1208,57,0,57
237,1182,1,1,2
237,1184,12,1,13
237,1210,102,0,102
237,1211,135,0,135
237,1212,76,0,76
6122,10611,4,0,4
6122,12099,9,0,9
6122,12100,44,0,44
6122,12158,20,0,20
6122,12104,1,13,14
6122,12106,23,5,28
6122,12107,3,2,5
6122,12108,4,1,5
6122,12164,45,0,45
6122,12109,5,4,9
6122,12110,3,1,4
6122,12111,4,1,5
6122,12165,45,0,45
6122,12112,5,1,6
6122,12113,45,1,46
6122,12117,24,0,24
6122,12118,5,9,14
6122,12119,7,2,9
6122,12120,2,1,3
6122,12125,5,0,5
6122,12124,10,1,11
6122,10622,29,10,39
6122,12148,23,0,23
6122,12166,147,0,147
6122,10629,7,7,14
6122,12156,20,1,21
6122,10642,2,0,2
6122,10643,57,1,58
6122,12130,88,42,130
6122,12167,57,0,57
6122,12168,57,0,57
6122,12137,1,1,2
6122,12139,12,1,13
6122,12171,102,0,102
6122,12172,135,0,135
6122,12173,76,0,76
3328,5556,10,0,10
3328,5560,35,0,35
3328,5712,1,1,2
3328,6000,6,0,6
3328,5566,225,96,321
3328,5676,34,5,39
3328,5740,1,1,2
3328,6004,35,0,35
3328,6005,135,0,135
3328,6006,139,0,139
3328,6007,40,0,40
3328,6008,48,0,48
3328,6009,32,0,32
3328,6011,24,0,24
3328,6012,40,0,40
3328,6013,37,0,37
3328,6014,19,0,19
3328,6015,18,0,18
3328,6016,30,0,30
3328,6017,99,0,99
3328,6018,19,0,19
3328,6019,17,0,17
3328,6020,34,0,34
3328,6021,40,0,40
3328,6022,36,0,36
3328,6023,20,0,20
3328,5572,24,0,24
3329,6004,15,0,15
3329,6005,15,0,15
3329,6006,15,0,15
3329,6007,15,0,15
3329,6008,15,1,16
3329,6009,15,0,15
3329,6011,15,0,15
3329,6012,15,0,15
3329,6013,15,0,15
3329,6014,15,0,15
3329,6015,15,0,15
3329,6016,15,0,15
3329,6017,15,0,15
3329,6018,15,0,15
3329,6019,15,0,15
3329,6020,15,0,15
3329,6021,15,0,15
3329,6022,15,0,15
3329,6023,15,0,15
238,557,1,1,2
238,558,26,0,26
238,1219,58,0,58
238,1152,21,0,21
238,1220,41,0,41
238,1221,122,0,122
238,605,1,0,1
238,1159,13,6,19
238,1167,48,19,67
238,1173,1,1,2
238,960,6,1,7
238,1175,1,1,2
238,585,15,0,15
238,1019,1,1,2
238,588,1,1,2
238,1176,8,2,10
238,589,5,1,6
238,1177,12,5,17
238,1178,4,2,6
238,1179,5,1,6
238,1207,3,1,4
238,1208,3,1,4
238,1180,12,2,14
238,1181,6,0,6
238,1182,7,1,8
238,1183,7,6,13
238,1184,20,9,29
238,1224,48,0,48
238,1225,64,0,64
238,1226,69,0,69
238,1227,128,0,128
238,1210,3,4,7
6123,10611,1,1,2
6123,10612,26,0,26
6123,12181,58,0,58
6123,12102,21,0,21
6123,12182,41,0,41
6123,12183,122,0,122
6123,10659,1,0,1
6123,12110,13,6,19
6123,12118,48,19,67
6123,12126,1,1,2
6123,11015,6,1,7
6123,12128,1,1,2
6123,10639,15,0,15
6123,11099,1,1,2
6123,10642,1,1,2
6123,12129,8,2,10
6123,10643,5,1,6
6123,12130,12,5,17
6123,12132,4,2,6
6123,12133,5,1,6
6123,12167,3,1,4
6123,12168,3,1,4
6123,12134,12,2,14
6123,12135,6,0,6
6123,12137,7,1,8
6123,12138,7,6,13
6123,12139,20,9,29
6123,12187,48,0,48
6123,12189,64,0,64
6123,12190,69,0,69
6123,12193,128,0,128
6123,12171,3,4,7
239,1236,28,0,28
239,1152,5,25,30
239,1220,12,10,22
239,1221,29,28,57
239,1159,1,1,2
239,1167,23,33,56
239,1224,29,9,38
239,1238,68,0,68
239,1226,15,13,28
239,1227,25,21,46
6124,12203,28,0,28
6124,12102,5,25,30
6124,12182,12,10,22
6124,12183,29,28,57
6124,12110,1,1,2
6124,12118,23,33,56
6124,12187,29,9,38
6124,12205,68,0,68
6124,12190,15,13,28
6124,12193,25,21,46
240,605,5,9,14
240,1159,0,1,1
240,1169,6,6,12
240,1177,4,3,7
6125,10659,5,9,14
6125,12110,0,1,1
6125,12120,6,6,12
6125,12130,4,3,7
3331,5572,4,0,4
241,1236,6,0,6
241,1240,87,0,87
241,1167,21,18,39
241,1171,31,35,66
241,1206,11,39,50
241,576,14,17,31
241,1242,140,0,140
241,1243,23,27,50
241,1210,3,0,3
241,1212,4,0,4
6126,12203,6,0,6
6126,12207,87,0,87
6126,12118,21,18,39
6126,12124,31,35,66
6126,12166,11,39,50
6126,10630,14,17,31
6126,12210,140,0,140
6126,12211,23,27,50
6126,12171,3,0,3
6126,12173,4,0,4
242,1238,2,0,2
242,925,8,4,12
242,1033,16,12,28
6127,12205,2,0,2
6127,10979,8,4,12
6127,11113,16,12,28
244,1171,6,5,11
244,1206,6,5,11
6129,12124,6,5,11
6129,12166,6,5,11
247,1240,0,7,7
6132,12207,0,7,7
248,1154,5,3,8
248,1021,3,1,4
248,1155,9,7,16
248,1156,4,2,6
248,1157,6,2,8
248,1204,4,2,6
248,1158,5,3,8
248,1160,5,3,8
248,1205,4,2,6
248,1161,3,1,4
248,1162,26,14,40
248,1163,7,3,10
248,1166,8,6,14
248,619,4,2,6
248,1168,5,3,8
248,1167,15,7,22
6133,12105,5,3,8
6133,11101,3,1,4
6133,12106,9,7,16
6133,12107,4,2,6
6133,12108,6,2,8
6133,12164,4,2,6
6133,12109,5,3,8
6133,12111,5,3,8
6133,12165,4,2,6
6133,12112,3,1,4
6133,12113,26,14,40
6133,12114,7,3,10
6133,12117,8,6,14
6133,10673,4,2,6
6133,12119,5,3,8
6133,12118,15,7,22
249,1159,0,1,1
249,1168,0,0,0
249,1184,0,0,0
6134,12110,0,1,1
6134,12119,0,0,0
6134,12139,0,0,0
3332,5572,1,1,2
3332,5574,4,4,8
258,1248,54,0,54
258,1250,277,0,277
258,1251,185,0,185
258,1252,106,0,106
258,1253,179,0,179
258,1254,93,0,93
258,1255,886,0,886
258,1256,43,0,43
258,1257,1192,0,1192
258,1258,94,0,94
258,1259,476,0,476
258,1260,333,0,333
258,1261,197,0,197
258,1262,417,0,417
258,1263,308,0,308
258,1265,105,0,105
6143,12217,54,0,54
6143,12219,277,0,277
6143,12220,185,0,185
6143,12221,106,0,106
6143,12222,179,0,179
6143,12223,93,0,93
6143,12224,886,0,886
6143,12225,43,0,43
6143,12226,1192,0,1192
6143,12227,94,0,94
6143,12228,476,0,476
6143,12229,333,0,333
6143,12230,197,0,197
6143,12231,417,0,417
6143,12232,308,0,308
6143,12234,105,0,105
259,1248,8,1,9
6144,12217,8,1,9
261,1206,2,0,2
261,1269,106,0,106
6146,12166,2,0,2
6146,12238,106,0,106
264,1152,27,2,29
264,605,2,0,2
264,1275,149,0,149
264,1167,20,3,23
264,1276,228,0,228
264,1277,155,0,155
264,1269,8,2,10
6149,12102,27,2,29
6149,10659,2,0,2
6149,12244,149,0,149
6149,12118,20,3,23
6149,12245,228,0,228
6149,12246,155,0,155
6149,12238,8,2,10
265,1277,3,0,3
265,1280,59,0,59
6150,12246,3,0,3
6150,12249,59,0,59
266,1280,14,10,24
6151,12249,14,10,24
267,1171,19,3,22
267,1269,18,4,22
6152,12124,19,3,22
6152,12238,18,4,22
268,557,0,6,6
268,567,4,20,24
268,568,21,22,43
6153,10611,0,6,6
6153,10621,4,20,24
6153,10622,21,22,43
1,26,61,0,61
1,27,194,0,194
1,28,234,0,234
1,29,37,0,37
1,30,138,0,138
1,32,20,0,20
1,33,66,0,66
1,34,43,0,43
1,36,83,0,83
1,37,34,0,34
1,38,115,0,115
1,39,80,0,80
1,41,52,0,52
1,42,33,0,33
1,43,75,0,75
1,44,32,0,32
1,45,44,0,44
1,46,43,0,43
1,47,123,0,123
1,48,185,0,185
1,49,114,0,114
1,50,106,0,106
1,51,47,0,47
1,52,88,0,88
1,53,41,0,41
1,54,153,0,153
1,55,111,0,111
1,56,47,0,47
1,57,83,0,83
1,58,127,0,127
1,59,77,0,77
1,60,47,0,47
1,61,61,0,61
1,62,96,0,96
1,63,49,0,49
1,64,197,0,197
1,66,44,0,44
1,68,185,0,185
1,69,215,0,215
1,70,129,0,129
1,71,107,0,107
1,72,80,0,80
1,73,172,0,172
1,74,34,0,34
1,75,120,0,120
1,76,60,0,60
1,77,59,0,59
1,79,76,0,76
1,80,40,0,40
1,81,86,0,86
1,82,71,0,71
1,84,78,0,78
1,85,46,0,46
1,87,45,0,45
1,88,158,0,158
1,89,74,0,74
1,90,109,0,109
1,92,114,0,114
1,94,110,0,110
1,95,59,0,59
1,96,59,0,59
1,97,71,0,71
1,98,97,0,97
1,100,303,0,303
1,101,107,0,107
1,174,68,0,68
1,176,70,0,70
1,177,71,0,71
1,178,101,0,101
1,179,89,0,89
1,181,249,0,249
1,184,132,0,132
1,186,197,0,197
1,220,67,0,67
1,221,137,0,137
1,222,28,0,28
1,223,109,0,109
1,224,118,0,118
1,234,103,0,103
1,235,25,0,25
1,236,111,0,111
1,237,79,0,79
1,238,38,0,38
1,252,140,0,140
1,253,72,0,72
1,255,104,0,104
1,256,135,0,135
1,257,80,0,80
1,259,86,0,86
1,260,122,0,122
1,261,111,0,111
1,262,52,0,52
3333,5870,38,1,39
3333,5820,97,0,97
280,1171,75,34,109
280,1269,9,49,58
6165,12124,75,34,109
6165,12238,9,49,58
3334,5572,9,9,18
283,1275,21,1,22
283,1276,32,6,38
6168,12244,21,1,22
6168,12245,32,6,38
289,557,34,14,48
289,1199,57,0,57
289,605,1,0,1
289,1315,105,0,105
289,1316,58,0,58
289,1275,2,0,2
289,1167,13,1,14
289,1317,127,0,127
289,567,104,95,199
289,1171,1,1,2
289,568,50,29,79
289,1277,5,2,7
289,589,12,0,12
6174,10611,34,14,48
6174,12158,57,0,57
6174,10659,1,0,1
6174,12285,105,0,105
6174,12286,58,0,58
6174,12244,2,0,2
6174,12118,13,1,14
6174,12287,127,0,127
6174,10621,104,95,199
6174,12124,1,1,2
6174,10622,50,29,79
6174,12246,5,2,7
6174,10643,12,0,12
291,557,3,0,3
291,1199,55,1,56
291,605,1,0,1
291,1316,6,5,11
291,1167,19,1,20
291,567,16,7,23
291,568,6,2,8
291,1277,3,1,4
291,589,18,2,20
291,1323,66,0,66
291,1324,101,0,101
6176,10611,3,0,3
6176,12158,55,1,56
6176,10659,1,0,1
6176,12286,6,5,11
6176,12118,19,1,20
6176,10621,16,7,23
6176,10622,6,2,8
6176,12246,3,1,4
6176,10643,18,2,20
6176,12293,66,0,66
6176,12294,101,0,101
292,1167,3,3,6
292,1242,1,1,2
6177,12118,3,3,6
6177,12210,1,1,2
293,1152,22,0,22
6178,12102,22,0,22
3626,6302,150,0,150
3626,6303,171,0,171
3626,6304,157,0,157
3626,6305,176,0,176
3626,6306,239,0,239
3626,6307,207,0,207
3626,6308,222,0,222
3626,6330,57,0,57
3626,6332,179,0,179
3626,6333,204,0,204
3626,6334,137,0,137
3626,6335,79,0,79
3626,6336,175,0,175
3626,6337,154,0,154
3626,6338,113,0,113
3626,6339,75,0,75
3626,6344,90,0,90
3626,6345,57,0,57
3626,6346,286,0,286
3626,6347,504,0,504
3626,6348,43,0,43
3626,6349,149,0,149
3626,6351,1007,0,1007
3626,6352,29,0,29
3626,6353,43,0,43
3626,6354,91,0,91
3626,6355,98,0,98
3626,6357,385,0,385
3626,6358,161,0,161
3626,6359,163,0,163
3626,6361,276,0,276
3626,6362,287,0,287
3626,6363,1101,0,1101
3626,6364,132,0,132
3626,6365,260,0,260
3626,6366,301,0,301
3626,6367,33,0,33
3626,6368,56,0,56
3626,6369,415,0,415
3626,6370,46,0,46
3626,6372,50,0,50
3626,6374,268,0,268
3626,6375,45,0,45
3626,6376,84,0,84
3626,6377,28,0,28
3626,6378,318,0,318
3626,6379,140,0,140
3626,6380,107,0,107
3626,6382,53,0,53
3626,6383,53,0,53
3626,6384,51,0,51
3626,6385,51,0,51
3626,6386,45,0,45
3626,6387,52,0,52
3626,6388,52,0,52
3626,6389,49,0,49
3626,6390,88,0,88
3626,6392,40,0,40
3626,6393,75,0,75
3626,6394,33,0,33
3626,6396,48,0,48
3626,6397,47,0,47
3626,6398,48,0,48
3626,6399,29,0,29
3626,6400,52,0,52
3626,6401,50,0,50
3626,6403,85,0,85
3626,6404,118,0,118
3626,6405,80,0,80
3626,6406,39,0,39
3626,6407,188,0,188
3626,6408,80,0,80
3626,6410,127,0,127
3626,6411,120,0,120
3626,6412,125,0,125
3626,6413,241,0,241
3626,6414,156,0,156
3626,6415,160,0,160
3626,6416,40,0,40
3626,6418,16,0,16
3626,6419,70,0,70
3626,6421,390,0,390
3626,6422,490,0,490
3626,6423,146,0,146
3626,6424,239,0,239
3626,6425,503,0,503
3626,6426,721,0,721
3626,6427,38,0,38
3626,6428,221,0,221
3626,6429,155,0,155
3626,6430,897,0,897
3626,6431,495,0,495
3626,6432,218,0,218
3626,6433,441,0,441
3626,6435,264,0,264
3626,6436,387,0,387
3626,6438,110,0,110
3626,6439,91,0,91
3626,6440,88,0,88
3626,6441,157,0,157
3626,6442,138,0,138
3626,6443,111,0,111
3626,6444,96,0,96
3626,6445,125,0,125
3626,6446,128,0,128
3626,6447,168,0,168
3626,6448,183,0,183
3626,6449,105,0,105
3626,6450,113,0,113
3626,6451,36,0,36
3626,6452,34,0,34
3626,6453,117,0,117
3626,6454,86,0,86
3626,6455,99,0,99
3626,6456,104,0,104
3626,6457,347,0,347
3626,6458,171,0,171
3626,6459,289,0,289
3626,6460,119,0,119
3626,6461,119,0,119
3626,6462,127,0,127
3626,6463,128,0,128
294,567,3,0,3
294,1207,1,1,2
294,1208,1,1,2
6179,10621,3,0,3
6179,12167,1,1,2
6179,12168,1,1,2
3627,6435,40,2,42
3627,6436,45,5,50
3628,6428,7,1,8
298,1330,263,0,263
298,1331,44,0,44
298,1332,61,0,61
298,1333,103,0,103
298,1334,201,0,201
298,1335,102,0,102
6183,12300,263,0,263
6183,12301,44,0,44
6183,12302,61,0,61
6183,12303,103,0,103
6183,12304,201,0,201
6183,12305,102,0,102
3335,5911,2,2,4
3335,5574,2,2,4
3336,6025,114,0,114
3336,6026,27,0,27
3336,6028,46,0,46
3336,6029,55,0,55
3336,5913,15,2,17
3336,5870,7,4,11
3336,5593,6,0,6
3336,5806,21,3,24
3336,5872,3,3,6
3336,5780,18,3,21
3336,5781,14,3,17
3336,5821,1,1,2
3336,5609,32,3,35
3336,5611,6,0,6
3336,5873,5,3,8
3336,5774,22,3,25
3336,6030,99,0,99
3629,6361,3,2,5
3629,6369,2,1,3
3629,6421,3,2,5
3629,6422,2,1,3
3629,6426,4,3,7
3629,6431,2,1,3
3629,6435,43,2,45
3629,6436,44,1,45
301,1159,6,0,6
6186,12110,6,0,6
3630,6364,5,0,5
3630,6365,4,1,5
3630,6369,5,0,5
3631,6351,7,7,14
3631,6357,2,2,4
3631,6361,1,1,2
3631,6362,1,1,2
3631,6363,7,9,16
3631,6364,1,1,2
3631,6365,1,1,2
3631,6366,1,1,2
3631,6369,10,4,14
3631,6393,1,1,2
3631,6415,1,1,2
3631,6421,2,2,4
3631,6422,3,3,6
3631,6424,1,1,2
3631,6426,2,2,4
3631,6430,3,3,6
3631,6431,7,7,14
3631,6433,7,7,14
3631,6435,15,11,26
3631,6436,48,41,89
3632,6369,2,2,4
302,1275,24,46,70
302,1276,79,82,161
302,1210,5,67,72
302,1212,5,44,49
302,938,36,62,98
302,937,19,65,84
302,918,32,78,110
6187,12244,24,46,70
6187,12245,79,82,161
6187,12171,5,67,72
6187,12173,5,44,49
6187,10992,36,62,98
6187,10991,19,65,84
6187,10972,32,78,110
304,1158,4,4,8
304,588,3,3,6
304,1169,18,8,26
304,1177,73,16,89
6189,12109,4,4,8
6189,10642,3,3,6
6189,12120,18,8,26
6189,12130,73,16,89
305,1346,142,0,142
305,1347,129,0,129
305,1349,36,0,36
305,1350,44,0,44
6190,12316,142,0,142
6190,12317,129,0,129
6190,12319,36,0,36
6190,12320,44,0,44
