commit_id,file_id,la,ld,la+ld
928,373,49,11,60
928,611,41,4,45
930,373,1,3,4
930,611,1,4,5
931,179,11,19,30
932,179,21,25,46
932,373,1,18,19
932,611,1,19,20
934,2038,4,0,4
935,373,11,30,41
935,611,4,20,24
936,179,1,4,5
937,792,8,9,17
939,349,5,1,6
939,388,19,5,24
940,764,5,5,10
940,772,20,0,20
940,817,0,28,28
943,242,7,0,7
943,324,0,6,6
943,337,2,1,3
943,338,3,3,6
943,339,11,10,21
943,341,3,2,5
943,345,2,1,3
943,346,2,2,4
943,347,6,6,12
943,348,3,2,5
943,349,1,4,5
943,356,2,1,3
943,373,5,4,9
943,409,1,1,2
943,460,1,1,2
943,481,2,1,3
943,485,0,1,1
943,632,8,0,8
943,652,1,1,2
943,658,2,2,4
943,746,6,0,6
943,772,1,1,2
943,820,3,2,5
943,822,2,1,3
943,832,3,1,4
943,920,5,0,5
943,962,1,1,2
944,325,8,6,14
944,642,3,2,5
944,1263,3,2,5
944,656,3,3,6
944,1530,3,3,6
944,658,7,6,13
944,892,3,2,5
944,1087,4,3,7
945,820,13,29,42
946,340,1,1,2
947,820,38,5,43
948,374,12,5,17
949,462,9,7,16
950,325,14,4,18
950,1028,8,0,8
951,309,1,1,2
953,2039,2,2,4
954,753,195,1,196
954,820,1,2,3
956,375,4,4,8
957,609,141,54,195
957,612,518,1141,1659
958,2074,149,0,149
958,1531,73,3,76
958,2038,34,2,36
958,2039,63,2,65
959,2074,2,0,2
959,1531,3,2,5
960,408,5,3,8
961,2074,23,10,33
961,1531,36,4,40
961,2038,8,6,14
962,1531,12,1,13
964,583,8,32,40
965,584,1,4,5
966,1531,4,4,8
966,2039,28,0,28
967,2074,16,17,33
969,1531,1,1,2
970,1528,2,0,2
970,1531,2,0,2
971,2039,1,1,2
972,2039,2,2,4
973,2039,1,1,2
974,363,151,0,151
974,2075,154,0,154
974,1235,47,51,98
974,392,5,1,6
974,540,7,0,7
974,550,46,12,58
974,2076,187,0,187
974,2077,216,0,216
974,944,6,0,6
975,364,0,2,2
978,1085,0,0,0
979,637,1,1,2
979,1085,19,0,19
980,464,2,2,4
982,447,0,13,13
983,447,2,1,3
984,1214,10,3,13
986,790,4,2,6
987,766,12,4,16
989,1531,4,4,8
990,1758,4,1,5
992,1531,11,1,12
993,757,2,3,5
994,764,0,20,20
995,757,9,1,10
997,1531,28,0,28
998,1531,46,20,66
999,1531,9,2,11
1000,1528,4,0,4
1000,1531,68,52,120
1001,1531,47,42,89
1001,2039,22,3,25
1002,354,5,0,5
1003,1101,30,2,32
1006,1528,19,0,19
1006,1531,15,1,16
1007,1531,3,3,6
1008,1531,2,2,4
1015,1531,38,11,49
1016,1531,1,2,3
1017,1531,1,1,2
1018,2085,7,0,7
1018,258,26,13,39
1018,372,74,0,74
1018,2086,204,0,204
1018,518,15,1,16
1018,522,18,1,19
1018,530,0,0,0
1018,542,8,1,9
1018,1531,3,0,3
1020,2086,15,3,18
1022,2086,1,1,2
1023,642,1,1,2
1023,649,1,1,2
1024,372,31,6,37
1024,2086,17,0,17
1025,1527,1,1,2
1026,1260,1,1,2
1027,1527,36,2,38
1027,1528,9,0,9
1027,1531,89,12,101
1028,1531,5,1,6
1033,1527,3,2,5
1033,1531,11,5,16
1034,1531,34,2,36
1035,1531,0,2,2
1036,2074,1,1,2
1036,1531,11,4,15
1037,945,4,0,4
1039,609,1,1,2
1041,1528,15,2,17
1041,1531,132,18,150
1043,440,30,34,64
1044,749,13,0,13
1045,652,12,0,12
1046,364,1,1,2
1047,1850,2,1,3
1048,344,7,2,9
1048,1756,22,0,22
1048,1857,23,8,31
1049,1756,55,5,60
1049,1857,28,15,43
1049,1858,4,0,4
1049,1859,6,2,8
1050,1260,2,0,2
1050,1531,3,0,3
1051,1773,1,1,2
1052,2049,1,1,2
1054,612,5,0,5
1056,773,12,1,13
1056,780,3,1,4
1056,872,22,17,39
1057,2086,17,0,17
1058,518,7,7,14
1059,642,1,27,28
1059,643,0,11,11
1059,649,2,15,17
1059,650,0,9,9
1059,655,1,51,52
1059,1101,0,8,8
1061,325,1,1,2
1061,349,7,2,9
1061,375,6,3,9
1064,354,1,1,2
1065,354,1,1,2
1067,325,8,0,8
1068,1925,7,5,12
1069,1101,9,0,9
1070,1101,0,3,3
1071,325,14,0,14
1076,1288,10,28,38
1076,1330,1,1,2
1077,1288,28,10,38
1079,944,1,1,2
1079,2089,147,0,147
1079,2090,369,0,369
1081,1559,1,14,15
1082,1505,1,0,1
1088,325,5,1,6
1088,639,7,0,7
1089,1531,6,2,8
1089,2038,33,7,40
1091,837,7,4,11
1093,1531,1,1,2
1095,363,34,0,34
1095,2090,4,1,5
1096,1527,0,1,1
1097,917,0,12,12
1098,639,11,0,11
1098,1527,4,5,9
1098,1528,83,15,98
1098,1531,31,36,67
1100,1527,8,0,8
1102,1530,1,1,2
1103,1530,1,1,2
1104,1531,1,1,2
1105,1530,2,0,2
1106,1530,2,2,4
1107,1531,26,20,46
1108,1531,6,9,15
1109,1833,33,6,39
1109,2091,179,0,179
1110,2086,10,3,13
1110,1531,11,2,13
1111,1531,4,1,5
1111,2039,1,1,2
1112,1527,6,1,7
1113,1527,2,0,2
1114,1527,8,8,16
1114,1531,5,14,19
1115,1527,8,8,16
1116,1527,1,8,9
1116,1531,15,9,24
1116,2039,1,1,2
1117,1531,10,48,58
1118,1531,0,2,2
1119,1081,24,21,45
1120,596,0,122,122
1121,375,3,4,7
1125,650,301,279,580
1132,1498,328,3,331
1132,2094,239,0,239
1132,2096,47,0,47
1132,2097,44,0,44
1132,2098,267,0,267
1133,643,154,193,347
1133,1264,150,162,312
1133,650,50,139,189
1133,653,145,136,281
1134,344,31,23,54
1135,2094,8,1,9
1136,792,1,1,2
1137,792,2,2,4
1140,837,6,0,6
1143,1833,5,1,6
1144,1833,2,0,2
1146,1878,17,9,26
1147,1835,1,0,1
1149,205,16,0,16
1149,2085,16,0,16
1149,1749,16,1,17
1149,2047,6,5,11
1149,2048,6,5,11
1149,2049,6,5,11
1149,1789,10,9,19
1149,492,14,8,22
1149,493,14,8,22
1149,495,14,8,22
1149,496,14,8,22
1149,497,14,8,22
1149,498,14,8,22
1149,499,14,8,22
1149,500,14,8,22
1149,501,14,8,22
1149,502,14,8,22
1149,503,14,8,22
1149,504,14,8,22
1149,505,14,8,22
1149,506,14,8,22
1149,507,14,8,22
1149,508,14,8,22
1149,509,14,8,22
1149,510,14,8,22
1149,511,14,8,22
1149,512,14,8,22
1149,513,14,8,22
1149,1812,10,9,19
1149,1815,16,0,16
1149,1823,0,2,2
1149,1832,16,0,16
1149,1835,0,2,2
1149,1967,0,2,2
1149,1863,10,11,21
1149,1865,0,2,2
1149,1868,0,2,2
1149,1869,10,11,21
1149,1870,10,9,19
1149,1875,10,11,21
1149,1877,10,9,19
1149,1878,12,10,22
1149,1879,16,2,18
1149,1889,0,2,2
1149,1890,0,2,2
1149,643,9,9,18
1149,1264,9,9,18
1149,650,9,9,18
1149,653,9,9,18
1149,825,0,5,5
1149,1217,16,0,16
1149,1218,16,0,16
1149,1219,16,0,16
1149,1220,16,0,16
1149,2074,6,5,11
1149,2038,6,5,11
1149,1735,16,0,16
1149,2039,6,5,11
1152,346,6,39,45
1153,1780,3,2,5
1153,1782,3,0,3
1155,609,23,1,24
1156,481,2,0,2
1157,545,21,3,24
1158,325,0,2,2
1159,1531,1,0,1
1160,1797,23,7,30
1160,1889,9,2,11
1161,1101,0,5,5
1162,2074,6,5,11
1162,1531,28,11,39
1163,1816,1,1,2
1163,1833,1,0,1
1163,1870,1,1,2
1164,1833,1,1,2
1164,1863,1,1,2
1164,1868,11,1,12
1164,1889,1,0,1
1166,1498,78,16,94
1166,1505,78,19,97
1168,1877,0,8,8
1169,1867,2,2,4
1169,1870,2,2,4
1169,1878,2,2,4
1169,1879,2,2,4
1169,1889,2,2,4
1169,1890,2,2,4
1170,1790,27,2,29
1171,1868,24,7,31
1171,1879,0,9,9
1171,1890,0,7,7
1172,1816,0,2,2
1173,326,0,0,0
1173,331,10,5,15
1173,629,6,0,6
1173,637,10,0,10
1173,649,2,0,2
1173,1527,2,0,2
1173,654,6,0,6
1173,655,14,0,14
1173,1529,14,0,14
1173,665,4,0,4
1173,666,8,0,8
1173,669,8,0,8
1173,671,7,0,7
1173,672,7,0,7
1174,1868,12,20,32
1174,1889,13,1,14
1175,1945,11,0,11
1176,325,16,0,16
1176,331,18,2,20
1176,338,18,0,18
1177,649,0,2,2
1177,650,5,0,5
1177,1527,0,2,2
1177,1528,4,0,4
1178,1288,5,3,8
1179,331,10,2,12
1180,649,6,4,10
1180,650,0,1,1
1180,1527,6,4,10
1180,1529,0,1,1
1181,356,31,1,32
1183,649,1,0,1
1184,1527,2,0,2
1185,528,3,0,3
1186,354,10,2,12
1187,325,17,3,20
1187,331,0,25,25
1187,338,9,10,19
1188,325,1,1,2
1189,523,20,5,25
1189,527,10,0,10
1190,1925,7,5,12
1195,653,5,1,6
1196,1888,25,16,41
1197,1888,1,1,2
1198,1888,1,1,2
1199,611,3,7,10
1200,1531,2,1,3
1201,316,8,6,14
1201,317,3,2,5
1202,309,9,1,10
1202,316,13,0,13
1206,1837,1,1,2
1208,2074,8,8,16
1208,1531,29,56,85
1209,1925,93,1,94
1209,1945,18,0,18
1210,1925,1,1,2
1212,1925,26,46,72
1212,1945,4,4,8
1213,1925,17,2,19
1213,1945,9,1,10
1214,1925,9,0,9
1214,1945,5,0,5
1215,629,21,0,21
1218,1831,8,0,8
1219,1889,4,2,6
1220,1831,17,15,32
1221,1831,51,15,66
1222,1840,6,4,10
1222,1852,4,0,4
1222,1886,4,2,6
1225,1531,1,11,12
1226,1531,2,6,8
1227,1531,7,0,7
1228,609,0,1,1
1229,1498,3,3,6
1230,442,17,0,17
1231,892,1,1,2
1232,892,2,1,3
1233,1527,1,10,11
1233,1528,0,9,9
1233,1531,0,7,7
1234,1831,2,22,24
1235,1831,1,1,2
1236,1831,13,5,18
1237,1831,2,3,5
1238,1530,1,1,2
1238,1734,1,1,2
1238,1735,1,1,2
1239,1735,4,0,4
1240,1831,0,3,3
1383,1857,4,0,4
1242,1857,4,0,4
1384,550,54,10,64
1385,776,3,1,4
1386,449,12,7,19
1249,550,54,10,64
1387,364,3,0,3
1388,1925,1,97,98
1388,1945,0,31,31
1388,629,0,21,21
1388,649,0,0,0
1252,1945,34,3,37
1252,325,14,1,15
1389,458,3,0,3
1390,458,1,1,2
1253,481,2,7,9
1254,2102,45,0,45
1254,348,21,73,94
1254,2103,437,0,437
1254,364,66,34,100
1254,373,15,150,165
1254,380,15,1,16
1254,2104,29,0,29
1254,2105,55,0,55
1254,391,13,1,14
1254,393,13,1,14
1254,458,3,0,3
1254,522,8,9,17
1254,550,166,134,300
1254,746,3,0,3
1254,750,11,6,17
1254,764,48,47,95
1254,2106,44,0,44
1254,829,11,12,23
1254,837,6,13,19
1255,1266,3,1,4
1257,1945,19,1,20
1257,325,4,3,7
1257,338,3,0,3
1257,1527,8,0,8
1257,1528,1,0,1
1258,1527,2,9,11
1259,1945,3,8,11
1260,1945,0,1,1
1260,325,0,1,1
1261,1531,0,12,12
1262,1945,26,5,31
1263,1945,14,2,16
1264,1945,16,2,18
1264,1527,30,2,32
1264,1531,13,1,14
1264,2107,26,0,26
1265,325,22,2,24
1265,1101,1,1,2
1265,1531,1,1,2
1265,1948,1,1,2
1266,325,2,2,4
1266,337,8,0,8
1266,338,1,1,2
1266,340,8,0,8
1266,640,13,0,13
1267,1945,2,14,16
1268,1925,6,6,12
1268,1527,2,2,4
1269,1527,6,0,6
1270,1531,15,3,18
1271,1527,2,1,3
1271,1528,10,0,10
1271,2074,1,1,2
1271,1531,2,0,2
1391,1529,10,10,20
1272,1527,0,1,1
1273,1527,12,14,26
1273,1529,45,45,90
1273,1531,1,0,1
1274,1529,10,7,17
1275,1529,2,1,3
1276,1528,7,1,8
1277,1945,5,0,5
1278,1945,0,6,6
1279,1945,16,19,35
1279,1527,8,6,14
1279,1531,12,3,15
1280,325,20,0,20
1280,1531,5,1,6
1281,1531,7,4,11
1282,1530,2,1,3
1283,1945,7,2,9
1283,325,2,2,4
1283,337,0,7,7
1283,338,17,2,19
1283,340,5,1,6
1283,629,6,3,9
1283,640,0,13,13
1283,1527,14,13,27
1283,1529,29,33,62
1283,1530,27,25,52
1283,2108,29,0,29
1283,2109,29,0,29
1283,2074,3,1,4
1283,1734,3,1,4
1283,1531,19,48,67
1283,2038,35,10,45
1283,1735,3,2,5
1284,2074,9,9,18
1285,2074,0,4,4
1285,2038,4,5,9
1286,2074,11,6,17
1287,1531,0,2,2
1393,611,1,1,2
1394,102,20,8,28
1394,120,1,1,2
1394,193,1,1,2
1394,216,3,3,6
1288,102,20,8,28
1288,120,1,1,2
1288,193,1,1,2
1288,216,3,3,6
1289,2074,171,9,180
1289,1531,5,9,14
1289,2038,17,2,19
1290,2074,16,10,26
1395,464,5,1,6
1396,462,6,6,12
1396,471,28,37,65
1397,436,4,4,8
1397,437,2,2,4
1397,438,0,3,3
1397,439,2,2,4
1397,440,0,1,1
1397,441,3,3,6
1397,442,17,17,34
1397,447,3,2,5
1397,450,1,1,2
1398,442,16,0,16
14459,5285,48,2,50
14460,5285,2,48,50
1291,1925,10,12,22
1291,1266,11,1,12
1291,1945,8,13,21
1292,1530,2,1,3
1293,1530,10,6,16
1293,2074,10,2,12
1293,2038,0,4,4
1294,2074,2,0,2
1294,1531,2,0,2
1295,2074,13,10,23
1296,2074,26,9,35
1297,1925,31,9,40
1297,1266,2,0,2
1298,1925,1,1,2
1298,1945,1,1,2
1401,2116,164,0,164
1299,1887,4,1,5
1402,1887,4,1,5
1300,1890,6,0,6
1403,1890,6,0,6
1301,1925,6,22,28
1301,1945,11,11,22
1301,629,1,1,2
1301,1527,3,1,4
1404,1498,6,3,9
1404,1510,6,1,7
1405,642,4,2,6
1405,1263,4,2,6
1405,887,4,2,6
1303,642,4,2,6
1303,1263,4,2,6
1303,887,4,2,6
1408,759,5,7,12
1409,1250,0,4,4
1409,2117,0,13,13
1411,392,21,1,22
1412,768,22,4,26
1413,2118,88,0,88
1413,550,38,5,43
1414,1332,1,1,2
1415,642,2,2,4
1415,1263,2,2,4
1415,888,2,2,4
1307,642,2,2,4
1307,1263,2,2,4
1307,888,2,2,4
1416,325,3,1,4
1308,325,3,1,4
1309,1831,2,2,4
1417,349,4,1,5
1310,349,4,1,5
1311,1886,24,3,27
1419,1857,2,2,4
1312,1857,2,2,4
1420,1082,15,14,29
1421,1088,29,2,31
1422,1079,16,13,29
1422,1080,1,1,2
1422,1082,0,1,1
1422,1086,3,2,5
1422,1087,7,5,12
1422,1088,6,6,12
1424,476,1,1,2
1424,915,1,1,2
1425,1499,5,3,8
1313,1499,5,3,8
1426,1499,1,1,2
1314,1499,1,1,2
1429,1145,5,1,6
1316,1145,5,1,6
1317,1857,4,1,5
1430,1857,4,1,5
1432,325,1,1,2
1432,340,5,2,7
1432,449,4,1,5
1433,746,6,0,6
1433,841,3,1,4
1436,524,3,3,6
1438,1510,9,5,14
1439,1082,3,4,7
1440,1858,1,1,2
1319,1858,1,1,2
1441,2119,115,0,115
1442,1858,1,1,2
1320,1858,1,1,2
1443,375,5,2,7
1321,375,5,2,7
1322,611,1,1,2
1322,1088,29,2,31
1323,1079,16,13,29
1323,1080,1,1,2
1323,1086,3,2,5
1323,1087,7,5,12
1323,1088,6,6,12
1324,476,1,1,2
1324,573,0,159,159
1324,915,1,1,2
1325,325,1,1,2
1325,340,5,2,7
1325,449,4,1,5
1326,746,6,0,6
1326,841,3,1,4
1327,524,3,3,6
1328,1510,9,5,14
1328,1082,17,18,35
1329,1510,1,1,2
1445,1332,2,6,8
1446,471,34,2,36
1448,1771,2,0,2
1332,1771,2,0,2
