commit_id,file_id,la,ld,la+ld
497,686,32,16,48
516,686,1,1,2
517,686,1,1,2
860,98,11,6,17
860,116,11,6,17
860,631,14,0,14
860,129,0,12,12
860,130,0,15,15
860,1244,99,0,99
860,1245,119,0,119
860,1246,40,0,40
860,1247,43,0,43
860,1248,93,0,93
860,160,14,0,14
860,188,7,1,8
860,237,25,35,60
861,116,2,5,7
861,1244,5,5,10
861,1245,1,1,2
861,1246,3,4,7
861,1247,2,2,4
861,1250,45,0,45
861,188,2,4,6
862,98,2,1,3
862,116,4,4,8
862,120,8,0,8
862,124,10,0,10
862,1250,1,1,2
862,161,8,1,9
862,188,4,4,8
863,631,2,1,3
863,1245,6,4,10
863,1246,7,2,9
658,211,21,4,25
658,224,139,69,208
658,1147,71,0,71
864,116,5,2,7
864,119,19,0,19
864,120,2,2,4
864,122,19,0,19
864,1244,3,22,25
864,1245,4,10,14
864,1246,7,2,9
864,1251,62,0,62
864,1252,64,0,64
864,1247,0,12,12
864,1253,3,15,18
864,1250,3,18,21
864,1254,71,0,71
864,161,3,1,4
864,237,0,2,2
865,120,1,1,2
865,1251,0,9,9
865,1250,31,0,31
865,1255,1,2,3
865,161,2,3,5
867,98,5,5,10
867,116,7,7,14
867,631,7,7,14
867,119,5,5,10
867,120,6,6,12
867,122,5,5,10
867,124,4,4,8
867,1244,26,7,33
867,1245,21,12,33
867,1246,7,11,18
867,1251,3,3,6
867,1252,4,5,9
867,1257,72,0,72
867,1253,2,2,4
867,1258,60,0,60
867,1248,1,1,2
867,1255,2,2,4
867,1254,4,4,8
867,160,8,8,16
867,161,4,4,8
867,188,5,5,10
867,237,22,22,44
868,1257,88,23,111
869,1253,44,0,44
869,1258,0,0,0
870,1257,5,0,5
870,1258,6,28,34
870,161,4,1,5
871,631,2,2,4
871,1245,35,18,53
871,1260,69,0,69
871,160,2,2,4
872,1251,8,0,8
872,1252,14,2,16
872,1255,7,0,7
872,1254,10,2,12
873,116,2,4,6
873,119,1,1,2
873,122,1,1,2
501,237,18,2,20
502,237,1,1,2
503,237,1,1,2
504,286,5,1,6
659,1149,241,0,241
660,224,243,91,334
661,1154,173,329,502
661,1155,134,216,350
661,1144,28,50,78
661,707,2,6,8
661,149,5,5,10
661,161,11,19,30
661,164,1,1,2
661,168,1,1,2
661,720,1,1,2
661,650,5,6,11
661,711,64,344,408
661,1156,295,0,295
661,188,12,16,28
661,596,3,3,6
661,230,2,1,3
661,712,18,19,37
661,237,1,1,2
661,1147,3,6,9
662,1158,63,0,63
663,1160,49,0,49
663,1154,17,5,22
663,1155,56,19,75
663,1162,27,0,27
663,1144,4,2,6
663,1156,72,25,97
663,188,1,1,2
663,1149,15,2,17
663,224,6,6,12
663,1158,16,5,21
874,116,6,1,7
874,119,2,0,2
874,122,23,1,24
874,1244,37,0,37
874,1245,9,1,10
874,1260,2,0,2
874,1257,6,0,6
874,1261,3,18,21
874,1258,12,0,12
874,1255,6,0,6
874,161,1,12,13
874,188,18,3,21
874,248,4,0,4
874,934,14,0,14
499,160,54,0,54
499,208,6,0,6
505,235,3,2,5
507,237,29,30,59
508,641,448,447,895
509,641,1892,1670,3562
510,179,6,2,8
510,188,13,2,15
510,202,16,3,19
510,290,12,2,14
513,160,0,10,10
875,1245,2,1,3
875,1251,10,1,11
875,1252,13,0,13
875,1253,3,0,3
875,1254,15,0,15
514,934,2,2,4
664,224,5,7,12
667,636,2,1,3
667,1164,212,0,212
667,1165,6575,0,6575
667,641,1670,1892,3562
667,650,5,0,5
667,1166,129,0,129
668,1164,36,3,39
668,1165,97,24,121
668,650,3,1,4
668,1166,102,10,112
669,1164,36,1,37
669,1166,25,1,26
671,1165,48,565,613
671,1166,21,1,22
518,179,3,10,13
518,188,36,0,36
519,179,1,0,1
519,188,9,1,10
520,179,2,1,3
672,1165,210,439,649
672,1166,125,15,140
521,179,2,2,4
521,188,20,12,32
521,202,8,8,16
521,290,2,2,4
522,290,3,3,6
524,160,34,16,50
524,179,1,1,2
524,188,8,3,11
524,268,1,0,1
525,179,11,1,12
525,209,0,1,1
523,686,5,5,10
523,711,3,3,6
523,179,3,3,6
523,188,3,3,6
523,954,75,0,75
526,686,5,5,10
526,711,3,3,6
526,179,3,3,6
526,188,3,3,6
526,955,75,0,75
527,961,0,2,2
528,179,0,2,2
673,1164,193,8,201
673,1166,10,8,18
674,1164,23,13,36
674,1166,11,11,22
529,968,1,0,1
530,179,1,0,1
675,1164,46,60,106
675,1166,28,18,46
676,1164,29,47,76
676,1166,23,13,36
677,1164,24,58,82
677,1165,148,277,425
677,1166,35,68,103
678,1164,10,8,18
678,1166,6,13,19
679,1164,8,42,50
679,1166,12,55,67
665,130,29,1,30
665,160,24,7,31
665,161,10,0,10
665,288,8,1,9
685,1164,5,2,7
685,640,4,0,4
685,650,1,1,2
685,1166,3,4,7
686,1164,46,10,56
686,1166,93,26,119
680,161,10,6,16
680,1169,54,0,54
680,650,2,46,48
680,1170,37,0,37
681,1155,6,6,12
681,1164,60,51,111
682,164,2,4,6
687,1164,28,19,47
687,1165,102,35,137
687,1166,12,0,12
683,1154,4,4,8
683,130,1,1,2
683,184,6,2,8
683,185,2,1,3
683,188,1,4,5
683,626,2,1,3
683,1149,27,13,40
683,224,21,17,38
690,1166,0,1,1
684,224,14,1,15
688,224,69,128,197
532,580,4,0,4
532,118,35,4,39
532,634,8,0,8
532,639,28,0,28
532,641,443,28,471
532,644,26,0,26
532,148,17,6,23
532,149,1,0,1
532,653,17,0,17
532,656,26,0,26
532,190,3,0,3
532,201,2,0,2
532,204,9,0,9
532,209,33,11,44
532,944,4,0,4
532,211,4,0,4
532,216,20,0,20
532,222,4,0,4
532,224,4,0,4
532,227,4,0,4
532,703,4,0,4
532,237,84,36,120
532,240,4,0,4
532,250,16,0,16
532,254,16,1,17
532,273,4,0,4
532,274,8,0,8
532,276,4,0,4
532,277,2,0,2
532,279,4,0,4
532,282,3,0,3
532,284,4,0,4
533,254,4,15,19
534,118,9,11,20
535,273,0,4,4
535,274,0,8,8
535,276,0,5,5
535,277,0,2,2
535,279,0,5,5
535,282,0,4,4
535,284,0,5,5
692,1172,153,0,153
692,208,4,7,11
692,209,5,11,16
538,118,1,1,2
541,989,2,1,3
693,1154,14,0,14
693,1155,15,0,15
693,1164,15,0,15
694,934,2,1,3
545,997,10,0,10
545,998,2,1,3
546,997,1,1,2
547,1000,4,1,5
547,997,1,1,2
696,252,10,0,10
696,628,2,1,3
697,252,1,1,2
698,237,4,1,5
698,252,1,1,2
700,1164,62,1,63
700,1165,958,112,1070
700,1166,52,0,52
548,1000,2,1,3
701,237,2,1,3
543,991,23,2,25
543,992,13,0,13
544,995,8,6,14
703,116,23,2,25
703,631,13,0,13
704,209,8,6,14
705,160,19,9,28
705,208,6,1,7
705,209,8,0,8
550,992,4,1,5
552,1002,1,1,2
557,208,1,1,2
558,208,3,1,4
558,209,1,1,2
706,1154,1,1,2
706,1155,1,1,2
706,1164,6,6,12
706,1165,156,155,311
706,1166,4,4,8
553,1004,6,4,10
554,1007,4,0,4
560,188,4,0,4
561,703,6,4,10
556,703,20,3,23
562,209,1,1,2
689,118,5,0,5
689,1154,21,19,40
689,1144,10,10,20
689,224,64,41,105
689,712,4,4,8
707,118,0,5,5
709,160,2,2,4
563,1012,2,2,4
711,1154,71,102,173
711,1155,6,47,53
711,1164,6,56,62
711,712,2,7,9
712,1177,82,0,82
712,1154,8,4,12
712,1144,4,9,13
712,224,25,35,60
713,1164,34,44,78
714,1164,11,24,35
716,1172,10,31,41
716,712,9,6,15
720,1164,7,6,13
720,1165,231,993,1224
720,641,1801,2038,3839
720,1166,9,55,64
718,1172,3,3,6
718,1160,15,6,21
718,1177,196,3,199
718,1164,65,56,121
718,1162,1,1,2
718,160,8,5,13
718,1169,0,7,7
718,1166,62,77,139
721,1164,39,48,87
719,224,16,10,26
723,1165,1319,1650,2969
723,1166,2,3,5
724,1166,101,149,250
729,1164,1,1,2
729,1165,445,63,508
730,1164,23,1,24
730,1165,77,9,86
730,1166,10,0,10
731,1172,1,2,3
731,1177,8,0,8
731,1179,32,0,32
731,1180,69,0,69
731,1164,38,0,38
731,1165,825,107,932
731,1166,90,3,93
732,1179,3,3,6
732,1181,26,0,26
732,1180,14,16,30
732,1166,5,5,10
727,161,8,0,8
727,188,6,5,11
727,224,41,14,55
727,712,35,29,64
728,712,19,0,19
734,188,1,1,2
734,1183,85,0,85
736,1179,2,9,11
736,1180,6,5,11
736,1166,1,1,2
739,1177,12,0,12
739,1164,27,19,46
739,1179,12,11,23
739,1181,1,1,2
739,1180,31,8,39
739,1166,6,7,13
740,1177,0,12,12
740,1164,19,27,46
740,1179,11,12,23
740,1181,1,1,2
740,1180,8,31,39
740,1166,7,6,13
741,1177,1,1,2
741,1164,10,10,20
741,1165,283,553,836
741,1180,4,5,9
741,1190,43,0,43
741,1166,18,11,29
742,1177,2,1,3
742,1164,9,4,13
742,1179,22,10,32
742,1181,1,1,2
742,1180,2,2,4
742,1166,4,7,11
743,1177,23,1,24
743,1164,2,20,22
744,1177,11,2,13
648,580,4,0,4
648,198,9,0,9
648,204,27,0,27
648,209,81,1,82
648,211,4,0,4
648,222,5,0,5
648,224,4,0,4
648,227,4,0,4
648,703,6,2,8
648,239,35,3,38
738,116,2,2,4
738,1177,27,8,35
738,1164,90,69,159
738,1166,17,19,36
738,224,19,5,24
745,1177,5,8,13
745,1164,1,1,2
745,1179,2,2,4
745,1166,16,16,32
747,161,7,1,8
747,1169,7,2,9
747,1180,6,0,6
747,1166,4,6,10
748,1180,18,18,36
748,1166,4,5,9
746,1177,5,2,7
746,1164,1,1,2
746,1166,1,1,2
749,1166,16,5,21
756,636,0,1,1
756,161,11,4,15
756,164,4,1,5
756,1170,20,1,21
759,1164,2,2,4
759,1166,7,15,22
652,184,26,7,33
652,185,4,2,6
653,184,5,0,5
773,1190,1,1,2
774,1177,6,6,12
764,209,47,81,128
765,184,5,7,12
765,185,1,5,6
775,1179,6,5,11
775,1180,1,1,2
775,1190,18,4,22
775,1166,2,0,2
768,98,31,9,40
776,161,7,3,10
776,1180,13,0,13
776,1190,16,0,16
776,1166,1,6,7
777,1181,12,0,12
777,1180,5,0,5
778,1179,4,0,4
778,1180,1,1,2
568,686,35,12,47
568,160,46,20,66
568,702,9,52,61
568,231,1,7,8
568,703,6,22,28
568,264,17,1,18
568,270,31,2,33
569,1017,195,0,195
569,1018,86,0,86
569,1019,65,0,65
569,1020,332,0,332
569,224,2,2,4
569,211,5,5,10
569,1022,62,0,62
570,155,3,2,5
571,209,4,3,7
781,1177,6,5,11
782,645,2,1,3
782,161,7,7,14
782,1180,13,1,14
762,1177,3,4,7
762,1149,4,0,4
769,947,9,16,25
769,1200,10,13,23
770,946,2,0,2
770,1202,29,0,29
763,116,3,1,4
784,1149,62,111,173
785,224,79,74,153
