Simple
0.00,6.73,11.22,14.45,17.54,20.58,22.24,23.91,26.27,28.61,30.76,32.39,33.81,35.14,36.58,38.03,39.30,40.66,41.91,42.82,43.56,44.17,44.87,45.67,46.59,47.51,48.37,49.18,49.92,50.48,51.02,51.54,52.02,52.49,53.03,53.48,53.85,54.22,54.51,54.75,54.99,55.23,55.51,55.83,56.08,56.37,56.79,57.37,57.84,58.77,59.92,61.68,63.75,66.18,68.85,71.61,74.12,76.61,78.77,80.67,82.28,83.82,85.27,86.44,87.63,88.51,89.32,90.19,90.94,91.61,92.24,92.95,93.47,93.97,94.41,94.77,95.12,95.39,95.74,96.10,96.52,96.98,97.39,97.77,98.09,98.41,98.68,98.89,99.13,99.24,99.34,99.37,99.42,99.44,99.53,99.58,99.65,99.73,99.75,99.82,100.00
43.56
ROS
0.00,7.28,12.93,16.73,19.80,22.42,25.54,28.32,29.68,31.35,33.61,35.97,38.00,39.76,41.25,42.66,43.87,45.08,46.46,47.77,48.99,50.34,51.59,52.65,53.46,54.02,54.65,55.37,56.18,57.03,57.91,58.73,59.54,60.29,60.87,61.40,61.87,62.35,62.87,63.34,63.80,64.23,64.54,64.87,65.15,65.31,65.59,65.80,66.13,66.41,66.84,67.23,67.70,68.12,68.69,69.52,70.84,72.42,74.28,76.58,78.70,81.10,83.27,84.99,86.59,87.90,89.13,90.18,91.08,91.93,92.72,93.24,93.84,94.39,94.88,95.37,95.72,96.06,96.39,96.70,96.92,97.15,97.46,97.74,98.02,98.18,98.34,98.59,98.77,98.92,99.04,99.10,99.16,99.23,99.44,99.54,99.61,99.67,99.70,99.82,100.00
48.99
RUS
0.00,7.82,13.08,17.59,20.96,23.85,26.24,29.09,32.15,34.54,35.77,37.11,39.16,41.40,43.60,45.47,47.17,48.71,50.03,51.16,52.35,53.58,54.78,55.91,57.12,58.39,59.66,60.84,61.82,62.58,63.15,63.72,64.38,65.15,65.85,66.68,67.50,68.37,69.16,69.87,70.37,70.83,71.27,71.70,72.14,72.66,73.13,73.59,74.00,74.34,74.63,74.91,75.18,75.41,75.65,75.91,76.11,76.37,76.61,76.89,77.09,77.32,77.71,78.39,79.03,80.18,81.57,83.15,84.99,87.03,88.84,90.44,91.82,93.00,94.04,94.94,95.64,96.19,96.73,97.13,97.49,97.81,98.11,98.33,98.54,98.69,98.84,99.03,99.19,99.32,99.44,99.58,99.65,99.71,99.75,99.80,99.83,99.90,99.91,99.97,100.00
52.35
Smote
0.00,6.25,11.00,14.57,17.25,20.44,23.73,26.19,27.42,29.55,32.03,34.30,36.16,37.76,39.11,40.49,41.81,43.01,44.30,45.66,46.95,48.11,48.92,49.53,50.10,50.81,51.58,52.35,53.22,54.03,54.89,55.50,56.07,56.53,57.02,57.53,58.05,58.51,58.97,59.40,59.75,60.03,60.34,60.59,60.82,61.14,61.39,61.76,62.00,62.38,62.61,62.89,63.32,64.10,65.27,67.00,69.16,72.22,74.80,77.37,79.84,82.11,83.80,85.49,86.74,87.75,88.73,89.64,90.39,91.20,91.80,92.54,93.08,93.72,94.28,94.75,95.15,95.49,95.80,96.09,96.41,96.70,97.02,97.39,97.72,98.00,98.38,98.75,99.14,99.37,99.51,99.56,99.63,99.63,99.72,99.76,99.78,99.91,99.91,99.96,100.00
46.95
Bag
0.00,7.31,10.59,13.67,17.16,18.98,20.66,23.15,25.67,27.92,29.77,31.20,32.56,34.09,35.35,36.73,38.16,39.63,40.94,41.95,42.45,42.85,43.42,44.30,45.23,46.11,46.89,47.79,48.69,49.50,50.06,50.59,51.07,51.63,52.15,52.70,53.20,53.68,53.96,54.27,54.49,54.75,55.00,55.24,55.53,55.84,56.08,56.38,56.54,56.66,56.80,57.30,57.92,59.02,61.13,64.34,67.68,71.23,74.57,77.41,79.94,82.01,83.72,85.35,86.84,88.18,89.41,90.68,91.63,92.42,93.05,93.70,94.28,94.85,95.46,96.06,96.65,97.06,97.39,97.62,97.83,98.04,98.22,98.40,98.56,98.82,99.04,99.22,99.38,99.61,99.74,99.76,99.78,99.78,99.83,99.85,99.87,99.91,99.91,99.96,100.00
42.45
ROSBag
0.00,8.39,14.30,18.11,20.93,24.03,27.25,29.75,30.74,32.89,35.47,38.01,40.07,42.03,43.63,44.98,46.09,47.59,48.93,50.22,51.65,53.13,54.49,55.72,56.57,56.97,57.32,57.99,58.90,59.82,60.65,61.39,62.34,63.21,63.99,64.51,64.91,65.39,65.98,66.52,67.05,67.53,68.00,68.36,68.68,68.90,69.12,69.28,69.49,69.72,70.03,70.32,70.65,70.92,71.11,71.20,71.23,71.27,71.39,72.21,74.25,77.30,80.70,83.73,86.20,88.22,89.86,91.04,92.09,92.97,93.98,94.82,95.52,96.04,96.46,96.78,97.04,97.31,97.60,97.86,98.13,98.33,98.42,98.58,98.62,98.73,98.92,99.10,99.22,99.37,99.72,99.75,99.75,99.75,99.79,99.93,99.93,99.93,99.93,100.00,100.00
51.65
RUSBag
0.00,8.70,13.87,18.98,22.64,26.10,28.52,31.67,34.97,37.61,38.16,39.88,42.16,44.77,47.17,48.94,50.93,52.57,53.80,55.15,56.19,57.75,59.25,60.42,61.85,63.34,64.70,65.94,67.06,67.61,67.80,68.32,69.02,70.07,71.01,71.61,72.38,73.35,74.27,75.08,75.54,75.76,76.18,76.75,77.29,77.81,78.32,78.81,79.30,79.71,79.94,80.10,80.42,80.56,80.69,80.96,81.28,81.58,81.91,82.16,82.41,82.47,82.51,82.51,82.54,83.03,84.41,87.50,90.37,92.69,94.59,95.93,96.72,97.42,97.99,98.52,98.91,99.05,99.15,99.22,99.33,99.46,99.58,99.63,99.64,99.64,99.64,99.64,99.64,99.65,99.84,99.97,99.97,99.98,99.98,99.99,99.99,99.99,99.99,100.00,100.00
56.19
SmoteBag
0.00,6.37,11.54,15.05,17.75,21.21,24.54,26.77,28.13,30.30,32.90,35.34,37.37,38.99,40.27,41.68,43.11,44.34,45.53,46.97,48.40,49.61,50.68,51.29,51.65,52.20,52.95,53.81,54.56,55.34,56.23,57.09,57.83,58.35,58.81,59.30,59.82,60.37,60.87,61.37,61.84,62.24,62.47,62.70,63.01,63.28,63.60,63.91,64.22,64.49,64.80,64.94,65.02,65.06,65.18,65.52,66.47,69.15,72.73,75.70,79.17,81.92,84.22,86.09,87.59,88.96,90.01,90.94,91.75,92.39,92.89,93.53,94.09,94.58,95.05,95.65,96.03,96.44,96.73,96.92,97.12,97.36,97.54,97.76,98.06,98.35,98.59,98.89,99.29,99.72,99.91,99.95,99.95,99.95,99.96,99.97,99.97,99.99,99.99,100.00,100.00
48.4
Boost
0.00,7.08,12.21,14.96,18.44,21.78,23.44,25.35,27.83,30.25,32.30,33.99,35.47,36.88,38.24,39.55,40.94,42.30,43.49,44.40,45.03,45.66,46.49,47.44,48.33,49.13,50.05,50.82,51.62,52.25,52.83,53.32,53.83,54.33,54.84,55.28,55.66,55.96,56.30,56.59,56.87,57.16,57.49,57.73,57.99,58.25,58.39,58.49,59.32,60.23,61.57,63.82,66.81,69.64,72.53,75.23,77.67,79.65,81.51,83.17,84.55,85.78,86.96,88.11,89.09,89.84,90.54,91.25,91.91,92.54,93.22,93.87,94.42,94.91,95.37,95.78,96.06,96.37,96.70,97.01,97.34,97.69,98.06,98.32,98.61,98.80,99.05,99.24,99.36,99.47,99.50,99.53,99.59,99.63,99.72,99.77,99.78,99.87,99.87,99.87,100.00
45.03
ROSBoost
0.00,7.48,12.79,15.73,19.11,22.40,24.08,25.94,28.34,30.76,32.67,34.39,35.84,37.19,38.44,39.80,41.20,42.50,43.67,44.54,45.24,45.83,46.64,47.56,48.42,49.21,50.06,50.84,51.54,52.03,52.51,53.05,53.58,54.10,54.57,55.01,55.32,55.67,55.91,56.20,56.49,56.73,57.04,57.32,57.54,57.73,57.97,58.22,58.55,59.35,60.91,62.81,65.20,68.16,71.01,73.60,75.99,78.18,79.99,81.57,82.95,84.43,85.61,86.70,87.57,88.51,89.27,90.06,90.77,91.47,92.26,92.95,93.61,94.21,94.70,95.04,95.39,95.83,96.11,96.46,96.84,97.18,97.48,97.80,98.10,98.38,98.65,98.96,99.13,99.27,99.33,99.35,99.42,99.45,99.53,99.59,99.66,99.81,99.84,99.92,100.00
45.24
RUSBoost
0.00,7.07,12.74,16.39,19.01,22.36,25.46,27.08,28.73,31.12,33.51,35.54,37.34,38.85,40.17,41.47,42.73,44.03,45.40,46.75,48.02,49.06,49.79,50.36,50.97,51.76,52.62,53.46,54.28,55.08,55.88,56.58,57.13,57.61,58.09,58.57,59.08,59.62,60.06,60.52,60.83,61.15,61.49,61.75,62.01,62.24,62.51,62.75,62.98,63.28,63.70,64.16,64.76,65.72,66.62,68.07,69.89,72.56,75.50,78.01,80.27,82.53,84.20,85.50,86.77,87.87,88.90,89.87,90.75,91.59,92.27,92.88,93.56,94.21,94.80,95.36,95.87,96.23,96.55,96.85,97.17,97.45,97.65,97.96,98.23,98.48,98.67,98.85,99.06,99.28,99.39,99.42,99.47,99.49,99.58,99.63,99.66,99.75,99.75,99.81,100.00
48.02
SmoteBoost
0.00,7.33,12.64,15.69,18.86,22.39,24.37,26.03,28.34,30.80,32.94,34.70,36.24,37.68,39.04,40.41,41.80,43.14,44.46,45.51,46.21,46.78,47.53,48.35,49.28,50.11,50.94,51.77,52.53,53.20,53.68,54.20,54.72,55.28,55.73,56.17,56.62,56.97,57.27,57.51,57.78,58.11,58.39,58.65,58.89,59.11,59.30,59.68,60.29,61.18,62.51,64.20,66.59,69.27,72.13,74.77,77.24,79.44,81.23,82.89,84.24,85.47,86.63,87.65,88.64,89.45,90.22,90.94,91.70,92.38,93.05,93.67,94.23,94.77,95.16,95.53,95.94,96.25,96.53,96.81,97.13,97.42,97.75,98.07,98.31,98.63,98.89,99.07,99.22,99.30,99.34,99.39,99.46,99.50,99.58,99.65,99.69,99.86,99.88,99.91,100.00
46.21
