Simple
0.00,15.89,22.24,29.04,33.46,37.01,39.90,42.43,44.58,46.53,48.06,49.44,50.91,52.23,53.50,54.67,55.82,56.74,57.59,58.37,59.12,59.83,60.58,61.34,62.06,62.79,63.41,64.09,64.74,65.34,65.88,66.38,66.96,67.69,68.77,69.79,71.83,74.50,78.52,82.13,85.06,87.27,88.90,90.28,91.44,92.43,93.16,93.64,93.87,94.07,94.23,94.39,94.51,94.60,94.69,94.85,94.99,95.20,95.45,95.72,96.14,96.67,97.04,97.24,97.46,97.71,97.95,98.01,98.02,98.06,98.09,98.19,98.25,98.27,98.27,98.27,98.27,98.27,98.27,98.28,98.28,98.32,98.39,98.41,98.55,98.99,99.09,99.10,99.18,99.26,99.76,99.80,99.80,99.80,99.81,99.81,99.81,99.81,99.88,99.88,100.00
59.12
ROS
0.00,17.15,23.76,30.93,36.61,40.27,43.18,45.85,48.41,50.58,52.51,53.99,55.34,56.80,58.16,59.44,60.64,61.82,62.76,63.29,63.91,64.58,65.11,65.85,66.64,67.36,68.06,68.75,69.43,70.13,70.74,71.42,72.04,72.52,73.28,74.02,75.12,75.99,77.26,79.07,82.12,85.23,87.61,89.39,90.66,91.85,92.86,93.58,94.16,94.47,94.65,94.77,94.93,95.01,95.10,95.21,95.41,95.53,95.66,95.83,96.04,96.45,96.83,97.22,97.37,97.53,97.71,97.86,97.94,97.99,97.99,98.00,98.04,98.08,98.09,98.10,98.11,98.11,98.12,98.14,98.16,98.18,98.26,98.31,98.47,98.80,98.96,98.99,99.15,99.23,99.66,99.66,99.67,99.67,99.74,99.74,99.74,99.74,99.87,99.87,100.00
63.91
RUS
0.00,20.31,27.07,31.78,39.00,44.02,47.58,50.32,52.98,55.52,57.77,59.81,61.57,62.84,64.20,65.65,66.91,68.09,69.26,70.33,71.18,71.65,72.29,72.84,73.45,74.17,74.98,75.69,76.40,77.10,77.77,78.47,79.11,79.74,80.33,80.88,81.48,82.04,82.72,83.40,84.15,85.30,87.20,89.15,90.96,92.32,93.42,94.23,95.00,95.39,95.68,95.90,96.01,96.04,96.12,96.17,96.26,96.34,96.42,96.51,96.62,96.78,97.15,97.47,97.79,98.00,98.13,98.23,98.33,98.37,98.42,98.47,98.49,98.54,98.57,98.57,98.58,98.58,98.58,98.58,98.58,98.59,98.61,98.64,98.73,98.99,99.07,99.11,99.22,99.26,99.70,99.72,99.74,99.74,99.78,99.78,99.78,99.78,99.91,99.91,100.00
71.18
Smote
0.00,16.09,22.72,30.13,35.55,39.54,42.61,45.32,47.56,49.66,51.40,52.71,54.20,55.58,56.87,58.08,59.26,60.26,61.00,61.58,62.27,62.74,63.42,64.18,64.95,65.66,66.38,67.09,67.72,68.38,69.05,69.62,70.17,70.67,71.53,72.46,73.24,74.55,76.36,79.39,83.23,86.17,88.31,89.69,90.96,92.10,93.02,93.69,93.99,94.21,94.40,94.53,94.64,94.74,94.82,94.99,95.16,95.34,95.42,95.54,95.76,96.25,96.76,97.16,97.25,97.36,97.59,97.78,97.88,97.92,97.95,98.01,98.08,98.23,98.23,98.23,98.23,98.23,98.23,98.23,98.25,98.28,98.33,98.36,98.48,98.81,98.92,99.05,99.11,99.23,99.73,99.78,99.80,99.80,99.82,99.82,99.82,99.82,99.89,99.89,100.00
62.27
Bag
0.00,14.74,21.91,28.30,32.53,35.73,38.33,40.53,42.65,44.42,45.70,47.23,48.64,49.93,51.13,52.31,53.39,54.18,54.72,55.38,55.94,56.66,57.42,58.17,58.88,59.58,60.28,60.97,61.62,62.26,62.83,63.35,63.84,64.26,64.74,65.04,65.28,66.59,71.61,77.30,81.80,84.87,87.05,88.81,90.30,91.62,92.88,93.82,94.28,94.58,94.76,94.88,95.11,95.26,95.29,95.44,95.53,95.58,95.61,95.70,95.91,96.45,97.23,97.75,97.87,97.94,98.14,98.34,98.37,98.39,98.39,98.39,98.46,98.53,98.53,98.54,98.54,98.54,98.54,98.54,98.54,98.54,98.55,98.58,98.59,99.26,99.27,99.27,99.27,99.28,99.99,99.99,99.99,99.99,99.99,99.99,99.99,99.99,99.99,99.99,100.00
55.94
ROSBag
0.00,17.37,24.31,31.99,37.64,41.45,44.46,47.17,49.69,51.87,53.88,55.33,56.64,58.14,59.50,60.80,62.01,63.15,64.30,64.80,65.22,65.99,66.36,67.01,67.80,68.57,69.30,69.99,70.67,71.36,72.07,72.73,73.39,73.88,74.34,74.91,75.38,76.31,76.87,77.26,79.21,84.40,87.37,89.85,91.31,92.31,93.31,94.23,95.19,95.45,95.60,95.66,95.70,95.75,95.77,95.77,95.90,96.10,96.18,96.23,96.33,96.53,97.05,97.80,98.05,98.07,98.10,98.23,98.42,98.42,98.42,98.42,98.42,98.42,98.42,98.42,98.42,98.42,98.42,98.42,98.44,98.44,98.50,98.50,98.53,99.16,99.22,99.22,99.25,99.26,99.88,99.88,99.88,99.88,99.90,99.90,99.90,99.90,99.93,99.93,100.00
65.22
RUSBag
0.00,22.81,29.50,34.82,42.46,48.26,52.32,55.07,57.91,60.65,62.99,65.05,66.98,68.31,69.78,71.23,72.61,73.76,75.04,76.18,77.23,77.50,78.02,78.83,79.07,79.82,80.61,81.39,82.12,82.81,83.51,84.21,84.88,85.56,86.23,86.75,87.24,87.72,88.11,88.59,88.78,88.91,89.77,92.51,94.03,94.88,95.47,95.96,96.53,96.99,97.10,97.13,97.13,97.13,97.14,97.14,97.14,97.14,97.16,97.19,97.19,97.26,97.55,98.05,98.55,98.77,98.77,98.78,98.79,98.79,98.79,98.79,98.79,98.79,98.79,98.79,98.79,98.79,98.79,98.79,98.79,98.79,98.80,98.80,98.80,99.23,99.24,99.24,99.27,99.27,99.96,99.96,99.96,99.96,99.96,99.96,99.96,99.96,99.99,99.99,100.00
77.23
SmoteBag
0.00,16.93,23.47,31.04,36.39,40.74,43.96,46.70,49.07,51.13,53.06,54.33,55.77,57.23,58.55,59.80,61.03,62.13,63.11,63.58,64.34,64.82,65.44,66.20,66.97,67.70,68.40,69.08,69.77,70.42,71.11,71.74,72.29,72.74,73.25,73.86,74.47,74.95,76.06,78.20,82.96,86.25,88.66,90.45,91.78,93.12,94.00,94.64,94.99,95.11,95.23,95.29,95.36,95.43,95.50,95.64,95.82,95.86,95.94,96.01,96.12,96.59,97.11,97.67,97.79,97.85,97.97,98.18,98.25,98.26,98.26,98.28,98.30,98.34,98.36,98.36,98.36,98.36,98.36,98.36,98.37,98.37,98.41,98.43,98.51,99.00,99.04,99.14,99.19,99.24,99.82,99.85,99.85,99.85,99.88,99.88,99.88,99.88,99.95,99.95,100.00
64.34
Boost
0.00,16.20,23.29,30.37,34.69,38.13,40.96,43.45,45.53,47.56,49.14,50.64,52.09,53.39,54.66,55.88,56.98,57.99,58.72,59.50,60.21,61.01,61.78,62.51,63.20,63.90,64.58,65.27,65.93,66.55,67.13,67.67,68.10,68.61,69.06,69.42,70.12,72.20,76.87,81.18,84.69,87.39,89.05,90.69,91.98,93.09,94.25,94.72,94.99,95.10,95.20,95.31,95.40,95.51,95.67,95.94,95.99,96.06,96.14,96.26,96.66,97.22,97.91,98.02,98.15,98.29,98.39,98.45,98.46,98.46,98.48,98.54,98.58,98.58,98.60,98.60,98.61,98.61,98.61,98.61,98.61,98.61,98.70,98.74,98.77,99.25,99.40,99.40,99.41,99.43,99.96,99.97,99.97,99.97,99.98,99.98,99.98,99.98,99.98,99.98,100.00
60.21
ROSBoost
0.00,15.89,22.84,29.71,33.82,37.06,39.80,42.24,44.39,46.36,48.04,49.53,50.99,52.32,53.53,54.71,55.83,56.72,57.42,58.22,58.94,59.70,60.49,61.23,61.94,62.61,63.31,63.93,64.56,65.18,65.77,66.26,66.78,67.91,68.94,69.65,70.83,73.27,77.07,81.54,84.72,87.14,88.86,90.27,91.52,92.68,93.69,94.32,94.66,94.87,95.03,95.20,95.31,95.42,95.52,95.69,95.80,95.93,96.04,96.20,96.53,97.05,97.55,97.74,97.80,97.95,98.04,98.17,98.20,98.20,98.24,98.27,98.31,98.42,98.45,98.47,98.47,98.47,98.47,98.48,98.50,98.50,98.60,98.66,98.72,99.11,99.28,99.31,99.36,99.39,99.84,99.85,99.85,99.85,99.86,99.86,99.86,99.86,99.91,99.91,100.00
58.94
RUSBoost
0.00,17.24,24.31,32.07,37.23,41.06,43.99,46.58,49.02,51.14,53.18,54.86,56.36,57.82,59.17,60.39,61.60,62.74,63.68,64.36,65.00,65.69,66.37,67.12,67.87,68.58,69.28,69.99,70.66,71.34,72.01,72.62,73.18,73.64,74.13,74.56,74.91,75.39,76.68,78.68,82.36,85.78,88.47,90.40,91.85,93.15,94.12,94.97,95.56,95.83,96.03,96.15,96.25,96.32,96.41,96.45,96.55,96.61,96.64,96.66,96.83,97.13,97.70,98.01,98.22,98.32,98.39,98.45,98.48,98.50,98.52,98.54,98.58,98.66,98.69,98.70,98.70,98.71,98.71,98.71,98.72,98.72,98.75,98.81,98.88,99.24,99.45,99.45,99.47,99.49,99.91,99.94,99.96,99.96,99.96,99.96,99.96,99.96,99.99,99.99,100.00
65.0
SmoteBoost
0.00,16.03,22.93,30.27,34.59,37.90,40.64,43.16,45.29,47.28,49.03,50.54,51.97,53.32,54.61,55.77,56.93,57.91,58.66,59.41,60.12,60.84,61.60,62.32,63.04,63.74,64.44,65.11,65.77,66.43,66.98,67.60,68.12,68.73,69.28,69.92,70.64,73.04,77.35,81.31,84.86,87.17,89.01,90.58,91.80,93.02,94.00,94.61,95.01,95.16,95.29,95.41,95.49,95.56,95.72,95.85,95.96,96.01,96.14,96.36,96.71,97.31,97.77,98.01,98.07,98.18,98.23,98.31,98.34,98.34,98.36,98.39,98.42,98.50,98.53,98.54,98.54,98.54,98.55,98.55,98.56,98.57,98.64,98.69,98.74,99.19,99.36,99.36,99.39,99.40,99.87,99.87,99.87,99.87,99.89,99.89,99.89,99.89,99.95,99.95,100.00
60.12
