Simple
0.42,21.96,26.47,29.26,31.44,33.19,34.63,36.21,37.62,38.63,39.46,40.45,41.37,42.27,43.15,43.85,44.51,45.06,45.58,46.05,46.82,47.93,49.81,52.63,56.15,60.48,64.89,68.71,72.30,75.06,77.29,78.97,80.48,81.73,82.88,84.03,85.15,86.10,86.92,87.63,88.22,88.77,89.19,89.65,90.14,90.73,91.35,91.97,92.51,92.99,93.46,93.84,94.23,94.58,94.94,95.28,95.53,95.83,96.07,96.38,96.62,96.84,97.03,97.23,97.32,97.39,97.41,97.44,97.45,97.49,97.55,97.65,97.74,97.87,98.06,98.23,98.32,98.47,98.56,98.62,98.66,98.70,98.75,98.83,98.85,98.90,99.05,99.10,99.18,99.27,99.49,99.52,99.54,99.70,99.70,99.72,99.72,99.72,99.72,99.72,100.00
46.82
ROS
0.51,24.15,31.62,35.47,39.18,41.12,42.90,44.60,46.09,47.43,48.87,50.40,51.74,52.56,53.26,54.19,55.03,55.89,56.73,57.58,58.18,58.80,59.30,59.81,60.12,60.49,61.03,61.61,62.37,63.49,65.12,67.40,70.02,73.37,76.70,79.51,81.94,83.72,85.18,86.34,87.38,88.29,89.14,90.02,90.65,91.25,91.64,92.00,92.36,92.74,93.14,93.62,94.16,94.66,95.08,95.47,95.70,96.04,96.30,96.57,96.84,97.03,97.15,97.35,97.46,97.69,97.82,97.93,98.01,98.04,98.07,98.14,98.16,98.22,98.31,98.42,98.49,98.62,98.76,98.88,98.99,99.07,99.14,99.16,99.20,99.24,99.30,99.36,99.43,99.51,99.61,99.65,99.67,99.79,99.79,99.79,99.79,99.79,99.79,99.79,100.00
58.18
RUS
0.53,24.44,33.52,38.59,42.44,45.41,48.82,50.34,52.39,53.58,55.22,56.73,58.06,59.40,60.80,62.24,63.50,64.48,65.23,65.80,66.41,67.32,68.13,68.88,69.77,70.60,71.38,71.97,72.61,73.10,73.60,73.99,74.40,74.74,74.99,75.20,75.51,76.40,77.70,79.01,80.84,83.12,85.71,87.97,89.77,91.09,92.13,93.04,93.68,94.27,94.82,95.34,95.64,95.85,96.18,96.49,96.75,97.10,97.46,97.80,98.06,98.27,98.43,98.56,98.73,98.84,98.97,99.10,99.17,99.24,99.29,99.34,99.39,99.40,99.41,99.42,99.43,99.47,99.53,99.59,99.67,99.72,99.76,99.78,99.78,99.78,99.78,99.78,99.79,99.80,99.82,99.84,99.85,99.86,99.86,99.86,99.88,99.88,99.88,99.88,100.00
66.41
Smote
0.18,23.35,30.87,34.78,37.19,39.18,41.02,42.37,43.75,45.34,46.84,48.12,48.94,49.73,50.69,51.51,52.36,53.19,53.95,54.62,55.21,55.76,56.28,56.64,57.18,57.98,59.53,61.89,64.45,68.17,71.60,75.09,78.24,80.69,82.55,84.04,85.16,86.24,87.31,88.31,89.19,89.91,90.61,91.11,91.57,91.90,92.25,92.62,93.14,93.63,94.08,94.58,94.98,95.45,95.80,96.09,96.41,96.71,96.93,97.14,97.31,97.53,97.66,97.76,97.87,97.97,98.04,98.05,98.07,98.09,98.12,98.20,98.28,98.34,98.51,98.63,98.81,98.91,99.01,99.13,99.21,99.24,99.26,99.27,99.29,99.33,99.39,99.43,99.45,99.48,99.61,99.62,99.62,99.70,99.70,99.70,99.70,99.70,99.70,99.70,100.00
55.21
Bag
0.52,23.34,28.12,30.54,32.60,34.16,35.71,37.46,38.98,39.89,40.80,41.90,42.90,43.97,44.82,45.48,46.13,46.81,47.31,47.76,48.57,50.13,52.74,56.15,60.98,65.65,70.03,73.79,76.53,78.61,80.19,81.46,82.74,83.88,85.03,86.23,87.30,88.21,88.97,89.55,90.03,90.47,90.90,91.28,91.70,92.34,93.05,93.64,94.19,94.63,95.05,95.48,95.85,96.21,96.55,96.77,96.95,97.12,97.30,97.47,97.73,97.90,98.03,98.13,98.15,98.19,98.20,98.20,98.21,98.23,98.28,98.33,98.41,98.57,98.70,98.85,98.99,99.03,99.07,99.12,99.12,99.12,99.12,99.14,99.16,99.21,99.24,99.26,99.30,99.31,99.53,99.53,99.53,99.61,99.61,99.61,99.61,99.61,99.61,99.61,100.00
48.57
ROSBag
0.53,25.99,32.56,37.32,39.20,41.47,43.33,45.08,46.33,47.98,49.54,51.17,52.14,52.79,53.93,54.90,55.91,56.88,57.67,58.23,58.87,59.51,59.94,60.17,60.48,60.89,61.30,62.64,64.28,66.71,69.97,73.29,76.74,80.22,82.72,84.58,86.13,87.30,88.27,89.19,90.16,90.89,91.54,92.15,92.61,92.95,93.27,93.57,93.93,94.37,94.88,95.32,95.71,96.17,96.52,96.77,97.14,97.35,97.63,97.89,97.98,98.16,98.30,98.38,98.52,98.60,98.70,98.76,98.78,98.78,98.78,98.78,98.79,98.82,98.86,98.90,99.02,99.12,99.20,99.25,99.30,99.33,99.34,99.34,99.35,99.38,99.39,99.44,99.45,99.51,99.62,99.62,99.62,99.74,99.74,99.74,99.74,99.74,99.74,99.74,100.00
58.87
RUSBag
0.53,27.77,37.24,42.09,45.86,48.94,52.63,54.27,56.56,57.91,59.55,61.26,62.18,63.92,64.94,66.59,68.01,69.30,70.09,70.71,71.12,71.79,72.76,73.40,74.20,75.06,75.87,76.74,77.43,77.97,78.51,79.00,79.48,79.80,80.28,80.61,80.70,80.77,81.05,81.44,81.72,82.03,83.20,85.95,88.90,91.04,92.59,93.54,94.35,95.09,95.62,96.24,96.91,97.29,97.39,97.44,97.51,97.53,97.63,97.99,98.56,98.95,99.06,99.14,99.29,99.43,99.57,99.77,99.80,99.82,99.85,99.92,99.97,99.97,99.97,99.97,99.97,99.97,99.97,99.97,99.98,99.99,99.99,99.99,99.99,99.99,99.99,99.99,99.99,99.99,99.99,99.99,99.99,99.99,99.99,99.99,99.99,99.99,99.99,99.99,100.00
71.12
SmoteBag
0.17,25.00,31.82,36.28,38.51,40.35,42.29,43.66,45.05,46.74,48.34,49.62,50.34,51.14,52.15,53.04,53.91,54.80,55.56,56.19,56.81,57.45,57.94,58.37,58.86,59.57,60.66,63.19,66.98,71.11,75.20,78.59,81.34,83.35,84.72,85.93,86.91,87.78,88.78,89.81,90.78,91.55,92.09,92.51,92.81,93.20,93.49,93.84,94.18,94.71,95.30,95.70,96.09,96.46,96.84,97.23,97.55,97.82,98.06,98.16,98.30,98.39,98.47,98.57,98.59,98.63,98.66,98.66,98.66,98.67,98.68,98.70,98.76,98.81,98.87,98.98,99.16,99.27,99.31,99.38,99.41,99.41,99.42,99.43,99.45,99.45,99.46,99.47,99.48,99.48,99.56,99.56,99.56,99.60,99.60,99.60,99.60,99.60,99.60,99.60,100.00
56.81
Boost
0.49,23.47,29.47,33.01,35.45,37.63,39.23,40.73,42.38,43.85,44.72,45.69,46.78,47.72,48.68,49.53,50.18,50.79,51.38,51.84,52.11,52.49,53.27,54.96,57.97,61.81,65.88,70.04,73.93,77.15,79.52,81.37,82.90,84.06,85.04,86.12,87.19,88.06,88.85,89.51,90.05,90.48,90.85,91.20,91.53,92.06,92.62,93.15,93.61,94.03,94.38,94.76,95.13,95.43,95.70,96.07,96.28,96.50,96.68,96.82,97.04,97.28,97.40,97.54,97.71,97.80,97.85,97.89,97.91,97.94,97.96,98.02,98.10,98.22,98.32,98.45,98.61,98.69,98.75,98.82,98.87,98.88,98.90,98.91,98.94,99.03,99.10,99.14,99.21,99.24,99.51,99.52,99.53,99.66,99.66,99.66,99.66,99.66,99.66,99.66,100.00
52.11
ROSBoost
0.49,23.94,29.95,33.48,35.87,37.98,39.53,40.93,42.64,44.13,45.14,45.99,47.08,48.09,49.05,49.97,50.65,51.28,51.90,52.39,52.69,53.02,53.66,55.09,57.71,61.31,65.38,69.06,72.88,75.96,78.48,80.51,82.19,83.52,84.64,85.67,86.76,87.82,88.72,89.38,89.92,90.38,90.77,91.17,91.47,91.94,92.49,93.11,93.65,94.04,94.35,94.74,95.11,95.45,95.78,96.04,96.34,96.50,96.69,96.89,97.09,97.36,97.57,97.68,97.78,97.85,97.90,97.94,97.96,97.99,98.01,98.04,98.10,98.21,98.31,98.44,98.60,98.66,98.71,98.76,98.78,98.80,98.82,98.85,98.91,99.03,99.13,99.20,99.22,99.26,99.51,99.51,99.51,99.61,99.61,99.61,99.61,99.61,99.61,99.61,100.00
52.69
RUSBoost
0.52,25.15,33.06,37.15,40.73,42.88,44.80,46.81,48.29,49.55,51.11,52.66,53.90,54.73,55.45,56.39,57.24,58.15,59.05,59.84,60.55,61.18,61.80,62.30,62.62,62.98,63.34,63.81,64.47,65.66,67.45,69.96,72.91,76.35,79.75,82.36,84.54,86.16,87.49,88.54,89.53,90.40,91.19,91.87,92.38,92.88,93.23,93.54,93.79,94.10,94.49,94.87,95.31,95.71,96.03,96.33,96.63,96.95,97.25,97.48,97.71,97.87,98.00,98.18,98.29,98.44,98.56,98.66,98.75,98.77,98.81,98.83,98.86,98.88,98.95,98.98,99.06,99.12,99.24,99.30,99.36,99.40,99.43,99.43,99.43,99.45,99.46,99.48,99.51,99.53,99.65,99.65,99.66,99.76,99.76,99.76,99.76,99.76,99.76,99.76,100.00
60.55
SmoteBoost
0.51,24.13,30.34,34.16,36.62,38.88,40.56,41.86,43.59,45.12,46.22,47.04,48.05,49.03,49.94,50.88,51.70,52.29,52.93,53.54,53.96,54.20,54.63,55.68,57.60,60.29,63.65,67.38,71.37,74.85,77.78,80.16,82.07,83.55,84.73,85.80,86.94,87.93,88.82,89.56,90.21,90.73,91.12,91.43,91.75,92.19,92.66,93.16,93.66,94.04,94.38,94.80,95.15,95.50,95.82,96.13,96.41,96.62,96.80,96.97,97.19,97.38,97.55,97.71,97.85,97.97,98.08,98.12,98.12,98.15,98.18,98.20,98.24,98.36,98.45,98.56,98.69,98.76,98.84,98.88,98.91,98.94,98.94,98.95,98.99,99.09,99.20,99.23,99.29,99.31,99.54,99.54,99.54,99.65,99.65,99.65,99.65,99.65,99.65,99.65,100.00
53.96
