Simple
0.00,50.47,59.73,63.41,65.11,67.52,87.09,88.34,89.07,89.83,90.22,91.36,91.60,92.33,93.37,93.37,93.62,93.62,93.63,93.63,93.63,94.33,94.68,94.68,94.68,94.89,95.16,95.31,95.56,95.59,95.59,95.59,95.59,95.59,95.59,95.60,96.01,96.19,96.19,96.32,97.01,97.05,97.12,97.40,97.47,97.47,97.47,97.87,97.88,97.93,98.90,98.90,98.90,99.12,99.23,99.59,99.59,99.59,99.59,99.59,99.59,99.59,99.59,99.60,99.60,99.60,100.00,100.00,100.00,100.00,100.00,100.00,100.00,100.00,100.00,100.00,100.00,100.00,100.00,100.00,100.00,100.00,100.00,100.00,100.00,100.00,100.00,100.00,100.00,100.00,100.00,100.00,100.00,100.00,100.00,100.00,100.00,100.00,100.00,100.00,100.00
93.63
ROS
0.00,56.07,68.86,74.36,77.61,79.30,82.35,92.05,92.56,92.77,93.26,93.51,93.95,94.15,94.95,95.15,95.23,95.33,95.36,95.36,95.36,95.51,95.67,95.71,95.71,95.79,96.34,96.46,96.72,96.98,96.98,96.98,96.98,96.98,96.98,96.98,97.09,97.31,97.35,97.36,97.83,97.92,97.95,98.01,98.09,98.09,98.09,98.37,98.45,98.52,99.38,99.41,99.41,99.49,99.59,99.67,99.67,99.70,99.70,99.70,99.70,99.70,99.70,99.71,99.71,99.72,99.98,99.98,99.98,99.98,99.98,99.98,99.98,99.98,99.98,99.98,99.98,99.98,100.00,100.00,100.00,100.00,100.00,100.00,100.00,100.00,100.00,100.00,100.00,100.00,100.00,100.00,100.00,100.00,100.00,100.00,100.00,100.00,100.00,100.00,100.00
95.36
RUS
0.00,56.18,72.64,80.09,85.32,89.16,92.19,93.78,95.21,97.38,97.56,97.66,97.81,97.95,98.02,98.17,98.41,98.41,98.44,98.44,98.44,98.44,98.50,98.58,98.59,98.59,98.60,98.72,98.74,98.79,98.81,98.81,98.81,98.81,98.81,98.81,98.82,98.95,98.97,98.97,99.04,99.20,99.20,99.20,99.24,99.24,99.24,99.26,99.41,99.41,99.76,99.82,99.82,99.82,99.87,99.91,99.91,99.91,99.91,99.91,99.91,99.91,99.91,99.91,99.91,99.91,100.00,100.00,100.00,100.00,100.00,100.00,100.00,100.00,100.00,100.00,100.00,100.00,100.00,100.00,100.00,100.00,100.00,100.00,100.00,100.00,100.00,100.00,100.00,100.00,100.00,100.00,100.00,100.00,100.00,100.00,100.00,100.00,100.00,100.00,100.00
98.44
Smote
0.00,52.74,63.76,67.91,70.66,71.90,78.88,89.98,90.91,91.14,92.07,92.44,93.41,93.48,94.56,94.68,94.73,94.78,94.84,94.84,94.84,95.11,95.57,95.59,95.59,95.72,96.36,96.56,96.76,97.14,97.14,97.14,97.14,97.14,97.14,97.14,97.37,97.76,97.79,97.79,98.26,98.51,98.51,98.52,98.58,98.58,98.58,98.67,98.91,98.94,99.75,99.79,99.79,99.79,99.84,99.92,99.92,99.92,99.92,99.92,99.92,99.92,99.92,99.92,99.92,99.92,100.00,100.00,100.00,100.00,100.00,100.00,100.00,100.00,100.00,100.00,100.00,100.00,100.00,100.00,100.00,100.00,100.00,100.00,100.00,100.00,100.00,100.00,100.00,100.00,100.00,100.00,100.00,100.00,100.00,100.00,100.00,100.00,100.00,100.00,100.00
94.84
Bag
0.00,51.91,61.67,65.30,66.98,69.67,87.94,89.09,89.80,90.57,90.85,91.65,91.81,92.42,93.39,93.39,93.50,93.50,93.50,93.50,93.51,94.03,94.10,94.10,94.11,94.47,94.97,95.16,95.67,95.72,95.72,95.72,95.72,95.72,95.72,95.72,96.15,96.43,96.43,96.55,97.24,97.26,97.28,97.49,97.66,97.66,97.66,98.05,98.07,98.18,99.18,99.18,99.18,99.27,99.47,99.60,99.60,99.60,99.60,99.60,99.60,99.60,99.60,99.61,99.61,99.61,100.00,100.00,100.00,100.00,100.00,100.00,100.00,100.00,100.00,100.00,100.00,100.00,100.00,100.00,100.00,100.00,100.00,100.00,100.00,100.00,100.00,100.00,100.00,100.00,100.00,100.00,100.00,100.00,100.00,100.00,100.00,100.00,100.00,100.00,100.00
93.51
ROSBag
0.00,59.51,72.35,77.58,80.74,82.19,84.60,93.19,93.47,93.55,94.07,94.19,94.49,94.63,95.40,95.45,95.50,95.58,95.58,95.58,95.58,95.68,95.75,95.75,95.75,95.79,96.39,96.50,96.67,96.88,96.88,96.88,96.88,96.88,96.88,96.88,96.99,97.18,97.18,97.19,97.79,97.92,97.92,97.93,98.05,98.05,98.05,98.36,98.46,98.48,99.46,99.48,99.48,99.51,99.65,99.66,99.66,99.66,99.66,99.66,99.66,99.66,99.66,99.66,99.66,99.66,100.00,100.00,100.00,100.00,100.00,100.00,100.00,100.00,100.00,100.00,100.00,100.00,100.00,100.00,100.00,100.00,100.00,100.00,100.00,100.00,100.00,100.00,100.00,100.00,100.00,100.00,100.00,100.00,100.00,100.00,100.00,100.00,100.00,100.00,100.00
95.58
RUSBag
0.00,56.39,73.17,81.36,86.83,91.14,94.69,97.00,98.20,99.14,99.44,99.52,99.53,99.53,99.55,99.55,99.62,99.62,99.62,99.62,99.62,99.62,99.62,99.62,99.62,99.62,99.62,99.63,99.63,99.63,99.63,99.63,99.63,99.63,99.63,99.63,99.63,99.64,99.64,99.64,99.65,99.69,99.69,99.69,99.69,99.69,99.69,99.69,99.82,99.82,99.98,99.98,99.98,99.98,99.98,99.98,99.98,99.98,99.98,99.98,99.98,99.98,99.98,99.98,99.98,99.98,100.00,100.00,100.00,100.00,100.00,100.00,100.00,100.00,100.00,100.00,100.00,100.00,100.00,100.00,100.00,100.00,100.00,100.00,100.00,100.00,100.00,100.00,100.00,100.00,100.00,100.00,100.00,100.00,100.00,100.00,100.00,100.00,100.00,100.00,100.00
99.62
SmoteBag
0.00,53.37,64.72,68.84,71.56,72.89,78.30,90.37,91.22,91.43,92.47,92.80,93.64,93.67,94.70,94.85,94.88,94.93,94.93,94.93,94.93,95.18,95.72,95.73,95.74,95.86,96.55,96.76,96.93,97.34,97.34,97.34,97.34,97.34,97.34,97.34,97.52,97.90,97.91,97.91,98.34,98.69,98.69,98.69,98.72,98.72,98.72,98.76,99.12,99.12,99.90,99.93,99.93,99.93,99.95,99.96,99.96,99.96,99.96,99.96,99.96,99.96,99.96,99.96,99.96,99.96,100.00,100.00,100.00,100.00,100.00,100.00,100.00,100.00,100.00,100.00,100.00,100.00,100.00,100.00,100.00,100.00,100.00,100.00,100.00,100.00,100.00,100.00,100.00,100.00,100.00,100.00,100.00,100.00,100.00,100.00,100.00,100.00,100.00,100.00,100.00
94.93
Boost
0.00,53.97,63.97,67.85,70.17,71.92,88.63,89.81,90.39,90.95,91.27,92.12,92.46,93.49,94.30,94.30,94.67,94.67,94.68,94.68,94.68,94.94,95.02,95.05,95.05,95.39,95.91,96.03,96.46,96.58,96.58,96.58,96.58,96.58,96.58,96.58,96.85,97.01,97.01,97.15,97.67,97.69,97.74,97.85,97.91,97.91,97.91,98.30,98.32,98.46,99.42,99.42,99.42,99.47,99.48,99.61,99.61,99.61,99.61,99.61,99.61,99.61,99.61,99.62,99.62,99.64,100.00,100.00,100.00,100.00,100.00,100.00,100.00,100.00,100.00,100.00,100.00,100.00,100.00,100.00,100.00,100.00,100.00,100.00,100.00,100.00,100.00,100.00,100.00,100.00,100.00,100.00,100.00,100.00,100.00,100.00,100.00,100.00,100.00,100.00,100.00
94.68
ROSBoost
0.00,54.06,63.90,67.70,69.98,71.75,87.63,89.27,89.96,90.47,90.94,91.83,92.16,92.95,93.84,93.86,94.19,94.23,94.24,94.24,94.24,94.63,94.73,94.74,94.74,95.05,95.61,95.74,96.28,96.49,96.49,96.49,96.49,96.49,96.49,96.49,96.80,97.07,97.09,97.20,97.72,97.76,97.76,97.92,97.98,97.98,97.98,98.33,98.38,98.55,99.50,99.51,99.51,99.53,99.55,99.63,99.63,99.63,99.63,99.63,99.63,99.63,99.63,99.65,99.65,99.66,99.98,99.98,99.98,99.98,99.98,99.98,99.98,99.98,99.98,99.98,99.98,99.98,100.00,100.00,100.00,100.00,100.00,100.00,100.00,100.00,100.00,100.00,100.00,100.00,100.00,100.00,100.00,100.00,100.00,100.00,100.00,100.00,100.00,100.00,100.00
94.24
RUSBoost
0.00,56.46,68.60,73.50,76.51,77.93,83.76,92.11,92.74,92.92,93.35,93.62,94.21,94.43,95.27,95.40,95.50,95.59,95.60,95.60,95.60,95.67,95.75,95.78,95.78,95.84,96.40,96.48,96.80,97.07,97.08,97.08,97.08,97.08,97.08,97.08,97.25,97.42,97.45,97.46,97.97,98.06,98.08,98.12,98.18,98.18,98.18,98.44,98.56,98.60,99.53,99.58,99.58,99.60,99.62,99.71,99.71,99.72,99.72,99.72,99.72,99.72,99.72,99.72,99.72,99.72,99.99,99.99,99.99,99.99,99.99,99.99,99.99,99.99,99.99,99.99,99.99,99.99,100.00,100.00,100.00,100.00,100.00,100.00,100.00,100.00,100.00,100.00,100.00,100.00,100.00,100.00,100.00,100.00,100.00,100.00,100.00,100.00,100.00,100.00,100.00
95.6
SmoteBoost
0.00,53.58,63.47,67.30,69.60,71.43,87.60,89.48,90.26,90.74,91.22,92.12,92.47,93.24,94.14,94.16,94.49,94.51,94.52,94.52,94.53,94.84,94.91,94.92,94.93,95.19,95.79,95.95,96.44,96.63,96.63,96.63,96.63,96.63,96.63,96.64,96.92,97.19,97.20,97.28,97.83,97.85,97.86,97.98,98.05,98.05,98.05,98.41,98.45,98.61,99.54,99.56,99.56,99.58,99.58,99.66,99.66,99.66,99.66,99.66,99.66,99.66,99.66,99.67,99.67,99.70,99.98,99.98,99.98,99.98,99.98,99.98,99.98,99.98,99.98,99.98,99.98,99.98,100.00,100.00,100.00,100.00,100.00,100.00,100.00,100.00,100.00,100.00,100.00,100.00,100.00,100.00,100.00,100.00,100.00,100.00,100.00,100.00,100.00,100.00,100.00
94.53
