Simple
0.50,19.92,28.83,34.95,38.14,41.06,43.43,45.01,47.25,49.16,50.61,52.00,52.95,53.59,54.10,54.42,54.64,54.96,55.91,57.58,60.48,64.48,68.15,71.75,74.47,76.51,78.47,80.03,81.15,81.91,82.60,83.14,83.66,84.32,85.02,85.78,86.62,87.59,88.50,89.41,90.38,91.47,92.50,93.47,94.28,94.90,95.36,95.81,96.24,96.59,96.91,97.08,97.21,97.30,97.41,97.54,97.65,97.70,97.74,97.75,97.78,97.85,97.93,98.05,98.17,98.34,98.53,98.64,98.77,98.92,99.08,99.10,99.29,99.54,99.61,99.64,99.64,99.99,99.99,99.99,99.99,100.00,100.00,100.00,100.00,100.00,100.00,100.00,100.00,100.00,100.00,100.00,100.00,100.00,100.00,100.00,100.00,100.00,100.00,100.00,100.00
60.48
ROS
0.47,19.53,27.66,34.65,38.76,41.50,43.71,46.59,48.53,50.13,51.94,53.93,55.68,57.13,58.33,59.23,59.89,60.50,61.02,61.45,61.73,61.99,62.22,62.49,62.91,63.66,64.68,66.25,68.18,70.31,72.40,74.61,76.53,78.37,79.73,80.88,81.80,82.91,83.80,85.00,86.00,87.06,88.02,89.04,90.03,90.90,91.77,92.59,93.41,94.09,94.60,95.20,95.68,96.08,96.45,96.75,97.02,97.29,97.54,97.76,97.91,98.02,98.14,98.23,98.28,98.38,98.47,98.59,98.69,98.80,98.90,99.00,99.14,99.26,99.40,99.49,99.54,99.76,99.78,99.86,99.90,99.91,99.94,99.94,99.96,99.97,99.99,100.00,100.00,100.00,100.00,100.00,100.00,100.00,100.00,100.00,100.00,100.00,100.00,100.00,100.00
61.73
RUS
0.50,20.26,28.93,35.91,41.78,44.30,47.19,49.27,52.05,53.89,55.52,57.04,58.85,60.64,62.37,63.60,64.86,65.82,66.52,67.09,67.58,68.07,68.51,68.82,69.08,69.29,69.50,69.66,69.85,70.12,70.58,71.56,72.78,74.16,75.82,77.51,79.12,80.58,81.83,83.14,84.12,85.09,85.97,86.97,87.92,88.84,89.73,90.63,91.55,92.45,93.21,93.98,94.61,95.20,95.65,96.16,96.58,96.97,97.26,97.58,97.86,98.07,98.23,98.38,98.47,98.59,98.69,98.76,98.83,98.90,98.98,99.06,99.13,99.22,99.34,99.43,99.54,99.65,99.67,99.76,99.81,99.83,99.88,99.92,99.94,99.96,99.97,99.97,99.99,100.00,100.00,100.00,100.00,100.00,100.00,100.00,100.00,100.00,100.00,100.00,100.00
67.58
Smote
0.50,20.83,29.94,36.45,39.95,42.72,45.70,47.74,49.47,51.70,53.77,55.28,56.46,57.45,58.22,58.83,59.25,59.64,59.94,60.33,60.94,62.10,63.78,66.35,69.18,72.09,75.04,77.60,79.83,81.66,83.15,84.22,85.01,85.63,86.17,86.69,87.31,87.90,88.53,89.23,90.02,90.80,91.71,92.65,93.50,94.34,95.05,95.64,96.15,96.63,97.07,97.38,97.60,97.80,97.91,98.03,98.13,98.26,98.34,98.39,98.44,98.49,98.57,98.62,98.70,98.80,98.94,99.06,99.17,99.28,99.36,99.39,99.50,99.70,99.80,99.84,99.84,99.97,99.98,99.99,99.99,99.99,99.99,100.00,100.00,100.00,100.00,100.00,100.00,100.00,100.00,100.00,100.00,100.00,100.00,100.00,100.00,100.00,100.00,100.00,100.00
60.94
Bag
0.50,20.61,29.98,34.61,38.10,40.91,42.97,45.37,47.42,48.95,50.19,51.08,51.83,52.29,52.62,52.82,53.42,55.25,58.22,62.66,66.54,70.06,72.92,75.27,77.57,79.38,80.76,81.72,82.32,82.87,83.46,83.94,84.54,85.27,85.92,86.79,87.70,88.57,89.51,90.46,91.48,92.61,93.61,94.38,94.96,95.35,95.73,96.19,96.64,96.94,97.20,97.30,97.39,97.50,97.61,97.76,97.80,97.82,97.84,97.84,97.86,97.91,97.97,98.02,98.16,98.32,98.55,98.64,98.77,98.90,99.07,99.09,99.26,99.51,99.59,99.60,99.60,100.00,100.00,100.00,100.00,100.00,100.00,100.00,100.00,100.00,100.00,100.00,100.00,100.00,100.00,100.00,100.00,100.00,100.00,100.00,100.00,100.00,100.00,100.00,100.00
66.54
ROSBag
0.50,21.39,30.56,38.22,41.89,44.93,48.18,50.64,52.47,54.23,56.50,58.35,59.91,61.38,62.43,63.15,63.86,64.37,64.72,64.97,65.15,65.39,65.92,67.35,69.43,71.74,74.54,77.51,80.03,82.03,83.78,85.12,86.21,86.96,87.47,87.95,88.30,88.71,89.16,89.75,90.36,91.06,91.94,92.86,93.82,94.70,95.50,96.07,96.51,96.80,97.11,97.38,97.58,97.75,97.87,97.98,98.05,98.12,98.22,98.26,98.27,98.28,98.29,98.35,98.38,98.47,98.59,98.71,98.85,98.98,99.08,99.14,99.30,99.49,99.62,99.64,99.64,99.98,99.98,99.98,99.99,100.00,100.00,100.00,100.00,100.00,100.00,100.00,100.00,100.00,100.00,100.00,100.00,100.00,100.00,100.00,100.00,100.00,100.00,100.00,100.00
65.15
RUSBag
0.50,21.98,31.12,38.82,45.45,48.67,51.51,54.04,57.11,58.74,60.25,61.82,63.87,65.74,67.37,68.70,70.07,71.38,72.01,72.77,73.38,73.91,74.28,74.58,74.83,75.03,75.22,75.40,75.65,75.94,76.44,77.35,78.81,80.92,82.87,84.70,86.41,87.97,89.31,90.23,90.85,91.30,91.56,91.87,92.23,92.59,93.11,93.75,94.63,95.46,96.31,97.10,97.67,98.05,98.35,98.60,98.70,98.82,98.89,98.97,99.01,99.07,99.08,99.09,99.10,99.10,99.11,99.12,99.15,99.23,99.34,99.51,99.60,99.65,99.79,99.89,99.90,99.96,99.97,100.00,100.00,100.00,100.00,100.00,100.00,100.00,100.00,100.00,100.00,100.00,100.00,100.00,100.00,100.00,100.00,100.00,100.00,100.00,100.00,100.00,100.00
73.38
SmoteBag
0.50,21.62,31.34,38.13,41.72,44.81,47.98,49.89,51.61,54.22,56.22,57.50,58.77,59.68,60.50,61.03,61.40,61.66,61.94,62.18,62.59,63.24,64.94,68.07,71.76,75.17,77.79,79.94,82.17,84.00,85.33,86.05,86.47,86.86,87.13,87.48,87.95,88.39,88.93,89.70,90.46,91.25,92.01,93.11,94.08,95.01,95.73,96.18,96.63,97.13,97.55,97.86,98.10,98.16,98.22,98.32,98.45,98.63,98.67,98.71,98.72,98.72,98.74,98.80,98.86,98.93,99.06,99.28,99.35,99.44,99.47,99.47,99.55,99.85,99.93,99.93,99.93,100.00,100.00,100.00,100.00,100.00,100.00,100.00,100.00,100.00,100.00,100.00,100.00,100.00,100.00,100.00,100.00,100.00,100.00,100.00,100.00,100.00,100.00,100.00,100.00
62.59
Boost
0.50,20.15,28.86,34.45,38.02,41.30,43.69,45.37,47.72,49.69,51.23,52.31,53.11,53.74,54.22,54.54,54.99,55.87,57.77,60.62,64.27,68.21,71.47,74.32,76.70,78.76,80.39,81.51,82.40,83.04,83.56,84.09,84.56,85.13,85.79,86.54,87.36,88.24,89.13,90.09,91.08,92.14,93.11,93.88,94.44,94.98,95.43,95.89,96.29,96.60,96.85,97.00,97.09,97.25,97.37,97.47,97.55,97.60,97.63,97.68,97.75,97.88,97.96,98.03,98.18,98.38,98.55,98.67,98.75,98.88,99.08,99.10,99.22,99.46,99.55,99.56,99.56,99.98,99.98,99.99,99.99,99.99,100.00,100.00,100.00,100.00,100.00,100.00,100.00,100.00,100.00,100.00,100.00,100.00,100.00,100.00,100.00,100.00,100.00,100.00,100.00
64.27
ROSBoost
0.50,19.88,28.38,33.98,37.39,40.63,43.06,44.86,47.17,49.29,50.94,52.14,53.04,53.66,54.16,54.46,54.74,55.27,56.56,58.81,62.00,65.50,69.36,72.61,75.29,77.62,79.61,81.06,82.11,82.97,83.54,84.02,84.63,85.12,85.81,86.50,87.32,88.19,89.06,89.89,90.84,91.81,92.81,93.64,94.24,94.70,95.15,95.70,96.14,96.51,96.75,96.93,97.04,97.16,97.30,97.43,97.52,97.55,97.58,97.62,97.71,97.79,97.95,98.08,98.22,98.35,98.54,98.64,98.74,98.84,99.03,99.08,99.25,99.48,99.57,99.59,99.61,99.96,99.96,99.98,99.99,99.99,100.00,100.00,100.00,100.00,100.00,100.00,100.00,100.00,100.00,100.00,100.00,100.00,100.00,100.00,100.00,100.00,100.00,100.00,100.00
62.0
RUSBoost
0.50,20.01,28.84,35.89,39.32,42.22,45.29,47.57,49.35,51.41,53.51,55.26,56.69,57.93,58.72,59.37,60.00,60.45,60.79,61.12,61.55,62.04,63.09,64.39,66.40,68.97,71.74,74.11,76.31,78.11,79.77,81.09,82.35,83.31,84.18,84.92,85.64,86.37,87.23,88.07,88.93,89.77,90.66,91.54,92.41,93.29,94.01,94.57,95.08,95.55,95.96,96.33,96.62,96.88,97.08,97.27,97.45,97.62,97.73,97.82,97.88,97.96,98.00,98.08,98.18,98.28,98.42,98.52,98.61,98.75,98.89,98.96,99.12,99.31,99.45,99.50,99.52,99.84,99.86,99.88,99.90,99.91,99.94,99.96,99.96,99.96,99.99,99.99,100.00,100.00,100.00,100.00,100.00,100.00,100.00,100.00,100.00,100.00,100.00,100.00,100.00
61.55
SmoteBoost
0.50,19.96,28.77,34.62,38.09,41.33,43.84,45.69,47.91,50.03,51.73,53.00,53.89,54.56,55.11,55.54,55.82,56.14,56.75,57.99,60.60,63.57,67.24,71.14,74.00,76.56,78.66,80.30,81.63,82.67,83.43,83.91,84.53,85.04,85.57,86.27,86.92,87.72,88.54,89.35,90.32,91.23,92.25,93.22,94.00,94.56,95.00,95.42,95.89,96.34,96.68,96.91,97.08,97.18,97.30,97.44,97.54,97.60,97.63,97.65,97.73,97.81,97.91,98.03,98.16,98.30,98.43,98.57,98.67,98.80,98.95,99.03,99.18,99.44,99.56,99.59,99.60,99.94,99.94,99.97,99.98,99.99,99.99,99.99,99.99,99.99,100.00,100.00,100.00,100.00,100.00,100.00,100.00,100.00,100.00,100.00,100.00,100.00,100.00,100.00,100.00
60.6
