Simple
0.00,37.69,47.17,50.31,53.48,54.74,56.17,57.85,59.11,59.70,60.17,60.81,61.26,61.56,61.78,61.95,62.33,63.19,65.00,69.52,74.37,78.31,81.20,83.23,84.86,86.01,87.21,89.21,91.21,93.15,94.44,95.28,95.75,96.16,96.67,97.07,97.66,98.15,98.41,98.54,98.65,98.75,98.90,99.03,99.13,99.19,99.21,99.25,99.25,99.28,99.33,99.34,99.40,99.40,99.40,99.40,99.40,99.40,99.40,99.40,99.40,99.42,99.42,99.42,99.42,99.42,99.42,99.42,99.42,99.46,99.46,99.46,99.46,99.46,99.46,99.46,99.46,100.00,100.00,100.00,100.00,100.00,100.00,100.00,100.00,100.00,100.00,100.00,100.00,100.00,100.00,100.00,100.00,100.00,100.00,100.00,100.00,100.00,100.00,100.00,100.00
74.37
ROS
0.00,36.62,47.06,53.19,55.20,58.93,60.44,61.45,62.60,64.03,65.36,66.15,66.44,66.59,66.74,66.96,67.12,67.19,67.23,67.26,67.60,68.05,68.77,69.58,70.54,71.56,72.35,73.09,73.55,74.11,75.15,76.97,79.17,81.04,82.89,84.34,85.60,86.87,88.03,89.34,90.47,91.64,92.38,93.07,93.79,94.56,95.26,96.05,96.69,97.15,97.48,97.72,98.05,98.32,98.58,98.74,98.85,99.04,99.16,99.24,99.30,99.42,99.46,99.52,99.57,99.59,99.62,99.64,99.64,99.66,99.66,99.67,99.67,99.68,99.68,99.68,99.68,99.84,99.84,99.84,99.84,99.84,99.84,99.84,99.85,99.90,99.90,99.90,99.90,99.90,99.90,99.90,99.99,99.99,99.99,99.99,99.99,99.99,99.99,99.99,100.00
67.6
RUS
0.00,39.64,49.52,57.32,59.52,63.32,66.01,67.34,68.36,69.52,71.10,72.45,73.32,73.76,73.90,74.00,74.19,74.40,74.52,74.54,74.54,74.54,74.56,74.71,75.32,76.11,77.35,78.19,78.87,79.27,79.56,80.26,81.80,83.78,86.26,88.38,89.91,90.87,91.58,92.13,92.83,93.52,94.42,95.17,95.77,96.29,96.84,97.40,97.76,98.12,98.40,98.60,98.75,98.89,99.02,99.11,99.20,99.30,99.43,99.54,99.61,99.68,99.70,99.72,99.75,99.77,99.77,99.77,99.77,99.78,99.79,99.80,99.80,99.80,99.80,99.80,99.81,99.95,99.95,99.95,99.95,99.95,99.95,99.95,99.95,99.97,99.97,99.97,99.97,99.97,99.97,99.97,100.00,100.00,100.00,100.00,100.00,100.00,100.00,100.00,100.00
74.54
Smote
0.00,37.23,49.09,53.72,56.82,59.37,60.66,61.97,63.64,65.18,65.89,66.25,66.65,67.27,67.72,68.05,68.28,68.54,68.69,69.07,70.42,72.87,74.97,76.55,77.66,78.42,78.93,79.51,80.58,82.56,84.29,85.46,86.18,86.81,87.59,88.46,89.68,91.09,92.13,92.91,93.37,93.66,94.07,94.48,95.09,95.81,96.58,97.00,97.45,97.72,97.95,98.21,98.42,98.62,98.80,98.91,98.99,99.05,99.13,99.18,99.23,99.26,99.31,99.33,99.34,99.34,99.36,99.40,99.40,99.46,99.46,99.46,99.46,99.46,99.46,99.46,99.47,99.77,99.77,99.77,99.77,99.77,99.77,99.77,99.78,99.84,99.84,99.84,99.84,99.84,99.84,99.84,99.96,99.96,99.96,99.96,99.96,99.96,99.96,99.96,100.00
70.42
Bag
0.00,36.35,45.44,48.74,51.34,52.65,54.19,55.79,56.66,56.89,57.15,57.34,57.41,57.41,57.41,57.41,57.52,57.83,59.28,61.23,62.48,63.40,64.13,64.74,65.15,66.09,69.62,75.63,80.83,85.03,87.78,90.02,91.60,92.60,93.52,94.58,95.80,96.75,97.16,97.33,97.45,97.74,98.15,98.36,98.85,99.29,99.32,99.37,99.40,99.41,99.64,99.80,99.82,99.82,99.82,99.82,99.82,99.82,99.82,99.82,99.82,99.85,99.85,99.85,99.85,99.85,99.85,99.85,99.85,99.85,99.85,99.85,99.85,99.85,99.85,99.85,99.85,100.00,100.00,100.00,100.00,100.00,100.00,100.00,100.00,100.00,100.00,100.00,100.00,100.00,100.00,100.00,100.00,100.00,100.00,100.00,100.00,100.00,100.00,100.00,100.00
62.48
ROSBag
0.00,37.72,49.39,54.77,57.66,60.68,62.19,63.40,64.64,66.28,67.56,68.05,68.21,68.44,68.68,68.75,68.75,68.75,68.75,68.76,69.07,69.98,71.10,72.21,72.87,73.39,73.74,74.01,74.79,76.98,81.52,85.61,88.85,91.07,92.89,93.95,94.63,95.48,96.47,97.28,97.64,97.78,97.91,98.13,98.38,98.91,99.25,99.38,99.42,99.46,99.53,99.72,99.77,99.79,99.81,99.83,99.83,99.83,99.83,99.83,99.84,99.86,99.86,99.86,99.86,99.86,99.87,99.87,99.87,99.87,99.87,99.87,99.87,99.87,99.87,99.87,99.87,100.00,100.00,100.00,100.00,100.00,100.00,100.00,100.00,100.00,100.00,100.00,100.00,100.00,100.00,100.00,100.00,100.00,100.00,100.00,100.00,100.00,100.00,100.00,100.00
69.07
RUSBag
0.00,40.97,50.74,58.76,60.75,65.40,67.85,69.47,70.49,71.50,73.32,74.60,75.53,75.96,75.99,76.08,76.36,76.62,76.66,76.66,76.66,76.66,76.66,76.72,77.11,77.68,78.01,78.23,78.36,78.45,78.48,78.86,80.50,84.48,88.51,91.99,94.05,95.35,96.00,96.59,97.34,97.97,98.15,98.33,98.53,98.82,99.06,99.40,99.58,99.70,99.77,99.81,99.82,99.86,99.88,99.91,99.92,99.93,99.93,99.93,99.94,99.95,99.95,99.95,99.95,99.95,99.95,99.95,99.95,99.95,99.95,99.95,99.95,99.95,99.95,99.95,99.95,99.99,99.99,99.99,99.99,99.99,99.99,99.99,99.99,100.00,100.00,100.00,100.00,100.00,100.00,100.00,100.00,100.00,100.00,100.00,100.00,100.00,100.00,100.00,100.00
76.66
SmoteBag
0.00,37.42,49.28,53.35,56.98,59.26,60.42,61.88,63.75,65.15,65.70,66.07,66.68,67.13,67.34,67.51,67.62,67.68,67.87,68.99,72.62,76.93,80.68,83.32,85.29,86.66,87.52,88.32,89.66,91.44,92.72,93.47,93.89,94.21,94.52,94.94,95.95,96.69,97.17,97.39,97.56,97.65,97.87,98.21,98.58,98.82,98.95,98.98,99.02,99.07,99.11,99.18,99.29,99.31,99.32,99.32,99.32,99.33,99.36,99.36,99.38,99.38,99.38,99.38,99.38,99.38,99.39,99.39,99.39,99.42,99.42,99.42,99.42,99.42,99.42,99.42,99.42,99.95,99.95,99.95,99.95,99.95,99.95,99.95,99.95,99.95,99.95,99.95,99.95,99.95,99.95,99.95,100.00,100.00,100.00,100.00,100.00,100.00,100.00,100.00,100.00
72.62
Boost
0.00,35.66,45.42,48.09,51.08,52.42,53.65,55.19,56.58,57.48,58.79,60.23,62.11,63.23,64.03,64.71,65.46,67.21,70.06,73.46,76.91,79.79,82.05,83.56,84.76,85.92,87.30,89.57,91.36,92.79,93.64,94.34,94.91,95.39,95.97,96.56,97.19,97.60,97.81,97.95,98.11,98.25,98.42,98.63,98.81,98.87,98.89,98.92,98.94,98.97,99.01,99.06,99.19,99.19,99.19,99.21,99.21,99.21,99.21,99.21,99.21,99.24,99.24,99.24,99.24,99.24,99.24,99.25,99.25,99.42,99.42,99.42,99.42,99.42,99.42,99.42,99.42,99.96,99.96,99.96,99.96,99.96,99.96,99.96,99.97,99.97,99.97,99.97,99.97,99.97,99.97,99.97,100.00,100.00,100.00,100.00,100.00,100.00,100.00,100.00,100.00
76.91
ROSBoost
0.00,35.27,45.55,48.19,51.62,52.94,54.12,55.62,57.25,58.21,58.57,59.16,59.60,59.93,60.29,60.53,60.72,61.19,62.30,64.21,66.89,68.78,70.65,71.79,72.83,73.59,75.03,77.21,81.35,84.98,87.73,89.71,91.25,92.40,93.26,94.18,95.16,96.28,96.90,97.23,97.44,97.64,97.89,98.15,98.52,98.81,98.97,99.01,99.06,99.12,99.22,99.34,99.46,99.49,99.51,99.51,99.51,99.51,99.52,99.52,99.52,99.60,99.60,99.62,99.62,99.62,99.62,99.62,99.62,99.68,99.68,99.68,99.68,99.68,99.68,99.68,99.68,99.98,99.98,99.98,99.98,99.98,99.98,99.98,99.98,99.99,99.99,99.99,99.99,99.99,99.99,99.99,100.00,100.00,100.00,100.00,100.00,100.00,100.00,100.00,100.00
66.89
RUSBoost
0.00,36.42,47.66,51.89,55.23,57.56,58.72,59.86,61.23,62.64,63.48,63.78,63.93,64.27,64.62,64.91,65.12,65.25,65.73,66.23,66.85,68.44,69.99,71.38,72.39,73.39,74.13,74.87,76.24,78.18,80.88,83.07,85.08,86.76,87.96,88.97,90.11,91.48,92.70,93.68,94.54,95.11,95.51,95.95,96.45,97.13,97.56,97.85,98.14,98.31,98.47,98.65,98.88,98.98,99.03,99.07,99.22,99.27,99.32,99.38,99.43,99.50,99.52,99.58,99.59,99.60,99.60,99.60,99.61,99.65,99.66,99.68,99.68,99.68,99.68,99.68,99.68,99.91,99.91,99.91,99.91,99.91,99.91,99.91,99.91,99.95,99.95,99.95,99.95,99.95,99.95,99.95,99.99,99.99,99.99,99.99,99.99,99.99,99.99,99.99,100.00
66.85
SmoteBoost
0.00,35.36,45.47,48.16,51.56,52.97,54.17,55.73,57.15,57.80,58.56,59.23,60.11,60.90,61.41,61.85,62.31,63.01,64.60,66.48,69.60,71.62,73.28,74.37,75.48,76.77,78.52,80.83,84.11,87.25,89.42,91.05,92.40,93.40,94.23,94.99,95.70,96.47,96.89,97.21,97.46,97.72,97.97,98.22,98.48,98.70,98.86,98.93,99.00,99.05,99.13,99.19,99.34,99.34,99.38,99.39,99.39,99.39,99.39,99.39,99.39,99.52,99.52,99.52,99.52,99.52,99.52,99.53,99.53,99.62,99.62,99.62,99.62,99.62,99.62,99.62,99.62,99.97,99.97,99.97,99.97,99.97,99.97,99.97,99.97,99.99,99.99,99.99,99.99,99.99,99.99,99.99,100.00,100.00,100.00,100.00,100.00,100.00,100.00,100.00,100.00
69.6
