Simple
0.29,33.48,43.50,50.09,54.60,57.54,60.00,61.85,63.70,65.01,66.17,67.08,67.87,68.50,69.04,69.57,70.06,70.55,70.98,71.34,71.63,71.89,72.14,72.49,73.36,75.42,79.10,83.04,86.01,87.79,89.10,90.31,91.30,92.13,92.88,93.43,93.92,94.39,94.79,95.18,95.71,96.25,96.67,96.97,97.19,97.32,97.43,97.52,97.66,97.83,98.00,98.11,98.19,98.30,98.41,98.56,98.65,98.74,98.82,98.90,98.95,99.03,99.15,99.25,99.32,99.36,99.40,99.44,99.47,99.49,99.53,99.60,99.68,99.72,99.74,99.76,99.79,99.81,99.83,99.86,99.92,99.93,99.93,99.93,99.94,99.97,99.98,99.99,100.00,100.00,100.00,100.00,100.00,100.00,100.00,100.00,100.00,100.00,100.00,100.00,100.00
71.63
ROS
0.28,33.93,44.96,51.86,57.10,61.03,63.84,66.29,68.36,69.99,71.70,72.79,73.82,74.69,75.49,76.16,76.73,77.18,77.61,78.04,78.48,78.92,79.31,79.66,79.89,80.10,80.31,80.59,80.83,81.18,82.21,84.08,86.50,88.68,90.51,91.98,93.08,93.91,94.61,95.19,95.62,95.98,96.29,96.59,96.93,97.26,97.52,97.78,97.93,98.05,98.14,98.23,98.34,98.47,98.58,98.67,98.74,98.82,98.92,99.00,99.06,99.13,99.17,99.22,99.28,99.35,99.41,99.46,99.49,99.53,99.56,99.60,99.65,99.70,99.77,99.79,99.83,99.85,99.86,99.88,99.91,99.93,99.95,99.95,99.95,99.96,99.97,99.99,100.00,100.00,100.00,100.00,100.00,100.00,100.00,100.00,100.00,100.00,100.00,100.00,100.00
78.48
RUS
0.29,32.09,43.33,49.93,55.77,59.66,62.62,64.97,67.19,68.97,70.35,71.89,73.06,73.87,74.79,75.48,76.16,76.75,77.29,77.71,78.06,78.44,78.82,79.18,79.59,79.96,80.32,80.57,80.75,80.95,81.15,81.36,81.56,81.84,82.48,83.79,86.09,88.69,90.64,92.01,93.12,94.00,94.68,95.27,95.70,96.06,96.38,96.75,97.12,97.53,97.83,98.04,98.18,98.27,98.37,98.49,98.61,98.70,98.78,98.87,98.98,99.08,99.15,99.22,99.28,99.33,99.42,99.49,99.54,99.58,99.63,99.65,99.68,99.73,99.78,99.82,99.86,99.87,99.88,99.89,99.92,99.94,99.95,99.95,99.95,99.98,99.98,100.00,100.00,100.00,100.00,100.00,100.00,100.00,100.00,100.00,100.00,100.00,100.00,100.00,100.00
78.06
Smote
0.27,34.43,45.15,52.30,57.18,60.62,63.34,65.58,67.32,69.10,70.35,71.45,72.35,73.15,73.82,74.37,74.84,75.32,75.77,76.21,76.59,76.87,77.11,77.37,77.59,77.81,78.38,79.66,82.03,85.03,87.70,89.57,90.85,91.93,92.86,93.67,94.28,94.78,95.20,95.54,95.83,96.16,96.58,96.95,97.27,97.49,97.66,97.77,97.85,97.96,98.11,98.26,98.38,98.45,98.52,98.59,98.70,98.78,98.86,98.94,99.00,99.05,99.11,99.21,99.33,99.41,99.46,99.50,99.54,99.59,99.61,99.65,99.70,99.76,99.80,99.81,99.84,99.85,99.87,99.91,99.95,99.97,99.97,99.97,99.97,99.98,99.98,99.99,100.00,100.00,100.00,100.00,100.00,100.00,100.00,100.00,100.00,100.00,100.00,100.00,100.00
76.59
Bag
0.31,36.10,46.58,53.26,58.00,61.23,63.80,65.73,67.73,69.15,70.33,71.22,71.98,72.56,73.08,73.58,74.11,74.61,74.95,75.24,75.53,75.78,76.00,76.43,77.80,81.04,85.15,87.79,89.12,90.14,91.25,92.29,93.13,93.78,94.28,94.63,95.04,95.38,95.62,96.01,96.51,96.95,97.19,97.41,97.50,97.58,97.65,97.73,97.90,98.06,98.19,98.29,98.34,98.42,98.56,98.73,98.84,98.89,98.96,99.01,99.05,99.10,99.23,99.35,99.42,99.45,99.48,99.53,99.56,99.59,99.61,99.66,99.76,99.80,99.82,99.83,99.87,99.87,99.89,99.91,99.96,99.97,99.97,99.97,99.97,99.98,99.98,100.00,100.00,100.00,100.00,100.00,100.00,100.00,100.00,100.00,100.00,100.00,100.00,100.00,100.00
75.53
ROSBag
0.31,38.18,50.21,58.02,63.58,67.59,70.74,73.27,75.16,77.18,78.83,80.15,81.24,82.14,82.90,83.55,84.04,84.52,84.98,85.49,85.96,86.38,86.65,86.93,87.20,87.44,87.66,87.89,88.51,90.14,92.39,93.97,94.81,95.41,96.04,96.57,97.07,97.47,97.69,97.85,98.00,98.10,98.23,98.46,98.71,98.83,98.91,98.95,99.01,99.05,99.11,99.21,99.28,99.35,99.40,99.43,99.46,99.52,99.55,99.58,99.60,99.61,99.63,99.65,99.70,99.77,99.82,99.83,99.85,99.86,99.88,99.89,99.90,99.93,99.95,99.95,99.96,99.97,99.97,99.98,99.99,100.00,100.00,100.00,100.00,100.00,100.00,100.00,100.00,100.00,100.00,100.00,100.00,100.00,100.00,100.00,100.00,100.00,100.00,100.00,100.00
85.96
RUSBag
0.32,36.12,48.21,55.73,61.45,65.71,68.89,71.46,73.52,75.15,76.85,78.40,79.40,80.45,81.34,82.04,82.69,83.28,83.68,84.14,84.53,84.89,85.27,85.69,86.13,86.50,86.73,86.93,87.19,87.46,87.67,87.87,88.13,88.83,90.54,92.51,93.95,94.75,95.37,95.90,96.46,96.92,97.26,97.52,97.69,97.84,98.05,98.38,98.65,98.86,98.96,99.02,99.04,99.09,99.20,99.29,99.37,99.40,99.43,99.49,99.56,99.60,99.64,99.66,99.68,99.73,99.79,99.84,99.86,99.87,99.89,99.90,99.90,99.92,99.94,99.94,99.95,99.95,99.95,99.96,99.98,99.99,99.99,99.99,99.99,99.99,99.99,100.00,100.00,100.00,100.00,100.00,100.00,100.00,100.00,100.00,100.00,100.00,100.00,100.00,100.00
84.53
SmoteBag
0.30,37.58,49.04,56.50,61.68,65.30,67.98,70.38,72.28,74.17,75.56,76.69,77.67,78.46,79.16,79.70,80.20,80.71,81.23,81.68,82.00,82.25,82.53,82.80,83.03,83.25,83.74,85.18,88.08,90.66,91.98,92.83,93.70,94.53,95.23,95.79,96.21,96.45,96.73,96.96,97.09,97.41,97.82,98.15,98.36,98.52,98.57,98.62,98.66,98.74,98.90,99.02,99.10,99.15,99.15,99.19,99.27,99.35,99.38,99.41,99.44,99.46,99.48,99.56,99.67,99.76,99.80,99.81,99.83,99.88,99.89,99.89,99.91,99.93,99.94,99.95,99.96,99.96,99.96,99.98,99.99,100.00,100.00,100.00,100.00,100.00,100.00,100.00,100.00,100.00,100.00,100.00,100.00,100.00,100.00,100.00,100.00,100.00,100.00,100.00,100.00
82.0
Boost
0.31,39.53,51.53,59.12,64.42,68.44,71.37,74.04,76.11,78.10,79.59,80.80,81.79,82.60,83.40,83.94,84.46,85.00,85.54,86.02,86.42,86.73,87.02,87.29,87.52,87.72,88.24,89.83,92.42,94.10,94.91,95.49,96.03,96.55,97.03,97.49,97.74,97.89,98.05,98.18,98.26,98.45,98.68,98.84,98.90,98.95,99.00,99.04,99.07,99.15,99.24,99.31,99.37,99.41,99.43,99.46,99.49,99.52,99.54,99.56,99.56,99.59,99.60,99.63,99.70,99.77,99.79,99.81,99.83,99.84,99.84,99.86,99.90,99.92,99.93,99.93,99.94,99.95,99.95,99.97,99.99,100.00,100.00,100.00,100.00,100.00,100.00,100.00,100.00,100.00,100.00,100.00,100.00,100.00,100.00,100.00,100.00,100.00,100.00,100.00,100.00
86.42
ROSBoost
0.31,39.48,51.35,58.90,64.15,68.20,71.11,73.78,75.85,77.82,79.30,80.49,81.48,82.28,83.05,83.58,84.09,84.63,85.18,85.64,86.01,86.32,86.61,86.87,87.09,87.32,88.10,89.85,92.42,93.93,94.69,95.29,95.87,96.40,96.89,97.32,97.56,97.70,97.87,98.00,98.11,98.30,98.54,98.67,98.75,98.80,98.85,98.91,98.95,99.05,99.13,99.20,99.29,99.32,99.34,99.38,99.44,99.46,99.49,99.50,99.52,99.53,99.55,99.60,99.67,99.73,99.75,99.76,99.79,99.81,99.82,99.84,99.88,99.91,99.92,99.92,99.94,99.95,99.95,99.96,99.99,99.99,99.99,99.99,99.99,99.99,99.99,100.00,100.00,100.00,100.00,100.00,100.00,100.00,100.00,100.00,100.00,100.00,100.00,100.00,100.00
86.01
RUSBoost
0.31,39.29,51.39,58.99,64.33,68.43,71.49,74.06,76.12,78.15,79.65,80.93,81.96,82.78,83.58,84.19,84.65,85.18,85.71,86.21,86.65,86.99,87.29,87.58,87.82,88.03,88.23,89.08,91.31,93.38,94.59,95.30,95.88,96.40,96.89,97.34,97.70,97.88,98.06,98.20,98.26,98.40,98.63,98.82,98.94,98.97,99.02,99.06,99.08,99.15,99.24,99.31,99.39,99.43,99.45,99.47,99.51,99.53,99.56,99.59,99.59,99.60,99.62,99.65,99.70,99.79,99.81,99.83,99.84,99.85,99.86,99.88,99.90,99.93,99.94,99.94,99.95,99.96,99.96,99.97,99.99,99.99,99.99,99.99,99.99,100.00,100.00,100.00,100.00,100.00,100.00,100.00,100.00,100.00,100.00,100.00,100.00,100.00,100.00,100.00,100.00
86.65
SmoteBoost
0.31,39.52,51.45,59.00,64.29,68.33,71.27,73.90,75.99,77.98,79.45,80.65,81.64,82.43,83.24,83.77,84.27,84.82,85.38,85.85,86.23,86.53,86.83,87.10,87.31,87.52,87.92,89.68,92.45,94.04,94.76,95.37,95.92,96.51,96.96,97.41,97.64,97.76,97.94,98.06,98.14,98.34,98.61,98.75,98.82,98.87,98.93,98.98,99.00,99.09,99.19,99.24,99.34,99.38,99.40,99.44,99.49,99.51,99.53,99.56,99.56,99.58,99.59,99.63,99.70,99.77,99.79,99.81,99.83,99.85,99.85,99.88,99.91,99.93,99.93,99.93,99.94,99.95,99.95,99.96,99.99,99.99,99.99,99.99,99.99,99.99,99.99,100.00,100.00,100.00,100.00,100.00,100.00,100.00,100.00,100.00,100.00,100.00,100.00,100.00,100.00
86.23
