Simple
0.00,13.20,21.84,28.26,33.25,37.18,40.17,42.32,44.24,45.57,46.44,48.06,52.22,60.01,69.82,77.75,83.19,86.78,88.82,90.20,91.50,92.64,93.35,93.88,94.48,94.95,95.43,95.69,95.90,96.10,96.31,96.40,96.56,96.76,96.86,97.03,97.21,97.36,97.52,97.62,97.75,97.84,97.85,97.89,97.99,98.02,98.05,98.14,98.37,98.63,98.99,99.19,99.19,99.20,99.21,99.21,99.24,99.39,99.63,99.78,99.78,99.78,99.80,99.80,99.80,99.80,99.80,99.80,99.80,99.80,99.80,99.80,99.80,99.80,99.80,99.80,99.80,99.80,99.80,99.80,99.80,99.80,99.80,99.80,99.80,99.80,99.80,99.80,99.80,99.80,99.80,99.82,99.84,99.84,99.84,99.84,99.84,100.00,100.00,100.00,100.00
91.5
ROS
0.00,16.35,24.96,33.07,39.21,44.54,48.51,51.89,53.96,55.99,57.69,58.83,59.67,60.79,64.40,71.72,80.03,85.91,89.81,91.73,92.86,93.75,94.55,94.96,95.39,95.96,96.47,96.78,96.94,97.10,97.29,97.38,97.44,97.52,97.61,97.64,97.75,97.79,97.88,97.95,98.04,98.15,98.16,98.18,98.25,98.31,98.32,98.39,98.56,98.76,99.09,99.39,99.39,99.39,99.40,99.42,99.42,99.48,99.65,99.73,99.74,99.75,99.78,99.80,99.80,99.80,99.80,99.80,99.80,99.80,99.80,99.80,99.80,99.80,99.82,99.82,99.82,99.82,99.82,99.82,99.82,99.82,99.82,99.82,99.82,99.82,99.82,99.82,99.82,99.82,99.82,99.83,99.95,99.95,99.95,99.95,99.95,100.00,100.00,100.00,100.00
92.86
RUS
0.00,18.63,26.13,35.17,42.62,49.27,55.31,60.43,64.34,67.83,69.84,71.76,73.86,75.52,76.75,77.51,78.30,79.95,84.72,92.32,96.64,97.79,98.15,98.37,98.56,98.63,98.82,98.96,99.15,99.23,99.30,99.30,99.33,99.34,99.35,99.39,99.39,99.41,99.43,99.45,99.52,99.52,99.54,99.55,99.55,99.56,99.57,99.57,99.58,99.61,99.64,99.71,99.71,99.71,99.71,99.72,99.72,99.75,99.81,99.86,99.86,99.86,99.90,99.92,99.92,99.92,99.92,99.92,99.92,99.92,99.92,99.92,99.92,99.92,99.92,99.92,99.92,99.92,99.92,99.92,99.92,99.92,99.92,99.92,99.92,99.92,99.92,99.92,99.92,99.92,99.92,99.92,99.96,99.96,99.96,99.96,99.96,100.00,100.00,100.00,100.00
96.64
Smote
0.00,14.75,23.26,30.38,36.30,40.54,44.00,46.20,48.22,49.82,50.84,53.12,57.56,65.51,73.94,80.54,85.08,87.96,89.75,91.02,92.12,92.95,93.45,94.10,94.66,95.18,95.48,95.76,95.93,96.17,96.25,96.32,96.38,96.44,96.56,96.68,96.80,96.99,97.17,97.31,97.46,97.52,97.57,97.60,97.62,97.65,97.75,97.95,98.28,98.69,99.08,99.19,99.19,99.19,99.19,99.19,99.23,99.30,99.39,99.41,99.41,99.43,99.44,99.44,99.44,99.44,99.44,99.44,99.44,99.44,99.44,99.44,99.44,99.44,99.44,99.44,99.44,99.44,99.44,99.44,99.44,99.44,99.44,99.44,99.44,99.44,99.44,99.44,99.44,99.44,99.44,99.57,99.83,99.83,99.83,99.83,99.83,100.00,100.00,100.00,100.00
92.12
Bag
0.00,11.34,19.37,25.44,29.62,33.54,36.11,38.24,40.07,41.34,42.22,43.77,47.84,56.89,67.96,76.28,81.98,86.29,88.82,90.38,91.55,92.82,93.72,94.14,94.87,95.41,96.12,96.35,96.65,96.75,97.15,97.23,97.30,97.55,97.63,97.68,97.78,97.88,98.02,98.15,98.19,98.24,98.24,98.28,98.30,98.31,98.34,98.40,98.59,98.82,99.18,99.36,99.36,99.36,99.36,99.36,99.36,99.49,99.74,99.84,99.84,99.85,99.85,99.85,99.85,99.85,99.85,99.85,99.85,99.85,99.85,99.85,99.85,99.85,99.85,99.85,99.85,99.85,99.85,99.85,99.85,99.85,99.85,99.85,99.85,99.85,99.85,99.85,99.85,99.85,99.85,99.85,99.86,99.86,99.86,99.86,99.86,100.00,100.00,100.00,100.00
91.55
ROSBag
0.00,15.85,23.58,31.39,37.41,42.24,46.26,49.47,51.38,53.45,55.11,56.35,57.18,57.83,59.21,66.13,76.09,83.72,89.13,92.37,93.32,94.02,94.85,95.42,95.66,96.23,96.88,97.43,97.66,97.78,97.92,98.17,98.19,98.25,98.41,98.42,98.43,98.44,98.46,98.49,98.51,98.64,98.65,98.65,98.65,98.66,98.66,98.68,98.85,99.05,99.30,99.76,99.76,99.76,99.76,99.76,99.76,99.76,99.89,99.95,99.95,99.95,99.96,99.97,99.97,99.97,99.97,99.97,99.97,99.97,99.97,99.97,99.97,99.97,99.97,99.97,99.97,99.97,99.97,99.97,99.97,99.97,99.97,99.97,99.97,99.97,99.97,99.97,99.97,99.97,99.97,99.97,99.98,99.98,99.98,99.98,99.98,100.00,100.00,100.00,100.00
93.32
RUSBag
0.00,21.21,27.95,37.61,44.69,52.50,58.02,63.64,67.99,71.76,74.66,76.28,78.37,80.17,81.88,82.87,83.72,84.15,84.49,90.61,96.62,99.66,99.69,99.70,99.70,99.70,99.71,99.71,99.89,99.89,99.98,99.98,99.98,99.98,99.98,99.98,99.98,99.98,99.98,99.98,99.99,99.99,99.99,99.99,99.99,99.99,99.99,99.99,99.99,99.99,99.99,99.99,99.99,99.99,99.99,99.99,99.99,99.99,99.99,100.00,100.00,100.00,100.00,100.00,100.00,100.00,100.00,100.00,100.00,100.00,100.00,100.00,100.00,100.00,100.00,100.00,100.00,100.00,100.00,100.00,100.00,100.00,100.00,100.00,100.00,100.00,100.00,100.00,100.00,100.00,100.00,100.00,100.00,100.00,100.00,100.00,100.00,100.00,100.00,100.00,100.00
96.62
SmoteBag
0.00,14.21,23.08,29.96,35.70,39.87,43.35,45.51,47.52,49.21,50.37,51.44,53.95,61.70,71.09,78.78,84.26,87.79,89.92,91.11,92.32,93.14,93.72,94.37,95.01,95.72,96.19,96.51,96.67,96.89,96.98,97.02,97.09,97.12,97.16,97.18,97.26,97.41,97.57,97.74,97.91,98.00,98.00,98.00,98.00,98.00,98.02,98.26,98.45,98.84,99.23,99.44,99.44,99.44,99.44,99.44,99.44,99.50,99.54,99.55,99.55,99.56,99.56,99.56,99.56,99.56,99.56,99.56,99.56,99.56,99.56,99.56,99.56,99.56,99.56,99.56,99.56,99.56,99.56,99.56,99.56,99.56,99.56,99.56,99.56,99.56,99.56,99.56,99.56,99.56,99.56,99.61,99.93,99.93,99.93,99.93,99.93,100.00,100.00,100.00,100.00
92.32
Boost
0.00,14.37,23.57,30.24,35.21,39.35,42.56,44.68,46.77,48.24,49.26,51.32,56.14,64.08,73.15,80.24,85.15,88.57,90.45,91.75,92.91,93.86,94.46,94.92,95.48,95.93,96.36,96.51,96.71,96.92,97.11,97.19,97.25,97.34,97.38,97.42,97.47,97.57,97.70,97.75,97.84,97.88,97.88,97.91,97.94,97.96,98.02,98.11,98.30,98.58,98.90,99.00,99.00,99.00,99.00,99.00,99.11,99.26,99.49,99.52,99.56,99.57,99.63,99.63,99.63,99.63,99.63,99.63,99.63,99.63,99.63,99.63,99.64,99.67,99.70,99.70,99.70,99.70,99.70,99.70,99.70,99.70,99.70,99.70,99.70,99.70,99.70,99.70,99.70,99.70,99.70,99.72,99.77,99.77,99.77,99.77,99.77,100.00,100.00,100.00,100.00
92.91
ROSBoost
0.00,14.85,23.89,30.64,35.52,39.62,42.65,44.88,46.84,48.18,49.31,51.08,56.70,65.43,74.02,80.65,85.37,88.47,90.31,91.68,92.89,93.77,94.37,94.90,95.55,96.10,96.47,96.65,96.90,97.05,97.21,97.25,97.30,97.36,97.38,97.43,97.50,97.63,97.74,97.80,97.85,97.89,97.91,97.97,98.01,98.04,98.10,98.18,98.32,98.64,98.94,99.05,99.05,99.05,99.05,99.06,99.12,99.30,99.56,99.61,99.64,99.65,99.66,99.66,99.66,99.66,99.66,99.66,99.66,99.66,99.66,99.66,99.66,99.66,99.69,99.69,99.69,99.69,99.69,99.69,99.69,99.69,99.69,99.69,99.69,99.69,99.69,99.69,99.69,99.69,99.69,99.72,99.77,99.77,99.77,99.77,99.77,100.00,100.00,100.00,100.00
92.89
RUSBoost
0.00,14.84,23.54,32.01,38.48,43.71,47.64,51.10,53.18,55.24,57.11,58.58,59.47,60.60,63.01,68.44,78.08,85.37,90.23,93.01,94.30,95.25,95.87,96.37,96.69,97.12,97.53,97.89,98.00,98.12,98.23,98.37,98.39,98.43,98.51,98.52,98.54,98.57,98.62,98.72,98.77,98.85,98.86,98.87,98.87,98.90,98.91,98.95,99.04,99.18,99.29,99.50,99.50,99.50,99.50,99.50,99.50,99.56,99.72,99.80,99.81,99.81,99.85,99.85,99.85,99.85,99.85,99.85,99.85,99.85,99.85,99.85,99.85,99.85,99.85,99.85,99.85,99.85,99.85,99.85,99.85,99.85,99.85,99.85,99.85,99.85,99.85,99.85,99.85,99.85,99.85,99.85,99.88,99.88,99.88,99.88,99.88,99.99,99.99,100.00,100.00
94.3
SmoteBoost
0.00,14.70,23.77,30.44,35.52,39.69,42.88,45.05,47.08,48.57,49.66,51.59,55.94,63.13,72.26,79.42,84.60,88.10,90.18,91.56,92.66,93.69,94.40,94.94,95.52,95.97,96.49,96.69,96.89,97.06,97.23,97.26,97.31,97.39,97.41,97.47,97.54,97.62,97.71,97.82,97.87,97.92,97.94,97.99,98.02,98.04,98.06,98.15,98.32,98.46,98.70,98.90,98.90,98.90,98.90,98.94,99.09,99.24,99.49,99.55,99.58,99.58,99.66,99.66,99.66,99.66,99.66,99.66,99.66,99.66,99.66,99.66,99.67,99.69,99.71,99.71,99.71,99.71,99.71,99.71,99.71,99.71,99.71,99.71,99.71,99.71,99.71,99.71,99.71,99.71,99.71,99.76,99.80,99.80,99.80,99.80,99.80,100.00,100.00,100.00,100.00
92.66
