Simple
0.13,25.76,35.54,41.55,45.66,49.03,51.83,54.51,56.92,59.26,61.04,62.99,64.81,66.52,68.09,69.52,70.93,72.25,73.44,74.67,75.79,76.93,78.01,79.03,79.94,80.81,81.55,82.32,83.00,83.63,84.12,84.68,85.20,85.67,86.07,86.41,86.67,86.90,87.10,87.30,87.81,88.54,89.75,90.96,91.94,92.69,93.30,93.82,94.24,94.55,94.87,95.17,95.50,95.83,96.12,96.37,96.53,96.71,96.90,97.10,97.28,97.46,97.59,97.70,97.83,97.98,98.12,98.24,98.34,98.43,98.48,98.53,98.59,98.68,98.78,98.85,98.90,98.98,99.07,99.13,99.15,99.20,99.24,99.31,99.36,99.41,99.47,99.53,99.58,99.60,99.62,99.66,99.70,99.75,99.80,99.83,99.83,99.86,99.88,99.98,100.00
75.79
ROS
0.13,25.03,34.86,41.15,45.41,48.80,51.77,54.35,56.81,59.11,61.19,62.92,64.74,66.36,68.01,69.50,70.81,72.10,73.30,74.46,75.59,76.66,77.76,78.82,79.85,80.74,81.62,82.36,83.09,83.75,84.36,84.93,85.40,85.91,86.39,86.83,87.19,87.51,87.77,87.98,88.17,88.31,88.48,88.79,89.38,90.36,91.45,92.40,93.21,93.85,94.42,94.80,95.09,95.39,95.65,95.91,96.18,96.45,96.71,96.90,97.09,97.26,97.45,97.60,97.77,97.90,98.03,98.20,98.33,98.45,98.56,98.64,98.69,98.76,98.83,98.92,99.02,99.09,99.15,99.21,99.26,99.31,99.34,99.37,99.43,99.48,99.53,99.59,99.63,99.67,99.71,99.74,99.78,99.81,99.85,99.89,99.91,99.92,99.93,99.98,100.00
75.59
RUS
0.13,25.08,35.06,41.36,45.53,48.91,52.02,54.56,57.06,59.28,61.53,63.15,64.97,66.64,68.31,69.81,71.21,72.49,73.74,74.87,76.01,77.12,78.19,79.30,80.30,81.28,82.17,83.00,83.70,84.45,85.10,85.69,86.21,86.67,87.18,87.63,88.07,88.43,88.74,89.01,89.23,89.41,89.58,89.77,90.11,90.57,91.22,92.07,93.05,93.84,94.46,94.96,95.35,95.64,95.91,96.12,96.38,96.66,96.87,97.09,97.27,97.44,97.61,97.78,97.95,98.10,98.23,98.34,98.44,98.56,98.65,98.73,98.78,98.83,98.87,98.94,99.01,99.09,99.17,99.21,99.26,99.32,99.35,99.39,99.43,99.47,99.52,99.58,99.63,99.67,99.71,99.73,99.75,99.78,99.82,99.86,99.88,99.89,99.90,99.96,100.00
76.01
Smote
0.13,25.55,35.47,41.62,45.88,49.19,52.08,54.78,57.28,59.56,61.59,63.51,65.37,67.03,68.61,70.09,71.37,72.71,73.93,75.09,76.28,77.39,78.50,79.57,80.53,81.45,82.26,83.00,83.75,84.39,85.00,85.50,86.03,86.51,86.97,87.35,87.69,87.97,88.19,88.42,88.61,88.87,89.22,89.82,90.76,91.83,92.74,93.50,94.07,94.55,94.96,95.27,95.55,95.79,96.06,96.32,96.57,96.77,96.96,97.12,97.29,97.47,97.65,97.82,97.94,98.05,98.16,98.31,98.44,98.54,98.61,98.68,98.74,98.80,98.87,98.96,99.05,99.10,99.17,99.24,99.29,99.34,99.37,99.38,99.43,99.48,99.53,99.59,99.65,99.69,99.73,99.75,99.78,99.79,99.83,99.86,99.88,99.89,99.90,99.98,100.00
76.28
Bag
0.13,26.42,36.20,42.17,46.43,49.88,52.82,55.55,57.99,60.33,62.13,64.08,65.90,67.68,69.27,70.69,72.12,73.44,74.69,75.92,77.10,78.25,79.32,80.35,81.28,82.12,82.87,83.65,84.35,85.04,85.64,86.22,86.70,87.17,87.56,87.89,88.14,88.38,88.56,88.76,89.34,90.47,91.73,92.73,93.49,94.15,94.67,95.09,95.38,95.61,95.82,96.03,96.26,96.49,96.76,96.97,97.14,97.29,97.49,97.71,97.90,98.02,98.09,98.17,98.29,98.44,98.55,98.63,98.72,98.77,98.79,98.82,98.90,99.03,99.14,99.19,99.22,99.28,99.34,99.36,99.38,99.40,99.43,99.49,99.56,99.59,99.62,99.68,99.70,99.73,99.75,99.76,99.77,99.80,99.84,99.87,99.87,99.88,99.88,99.99,100.00
77.1
ROSBag
0.13,26.74,36.91,43.27,47.76,51.15,54.26,57.01,59.56,61.87,64.07,65.81,67.73,69.40,71.09,72.66,74.04,75.43,76.72,77.94,79.13,80.30,81.46,82.53,83.59,84.52,85.46,86.17,86.93,87.64,88.35,88.95,89.51,90.07,90.57,91.04,91.45,91.80,92.07,92.29,92.52,92.68,92.82,93.10,93.84,94.53,95.16,95.74,96.24,96.59,96.87,97.10,97.23,97.36,97.49,97.63,97.79,97.93,98.07,98.20,98.36,98.52,98.66,98.78,98.83,98.88,98.95,99.04,99.11,99.16,99.20,99.23,99.25,99.28,99.36,99.44,99.51,99.55,99.58,99.62,99.66,99.68,99.69,99.70,99.73,99.77,99.81,99.83,99.85,99.86,99.87,99.87,99.88,99.89,99.90,99.92,99.92,99.93,99.93,100.00,100.00
79.13
RUSBag
0.13,26.09,36.45,42.93,47.23,50.61,53.85,56.50,59.06,61.27,63.57,65.27,67.18,68.94,70.61,72.10,73.57,74.90,76.28,77.50,78.62,79.79,80.91,82.06,83.08,84.10,85.01,85.87,86.58,87.36,88.04,88.70,89.21,89.79,90.28,90.76,91.23,91.61,91.94,92.18,92.40,92.59,92.73,92.91,93.25,93.97,94.69,95.33,95.79,96.19,96.52,96.75,96.91,97.05,97.19,97.39,97.56,97.75,97.84,97.97,98.10,98.30,98.48,98.62,98.71,98.76,98.80,98.92,98.99,99.03,99.06,99.09,99.10,99.13,99.19,99.28,99.36,99.40,99.43,99.49,99.54,99.56,99.56,99.58,99.60,99.66,99.69,99.71,99.75,99.76,99.77,99.78,99.79,99.80,99.82,99.86,99.87,99.88,99.88,99.97,100.00
78.62
SmoteBag
0.13,26.76,36.82,43.09,47.56,50.91,53.94,56.69,59.23,61.52,63.61,65.54,67.49,69.19,70.80,72.32,73.63,75.03,76.29,77.46,78.70,79.82,80.99,82.07,83.04,83.99,84.78,85.53,86.32,87.02,87.68,88.22,88.80,89.26,89.75,90.14,90.50,90.77,90.98,91.21,91.36,91.45,91.73,92.46,93.32,94.04,94.62,95.14,95.57,95.92,96.18,96.38,96.56,96.74,96.93,97.14,97.28,97.43,97.57,97.73,97.94,98.15,98.30,98.38,98.44,98.51,98.65,98.77,98.84,98.92,98.98,99.00,99.02,99.06,99.15,99.24,99.29,99.32,99.38,99.44,99.47,99.48,99.48,99.49,99.53,99.61,99.64,99.67,99.74,99.75,99.77,99.78,99.79,99.80,99.83,99.86,99.88,99.88,99.88,99.98,100.00
78.7
Boost
0.13,27.82,37.75,44.06,48.55,52.13,55.10,57.86,60.44,62.86,64.81,66.83,68.68,70.47,72.08,73.57,75.05,76.46,77.74,78.98,80.19,81.38,82.51,83.60,84.55,85.49,86.34,87.20,87.91,88.66,89.31,89.95,90.49,91.00,91.45,91.83,92.15,92.38,92.63,92.83,92.96,93.12,93.50,94.25,95.03,95.68,96.20,96.63,96.96,97.14,97.33,97.52,97.65,97.79,97.93,98.11,98.26,98.36,98.47,98.59,98.76,98.88,98.97,99.04,99.10,99.17,99.23,99.27,99.30,99.34,99.36,99.38,99.39,99.45,99.53,99.64,99.69,99.71,99.73,99.76,99.77,99.78,99.78,99.80,99.83,99.87,99.89,99.90,99.92,99.92,99.93,99.94,99.95,99.95,99.96,99.97,99.97,99.97,99.98,100.00,100.00
80.19
ROSBoost
0.13,27.54,37.38,43.63,48.08,51.64,54.60,57.38,59.97,62.41,64.34,66.32,68.17,69.92,71.54,73.02,74.49,75.88,77.16,78.38,79.56,80.72,81.81,82.89,83.85,84.80,85.61,86.48,87.19,87.93,88.57,89.19,89.73,90.24,90.68,91.06,91.36,91.60,91.82,92.02,92.21,92.46,92.82,93.60,94.35,95.13,95.66,96.16,96.54,96.83,97.03,97.22,97.39,97.55,97.68,97.85,98.01,98.15,98.28,98.41,98.56,98.70,98.82,98.90,98.95,99.01,99.08,99.14,99.19,99.24,99.28,99.30,99.32,99.37,99.46,99.54,99.62,99.65,99.67,99.71,99.73,99.75,99.76,99.78,99.81,99.85,99.88,99.90,99.90,99.91,99.91,99.92,99.94,99.94,99.95,99.96,99.96,99.97,99.97,100.00,100.00
79.56
RUSBoost
0.13,27.56,37.47,43.75,48.25,51.78,54.77,57.55,60.17,62.58,64.52,66.48,68.37,70.15,71.76,73.27,74.75,76.14,77.42,78.64,79.84,81.01,82.14,83.22,84.21,85.15,85.98,86.83,87.60,88.32,88.99,89.60,90.18,90.68,91.16,91.55,91.87,92.14,92.36,92.58,92.75,92.89,93.13,93.82,94.56,95.25,95.87,96.38,96.79,97.06,97.26,97.45,97.57,97.71,97.83,97.99,98.15,98.28,98.39,98.52,98.69,98.81,98.94,99.02,99.08,99.13,99.20,99.25,99.29,99.32,99.36,99.38,99.39,99.43,99.50,99.59,99.66,99.68,99.70,99.74,99.75,99.77,99.78,99.79,99.82,99.86,99.89,99.90,99.91,99.92,99.92,99.93,99.93,99.95,99.96,99.97,99.97,99.97,99.97,100.00,100.00
79.84
SmoteBoost
0.13,27.66,37.53,43.82,48.25,51.81,54.78,57.55,60.15,62.59,64.54,66.50,68.37,70.14,71.75,73.23,74.71,76.10,77.39,78.60,79.79,80.96,82.08,83.18,84.12,85.07,85.89,86.75,87.44,88.19,88.83,89.44,89.98,90.48,90.93,91.30,91.60,91.85,92.08,92.28,92.42,92.63,93.12,93.87,94.64,95.32,95.86,96.33,96.68,96.91,97.11,97.29,97.44,97.58,97.72,97.90,98.06,98.18,98.31,98.44,98.60,98.73,98.83,98.90,98.97,99.04,99.10,99.18,99.21,99.25,99.28,99.30,99.32,99.37,99.47,99.58,99.64,99.67,99.69,99.71,99.74,99.76,99.77,99.78,99.82,99.86,99.87,99.89,99.90,99.90,99.92,99.92,99.94,99.94,99.96,99.97,99.97,99.97,99.98,100.00,100.00
79.79
