Simple
0.00,20.28,27.04,32.03,35.59,38.70,40.81,42.54,44.41,45.94,47.08,47.92,48.75,49.56,50.32,50.87,51.44,51.95,52.45,52.93,53.32,53.56,53.66,53.70,53.72,53.78,53.89,54.04,54.40,54.93,55.63,56.52,57.84,59.51,61.36,63.68,66.24,69.04,71.70,74.31,76.60,78.62,80.40,82.01,83.36,84.59,85.63,86.61,87.47,88.28,89.00,89.53,90.03,90.50,90.93,91.37,91.75,92.20,92.58,93.05,93.47,93.88,94.24,94.61,94.96,95.34,95.58,95.85,96.14,96.44,96.66,96.85,97.05,97.26,97.48,97.67,97.85,98.03,98.22,98.37,98.54,98.71,98.90,99.05,99.21,99.32,99.40,99.47,99.54,99.59,99.65,99.70,99.72,99.77,99.84,99.85,99.85,100.00,100.00,100.00,100.00
53.32
ROS
0.00,18.82,26.65,32.87,37.54,41.98,45.05,47.84,50.31,52.20,53.86,55.51,57.29,58.68,59.79,60.65,61.45,62.20,62.97,63.73,64.42,65.01,65.53,66.01,66.52,67.03,67.50,67.90,68.18,68.35,68.42,68.46,68.49,68.55,68.61,68.70,68.76,68.84,69.01,69.24,69.53,70.05,70.97,72.15,73.72,75.77,78.00,80.18,82.38,84.29,85.95,87.39,88.57,89.50,90.43,91.20,91.88,92.48,92.91,93.32,93.75,94.06,94.39,94.68,94.99,95.31,95.61,95.89,96.20,96.47,96.69,96.96,97.21,97.41,97.62,97.80,97.98,98.13,98.29,98.45,98.57,98.71,98.82,98.95,99.07,99.23,99.38,99.49,99.58,99.63,99.69,99.75,99.79,99.83,99.87,99.88,99.88,100.00,100.00,100.00,100.00
64.42
RUS
0.00,17.14,24.46,30.41,35.27,39.01,42.68,46.60,49.36,51.65,53.83,56.01,57.78,59.26,60.77,62.11,63.45,64.90,66.36,67.43,68.27,69.03,69.60,70.21,70.84,71.44,72.02,72.62,73.21,73.75,74.30,74.80,75.27,75.72,76.16,76.59,77.02,77.43,77.81,78.10,78.30,78.45,78.51,78.57,78.61,78.63,78.67,78.75,78.83,78.90,78.98,79.04,79.10,79.18,79.27,79.55,80.07,80.67,81.55,82.98,84.84,87.22,89.49,91.36,92.86,93.98,94.82,95.37,95.82,96.19,96.54,96.77,97.00,97.17,97.38,97.55,97.70,97.88,98.07,98.23,98.41,98.61,98.79,98.94,99.08,99.19,99.31,99.40,99.49,99.59,99.70,99.81,99.87,99.90,99.93,99.94,99.95,100.00,100.00,100.00,100.00
68.27
Smote
0.00,19.06,26.51,32.24,36.91,40.65,43.59,46.18,48.35,50.12,51.78,53.53,55.31,56.64,57.67,58.50,59.28,60.11,60.96,61.71,62.36,62.92,63.46,63.98,64.49,64.99,65.40,65.65,65.77,65.79,65.81,65.86,65.93,66.01,66.07,66.14,66.18,66.33,66.73,67.66,69.28,71.79,74.59,77.32,80.00,82.37,84.40,86.06,87.44,88.62,89.64,90.64,91.49,92.13,92.70,93.18,93.56,93.91,94.27,94.57,94.84,95.13,95.43,95.73,96.02,96.26,96.49,96.77,97.03,97.24,97.46,97.66,97.88,98.06,98.24,98.43,98.58,98.73,98.82,98.90,99.00,99.11,99.25,99.40,99.52,99.58,99.64,99.69,99.74,99.75,99.76,99.77,99.77,99.81,99.95,99.96,99.96,100.00,100.00,100.00,100.00
62.36
Bag
0.00,21.34,28.18,33.38,36.93,39.99,42.13,43.91,45.82,47.32,48.41,49.29,50.16,51.01,51.77,52.37,52.92,53.43,53.95,54.45,54.82,55.02,55.10,55.12,55.14,55.19,55.33,55.58,55.87,56.29,56.73,57.51,58.69,60.10,61.64,63.75,66.29,69.01,71.73,74.33,76.57,78.62,80.40,82.04,83.41,84.64,85.73,86.71,87.60,88.45,89.17,89.77,90.29,90.79,91.19,91.58,91.96,92.33,92.69,93.14,93.51,93.87,94.26,94.64,94.97,95.31,95.62,95.94,96.24,96.48,96.68,96.92,97.13,97.34,97.51,97.72,97.89,98.04,98.20,98.36,98.51,98.68,98.86,99.05,99.21,99.32,99.42,99.49,99.57,99.62,99.67,99.70,99.71,99.76,99.82,99.84,99.84,99.99,99.99,100.00,100.00
54.82
ROSBag
0.00,21.07,28.49,34.21,39.46,43.06,46.12,48.89,50.85,52.57,54.29,56.26,57.78,59.08,60.00,60.87,61.68,62.53,63.32,64.04,64.55,65.08,65.58,66.06,66.60,67.07,67.45,67.67,67.76,67.77,67.78,67.85,67.93,68.02,68.08,68.14,68.18,68.20,68.27,68.36,68.58,68.99,69.84,71.49,74.04,76.93,79.53,81.99,84.12,86.05,87.64,88.79,89.75,90.66,91.47,92.19,92.79,93.27,93.67,94.02,94.38,94.70,94.98,95.25,95.51,95.73,95.99,96.32,96.58,96.84,97.06,97.30,97.56,97.76,97.89,98.07,98.25,98.42,98.51,98.65,98.77,98.88,98.95,99.01,99.11,99.30,99.53,99.68,99.76,99.80,99.82,99.83,99.85,99.86,99.87,99.88,99.88,100.00,100.00,100.00,100.00
64.55
RUSBag
0.00,18.65,25.52,31.69,36.66,40.50,44.39,48.61,51.32,53.72,55.94,58.15,60.09,61.59,63.21,64.47,65.95,67.23,68.90,70.19,70.96,72.02,72.50,73.04,73.68,74.27,74.84,75.47,76.05,76.75,77.25,77.84,78.35,78.77,79.24,79.67,80.16,80.64,81.14,81.56,81.84,82.00,82.14,82.23,82.25,82.26,82.26,82.29,82.38,82.51,82.59,82.66,82.75,82.80,82.81,82.81,82.83,82.91,82.98,82.99,83.48,85.74,88.92,91.60,93.80,95.46,96.48,96.96,97.21,97.48,97.70,97.81,97.92,98.01,98.17,98.34,98.42,98.47,98.56,98.67,98.71,98.88,99.03,99.13,99.36,99.47,99.55,99.64,99.66,99.67,99.76,99.94,99.99,99.99,99.99,100.00,100.00,100.00,100.00,100.00,100.00
70.96
SmoteBag
0.00,19.61,26.92,32.51,37.26,40.61,43.52,46.18,48.12,49.82,51.66,53.46,55.22,56.61,57.63,58.39,59.26,60.08,60.95,61.70,62.32,62.89,63.42,63.92,64.44,64.95,65.37,65.64,65.71,65.73,65.74,65.82,65.89,65.96,66.06,66.09,66.15,66.21,66.31,66.60,68.00,70.97,73.93,76.73,79.71,82.30,84.59,86.51,87.88,88.87,89.96,91.05,91.88,92.58,93.20,93.65,94.12,94.44,94.76,95.10,95.36,95.56,95.88,96.11,96.37,96.66,96.77,97.02,97.27,97.52,97.69,97.82,98.02,98.33,98.43,98.56,98.77,98.92,99.01,99.08,99.13,99.23,99.37,99.49,99.64,99.68,99.73,99.75,99.79,99.79,99.81,99.81,99.81,99.81,99.95,99.95,99.95,100.00,100.00,100.00,100.00
62.32
Boost
0.00,21.45,29.32,34.84,38.84,42.19,44.94,46.90,48.67,50.50,52.06,53.27,54.11,54.94,55.80,56.61,57.24,57.82,58.38,58.85,59.37,59.83,60.15,60.35,60.41,60.44,60.46,60.51,60.66,60.89,61.29,62.07,63.20,64.49,65.97,67.71,69.69,71.95,74.36,76.60,78.57,80.42,82.09,83.61,84.95,86.05,87.04,87.93,88.80,89.51,90.12,90.66,91.14,91.60,92.00,92.38,92.76,93.12,93.50,93.84,94.19,94.56,94.94,95.25,95.52,95.77,96.07,96.32,96.59,96.78,96.98,97.18,97.39,97.54,97.71,97.90,98.06,98.23,98.38,98.53,98.69,98.83,98.99,99.10,99.20,99.28,99.36,99.42,99.49,99.53,99.58,99.65,99.65,99.75,99.82,99.83,99.83,100.00,100.00,100.00,100.00
59.37
ROSBoost
0.00,21.23,29.38,34.83,38.98,42.27,45.03,47.10,48.81,50.54,52.08,53.23,54.11,54.94,55.76,56.54,57.23,57.81,58.36,58.87,59.37,59.86,60.23,60.43,60.53,60.56,60.59,60.71,60.88,61.16,61.54,62.11,62.90,64.05,65.55,67.39,69.49,71.70,74.08,76.33,78.34,80.14,81.79,83.24,84.51,85.65,86.66,87.56,88.40,89.16,89.79,90.34,90.84,91.30,91.74,92.15,92.53,92.91,93.27,93.70,94.06,94.38,94.74,95.10,95.42,95.73,95.97,96.24,96.45,96.66,96.85,97.05,97.23,97.44,97.60,97.76,97.93,98.12,98.29,98.45,98.62,98.78,98.91,99.05,99.18,99.27,99.35,99.40,99.48,99.52,99.57,99.62,99.63,99.74,99.82,99.83,99.83,100.00,100.00,100.00,100.00
59.37
RUSBoost
0.00,20.33,28.40,34.00,38.89,42.39,45.42,48.04,49.98,51.72,53.21,54.76,56.29,57.41,58.30,59.01,59.75,60.47,61.21,61.89,62.50,63.03,63.53,64.01,64.48,64.96,65.38,65.69,65.88,66.00,66.04,66.05,66.08,66.15,66.22,66.28,66.32,66.40,66.59,67.03,67.70,68.55,69.81,71.33,73.18,75.28,77.44,79.51,81.45,83.16,84.65,86.07,87.33,88.36,89.25,90.07,90.79,91.44,91.98,92.48,92.90,93.32,93.69,94.06,94.41,94.74,95.13,95.45,95.78,96.05,96.37,96.64,96.88,97.10,97.35,97.56,97.76,97.90,98.09,98.26,98.40,98.53,98.69,98.84,98.98,99.14,99.27,99.40,99.50,99.58,99.65,99.70,99.73,99.78,99.83,99.86,99.86,100.00,100.00,100.00,100.00
62.5
SmoteBoost
0.00,21.26,29.32,34.77,39.21,42.45,45.36,47.47,49.24,50.89,52.70,54.06,55.09,55.94,56.74,57.58,58.33,59.03,59.59,60.14,60.64,61.14,61.62,61.99,62.21,62.32,62.35,62.37,62.41,62.52,62.70,62.98,63.48,64.24,65.32,66.76,68.49,70.36,72.34,74.46,76.64,78.70,80.51,82.20,83.71,85.02,86.27,87.36,88.25,89.04,89.73,90.41,91.01,91.52,91.99,92.40,92.79,93.20,93.54,93.92,94.28,94.61,94.92,95.25,95.55,95.87,96.14,96.39,96.61,96.85,97.06,97.26,97.40,97.59,97.77,97.93,98.07,98.24,98.40,98.56,98.70,98.84,98.98,99.11,99.22,99.30,99.40,99.45,99.50,99.55,99.60,99.66,99.66,99.75,99.81,99.83,99.83,100.00,100.00,100.00,100.00
60.64
