Simple
0.13,19.30,28.00,33.03,36.29,39.10,41.52,43.56,45.69,47.00,48.73,50.00,51.58,52.84,53.84,55.00,56.18,57.11,58.14,59.05,60.19,61.14,61.91,62.86,63.71,64.43,65.04,65.57,66.05,66.53,67.09,67.60,68.03,68.25,68.41,68.57,69.97,73.41,77.70,79.99,81.74,83.00,83.95,84.85,85.71,86.54,87.38,88.17,88.90,89.66,90.58,91.37,91.89,92.46,92.97,93.39,93.89,94.32,94.63,94.80,95.02,95.34,95.64,95.86,96.13,96.45,96.59,96.69,96.87,97.03,97.28,97.57,97.70,97.73,97.83,97.99,98.07,98.10,98.11,98.17,98.35,98.51,98.58,98.69,98.80,98.87,98.89,98.98,99.07,99.16,99.34,99.43,99.56,99.65,99.73,99.73,99.76,99.87,99.89,100.00,100.00
60.19
ROS
0.13,19.58,28.08,33.28,36.81,39.25,41.84,44.12,46.14,47.87,49.33,50.85,52.23,53.62,54.84,55.87,57.00,58.00,59.00,59.99,60.96,61.97,62.88,63.75,64.61,65.38,66.05,66.63,67.14,67.63,68.10,68.62,69.10,69.51,69.84,70.15,70.67,71.42,72.69,74.50,76.59,78.69,80.38,82.02,83.34,84.58,85.67,86.68,87.57,88.39,89.17,89.93,90.67,91.33,91.99,92.55,93.07,93.54,93.98,94.39,94.70,95.00,95.29,95.55,95.81,96.09,96.35,96.58,96.76,96.93,97.12,97.35,97.58,97.77,97.91,98.03,98.15,98.24,98.29,98.34,98.41,98.52,98.64,98.74,98.83,98.90,98.96,99.02,99.08,99.16,99.27,99.39,99.52,99.63,99.72,99.75,99.78,99.85,99.90,100.00,100.00
60.96
RUS
0.13,19.64,28.08,33.32,36.80,39.26,41.83,44.08,46.08,47.81,49.26,50.79,52.10,53.52,54.73,55.74,56.94,57.90,58.86,59.89,60.84,61.85,62.78,63.61,64.49,65.32,65.98,66.56,67.04,67.52,68.03,68.50,69.00,69.47,69.85,70.11,70.28,70.54,71.70,73.30,75.18,77.65,79.97,81.90,83.38,84.64,85.64,86.61,87.46,88.27,89.03,89.84,90.56,91.29,91.99,92.58,93.14,93.62,94.08,94.49,94.84,95.13,95.39,95.66,95.92,96.19,96.45,96.67,96.86,97.02,97.16,97.35,97.60,97.81,97.96,98.09,98.20,98.30,98.37,98.40,98.44,98.55,98.68,98.78,98.86,98.92,98.99,99.04,99.10,99.17,99.28,99.39,99.52,99.61,99.71,99.75,99.76,99.84,99.88,100.00,100.00
60.84
Smote
0.13,19.63,27.18,31.79,34.69,37.19,39.39,41.19,42.86,44.24,45.97,47.54,48.79,49.95,51.11,52.23,53.36,54.25,55.26,56.17,56.85,57.49,57.98,58.44,59.03,59.50,59.82,61.11,67.71,71.27,73.95,75.92,77.43,78.69,79.59,80.58,81.52,82.44,83.38,84.20,85.09,86.02,87.16,88.06,88.57,89.17,89.87,90.20,90.80,91.18,91.50,91.98,92.19,92.38,92.69,93.15,93.65,93.84,94.04,94.57,95.05,95.23,95.36,95.58,95.83,96.07,96.39,96.84,96.93,96.93,97.02,97.34,97.48,97.55,97.60,97.64,97.71,97.98,98.05,98.25,98.32,98.52,98.59,98.59,98.65,98.79,98.86,99.06,99.26,99.33,99.40,99.60,99.73,99.73,99.73,99.73,99.87,99.87,100.00,100.00,100.00
56.85
Bag
0.13,19.35,28.05,33.08,36.30,39.15,41.57,43.67,45.81,47.12,48.84,50.16,51.69,52.95,53.92,55.12,56.23,57.25,58.31,59.23,60.35,61.22,62.01,63.01,63.72,64.41,64.93,65.48,65.95,66.47,67.02,67.49,67.79,67.99,68.33,69.27,72.79,76.90,79.42,81.16,82.47,83.50,84.35,85.21,86.01,86.84,87.62,88.36,89.10,89.99,90.83,91.37,91.93,92.45,92.86,93.32,93.75,94.12,94.33,94.50,94.80,95.16,95.43,95.65,96.00,96.23,96.35,96.53,96.72,96.92,97.22,97.45,97.50,97.57,97.75,97.88,97.96,97.97,98.00,98.08,98.30,98.39,98.49,98.57,98.72,98.77,98.80,98.88,98.97,99.07,99.31,99.41,99.53,99.65,99.73,99.73,99.76,99.87,99.90,100.00,100.00
60.35
ROSBag
0.13,19.93,28.52,33.74,37.25,39.75,42.40,44.70,46.69,48.43,49.86,51.44,52.73,54.17,55.38,56.35,57.57,58.55,59.56,60.62,61.52,62.63,63.57,64.35,65.30,66.17,66.83,67.45,67.86,68.40,68.87,69.34,69.89,70.38,70.79,71.02,71.15,71.24,71.60,73.65,77.59,80.40,82.39,83.84,84.93,85.83,86.66,87.51,88.34,89.06,89.71,90.40,91.29,92.09,92.63,93.19,93.64,94.07,94.52,94.94,95.27,95.42,95.58,95.88,96.14,96.33,96.62,96.84,96.92,97.04,97.19,97.40,97.72,97.93,97.96,98.05,98.21,98.31,98.34,98.35,98.38,98.57,98.73,98.79,98.83,98.94,98.99,99.01,99.11,99.14,99.25,99.41,99.55,99.61,99.73,99.73,99.74,99.87,99.87,100.00,100.00
61.52
RUSBag
0.13,19.85,28.41,33.62,37.13,39.64,42.26,44.56,46.55,48.31,49.70,51.28,52.53,53.97,55.21,56.16,57.39,58.35,59.38,60.43,61.29,62.41,63.38,64.16,65.09,65.96,66.61,67.24,67.64,68.18,68.65,69.10,69.66,70.16,70.58,70.84,70.97,71.10,71.27,72.26,76.20,79.73,81.85,83.42,84.57,85.53,86.38,87.27,88.09,88.87,89.53,90.14,90.97,91.88,92.46,93.00,93.53,93.92,94.41,94.86,95.24,95.41,95.55,95.84,96.15,96.34,96.59,96.88,96.97,97.07,97.21,97.40,97.70,97.99,98.04,98.08,98.26,98.35,98.40,98.40,98.42,98.55,98.78,98.83,98.87,98.95,99.01,99.03,99.13,99.18,99.24,99.43,99.56,99.60,99.73,99.73,99.74,99.86,99.87,100.00,100.00
61.29
SmoteBag
0.13,19.66,27.21,31.83,34.72,37.21,39.42,41.22,42.87,44.25,45.96,47.55,48.81,49.96,51.12,52.23,53.36,54.25,55.24,56.17,56.85,57.51,57.99,58.45,59.04,59.53,59.85,60.48,67.16,70.99,73.70,75.75,77.31,78.61,79.54,80.46,81.46,82.35,83.28,84.12,85.00,85.94,87.02,88.04,88.46,89.12,89.86,90.13,90.78,91.16,91.47,91.96,92.20,92.37,92.66,93.15,93.66,93.86,94.01,94.56,95.05,95.28,95.40,95.59,95.85,96.10,96.39,96.84,96.95,96.95,97.01,97.33,97.47,97.57,97.60,97.67,97.71,97.98,98.08,98.25,98.35,98.52,98.62,98.62,98.65,98.79,98.89,99.06,99.29,99.33,99.42,99.60,99.73,99.73,99.73,99.73,99.87,99.87,100.00,100.00,100.00
56.85
Boost
0.13,19.30,28.00,33.03,36.29,39.10,41.52,43.56,45.69,47.00,48.73,50.00,51.58,52.84,53.84,55.00,56.18,57.11,58.14,59.05,60.19,61.14,61.91,62.86,63.71,64.43,65.04,65.57,66.05,66.53,67.09,67.60,68.03,68.25,68.41,68.57,69.97,73.41,77.70,79.99,81.74,83.00,83.95,84.85,85.71,86.54,87.38,88.17,88.90,89.66,90.58,91.37,91.89,92.46,92.97,93.39,93.89,94.32,94.63,94.80,95.02,95.34,95.64,95.86,96.13,96.45,96.59,96.69,96.87,97.03,97.28,97.57,97.70,97.73,97.83,97.99,98.07,98.10,98.11,98.17,98.35,98.51,98.58,98.69,98.80,98.87,98.89,98.98,99.07,99.16,99.34,99.43,99.56,99.65,99.73,99.73,99.76,99.87,99.89,100.00,100.00
60.19
ROSBoost
0.13,19.64,28.14,33.26,36.62,39.24,41.79,44.03,46.08,47.61,49.18,50.64,52.01,53.41,54.55,55.59,56.78,57.73,58.76,59.80,60.78,61.75,62.63,63.47,64.32,65.00,65.61,66.13,66.62,67.10,67.60,68.09,68.53,68.83,69.24,69.69,70.64,72.10,74.35,76.79,79.03,80.93,82.62,83.80,84.77,85.73,86.54,87.33,88.10,88.86,89.64,90.45,91.13,91.78,92.34,92.83,93.28,93.68,94.04,94.37,94.63,94.91,95.20,95.49,95.77,96.04,96.28,96.48,96.67,96.85,97.08,97.32,97.52,97.67,97.80,97.94,98.05,98.13,98.19,98.24,98.34,98.47,98.57,98.67,98.76,98.85,98.92,98.98,99.05,99.14,99.29,99.42,99.55,99.65,99.73,99.76,99.79,99.85,99.90,99.99,100.00
60.78
RUSBoost
0.13,19.58,28.06,33.23,36.62,39.15,41.70,43.94,45.97,47.58,49.07,50.56,51.96,53.36,54.48,55.53,56.68,57.69,58.70,59.71,60.70,61.66,62.55,63.41,64.26,64.97,65.57,66.13,66.60,67.09,67.59,68.09,68.53,68.86,69.18,69.70,70.53,71.72,74.01,76.12,78.29,80.43,81.99,83.43,84.50,85.49,86.37,87.21,88.00,88.74,89.51,90.30,91.02,91.67,92.23,92.75,93.24,93.67,94.05,94.37,94.68,94.94,95.23,95.53,95.80,96.07,96.30,96.50,96.67,96.86,97.07,97.30,97.53,97.69,97.80,97.94,98.08,98.16,98.21,98.26,98.34,98.46,98.59,98.68,98.77,98.85,98.92,98.97,99.03,99.14,99.27,99.40,99.53,99.63,99.72,99.76,99.78,99.85,99.89,100.00,100.00
60.7
SmoteBoost
0.13,19.78,27.47,32.05,34.92,37.60,39.75,41.87,43.37,44.98,46.41,48.05,49.30,50.55,51.66,52.81,53.90,54.97,55.93,56.89,57.77,58.44,59.04,59.55,60.03,60.58,61.08,61.42,62.83,66.80,70.72,73.73,75.90,77.65,79.10,80.17,81.17,82.11,83.02,83.91,84.74,85.61,86.55,87.62,88.46,89.09,89.74,90.31,90.77,91.25,91.64,92.03,92.43,92.65,92.89,93.21,93.63,93.96,94.16,94.52,95.00,95.32,95.46,95.64,95.88,96.12,96.39,96.79,96.98,97.01,97.09,97.37,97.53,97.63,97.68,97.72,97.76,97.98,98.11,98.24,98.35,98.50,98.61,98.62,98.67,98.80,98.88,99.04,99.26,99.33,99.42,99.58,99.72,99.73,99.73,99.73,99.86,99.87,99.99,100.00,100.00
57.77
