Simple
0.53,27.52,35.41,38.88,41.87,44.16,46.03,46.58,47.86,48.71,48.94,49.15,50.04,50.99,51.40,52.24,53.04,53.31,53.33,53.59,54.35,54.86,55.20,55.44,55.50,56.01,56.47,56.99,58.18,62.55,66.69,70.45,73.68,75.74,77.26,77.88,79.11,80.12,81.01,82.07,83.20,84.03,84.77,85.10,85.82,86.11,86.49,86.84,87.09,87.84,88.32,89.64,90.55,90.74,90.82,91.39,91.88,92.27,92.37,92.65,93.41,93.81,93.99,94.60,95.22,95.77,96.45,96.60,96.64,96.79,96.92,96.93,96.94,97.15,97.30,97.69,97.71,97.86,98.38,98.38,98.91,98.91,98.94,98.94,98.94,98.94,98.94,98.94,98.94,98.94,98.94,98.94,99.45,99.45,99.47,99.47,99.47,99.47,99.47,99.47,100.00
54.35
ROS
0.53,27.22,35.01,38.37,41.95,44.08,46.11,46.85,47.47,48.87,49.45,49.55,50.10,51.10,51.89,52.33,53.09,53.90,54.24,54.29,54.55,55.19,55.78,56.13,56.37,56.49,56.91,57.41,57.79,58.26,59.51,61.59,64.23,67.45,70.89,73.64,75.72,77.46,78.76,79.74,80.71,81.75,82.71,83.62,84.42,85.13,85.77,86.21,86.72,87.09,87.53,88.02,88.66,89.41,90.08,90.64,91.20,91.63,92.02,92.34,92.76,93.16,93.58,93.97,94.46,94.94,95.46,96.00,96.44,96.77,97.05,97.23,97.34,97.39,97.45,97.59,97.68,97.84,98.07,98.16,98.46,98.68,98.84,98.98,99.04,99.06,99.07,99.07,99.07,99.07,99.07,99.07,99.28,99.28,99.47,99.57,99.57,99.61,99.61,99.61,100.00
54.55
RUS
0.53,26.76,34.23,37.85,42.03,44.13,46.01,47.52,48.08,48.94,49.90,50.37,50.62,51.15,51.99,52.79,53.36,53.98,54.78,55.36,55.68,55.86,56.23,56.81,57.22,57.60,57.81,58.05,58.46,58.89,59.35,60.21,61.47,63.69,66.74,70.12,73.19,75.71,77.71,79.02,80.16,81.23,82.21,83.17,84.13,85.05,85.76,86.30,86.79,87.24,87.64,88.03,88.52,89.13,89.78,90.52,91.19,91.70,92.02,92.37,92.78,93.18,93.52,93.86,94.39,94.86,95.31,95.86,96.38,96.89,97.26,97.45,97.59,97.69,97.76,97.82,97.91,98.01,98.17,98.32,98.52,98.71,98.86,98.94,98.96,98.96,98.96,98.96,98.96,98.96,98.96,98.96,99.16,99.16,99.47,99.48,99.48,99.49,99.49,99.49,100.00
55.68
Smote
0.53,24.02,32.66,35.35,38.59,40.12,42.20,43.91,44.83,46.20,46.68,46.74,47.51,48.29,48.73,49.63,50.03,50.05,50.19,50.89,51.52,51.83,52.16,52.20,52.60,53.14,53.57,54.35,59.05,64.21,68.67,72.36,74.69,76.19,77.01,78.07,79.15,80.07,81.44,82.84,83.53,84.24,84.83,85.43,85.82,86.10,86.49,86.90,87.59,88.44,89.45,89.73,89.76,90.15,90.54,90.98,91.05,91.13,91.97,92.47,92.64,92.88,93.54,94.15,94.87,95.29,95.31,95.52,95.85,95.88,95.88,95.89,96.40,96.43,96.94,96.96,97.32,97.86,98.01,98.40,98.94,98.94,98.94,98.94,98.94,98.94,98.94,98.94,98.94,98.94,98.94,98.94,99.47,99.47,99.47,99.47,99.47,99.47,99.47,99.47,100.00
51.52
Bag
0.53,27.31,35.21,38.53,41.72,43.98,46.06,46.68,47.41,48.69,49.09,49.18,49.83,50.97,51.64,52.09,53.04,53.73,53.80,53.85,54.32,55.07,55.44,55.86,55.93,56.11,56.68,57.13,57.53,58.86,61.60,64.22,67.04,70.36,73.18,75.27,77.05,78.60,79.55,80.56,81.70,82.65,83.58,84.29,85.05,85.69,86.18,86.60,87.00,87.38,87.90,88.55,89.37,90.02,90.36,90.96,91.61,91.99,92.27,92.55,93.09,93.55,93.81,94.29,94.85,95.32,95.88,96.33,96.59,96.92,97.21,97.30,97.37,97.48,97.52,97.79,97.82,97.87,98.31,98.32,98.68,98.85,98.88,99.09,99.10,99.14,99.14,99.14,99.14,99.14,99.14,99.14,99.44,99.44,99.47,99.63,99.63,99.68,99.68,99.68,100.00
54.32
ROSBag
0.53,27.35,35.42,38.69,42.36,44.55,46.62,47.32,47.99,49.57,50.21,50.21,50.76,51.70,52.59,52.93,53.74,54.65,54.98,54.98,55.13,55.89,56.53,56.78,57.11,57.14,57.60,58.14,58.54,58.97,61.61,64.46,67.48,70.84,73.37,75.86,77.32,78.73,79.83,80.72,81.85,82.87,83.74,84.58,85.20,85.90,86.36,86.74,87.22,87.45,88.12,88.58,89.42,90.43,90.69,91.13,91.77,92.12,92.54,92.76,93.19,93.69,94.11,94.47,94.99,95.51,96.01,96.63,96.90,97.11,97.32,97.39,97.41,97.46,97.46,97.78,97.82,97.86,98.27,98.32,98.69,98.84,98.90,99.03,99.05,99.07,99.07,99.07,99.07,99.07,99.07,99.07,99.41,99.41,99.47,99.58,99.58,99.60,99.60,99.60,100.00
55.13
RUSBag
0.53,27.20,34.54,38.04,42.28,44.47,46.34,47.62,48.15,49.24,50.24,50.63,50.79,51.46,52.53,53.22,53.71,54.45,55.36,55.85,55.94,56.11,56.64,57.29,57.70,57.98,58.12,58.43,58.94,59.30,59.68,60.29,61.73,64.60,68.07,71.41,74.25,76.55,78.29,79.40,80.57,81.55,82.53,83.51,84.46,85.25,85.92,86.48,86.97,87.34,87.73,88.15,88.60,89.32,89.99,90.91,91.45,91.82,92.22,92.66,93.03,93.40,93.72,94.24,94.66,95.09,95.55,96.16,96.74,97.26,97.49,97.66,97.80,97.86,97.88,97.93,97.99,98.11,98.24,98.30,98.52,98.65,98.86,98.95,98.95,98.97,98.98,98.98,98.98,98.98,98.98,98.98,99.12,99.12,99.47,99.47,99.47,99.51,99.51,99.51,100.00
55.94
SmoteBag
0.53,23.96,32.62,35.25,38.51,40.05,42.11,43.84,44.74,46.12,46.59,46.70,47.40,48.26,48.65,49.57,49.94,49.94,50.10,50.79,51.44,51.74,52.06,52.08,52.49,53.05,53.48,54.22,59.12,64.14,68.56,72.39,74.73,76.23,77.01,78.11,79.18,80.03,81.47,82.86,83.52,84.27,84.80,85.38,85.79,86.05,86.46,86.87,87.55,88.43,89.48,89.69,89.70,90.12,90.49,90.96,91.00,91.07,91.97,92.48,92.60,92.82,93.55,94.15,94.87,95.24,95.26,95.46,95.80,95.81,95.81,95.82,96.34,96.35,96.87,96.88,97.33,97.86,97.94,98.40,98.94,98.94,98.94,98.94,98.94,98.94,98.94,98.94,98.94,98.94,98.94,98.94,99.47,99.47,99.47,99.47,99.47,99.47,99.47,99.47,100.00
51.44
Boost
0.53,27.49,35.40,38.87,41.85,44.14,46.01,46.56,47.83,48.69,48.91,49.14,50.02,50.97,51.38,52.22,53.02,53.29,53.31,53.58,54.32,54.84,55.18,55.42,55.48,55.99,56.45,56.97,58.19,62.55,66.70,70.45,73.66,75.75,77.26,77.88,79.12,80.12,81.01,82.07,83.19,84.04,84.77,85.10,85.81,86.11,86.48,86.84,87.09,87.84,88.33,89.63,90.55,90.74,90.82,91.40,91.88,92.27,92.37,92.66,93.41,93.81,93.99,94.60,95.22,95.77,96.45,96.60,96.64,96.79,96.92,96.93,96.94,97.15,97.30,97.69,97.71,97.86,98.38,98.38,98.91,98.91,98.94,98.94,98.94,98.94,98.94,98.94,98.94,98.94,98.94,98.94,99.45,99.45,99.47,99.47,99.47,99.47,99.47,99.47,100.00
54.32
ROSBoost
0.53,26.71,34.07,37.63,41.40,43.55,45.51,46.62,47.22,48.30,49.11,49.32,49.66,50.51,51.45,52.05,52.62,53.39,54.03,54.26,54.41,54.87,55.45,55.87,56.22,56.43,56.68,57.09,57.47,57.88,58.51,59.65,61.44,63.98,67.21,70.32,73.05,75.42,77.29,78.72,79.90,80.99,82.06,82.96,83.90,84.72,85.46,86.07,86.61,87.04,87.45,87.88,88.41,89.01,89.68,90.31,90.92,91.39,91.82,92.23,92.59,92.94,93.36,93.74,94.22,94.65,95.18,95.70,96.19,96.64,97.02,97.24,97.44,97.58,97.69,97.79,97.87,97.94,98.10,98.21,98.42,98.63,98.79,98.98,99.05,99.11,99.15,99.15,99.15,99.15,99.15,99.15,99.30,99.30,99.47,99.59,99.59,99.69,99.69,99.69,100.00
54.41
RUSBoost
0.53,26.10,33.45,37.11,41.28,43.45,45.41,46.95,47.59,48.27,49.32,49.87,50.14,50.59,51.30,52.10,52.78,53.36,54.05,54.72,55.22,55.45,55.73,56.21,56.67,57.06,57.34,57.60,57.90,58.28,58.72,59.29,60.24,61.55,63.38,65.38,67.77,70.52,73.30,75.71,77.76,79.41,80.71,81.87,82.90,83.83,84.67,85.52,86.18,86.80,87.28,87.73,88.20,88.69,89.24,89.80,90.35,90.86,91.48,92.01,92.46,92.81,93.20,93.60,94.03,94.41,94.86,95.34,95.85,96.32,96.72,97.11,97.50,97.74,97.87,97.96,98.06,98.16,98.24,98.33,98.49,98.67,98.79,98.88,98.97,99.07,99.13,99.15,99.16,99.17,99.17,99.18,99.28,99.28,99.47,99.54,99.54,99.72,99.72,99.72,100.00
55.22
SmoteBoost
0.52,24.28,32.12,35.29,37.73,39.65,41.47,42.79,43.77,44.49,44.80,45.26,46.02,46.64,47.31,47.93,48.22,48.41,48.86,49.37,49.79,50.14,50.35,50.68,51.19,51.97,53.51,56.82,60.89,64.84,68.35,70.98,73.04,74.52,75.99,77.27,78.30,79.48,80.80,81.85,82.72,83.40,84.07,84.63,85.04,85.51,85.94,86.49,87.15,88.04,88.73,89.13,89.44,89.82,90.31,90.60,90.78,91.16,91.62,92.06,92.40,92.85,93.44,94.11,94.69,95.10,95.29,95.50,95.78,95.89,95.96,96.12,96.33,96.55,96.86,97.04,97.30,97.75,97.93,98.36,98.65,98.73,98.84,98.86,98.90,98.90,98.90,98.90,98.90,98.97,98.97,98.97,99.44,99.44,99.47,99.50,99.50,99.51,99.51,99.51,100.00
49.79
