Simple
0.50,18.88,27.55,31.17,33.45,35.50,38.05,39.46,40.24,40.71,41.09,41.30,41.31,41.78,43.87,50.05,55.75,59.94,63.38,66.03,68.92,71.21,73.18,74.77,75.20,75.66,76.64,77.25,77.81,78.69,79.73,81.06,82.40,83.40,84.48,85.38,85.96,87.16,88.64,89.91,91.24,92.71,93.23,93.26,93.52,94.32,95.01,95.43,96.12,96.41,96.78,96.81,96.81,96.90,97.30,97.31,97.37,97.49,97.49,97.49,97.50,97.71,98.48,98.48,98.48,98.48,98.51,98.97,98.97,99.01,99.47,99.47,99.47,99.50,99.50,99.50,99.50,100.00,100.00,100.00,100.00,100.00,100.00,100.00,100.00,100.00,100.00,100.00,100.00,100.00,100.00,100.00,100.00,100.00,100.00,100.00,100.00,100.00,100.00,100.00,100.00
68.92
ROS
0.50,18.88,27.72,31.41,33.79,36.00,38.36,40.44,41.42,42.05,42.48,42.84,42.99,43.23,44.43,48.14,53.61,58.57,62.60,65.82,68.61,71.06,73.12,74.81,75.85,76.38,77.10,77.88,78.51,79.22,80.14,81.27,82.47,83.51,84.56,85.57,86.31,87.33,88.62,89.97,91.31,92.53,93.31,93.51,93.78,94.32,94.96,95.49,96.05,96.47,96.72,96.84,96.87,97.00,97.28,97.34,97.39,97.47,97.49,97.49,97.56,97.84,98.35,98.41,98.43,98.43,98.55,98.86,98.87,99.00,99.35,99.36,99.42,99.50,99.50,99.50,99.50,99.98,99.98,100.00,100.00,100.00,100.00,100.00,100.00,100.00,100.00,100.00,100.00,100.00,100.00,100.00,100.00,100.00,100.00,100.00,100.00,100.00,100.00,100.00,100.00
68.61
RUS
0.50,18.91,27.94,31.72,34.10,36.34,38.64,40.66,41.70,42.29,42.72,43.04,43.24,43.49,44.88,47.95,52.87,57.57,61.59,65.24,67.97,70.54,72.56,74.33,75.53,76.16,76.88,77.74,78.28,79.04,79.95,81.00,82.13,83.23,84.28,85.25,86.14,87.16,88.44,89.76,91.00,92.21,93.03,93.36,93.70,94.21,94.83,95.35,95.96,96.34,96.64,96.78,96.86,97.00,97.23,97.31,97.38,97.47,97.48,97.50,97.57,97.83,98.35,98.38,98.48,98.48,98.57,98.90,98.92,99.00,99.40,99.40,99.47,99.50,99.50,99.50,99.50,99.93,99.93,100.00,100.00,100.00,100.00,100.00,100.00,100.00,100.00,100.00,100.00,100.00,100.00,100.00,100.00,100.00,100.00,100.00,100.00,100.00,100.00,100.00,100.00
67.97
Smote
0.50,18.70,25.95,29.46,32.65,34.66,37.20,38.65,39.58,40.05,40.60,40.65,40.69,41.15,41.62,42.17,43.30,49.26,55.69,60.33,63.79,67.58,69.86,72.78,75.02,76.85,77.59,77.80,78.72,79.64,79.78,80.71,81.52,82.19,83.30,84.23,85.19,86.41,86.93,88.18,89.54,91.00,92.41,93.60,94.32,94.36,94.46,95.34,96.06,96.37,97.05,97.55,97.99,98.00,98.00,98.05,98.48,98.49,98.49,98.49,98.49,98.50,98.51,98.55,99.03,99.48,99.48,99.49,99.49,99.53,99.98,99.98,99.99,99.99,99.99,99.99,99.99,100.00,100.00,100.00,100.00,100.00,100.00,100.00,100.00,100.00,100.00,100.00,100.00,100.00,100.00,100.00,100.00,100.00,100.00,100.00,100.00,100.00,100.00,100.00,100.00
63.79
Bag
0.50,19.06,27.80,31.53,33.89,36.11,38.50,40.37,41.26,41.84,42.27,42.59,42.68,42.79,44.16,48.05,54.37,59.03,62.82,66.00,68.54,71.29,73.22,74.96,75.84,76.17,76.92,77.82,78.24,79.06,80.02,81.17,82.41,83.36,84.37,85.38,86.00,87.13,88.49,89.91,91.25,92.50,93.32,93.39,93.61,94.35,94.98,95.49,96.05,96.46,96.73,96.84,96.86,96.96,97.31,97.34,97.38,97.43,97.45,97.45,97.48,97.73,98.40,98.43,98.43,98.43,98.51,98.90,98.91,99.00,99.40,99.40,99.42,99.50,99.50,99.50,99.50,100.00,100.00,100.00,100.00,100.00,100.00,100.00,100.00,100.00,100.00,100.00,100.00,100.00,100.00,100.00,100.00,100.00,100.00,100.00,100.00,100.00,100.00,100.00,100.00
68.54
ROSBag
0.50,18.95,28.16,31.84,34.11,36.35,38.74,40.78,41.68,42.30,42.72,43.06,43.20,43.27,43.85,46.28,52.98,57.73,61.89,65.34,67.68,70.64,72.55,74.47,75.74,75.99,76.61,77.68,78.06,78.86,79.79,80.84,82.23,83.32,84.25,85.43,85.96,86.88,88.22,89.64,90.93,92.32,93.43,93.53,93.61,94.24,94.90,95.39,96.01,96.43,96.77,96.89,96.90,96.95,97.37,97.39,97.41,97.49,97.49,97.49,97.49,97.63,98.44,98.48,98.48,98.48,98.51,98.95,98.95,99.01,99.45,99.45,99.47,99.50,99.50,99.50,99.50,100.00,100.00,100.00,100.00,100.00,100.00,100.00,100.00,100.00,100.00,100.00,100.00,100.00,100.00,100.00,100.00,100.00,100.00,100.00,100.00,100.00,100.00,100.00,100.00
67.68
RUSBag
0.50,18.71,28.01,31.78,34.13,36.36,38.74,40.82,41.81,42.39,42.77,43.12,43.26,43.29,44.04,46.78,53.49,58.48,62.45,65.79,68.23,70.99,72.87,74.73,75.89,76.11,76.77,77.78,78.17,79.00,79.93,80.96,82.36,83.47,84.38,85.50,86.08,87.06,88.39,89.76,91.09,92.50,93.46,93.53,93.64,94.29,94.97,95.47,96.03,96.40,96.76,96.85,96.85,96.91,97.32,97.34,97.36,97.49,97.49,97.49,97.50,97.64,98.48,98.48,98.48,98.48,98.52,98.97,98.97,99.01,99.47,99.47,99.47,99.50,99.50,99.50,99.50,100.00,100.00,100.00,100.00,100.00,100.00,100.00,100.00,100.00,100.00,100.00,100.00,100.00,100.00,100.00,100.00,100.00,100.00,100.00,100.00,100.00,100.00,100.00,100.00
68.23
SmoteBag
0.50,18.59,25.71,29.27,32.45,34.46,36.99,38.35,39.22,39.70,40.23,40.25,40.30,40.77,41.25,41.69,42.78,49.62,55.67,60.31,63.76,67.52,69.90,72.71,74.99,76.83,77.42,77.64,78.67,79.50,79.62,80.57,81.43,82.05,83.16,84.11,85.08,86.29,86.82,88.06,89.50,90.95,92.38,93.60,94.31,94.34,94.43,95.35,96.05,96.37,97.05,97.55,98.00,98.01,98.01,98.05,98.50,98.50,98.50,98.50,98.50,98.50,98.51,98.55,99.04,99.49,99.50,99.50,99.50,99.54,99.99,99.99,100.00,100.00,100.00,100.00,100.00,100.00,100.00,100.00,100.00,100.00,100.00,100.00,100.00,100.00,100.00,100.00,100.00,100.00,100.00,100.00,100.00,100.00,100.00,100.00,100.00,100.00,100.00,100.00,100.00
63.76
Boost
0.50,18.84,27.36,30.93,33.34,35.44,37.98,39.60,40.45,40.94,41.30,41.53,41.57,41.89,43.77,49.34,54.93,59.56,63.12,66.08,68.85,71.30,73.38,75.00,75.63,76.06,76.96,77.61,78.14,79.00,79.97,81.19,82.47,83.43,84.52,85.42,86.07,87.25,88.64,89.95,91.30,92.65,93.19,93.25,93.55,94.28,94.97,95.40,96.07,96.44,96.76,96.82,96.82,96.96,97.28,97.32,97.40,97.48,97.49,97.49,97.50,97.71,98.43,98.48,98.48,98.48,98.52,98.95,98.95,99.01,99.44,99.44,99.47,99.50,99.50,99.50,99.50,100.00,100.00,100.00,100.00,100.00,100.00,100.00,100.00,100.00,100.00,100.00,100.00,100.00,100.00,100.00,100.00,100.00,100.00,100.00,100.00,100.00,100.00,100.00,100.00
68.85
ROSBoost
0.49,19.07,27.37,30.85,33.66,36.21,38.46,40.84,42.25,43.04,43.54,43.99,44.34,44.89,46.80,50.22,54.36,59.18,63.45,66.87,69.83,72.28,74.49,76.10,77.27,78.19,78.89,79.50,80.22,80.86,81.65,82.52,83.31,84.29,85.19,86.09,87.16,88.21,89.46,90.72,91.80,92.65,93.19,93.54,93.98,94.49,95.07,95.63,96.08,96.48,96.67,96.80,96.91,97.09,97.23,97.32,97.35,97.38,97.40,97.43,97.58,97.92,98.16,98.28,98.29,98.36,98.54,98.68,98.71,98.94,99.18,99.18,99.28,99.50,99.50,99.50,99.50,100.00,100.00,100.00,100.00,100.00,100.00,100.00,100.00,100.00,100.00,100.00,100.00,100.00,100.00,100.00,100.00,100.00,100.00,100.00,100.00,100.00,100.00,100.00,100.00
69.83
RUSBoost
0.50,19.13,27.56,31.06,33.82,36.50,38.74,41.09,42.60,43.42,43.95,44.34,44.80,45.15,46.53,49.68,54.27,59.02,63.32,66.95,69.84,72.31,74.49,76.31,77.49,78.27,78.95,79.70,80.28,80.94,81.68,82.46,83.36,84.26,85.19,86.09,87.02,88.09,89.34,90.57,91.77,92.69,93.17,93.48,93.87,94.40,95.04,95.58,96.12,96.47,96.74,96.82,96.93,97.05,97.25,97.36,97.37,97.38,97.39,97.41,97.52,97.89,98.20,98.30,98.31,98.33,98.55,98.70,98.75,98.92,99.20,99.20,99.30,99.50,99.50,99.50,99.50,100.00,100.00,100.00,100.00,100.00,100.00,100.00,100.00,100.00,100.00,100.00,100.00,100.00,100.00,100.00,100.00,100.00,100.00,100.00,100.00,100.00,100.00,100.00,100.00
69.84
SmoteBoost
0.49,18.94,27.08,30.45,33.48,35.95,38.32,40.66,42.01,42.80,43.37,43.71,43.95,44.14,44.61,45.39,47.74,51.84,56.48,60.97,64.90,68.32,71.23,73.74,75.88,77.43,78.49,79.32,80.06,80.74,81.45,82.17,82.92,83.66,84.43,85.35,86.22,87.12,88.14,89.26,90.52,91.69,92.82,93.66,94.11,94.50,94.92,95.43,95.96,96.52,97.00,97.34,97.57,97.69,97.80,97.94,98.08,98.15,98.17,98.17,98.19,98.24,98.41,98.69,98.97,99.12,99.18,99.21,99.27,99.49,99.66,99.69,99.80,99.86,99.90,99.90,99.90,100.00,100.00,100.00,100.00,100.00,100.00,100.00,100.00,100.00,100.00,100.00,100.00,100.00,100.00,100.00,100.00,100.00,100.00,100.00,100.00,100.00,100.00,100.00,100.00
64.9
