Simple
0.00,30.31,33.92,35.77,37.56,38.62,38.65,38.68,38.91,39.01,39.01,39.01,39.01,39.11,42.92,46.87,52.56,59.75,63.56,66.96,69.31,71.23,72.87,75.02,77.95,81.07,85.03,87.78,89.72,91.02,91.89,92.81,93.25,94.14,94.95,95.88,96.52,97.19,97.37,97.40,97.70,97.86,98.13,98.38,98.60,98.66,98.80,98.81,98.82,98.89,98.94,99.04,99.25,99.25,99.25,99.25,99.25,99.25,99.25,99.25,99.25,99.34,99.34,99.34,99.34,99.34,99.34,99.34,99.34,99.34,99.34,99.34,99.34,99.34,99.34,99.34,99.34,99.81,99.81,99.81,99.81,99.81,99.81,99.81,99.81,100.00,100.00,100.00,100.00,100.00,100.00,100.00,100.00,100.00,100.00,100.00,100.00,100.00,100.00,100.00,100.00
69.31
ROS
0.00,30.66,35.30,37.14,38.90,40.36,40.83,40.83,40.99,41.29,41.34,41.34,41.34,41.34,41.38,42.46,44.53,51.42,57.08,60.75,63.79,66.21,68.50,70.32,72.64,75.60,80.24,83.89,86.83,88.74,90.38,91.56,92.13,92.81,93.79,94.79,95.68,96.66,97.06,97.19,97.42,97.56,97.84,98.31,98.52,98.72,98.88,98.89,98.91,98.99,99.02,99.17,99.23,99.23,99.24,99.27,99.27,99.27,99.27,99.27,99.27,99.34,99.34,99.34,99.34,99.34,99.34,99.34,99.34,99.34,99.34,99.34,99.34,99.34,99.34,99.34,99.34,99.77,99.77,99.77,99.77,99.77,99.77,99.77,99.77,100.00,100.00,100.00,100.00,100.00,100.00,100.00,100.00,100.00,100.00,100.00,100.00,100.00,100.00,100.00,100.00
63.79
RUS
0.00,30.39,35.16,37.17,38.96,40.32,40.83,40.89,41.02,41.36,41.40,41.40,41.40,41.40,41.96,42.85,45.00,50.93,55.99,59.30,62.44,64.58,66.70,68.72,70.60,73.06,78.01,81.53,84.57,87.01,89.01,90.54,91.36,92.25,93.23,94.31,95.28,96.15,96.67,96.93,97.28,97.42,97.73,98.13,98.35,98.54,98.79,98.83,98.84,98.97,98.99,99.15,99.21,99.21,99.25,99.28,99.28,99.28,99.28,99.28,99.28,99.34,99.34,99.34,99.34,99.34,99.34,99.34,99.34,99.34,99.34,99.34,99.34,99.34,99.34,99.34,99.34,99.74,99.74,99.74,99.74,99.74,99.74,99.74,99.74,100.00,100.00,100.00,100.00,100.00,100.00,100.00,100.00,100.00,100.00,100.00,100.00,100.00,100.00,100.00,100.00
62.44
Smote
0.00,29.35,33.19,34.89,36.77,38.14,38.31,38.31,38.49,38.97,38.97,38.97,38.97,38.97,38.97,38.97,39.45,46.38,49.13,51.35,52.85,53.95,55.56,56.21,56.58,58.79,70.39,76.09,80.59,83.28,85.60,88.52,89.52,90.25,90.80,92.33,94.01,95.64,96.38,96.48,96.73,96.73,97.01,97.60,98.01,98.08,98.86,98.86,98.86,98.91,98.91,99.34,99.34,99.34,99.34,99.34,99.34,99.34,99.34,99.34,99.34,99.34,99.34,99.34,99.34,99.34,99.34,99.34,99.34,99.34,99.34,99.34,99.34,99.34,99.34,99.34,99.34,99.58,99.58,99.58,99.58,99.58,99.58,99.58,99.58,100.00,100.00,100.00,100.00,100.00,100.00,100.00,100.00,100.00,100.00,100.00,100.00,100.00,100.00,100.00,100.00
52.85
Bag
0.00,30.59,34.28,36.03,37.69,38.64,38.64,38.73,39.18,39.22,39.22,39.22,39.22,39.22,40.36,43.29,51.87,64.15,70.53,75.59,78.93,82.22,85.17,86.29,87.40,88.27,90.52,92.60,93.92,94.73,95.01,95.18,95.36,95.95,96.70,97.21,97.50,98.40,98.41,98.43,98.62,98.67,98.83,99.25,99.25,99.25,99.25,99.25,99.25,99.25,99.25,99.25,99.34,99.34,99.34,99.34,99.34,99.34,99.34,99.34,99.34,99.34,99.34,99.34,99.34,99.34,99.34,99.34,99.34,99.34,99.34,99.34,99.34,99.34,99.34,99.34,99.34,100.00,100.00,100.00,100.00,100.00,100.00,100.00,100.00,100.00,100.00,100.00,100.00,100.00,100.00,100.00,100.00,100.00,100.00,100.00,100.00,100.00,100.00,100.00,100.00
78.93
ROSBag
0.00,30.83,35.40,37.09,38.95,40.38,40.69,40.69,40.84,41.30,41.32,41.32,41.32,41.32,41.32,41.39,43.38,53.26,59.36,63.44,66.51,68.67,71.31,72.67,73.76,74.80,80.27,84.07,86.90,88.83,90.55,91.84,92.40,92.99,93.83,94.87,95.66,96.98,97.30,97.48,97.64,97.72,97.91,98.47,98.66,98.73,99.03,99.04,99.05,99.10,99.12,99.28,99.29,99.30,99.31,99.32,99.32,99.32,99.32,99.32,99.32,99.34,99.34,99.34,99.34,99.34,99.34,99.34,99.34,99.34,99.34,99.34,99.34,99.34,99.34,99.34,99.34,99.80,99.80,99.80,99.80,99.80,99.80,99.80,99.80,100.00,100.00,100.00,100.00,100.00,100.00,100.00,100.00,100.00,100.00,100.00,100.00,100.00,100.00,100.00,100.00
66.51
RUSBag
0.00,30.63,35.46,37.42,39.23,40.66,41.13,41.14,41.32,41.74,41.76,41.76,41.76,41.76,41.76,42.09,43.60,51.17,55.78,58.91,61.26,62.88,64.91,65.94,66.97,69.07,76.17,80.76,84.08,86.38,88.46,90.21,91.03,91.73,92.52,93.82,95.03,96.30,96.78,96.97,97.14,97.21,97.58,98.04,98.30,98.48,98.87,98.88,98.89,98.98,99.01,99.27,99.28,99.29,99.30,99.31,99.31,99.31,99.31,99.31,99.31,99.34,99.34,99.34,99.34,99.34,99.34,99.34,99.34,99.34,99.34,99.34,99.34,99.34,99.34,99.34,99.34,99.70,99.70,99.70,99.70,99.70,99.70,99.70,99.70,100.00,100.00,100.00,100.00,100.00,100.00,100.00,100.00,100.00,100.00,100.00,100.00,100.00,100.00,100.00,100.00
61.26
SmoteBag
0.00,29.58,33.43,35.11,36.99,38.27,38.43,38.43,38.65,39.09,39.09,39.09,39.09,39.09,39.09,39.09,39.82,47.08,50.17,52.69,54.26,55.52,57.30,58.06,58.46,61.36,71.94,77.25,81.58,83.94,86.26,88.98,89.87,90.53,91.07,92.65,94.16,95.75,96.48,96.54,96.82,96.82,97.10,97.71,98.09,98.17,98.89,98.89,98.89,98.94,98.94,99.34,99.34,99.34,99.34,99.34,99.34,99.34,99.34,99.34,99.34,99.34,99.34,99.34,99.34,99.34,99.34,99.34,99.34,99.34,99.34,99.34,99.34,99.34,99.34,99.34,99.34,99.60,99.60,99.60,99.60,99.60,99.60,99.60,99.60,100.00,100.00,100.00,100.00,100.00,100.00,100.00,100.00,100.00,100.00,100.00,100.00,100.00,100.00,100.00,100.00
54.26
Boost
0.00,30.77,37.11,39.57,41.50,43.13,43.77,43.82,43.96,44.15,44.27,44.28,44.28,44.28,44.62,45.54,47.97,50.55,53.59,55.38,56.81,58.11,58.95,60.39,62.30,65.75,71.02,76.59,80.66,83.66,86.11,87.90,89.33,90.38,91.53,92.75,94.21,95.32,95.90,96.27,96.56,96.82,97.12,97.50,97.78,98.13,98.36,98.52,98.60,98.75,98.79,98.98,99.18,99.20,99.21,99.22,99.22,99.22,99.22,99.22,99.22,99.32,99.32,99.32,99.34,99.34,99.34,99.34,99.34,99.34,99.34,99.34,99.34,99.34,99.34,99.34,99.34,99.57,99.57,99.57,99.57,99.57,99.57,99.57,99.57,100.00,100.00,100.00,100.00,100.00,100.00,100.00,100.00,100.00,100.00,100.00,100.00,100.00,100.00,100.00,100.00
56.81
ROSBoost
0.00,30.32,35.56,37.75,39.44,40.86,41.40,41.48,41.66,41.87,41.95,41.97,42.03,42.19,42.72,43.74,46.13,51.75,56.09,59.59,62.69,64.92,66.93,68.32,69.47,72.15,76.03,79.58,83.36,86.00,88.33,89.87,90.91,91.90,92.83,93.83,94.84,95.74,96.31,96.74,97.12,97.30,97.60,97.97,98.16,98.44,98.61,98.72,98.81,98.89,98.93,99.07,99.21,99.23,99.25,99.28,99.28,99.28,99.28,99.28,99.28,99.31,99.31,99.31,99.34,99.34,99.34,99.34,99.34,99.34,99.34,99.34,99.34,99.34,99.34,99.34,99.34,99.74,99.74,99.74,99.74,99.74,99.74,99.74,99.74,100.00,100.00,100.00,100.00,100.00,100.00,100.00,100.00,100.00,100.00,100.00,100.00,100.00,100.00,100.00,100.00
62.69
RUSBoost
0.00,30.26,35.89,38.22,39.91,41.38,41.97,42.05,42.21,42.45,42.53,42.56,42.56,42.56,43.37,44.83,46.78,51.62,55.33,58.66,61.22,63.60,65.57,67.30,69.25,71.43,75.93,79.70,82.99,85.77,87.79,89.54,90.70,91.75,92.74,93.70,94.74,95.62,96.21,96.60,96.94,97.23,97.50,97.86,98.13,98.33,98.60,98.69,98.82,98.90,98.92,99.09,99.21,99.25,99.26,99.30,99.30,99.30,99.30,99.30,99.30,99.32,99.32,99.32,99.33,99.33,99.33,99.33,99.33,99.33,99.33,99.33,99.33,99.33,99.33,99.33,99.33,99.71,99.71,99.71,99.71,99.71,99.71,99.71,99.71,100.00,100.00,100.00,100.00,100.00,100.00,100.00,100.00,100.00,100.00,100.00,100.00,100.00,100.00,100.00,100.00
61.22
SmoteBoost
0.00,30.22,36.56,38.85,40.53,42.23,42.97,43.04,43.23,43.50,43.58,43.60,43.60,43.60,43.83,44.55,46.23,48.58,51.21,52.66,53.95,54.92,55.64,56.32,57.68,61.66,68.48,74.50,78.65,82.46,85.01,87.30,88.56,89.52,90.60,92.19,93.81,95.00,95.71,96.03,96.29,96.54,96.93,97.33,97.64,98.07,98.45,98.53,98.66,98.76,98.79,99.17,99.26,99.28,99.30,99.30,99.30,99.30,99.30,99.30,99.30,99.33,99.33,99.33,99.34,99.34,99.34,99.34,99.34,99.34,99.34,99.34,99.34,99.34,99.34,99.34,99.34,99.52,99.52,99.52,99.52,99.52,99.52,99.52,99.52,100.00,100.00,100.00,100.00,100.00,100.00,100.00,100.00,100.00,100.00,100.00,100.00,100.00,100.00,100.00,100.00
53.95
