Simple
0.00,37.88,40.75,41.67,42.40,42.49,42.55,42.88,43.27,43.31,43.31,43.58,47.81,58.26,73.67,76.27,78.04,79.66,81.06,82.85,84.38,85.61,86.79,87.18,87.58,87.78,87.79,87.82,88.06,88.74,89.39,89.84,90.02,90.47,91.09,91.59,92.39,93.06,93.10,93.10,93.10,93.10,93.12,93.22,93.56,93.87,94.00,94.28,95.00,95.28,95.53,95.68,95.92,95.94,96.02,96.24,96.51,97.00,97.84,98.00,98.04,98.19,98.58,99.00,99.18,99.18,99.18,99.18,99.18,99.19,99.22,99.33,99.61,99.72,99.98,100.00,100.00,100.00,100.00,100.00,100.00,100.00,100.00,100.00,100.00,100.00,100.00,100.00,100.00,100.00,100.00,100.00,100.00,100.00,100.00,100.00,100.00,100.00,100.00,100.00,100.00
84.38
ROS
0.00,40.67,44.26,45.68,46.46,46.73,46.78,47.07,47.41,48.02,49.77,52.36,60.61,69.03,75.57,79.64,81.13,82.50,83.98,85.19,86.47,87.39,87.97,88.45,88.64,88.81,88.93,89.12,89.56,90.09,90.58,90.91,91.37,91.80,92.37,92.96,93.39,93.65,93.76,93.76,93.77,93.82,93.93,94.15,94.42,94.67,95.01,95.41,95.71,95.98,96.15,96.29,96.39,96.51,96.71,96.96,97.43,97.91,98.26,98.49,98.67,98.84,99.04,99.15,99.21,99.22,99.22,99.23,99.26,99.30,99.43,99.57,99.75,99.88,99.96,100.00,100.00,100.00,100.00,100.00,100.00,100.00,100.00,100.00,100.00,100.00,100.00,100.00,100.00,100.00,100.00,100.00,100.00,100.00,100.00,100.00,100.00,100.00,100.00,100.00,100.00
86.47
RUS
0.00,44.94,48.96,50.90,52.20,52.99,53.33,53.34,53.44,53.71,53.99,54.15,54.56,55.81,61.42,70.53,77.37,82.17,83.42,84.69,85.93,86.87,87.98,88.88,89.48,89.89,90.04,90.16,90.19,90.35,90.71,91.18,91.63,91.95,92.33,92.77,93.29,93.86,94.32,94.56,94.65,94.66,94.66,94.69,94.80,95.05,95.31,95.53,95.86,96.22,96.51,96.68,96.77,96.81,96.86,96.95,97.14,97.42,97.94,98.44,98.79,98.93,99.05,99.19,99.35,99.40,99.41,99.41,99.41,99.42,99.43,99.48,99.58,99.69,99.82,99.95,100.00,100.00,100.00,100.00,100.00,100.00,100.00,100.00,100.00,100.00,100.00,100.00,100.00,100.00,100.00,100.00,100.00,100.00,100.00,100.00,100.00,100.00,100.00,100.00,100.00
85.93
Smote
0.00,46.18,50.56,51.90,52.76,53.48,53.57,53.57,53.68,53.98,54.21,54.39,54.71,58.61,67.99,77.51,81.35,82.66,83.64,84.77,86.08,86.99,88.00,88.72,88.97,88.99,88.99,89.00,89.10,89.44,90.11,90.72,91.04,91.32,91.77,92.23,92.73,93.32,93.65,93.73,93.73,93.73,93.73,93.79,93.92,94.10,94.17,94.33,94.64,95.08,95.49,95.84,96.09,96.19,96.26,96.42,96.65,97.07,97.72,98.12,98.23,98.39,98.65,98.95,99.12,99.18,99.18,99.18,99.18,99.19,99.23,99.40,99.56,99.76,99.93,99.99,100.00,100.00,100.00,100.00,100.00,100.00,100.00,100.00,100.00,100.00,100.00,100.00,100.00,100.00,100.00,100.00,100.00,100.00,100.00,100.00,100.00,100.00,100.00,100.00,100.00
86.08
Bag
0.00,40.83,44.42,45.77,46.55,46.61,46.68,47.00,47.37,47.43,47.43,47.75,52.30,62.45,75.92,78.47,79.95,81.44,82.77,84.39,85.63,86.69,87.65,88.05,88.48,88.64,88.64,88.69,88.95,89.70,90.31,90.68,90.91,91.41,92.01,92.52,93.19,93.67,93.72,93.72,93.72,93.72,93.73,93.86,94.19,94.50,94.65,94.98,95.60,95.82,95.94,96.09,96.29,96.32,96.41,96.62,96.91,97.46,98.20,98.36,98.42,98.58,98.87,99.09,99.18,99.18,99.18,99.18,99.18,99.19,99.23,99.38,99.60,99.75,99.96,100.00,100.00,100.00,100.00,100.00,100.00,100.00,100.00,100.00,100.00,100.00,100.00,100.00,100.00,100.00,100.00,100.00,100.00,100.00,100.00,100.00,100.00,100.00,100.00,100.00,100.00
85.63
ROSBag
0.00,40.94,44.60,46.00,46.67,46.87,46.89,47.23,47.61,47.70,47.70,47.97,50.12,59.36,74.43,78.07,79.69,81.02,82.51,84.00,85.43,86.60,87.65,88.13,88.47,88.74,88.75,88.76,89.00,89.61,90.27,90.74,90.93,91.37,91.94,92.43,93.14,93.66,93.72,93.72,93.72,93.73,93.73,93.84,94.15,94.49,94.59,94.90,95.54,95.80,95.87,96.02,96.23,96.26,96.35,96.55,96.79,97.32,98.10,98.31,98.35,98.49,98.82,99.05,99.18,99.18,99.18,99.18,99.18,99.18,99.21,99.36,99.60,99.73,99.98,100.00,100.00,100.00,100.00,100.00,100.00,100.00,100.00,100.00,100.00,100.00,100.00,100.00,100.00,100.00,100.00,100.00,100.00,100.00,100.00,100.00,100.00,100.00,100.00,100.00,100.00
85.43
RUSBag
0.00,45.14,48.95,50.80,52.12,52.95,53.24,53.24,53.32,53.67,53.99,54.07,54.07,54.07,55.54,63.98,78.89,82.00,82.93,84.12,85.28,86.40,87.43,88.35,89.34,89.64,89.88,89.98,89.98,90.00,90.23,90.88,91.42,91.74,91.92,92.40,93.01,93.42,94.12,94.55,94.56,94.56,94.56,94.56,94.58,94.73,95.12,95.37,95.50,95.98,96.57,96.61,96.65,96.78,96.81,96.84,96.96,97.23,97.52,98.34,98.86,98.87,98.98,99.26,99.40,99.47,99.47,99.47,99.47,99.47,99.47,99.49,99.55,99.60,99.70,99.99,100.00,100.00,100.00,100.00,100.00,100.00,100.00,100.00,100.00,100.00,100.00,100.00,100.00,100.00,100.00,100.00,100.00,100.00,100.00,100.00,100.00,100.00,100.00,100.00,100.00
85.28
SmoteBag
0.00,46.25,50.73,52.06,52.84,53.59,53.65,53.66,53.80,54.07,54.34,54.47,55.02,59.14,69.15,78.28,81.60,82.72,83.71,84.90,86.25,87.05,88.05,88.78,88.96,88.98,88.98,88.99,89.09,89.48,90.17,90.77,91.05,91.33,91.83,92.28,92.78,93.38,93.65,93.71,93.71,93.71,93.72,93.76,93.91,94.09,94.15,94.31,94.67,95.10,95.53,95.86,96.12,96.19,96.24,96.43,96.65,97.09,97.80,98.13,98.22,98.39,98.67,98.93,99.13,99.18,99.18,99.18,99.18,99.19,99.24,99.42,99.57,99.76,99.94,99.99,100.00,100.00,100.00,100.00,100.00,100.00,100.00,100.00,100.00,100.00,100.00,100.00,100.00,100.00,100.00,100.00,100.00,100.00,100.00,100.00,100.00,100.00,100.00,100.00,100.00
86.25
Boost
0.00,42.52,47.29,48.63,49.02,53.93,67.76,75.01,79.33,81.19,82.50,83.85,85.27,86.36,87.48,87.98,88.42,88.79,88.92,88.95,88.98,89.27,89.74,90.33,90.55,90.80,91.31,91.69,92.35,93.13,93.44,93.54,93.55,93.55,93.55,93.56,93.66,93.91,94.15,94.28,94.62,95.12,95.40,95.67,95.86,95.99,96.03,96.09,96.33,96.47,96.93,97.67,97.91,98.03,98.13,98.39,98.84,99.00,99.07,99.09,99.09,99.09,99.09,99.10,99.21,99.40,99.52,99.74,99.86,99.95,99.97,99.97,99.97,99.97,99.97,99.97,99.97,99.97,99.98,99.99,99.99,100.00,100.00,100.00,100.00,100.00,100.00,100.00,100.00,100.00,100.00,100.00,100.00,100.00,100.00,100.00,100.00,100.00,100.00,100.00,100.00
88.98
ROSBoost
0.00,49.68,57.77,60.80,62.17,62.63,65.64,73.13,78.49,83.12,85.88,86.94,88.11,88.84,89.65,90.38,90.90,91.30,91.49,91.59,91.64,91.69,92.00,92.33,92.66,92.90,93.28,93.62,94.00,94.54,94.97,95.26,95.38,95.44,95.45,95.45,95.48,95.60,95.81,95.93,96.10,96.45,96.70,96.94,97.07,97.16,97.20,97.22,97.34,97.47,97.71,98.24,98.67,98.94,99.09,99.21,99.30,99.39,99.44,99.45,99.46,99.46,99.46,99.46,99.47,99.53,99.58,99.71,99.85,99.92,99.94,99.96,99.96,99.96,99.96,99.96,99.96,99.96,99.96,99.97,99.97,99.97,99.99,100.00,100.00,100.00,100.00,100.00,100.00,100.00,100.00,100.00,100.00,100.00,100.00,100.00,100.00,100.00,100.00,100.00,100.00
91.64
RUSBoost
0.00,49.79,58.27,61.47,62.94,63.34,65.10,70.93,77.77,83.23,86.04,87.34,88.28,89.10,89.88,90.66,91.26,91.64,91.84,91.95,91.98,92.02,92.25,92.53,92.90,93.16,93.45,93.78,94.14,94.60,95.07,95.42,95.56,95.61,95.62,95.62,95.63,95.72,95.91,96.07,96.20,96.46,96.74,97.00,97.15,97.22,97.26,97.28,97.37,97.49,97.70,98.16,98.65,98.96,99.09,99.21,99.31,99.39,99.47,99.48,99.49,99.49,99.49,99.49,99.51,99.53,99.58,99.70,99.84,99.93,99.97,99.99,99.99,99.99,99.99,99.99,99.99,99.99,99.99,99.99,99.99,99.99,99.99,99.99,100.00,100.00,100.00,100.00,100.00,100.00,100.00,100.00,100.00,100.00,100.00,100.00,100.00,100.00,100.00,100.00,100.00
91.98
SmoteBoost
0.00,50.33,58.74,62.08,63.40,63.62,66.68,74.05,83.35,86.10,87.40,88.18,89.08,90.11,90.74,91.44,92.04,92.20,92.26,92.27,92.28,92.33,92.56,93.07,93.34,93.55,93.76,94.12,94.43,94.84,95.23,95.42,95.46,95.46,95.46,95.46,95.47,95.51,95.57,95.59,95.70,95.95,96.28,96.47,96.67,96.81,96.84,96.87,96.98,97.16,97.44,98.00,98.53,98.64,98.71,98.80,99.02,99.25,99.29,99.31,99.31,99.31,99.31,99.32,99.38,99.47,99.54,99.71,99.90,99.95,99.96,99.96,99.96,99.96,99.96,99.96,99.96,99.96,99.96,99.96,99.96,99.96,99.98,99.99,100.00,100.00,100.00,100.00,100.00,100.00,100.00,100.00,100.00,100.00,100.00,100.00,100.00,100.00,100.00,100.00,100.00
92.28
