Simple
0.00,18.72,27.10,35.08,41.19,46.84,49.63,51.97,53.18,55.29,56.91,58.42,59.49,60.74,64.07,69.22,75.15,80.17,83.22,85.90,87.42,88.64,89.51,90.32,91.19,92.07,92.69,93.02,93.42,93.71,94.22,94.51,94.79,94.97,95.29,95.84,96.56,97.14,97.63,98.02,98.21,98.50,98.55,98.64,98.77,98.89,99.06,99.09,99.14,99.14,99.15,99.15,99.15,99.15,99.15,99.15,99.19,99.32,99.58,99.63,99.68,99.69,99.69,99.69,99.69,99.69,99.69,99.69,99.69,99.69,99.69,99.69,99.69,99.69,99.69,99.69,99.69,99.69,99.69,99.69,99.69,99.69,99.69,99.69,99.69,99.69,99.69,99.69,99.69,99.69,99.69,99.73,99.76,99.77,99.79,99.79,99.79,99.96,99.96,100.00,100.00
87.42
ROS
0.00,18.59,27.78,35.59,41.74,47.60,51.13,53.63,55.37,56.89,59.15,60.35,61.71,62.70,64.03,66.50,69.83,74.34,78.49,82.94,86.15,88.10,89.47,90.58,91.45,92.23,92.92,93.50,93.93,94.32,94.61,94.85,95.04,95.28,95.47,95.77,96.23,96.68,97.17,97.66,98.04,98.24,98.44,98.58,98.72,98.83,98.94,99.04,99.15,99.20,99.20,99.20,99.20,99.20,99.20,99.20,99.23,99.30,99.39,99.55,99.62,99.70,99.71,99.71,99.71,99.71,99.71,99.71,99.71,99.71,99.71,99.71,99.71,99.71,99.71,99.71,99.71,99.71,99.71,99.71,99.71,99.71,99.71,99.71,99.71,99.71,99.71,99.71,99.71,99.71,99.71,99.74,99.83,99.84,99.89,99.89,99.89,99.97,99.97,100.00,100.00
86.15
RUS
0.00,18.18,27.72,35.71,41.77,47.29,51.02,53.59,55.65,56.95,59.20,60.40,61.77,62.76,63.51,63.75,64.81,67.17,71.22,75.96,80.44,84.24,86.89,88.65,90.00,91.01,91.90,92.69,93.40,93.99,94.43,94.72,95.03,95.29,95.51,95.68,95.90,96.26,96.69,97.21,97.66,98.01,98.34,98.59,98.78,98.89,98.99,99.15,99.28,99.38,99.44,99.45,99.46,99.46,99.46,99.46,99.46,99.47,99.53,99.60,99.74,99.82,99.88,99.90,99.91,99.91,99.91,99.91,99.91,99.91,99.91,99.91,99.91,99.91,99.91,99.91,99.91,99.91,99.91,99.91,99.91,99.91,99.91,99.91,99.91,99.91,99.91,99.91,99.91,99.91,99.91,99.91,99.92,99.92,99.95,99.96,99.96,99.98,99.98,100.00,100.00
80.44
Smote
0.00,17.54,24.70,32.23,37.35,41.79,44.74,47.09,48.32,50.46,52.12,53.58,54.42,56.95,61.79,70.67,77.43,81.51,83.44,85.19,87.00,89.08,90.09,91.17,92.22,92.77,93.21,93.59,93.85,94.23,94.92,95.23,95.31,95.47,95.94,96.73,97.08,97.49,97.50,97.63,97.84,98.04,98.04,98.18,98.40,98.58,98.58,98.59,98.62,98.67,98.77,98.78,98.78,98.78,98.78,98.78,98.91,99.05,99.31,99.32,99.32,99.32,99.32,99.32,99.32,99.32,99.32,99.32,99.32,99.32,99.32,99.32,99.32,99.32,99.32,99.32,99.32,99.32,99.32,99.32,99.32,99.32,99.32,99.32,99.32,99.32,99.32,99.32,99.32,99.32,99.32,99.46,99.86,99.86,99.86,99.86,99.86,100.00,100.00,100.00,100.00
87.0
Bag
0.00,18.92,27.95,35.75,42.01,48.09,51.57,54.20,56.03,57.36,59.70,60.93,62.30,63.52,65.16,68.71,74.08,79.48,83.65,86.51,88.61,89.97,91.11,91.82,92.61,93.31,93.81,94.24,94.51,94.78,95.03,95.28,95.34,95.50,95.71,96.16,96.81,97.35,97.83,98.05,98.28,98.49,98.54,98.64,98.70,98.88,99.05,99.08,99.14,99.14,99.14,99.14,99.14,99.14,99.14,99.14,99.18,99.32,99.51,99.56,99.60,99.61,99.61,99.61,99.61,99.61,99.61,99.61,99.61,99.61,99.61,99.61,99.61,99.61,99.61,99.61,99.61,99.61,99.61,99.61,99.61,99.61,99.61,99.61,99.61,99.61,99.61,99.61,99.61,99.61,99.61,99.68,99.83,99.84,99.88,99.88,99.88,99.99,99.99,100.00,100.00
88.61
ROSBag
0.00,18.51,27.72,35.65,42.09,48.23,51.78,54.31,55.97,57.41,59.78,60.81,62.24,63.20,63.83,65.04,70.31,76.70,82.08,85.31,87.69,89.18,90.56,91.23,91.92,92.73,93.30,93.75,94.16,94.35,94.58,95.01,95.23,95.36,95.46,95.69,96.37,97.01,97.68,97.98,98.23,98.58,98.70,98.78,98.81,98.85,99.17,99.25,99.31,99.32,99.32,99.32,99.32,99.32,99.32,99.32,99.33,99.37,99.65,99.78,99.84,99.86,99.86,99.86,99.86,99.86,99.86,99.86,99.86,99.86,99.86,99.86,99.86,99.86,99.86,99.86,99.86,99.86,99.86,99.86,99.86,99.86,99.86,99.86,99.86,99.86,99.86,99.86,99.86,99.86,99.86,99.87,99.92,99.92,99.96,99.96,99.96,99.99,99.99,100.00,100.00
87.69
RUSBag
0.00,18.57,28.12,36.27,42.84,48.46,52.25,54.76,56.75,57.99,60.29,61.40,62.83,63.66,64.42,64.53,65.35,68.51,76.49,82.12,85.27,87.70,88.98,90.20,90.82,91.38,92.34,93.06,93.75,94.07,94.37,94.55,95.16,95.38,95.51,95.54,95.72,96.38,97.15,97.90,98.11,98.42,98.75,98.86,98.91,98.92,99.02,99.39,99.42,99.46,99.46,99.46,99.46,99.46,99.46,99.46,99.46,99.46,99.50,99.65,99.92,99.94,99.97,99.97,99.97,99.97,99.97,99.97,99.97,99.97,99.97,99.97,99.97,99.97,99.97,99.97,99.97,99.97,99.97,99.97,99.97,99.97,99.97,99.97,99.97,99.97,99.97,99.97,99.97,99.97,99.97,99.97,99.99,99.99,99.99,99.99,99.99,100.00,100.00,100.00,100.00
85.27
SmoteBag
0.00,17.40,24.54,32.26,37.28,41.74,44.75,47.04,48.31,50.45,52.09,53.59,54.42,57.41,62.51,71.34,77.71,81.59,83.55,85.34,87.14,89.18,90.17,91.34,92.36,92.91,93.28,93.69,93.96,94.32,95.02,95.33,95.38,95.58,96.03,96.85,97.16,97.53,97.54,97.69,97.87,98.07,98.08,98.23,98.43,98.61,98.62,98.63,98.64,98.69,98.76,98.77,98.77,98.77,98.77,98.77,98.92,99.06,99.30,99.31,99.31,99.31,99.31,99.31,99.31,99.31,99.31,99.31,99.31,99.31,99.31,99.31,99.31,99.31,99.31,99.31,99.31,99.31,99.31,99.31,99.31,99.31,99.31,99.31,99.31,99.31,99.31,99.31,99.31,99.31,99.31,99.46,99.84,99.84,99.85,99.85,99.85,100.00,100.00,100.00,100.00
87.14
Boost
0.00,18.33,26.23,34.03,39.94,45.46,48.38,50.88,52.25,54.43,55.98,57.24,58.58,61.68,67.32,73.31,78.64,82.72,85.10,86.85,88.15,88.99,89.97,90.85,91.47,91.95,92.37,92.61,93.04,93.49,93.87,94.06,94.22,94.58,95.18,95.80,96.30,96.69,96.99,97.26,97.43,97.54,97.62,97.82,98.06,98.18,98.27,98.30,98.31,98.39,98.43,98.44,98.46,98.46,98.46,98.49,98.66,98.84,98.96,99.03,99.15,99.26,99.32,99.37,99.37,99.38,99.38,99.38,99.38,99.38,99.38,99.38,99.39,99.42,99.44,99.45,99.45,99.45,99.45,99.45,99.45,99.45,99.45,99.45,99.45,99.45,99.45,99.45,99.45,99.45,99.45,99.52,99.56,99.58,99.59,99.59,99.59,99.91,99.91,100.00,100.00
88.15
ROSBoost
0.00,18.61,26.56,34.21,39.74,44.94,47.78,50.47,52.28,54.31,55.99,57.23,58.37,59.56,61.58,65.58,70.31,75.23,79.79,83.44,85.99,87.98,89.39,90.63,91.59,92.35,93.00,93.42,93.75,94.05,94.39,94.61,94.82,95.09,95.34,95.76,96.24,96.67,96.98,97.28,97.50,97.69,97.84,97.95,98.13,98.27,98.39,98.53,98.61,98.64,98.69,98.73,98.75,98.76,98.77,98.78,98.81,98.89,98.96,99.03,99.12,99.19,99.27,99.32,99.36,99.38,99.39,99.39,99.39,99.39,99.39,99.40,99.40,99.42,99.44,99.45,99.46,99.46,99.46,99.46,99.46,99.46,99.46,99.46,99.46,99.46,99.46,99.46,99.46,99.46,99.46,99.56,99.66,99.70,99.76,99.76,99.76,99.94,99.94,100.00,100.00
85.99
RUSBoost
0.00,19.22,27.45,34.96,40.41,45.85,48.89,51.53,53.48,55.28,57.14,58.35,59.55,60.50,61.89,64.14,68.26,73.90,78.91,82.91,85.84,87.95,89.52,90.77,91.67,92.49,93.12,93.62,94.05,94.34,94.55,94.81,94.99,95.15,95.36,95.64,96.09,96.61,97.06,97.34,97.50,97.65,97.81,97.99,98.10,98.27,98.43,98.57,98.66,98.74,98.80,98.84,98.89,98.90,98.91,98.92,98.95,99.01,99.11,99.16,99.24,99.30,99.36,99.40,99.43,99.45,99.45,99.45,99.45,99.45,99.45,99.45,99.46,99.48,99.49,99.50,99.51,99.51,99.51,99.51,99.51,99.51,99.51,99.51,99.51,99.51,99.51,99.51,99.51,99.51,99.51,99.59,99.74,99.75,99.77,99.78,99.79,99.96,99.96,99.99,100.00
85.84
SmoteBoost
0.00,14.87,24.03,30.06,34.41,37.06,38.93,41.00,42.63,45.41,51.86,59.49,66.60,72.02,75.79,78.48,80.89,82.91,84.40,85.62,86.85,87.98,88.76,89.30,89.70,90.04,90.66,91.22,91.64,91.78,92.03,92.58,93.30,93.99,94.46,94.73,94.99,95.32,95.74,96.09,96.26,96.59,96.96,97.11,97.21,97.30,97.39,97.57,97.72,97.79,97.82,97.82,97.82,97.82,97.84,98.10,98.25,98.34,98.37,98.45,98.64,98.66,98.69,98.69,98.70,98.70,98.70,98.70,98.72,98.72,98.72,98.74,98.97,99.02,99.04,99.04,99.04,99.04,99.04,99.04,99.04,99.04,99.04,99.04,99.04,99.04,99.04,99.04,99.04,99.04,99.04,99.46,99.55,99.56,99.56,99.56,99.56,100.00,100.00,100.00,100.00
86.85
