Simple
0.00,7.51,9.45,10.86,11.82,12.82,13.07,13.38,14.00,14.45,14.98,15.53,15.80,16.03,16.25,16.60,16.95,17.29,17.63,17.90,18.05,18.12,18.21,18.27,18.29,18.29,18.30,18.36,18.46,18.57,18.63,18.65,18.70,19.09,19.94,22.04,25.92,30.72,35.75,40.91,45.82,50.04,53.86,57.23,60.18,62.67,64.97,67.15,69.36,71.48,73.36,75.00,76.56,77.95,79.17,80.40,81.54,82.61,83.62,84.38,85.18,85.92,86.64,87.28,88.11,88.91,89.74,90.49,91.12,91.65,92.20,92.75,93.31,93.83,94.25,94.70,95.12,95.42,95.75,96.04,96.38,96.62,96.92,97.24,97.53,97.88,98.25,98.58,98.80,99.10,99.31,99.39,99.48,99.51,99.63,99.64,99.64,99.82,99.82,99.82,100.00
18.05
ROS
0.00,7.45,10.03,11.49,12.52,13.65,14.24,14.48,15.00,15.55,16.06,16.58,17.06,17.32,17.54,17.78,18.05,18.39,18.73,19.04,19.39,19.66,19.86,19.96,20.04,20.11,20.15,20.16,20.18,20.20,20.27,20.36,20.44,20.51,20.71,20.95,21.45,22.50,24.36,26.96,30.00,33.57,37.73,42.12,46.38,50.56,54.44,57.77,60.86,63.67,66.19,68.55,70.63,72.57,74.43,76.15,77.70,79.10,80.44,81.62,82.68,83.70,84.65,85.52,86.32,87.09,87.82,88.60,89.32,90.05,90.74,91.35,91.99,92.62,93.17,93.68,94.16,94.62,95.08,95.48,95.84,96.21,96.50,96.82,97.12,97.41,97.70,98.03,98.34,98.61,98.90,99.15,99.35,99.48,99.62,99.65,99.67,99.81,99.81,99.82,100.00
19.39
RUS
0.00,7.57,10.30,11.82,12.96,14.21,15.00,15.32,15.72,16.25,16.76,17.25,17.75,18.20,18.56,18.83,19.07,19.33,19.62,19.93,20.24,20.58,20.91,21.21,21.45,21.62,21.74,21.82,21.88,21.91,21.94,21.98,22.02,22.07,22.14,22.23,22.38,22.55,22.80,23.11,23.60,24.53,26.06,28.07,30.72,33.70,37.45,41.47,45.64,49.91,53.99,57.69,60.98,63.90,66.61,69.04,71.19,73.21,75.06,76.85,78.49,79.90,81.32,82.58,83.63,84.66,85.64,86.52,87.39,88.14,88.88,89.63,90.34,91.04,91.70,92.33,92.96,93.54,94.07,94.59,95.05,95.49,95.91,96.29,96.66,97.02,97.29,97.61,97.91,98.20,98.50,98.77,99.03,99.25,99.44,99.60,99.69,99.82,99.82,99.82,100.00
20.24
Smote
0.00,7.03,9.32,10.45,11.48,12.13,12.88,13.57,14.27,14.61,14.98,15.38,15.73,15.87,15.95,16.17,16.49,17.15,18.21,19.74,21.75,25.28,29.73,34.62,39.61,44.27,48.48,52.23,55.59,58.51,61.18,63.43,65.54,67.60,69.64,71.49,73.20,74.75,76.10,77.32,78.53,79.64,80.76,81.75,82.60,83.43,84.11,84.86,85.52,86.28,87.01,87.78,88.53,89.30,89.90,90.47,90.97,91.44,91.96,92.47,92.88,93.25,93.54,93.86,94.13,94.44,94.70,95.01,95.26,95.50,95.76,96.00,96.26,96.55,96.82,97.12,97.42,97.67,97.90,98.12,98.36,98.62,98.83,98.98,99.10,99.21,99.24,99.27,99.36,99.48,99.48,99.49,99.63,99.67,99.67,99.67,99.67,99.85,99.85,99.85,100.00
21.75
Bag
0.00,7.11,8.84,10.28,11.36,12.38,12.58,12.97,13.56,14.05,14.57,15.10,15.34,15.55,15.78,16.07,16.43,16.79,17.12,17.48,17.69,17.82,17.90,17.97,18.02,18.05,18.05,18.07,18.12,18.21,18.30,18.39,18.46,18.54,18.64,18.85,19.31,20.36,22.07,24.72,27.97,31.97,36.57,41.45,46.03,50.28,54.18,57.50,60.51,63.16,65.64,67.92,70.07,72.02,73.87,75.64,77.24,78.58,79.87,81.13,82.18,83.23,84.15,85.06,85.87,86.64,87.34,88.12,88.85,89.57,90.27,90.95,91.62,92.19,92.77,93.31,93.77,94.25,94.71,95.15,95.50,95.84,96.20,96.51,96.81,97.10,97.43,97.72,98.03,98.39,98.68,98.96,99.22,99.44,99.56,99.64,99.70,99.82,99.82,99.82,100.00
17.69
ROSBag
0.00,7.48,9.82,11.21,12.18,13.27,13.88,14.06,14.59,15.11,15.62,16.12,16.63,16.84,17.05,17.28,17.57,17.94,18.24,18.58,18.94,19.19,19.34,19.42,19.48,19.56,19.59,19.59,19.60,19.62,19.69,19.80,19.90,19.97,20.01,20.06,20.19,20.58,21.42,23.33,25.98,29.18,33.05,37.39,41.89,46.48,50.84,54.61,57.97,60.97,63.68,66.17,68.53,70.60,72.51,74.34,76.03,77.59,79.03,80.34,81.50,82.61,83.58,84.50,85.39,86.18,86.92,87.69,88.44,89.20,89.96,90.61,91.27,91.91,92.53,93.10,93.61,94.08,94.58,94.99,95.42,95.79,96.14,96.45,96.74,97.06,97.35,97.67,98.05,98.32,98.64,98.94,99.18,99.40,99.56,99.63,99.69,99.82,99.82,99.82,100.00
18.94
RUSBag
0.00,7.56,10.02,11.46,12.59,13.78,14.63,14.97,15.30,15.87,16.39,16.93,17.43,17.95,18.27,18.43,18.74,18.90,19.13,19.51,19.82,20.13,20.50,20.92,21.19,21.34,21.45,21.48,21.56,21.64,21.65,21.65,21.65,21.66,21.73,21.85,21.97,22.02,22.11,22.18,22.18,22.20,22.21,22.43,22.79,23.61,24.95,27.31,32.36,38.09,43.18,48.11,52.86,56.72,60.04,63.11,65.74,68.00,70.02,72.03,74.26,76.41,78.09,79.45,80.86,82.15,83.22,84.36,85.46,86.48,87.30,87.98,88.64,89.51,90.13,90.75,91.53,92.30,93.05,93.69,94.12,94.55,94.98,95.49,96.02,96.33,96.72,97.13,97.40,97.65,97.91,98.16,98.44,98.70,98.97,99.43,99.69,99.82,99.82,99.82,100.00
19.82
SmoteBag
0.00,6.94,9.26,10.40,11.39,12.07,12.84,13.53,14.21,14.58,14.92,15.33,15.67,15.77,15.84,15.91,16.23,16.86,17.82,19.27,21.23,23.87,27.61,32.31,37.38,42.17,46.56,50.59,54.08,57.17,60.04,62.45,64.69,66.73,68.73,70.61,72.48,74.10,75.51,76.82,78.04,79.13,80.25,81.30,82.21,83.09,83.81,84.50,85.23,85.99,86.67,87.45,88.21,88.93,89.67,90.28,90.80,91.28,91.75,92.25,92.70,93.15,93.46,93.77,94.03,94.34,94.59,94.90,95.15,95.42,95.64,95.92,96.16,96.44,96.71,97.01,97.30,97.59,97.84,98.06,98.28,98.51,98.74,98.94,99.11,99.22,99.26,99.31,99.39,99.48,99.48,99.49,99.63,99.67,99.67,99.67,99.67,99.85,99.85,99.85,100.00
21.23
Boost
0.00,7.70,9.81,11.25,12.21,13.23,13.52,13.83,14.44,14.92,15.45,15.97,16.24,16.48,16.74,17.09,17.44,17.77,18.08,18.31,18.44,18.51,18.60,18.64,18.65,18.66,18.70,18.75,18.94,19.11,19.29,19.50,20.03,20.93,22.56,25.38,29.64,34.58,39.57,44.42,48.94,52.83,56.29,59.43,62.12,64.47,66.66,68.78,70.87,72.83,74.58,76.12,77.52,78.85,80.02,81.17,82.28,83.28,84.17,84.93,85.70,86.43,87.12,87.82,88.62,89.39,90.18,90.87,91.45,91.97,92.51,93.04,93.58,94.04,94.45,94.86,95.25,95.53,95.87,96.15,96.48,96.75,97.05,97.36,97.68,98.03,98.36,98.65,98.88,99.14,99.34,99.40,99.49,99.50,99.63,99.64,99.64,99.82,99.82,99.82,100.00
18.44
ROSBoost
0.00,8.55,11.41,13.09,14.30,15.45,16.14,16.52,17.04,17.60,18.12,18.63,19.05,19.35,19.60,19.88,20.20,20.54,20.88,21.22,21.51,21.71,21.86,21.95,22.01,22.05,22.09,22.12,22.17,22.27,22.49,22.97,23.53,24.37,25.37,26.57,28.36,30.40,32.75,35.45,38.49,41.78,45.29,48.85,52.41,55.87,58.96,61.86,64.50,66.94,69.22,71.34,73.31,75.10,76.73,78.26,79.63,80.87,82.08,83.12,84.10,85.09,85.95,86.77,87.53,88.31,89.03,89.72,90.36,90.99,91.60,92.22,92.73,93.25,93.74,94.19,94.60,95.02,95.41,95.78,96.15,96.49,96.81,97.12,97.41,97.72,98.02,98.29,98.54,98.78,99.00,99.17,99.34,99.47,99.62,99.67,99.70,99.83,99.84,99.85,100.00
21.51
RUSBoost
0.00,8.76,11.68,13.45,14.70,15.93,16.77,17.19,17.66,18.19,18.71,19.23,19.70,20.07,20.36,20.65,20.93,21.23,21.58,21.92,22.25,22.55,22.80,22.99,23.10,23.19,23.25,23.30,23.34,23.39,23.46,23.63,23.88,24.18,24.71,25.47,26.38,27.70,29.49,31.56,34.04,37.14,40.59,44.23,47.78,51.31,54.74,58.02,61.08,63.87,66.47,68.94,71.19,73.17,75.13,76.84,78.37,79.75,81.07,82.30,83.41,84.40,85.42,86.28,87.12,87.92,88.65,89.40,90.04,90.69,91.34,91.96,92.58,93.15,93.60,94.10,94.56,95.02,95.41,95.75,96.09,96.45,96.79,97.09,97.40,97.67,97.96,98.25,98.54,98.77,99.01,99.21,99.37,99.49,99.61,99.66,99.69,99.82,99.83,99.84,100.00
22.25
SmoteBoost
0.00,7.34,9.60,10.86,12.08,12.62,13.33,13.97,14.58,15.06,15.41,15.79,16.17,16.51,16.70,16.83,16.94,17.25,17.68,18.20,18.89,20.04,21.62,23.84,26.62,29.99,33.61,37.43,41.52,45.47,49.16,52.59,55.73,58.66,61.30,63.80,66.15,68.26,70.20,72.03,73.71,75.22,76.61,77.94,79.13,80.25,81.29,82.27,83.17,84.00,84.79,85.55,86.32,87.07,87.84,88.53,89.20,89.82,90.47,91.04,91.55,92.05,92.52,92.95,93.34,93.74,94.08,94.39,94.71,94.98,95.29,95.57,95.84,96.11,96.40,96.68,96.99,97.26,97.54,97.77,98.03,98.28,98.51,98.68,98.87,99.05,99.16,99.24,99.37,99.45,99.51,99.52,99.61,99.68,99.71,99.72,99.72,99.88,99.88,99.88,100.00
18.89
