Simple
0.00,8.61,14.96,18.07,22.03,24.13,26.92,29.39,31.11,33.10,34.49,35.32,36.94,37.75,38.85,40.38,41.59,42.60,43.32,44.45,44.78,45.26,45.48,46.37,47.37,48.28,48.78,49.64,50.58,51.50,52.23,52.34,52.35,52.35,52.35,52.35,52.80,53.37,53.95,54.45,54.94,55.46,55.93,56.42,56.72,56.78,56.78,56.97,57.32,57.40,57.42,57.82,58.04,58.53,58.66,59.09,59.28,59.31,59.31,59.31,59.31,59.32,60.68,65.35,69.22,72.42,75.25,78.04,79.03,79.65,80.70,81.74,83.01,84.06,85.57,87.03,88.82,90.11,90.76,91.41,92.47,92.95,93.92,94.80,95.85,96.27,96.67,97.18,97.36,97.50,97.60,98.09,98.18,99.16,99.37,99.37,99.92,100.00,100.00,100.00,100.00
44.78
ROS
0.00,7.98,14.23,17.49,21.38,23.37,26.03,28.52,30.44,32.46,33.96,34.96,36.27,37.32,38.13,39.47,40.91,42.08,43.08,44.03,44.89,45.37,45.75,46.15,46.88,47.80,48.52,49.15,49.94,50.84,51.75,52.48,52.75,52.80,52.80,52.83,52.92,53.25,53.74,54.28,54.85,55.37,55.81,56.14,56.44,56.76,56.99,57.12,57.28,57.44,57.66,57.82,58.03,58.28,58.58,58.88,59.18,59.39,59.56,59.63,59.67,59.78,60.31,61.60,63.77,67.05,70.49,73.49,76.16,78.30,79.82,81.04,82.32,83.47,84.63,85.92,87.37,88.84,90.09,91.15,92.06,92.84,93.58,94.35,95.09,95.70,96.36,96.85,97.23,97.53,97.85,98.18,98.39,98.73,98.99,99.32,99.55,99.80,99.87,99.89,100.00
44.89
RUS
0.00,7.63,13.91,17.32,21.08,23.24,25.54,28.02,30.03,32.11,33.85,35.05,36.15,37.33,38.37,39.20,40.43,41.82,43.06,44.08,45.10,45.91,46.44,46.81,47.33,48.03,48.78,49.47,50.13,50.94,51.76,52.60,53.27,53.65,53.84,53.91,53.99,54.14,54.43,54.86,55.39,55.87,56.34,56.75,57.06,57.35,57.59,57.82,58.03,58.21,58.39,58.56,58.76,58.96,59.16,59.42,59.68,59.98,60.22,60.42,60.64,60.85,61.02,61.47,62.40,63.80,65.93,68.51,71.38,74.17,76.65,78.77,80.48,82.04,83.38,84.63,85.87,87.23,88.44,89.71,90.92,91.91,92.85,93.76,94.50,95.23,95.89,96.41,96.95,97.35,97.68,98.01,98.32,98.60,98.86,99.11,99.35,99.58,99.80,99.84,100.00
45.1
Smote
0.00,8.53,13.96,18.03,22.06,25.87,27.81,30.42,31.93,33.97,35.46,35.84,36.77,38.39,39.59,40.89,42.27,43.27,44.46,45.65,46.42,46.78,47.20,47.82,48.77,49.66,50.41,51.23,52.11,53.03,53.70,53.96,53.99,54.12,54.46,54.94,55.49,56.04,56.57,57.08,57.55,58.01,58.28,58.37,58.47,58.67,58.94,59.22,59.55,59.85,60.19,60.46,60.75,60.86,60.92,60.93,60.94,61.11,62.30,65.00,68.55,71.78,74.91,77.43,79.56,81.00,82.44,83.56,84.65,85.62,86.43,87.16,87.90,88.66,89.51,90.47,91.39,92.28,93.25,94.24,95.11,95.84,96.53,97.04,97.46,97.78,97.98,98.23,98.63,99.02,99.18,99.44,99.70,99.89,100.00,100.00,100.00,100.00,100.00,100.00,100.00
46.42
Bag
0.00,7.91,13.89,17.01,20.91,22.87,25.63,28.13,29.96,31.96,33.38,34.41,35.72,36.67,37.54,38.92,40.36,41.48,42.43,43.42,44.23,44.59,44.96,45.43,46.30,47.15,47.89,48.49,49.32,50.27,51.17,51.81,51.99,51.99,51.99,51.99,52.09,52.46,53.04,53.60,54.12,54.65,55.11,55.51,55.91,56.27,56.40,56.46,56.59,56.87,57.03,57.11,57.37,57.68,58.05,58.30,58.62,58.86,58.94,58.95,58.95,58.95,59.20,60.61,64.13,68.29,71.81,74.85,77.65,79.43,80.40,81.49,82.63,83.85,84.97,86.35,87.82,89.50,90.81,91.54,92.23,93.01,93.68,94.39,95.28,96.08,96.59,97.01,97.36,97.70,97.88,98.23,98.49,98.86,99.25,99.39,99.80,100.00,100.00,100.00,100.00
44.23
ROSBag
0.00,8.06,14.33,17.53,21.45,23.56,26.35,28.92,30.73,32.76,34.22,35.18,36.66,37.68,38.42,39.85,41.25,42.46,43.35,44.36,45.33,45.67,46.08,46.44,47.28,48.12,48.94,49.53,50.31,51.26,52.15,52.94,53.12,53.13,53.13,53.14,53.20,53.54,54.09,54.64,55.16,55.67,56.23,56.57,56.93,57.25,57.48,57.56,57.68,57.86,58.11,58.23,58.42,58.73,59.06,59.36,59.66,59.90,60.05,60.07,60.08,60.09,60.33,61.53,64.09,67.93,71.56,74.69,77.42,79.47,80.66,81.64,82.72,83.75,85.03,86.25,87.70,89.25,90.59,91.53,92.22,92.97,93.75,94.46,95.32,96.00,96.59,97.03,97.42,97.72,97.97,98.22,98.47,98.87,99.20,99.35,99.72,99.96,99.97,99.97,100.00
45.33
RUSBag
0.00,7.89,14.28,17.68,21.52,23.82,26.35,28.95,30.90,32.98,34.88,36.09,37.03,38.32,39.25,40.14,41.59,43.01,44.23,45.08,46.16,46.97,47.35,47.73,48.22,49.07,49.81,50.55,51.13,51.96,52.86,53.78,54.51,54.73,54.77,54.77,54.78,54.87,55.21,55.70,56.27,56.84,57.33,57.79,58.05,58.34,58.70,58.98,59.15,59.25,59.40,59.63,59.78,59.94,60.20,60.46,60.82,61.09,61.40,61.57,61.69,61.71,61.71,61.83,62.42,64.13,67.37,70.99,74.39,77.30,79.86,81.44,82.65,83.68,84.68,85.77,86.90,88.25,89.67,91.14,92.10,92.91,93.61,94.41,95.13,95.81,96.53,96.96,97.42,97.79,98.11,98.34,98.56,98.87,99.10,99.30,99.53,99.87,99.95,99.96,100.00
46.16
SmoteBag
0.00,8.49,14.21,18.30,22.35,26.17,28.05,30.73,32.18,34.23,35.76,36.04,37.04,38.70,39.85,41.25,42.54,43.50,44.73,45.91,46.72,47.07,47.44,47.99,49.04,49.99,50.74,51.50,52.42,53.34,54.03,54.29,54.33,54.46,54.85,55.39,55.96,56.49,57.01,57.46,58.00,58.44,58.68,58.74,58.82,59.04,59.37,59.65,59.93,60.29,60.58,60.91,61.10,61.24,61.28,61.28,61.28,61.52,63.03,65.90,69.23,72.78,75.66,78.13,80.01,81.44,82.70,83.88,84.96,85.88,86.63,87.39,88.16,88.84,89.73,90.71,91.57,92.51,93.49,94.47,95.30,96.05,96.66,97.16,97.61,97.91,98.06,98.37,98.77,99.08,99.28,99.55,99.79,99.91,99.99,100.00,100.00,100.00,100.00,100.00,100.00
46.72
Boost
0.00,6.97,13.73,17.65,20.61,24.18,26.73,28.55,30.50,32.80,34.90,36.73,37.84,38.72,39.72,41.15,42.23,43.26,44.61,45.82,46.72,47.66,48.54,49.22,49.56,50.03,50.72,51.63,52.54,53.20,54.02,54.91,55.74,56.18,56.39,56.43,56.64,56.99,57.49,58.04,58.54,59.04,59.48,59.84,60.20,60.45,60.66,60.84,61.06,61.34,61.56,61.89,62.47,62.93,63.83,65.41,67.05,69.20,71.41,73.73,75.54,77.28,79.05,80.66,82.26,83.73,84.98,86.27,87.30,88.23,89.12,90.09,91.00,91.80,92.63,93.34,93.94,94.56,95.00,95.42,95.84,96.23,96.56,96.96,97.27,97.59,97.84,98.08,98.32,98.54,98.66,98.77,98.91,98.96,99.12,99.22,99.41,99.44,99.48,99.50,100.00
46.72
ROSBoost
0.00,7.29,13.70,17.07,20.67,23.67,25.38,27.46,29.69,31.77,33.67,35.30,36.41,37.45,38.69,39.82,40.70,41.93,43.23,44.38,45.32,46.32,47.06,47.53,48.04,48.61,49.46,50.30,51.03,51.76,52.63,53.41,54.02,54.34,54.51,54.68,54.97,55.39,55.89,56.41,56.85,57.32,57.75,58.06,58.22,58.46,58.65,58.88,59.08,59.33,59.54,59.85,60.04,60.30,60.59,61.06,61.77,62.84,64.11,65.65,67.66,69.97,72.34,75.09,77.32,79.64,81.35,82.88,84.16,85.43,86.68,87.71,88.66,89.66,90.68,91.57,92.30,92.96,93.82,94.44,94.97,95.56,95.99,96.41,96.78,97.09,97.39,97.68,97.97,98.26,98.53,98.75,98.98,99.10,99.25,99.37,99.45,99.55,99.56,99.73,100.00
45.32
RUSBoost
0.00,7.15,13.47,16.93,20.38,23.54,25.13,27.20,29.44,31.50,33.38,35.00,36.10,37.10,38.23,39.43,40.37,41.37,42.69,43.90,45.01,45.94,46.85,47.55,48.04,48.54,49.19,49.95,50.82,51.58,52.34,53.19,53.96,54.55,54.85,55.03,55.18,55.45,55.85,56.34,56.84,57.34,57.77,58.17,58.49,58.75,58.93,59.13,59.38,59.59,59.84,60.06,60.32,60.62,60.91,61.31,61.68,62.13,62.72,63.53,64.59,66.06,68.25,70.89,73.41,76.04,78.55,80.62,82.35,83.78,85.13,86.31,87.45,88.63,89.58,90.67,91.54,92.39,93.15,93.96,94.65,95.25,95.85,96.33,96.80,97.09,97.46,97.73,97.92,98.20,98.49,98.72,98.95,99.12,99.30,99.39,99.46,99.51,99.58,99.73,100.00
45.01
SmoteBoost
0.00,7.80,13.90,17.96,21.82,25.53,27.64,29.85,32.21,34.01,35.95,37.14,37.94,38.94,40.22,41.44,42.61,43.92,45.05,46.00,46.98,47.70,48.22,48.70,49.46,50.27,51.06,51.77,52.62,53.46,54.16,54.71,54.95,55.22,55.60,56.05,56.52,57.04,57.49,57.93,58.36,58.65,58.91,59.14,59.38,59.63,59.89,60.14,60.47,60.86,61.50,62.17,63.22,64.44,66.10,67.88,69.85,71.95,74.42,76.53,78.61,80.42,82.02,83.20,84.30,85.32,86.14,87.02,87.87,88.71,89.49,90.30,91.02,91.78,92.52,93.18,93.80,94.40,94.91,95.36,95.84,96.27,96.66,97.00,97.36,97.71,97.96,98.22,98.44,98.65,98.82,98.92,99.00,99.08,99.17,99.22,99.40,99.51,99.57,99.70,100.00
46.98
