Simple
0.00,16.74,24.32,31.74,36.31,39.74,42.15,44.61,47.24,49.52,51.55,53.50,55.06,56.50,57.82,59.07,60.20,60.87,61.52,62.12,62.83,63.61,64.39,65.18,65.94,66.69,67.38,68.06,68.67,68.89,69.47,70.16,70.80,71.25,71.67,71.72,71.77,71.88,72.40,72.69,73.16,73.39,74.51,76.74,82.42,85.86,87.58,89.09,90.92,92.00,93.12,94.44,95.10,95.67,95.89,95.91,95.91,95.91,95.94,95.95,96.04,96.07,96.09,96.12,96.31,96.50,96.97,97.08,97.08,97.09,97.11,97.29,97.69,97.81,97.82,97.93,98.04,98.55,98.66,98.77,99.26,99.27,99.27,99.27,99.27,99.27,99.27,99.27,99.27,99.27,99.27,99.27,99.28,99.45,99.99,100.00,100.00,100.00,100.00,100.00,100.00
62.83
ROS
0.00,17.24,23.72,31.42,36.39,40.35,43.30,45.26,47.66,50.02,52.19,54.16,55.80,57.31,58.69,59.99,61.22,62.23,62.95,63.48,64.10,64.64,65.41,66.18,66.98,67.74,68.47,69.17,69.84,70.36,70.77,71.24,71.85,72.42,72.95,73.32,73.49,73.68,73.93,74.23,74.58,74.93,75.76,77.40,79.57,82.55,85.36,87.70,89.39,91.00,92.20,93.31,94.23,94.85,95.34,95.58,95.75,95.82,95.91,95.98,96.07,96.14,96.21,96.29,96.46,96.68,96.94,97.12,97.26,97.36,97.50,97.63,97.77,97.94,98.01,98.20,98.30,98.53,98.72,98.87,99.09,99.18,99.23,99.26,99.27,99.27,99.27,99.27,99.27,99.27,99.27,99.28,99.32,99.59,99.86,99.94,99.99,99.99,100.00,100.00,100.00
64.1
RUS
0.00,16.69,23.22,31.12,35.72,39.47,42.28,44.24,46.61,48.96,51.09,53.03,54.61,56.06,57.44,58.73,59.94,61.09,61.88,62.45,62.93,63.36,63.77,64.45,65.04,65.84,66.53,67.23,67.96,68.60,69.18,69.63,70.12,70.68,71.26,71.66,72.01,72.34,72.53,72.65,72.85,73.09,73.50,74.05,74.60,75.50,77.34,80.35,83.46,85.98,88.01,89.93,91.28,92.57,93.58,94.45,95.12,95.54,95.79,95.92,95.99,96.05,96.15,96.20,96.28,96.34,96.42,96.57,96.82,97.09,97.31,97.36,97.45,97.56,97.72,97.85,98.01,98.08,98.29,98.45,98.63,98.87,99.00,99.17,99.20,99.25,99.27,99.27,99.27,99.27,99.27,99.28,99.29,99.34,99.60,99.83,99.89,99.97,99.99,100.00,100.00
62.93
Smote
0.00,17.61,24.09,31.22,34.58,36.96,39.46,42.11,44.39,46.41,48.28,49.82,51.15,52.45,53.56,54.47,55.07,55.69,56.48,57.38,58.20,58.97,59.73,60.47,61.19,61.84,62.39,62.74,63.28,63.86,64.38,64.83,65.26,65.66,66.03,66.50,67.38,70.47,75.53,79.07,81.77,83.78,86.01,87.68,89.07,90.57,92.04,92.85,93.30,93.42,93.45,93.47,93.50,93.55,93.79,94.11,94.18,94.22,94.24,94.33,94.62,95.07,95.18,95.25,95.28,95.42,95.66,96.03,96.12,96.23,96.40,96.86,97.31,97.74,97.98,98.37,98.46,98.51,98.51,98.51,98.51,98.51,98.51,98.51,98.51,98.51,98.51,98.51,98.54,98.74,99.23,99.88,99.94,100.00,100.00,100.00,100.00,100.00,100.00,100.00,100.00
58.2
Bag
0.00,16.26,23.10,30.94,35.62,39.30,42.26,44.26,46.77,49.13,51.23,53.27,54.90,56.39,57.76,58.96,60.18,61.19,61.73,62.26,62.84,63.44,64.28,65.12,65.88,66.61,67.35,68.06,68.72,69.17,69.53,70.13,70.74,71.31,71.80,72.04,72.18,72.46,72.80,73.20,73.47,73.90,75.47,79.34,83.38,86.25,88.33,90.15,91.54,92.75,93.88,94.79,95.45,95.80,95.95,96.01,96.01,96.01,96.03,96.09,96.12,96.15,96.17,96.31,96.48,96.93,97.04,97.14,97.15,97.22,97.28,97.67,97.78,97.88,97.96,98.18,98.42,98.63,98.87,99.11,99.25,99.27,99.27,99.27,99.27,99.27,99.27,99.27,99.27,99.27,99.27,99.27,99.34,99.84,100.00,100.00,100.00,100.00,100.00,100.00,100.00
62.84
ROSBag
0.00,17.18,23.50,31.41,35.96,40.20,43.46,45.20,47.73,50.18,52.31,54.39,56.12,57.65,59.03,60.28,61.50,62.59,63.15,63.67,64.31,64.98,65.80,66.60,67.39,68.13,68.86,69.56,70.24,70.68,71.01,71.54,72.23,72.82,73.34,73.64,73.71,73.85,74.15,74.58,74.91,75.09,75.83,78.17,81.72,85.44,87.90,89.56,91.00,92.24,93.31,94.31,95.17,95.62,95.85,95.92,95.93,95.93,95.96,96.01,96.07,96.09,96.10,96.18,96.39,96.71,96.98,97.12,97.13,97.15,97.20,97.51,97.71,97.83,97.87,98.04,98.23,98.58,98.72,98.94,99.25,99.26,99.27,99.27,99.27,99.27,99.27,99.27,99.27,99.27,99.27,99.27,99.28,99.63,99.99,100.00,100.00,100.00,100.00,100.00,100.00
64.31
RUSBag
0.00,17.30,23.92,31.87,36.23,40.07,43.27,45.12,47.33,49.83,51.96,54.02,55.61,57.17,58.55,59.78,60.95,62.20,62.85,63.34,63.85,64.35,64.96,65.75,66.53,67.29,68.00,68.71,69.42,70.08,70.42,70.80,71.43,72.05,72.54,72.87,73.19,73.34,73.39,73.55,73.82,74.23,74.58,75.12,75.83,78.06,81.47,84.95,87.26,89.19,90.81,92.01,93.09,94.22,95.01,95.60,95.99,96.09,96.14,96.14,96.16,96.18,96.21,96.24,96.26,96.30,96.49,96.77,97.04,97.15,97.19,97.21,97.30,97.48,97.72,97.85,97.91,98.09,98.34,98.53,98.74,99.01,99.20,99.25,99.27,99.27,99.27,99.27,99.27,99.27,99.27,99.28,99.28,99.32,99.69,99.91,99.95,99.99,100.00,100.00,100.00
63.85
SmoteBag
0.00,17.53,24.03,31.14,34.58,36.89,39.34,42.01,44.28,46.38,48.25,49.81,51.14,52.39,53.59,54.50,55.07,55.64,56.53,57.40,58.20,59.04,59.80,60.52,61.20,61.91,62.39,62.69,63.23,63.88,64.38,64.85,65.31,65.74,66.13,66.45,66.97,69.93,75.33,79.09,81.65,83.82,86.05,87.90,89.09,90.66,92.20,93.03,93.49,93.61,93.64,93.64,93.66,93.68,93.88,94.27,94.36,94.38,94.41,94.43,94.69,95.16,95.29,95.33,95.36,95.49,95.66,96.11,96.18,96.26,96.36,96.87,97.34,97.77,97.99,98.45,98.48,98.55,98.55,98.55,98.55,98.55,98.55,98.55,98.55,98.55,98.55,98.55,98.55,98.72,99.26,99.96,99.98,100.00,100.00,100.00,100.00,100.00,100.00,100.00,100.00
58.2
Boost
0.00,18.19,25.02,31.93,37.97,42.33,45.72,47.70,49.20,51.62,53.95,56.10,58.13,60.01,61.55,63.02,64.39,65.59,66.77,67.68,68.32,68.96,69.53,70.22,71.02,71.82,72.59,73.34,74.04,74.72,75.33,75.85,76.28,76.86,77.46,78.04,78.44,78.67,78.86,79.09,79.53,79.87,80.20,80.96,82.73,85.55,89.23,91.50,92.99,94.11,95.07,95.65,96.27,96.64,96.75,96.89,96.91,96.91,96.92,96.95,96.99,97.03,97.06,97.18,97.36,97.70,97.96,98.07,98.10,98.14,98.20,98.35,98.42,98.48,98.49,98.57,98.62,98.72,98.93,99.15,99.23,99.23,99.23,99.23,99.23,99.23,99.23,99.23,99.23,99.24,99.26,99.26,99.36,99.88,100.00,100.00,100.00,100.00,100.00,100.00,100.00
68.32
ROSBoost
0.00,17.24,24.00,31.47,36.89,41.01,44.04,46.02,48.55,50.92,53.12,55.14,56.89,58.49,59.94,61.32,62.55,63.75,64.85,65.64,66.27,66.66,67.27,68.04,68.80,69.55,70.31,71.03,71.75,72.41,72.93,73.39,73.96,74.54,75.13,75.62,75.88,76.03,76.29,76.62,76.99,77.42,78.03,79.35,82.18,85.39,87.89,90.09,91.93,93.09,94.07,94.97,95.61,96.11,96.49,96.69,96.76,96.84,96.88,96.93,96.97,97.01,97.09,97.20,97.41,97.65,98.00,98.15,98.31,98.35,98.41,98.50,98.64,98.68,98.70,98.76,98.78,98.85,99.01,99.15,99.20,99.22,99.23,99.23,99.23,99.23,99.23,99.23,99.24,99.24,99.25,99.27,99.39,99.78,99.95,99.97,99.98,99.98,100.00,100.00,100.00
66.27
RUSBoost
0.00,17.60,24.42,31.72,37.36,41.34,44.40,46.65,49.00,51.39,53.58,55.61,57.40,58.92,60.39,61.80,63.09,64.28,65.38,66.27,66.86,67.39,67.84,68.52,69.25,69.99,70.74,71.44,72.15,72.82,73.42,73.90,74.42,75.00,75.55,76.04,76.41,76.70,76.88,77.12,77.49,77.96,78.55,79.33,80.74,83.06,85.74,88.00,89.99,91.60,93.09,94.14,95.10,95.69,96.17,96.51,96.69,96.82,96.93,96.99,97.07,97.09,97.15,97.21,97.35,97.57,97.77,98.03,98.20,98.30,98.39,98.47,98.54,98.64,98.71,98.74,98.78,98.88,98.97,99.07,99.14,99.17,99.18,99.23,99.23,99.23,99.23,99.24,99.26,99.26,99.28,99.30,99.36,99.66,99.88,99.96,99.97,99.98,99.99,99.99,100.00
66.86
SmoteBoost
0.00,17.85,24.58,32.53,37.50,41.10,43.05,45.55,48.08,50.23,52.21,54.02,55.56,56.99,58.23,59.42,60.64,61.58,62.31,63.00,63.74,64.55,65.32,66.09,66.83,67.50,68.17,68.78,69.31,69.86,70.50,71.05,71.53,71.89,72.22,72.55,72.93,73.26,73.96,75.98,78.99,81.97,84.95,87.30,89.01,90.34,91.59,92.59,93.45,94.09,94.55,94.81,94.99,95.08,95.15,95.24,95.45,95.56,95.64,95.72,95.86,96.07,96.40,96.71,96.91,97.02,97.13,97.36,97.56,97.82,97.96,98.04,98.13,98.22,98.39,98.58,98.79,98.95,99.03,99.03,99.04,99.04,99.04,99.04,99.04,99.05,99.06,99.08,99.10,99.15,99.29,99.50,99.72,99.94,99.97,99.98,99.98,99.98,100.00,100.00,100.00
63.74
