Simple
0.08,23.27,30.02,34.38,36.99,38.72,40.23,41.65,42.41,43.14,43.68,44.26,44.62,44.87,45.24,45.51,45.75,46.16,46.36,46.39,46.52,46.58,46.77,47.50,54.21,64.26,70.57,74.05,76.20,78.36,80.69,82.61,84.07,85.39,86.45,87.43,88.13,88.60,89.52,90.59,91.67,92.35,92.90,93.60,93.83,94.15,94.31,94.50,94.85,95.14,95.43,95.62,95.75,95.87,96.21,96.51,96.56,96.74,97.03,97.05,97.11,97.31,97.44,97.45,97.59,97.76,97.90,97.92,98.09,98.25,98.53,98.83,98.99,99.00,99.04,99.20,99.35,99.48,99.51,99.66,99.81,99.81,99.81,99.81,99.84,99.84,99.84,100.00,100.00,100.00,100.00,100.00,100.00,100.00,100.00,100.00,100.00,100.00,100.00,100.00,100.00
46.52
ROS
0.08,22.46,29.31,33.78,36.33,38.44,40.02,41.42,42.31,43.01,43.56,44.09,44.51,44.81,45.07,45.37,45.65,45.94,46.22,46.40,46.53,46.62,47.03,48.98,52.77,59.44,65.44,70.40,74.23,77.08,79.43,81.47,83.16,84.66,85.87,86.88,87.70,88.38,89.19,90.09,91.01,91.82,92.44,93.06,93.43,93.75,93.99,94.22,94.53,94.85,95.14,95.35,95.53,95.73,96.01,96.26,96.42,96.63,96.81,96.93,97.05,97.22,97.36,97.45,97.58,97.75,97.84,97.91,98.07,98.26,98.51,98.74,98.89,98.94,99.03,99.18,99.30,99.39,99.48,99.60,99.72,99.73,99.73,99.74,99.82,99.82,99.84,99.98,100.00,100.00,100.00,100.00,100.00,100.00,100.00,100.00,100.00,100.00,100.00,100.00,100.00
46.53
RUS
0.09,22.57,29.52,34.07,36.65,38.78,40.41,41.82,42.78,43.45,44.05,44.59,45.06,45.38,45.65,45.94,46.23,46.53,46.81,47.05,47.17,47.35,48.18,49.91,54.15,60.19,66.30,71.51,75.25,77.90,80.10,82.00,83.67,85.11,86.25,87.22,88.01,88.73,89.53,90.39,91.31,92.09,92.75,93.29,93.65,93.95,94.13,94.38,94.66,94.97,95.24,95.48,95.66,95.86,96.10,96.33,96.50,96.68,96.85,96.97,97.08,97.24,97.37,97.45,97.60,97.73,97.81,97.91,98.09,98.29,98.55,98.74,98.86,98.92,99.03,99.17,99.28,99.36,99.47,99.60,99.68,99.69,99.69,99.71,99.81,99.81,99.84,99.97,100.00,100.00,100.00,100.00,100.00,100.00,100.00,100.00,100.00,100.00,100.00,100.00,100.00
47.17
Smote
0.05,20.24,26.55,29.63,31.88,33.80,34.85,35.74,36.29,36.66,36.91,37.16,37.37,37.70,37.92,38.02,38.30,40.18,46.81,55.78,63.54,68.45,71.54,73.95,76.25,78.43,80.20,81.77,83.12,84.23,85.26,86.12,86.78,87.59,88.59,89.56,90.30,90.89,91.54,91.98,92.32,92.56,92.76,93.00,93.35,93.70,94.00,94.21,94.35,94.48,94.80,95.20,95.44,95.59,95.83,96.04,96.15,96.26,96.48,96.73,96.85,96.97,97.17,97.39,97.57,97.65,97.80,97.98,98.22,98.41,98.56,98.62,98.70,98.85,98.94,99.04,99.10,99.20,99.36,99.43,99.44,99.44,99.44,99.64,99.72,99.72,99.84,99.89,100.00,100.00,100.00,100.00,100.00,100.00,100.00,100.00,100.00,100.00,100.00,100.00,100.00
63.54
Bag
0.08,23.25,30.17,34.67,37.32,39.20,40.78,42.23,42.91,43.69,44.24,44.80,45.15,45.40,45.72,46.01,46.26,46.64,46.87,46.91,47.03,47.10,47.40,49.25,55.42,64.63,70.85,74.28,76.52,78.69,80.90,82.75,84.19,85.47,86.53,87.42,88.10,88.71,89.60,90.64,91.65,92.35,92.91,93.49,93.76,94.04,94.22,94.45,94.77,95.08,95.36,95.55,95.70,95.85,96.13,96.39,96.51,96.72,96.95,96.99,97.08,97.27,97.40,97.43,97.57,97.74,97.86,97.92,98.07,98.25,98.53,98.80,98.95,98.98,99.04,99.19,99.35,99.44,99.51,99.66,99.78,99.78,99.78,99.78,99.83,99.83,99.84,100.00,100.00,100.00,100.00,100.00,100.00,100.00,100.00,100.00,100.00,100.00,100.00,100.00,100.00
47.03
ROSBag
0.10,23.19,30.30,34.90,37.54,39.75,41.31,42.72,43.64,44.51,45.07,45.65,46.11,46.44,46.67,47.02,47.30,47.59,47.96,48.15,48.23,48.32,48.40,48.58,49.76,56.10,65.03,71.37,74.97,77.27,79.43,81.63,83.42,84.89,86.16,87.17,88.01,88.63,89.21,90.14,91.21,92.19,92.77,93.41,93.85,94.11,94.35,94.52,94.77,95.12,95.40,95.66,95.82,95.92,96.14,96.46,96.61,96.73,96.98,97.13,97.16,97.32,97.49,97.53,97.60,97.77,97.90,97.94,98.09,98.26,98.50,98.80,98.96,99.00,99.04,99.20,99.35,99.46,99.51,99.65,99.80,99.80,99.80,99.80,99.84,99.84,99.84,100.00,100.00,100.00,100.00,100.00,100.00,100.00,100.00,100.00,100.00,100.00,100.00,100.00,100.00
48.23
RUSBag
0.08,23.18,30.38,35.04,37.69,39.95,41.58,42.99,43.99,44.81,45.40,45.99,46.47,46.80,47.06,47.35,47.66,47.94,48.28,48.54,48.63,48.71,48.80,49.20,50.78,56.04,64.60,71.27,75.11,77.46,79.56,81.64,83.48,84.99,86.25,87.30,88.10,88.75,89.33,90.20,91.26,92.20,92.85,93.40,93.90,94.12,94.36,94.54,94.80,95.13,95.42,95.66,95.81,95.94,96.16,96.45,96.59,96.73,96.97,97.09,97.14,97.31,97.47,97.50,97.60,97.78,97.88,97.93,98.09,98.26,98.52,98.79,98.94,98.98,99.04,99.20,99.35,99.45,99.51,99.66,99.78,99.78,99.78,99.78,99.84,99.84,99.84,100.00,100.00,100.00,100.00,100.00,100.00,100.00,100.00,100.00,100.00,100.00,100.00,100.00,100.00
48.63
SmoteBag
0.05,20.17,26.49,29.55,31.80,33.73,34.79,35.69,36.26,36.64,36.87,37.14,37.36,37.67,37.91,38.02,38.14,40.19,47.30,56.82,63.70,68.49,71.52,74.07,76.47,78.56,80.31,81.89,83.21,84.37,85.39,86.20,86.88,87.70,88.71,89.66,90.34,90.95,91.62,92.03,92.35,92.62,92.81,93.08,93.40,93.77,94.08,94.26,94.38,94.53,94.89,95.27,95.49,95.62,95.87,96.06,96.16,96.28,96.51,96.76,96.87,96.98,97.18,97.41,97.59,97.65,97.81,97.99,98.23,98.42,98.56,98.62,98.70,98.85,98.93,99.04,99.10,99.20,99.36,99.42,99.43,99.43,99.43,99.65,99.72,99.72,99.84,99.88,100.00,100.00,100.00,100.00,100.00,100.00,100.00,100.00,100.00,100.00,100.00,100.00,100.00
63.7
Boost
0.08,23.28,30.02,34.40,37.02,38.78,40.29,41.70,42.47,43.20,43.74,44.31,44.68,44.93,45.30,45.58,45.82,46.22,46.43,46.47,46.60,46.65,46.84,47.54,54.29,63.92,70.28,73.82,76.11,78.29,80.63,82.56,84.03,85.35,86.42,87.40,88.11,88.60,89.51,90.58,91.63,92.32,92.89,93.57,93.83,94.15,94.32,94.51,94.84,95.14,95.43,95.62,95.75,95.88,96.23,96.50,96.57,96.76,97.02,97.06,97.12,97.31,97.45,97.45,97.60,97.76,97.91,97.93,98.09,98.25,98.54,98.83,98.99,99.00,99.04,99.20,99.35,99.48,99.51,99.66,99.81,99.81,99.81,99.81,99.84,99.84,99.84,100.00,100.00,100.00,100.00,100.00,100.00,100.00,100.00,100.00,100.00,100.00,100.00,100.00,100.00
46.6
ROSBoost
0.13,22.14,28.82,33.33,35.95,37.92,39.41,40.71,41.45,42.17,42.71,43.20,43.55,43.85,44.11,44.39,44.69,44.96,45.18,45.35,45.67,46.66,49.19,52.68,58.52,64.35,69.33,73.38,76.28,78.69,80.71,82.46,83.94,85.18,86.18,87.06,87.87,88.69,89.58,90.49,91.31,92.02,92.63,93.09,93.48,93.76,94.02,94.28,94.57,94.85,95.09,95.30,95.51,95.75,95.97,96.20,96.41,96.58,96.75,96.90,97.05,97.20,97.36,97.49,97.64,97.76,97.87,97.99,98.15,98.34,98.58,98.76,98.88,98.95,99.06,99.18,99.29,99.37,99.47,99.58,99.69,99.70,99.70,99.72,99.77,99.78,99.83,99.95,99.99,100.00,100.00,100.00,100.00,100.00,100.00,100.00,100.00,100.00,100.00,100.00,100.00
45.67
RUSBoost
0.14,22.32,29.05,33.57,36.25,38.20,39.76,41.09,41.85,42.51,43.09,43.58,43.96,44.25,44.52,44.81,45.11,45.39,45.61,45.76,45.98,47.00,49.30,53.31,57.95,63.67,68.76,72.87,76.07,78.59,80.64,82.40,83.90,85.18,86.23,87.11,87.93,88.74,89.62,90.48,91.32,92.05,92.62,93.12,93.48,93.80,94.06,94.33,94.62,94.90,95.14,95.37,95.59,95.81,96.03,96.27,96.48,96.64,96.80,96.95,97.12,97.26,97.41,97.52,97.65,97.80,97.88,98.00,98.15,98.35,98.58,98.78,98.90,98.97,99.07,99.19,99.29,99.37,99.46,99.58,99.68,99.69,99.69,99.71,99.77,99.78,99.84,99.95,100.00,100.00,100.00,100.00,100.00,100.00,100.00,100.00,100.00,100.00,100.00,100.00,100.00
45.98
SmoteBoost
0.11,21.00,27.36,31.55,33.78,35.61,37.13,37.96,38.65,39.14,39.51,39.79,40.03,40.31,40.57,40.78,41.23,42.00,43.55,46.86,52.24,58.23,63.87,68.66,72.09,74.95,77.30,79.27,80.97,82.43,83.67,84.77,85.74,86.57,87.43,88.29,89.16,89.98,90.68,91.32,91.81,92.25,92.57,92.84,93.13,93.41,93.71,94.00,94.24,94.43,94.67,94.96,95.25,95.49,95.73,95.95,96.14,96.32,96.46,96.66,96.85,97.00,97.15,97.32,97.52,97.67,97.82,97.97,98.15,98.35,98.53,98.66,98.76,98.85,98.98,99.10,99.17,99.28,99.40,99.50,99.55,99.55,99.55,99.62,99.71,99.74,99.83,99.92,99.99,100.00,100.00,100.00,100.00,100.00,100.00,100.00,100.00,100.00,100.00,100.00,100.00
52.24
