Simple
0.30,38.06,49.10,56.02,61.14,64.59,67.38,69.55,71.69,73.30,74.60,75.62,76.44,77.18,77.69,78.24,78.77,79.26,79.70,80.04,80.34,80.61,80.83,81.24,82.01,84.00,87.31,90.04,91.47,92.27,93.11,93.92,94.63,95.24,95.76,96.09,96.37,96.64,96.85,97.06,97.38,97.72,97.90,98.02,98.09,98.18,98.25,98.30,98.41,98.52,98.61,98.69,98.73,98.78,98.86,98.97,99.03,99.05,99.10,99.13,99.16,99.22,99.32,99.41,99.48,99.53,99.55,99.59,99.64,99.65,99.68,99.73,99.82,99.84,99.86,99.87,99.89,99.91,99.92,99.93,99.97,99.98,99.98,99.98,99.98,99.98,99.98,100.00,100.00,100.00,100.00,100.00,100.00,100.00,100.00,100.00,100.00,100.00,100.00,100.00,100.00
80.34
ROS
0.29,36.38,47.76,55.15,60.34,64.09,67.10,69.50,71.40,73.36,74.69,75.90,76.88,77.70,78.40,79.01,79.49,79.90,80.36,80.82,81.26,81.63,81.90,82.15,82.41,82.63,82.94,83.40,84.68,86.54,89.10,91.23,92.56,93.45,94.25,94.94,95.55,96.00,96.39,96.67,96.91,97.14,97.40,97.66,97.93,98.12,98.24,98.34,98.40,98.46,98.55,98.65,98.74,98.81,98.87,98.91,98.97,99.05,99.11,99.16,99.20,99.24,99.28,99.34,99.40,99.48,99.53,99.57,99.61,99.64,99.67,99.69,99.75,99.80,99.83,99.84,99.86,99.88,99.89,99.91,99.95,99.97,99.97,99.97,99.97,99.98,99.98,100.00,100.00,100.00,100.00,100.00,100.00,100.00,100.00,100.00,100.00,100.00,100.00,100.00,100.00
81.26
RUS
0.31,35.81,47.89,55.27,61.01,65.12,68.30,70.99,73.19,74.99,76.80,78.27,79.20,80.32,81.18,81.95,82.61,83.24,83.70,84.11,84.46,84.86,85.28,85.67,86.07,86.37,86.57,86.81,87.06,87.28,87.48,87.69,88.08,89.06,90.68,92.50,94.01,94.89,95.57,96.17,96.67,97.09,97.40,97.64,97.82,97.97,98.15,98.38,98.61,98.75,98.85,98.89,98.95,99.01,99.11,99.21,99.27,99.31,99.34,99.40,99.44,99.47,99.50,99.52,99.55,99.59,99.64,99.70,99.74,99.78,99.81,99.83,99.85,99.87,99.90,99.93,99.94,99.95,99.95,99.96,99.97,99.99,99.99,99.99,99.99,99.99,99.99,100.00,100.00,100.00,100.00,100.00,100.00,100.00,100.00,100.00,100.00,100.00,100.00,100.00,100.00
84.46
Smote
0.30,38.80,50.25,57.69,62.89,66.58,69.44,71.88,74.00,75.80,77.21,78.33,79.24,80.06,80.72,81.19,81.72,82.25,82.74,83.16,83.51,83.81,84.10,84.33,84.57,85.09,86.62,89.16,91.52,92.93,93.76,94.45,95.13,95.75,96.34,96.73,96.99,97.21,97.41,97.54,97.74,98.02,98.27,98.43,98.53,98.60,98.67,98.72,98.78,98.89,98.98,99.05,99.09,99.11,99.14,99.21,99.28,99.31,99.34,99.37,99.39,99.40,99.45,99.54,99.64,99.69,99.71,99.73,99.77,99.78,99.79,99.82,99.87,99.89,99.90,99.91,99.93,99.94,99.94,99.96,99.99,99.99,99.99,99.99,99.99,99.99,99.99,100.00,100.00,100.00,100.00,100.00,100.00,100.00,100.00,100.00,100.00,100.00,100.00,100.00,100.00
83.51
Bag
0.30,37.87,48.86,55.79,60.84,64.26,67.02,69.17,71.32,72.91,74.21,75.21,76.01,76.72,77.22,77.78,78.32,78.82,79.21,79.53,79.84,80.08,80.31,80.55,81.57,84.12,87.53,89.98,91.28,92.13,92.96,93.77,94.50,95.13,95.59,95.91,96.22,96.46,96.63,96.89,97.25,97.57,97.78,97.89,97.97,98.04,98.11,98.19,98.30,98.43,98.54,98.60,98.63,98.68,98.80,98.92,98.98,99.03,99.06,99.10,99.14,99.19,99.30,99.42,99.50,99.52,99.56,99.60,99.65,99.66,99.67,99.73,99.82,99.85,99.88,99.88,99.90,99.91,99.92,99.94,99.98,99.99,99.99,99.99,99.99,99.99,99.99,100.00,100.00,100.00,100.00,100.00,100.00,100.00,100.00,100.00,100.00,100.00,100.00,100.00,100.00
79.84
ROSBag
0.31,39.32,51.52,59.18,64.61,68.74,71.91,74.47,76.47,78.58,80.06,81.41,82.50,83.37,84.19,84.84,85.29,85.80,86.34,86.84,87.30,87.67,87.97,88.26,88.52,88.74,88.96,89.40,90.93,93.33,94.90,95.61,96.14,96.65,97.12,97.55,97.95,98.17,98.29,98.42,98.47,98.55,98.75,98.97,99.09,99.15,99.18,99.22,99.24,99.28,99.39,99.44,99.48,99.50,99.51,99.52,99.56,99.58,99.60,99.61,99.62,99.62,99.65,99.67,99.73,99.81,99.83,99.85,99.86,99.88,99.88,99.89,99.92,99.93,99.94,99.94,99.94,99.95,99.95,99.97,99.99,99.99,99.99,99.99,99.99,99.99,99.99,100.00,100.00,100.00,100.00,100.00,100.00,100.00,100.00,100.00,100.00,100.00,100.00,100.00,100.00
87.3
RUSBag
0.32,37.65,50.40,58.17,64.03,68.51,71.81,74.59,76.84,78.64,80.54,82.07,83.07,84.24,85.22,85.99,86.70,87.26,87.76,88.18,88.56,88.90,89.33,89.74,90.18,90.49,90.70,90.96,91.23,91.45,91.65,91.83,92.16,93.01,94.52,95.90,96.61,97.09,97.50,97.87,98.19,98.46,98.64,98.77,98.83,98.87,98.99,99.19,99.32,99.39,99.42,99.43,99.45,99.51,99.60,99.66,99.68,99.69,99.69,99.71,99.74,99.75,99.76,99.76,99.76,99.78,99.81,99.86,99.88,99.89,99.90,99.92,99.93,99.94,99.96,99.97,99.97,99.98,99.98,99.98,99.99,100.00,100.00,100.00,100.00,100.00,100.00,100.00,100.00,100.00,100.00,100.00,100.00,100.00,100.00,100.00,100.00,100.00,100.00,100.00,100.00
88.56
SmoteBag
0.31,39.72,51.82,59.45,64.77,68.89,71.81,74.49,76.56,78.58,80.05,81.30,82.32,83.13,83.93,84.49,84.98,85.51,86.06,86.55,86.96,87.26,87.58,87.85,88.09,88.30,88.61,89.76,92.26,94.14,95.05,95.60,96.13,96.61,97.10,97.58,97.89,98.02,98.17,98.32,98.39,98.55,98.77,98.94,99.03,99.07,99.11,99.18,99.21,99.28,99.38,99.42,99.45,99.47,99.47,99.50,99.54,99.56,99.57,99.59,99.60,99.61,99.63,99.66,99.73,99.80,99.82,99.84,99.86,99.88,99.88,99.89,99.92,99.93,99.94,99.94,99.95,99.95,99.95,99.97,99.99,99.99,99.99,99.99,99.99,99.99,99.99,100.00,100.00,100.00,100.00,100.00,100.00,100.00,100.00,100.00,100.00,100.00,100.00,100.00,100.00
86.96
Boost
0.31,39.38,51.12,58.70,64.04,67.93,70.79,73.39,75.53,77.47,78.90,80.08,81.06,81.88,82.62,83.10,83.65,84.20,84.72,85.18,85.53,85.85,86.14,86.39,86.61,86.85,87.67,90.25,92.80,94.14,94.80,95.44,95.98,96.48,96.97,97.39,97.58,97.76,97.99,98.13,98.25,98.49,98.72,98.84,98.90,98.94,99.02,99.06,99.09,99.20,99.26,99.32,99.35,99.36,99.37,99.42,99.46,99.48,99.50,99.53,99.55,99.56,99.58,99.62,99.70,99.76,99.78,99.80,99.83,99.84,99.85,99.86,99.89,99.91,99.92,99.92,99.93,99.94,99.94,99.96,99.99,99.99,99.99,99.99,99.99,99.99,99.99,100.00,100.00,100.00,100.00,100.00,100.00,100.00,100.00,100.00,100.00,100.00,100.00,100.00,100.00
85.53
ROSBoost
0.31,39.44,51.16,58.76,64.13,68.03,70.89,73.50,75.64,77.57,79.03,80.21,81.20,82.01,82.75,83.25,83.80,84.35,84.86,85.30,85.67,85.98,86.28,86.55,86.77,87.04,87.96,90.41,92.86,94.22,94.87,95.51,96.04,96.55,96.99,97.42,97.62,97.80,98.03,98.17,98.30,98.50,98.75,98.85,98.91,98.95,99.01,99.05,99.08,99.19,99.26,99.30,99.33,99.35,99.36,99.40,99.44,99.46,99.49,99.51,99.52,99.55,99.57,99.61,99.69,99.75,99.77,99.79,99.82,99.84,99.84,99.86,99.90,99.91,99.92,99.92,99.94,99.95,99.95,99.97,99.99,99.99,99.99,99.99,99.99,99.99,99.99,100.00,100.00,100.00,100.00,100.00,100.00,100.00,100.00,100.00,100.00,100.00,100.00,100.00,100.00
85.67
RUSBoost
0.30,39.41,51.12,58.69,64.00,67.89,70.76,73.35,75.50,77.41,78.87,80.04,81.03,81.84,82.60,83.07,83.63,84.20,84.70,85.15,85.52,85.83,86.11,86.36,86.60,87.01,88.05,90.43,92.79,94.04,94.81,95.43,96.00,96.49,96.97,97.36,97.57,97.77,97.98,98.12,98.26,98.47,98.70,98.80,98.87,98.93,99.00,99.03,99.07,99.17,99.23,99.28,99.32,99.34,99.35,99.38,99.42,99.45,99.47,99.49,99.51,99.53,99.56,99.60,99.68,99.74,99.75,99.77,99.80,99.82,99.83,99.85,99.88,99.90,99.91,99.91,99.92,99.94,99.94,99.95,99.98,99.98,99.98,99.98,99.98,99.99,99.99,100.00,100.00,100.00,100.00,100.00,100.00,100.00,100.00,100.00,100.00,100.00,100.00,100.00,100.00
85.52
SmoteBoost
0.31,39.43,51.22,58.82,64.14,68.03,70.89,73.50,75.63,77.56,79.00,80.18,81.18,81.99,82.72,83.22,83.77,84.30,84.80,85.28,85.64,85.95,86.25,86.50,86.73,87.05,87.90,90.10,92.63,94.05,94.75,95.35,95.92,96.43,96.91,97.33,97.55,97.73,97.96,98.11,98.23,98.45,98.68,98.81,98.89,98.93,99.00,99.04,99.07,99.16,99.24,99.29,99.33,99.34,99.36,99.39,99.43,99.46,99.49,99.51,99.53,99.55,99.57,99.61,99.68,99.76,99.77,99.80,99.82,99.84,99.84,99.86,99.88,99.91,99.92,99.92,99.94,99.95,99.95,99.97,99.99,99.99,99.99,99.99,99.99,100.00,100.00,100.00,100.00,100.00,100.00,100.00,100.00,100.00,100.00,100.00,100.00,100.00,100.00,100.00,100.00
85.64
