Simple
0.00,22.10,29.05,33.69,37.17,39.68,41.53,43.32,44.66,45.64,46.59,47.43,48.17,48.75,49.32,49.85,50.36,50.75,51.00,51.09,51.12,51.16,51.29,51.48,51.91,52.59,53.35,54.50,55.94,57.68,59.74,62.05,64.44,67.02,69.51,71.86,73.95,75.85,77.58,79.19,80.62,81.90,83.07,84.12,85.11,85.97,86.74,87.39,88.02,88.54,89.10,89.55,90.07,90.56,91.02,91.49,91.99,92.44,92.90,93.32,93.72,94.13,94.51,94.83,95.09,95.39,95.67,95.96,96.17,96.39,96.61,96.85,97.04,97.24,97.43,97.65,97.85,98.04,98.23,98.43,98.61,98.77,98.92,99.03,99.15,99.24,99.31,99.38,99.46,99.52,99.58,99.65,99.66,99.75,99.81,99.83,99.83,99.99,100.00,100.00,100.00
51.12
ROS
0.00,21.18,29.01,34.31,38.64,41.74,44.60,46.70,48.47,50.06,51.75,53.15,54.20,54.92,55.66,56.44,57.29,58.04,58.64,59.19,59.70,60.21,60.73,61.22,61.60,61.86,61.98,62.02,62.04,62.08,62.14,62.23,62.34,62.42,62.53,62.74,63.19,63.80,64.71,65.92,67.60,69.66,72.03,74.33,76.55,78.68,80.61,82.41,83.99,85.34,86.51,87.54,88.49,89.34,90.07,90.70,91.24,91.73,92.17,92.60,92.99,93.36,93.73,94.08,94.45,94.83,95.21,95.57,95.84,96.16,96.45,96.72,96.95,97.20,97.40,97.60,97.81,97.97,98.14,98.31,98.47,98.61,98.74,98.89,99.06,99.21,99.34,99.41,99.50,99.56,99.63,99.69,99.73,99.77,99.81,99.83,99.83,99.98,99.99,99.99,100.00
59.7
RUS
0.00,19.27,27.07,33.20,37.86,42.22,45.71,48.42,50.81,53.18,55.02,56.62,58.13,59.62,60.98,62.50,63.71,64.67,65.47,66.01,66.62,67.25,67.81,68.42,69.10,69.71,70.31,70.86,71.32,71.77,72.21,72.64,73.06,73.49,73.91,74.24,74.44,74.57,74.64,74.70,74.73,74.74,74.78,74.83,74.92,75.01,75.11,75.25,75.39,75.50,75.58,75.81,76.29,76.96,77.76,79.03,80.51,82.30,84.33,86.25,87.97,89.56,90.85,91.96,92.88,93.60,94.18,94.71,95.15,95.49,95.80,96.10,96.38,96.61,96.83,97.09,97.29,97.49,97.72,97.93,98.13,98.33,98.53,98.67,98.81,98.96,99.07,99.19,99.30,99.39,99.52,99.63,99.72,99.80,99.84,99.89,99.90,99.97,99.98,99.98,100.00
66.62
Smote
0.00,21.12,28.63,34.04,37.77,40.87,43.57,45.50,47.16,48.78,50.47,51.71,52.57,53.36,54.24,55.06,55.75,56.35,56.92,57.44,57.94,58.45,58.84,59.09,59.21,59.24,59.26,59.30,59.40,59.56,59.76,60.27,60.88,61.65,62.65,63.91,65.56,67.76,70.11,72.38,74.73,77.02,79.10,80.93,82.52,83.90,85.14,86.33,87.37,88.28,89.08,89.79,90.39,90.90,91.42,91.78,92.19,92.62,92.97,93.30,93.72,94.09,94.44,94.81,95.13,95.44,95.78,96.06,96.32,96.57,96.80,97.03,97.25,97.44,97.63,97.83,98.02,98.20,98.35,98.49,98.64,98.80,98.96,99.11,99.24,99.32,99.41,99.46,99.53,99.59,99.63,99.68,99.70,99.75,99.82,99.84,99.84,100.00,100.00,100.00,100.00
57.94
Bag
0.00,22.58,29.55,34.04,37.41,39.74,41.59,43.34,44.58,45.60,46.54,47.32,47.95,48.57,49.06,49.59,50.08,50.47,50.68,50.73,50.74,50.77,50.84,50.89,50.93,50.99,51.17,51.51,51.95,52.75,53.93,55.74,58.11,60.93,63.97,66.79,69.45,71.81,74.05,75.97,77.72,79.24,80.66,81.96,83.25,84.40,85.45,86.32,87.03,87.66,88.22,88.75,89.22,89.71,90.12,90.60,91.04,91.51,91.99,92.49,92.97,93.44,93.84,94.23,94.59,94.97,95.31,95.62,95.86,96.10,96.36,96.58,96.81,96.99,97.20,97.40,97.60,97.77,97.97,98.16,98.36,98.58,98.79,98.95,99.12,99.24,99.35,99.43,99.53,99.59,99.63,99.66,99.67,99.73,99.80,99.83,99.83,100.00,100.00,100.00,100.00
50.74
ROSBag
0.00,22.29,30.32,35.40,40.12,43.32,46.29,48.59,50.44,52.23,53.64,55.45,56.86,57.88,58.59,59.41,60.20,61.11,61.84,62.53,63.08,63.61,64.12,64.60,65.13,65.63,65.98,66.21,66.33,66.35,66.36,66.41,66.51,66.63,66.70,66.75,66.84,66.86,66.88,66.94,67.07,67.42,67.97,68.68,69.94,72.55,75.58,78.28,80.53,82.56,84.52,86.35,87.76,88.74,89.56,90.42,91.27,92.12,92.79,93.30,93.69,94.07,94.40,94.71,95.03,95.30,95.54,95.80,96.05,96.45,96.81,96.98,97.21,97.52,97.82,97.97,98.08,98.36,98.62,98.73,98.81,98.99,99.11,99.16,99.22,99.32,99.49,99.68,99.81,99.87,99.91,99.93,99.95,99.95,99.95,99.96,99.96,100.00,100.00,100.00,100.00
63.08
RUSBag
0.00,20.01,27.52,33.54,38.64,42.75,47.50,50.18,52.73,54.96,57.32,59.18,60.69,62.36,63.59,64.95,66.38,67.95,69.19,70.06,71.12,71.54,72.04,72.66,73.20,73.79,74.34,74.94,75.67,76.21,76.88,77.31,77.75,78.23,78.66,79.11,79.51,80.01,80.48,80.79,80.97,81.09,81.17,81.26,81.29,81.29,81.29,81.30,81.38,81.48,81.60,81.67,81.75,81.81,81.84,81.84,81.85,81.91,81.99,82.02,82.30,83.77,86.72,89.48,91.66,93.42,94.82,95.83,96.38,96.73,97.08,97.40,97.62,97.76,97.91,98.10,98.32,98.47,98.55,98.60,98.72,98.79,98.85,98.99,99.11,99.30,99.45,99.52,99.62,99.66,99.68,99.77,99.93,99.99,100.00,100.00,100.00,100.00,100.00,100.00,100.00
71.12
SmoteBag
0.00,21.66,29.10,34.44,38.51,41.71,44.57,46.44,48.14,49.81,51.65,53.20,54.39,55.19,56.08,56.97,57.77,58.49,59.06,59.65,60.15,60.64,61.18,61.65,61.99,62.18,62.23,62.23,62.26,62.35,62.41,62.48,62.54,62.57,62.61,62.69,62.83,63.12,63.70,64.75,66.54,69.58,72.82,75.69,78.11,80.34,82.34,84.12,85.52,86.70,87.71,88.69,89.73,90.65,91.38,91.94,92.34,92.74,93.14,93.46,93.80,94.14,94.43,94.75,95.06,95.35,95.74,96.09,96.29,96.65,96.93,97.21,97.37,97.55,97.74,98.04,98.20,98.30,98.45,98.61,98.73,98.84,98.95,99.08,99.28,99.46,99.58,99.63,99.68,99.72,99.76,99.77,99.78,99.79,99.83,99.83,99.83,100.00,100.00,100.00,100.00
60.15
Boost
0.00,22.10,29.46,34.68,38.28,41.26,43.28,45.09,46.89,48.21,49.18,50.10,51.01,51.77,52.36,52.99,53.52,54.06,54.55,54.93,55.11,55.15,55.16,55.18,55.30,55.53,55.96,56.58,57.60,58.97,60.81,62.86,65.09,67.64,70.33,72.72,74.96,76.92,78.75,80.38,81.81,83.14,84.29,85.38,86.32,87.23,87.99,88.68,89.22,89.76,90.18,90.66,91.05,91.50,91.88,92.34,92.76,93.16,93.57,94.00,94.37,94.75,95.03,95.32,95.61,95.93,96.15,96.37,96.56,96.77,96.99,97.17,97.34,97.52,97.72,97.88,98.08,98.25,98.41,98.59,98.76,98.92,99.04,99.14,99.23,99.31,99.38,99.41,99.46,99.51,99.53,99.61,99.61,99.75,99.81,99.82,99.82,100.00,100.00,100.00,100.00
55.11
ROSBoost
0.00,21.94,29.57,34.74,38.42,41.46,43.56,45.36,47.16,48.62,49.59,50.49,51.39,52.20,52.84,53.43,54.01,54.55,55.07,55.50,55.77,55.89,55.91,55.92,56.00,56.34,56.84,57.49,58.62,60.21,62.07,64.22,66.59,69.14,71.52,73.80,75.88,77.77,79.46,81.03,82.42,83.64,84.75,85.78,86.73,87.52,88.26,88.90,89.45,89.99,90.48,90.91,91.35,91.80,92.18,92.61,93.05,93.46,93.84,94.19,94.58,94.91,95.23,95.51,95.79,96.07,96.31,96.50,96.72,96.94,97.12,97.30,97.48,97.66,97.84,98.03,98.19,98.39,98.58,98.71,98.87,98.99,99.10,99.18,99.27,99.32,99.38,99.40,99.43,99.49,99.53,99.62,99.63,99.77,99.82,99.83,99.83,100.00,100.00,100.00,100.00
55.77
RUSBoost
0.00,21.82,29.40,34.56,38.20,41.19,43.29,45.07,46.84,48.21,49.16,50.03,50.93,51.70,52.35,52.95,53.53,54.06,54.56,54.94,55.17,55.29,55.35,55.48,55.70,56.31,57.09,58.01,59.43,61.35,63.46,65.77,68.22,70.48,72.63,74.71,76.68,78.44,80.01,81.45,82.79,83.99,85.13,86.08,86.90,87.64,88.30,88.89,89.42,89.99,90.48,90.93,91.42,91.88,92.29,92.74,93.20,93.63,93.99,94.37,94.66,95.00,95.33,95.62,95.86,96.12,96.35,96.57,96.80,97.01,97.19,97.36,97.53,97.72,97.89,98.06,98.24,98.43,98.59,98.74,98.86,98.97,99.08,99.15,99.24,99.29,99.35,99.38,99.43,99.49,99.54,99.62,99.62,99.77,99.80,99.81,99.81,99.99,99.99,100.00,100.00
55.17
SmoteBoost
0.00,21.99,29.68,34.87,38.54,41.62,43.73,45.53,47.34,48.82,49.82,50.71,51.62,52.45,53.11,53.68,54.28,54.81,55.34,55.79,56.07,56.21,56.23,56.23,56.25,56.35,56.70,57.18,57.91,59.16,60.77,62.69,65.01,67.31,69.59,71.89,74.10,76.16,77.99,79.65,81.21,82.60,83.84,85.02,86.01,86.92,87.74,88.42,89.03,89.59,90.10,90.55,91.06,91.50,91.94,92.33,92.79,93.20,93.61,93.99,94.36,94.70,95.04,95.34,95.61,95.89,96.14,96.39,96.61,96.83,97.02,97.22,97.39,97.56,97.72,97.92,98.10,98.31,98.46,98.62,98.78,98.91,99.05,99.16,99.25,99.31,99.37,99.39,99.44,99.50,99.53,99.62,99.62,99.75,99.81,99.82,99.82,100.00,100.00,100.00,100.00
56.07
