Simple
0.13,26.83,36.45,42.29,46.56,50.05,53.04,55.74,58.25,60.51,62.35,64.32,66.11,67.81,69.35,70.80,72.24,73.53,74.78,75.97,77.16,78.29,79.37,80.31,81.25,82.06,82.89,83.60,84.36,85.02,85.62,86.14,86.62,87.03,87.35,87.63,87.85,88.04,88.24,88.69,89.30,90.55,91.78,92.71,93.55,94.18,94.68,95.08,95.39,95.65,95.87,96.11,96.37,96.63,96.90,97.11,97.28,97.43,97.63,97.79,97.94,98.09,98.19,98.29,98.39,98.53,98.62,98.71,98.78,98.87,98.91,98.94,99.00,99.09,99.20,99.27,99.31,99.35,99.40,99.44,99.46,99.48,99.51,99.55,99.62,99.67,99.70,99.73,99.77,99.79,99.82,99.83,99.86,99.87,99.89,99.91,99.91,99.92,99.93,99.98,100.00
77.16
ROS
0.13,26.20,36.03,42.03,46.37,49.77,52.73,55.41,57.91,60.31,62.14,64.05,65.91,67.62,69.17,70.64,72.00,73.37,74.61,75.78,76.94,78.10,79.21,80.23,81.21,82.12,82.93,83.68,84.42,85.07,85.74,86.32,86.88,87.38,87.88,88.26,88.61,88.90,89.10,89.29,89.48,89.66,89.93,90.43,91.28,92.35,93.30,94.08,94.73,95.25,95.64,95.93,96.17,96.40,96.63,96.86,97.09,97.30,97.50,97.67,97.83,98.00,98.15,98.30,98.39,98.48,98.57,98.68,98.79,98.88,98.94,99.01,99.05,99.10,99.16,99.25,99.32,99.38,99.42,99.46,99.49,99.52,99.54,99.57,99.59,99.64,99.68,99.71,99.75,99.78,99.79,99.82,99.84,99.86,99.88,99.91,99.92,99.92,99.93,99.98,100.00
76.94
RUS
0.13,26.37,36.39,42.55,47.00,50.41,53.47,56.18,58.69,61.07,63.13,64.89,66.78,68.44,70.10,71.61,72.96,74.35,75.60,76.80,77.95,79.08,80.23,81.29,82.32,83.23,84.15,84.91,85.64,86.33,86.98,87.62,88.20,88.73,89.23,89.71,90.12,90.44,90.72,90.92,91.12,91.30,91.45,91.66,91.98,92.66,93.48,94.30,94.98,95.55,96.02,96.37,96.64,96.88,97.05,97.22,97.42,97.61,97.77,97.92,98.07,98.20,98.36,98.50,98.60,98.69,98.76,98.85,98.95,99.03,99.09,99.15,99.19,99.22,99.27,99.34,99.42,99.47,99.51,99.54,99.58,99.60,99.62,99.63,99.65,99.70,99.74,99.77,99.79,99.82,99.84,99.86,99.87,99.88,99.90,99.91,99.93,99.93,99.93,99.97,100.00
77.95
Smote
0.13,27.01,36.71,42.70,46.97,50.52,53.55,56.25,58.73,61.10,62.88,64.84,66.64,68.39,69.98,71.39,72.83,74.13,75.38,76.56,77.76,78.91,79.99,81.02,81.95,82.79,83.59,84.37,85.08,85.78,86.41,86.96,87.46,87.94,88.32,88.64,88.88,89.10,89.30,89.46,89.75,90.51,91.63,92.66,93.48,94.19,94.77,95.24,95.60,95.88,96.11,96.31,96.52,96.79,97.06,97.30,97.46,97.60,97.75,97.91,98.08,98.24,98.36,98.45,98.54,98.64,98.75,98.83,98.90,98.99,99.03,99.05,99.09,99.16,99.28,99.37,99.40,99.43,99.48,99.53,99.55,99.57,99.59,99.62,99.68,99.73,99.75,99.78,99.79,99.80,99.83,99.85,99.86,99.87,99.89,99.90,99.91,99.91,99.92,99.98,100.00
77.76
Bag
0.13,26.86,36.65,42.52,46.77,50.30,53.35,56.02,58.57,60.91,62.65,64.61,66.44,68.20,69.78,71.19,72.62,73.95,75.22,76.39,77.58,78.76,79.77,80.83,81.75,82.63,83.36,84.17,84.87,85.62,86.28,86.86,87.37,87.84,88.26,88.60,88.86,89.05,89.25,89.42,89.68,90.51,91.81,92.77,93.65,94.35,94.93,95.41,95.79,96.06,96.21,96.37,96.58,96.82,97.05,97.26,97.44,97.62,97.77,97.95,98.13,98.27,98.36,98.43,98.54,98.67,98.77,98.82,98.90,98.98,99.00,99.01,99.06,99.18,99.31,99.37,99.39,99.43,99.50,99.53,99.56,99.57,99.58,99.61,99.69,99.73,99.75,99.77,99.79,99.79,99.83,99.84,99.84,99.86,99.88,99.88,99.88,99.88,99.89,99.99,100.00
77.58
ROSBag
0.13,27.37,37.52,43.68,48.19,51.57,54.79,57.59,60.13,62.56,64.73,66.39,68.31,70.06,71.79,73.33,74.72,76.12,77.44,78.70,79.83,81.02,82.18,83.25,84.29,85.27,86.23,86.97,87.67,88.46,89.13,89.87,90.50,91.09,91.61,92.09,92.52,92.87,93.15,93.31,93.50,93.72,93.87,94.03,94.29,94.73,95.39,96.06,96.53,96.94,97.29,97.61,97.81,97.96,98.07,98.17,98.29,98.42,98.52,98.62,98.73,98.84,98.97,99.10,99.17,99.21,99.25,99.30,99.35,99.39,99.42,99.44,99.46,99.48,99.51,99.58,99.66,99.71,99.74,99.75,99.76,99.78,99.79,99.80,99.82,99.84,99.88,99.91,99.92,99.93,99.93,99.94,99.94,99.95,99.95,99.96,99.96,99.96,99.96,99.99,100.00
79.83
RUSBag
0.13,27.09,37.43,43.86,48.27,51.67,54.94,57.73,60.29,62.69,64.98,66.52,68.47,70.25,72.00,73.52,74.98,76.31,77.72,78.95,80.10,81.22,82.39,83.55,84.53,85.58,86.48,87.42,88.09,88.80,89.53,90.19,90.90,91.52,92.07,92.58,93.06,93.48,93.83,94.13,94.29,94.46,94.69,94.85,94.98,95.09,95.33,95.74,96.33,96.82,97.21,97.54,97.82,98.02,98.19,98.30,98.38,98.49,98.59,98.68,98.76,98.85,98.98,99.08,99.18,99.27,99.32,99.34,99.38,99.44,99.48,99.51,99.54,99.55,99.56,99.60,99.65,99.72,99.76,99.78,99.79,99.81,99.83,99.83,99.84,99.85,99.88,99.92,99.94,99.95,99.96,99.96,99.96,99.97,99.97,99.98,99.98,99.98,99.98,99.99,100.00
80.1
SmoteBag
0.13,27.75,37.66,43.85,48.27,51.80,54.96,57.70,60.29,62.73,64.55,66.52,68.42,70.22,71.83,73.34,74.80,76.22,77.48,78.71,79.90,81.09,82.22,83.32,84.29,85.26,86.06,86.85,87.63,88.38,89.09,89.71,90.27,90.78,91.23,91.62,91.95,92.17,92.37,92.58,92.75,92.90,93.22,93.90,94.67,95.31,95.85,96.31,96.72,97.05,97.31,97.46,97.58,97.70,97.85,98.00,98.11,98.23,98.36,98.50,98.64,98.78,98.89,98.95,99.01,99.09,99.16,99.21,99.24,99.27,99.31,99.33,99.34,99.38,99.47,99.56,99.61,99.63,99.66,99.70,99.73,99.74,99.75,99.76,99.79,99.85,99.89,99.90,99.91,99.91,99.92,99.92,99.93,99.93,99.93,99.94,99.94,99.94,99.94,99.99,100.00
79.9
Boost
0.13,27.58,37.43,43.63,48.00,51.57,54.62,57.38,59.95,62.37,64.30,66.26,68.08,69.83,71.43,72.87,74.34,75.69,76.99,78.20,79.41,80.58,81.68,82.74,83.67,84.55,85.38,86.21,86.93,87.66,88.30,88.89,89.41,89.89,90.30,90.63,90.91,91.14,91.36,91.53,91.67,92.02,92.90,93.83,94.65,95.27,95.81,96.25,96.57,96.81,97.03,97.21,97.35,97.52,97.69,97.90,98.04,98.18,98.32,98.49,98.64,98.77,98.85,98.92,98.98,99.04,99.13,99.17,99.21,99.27,99.31,99.33,99.35,99.41,99.51,99.62,99.68,99.70,99.71,99.74,99.75,99.77,99.77,99.79,99.81,99.85,99.87,99.89,99.90,99.91,99.92,99.93,99.93,99.94,99.95,99.96,99.96,99.96,99.96,100.00,100.00
79.41
ROSBoost
0.13,27.77,37.62,43.90,48.31,51.88,54.88,57.65,60.23,62.68,64.69,66.67,68.49,70.25,71.84,73.31,74.78,76.17,77.46,78.71,79.92,81.09,82.21,83.27,84.20,85.09,85.94,86.77,87.48,88.21,88.87,89.46,89.99,90.47,90.87,91.19,91.49,91.73,91.96,92.12,92.33,92.76,93.47,94.40,95.05,95.68,96.20,96.60,96.86,97.06,97.26,97.42,97.57,97.73,97.89,98.03,98.15,98.27,98.41,98.55,98.69,98.81,98.90,98.96,99.02,99.08,99.15,99.20,99.24,99.28,99.31,99.33,99.37,99.43,99.55,99.64,99.69,99.71,99.73,99.76,99.77,99.78,99.79,99.80,99.83,99.87,99.89,99.90,99.91,99.92,99.93,99.94,99.94,99.95,99.95,99.96,99.96,99.96,99.97,100.00,100.00
79.92
RUSBoost
0.13,27.76,37.67,43.94,48.35,51.92,54.94,57.72,60.29,62.72,64.70,66.67,68.48,70.25,71.83,73.29,74.78,76.15,77.43,78.67,79.88,81.06,82.15,83.23,84.15,85.03,85.90,86.69,87.42,88.13,88.79,89.37,89.89,90.36,90.76,91.09,91.37,91.61,91.82,91.99,92.21,92.74,93.44,94.39,95.05,95.63,96.08,96.47,96.73,96.96,97.16,97.33,97.48,97.65,97.81,97.99,98.13,98.25,98.38,98.53,98.69,98.80,98.87,98.92,99.00,99.06,99.12,99.18,99.22,99.27,99.31,99.32,99.35,99.43,99.53,99.62,99.67,99.68,99.71,99.73,99.75,99.77,99.78,99.80,99.83,99.87,99.88,99.89,99.90,99.91,99.92,99.93,99.94,99.95,99.96,99.96,99.96,99.97,99.97,100.00,100.00
79.88
SmoteBoost
0.13,27.79,37.66,43.98,48.36,51.93,54.97,57.74,60.33,62.76,64.73,66.72,68.51,70.29,71.88,73.33,74.82,76.22,77.52,78.75,79.96,81.13,82.24,83.34,84.25,85.15,86.02,86.84,87.56,88.30,88.95,89.54,90.06,90.55,90.95,91.28,91.57,91.79,92.02,92.19,92.34,92.62,93.38,94.24,95.01,95.59,96.12,96.55,96.82,97.05,97.24,97.43,97.57,97.72,97.86,98.04,98.17,98.29,98.41,98.57,98.70,98.81,98.89,98.96,99.02,99.08,99.13,99.19,99.23,99.27,99.30,99.32,99.33,99.40,99.49,99.61,99.67,99.69,99.71,99.73,99.76,99.77,99.78,99.79,99.82,99.87,99.89,99.90,99.92,99.92,99.93,99.94,99.95,99.96,99.96,99.97,99.97,99.97,99.97,100.00,100.00
79.96
