Simple
0.00,50.58,59.72,63.23,64.80,72.84,87.41,88.65,89.16,90.03,90.28,91.27,91.49,92.71,93.33,93.37,93.67,93.67,93.67,93.67,93.74,94.17,94.20,94.20,94.23,94.70,95.11,95.28,95.81,95.84,95.84,95.84,95.84,95.84,95.84,95.87,96.31,96.53,96.53,96.74,97.34,97.35,97.36,97.56,97.63,97.63,97.63,98.03,98.04,98.27,99.21,99.21,99.21,99.35,99.41,99.55,99.55,99.56,99.56,99.56,99.56,99.56,99.56,99.58,99.58,99.60,100.00,100.00,100.00,100.00,100.00,100.00,100.00,100.00,100.00,100.00,100.00,100.00,100.00,100.00,100.00,100.00,100.00,100.00,100.00,100.00,100.00,100.00,100.00,100.00,100.00,100.00,100.00,100.00,100.00,100.00,100.00,100.00,100.00,100.00,100.00
93.74
ROS
0.00,56.65,68.99,74.20,77.14,78.36,85.37,92.49,93.17,93.39,93.87,94.05,94.42,94.55,95.50,95.52,95.62,95.67,95.68,95.68,95.68,95.79,95.84,95.84,95.84,95.89,96.49,96.56,96.70,96.91,96.91,96.91,96.91,96.91,96.91,96.91,97.12,97.27,97.27,97.30,97.88,97.96,97.96,98.01,98.11,98.11,98.11,98.37,98.51,98.53,99.53,99.56,99.56,99.61,99.65,99.66,99.66,99.66,99.66,99.66,99.66,99.66,99.66,99.66,99.66,99.67,100.00,100.00,100.00,100.00,100.00,100.00,100.00,100.00,100.00,100.00,100.00,100.00,100.00,100.00,100.00,100.00,100.00,100.00,100.00,100.00,100.00,100.00,100.00,100.00,100.00,100.00,100.00,100.00,100.00,100.00,100.00,100.00,100.00,100.00,100.00
95.68
RUS
0.00,57.37,73.37,80.42,85.37,88.84,90.98,91.85,96.07,96.57,96.86,97.10,97.14,97.33,97.35,97.79,97.84,97.86,97.89,97.89,97.89,97.89,97.95,97.97,97.97,97.97,98.07,98.39,98.39,98.42,98.43,98.43,98.43,98.43,98.43,98.43,98.43,98.54,98.56,98.56,98.72,98.95,98.95,98.95,99.00,99.00,99.00,99.02,99.28,99.28,99.79,99.86,99.86,99.86,99.89,99.90,99.90,99.90,99.90,99.90,99.90,99.90,99.90,99.90,99.90,99.91,100.00,100.00,100.00,100.00,100.00,100.00,100.00,100.00,100.00,100.00,100.00,100.00,100.00,100.00,100.00,100.00,100.00,100.00,100.00,100.00,100.00,100.00,100.00,100.00,100.00,100.00,100.00,100.00,100.00,100.00,100.00,100.00,100.00,100.00,100.00
97.89
Smote
0.00,54.06,65.20,69.31,71.68,72.81,88.22,90.30,91.23,91.73,92.21,92.92,93.10,93.58,94.53,94.53,94.80,94.81,94.81,94.81,94.81,95.08,95.09,95.09,95.09,95.25,95.86,95.88,96.18,96.31,96.31,96.31,96.31,96.31,96.31,96.31,96.69,96.89,96.89,97.00,97.68,97.70,97.71,97.82,97.88,97.88,97.88,98.26,98.30,98.39,99.47,99.50,99.50,99.54,99.61,99.68,99.68,99.68,99.68,99.68,99.68,99.68,99.68,99.69,99.69,99.69,100.00,100.00,100.00,100.00,100.00,100.00,100.00,100.00,100.00,100.00,100.00,100.00,100.00,100.00,100.00,100.00,100.00,100.00,100.00,100.00,100.00,100.00,100.00,100.00,100.00,100.00,100.00,100.00,100.00,100.00,100.00,100.00,100.00,100.00,100.00
94.81
Bag
0.00,51.91,61.63,65.24,66.95,69.94,87.99,89.15,89.91,90.72,90.98,91.84,91.89,92.58,93.53,93.53,93.77,93.77,93.77,93.77,93.79,94.21,94.21,94.21,94.21,94.49,95.03,95.21,95.76,95.77,95.77,95.77,95.77,95.77,95.77,95.78,96.25,96.56,96.56,96.64,97.38,97.38,97.39,97.60,97.77,97.77,97.77,98.18,98.18,98.23,99.38,99.38,99.38,99.44,99.56,99.59,99.59,99.59,99.59,99.59,99.59,99.59,99.59,99.59,99.59,99.59,100.00,100.00,100.00,100.00,100.00,100.00,100.00,100.00,100.00,100.00,100.00,100.00,100.00,100.00,100.00,100.00,100.00,100.00,100.00,100.00,100.00,100.00,100.00,100.00,100.00,100.00,100.00,100.00,100.00,100.00,100.00,100.00,100.00,100.00,100.00
93.79
ROSBag
0.00,59.25,72.52,78.09,81.20,82.47,85.47,94.39,94.78,94.91,95.32,95.35,95.57,95.58,96.12,96.14,96.17,96.18,96.18,96.18,96.18,96.23,96.24,96.24,96.24,96.24,96.88,96.95,96.97,97.20,97.20,97.20,97.20,97.20,97.20,97.20,97.26,97.31,97.31,97.31,97.98,98.07,98.07,98.09,98.11,98.11,98.11,98.32,98.52,98.52,99.57,99.58,99.58,99.58,99.62,99.62,99.62,99.62,99.62,99.62,99.62,99.62,99.62,99.62,99.62,99.62,100.00,100.00,100.00,100.00,100.00,100.00,100.00,100.00,100.00,100.00,100.00,100.00,100.00,100.00,100.00,100.00,100.00,100.00,100.00,100.00,100.00,100.00,100.00,100.00,100.00,100.00,100.00,100.00,100.00,100.00,100.00,100.00,100.00,100.00,100.00
96.18
RUSBag
0.00,58.09,75.82,82.98,87.98,92.01,94.77,96.32,96.94,98.27,98.51,98.56,98.57,98.60,98.60,98.60,98.77,98.77,98.77,98.77,98.77,98.77,98.77,98.77,98.77,98.77,98.77,99.17,99.17,99.17,99.17,99.17,99.17,99.17,99.17,99.17,99.17,99.20,99.20,99.20,99.22,99.35,99.35,99.35,99.35,99.35,99.35,99.35,99.70,99.70,100.00,100.00,100.00,100.00,100.00,100.00,100.00,100.00,100.00,100.00,100.00,100.00,100.00,100.00,100.00,100.00,100.00,100.00,100.00,100.00,100.00,100.00,100.00,100.00,100.00,100.00,100.00,100.00,100.00,100.00,100.00,100.00,100.00,100.00,100.00,100.00,100.00,100.00,100.00,100.00,100.00,100.00,100.00,100.00,100.00,100.00,100.00,100.00,100.00,100.00,100.00
98.77
SmoteBag
0.00,56.18,67.93,72.35,74.97,75.77,88.76,91.58,92.40,92.65,93.31,93.72,93.96,94.14,95.14,95.14,95.32,95.33,95.33,95.33,95.33,95.40,95.40,95.40,95.40,95.50,96.20,96.20,96.35,96.52,96.52,96.52,96.52,96.52,96.52,96.52,96.89,97.04,97.04,97.12,97.84,97.86,97.86,97.91,97.93,97.93,97.93,98.30,98.34,98.35,99.54,99.57,99.57,99.58,99.62,99.62,99.62,99.62,99.62,99.62,99.62,99.62,99.62,99.62,99.62,99.62,100.00,100.00,100.00,100.00,100.00,100.00,100.00,100.00,100.00,100.00,100.00,100.00,100.00,100.00,100.00,100.00,100.00,100.00,100.00,100.00,100.00,100.00,100.00,100.00,100.00,100.00,100.00,100.00,100.00,100.00,100.00,100.00,100.00,100.00,100.00
95.33
Boost
0.00,51.68,61.38,65.10,66.93,74.51,88.18,89.40,89.90,90.72,90.95,91.86,92.15,93.35,93.76,93.79,94.16,94.16,94.16,94.16,94.19,94.45,94.48,94.49,94.50,94.99,95.37,95.55,96.03,96.07,96.07,96.07,96.07,96.07,96.07,96.10,96.52,96.67,96.67,96.93,97.47,97.47,97.49,97.72,97.74,97.74,97.74,98.13,98.15,98.40,99.34,99.34,99.34,99.46,99.49,99.58,99.58,99.58,99.58,99.58,99.58,99.58,99.58,99.59,99.59,99.60,100.00,100.00,100.00,100.00,100.00,100.00,100.00,100.00,100.00,100.00,100.00,100.00,100.00,100.00,100.00,100.00,100.00,100.00,100.00,100.00,100.00,100.00,100.00,100.00,100.00,100.00,100.00,100.00,100.00,100.00,100.00,100.00,100.00,100.00,100.00
94.19
ROSBoost
0.00,52.40,62.63,66.45,68.49,72.13,88.84,90.06,90.72,91.40,91.60,92.47,92.72,93.77,94.30,94.30,94.67,94.67,94.67,94.67,94.68,94.81,94.82,94.84,94.85,95.25,95.69,95.84,96.25,96.29,96.29,96.29,96.29,96.29,96.29,96.30,96.69,96.90,96.90,97.10,97.67,97.68,97.69,97.86,97.88,97.88,97.88,98.26,98.29,98.42,99.44,99.44,99.44,99.50,99.52,99.56,99.56,99.56,99.56,99.56,99.56,99.56,99.56,99.56,99.56,99.59,100.00,100.00,100.00,100.00,100.00,100.00,100.00,100.00,100.00,100.00,100.00,100.00,100.00,100.00,100.00,100.00,100.00,100.00,100.00,100.00,100.00,100.00,100.00,100.00,100.00,100.00,100.00,100.00,100.00,100.00,100.00,100.00,100.00,100.00,100.00
94.68
RUSBoost
0.00,54.24,65.32,69.41,71.88,73.19,88.23,91.29,92.03,92.37,92.65,93.14,93.41,94.07,94.82,94.84,95.14,95.20,95.20,95.20,95.20,95.30,95.33,95.35,95.35,95.58,96.12,96.22,96.61,96.76,96.76,96.76,96.76,96.76,96.76,96.77,97.02,97.23,97.23,97.35,97.85,97.90,97.91,98.00,98.04,98.04,98.05,98.38,98.44,98.55,99.49,99.51,99.51,99.57,99.59,99.63,99.63,99.63,99.63,99.63,99.63,99.63,99.63,99.64,99.64,99.66,100.00,100.00,100.00,100.00,100.00,100.00,100.00,100.00,100.00,100.00,100.00,100.00,100.00,100.00,100.00,100.00,100.00,100.00,100.00,100.00,100.00,100.00,100.00,100.00,100.00,100.00,100.00,100.00,100.00,100.00,100.00,100.00,100.00,100.00,100.00
95.2
SmoteBoost
0.00,52.56,62.77,66.63,68.73,72.01,88.96,89.98,90.61,91.31,91.57,92.44,92.68,93.76,94.30,94.31,94.67,94.67,94.67,94.67,94.67,94.82,94.84,94.85,94.86,95.24,95.70,95.84,96.27,96.31,96.31,96.31,96.31,96.31,96.31,96.33,96.66,96.89,96.89,97.07,97.65,97.65,97.67,97.82,97.84,97.84,97.84,98.25,98.26,98.40,99.45,99.45,99.45,99.51,99.53,99.58,99.58,99.58,99.58,99.58,99.58,99.58,99.58,99.59,99.59,99.62,100.00,100.00,100.00,100.00,100.00,100.00,100.00,100.00,100.00,100.00,100.00,100.00,100.00,100.00,100.00,100.00,100.00,100.00,100.00,100.00,100.00,100.00,100.00,100.00,100.00,100.00,100.00,100.00,100.00,100.00,100.00,100.00,100.00,100.00,100.00
94.67
