Simple
0.00,6.97,10.51,13.80,15.89,17.55,19.91,22.34,24.38,25.83,27.27,28.51,29.74,31.13,32.50,33.75,34.75,35.42,36.01,36.75,37.68,38.53,39.44,40.30,41.09,41.65,42.11,42.56,43.08,43.54,44.03,44.51,44.92,45.25,45.54,45.89,46.17,46.46,46.74,47.02,47.37,47.61,47.81,48.10,48.53,49.05,49.73,51.39,54.05,56.93,59.96,63.11,66.37,69.36,71.65,73.82,75.82,77.59,79.11,80.53,81.91,83.42,84.70,85.70,86.66,87.68,88.59,89.35,90.20,91.01,91.83,92.53,93.09,93.69,94.09,94.51,94.84,95.19,95.57,95.91,96.28,96.73,97.11,97.44,97.67,97.99,98.36,98.65,98.84,98.97,99.04,99.14,99.32,99.41,99.61,99.66,99.72,99.84,99.89,99.97,100.00
37.68
ROS
0.00,6.78,11.62,14.82,17.87,21.03,23.32,24.28,26.10,28.41,30.82,32.86,34.56,36.04,37.20,38.61,39.76,41.01,42.28,43.70,45.04,46.09,46.97,47.59,48.06,48.58,49.34,50.22,51.10,51.87,52.76,53.56,54.34,54.81,55.15,55.52,55.95,56.49,57.01,57.46,57.88,58.24,58.56,58.86,59.13,59.33,59.62,59.87,60.11,60.40,60.67,60.94,61.16,61.39,61.77,62.29,63.20,64.53,66.46,68.97,71.71,74.72,77.63,80.11,82.34,84.26,86.03,87.22,88.56,89.76,90.70,91.64,92.50,93.20,93.78,94.46,95.06,95.61,96.13,96.55,96.85,97.11,97.32,97.54,97.76,98.00,98.21,98.47,98.74,99.03,99.16,99.27,99.41,99.44,99.61,99.73,99.74,99.86,99.92,99.99,100.00
45.04
RUS
0.00,7.11,11.77,16.20,19.32,21.63,24.31,27.18,30.04,31.53,32.12,33.75,35.76,37.81,39.85,41.62,43.30,44.69,45.78,46.78,47.93,49.07,50.04,51.02,52.13,53.29,54.56,55.74,56.77,57.68,58.39,58.87,59.32,59.82,60.47,61.22,61.99,62.73,63.55,64.33,65.15,65.75,66.17,66.41,66.71,67.01,67.44,67.96,68.42,68.86,69.26,69.61,69.85,70.14,70.42,70.66,70.84,71.07,71.26,71.48,71.70,71.99,72.20,72.49,72.68,72.98,73.21,73.88,74.39,75.29,76.72,78.53,80.99,83.48,86.00,88.30,90.27,91.71,92.97,93.88,94.77,95.57,96.26,96.85,97.30,97.72,98.09,98.39,98.58,98.75,98.93,99.06,99.24,99.41,99.58,99.71,99.78,99.85,99.91,99.94,100.00
47.93
Smote
0.00,7.01,11.75,14.74,18.14,21.46,23.14,24.45,26.77,29.32,31.62,33.53,35.12,36.41,37.76,39.04,40.16,41.54,42.92,44.23,45.34,46.21,46.84,47.28,47.91,48.75,49.67,50.54,51.32,52.18,52.95,53.57,53.99,54.42,54.93,55.45,55.91,56.42,56.84,57.23,57.55,57.78,58.09,58.37,58.66,58.96,59.25,59.49,59.71,59.89,60.13,60.33,61.02,62.18,63.76,66.13,68.89,72.04,75.20,77.77,80.35,82.43,84.08,85.59,86.91,88.13,89.23,90.13,91.07,91.85,92.45,93.09,93.70,94.20,94.78,95.32,95.75,96.11,96.46,96.70,96.92,97.17,97.44,97.71,97.95,98.22,98.47,98.78,98.99,99.18,99.26,99.35,99.44,99.46,99.69,99.78,99.81,99.91,99.92,99.98,100.00
45.34
Bag
0.00,6.43,10.06,13.54,15.85,17.09,19.46,22.06,24.44,26.34,27.92,29.28,30.58,31.78,33.18,34.65,36.02,37.16,38.13,38.55,38.95,39.61,40.51,41.46,42.32,43.11,44.02,44.89,45.63,45.94,46.18,46.56,46.99,47.54,48.09,48.57,49.11,49.50,49.72,49.97,50.26,50.56,50.82,51.20,51.48,51.80,52.06,52.24,52.34,52.41,52.47,52.65,53.56,56.27,59.87,63.89,67.65,71.09,74.35,76.84,78.83,80.64,82.36,83.90,85.19,86.57,88.06,89.35,90.37,91.15,91.81,92.42,93.09,93.80,94.42,95.21,95.79,96.33,96.70,97.00,97.23,97.50,97.75,97.91,98.12,98.39,98.65,98.74,98.99,99.26,99.37,99.38,99.42,99.42,99.85,99.96,99.96,99.99,99.99,100.00,100.00
38.95
ROSBag
0.00,7.47,12.65,16.23,18.82,21.98,25.42,26.53,27.71,29.97,32.53,34.96,37.07,38.89,40.34,41.56,42.85,44.23,45.49,46.69,48.15,49.61,50.97,52.09,53.08,53.50,53.72,54.17,54.93,55.91,56.81,57.46,58.21,59.18,60.04,60.83,61.08,61.15,61.40,61.90,62.44,62.97,63.54,63.97,64.42,64.82,65.05,65.22,65.48,65.70,65.82,66.08,66.42,66.73,67.04,67.31,67.52,67.58,67.58,67.58,67.62,68.28,70.38,74.01,77.78,81.18,84.35,87.12,89.09,90.32,91.46,92.61,93.47,94.37,95.27,95.76,96.25,96.68,96.91,97.18,97.56,97.94,98.20,98.30,98.34,98.35,98.37,98.43,98.70,98.92,99.01,99.35,99.52,99.52,99.55,99.89,99.89,100.00,100.00,100.00,100.00
48.15
RUSBag
0.00,7.83,12.38,17.56,20.89,22.88,25.71,28.58,31.36,33.75,34.12,34.78,36.87,38.84,40.92,43.09,44.58,46.46,47.93,48.78,49.87,50.83,52.09,53.17,54.14,54.86,56.19,57.59,58.64,59.77,60.65,61.73,62.46,62.65,63.06,63.39,64.19,65.05,65.70,66.39,67.07,67.99,68.92,69.74,70.16,70.25,70.32,70.60,71.08,71.67,72.23,72.73,73.18,73.44,73.73,74.13,74.48,74.64,74.75,74.92,75.17,75.26,75.49,75.70,76.08,76.34,76.66,76.89,77.10,77.16,77.18,77.22,77.53,78.30,80.54,83.75,86.90,89.71,92.24,93.93,94.94,95.76,96.47,97.07,97.59,98.11,98.37,98.70,99.01,99.25,99.37,99.39,99.45,99.54,99.80,99.95,99.97,99.99,100.00,100.00,100.00
49.87
SmoteBag
0.00,7.75,12.69,16.22,19.37,22.68,25.69,26.39,28.52,31.09,33.70,35.98,37.86,39.42,40.70,42.12,43.44,44.51,45.85,47.30,48.71,49.99,51.07,51.84,52.09,52.48,52.92,53.77,54.81,55.59,56.30,57.16,58.08,58.94,59.47,59.59,59.77,60.25,60.82,61.39,61.91,62.41,62.87,63.27,63.49,63.73,64.02,64.35,64.71,65.03,65.32,65.63,65.90,66.00,66.05,66.06,66.11,66.25,67.35,70.51,74.08,77.50,81.02,83.97,86.47,87.98,89.34,90.59,91.46,92.35,93.37,94.11,94.66,95.25,95.61,95.85,96.25,96.63,97.04,97.36,97.59,97.76,98.06,98.18,98.25,98.37,98.72,98.84,99.08,99.40,99.49,99.51,99.53,99.53,99.96,99.99,99.99,100.00,100.00,100.00,100.00
48.71
Boost
0.00,8.18,11.94,15.15,18.57,19.85,21.69,24.19,26.59,28.67,30.41,31.91,33.28,34.56,35.93,37.37,38.68,39.71,40.49,40.96,41.67,42.54,43.50,44.40,45.26,46.13,46.94,47.54,47.99,48.49,49.00,49.58,50.03,50.45,50.83,51.20,51.44,51.72,52.01,52.30,52.61,52.91,53.14,53.34,53.51,53.65,53.96,54.65,55.82,57.48,59.70,62.75,65.93,69.03,71.75,74.28,76.70,78.55,80.14,81.77,83.24,84.53,85.71,86.97,88.00,88.92,89.73,90.47,91.16,91.91,92.65,93.31,93.98,94.51,94.97,95.30,95.60,95.94,96.21,96.56,96.83,97.20,97.50,97.80,98.03,98.30,98.54,98.80,99.00,99.10,99.16,99.23,99.39,99.42,99.65,99.72,99.77,99.91,99.94,100.00,100.00
41.67
ROSBoost
0.00,7.87,11.94,15.04,18.51,19.97,21.70,24.11,26.53,28.49,30.30,31.77,33.20,34.45,35.77,37.20,38.43,39.46,40.24,40.88,41.59,42.44,43.37,44.23,45.11,45.84,46.56,47.07,47.58,48.16,48.65,49.08,49.53,49.91,50.24,50.57,50.87,51.16,51.45,51.75,52.09,52.49,52.80,53.22,53.92,54.75,55.81,57.44,59.99,62.46,65.18,68.15,70.92,73.56,75.65,77.56,79.32,80.85,82.22,83.48,84.62,85.74,86.81,87.80,88.61,89.47,90.17,90.91,91.65,92.30,92.93,93.46,93.89,94.28,94.66,95.01,95.32,95.68,96.00,96.42,96.76,97.06,97.46,97.75,98.05,98.34,98.54,98.69,98.85,98.98,99.05,99.18,99.34,99.43,99.58,99.63,99.73,99.91,99.94,99.97,100.00
41.59
RUSBoost
0.00,7.59,11.80,14.93,18.31,20.08,21.70,24.07,26.53,28.58,30.37,31.80,33.24,34.46,35.78,37.18,38.47,39.54,40.34,40.98,41.71,42.60,43.46,44.35,45.23,45.94,46.57,47.20,47.72,48.23,48.70,49.20,49.60,50.00,50.35,50.66,51.01,51.29,51.53,51.89,52.22,52.54,52.75,53.19,53.72,54.16,55.14,56.85,58.70,60.86,63.37,66.13,68.80,71.39,73.76,75.99,77.90,79.65,81.15,82.53,83.81,84.96,85.97,87.03,88.00,88.89,89.74,90.52,91.23,91.86,92.49,93.05,93.57,94.02,94.47,94.86,95.20,95.53,95.92,96.24,96.60,96.89,97.22,97.51,97.82,98.09,98.44,98.76,98.88,98.97,99.03,99.18,99.32,99.41,99.57,99.59,99.70,99.87,99.91,99.96,100.00
41.71
SmoteBoost
0.00,8.01,11.94,15.23,18.67,20.13,21.85,24.24,26.68,28.79,30.58,32.11,33.41,34.70,36.00,37.42,38.75,39.78,40.58,41.08,41.84,42.73,43.66,44.58,45.46,46.23,46.94,47.48,47.98,48.49,49.03,49.51,49.98,50.32,50.66,50.97,51.31,51.53,51.89,52.16,52.53,52.77,53.04,53.20,53.49,54.15,55.18,56.51,58.52,61.32,64.53,67.39,70.19,73.01,75.37,77.25,78.97,80.54,81.98,83.29,84.47,85.63,86.78,87.74,88.55,89.41,90.29,90.95,91.64,92.36,92.99,93.53,94.03,94.44,94.80,95.10,95.46,95.82,96.16,96.49,96.84,97.15,97.47,97.75,98.06,98.33,98.59,98.80,98.90,98.99,99.06,99.18,99.39,99.44,99.59,99.65,99.75,99.95,99.97,99.99,100.00
41.84
