Simple
0.00,12.66,20.92,25.93,29.11,31.56,33.78,35.85,37.61,39.16,40.61,41.95,43.18,44.39,45.39,46.35,47.04,47.82,48.63,49.39,50.13,50.83,51.53,52.20,52.89,53.57,54.20,54.76,55.28,55.77,56.29,56.72,57.46,58.36,60.73,64.49,70.17,75.10,78.77,81.52,83.72,85.56,87.20,88.60,89.79,90.72,91.33,91.69,91.96,92.15,92.34,92.58,92.82,93.04,93.25,93.37,93.50,93.79,94.24,94.88,95.62,96.12,96.39,96.54,96.77,97.02,97.16,97.24,97.29,97.35,97.50,97.74,97.96,98.23,98.31,98.39,98.39,98.39,98.40,98.41,98.41,98.43,98.52,98.55,98.64,99.12,99.18,99.22,99.24,99.30,99.96,99.96,99.96,99.96,99.99,99.99,99.99,99.99,99.99,99.99,100.00
50.13
ROS
0.00,16.05,22.61,30.38,35.31,38.71,41.27,43.68,45.90,47.96,49.84,51.31,52.79,54.22,55.49,56.69,57.90,58.95,59.69,60.38,61.11,61.82,62.58,63.34,64.07,64.79,65.46,66.12,66.80,67.49,68.14,68.64,69.15,69.63,70.04,70.54,71.15,72.04,74.28,78.74,82.98,86.03,88.30,89.98,91.36,92.42,93.42,94.23,94.61,94.80,94.96,95.04,95.15,95.25,95.34,95.48,95.62,95.67,95.77,95.97,96.25,96.83,97.51,97.77,97.86,97.96,98.07,98.18,98.18,98.19,98.22,98.28,98.41,98.50,98.52,98.56,98.56,98.56,98.56,98.57,98.57,98.57,98.61,98.64,98.69,99.14,99.18,99.22,99.23,99.28,99.91,99.93,99.94,99.94,99.96,99.96,99.96,99.96,99.96,99.96,100.00
61.11
RUS
0.00,17.99,24.55,29.82,37.00,41.62,45.32,48.04,50.07,52.35,54.43,56.50,58.42,59.93,61.31,62.74,64.08,65.33,66.55,67.67,68.60,69.18,69.79,70.40,70.97,71.69,72.43,73.19,73.96,74.64,75.31,75.95,76.63,77.30,77.93,78.45,78.96,79.42,79.80,80.15,80.48,81.35,82.82,85.87,89.16,91.34,92.86,93.92,94.91,95.72,96.27,96.58,96.74,96.82,96.87,96.93,96.99,97.01,97.06,97.12,97.18,97.25,97.50,97.92,98.36,98.61,98.73,98.79,98.86,98.89,98.93,98.93,98.95,99.00,99.05,99.06,99.08,99.09,99.09,99.09,99.09,99.09,99.09,99.09,99.09,99.23,99.34,99.36,99.36,99.38,99.90,99.93,99.99,99.99,99.99,99.99,99.99,99.99,100.00,100.00,100.00
68.6
Smote
0.00,15.01,22.09,29.18,33.52,36.36,38.84,41.07,43.17,45.09,46.42,47.85,49.29,50.61,51.82,53.03,54.07,54.90,55.55,56.26,56.98,57.76,58.52,59.27,59.95,60.66,61.34,62.00,62.64,63.20,63.84,64.33,64.78,65.40,65.97,66.46,67.59,70.34,75.10,80.05,83.50,85.77,87.46,88.88,90.01,91.25,92.28,92.99,93.43,93.75,93.91,94.08,94.20,94.31,94.46,94.63,94.82,94.91,95.06,95.34,95.75,96.44,97.02,97.26,97.38,97.56,97.80,97.89,97.96,97.98,98.03,98.12,98.28,98.42,98.53,98.60,98.62,98.63,98.63,98.63,98.64,98.64,98.66,98.66,98.74,99.13,99.22,99.23,99.27,99.33,99.93,99.96,99.96,99.96,99.96,99.96,99.96,99.96,99.97,99.97,100.00
56.98
Bag
0.00,12.36,20.61,25.66,28.56,31.17,33.42,35.49,37.51,38.91,40.40,41.82,43.11,44.32,45.50,46.60,47.39,48.10,48.91,49.70,50.49,51.24,51.99,52.67,53.35,54.01,54.70,55.38,55.93,56.48,56.96,57.38,57.83,58.19,58.36,58.85,63.32,71.23,76.56,80.45,82.93,84.96,87.21,88.83,90.12,91.82,92.99,93.48,93.93,94.12,94.18,94.47,94.62,94.64,94.84,95.14,95.19,95.20,95.28,95.57,96.30,97.18,97.86,97.88,97.91,98.09,98.20,98.20,98.20,98.20,98.22,98.28,98.47,98.53,98.53,98.53,98.53,98.53,98.53,98.53,98.53,98.53,98.55,98.55,98.55,99.27,99.27,99.27,99.27,99.27,100.00,100.00,100.00,100.00,100.00,100.00,100.00,100.00,100.00,100.00,100.00
50.49
ROSBag
0.00,16.14,23.31,31.53,36.95,40.94,44.10,46.55,48.93,51.12,53.21,54.83,56.03,57.55,58.96,60.22,61.46,62.66,63.79,64.48,65.09,65.96,66.64,67.42,68.20,68.94,69.64,70.35,70.99,71.67,72.38,73.07,73.58,74.01,74.55,74.93,75.40,75.54,75.54,77.03,83.04,87.49,90.08,91.58,93.17,94.19,94.91,96.00,96.42,96.48,96.50,96.52,96.53,96.54,96.54,96.55,96.63,96.64,96.64,96.64,96.66,97.18,98.14,98.64,98.66,98.66,98.66,98.66,98.66,98.66,98.66,98.66,98.66,98.66,98.66,98.66,98.66,98.66,98.66,98.66,98.66,98.66,98.66,98.66,98.66,99.27,99.27,99.27,99.27,99.27,100.00,100.00,100.00,100.00,100.00,100.00,100.00,100.00,100.00,100.00,100.00
65.09
RUSBag
0.00,21.42,27.74,33.01,40.82,46.56,50.74,53.82,55.71,58.09,60.31,62.47,64.53,66.48,67.58,69.10,70.56,71.90,73.11,74.31,75.47,76.45,76.74,77.44,78.00,78.45,79.24,80.04,80.87,81.56,82.30,82.98,83.64,84.30,84.99,85.64,86.21,86.70,87.16,87.61,88.07,88.24,88.26,89.15,92.31,94.63,95.74,96.47,96.99,97.26,97.74,97.96,97.98,98.00,98.00,98.00,98.00,98.00,98.00,98.00,98.00,98.00,98.01,98.19,98.80,99.23,99.26,99.26,99.26,99.26,99.26,99.26,99.26,99.26,99.26,99.26,99.26,99.26,99.26,99.26,99.26,99.26,99.26,99.26,99.26,99.29,99.29,99.29,99.29,99.29,100.00,100.00,100.00,100.00,100.00,100.00,100.00,100.00,100.00,100.00,100.00
75.47
SmoteBag
0.00,15.36,22.90,30.81,35.68,38.86,41.15,43.69,45.93,47.98,49.78,50.88,52.40,53.81,55.13,56.36,57.55,58.69,59.57,60.14,60.98,61.52,62.26,63.04,63.80,64.50,65.20,65.90,66.61,67.26,67.92,68.47,69.01,69.45,69.91,70.34,70.60,70.69,71.53,76.74,83.28,86.75,88.91,90.31,91.80,92.75,93.65,94.81,95.39,95.64,95.79,95.83,95.85,95.89,95.90,95.99,96.25,96.34,96.35,96.35,96.42,96.82,97.68,98.23,98.28,98.31,98.43,98.61,98.63,98.63,98.63,98.63,98.64,98.64,98.64,98.64,98.64,98.64,98.64,98.64,98.64,98.64,98.64,98.64,98.64,99.27,99.27,99.27,99.27,99.27,100.00,100.00,100.00,100.00,100.00,100.00,100.00,100.00,100.00,100.00,100.00
60.98
Boost
0.00,14.01,22.02,27.75,31.53,34.18,36.54,38.62,40.56,42.16,43.59,44.98,46.30,47.55,48.71,49.78,50.68,51.40,52.23,53.01,53.77,54.50,55.24,55.94,56.64,57.33,57.96,58.61,59.15,59.71,60.16,60.59,61.16,61.74,62.41,63.74,68.01,74.28,78.99,82.31,84.45,86.30,88.13,89.50,90.82,92.06,92.71,92.99,93.26,93.39,93.56,93.78,93.91,94.06,94.34,94.53,94.59,94.71,95.02,95.41,96.09,96.87,97.23,97.28,97.42,97.70,97.82,97.90,97.93,97.95,98.01,98.21,98.34,98.41,98.47,98.49,98.49,98.49,98.49,98.49,98.49,98.49,98.55,98.55,98.57,99.21,99.25,99.25,99.25,99.28,99.96,99.98,99.98,99.98,99.98,99.98,99.98,99.98,99.98,99.98,100.00
53.77
ROSBoost
0.00,14.49,22.37,28.00,31.94,34.69,37.05,39.20,41.20,42.67,44.12,45.53,46.86,48.09,49.27,50.37,51.26,52.01,52.80,53.59,54.35,55.10,55.82,56.54,57.23,57.91,58.58,59.25,59.77,60.33,60.80,61.28,61.78,62.29,62.89,64.06,68.44,74.38,78.96,82.31,84.49,86.31,88.07,89.38,90.66,91.86,92.48,92.83,93.03,93.09,93.28,93.50,93.63,93.82,94.12,94.31,94.37,94.55,94.89,95.36,95.96,96.74,97.09,97.15,97.28,97.53,97.68,97.75,97.77,97.80,97.88,98.11,98.24,98.36,98.42,98.45,98.45,98.45,98.45,98.45,98.46,98.46,98.53,98.55,98.61,99.17,99.23,99.24,99.26,99.31,99.92,99.95,99.95,99.95,99.95,99.95,99.95,99.95,99.97,99.97,100.00
54.35
RUSBoost
0.00,14.68,22.59,28.22,31.99,34.72,37.20,39.31,41.30,42.91,44.27,45.72,47.02,48.31,49.51,50.61,51.53,52.28,53.01,53.74,54.50,55.23,55.96,56.67,57.36,58.04,58.71,59.37,59.93,60.50,61.03,61.41,61.99,62.47,63.23,64.62,68.18,72.80,77.69,81.20,83.85,85.85,87.64,88.99,90.39,91.53,92.39,92.85,93.12,93.28,93.50,93.66,93.78,94.01,94.25,94.46,94.58,94.76,95.00,95.41,95.99,96.55,96.98,97.19,97.34,97.45,97.61,97.69,97.73,97.79,97.90,98.10,98.20,98.28,98.36,98.42,98.42,98.42,98.43,98.43,98.43,98.44,98.53,98.58,98.66,99.15,99.27,99.28,99.29,99.37,99.93,99.95,99.95,99.95,99.96,99.96,99.96,99.96,99.96,99.96,100.00
54.5
SmoteBoost
0.00,14.38,22.34,28.07,31.95,34.63,37.03,39.18,41.18,42.77,44.22,45.68,47.00,48.23,49.39,50.52,51.41,52.14,52.91,53.62,54.42,55.19,55.93,56.62,57.25,57.95,58.59,59.26,59.88,60.44,60.88,61.39,61.82,62.26,62.62,63.70,66.74,72.70,77.68,81.55,84.07,86.02,87.86,89.28,90.50,91.84,92.56,92.94,93.18,93.29,93.49,93.74,93.84,93.97,94.30,94.49,94.61,94.72,95.01,95.37,95.97,96.67,97.12,97.23,97.34,97.63,97.82,97.89,97.93,97.93,97.97,98.11,98.28,98.39,98.42,98.43,98.45,98.45,98.45,98.45,98.45,98.46,98.51,98.52,98.58,99.19,99.22,99.23,99.25,99.30,99.94,99.97,99.98,99.98,99.98,99.98,99.98,99.98,99.99,99.99,100.00
54.42
