Simple
0.00,12.85,19.09,22.93,25.56,27.44,29.10,33.08,40.73,50.61,59.25,65.89,71.08,74.83,77.51,79.90,81.95,83.72,85.06,86.31,87.45,88.53,89.38,89.89,90.32,90.71,91.17,91.45,91.72,91.91,92.25,92.66,93.19,93.63,93.97,94.23,94.54,94.85,95.19,95.38,95.49,95.69,95.84,95.89,96.01,96.21,96.52,97.13,97.79,98.05,98.15,98.16,98.16,98.16,98.17,98.39,98.72,98.84,98.89,98.97,99.01,99.02,99.02,99.02,99.02,99.02,99.02,99.02,99.03,99.06,99.06,99.06,99.15,99.21,99.23,99.23,99.23,99.23,99.23,99.23,99.23,99.23,99.23,99.23,99.23,99.23,99.23,99.23,99.23,99.23,99.23,99.51,99.53,99.53,99.53,99.53,99.53,100.00,100.00,100.00,100.00
87.45
ROS
0.00,13.66,22.42,28.76,33.71,37.58,40.46,42.24,44.18,45.62,47.44,51.37,60.62,69.34,76.31,81.37,84.64,86.68,88.29,89.82,90.91,91.71,92.62,93.39,94.03,94.41,94.64,94.81,95.05,95.22,95.29,95.41,95.57,95.82,96.04,96.22,96.34,96.48,96.63,96.77,96.90,96.97,97.04,97.18,97.25,97.30,97.41,97.62,98.02,98.49,98.64,98.66,98.66,98.67,98.67,98.72,98.91,99.20,99.30,99.31,99.35,99.36,99.38,99.38,99.38,99.38,99.38,99.38,99.38,99.39,99.39,99.39,99.40,99.44,99.45,99.45,99.45,99.45,99.45,99.45,99.45,99.45,99.45,99.45,99.45,99.45,99.45,99.45,99.45,99.45,99.45,99.54,99.55,99.55,99.55,99.55,99.55,100.00,100.00,100.00,100.00
90.91
RUS
0.00,18.06,26.19,34.26,41.88,47.49,53.16,57.13,60.56,63.54,65.32,67.20,68.95,70.38,71.51,72.62,74.66,78.41,83.63,89.11,92.37,94.39,95.50,96.16,96.66,97.05,97.45,97.77,97.91,97.99,98.05,98.09,98.11,98.14,98.17,98.25,98.35,98.47,98.58,98.64,98.68,98.74,98.81,98.89,98.96,99.02,99.07,99.12,99.14,99.21,99.28,99.41,99.50,99.50,99.51,99.51,99.53,99.59,99.68,99.70,99.72,99.72,99.72,99.72,99.72,99.72,99.72,99.72,99.72,99.72,99.72,99.72,99.72,99.72,99.72,99.72,99.72,99.72,99.72,99.72,99.72,99.72,99.72,99.72,99.72,99.72,99.72,99.72,99.72,99.72,99.72,99.75,99.78,99.78,99.78,99.78,99.78,99.99,99.99,100.00,100.00
92.37
Smote
0.00,13.46,21.23,26.91,30.65,33.88,35.79,37.57,39.12,42.11,49.10,58.24,66.38,72.58,77.27,80.41,82.70,84.70,86.42,87.69,88.71,89.77,90.82,91.63,92.21,92.57,92.90,93.24,93.42,93.54,93.73,93.89,94.24,94.54,94.89,95.14,95.31,95.57,95.76,95.95,96.03,96.12,96.27,96.37,96.43,96.51,96.76,97.16,97.72,98.13,98.29,98.32,98.32,98.32,98.32,98.48,98.78,98.95,99.02,99.08,99.21,99.23,99.25,99.25,99.25,99.25,99.25,99.25,99.26,99.28,99.28,99.28,99.32,99.32,99.34,99.34,99.34,99.34,99.34,99.34,99.34,99.34,99.34,99.34,99.34,99.34,99.34,99.34,99.34,99.34,99.34,99.52,99.57,99.57,99.57,99.57,99.57,100.00,100.00,100.00,100.00
88.71
Bag
0.00,12.56,18.54,22.26,24.97,26.95,28.39,31.06,39.71,51.16,60.36,66.66,71.69,75.63,78.39,80.40,82.69,84.64,85.76,86.82,88.16,89.44,90.32,90.96,91.29,91.57,91.97,92.28,92.34,92.55,92.86,93.25,93.75,94.19,94.49,94.72,94.99,95.32,95.55,95.68,95.73,95.95,96.17,96.21,96.23,96.44,96.62,97.19,97.91,98.22,98.24,98.24,98.24,98.24,98.24,98.47,98.91,99.14,99.16,99.16,99.16,99.16,99.16,99.16,99.16,99.16,99.16,99.16,99.16,99.16,99.16,99.16,99.16,99.17,99.17,99.17,99.17,99.17,99.17,99.17,99.17,99.17,99.17,99.17,99.17,99.17,99.17,99.17,99.17,99.17,99.17,99.47,99.48,99.48,99.48,99.48,99.48,100.00,100.00,100.00,100.00
88.16
ROSBag
0.00,14.29,22.91,29.52,35.92,40.05,44.25,46.93,48.56,50.82,52.48,53.69,54.76,61.92,72.15,80.64,86.05,90.45,92.36,93.44,94.66,95.70,96.22,97.12,97.37,98.03,98.18,98.24,98.25,98.31,98.31,98.31,98.31,98.33,98.34,98.36,98.40,98.41,98.42,98.44,98.44,98.44,98.44,98.49,98.54,98.56,98.57,98.59,98.66,98.92,98.94,98.94,98.94,98.94,98.94,98.94,99.00,99.45,99.48,99.48,99.48,99.48,99.48,99.48,99.48,99.48,99.48,99.48,99.48,99.48,99.48,99.48,99.48,99.48,99.48,99.48,99.48,99.48,99.48,99.48,99.48,99.48,99.48,99.48,99.48,99.48,99.48,99.48,99.48,99.48,99.48,99.49,99.49,99.49,99.49,99.49,99.49,100.00,100.00,100.00,100.00
94.66
RUSBag
0.00,20.34,26.92,36.79,43.76,51.12,57.45,62.58,66.33,69.78,72.47,74.02,76.03,77.85,79.50,80.63,81.41,82.16,83.11,88.45,94.54,97.79,98.87,99.23,99.56,99.65,99.70,99.75,99.83,99.84,99.84,99.84,99.84,99.84,99.84,99.84,99.84,99.84,99.85,99.86,99.86,99.86,99.86,99.86,99.87,99.87,99.94,99.95,99.95,99.95,99.95,99.95,99.95,99.95,99.95,99.95,99.95,99.95,99.95,99.95,99.95,99.95,99.95,99.95,99.95,99.95,99.95,99.95,99.95,99.95,99.95,99.95,99.95,99.95,99.95,99.95,99.95,99.95,99.95,99.95,99.95,99.95,99.95,99.95,99.95,99.95,99.95,99.95,99.95,99.95,99.95,99.95,99.95,99.95,99.95,99.95,99.95,100.00,100.00,100.00,100.00
94.54
SmoteBag
0.00,13.23,21.50,27.70,32.12,36.26,39.18,40.77,42.71,44.13,45.54,49.59,60.91,70.18,76.84,82.06,85.39,87.36,89.05,90.77,92.01,92.77,93.77,94.38,95.26,95.77,95.97,96.04,96.16,96.19,96.19,96.22,96.31,96.44,96.50,96.57,96.64,96.75,96.78,96.84,96.84,96.84,96.88,97.11,97.14,97.17,97.39,97.50,98.10,98.72,98.79,98.79,98.79,98.79,98.79,98.81,98.99,99.38,99.43,99.43,99.44,99.44,99.44,99.44,99.44,99.44,99.44,99.44,99.44,99.44,99.44,99.44,99.44,99.44,99.44,99.44,99.44,99.44,99.44,99.44,99.44,99.44,99.44,99.44,99.44,99.44,99.44,99.44,99.44,99.44,99.44,99.49,99.49,99.49,99.49,99.49,99.49,100.00,100.00,100.00,100.00
92.01
Boost
0.00,13.70,21.53,26.49,30.59,33.31,35.37,37.09,38.94,43.44,53.10,62.41,70.06,75.52,79.94,82.76,84.74,86.54,88.32,89.45,90.33,91.26,92.23,93.03,93.52,93.75,93.96,94.36,94.57,94.69,94.80,94.95,95.09,95.21,95.37,95.51,95.70,95.82,96.02,96.16,96.26,96.32,96.44,96.49,96.57,96.70,96.97,97.32,97.84,98.16,98.23,98.23,98.23,98.23,98.23,98.39,98.76,98.95,98.98,99.06,99.19,99.20,99.22,99.22,99.22,99.22,99.22,99.22,99.22,99.22,99.22,99.22,99.25,99.32,99.35,99.35,99.35,99.35,99.35,99.35,99.35,99.35,99.35,99.35,99.35,99.35,99.35,99.35,99.35,99.35,99.35,99.50,99.52,99.52,99.52,99.52,99.52,100.00,100.00,100.00,100.00
90.33
ROSBoost
0.00,13.64,21.72,27.04,31.19,34.28,36.23,37.95,39.58,44.30,52.64,62.36,69.92,75.67,80.06,83.01,85.10,87.04,88.56,89.79,90.69,91.57,92.46,93.25,93.70,93.92,94.17,94.49,94.71,94.78,94.89,95.02,95.15,95.26,95.39,95.53,95.68,95.76,95.88,96.01,96.10,96.20,96.39,96.44,96.51,96.65,96.92,97.27,97.75,98.07,98.12,98.13,98.13,98.13,98.13,98.31,98.64,98.79,98.83,98.91,99.05,99.11,99.12,99.12,99.12,99.12,99.12,99.12,99.12,99.12,99.12,99.12,99.18,99.32,99.34,99.34,99.34,99.34,99.34,99.34,99.34,99.34,99.34,99.34,99.34,99.34,99.34,99.34,99.34,99.34,99.34,99.50,99.54,99.54,99.54,99.54,99.54,100.00,100.00,100.00,100.00
90.69
RUSBoost
0.00,14.01,22.31,28.04,32.15,35.43,37.35,39.26,40.60,42.38,48.04,56.93,65.54,72.66,78.10,81.98,84.61,86.51,88.32,89.70,90.71,91.63,92.57,93.44,94.01,94.36,94.53,94.81,95.08,95.22,95.30,95.41,95.52,95.68,95.82,95.97,96.10,96.19,96.39,96.53,96.65,96.73,96.85,96.94,96.98,97.08,97.30,97.50,97.94,98.24,98.39,98.41,98.41,98.41,98.41,98.46,98.71,98.88,98.98,99.01,99.18,99.23,99.28,99.28,99.28,99.28,99.28,99.28,99.28,99.28,99.29,99.29,99.32,99.44,99.48,99.48,99.48,99.48,99.48,99.48,99.48,99.48,99.48,99.48,99.48,99.48,99.48,99.48,99.48,99.48,99.48,99.57,99.62,99.62,99.62,99.62,99.62,100.00,100.00,100.00,100.00
90.71
SmoteBoost
0.00,13.58,21.72,27.28,31.37,34.66,36.65,38.54,40.07,43.45,50.95,60.66,68.77,75.11,79.86,83.15,85.41,87.16,88.86,90.11,90.94,91.82,92.72,93.55,94.09,94.36,94.57,94.86,95.14,95.23,95.29,95.39,95.50,95.62,95.76,95.88,96.01,96.09,96.22,96.30,96.41,96.49,96.60,96.67,96.71,96.86,97.10,97.41,97.84,98.16,98.25,98.25,98.25,98.25,98.25,98.37,98.69,98.84,98.90,98.98,99.14,99.16,99.20,99.20,99.20,99.20,99.20,99.20,99.20,99.21,99.21,99.21,99.27,99.36,99.36,99.36,99.36,99.36,99.36,99.36,99.36,99.36,99.36,99.36,99.36,99.36,99.36,99.36,99.36,99.36,99.36,99.51,99.52,99.52,99.52,99.52,99.52,100.00,100.00,100.00,100.00
90.94
