Simple
0.51,22.52,27.03,29.28,31.38,32.65,34.30,35.65,36.65,37.74,38.85,39.81,40.60,41.21,41.86,42.40,42.93,43.55,45.22,48.93,54.72,60.41,65.27,69.12,72.03,74.16,75.75,77.17,78.58,79.63,80.60,81.81,83.31,84.48,85.27,85.81,86.35,86.90,87.41,87.90,88.38,88.88,89.55,90.34,91.12,91.49,91.76,92.06,92.61,93.03,93.48,93.78,94.12,94.46,94.73,94.98,95.30,95.65,96.02,96.35,96.48,96.57,96.63,96.71,96.76,96.79,96.82,96.88,96.99,97.19,97.34,97.48,97.66,97.89,98.04,98.20,98.30,98.32,98.36,98.41,98.44,98.46,98.49,98.57,98.61,98.85,98.94,98.95,99.03,99.05,99.45,99.45,99.47,99.48,99.48,99.48,99.48,99.48,99.48,99.48,100.00
54.72
ROS
0.52,24.65,31.60,36.11,38.17,40.14,42.19,43.53,44.92,46.51,47.99,49.10,49.99,51.01,51.99,52.89,53.78,54.48,55.11,55.74,56.28,56.63,56.91,57.41,58.19,59.52,61.82,64.79,68.57,72.51,75.99,78.98,81.28,82.87,84.28,85.35,86.37,87.32,88.25,89.09,89.80,90.43,90.91,91.35,91.73,92.11,92.56,93.02,93.54,94.03,94.47,94.90,95.24,95.60,95.88,96.28,96.63,96.82,97.05,97.23,97.39,97.61,97.78,97.91,98.11,98.20,98.27,98.29,98.32,98.34,98.35,98.38,98.45,98.52,98.66,98.77,98.91,98.99,99.07,99.12,99.16,99.20,99.21,99.24,99.24,99.27,99.28,99.30,99.35,99.37,99.54,99.54,99.56,99.63,99.63,99.64,99.64,99.64,99.64,99.64,100.00
56.28
RUS
0.53,25.94,35.02,40.75,43.52,47.74,49.57,51.70,53.18,55.21,56.64,58.20,59.29,60.55,61.81,63.14,64.16,64.83,65.37,66.03,66.93,67.60,68.32,69.07,69.87,70.61,71.21,71.69,72.25,72.64,73.09,73.41,73.70,74.03,74.29,74.57,74.92,75.52,76.16,77.51,78.96,80.62,82.93,85.01,87.06,88.98,90.60,91.77,92.66,93.38,94.02,94.61,95.09,95.44,95.78,96.03,96.30,96.54,96.76,97.06,97.32,97.61,97.85,98.08,98.27,98.42,98.60,98.73,98.88,99.04,99.16,99.29,99.34,99.42,99.46,99.49,99.51,99.51,99.53,99.57,99.61,99.67,99.71,99.73,99.74,99.77,99.78,99.79,99.79,99.79,99.80,99.80,99.80,99.86,99.86,99.87,99.87,99.87,99.87,99.87,100.00
66.93
Smote
0.53,24.59,31.45,35.45,37.62,39.90,41.63,42.84,44.45,46.03,47.18,48.01,49.04,50.03,51.01,51.88,52.64,53.23,53.90,54.41,54.85,55.25,55.76,56.88,59.45,63.00,67.38,71.93,75.81,78.65,80.61,82.14,83.36,84.30,85.32,86.36,87.31,88.25,89.10,89.74,90.29,90.76,91.16,91.59,91.97,92.34,92.82,93.35,93.82,94.20,94.51,94.79,95.16,95.52,95.86,96.20,96.47,96.65,96.79,97.01,97.24,97.47,97.71,97.84,97.91,97.98,98.04,98.05,98.06,98.09,98.19,98.28,98.39,98.55,98.69,98.84,98.95,99.03,99.06,99.07,99.07,99.09,99.10,99.10,99.10,99.12,99.18,99.20,99.22,99.24,99.48,99.48,99.49,99.51,99.51,99.51,99.51,99.51,99.51,99.51,100.00
54.85
Bag
0.53,23.39,27.89,30.09,32.14,33.35,35.16,36.73,37.70,38.85,39.96,41.03,41.94,42.63,43.21,43.89,44.48,44.82,45.29,46.93,51.32,58.03,63.97,68.45,72.16,74.92,76.55,77.62,78.90,80.40,81.35,82.14,83.52,84.97,86.14,86.82,87.28,87.72,88.23,88.72,89.26,89.74,90.29,91.09,92.01,92.85,93.19,93.31,93.62,94.18,94.70,95.15,95.40,95.69,95.93,96.02,96.24,96.54,96.79,97.21,97.44,97.46,97.50,97.55,97.57,97.57,97.57,97.57,97.61,97.71,97.85,97.88,98.05,98.37,98.53,98.69,98.77,98.77,98.77,98.77,98.77,98.77,98.77,98.77,98.78,98.94,98.95,98.95,98.95,98.95,99.47,99.47,99.47,99.47,99.47,99.47,99.47,99.47,99.47,99.47,100.00
51.32
ROSBag
0.53,25.34,33.22,38.13,40.14,42.40,44.82,46.73,47.67,49.48,50.96,52.60,53.66,54.60,55.70,56.68,57.70,58.68,59.38,59.89,60.60,61.26,61.55,61.65,62.11,62.71,63.68,65.68,70.70,75.44,79.38,82.64,84.87,86.30,87.31,88.27,88.98,89.68,90.64,91.56,92.09,92.64,93.07,93.43,93.81,94.15,94.39,94.60,95.02,95.72,96.27,96.45,96.60,96.78,97.23,97.61,97.80,98.12,98.26,98.29,98.35,98.43,98.71,98.84,98.87,98.90,98.91,98.91,98.91,98.91,98.91,98.91,98.92,98.93,98.99,99.27,99.35,99.38,99.43,99.43,99.43,99.43,99.43,99.43,99.43,99.43,99.43,99.43,99.43,99.44,99.52,99.52,99.52,99.53,99.53,99.53,99.53,99.53,99.53,99.53,100.00
60.6
RUSBag
0.53,28.17,37.99,44.03,46.40,51.01,53.23,55.05,56.96,58.62,60.81,61.74,63.55,64.52,65.82,67.14,68.56,69.65,70.28,70.75,71.30,72.39,72.99,73.68,74.38,75.18,75.97,76.76,77.29,77.76,78.29,78.76,79.14,79.32,79.68,80.05,80.23,80.34,80.47,80.75,81.05,81.31,81.80,82.97,85.15,87.89,90.54,92.18,93.36,94.19,94.78,95.42,95.99,96.61,97.11,97.43,97.56,97.66,97.68,97.74,97.88,98.15,98.43,98.66,98.81,98.92,99.05,99.22,99.41,99.54,99.68,99.73,99.82,99.91,99.97,99.99,99.99,99.99,99.99,99.99,99.99,99.99,99.99,99.99,99.99,99.99,99.99,99.99,99.99,99.99,99.99,99.99,99.99,99.99,99.99,99.99,99.99,99.99,99.99,99.99,100.00
71.3
SmoteBag
0.53,25.13,32.79,37.27,39.44,41.57,43.80,45.11,46.69,48.19,49.88,50.95,51.73,52.84,53.85,54.86,55.79,56.59,57.16,57.80,58.44,58.91,59.09,59.39,59.94,60.88,63.05,67.54,73.45,77.80,81.18,83.56,85.01,86.01,86.97,87.93,88.65,89.41,90.46,91.37,91.95,92.46,92.82,93.18,93.57,93.99,94.29,94.52,94.93,95.53,96.06,96.20,96.32,96.54,96.93,97.45,97.63,97.84,98.06,98.06,98.10,98.25,98.47,98.68,98.72,98.74,98.74,98.75,98.75,98.75,98.76,98.77,98.81,98.83,98.93,99.25,99.32,99.35,99.37,99.37,99.37,99.37,99.37,99.37,99.37,99.37,99.38,99.38,99.38,99.38,99.47,99.47,99.47,99.47,99.47,99.47,99.47,99.47,99.47,99.47,100.00
58.44
Boost
0.52,23.10,28.55,31.02,33.29,34.66,36.28,38.03,39.23,40.19,41.30,42.34,43.32,44.08,44.68,45.32,45.85,46.23,46.54,47.83,50.47,55.16,60.74,65.76,69.96,73.27,75.67,77.40,78.79,80.06,81.14,82.11,83.27,84.53,85.69,86.51,87.13,87.61,88.14,88.63,89.06,89.53,90.02,90.65,91.46,92.04,92.46,92.69,93.05,93.47,93.97,94.39,94.72,94.99,95.30,95.40,95.66,95.92,96.20,96.52,96.72,96.81,96.89,97.03,97.11,97.13,97.14,97.18,97.22,97.38,97.54,97.61,97.74,97.98,98.14,98.26,98.40,98.43,98.45,98.49,98.52,98.52,98.54,98.63,98.69,98.93,98.97,98.99,99.02,99.03,99.47,99.47,99.47,99.51,99.51,99.51,99.51,99.51,99.51,99.51,100.00
50.47
ROSBoost
0.52,22.89,28.79,31.29,33.54,35.13,36.62,38.38,39.84,40.76,41.82,42.87,43.83,44.72,45.40,46.01,46.62,47.09,47.31,47.69,49.79,54.62,60.16,65.13,69.30,72.66,75.27,77.06,78.69,80.13,81.21,82.11,83.20,84.52,85.71,86.46,87.11,87.69,88.24,88.72,89.16,89.54,89.98,90.65,91.47,92.10,92.44,92.68,93.06,93.54,94.10,94.43,94.73,95.10,95.31,95.49,95.66,95.84,96.15,96.44,96.60,96.66,96.79,96.95,97.04,97.05,97.06,97.09,97.13,97.30,97.39,97.48,97.63,97.87,98.00,98.13,98.22,98.24,98.28,98.34,98.34,98.35,98.37,98.51,98.59,98.85,98.95,98.96,99.04,99.05,99.47,99.47,99.48,99.53,99.53,99.53,99.53,99.53,99.53,99.53,100.00
49.79
RUSBoost
0.49,23.32,29.49,32.80,35.08,37.22,38.52,40.09,41.74,43.09,44.04,45.01,46.00,46.96,47.88,48.65,49.24,49.90,50.41,50.77,51.14,51.89,53.46,56.03,60.00,64.40,68.79,72.36,75.66,77.96,79.82,81.21,82.47,83.55,84.59,85.61,86.66,87.60,88.32,88.92,89.43,89.87,90.28,90.71,91.18,91.71,92.28,92.87,93.29,93.66,94.05,94.41,94.88,95.21,95.54,95.82,96.04,96.21,96.43,96.61,96.86,97.05,97.19,97.30,97.42,97.49,97.54,97.56,97.61,97.64,97.70,97.81,97.91,98.05,98.19,98.36,98.46,98.54,98.59,98.62,98.66,98.68,98.69,98.74,98.80,98.91,99.04,99.07,99.15,99.17,99.47,99.47,99.49,99.60,99.60,99.60,99.60,99.60,99.60,99.60,100.00
51.14
SmoteBoost
0.52,23.12,28.95,31.60,33.93,35.59,36.98,38.74,40.24,41.19,42.23,43.25,44.25,45.16,45.84,46.45,47.11,47.55,47.96,48.52,50.30,54.10,59.59,64.92,69.38,73.06,75.71,77.55,78.93,80.28,81.49,82.44,83.44,84.62,85.82,86.71,87.40,87.94,88.39,88.88,89.36,89.81,90.23,90.75,91.38,92.13,92.57,92.84,93.15,93.57,94.06,94.51,94.79,95.12,95.41,95.53,95.70,95.90,96.16,96.49,96.71,96.77,96.86,97.02,97.12,97.14,97.15,97.19,97.25,97.38,97.51,97.61,97.72,97.96,98.11,98.24,98.33,98.36,98.38,98.41,98.44,98.45,98.47,98.56,98.68,98.93,98.97,98.98,99.02,99.03,99.48,99.48,99.48,99.51,99.51,99.51,99.51,99.51,99.51,99.51,100.00
50.3
