Simple
0.00,35.09,44.22,47.55,49.46,50.91,52.50,53.68,53.98,54.24,54.49,54.60,54.67,54.68,54.73,55.09,55.72,57.37,60.52,62.55,64.08,65.23,66.22,67.72,70.68,74.13,78.23,82.31,85.77,88.28,90.05,91.31,92.44,93.41,94.34,95.22,96.03,96.56,96.83,97.15,97.36,97.61,98.02,98.32,98.61,98.85,98.93,99.08,99.24,99.28,99.42,99.51,99.59,99.60,99.60,99.60,99.60,99.60,99.60,99.60,99.60,99.75,99.75,99.75,99.75,99.75,99.75,99.75,99.75,99.76,99.76,99.76,99.76,99.76,99.76,99.76,99.76,100.00,100.00,100.00,100.00,100.00,100.00,100.00,100.00,100.00,100.00,100.00,100.00,100.00,100.00,100.00,100.00,100.00,100.00,100.00,100.00,100.00,100.00,100.00,100.00
64.08
ROS
0.00,37.00,48.34,52.23,55.96,58.21,59.49,60.71,62.17,63.58,64.19,64.36,64.54,64.73,64.86,64.89,64.89,64.89,65.06,65.21,65.77,67.01,68.35,69.48,70.63,71.36,72.12,72.95,74.79,77.92,81.21,84.26,86.46,88.40,89.85,90.83,91.75,93.00,94.00,94.83,95.38,95.77,96.08,96.34,96.91,97.46,97.99,98.33,98.62,98.83,99.01,99.18,99.31,99.44,99.56,99.60,99.62,99.62,99.64,99.66,99.68,99.74,99.75,99.77,99.77,99.77,99.79,99.80,99.80,99.80,99.80,99.80,99.80,99.80,99.80,99.80,99.80,99.97,99.97,99.97,99.97,99.97,99.97,99.97,99.98,99.99,99.99,99.99,99.99,99.99,99.99,99.99,100.00,100.00,100.00,100.00,100.00,100.00,100.00,100.00,100.00
65.77
RUS
0.00,39.02,49.60,56.60,58.50,62.85,64.65,65.78,66.84,68.16,69.80,70.83,71.32,71.48,71.58,71.81,71.96,72.08,72.09,72.09,72.10,72.22,72.33,72.68,72.94,73.30,73.52,73.68,73.85,74.06,74.70,76.27,78.90,81.70,84.37,86.56,88.38,89.66,90.57,91.61,92.63,93.46,94.09,94.56,94.92,95.32,95.68,96.08,96.75,97.39,97.81,98.17,98.54,98.70,98.81,98.95,99.13,99.30,99.40,99.50,99.57,99.68,99.74,99.83,99.85,99.87,99.89,99.91,99.92,99.94,99.94,99.95,99.95,99.95,99.95,99.95,99.95,99.98,99.98,99.98,99.98,99.98,99.98,99.98,99.98,99.99,99.99,99.99,99.99,99.99,99.99,99.99,99.99,99.99,99.99,99.99,99.99,99.99,99.99,99.99,100.00
72.1
Smote
0.00,36.15,46.60,49.23,52.59,54.10,55.59,57.18,58.48,58.90,59.13,59.45,59.62,59.68,59.71,59.73,59.75,60.00,60.93,63.28,66.05,67.97,69.51,70.56,71.56,72.50,73.89,77.23,81.97,85.57,88.24,89.99,91.46,92.46,93.15,94.09,95.14,96.10,96.60,96.89,97.07,97.32,97.66,98.03,98.46,98.83,98.97,99.05,99.15,99.18,99.34,99.53,99.62,99.63,99.64,99.64,99.64,99.64,99.66,99.68,99.68,99.70,99.71,99.72,99.72,99.73,99.73,99.73,99.73,99.74,99.74,99.74,99.74,99.74,99.74,99.74,99.74,99.99,99.99,99.99,99.99,99.99,99.99,99.99,99.99,99.99,99.99,99.99,99.99,99.99,99.99,99.99,100.00,100.00,100.00,100.00,100.00,100.00,100.00,100.00,100.00
66.05
Bag
0.00,36.42,45.72,49.01,51.42,52.83,54.48,55.90,56.47,56.68,56.92,57.06,57.09,57.09,57.09,57.09,57.23,57.74,58.46,59.23,59.73,60.05,60.32,60.53,60.83,62.31,68.32,74.97,80.46,84.20,87.11,89.52,91.09,92.07,93.05,94.30,95.60,96.40,96.79,96.91,97.14,97.42,97.81,98.11,98.73,99.09,99.15,99.25,99.30,99.33,99.66,99.87,99.89,99.89,99.89,99.89,99.89,99.89,99.89,99.89,99.89,99.94,99.94,99.94,99.94,99.94,99.94,99.94,99.94,99.94,99.94,99.94,99.94,99.94,99.94,99.94,99.94,100.00,100.00,100.00,100.00,100.00,100.00,100.00,100.00,100.00,100.00,100.00,100.00,100.00,100.00,100.00,100.00,100.00,100.00,100.00,100.00,100.00,100.00,100.00,100.00
59.73
ROSBag
0.00,37.76,49.56,54.21,57.76,60.62,62.21,63.86,64.97,66.72,67.89,68.07,68.10,68.40,68.66,68.72,68.72,68.72,68.72,68.72,68.75,68.99,69.28,69.38,69.38,69.38,69.38,69.38,69.60,72.13,77.93,83.28,87.40,90.28,92.62,94.20,95.09,95.87,97.03,97.87,98.14,98.19,98.26,98.33,98.40,98.94,99.36,99.43,99.43,99.43,99.46,99.78,99.97,99.99,99.99,99.99,99.99,99.99,99.99,99.99,99.99,100.00,100.00,100.00,100.00,100.00,100.00,100.00,100.00,100.00,100.00,100.00,100.00,100.00,100.00,100.00,100.00,100.00,100.00,100.00,100.00,100.00,100.00,100.00,100.00,100.00,100.00,100.00,100.00,100.00,100.00,100.00,100.00,100.00,100.00,100.00,100.00,100.00,100.00,100.00,100.00
68.75
RUSBag
0.00,40.42,51.34,59.25,61.53,66.01,68.20,69.72,71.01,72.09,73.62,75.23,76.24,76.63,76.64,76.67,76.87,77.23,77.30,77.30,77.30,77.30,77.30,77.32,77.50,77.82,77.94,77.96,77.96,77.97,77.97,78.05,79.03,82.53,86.99,90.48,92.89,94.59,95.68,96.32,97.14,98.07,98.54,98.71,98.82,98.95,99.04,99.43,99.62,99.68,99.72,99.77,99.85,99.93,99.95,99.96,99.98,99.98,99.98,99.98,99.98,99.99,100.00,100.00,100.00,100.00,100.00,100.00,100.00,100.00,100.00,100.00,100.00,100.00,100.00,100.00,100.00,100.00,100.00,100.00,100.00,100.00,100.00,100.00,100.00,100.00,100.00,100.00,100.00,100.00,100.00,100.00,100.00,100.00,100.00,100.00,100.00,100.00,100.00,100.00,100.00
77.3
SmoteBag
0.00,37.51,48.91,51.77,56.21,57.92,59.46,60.85,62.52,63.58,63.64,63.78,64.11,64.28,64.28,64.28,64.28,64.28,64.28,64.65,65.33,66.21,66.75,67.16,67.50,67.72,67.98,68.99,73.86,79.84,84.43,87.82,90.19,92.19,93.45,94.27,95.16,96.36,97.45,97.81,97.93,97.97,98.09,98.13,98.39,99.07,99.32,99.32,99.34,99.34,99.44,99.80,99.92,99.92,99.92,99.92,99.92,99.92,99.92,99.92,99.92,99.93,99.93,99.93,99.93,99.93,99.93,99.93,99.93,99.93,99.93,99.93,99.93,99.93,99.93,99.93,99.93,100.00,100.00,100.00,100.00,100.00,100.00,100.00,100.00,100.00,100.00,100.00,100.00,100.00,100.00,100.00,100.00,100.00,100.00,100.00,100.00,100.00,100.00,100.00,100.00
65.33
Boost
0.00,35.64,45.23,48.44,51.03,52.42,53.94,55.38,55.91,56.21,56.67,56.95,57.06,57.18,57.23,57.32,57.98,59.31,61.66,64.48,67.11,69.11,70.77,72.07,73.09,74.85,78.56,81.92,85.50,88.16,90.10,91.68,92.66,93.53,94.25,95.16,95.99,96.65,97.03,97.30,97.52,97.70,97.99,98.25,98.61,98.87,98.95,99.07,99.15,99.19,99.34,99.44,99.54,99.56,99.58,99.58,99.58,99.58,99.58,99.58,99.58,99.61,99.61,99.65,99.65,99.65,99.65,99.65,99.65,99.67,99.67,99.67,99.67,99.67,99.67,99.67,99.67,100.00,100.00,100.00,100.00,100.00,100.00,100.00,100.00,100.00,100.00,100.00,100.00,100.00,100.00,100.00,100.00,100.00,100.00,100.00,100.00,100.00,100.00,100.00,100.00
67.11
ROSBoost
0.00,35.18,44.79,47.83,50.48,51.86,53.38,54.83,55.49,55.90,56.86,57.86,58.95,59.68,60.37,61.34,62.56,64.70,67.40,70.30,72.97,74.91,76.75,78.10,79.75,81.18,83.01,85.21,87.43,89.74,91.33,92.54,93.50,94.25,94.95,95.56,96.21,96.71,97.08,97.42,97.66,97.83,98.09,98.24,98.44,98.62,98.75,98.86,98.94,99.00,99.06,99.11,99.23,99.25,99.32,99.33,99.33,99.33,99.33,99.33,99.33,99.38,99.38,99.43,99.43,99.43,99.43,99.44,99.44,99.55,99.55,99.55,99.55,99.55,99.55,99.55,99.55,99.99,99.99,99.99,99.99,99.99,99.99,99.99,99.99,99.99,99.99,99.99,99.99,99.99,99.99,99.99,100.00,100.00,100.00,100.00,100.00,100.00,100.00,100.00,100.00
72.97
RUSBoost
0.00,36.04,46.44,49.32,52.85,54.38,55.72,57.23,58.48,58.95,59.38,59.71,60.19,60.43,60.61,60.82,60.95,61.71,63.03,64.30,66.01,67.94,69.94,71.37,72.46,73.62,75.50,77.20,80.40,83.05,85.85,88.30,90.00,91.36,92.39,93.58,94.48,95.32,96.00,96.62,97.05,97.28,97.50,97.81,98.09,98.39,98.55,98.73,98.89,98.95,99.09,99.20,99.33,99.38,99.47,99.48,99.49,99.49,99.50,99.50,99.50,99.57,99.57,99.64,99.64,99.64,99.64,99.64,99.64,99.68,99.68,99.68,99.68,99.68,99.68,99.68,99.68,99.97,99.97,99.97,99.97,99.97,99.97,99.97,99.97,99.99,99.99,99.99,99.99,99.99,99.99,99.99,100.00,100.00,100.00,100.00,100.00,100.00,100.00,100.00,100.00
66.01
SmoteBoost
0.00,35.46,45.07,48.23,50.76,52.18,53.68,55.11,55.99,57.14,58.02,58.87,59.64,60.22,60.79,61.44,62.72,64.49,66.45,68.91,70.66,72.13,73.30,74.15,75.57,76.60,79.18,82.25,85.56,88.28,90.28,91.67,92.85,93.70,94.36,95.05,95.78,96.52,96.92,97.18,97.40,97.58,97.81,97.97,98.30,98.55,98.71,98.76,98.89,98.98,99.05,99.15,99.33,99.34,99.38,99.38,99.38,99.38,99.38,99.38,99.38,99.43,99.43,99.52,99.52,99.52,99.52,99.52,99.52,99.64,99.64,99.64,99.64,99.64,99.64,99.64,99.64,99.99,99.99,99.99,99.99,99.99,99.99,99.99,99.99,99.99,99.99,99.99,99.99,99.99,99.99,99.99,100.00,100.00,100.00,100.00,100.00,100.00,100.00,100.00,100.00
70.66
