Simple
0.50,20.05,27.95,31.97,35.26,37.55,39.99,41.82,43.10,43.93,44.49,44.96,46.31,48.90,52.59,57.52,61.98,65.78,69.08,71.64,73.95,75.87,77.37,78.46,79.19,79.74,80.53,81.08,81.64,82.45,83.11,83.96,85.00,85.86,86.81,87.72,88.72,89.86,90.97,91.98,92.79,93.36,93.79,94.27,94.79,95.29,95.72,96.13,96.35,96.46,96.56,96.69,96.85,97.00,97.07,97.12,97.15,97.17,97.24,97.46,97.69,97.79,97.97,98.07,98.14,98.40,98.55,98.61,98.65,98.92,99.09,99.09,99.14,99.50,99.50,99.50,99.51,99.99,99.99,100.00,100.00,100.00,100.00,100.00,100.00,100.00,100.00,100.00,100.00,100.00,100.00,100.00,100.00,100.00,100.00,100.00,100.00,100.00,100.00,100.00,100.00
73.95
ROS
0.50,20.22,29.19,35.01,38.45,41.66,44.25,46.10,48.17,50.32,52.04,53.43,54.47,55.13,55.66,56.06,56.45,56.80,57.68,58.98,60.82,63.72,66.99,70.42,73.36,75.73,77.93,79.93,81.50,82.74,83.58,84.22,84.83,85.40,85.95,86.49,87.17,87.99,88.76,89.60,90.51,91.42,92.45,93.30,94.12,94.64,95.14,95.55,96.01,96.39,96.70,96.93,97.06,97.22,97.34,97.47,97.59,97.68,97.72,97.77,97.87,97.99,98.13,98.26,98.33,98.45,98.57,98.70,98.76,98.92,99.12,99.17,99.29,99.47,99.53,99.54,99.55,99.94,99.94,99.98,99.99,99.99,100.00,100.00,100.00,100.00,100.00,100.00,100.00,100.00,100.00,100.00,100.00,100.00,100.00,100.00,100.00,100.00,100.00,100.00,100.00
60.82
RUS
0.50,20.52,29.24,36.43,41.04,44.05,46.46,49.52,51.55,53.23,54.94,57.02,58.96,60.46,61.77,62.92,63.61,64.11,64.56,64.97,65.39,65.70,65.99,66.22,66.47,67.10,68.00,69.41,70.83,72.50,74.22,76.37,78.17,79.90,81.23,82.39,83.57,84.55,85.55,86.39,87.15,87.99,88.87,89.72,90.60,91.49,92.26,92.96,93.67,94.27,94.80,95.33,95.79,96.22,96.53,96.85,97.20,97.47,97.66,97.89,98.03,98.13,98.26,98.37,98.44,98.54,98.63,98.73,98.78,98.88,98.99,99.01,99.11,99.24,99.33,99.42,99.45,99.67,99.69,99.79,99.87,99.89,99.92,99.94,99.95,99.95,99.98,99.98,100.00,100.00,100.00,100.00,100.00,100.00,100.00,100.00,100.00,100.00,100.00,100.00,100.00
65.39
Smote
0.50,20.46,29.76,34.13,37.76,40.91,43.05,45.36,47.56,49.22,50.61,51.40,52.00,52.47,52.86,53.31,54.39,56.43,59.66,63.55,66.98,70.19,73.05,75.72,77.90,79.68,81.05,81.98,82.74,83.56,84.07,84.61,85.18,85.78,86.44,87.20,87.90,88.77,89.63,90.58,91.62,92.61,93.48,94.08,94.60,95.05,95.56,95.98,96.35,96.66,96.88,97.02,97.14,97.31,97.46,97.56,97.65,97.74,97.77,97.83,97.93,98.06,98.19,98.28,98.39,98.52,98.65,98.71,98.84,98.94,99.13,99.17,99.36,99.54,99.61,99.62,99.63,99.97,99.97,99.99,99.99,99.99,100.00,100.00,100.00,100.00,100.00,100.00,100.00,100.00,100.00,100.00,100.00,100.00,100.00,100.00,100.00,100.00,100.00,100.00,100.00
66.98
Bag
0.50,21.19,29.35,33.54,36.83,39.36,41.84,43.56,44.91,45.71,46.30,46.76,47.85,51.12,55.93,60.64,65.13,68.31,70.89,73.34,75.53,77.61,78.86,79.50,80.21,80.91,81.51,82.10,82.65,83.15,83.88,84.78,85.66,86.76,87.54,88.37,89.42,90.51,91.79,92.83,93.47,93.76,94.11,94.61,95.11,95.62,96.14,96.51,96.61,96.63,96.69,96.91,97.08,97.12,97.15,97.15,97.16,97.16,97.22,97.63,97.74,97.78,98.01,98.11,98.12,98.49,98.61,98.61,98.62,98.99,99.10,99.10,99.12,99.50,99.50,99.50,99.50,100.00,100.00,100.00,100.00,100.00,100.00,100.00,100.00,100.00,100.00,100.00,100.00,100.00,100.00,100.00,100.00,100.00,100.00,100.00,100.00,100.00,100.00,100.00,100.00
75.53
ROSBag
0.50,21.46,31.39,37.95,41.64,45.06,48.23,50.23,51.70,54.27,56.28,57.87,59.43,60.38,61.02,61.49,61.96,62.28,62.63,62.89,63.18,64.69,67.24,70.51,73.92,76.51,78.93,81.07,83.14,84.64,85.62,86.33,86.82,87.24,87.67,87.97,88.38,88.69,89.31,90.02,90.78,91.70,92.70,93.80,94.71,95.30,95.72,96.12,96.46,96.82,97.21,97.44,97.60,97.67,97.75,97.90,98.04,98.13,98.16,98.17,98.18,98.26,98.39,98.45,98.51,98.57,98.67,98.71,98.89,98.97,99.16,99.16,99.48,99.51,99.51,99.51,99.51,100.00,100.00,100.00,100.00,100.00,100.00,100.00,100.00,100.00,100.00,100.00,100.00,100.00,100.00,100.00,100.00,100.00,100.00,100.00,100.00,100.00,100.00,100.00,100.00
63.18
RUSBag
0.50,21.57,30.54,37.92,43.94,47.12,49.89,53.04,55.40,57.43,58.50,60.93,63.00,64.78,66.21,67.58,68.96,69.61,70.08,70.53,70.95,71.37,71.75,72.10,72.35,72.50,72.63,73.13,74.18,76.03,78.37,80.52,82.54,84.58,86.52,87.96,89.07,89.72,90.21,90.56,90.89,91.18,91.55,91.94,92.55,93.29,94.04,94.92,95.72,96.31,96.79,97.23,97.58,97.86,98.02,98.16,98.22,98.33,98.48,98.58,98.69,98.72,98.75,98.79,98.83,98.86,98.88,98.90,98.93,98.99,99.05,99.09,99.41,99.50,99.51,99.56,99.57,99.96,99.96,100.00,100.00,100.00,100.00,100.00,100.00,100.00,100.00,100.00,100.00,100.00,100.00,100.00,100.00,100.00,100.00,100.00,100.00,100.00,100.00,100.00,100.00
70.95
SmoteBag
0.50,21.76,31.31,36.60,40.47,44.18,46.29,48.21,50.76,52.72,54.40,55.81,56.58,57.30,57.77,58.08,58.32,58.64,59.88,62.49,66.97,71.09,74.14,76.52,78.85,81.00,82.81,84.13,84.76,85.24,85.84,86.29,86.74,87.17,87.51,87.99,88.68,89.48,90.43,91.17,92.19,93.31,94.40,95.09,95.45,95.70,96.11,96.49,96.83,97.20,97.43,97.52,97.54,97.65,97.85,97.97,98.02,98.06,98.07,98.07,98.09,98.15,98.27,98.31,98.46,98.52,98.59,98.60,98.98,99.02,99.06,99.06,99.48,99.54,99.54,99.54,99.54,100.00,100.00,100.00,100.00,100.00,100.00,100.00,100.00,100.00,100.00,100.00,100.00,100.00,100.00,100.00,100.00,100.00,100.00,100.00,100.00,100.00,100.00,100.00,100.00
66.97
Boost
0.50,20.32,29.13,33.11,36.93,39.52,41.71,44.02,45.74,47.01,47.81,48.48,48.82,49.16,49.97,52.88,57.10,61.85,65.74,69.12,71.94,74.36,76.63,78.45,79.53,80.31,81.06,81.74,82.30,82.82,83.29,83.88,84.64,85.39,86.34,87.20,88.07,89.00,90.15,91.31,92.33,93.08,93.52,93.97,94.53,95.04,95.54,96.01,96.34,96.49,96.55,96.64,96.84,96.96,97.02,97.09,97.13,97.14,97.17,97.29,97.56,97.67,97.75,97.97,98.08,98.21,98.49,98.55,98.60,98.88,99.04,99.06,99.13,99.48,99.51,99.51,99.51,99.97,99.97,100.00,100.00,100.00,100.00,100.00,100.00,100.00,100.00,100.00,100.00,100.00,100.00,100.00,100.00,100.00,100.00,100.00,100.00,100.00,100.00,100.00,100.00
71.94
ROSBoost
0.50,20.18,28.93,33.12,36.85,39.48,41.57,43.98,45.75,47.19,48.13,48.81,49.30,49.58,50.31,52.38,55.53,59.70,63.93,67.66,70.82,73.53,75.93,77.82,79.14,80.22,81.03,81.59,82.23,82.86,83.28,83.94,84.60,85.33,86.29,87.14,88.05,88.98,90.06,91.21,92.28,93.08,93.63,94.12,94.60,95.09,95.59,96.07,96.44,96.60,96.71,96.82,96.96,97.09,97.19,97.23,97.28,97.29,97.29,97.40,97.58,97.68,97.81,97.96,98.08,98.26,98.46,98.53,98.61,98.90,99.02,99.04,99.12,99.48,99.53,99.53,99.53,99.96,99.96,100.00,100.00,100.00,100.00,100.00,100.00,100.00,100.00,100.00,100.00,100.00,100.00,100.00,100.00,100.00,100.00,100.00,100.00,100.00,100.00,100.00,100.00
70.82
RUSBoost
0.50,20.02,28.51,32.58,36.30,38.87,41.06,43.34,45.12,46.43,47.33,47.99,48.37,48.67,49.24,51.63,55.32,59.79,64.05,67.88,70.95,73.67,75.97,77.79,79.10,79.96,80.77,81.49,82.02,82.62,83.12,83.72,84.46,85.30,86.18,87.03,87.91,88.82,89.90,91.06,92.14,92.96,93.52,94.00,94.52,95.06,95.52,96.00,96.36,96.56,96.65,96.73,96.89,97.04,97.13,97.21,97.24,97.25,97.26,97.36,97.58,97.72,97.83,97.97,98.09,98.26,98.44,98.56,98.62,98.83,99.03,99.07,99.12,99.47,99.53,99.53,99.53,99.96,99.96,100.00,100.00,100.00,100.00,100.00,100.00,100.00,100.00,100.00,100.00,100.00,100.00,100.00,100.00,100.00,100.00,100.00,100.00,100.00,100.00,100.00,100.00
70.95
SmoteBoost
0.50,20.21,28.90,32.92,36.71,39.30,41.54,43.88,45.56,46.91,47.70,48.40,48.77,49.22,50.52,53.33,57.36,61.58,65.64,68.96,71.84,74.37,76.61,78.30,79.46,80.38,81.03,81.71,82.26,82.84,83.33,84.01,84.76,85.58,86.49,87.31,88.22,89.22,90.23,91.33,92.36,93.04,93.62,94.16,94.64,95.10,95.62,96.08,96.35,96.54,96.64,96.76,96.89,96.99,97.11,97.18,97.19,97.21,97.23,97.38,97.54,97.67,97.82,97.98,98.07,98.27,98.44,98.56,98.62,98.86,99.02,99.08,99.13,99.48,99.54,99.55,99.55,99.98,99.98,100.00,100.00,100.00,100.00,100.00,100.00,100.00,100.00,100.00,100.00,100.00,100.00,100.00,100.00,100.00,100.00,100.00,100.00,100.00,100.00,100.00,100.00
71.84
