,MyAnt,MyBuck,MyFlink,MyHadoop,MyItextpdf,MyJedit,MyLucene,MySynapse,MyTomcat,MyVoldemort,Avg
Simple,55.04,82.01,34.56,89.83,67.35,80.81,37.88,54.41,69.0,92.72,66.36
ROS,68.92,79.35,55.67,99.93,57.25,60.03,49.13,62.14,59.47,75.59,66.75
RUS,73.23,75.79,55.38,99.97,55.31,60.07,52.3,61.55,66.04,85.56,68.52
Smote,71.05,78.42,56.11,99.81,57.07,60.59,49.53,62.52,64.31,81.09,68.05
Bag,53.6,82.18,34.99,90.41,67.21,81.0,35.91,54.94,70.56,92.72,66.35
ROSBag,69.67,82.65,55.8,99.91,56.93,60.09,48.7,62.46,59.94,84.66,68.08
RUSBag,73.9,82.96,55.55,99.99,55.42,59.82,52.63,61.26,65.72,85.79,69.3
SmoteBag,71.04,78.83,56.23,99.81,56.87,60.49,49.14,62.49,63.74,85.08,68.37
Boost,59.23,84.3,30.53,92.28,40.86,78.55,41.39,55.92,63.22,92.53,63.88
ROSBoost,62.39,84.14,53.57,96.97,54.11,61.53,45.06,62.57,57.36,57.76,63.55
RUSBoost,67.66,85.1,53.17,98.63,53.63,62.46,48.44,62.03,58.8,68.89,65.88
SmoteBoost,63.25,84.03,54.0,96.63,53.48,61.7,45.49,62.2,58.66,62.43,64.19

