Simple
0.00,14.37,17.59,19.31,20.61,21.35,24.58,31.72,41.30,49.52,55.95,60.91,64.76,67.88,70.70,73.43,75.79,77.47,78.86,80.42,82.01,83.30,84.23,84.76,85.17,85.90,86.58,87.06,87.45,87.64,88.12,89.06,89.96,90.59,90.96,91.29,91.71,92.31,92.96,93.53,93.83,94.16,94.60,94.82,94.91,95.09,95.47,95.95,96.74,97.52,97.89,98.00,98.01,98.01,98.01,98.02,98.22,98.43,98.55,98.61,98.67,98.85,98.96,98.99,99.00,99.00,99.00,99.00,99.00,99.01,99.01,99.01,99.01,99.14,99.26,99.28,99.28,99.28,99.28,99.28,99.28,99.28,99.28,99.28,99.28,99.28,99.28,99.28,99.28,99.28,99.28,99.51,99.54,99.54,99.54,99.54,99.54,100.00,100.00,100.00,100.00
82.01
ROS
0.00,20.98,28.80,36.22,40.55,45.91,49.24,51.73,54.57,56.58,58.35,59.95,61.32,62.28,63.01,63.39,64.08,65.84,69.62,74.94,79.35,82.95,85.79,88.12,90.16,91.68,92.71,93.67,94.44,94.89,95.12,95.32,95.56,95.79,95.86,95.98,96.25,96.64,97.14,97.37,97.55,97.71,97.86,98.01,98.06,98.09,98.12,98.15,98.15,98.19,98.28,98.45,98.72,98.99,99.09,99.16,99.21,99.24,99.30,99.36,99.53,99.56,99.63,99.64,99.66,99.66,99.66,99.66,99.66,99.66,99.66,99.66,99.66,99.66,99.67,99.70,99.74,99.74,99.75,99.75,99.75,99.75,99.75,99.75,99.75,99.75,99.75,99.75,99.75,99.75,99.75,99.76,99.77,99.78,99.78,99.79,99.79,99.95,99.95,100.00,100.00
79.35
RUS
0.00,19.31,27.67,35.89,41.15,46.89,50.46,53.24,56.08,57.62,59.32,60.89,62.30,63.24,63.95,64.09,64.35,65.10,67.02,70.44,75.79,80.61,84.74,87.41,89.35,90.78,92.07,93.22,94.12,94.85,95.36,95.62,95.78,95.91,96.05,96.14,96.24,96.42,96.76,97.25,97.63,97.91,98.06,98.19,98.30,98.37,98.43,98.46,98.49,98.52,98.55,98.59,98.75,98.98,99.24,99.38,99.48,99.50,99.51,99.53,99.64,99.77,99.83,99.89,99.90,99.91,99.91,99.91,99.91,99.91,99.91,99.91,99.91,99.91,99.91,99.91,99.91,99.92,99.92,99.92,99.92,99.92,99.92,99.92,99.92,99.92,99.92,99.92,99.92,99.92,99.92,99.92,99.94,99.95,99.96,99.96,99.97,99.98,99.98,100.00,100.00
75.79
Smote
0.00,20.21,28.23,36.24,40.30,45.68,48.82,51.47,54.24,56.01,57.90,59.30,60.65,61.48,62.24,62.44,62.80,64.24,67.15,72.97,78.42,83.14,86.09,88.23,89.77,91.54,92.81,94.03,94.92,95.43,95.76,95.89,95.96,96.17,96.27,96.35,96.47,96.71,97.16,97.52,97.80,97.94,97.96,98.11,98.16,98.24,98.28,98.30,98.35,98.38,98.42,98.51,98.67,99.07,99.15,99.31,99.31,99.31,99.35,99.40,99.69,99.71,99.84,99.84,99.84,99.84,99.84,99.84,99.84,99.84,99.84,99.84,99.84,99.85,99.86,99.86,99.88,99.89,99.89,99.89,99.89,99.89,99.89,99.89,99.89,99.89,99.89,99.89,99.89,99.89,99.89,99.89,99.90,99.90,99.90,99.90,99.90,99.96,99.96,100.00,100.00
78.42
Bag
0.00,13.89,16.63,18.42,19.68,20.53,23.74,32.25,42.23,50.21,56.30,61.26,64.91,67.94,70.70,73.54,76.13,77.66,79.02,80.69,82.18,83.53,84.48,84.94,85.35,86.11,86.88,87.24,87.70,87.99,88.43,89.36,90.35,91.06,91.51,91.85,92.21,92.81,93.43,93.93,94.20,94.49,94.99,95.23,95.27,95.44,95.84,96.24,96.98,97.88,98.13,98.19,98.19,98.19,98.19,98.19,98.36,98.70,98.86,98.90,98.96,99.09,99.13,99.14,99.14,99.14,99.14,99.14,99.14,99.14,99.14,99.14,99.14,99.16,99.21,99.21,99.21,99.21,99.21,99.21,99.21,99.21,99.21,99.21,99.21,99.21,99.21,99.21,99.21,99.21,99.21,99.48,99.51,99.51,99.51,99.51,99.51,100.00,100.00,100.00,100.00
82.18
ROSBag
0.00,20.41,28.97,36.46,40.49,45.92,49.09,51.66,54.48,56.35,58.14,59.66,60.97,61.78,62.44,62.66,63.92,66.63,72.12,78.02,82.65,85.84,87.91,89.62,91.15,92.50,93.51,94.41,94.94,95.23,95.39,95.48,95.61,95.77,95.82,95.97,96.25,96.81,97.33,97.58,97.65,97.75,97.79,97.96,97.97,97.99,98.01,98.04,98.04,98.06,98.16,98.45,98.72,99.09,99.11,99.17,99.17,99.17,99.24,99.39,99.62,99.64,99.67,99.68,99.68,99.68,99.68,99.68,99.68,99.68,99.68,99.68,99.68,99.68,99.70,99.71,99.74,99.74,99.74,99.74,99.74,99.74,99.74,99.74,99.74,99.74,99.74,99.74,99.74,99.74,99.74,99.74,99.75,99.75,99.75,99.75,99.75,99.96,99.96,100.00,100.00
82.65
RUSBag
0.00,19.01,27.13,35.54,40.62,46.55,50.00,52.82,55.47,56.70,58.62,60.08,61.51,62.24,62.92,62.95,63.09,64.03,68.69,76.82,82.96,86.41,88.13,89.58,91.09,92.57,93.42,94.37,95.02,95.44,95.58,95.61,95.66,95.90,95.97,95.97,96.03,96.45,97.42,97.97,98.06,98.10,98.13,98.26,98.35,98.36,98.37,98.42,98.44,98.44,98.46,98.49,98.70,99.29,99.45,99.46,99.46,99.46,99.46,99.48,99.87,99.96,99.97,99.97,99.97,99.97,99.97,99.97,99.97,99.97,99.97,99.97,99.97,99.97,99.97,99.97,99.98,99.99,99.99,99.99,99.99,99.99,99.99,99.99,99.99,99.99,99.99,99.99,99.99,99.99,99.99,99.99,100.00,100.00,100.00,100.00,100.00,100.00,100.00,100.00,100.00
82.96
SmoteBag
0.00,20.03,28.40,36.35,40.49,45.52,48.54,51.31,54.10,55.65,57.63,58.91,60.28,61.01,61.77,61.83,62.29,64.11,67.90,73.79,78.83,83.41,86.16,88.26,89.85,91.60,92.91,94.17,95.01,95.54,95.87,96.03,96.14,96.25,96.30,96.37,96.47,96.75,97.21,97.58,97.84,97.95,98.01,98.15,98.21,98.28,98.31,98.35,98.38,98.39,98.41,98.52,98.73,99.08,99.15,99.30,99.30,99.30,99.32,99.41,99.69,99.70,99.84,99.84,99.84,99.84,99.84,99.84,99.84,99.84,99.84,99.84,99.84,99.84,99.84,99.86,99.87,99.88,99.88,99.88,99.88,99.88,99.88,99.88,99.88,99.88,99.88,99.88,99.88,99.88,99.88,99.88,99.89,99.89,99.89,99.89,99.89,99.97,99.97,100.00,100.00
78.83
Boost
0.00,18.63,25.53,28.90,31.10,32.85,34.04,35.05,37.22,42.38,50.18,57.72,63.77,68.18,71.64,74.43,77.01,79.37,81.43,82.93,84.30,85.62,86.78,87.69,88.13,88.42,88.74,89.24,89.71,90.00,90.24,90.57,91.21,92.01,92.62,93.04,93.36,93.62,93.92,94.32,94.73,95.00,95.26,95.67,95.90,96.03,96.22,96.56,97.01,97.59,98.23,98.43,98.45,98.45,98.45,98.46,98.55,98.68,98.89,98.96,98.99,99.10,99.22,99.25,99.28,99.28,99.28,99.28,99.28,99.29,99.29,99.29,99.29,99.32,99.39,99.39,99.41,99.41,99.41,99.41,99.41,99.41,99.41,99.41,99.41,99.41,99.41,99.41,99.41,99.41,99.41,99.45,99.46,99.48,99.48,99.48,99.48,99.92,99.92,100.00,100.00
84.3
ROSBoost
0.00,17.84,26.74,31.76,35.80,38.44,41.03,42.98,44.63,45.85,46.71,48.19,51.14,56.25,62.75,68.59,73.37,76.82,79.59,82.04,84.14,85.89,87.19,88.37,89.46,90.35,90.84,91.23,91.62,92.08,92.50,92.77,92.98,93.36,93.83,94.31,94.65,94.82,95.04,95.24,95.59,95.90,96.04,96.17,96.27,96.41,96.50,96.63,96.88,97.26,97.63,97.96,98.10,98.14,98.18,98.21,98.30,98.49,98.75,98.88,98.95,98.99,99.10,99.16,99.18,99.19,99.19,99.19,99.19,99.20,99.21,99.23,99.24,99.26,99.33,99.39,99.41,99.41,99.41,99.41,99.41,99.41,99.41,99.41,99.41,99.41,99.41,99.41,99.41,99.41,99.41,99.45,99.49,99.49,99.49,99.49,99.49,99.98,99.98,100.00,100.00
84.14
RUSBoost
0.00,19.32,27.96,34.32,38.96,43.18,45.72,48.49,50.66,52.49,54.15,55.35,56.31,57.46,60.33,64.55,70.19,75.35,79.66,82.77,85.10,87.08,88.71,90.09,91.12,92.07,92.74,93.19,93.45,93.76,94.02,94.29,94.45,94.63,95.01,95.49,95.83,96.10,96.29,96.42,96.64,96.80,96.92,97.02,97.13,97.17,97.22,97.34,97.44,97.75,98.05,98.39,98.54,98.64,98.67,98.69,98.74,98.88,99.06,99.18,99.26,99.30,99.35,99.40,99.41,99.42,99.42,99.42,99.42,99.42,99.43,99.44,99.44,99.44,99.45,99.48,99.49,99.49,99.49,99.49,99.49,99.49,99.49,99.49,99.49,99.49,99.49,99.49,99.49,99.49,99.49,99.52,99.55,99.55,99.55,99.55,99.55,99.98,99.98,100.00,100.00
85.1
SmoteBoost
0.00,18.01,26.97,31.83,36.09,38.71,41.37,43.21,44.76,46.01,46.96,48.41,51.38,56.61,62.86,68.56,73.20,76.74,79.55,81.92,84.03,85.65,87.09,88.29,89.34,90.11,90.63,91.02,91.44,91.95,92.30,92.54,92.82,93.15,93.62,94.12,94.43,94.66,94.86,95.09,95.39,95.64,95.83,95.97,96.18,96.29,96.41,96.56,96.82,97.18,97.63,97.91,98.05,98.17,98.21,98.23,98.34,98.55,98.80,98.89,98.98,99.05,99.13,99.18,99.21,99.24,99.25,99.25,99.26,99.26,99.27,99.29,99.31,99.35,99.37,99.40,99.40,99.41,99.41,99.41,99.41,99.41,99.41,99.41,99.41,99.41,99.41,99.41,99.41,99.41,99.41,99.43,99.46,99.48,99.48,99.48,99.48,99.96,99.96,100.00,100.00
84.03
