Simple
0.14,16.09,19.60,21.45,22.08,22.49,26.87,40.19,51.07,57.59,61.47,64.33,66.88,69.48,71.97,74.19,75.84,77.42,78.62,79.66,80.81,82.03,82.68,83.48,84.68,85.85,86.86,87.67,88.30,89.03,89.28,89.72,90.23,90.36,90.56,90.94,91.26,91.67,92.19,92.49,92.60,92.71,92.97,93.45,93.72,93.86,94.17,94.55,94.86,94.97,95.06,95.19,95.46,95.66,95.77,95.94,96.06,96.27,96.46,96.66,96.94,97.10,97.26,97.43,97.58,97.91,98.16,98.23,98.32,98.32,98.55,98.71,98.80,98.80,98.87,98.96,99.03,99.29,99.29,99.29,99.29,99.29,99.35,99.52,99.52,99.68,99.84,99.84,100.00,100.00,100.00,100.00,100.00,100.00,100.00,100.00,100.00,100.00,100.00,100.00,100.00
80.81
ROS
0.26,26.05,34.66,40.09,44.38,47.39,49.43,51.10,52.53,53.92,55.30,55.88,56.49,57.22,57.79,58.26,58.74,59.17,59.52,59.75,60.03,60.31,60.55,60.84,61.12,61.25,61.32,61.46,61.66,61.81,61.99,62.49,63.92,67.91,73.06,77.89,81.14,83.32,85.24,86.84,88.22,89.28,90.23,91.04,91.74,92.48,93.31,94.08,94.76,95.21,95.55,95.72,95.86,96.09,96.35,96.60,96.75,96.85,97.00,97.22,97.43,97.58,97.70,97.75,97.85,97.96,98.06,98.19,98.36,98.50,98.61,98.77,98.98,99.24,99.42,99.50,99.59,99.64,99.67,99.70,99.83,99.86,99.86,99.86,99.86,99.86,99.87,99.99,100.00,100.00,100.00,100.00,100.00,100.00,100.00,100.00,100.00,100.00,100.00,100.00,100.00
60.03
RUS
0.24,26.10,34.68,40.17,44.40,47.46,49.50,51.12,52.57,53.99,55.41,55.92,56.54,57.22,57.84,58.30,58.78,59.20,59.55,59.76,60.07,60.35,60.57,60.89,61.17,61.31,61.35,61.49,61.68,61.86,62.01,62.26,62.90,66.97,72.99,78.16,81.18,83.33,85.22,86.88,88.25,89.34,90.28,91.11,91.70,92.36,93.31,94.16,94.75,95.27,95.57,95.72,95.82,96.04,96.33,96.62,96.77,96.84,96.95,97.19,97.40,97.58,97.71,97.74,97.82,97.98,98.05,98.18,98.37,98.50,98.57,98.75,98.92,99.22,99.44,99.52,99.60,99.65,99.67,99.68,99.82,99.84,99.84,99.84,99.84,99.84,99.84,100.00,100.00,100.00,100.00,100.00,100.00,100.00,100.00,100.00,100.00,100.00,100.00,100.00,100.00
60.07
Smote
0.19,26.14,34.83,40.28,44.63,47.93,49.95,51.68,53.09,54.51,55.92,56.45,57.09,57.81,58.46,58.88,59.35,59.71,60.08,60.25,60.59,60.86,61.05,61.39,61.66,61.86,61.91,62.01,62.23,62.43,62.59,62.77,63.34,66.34,73.04,78.65,81.55,83.49,85.42,87.12,88.41,89.43,90.37,91.21,91.84,92.37,93.22,94.20,94.76,95.29,95.66,95.79,95.87,96.07,96.37,96.58,96.76,96.80,96.88,97.15,97.37,97.58,97.79,97.85,97.90,98.08,98.16,98.24,98.44,98.60,98.69,98.83,99.02,99.29,99.48,99.55,99.64,99.65,99.67,99.68,99.84,99.84,99.84,99.84,99.84,99.84,99.84,100.00,100.00,100.00,100.00,100.00,100.00,100.00,100.00,100.00,100.00,100.00,100.00,100.00,100.00
60.59
Bag
0.10,15.53,18.82,20.41,20.91,22.65,31.60,45.14,53.61,58.87,62.25,64.93,67.58,70.16,72.49,74.44,76.12,77.56,78.69,79.78,81.00,82.02,82.62,83.67,84.83,85.96,86.90,87.61,88.34,88.95,89.24,89.80,90.19,90.33,90.59,90.96,91.30,91.75,92.22,92.47,92.59,92.73,93.03,93.50,93.71,93.89,94.20,94.58,94.85,94.95,95.07,95.23,95.49,95.66,95.77,95.94,96.07,96.28,96.48,96.68,96.94,97.10,97.25,97.42,97.59,97.91,98.15,98.24,98.32,98.32,98.54,98.71,98.80,98.81,98.88,98.97,99.04,99.28,99.29,99.29,99.29,99.29,99.36,99.53,99.53,99.68,99.84,99.84,100.00,100.00,100.00,100.00,100.00,100.00,100.00,100.00,100.00,100.00,100.00,100.00,100.00
81.0
ROSBag
0.28,26.06,34.70,40.26,44.57,47.55,49.56,51.21,52.71,54.11,55.52,55.86,56.65,57.30,57.92,58.37,58.85,59.20,59.55,59.70,60.09,60.30,60.51,60.88,61.12,61.20,61.21,61.42,61.60,61.77,61.92,62.11,63.58,68.74,75.67,79.88,82.01,83.92,85.80,87.37,88.54,89.56,90.45,91.25,91.82,92.50,93.50,94.35,94.82,95.37,95.63,95.74,95.83,96.08,96.36,96.58,96.73,96.76,96.87,97.15,97.33,97.51,97.66,97.70,97.77,97.95,98.01,98.14,98.34,98.47,98.56,98.74,98.91,99.25,99.44,99.50,99.60,99.65,99.67,99.69,99.84,99.85,99.85,99.85,99.85,99.85,99.85,100.00,100.00,100.00,100.00,100.00,100.00,100.00,100.00,100.00,100.00,100.00,100.00,100.00,100.00
60.09
RUSBag
0.24,26.07,34.66,40.20,44.47,47.39,49.41,51.02,52.53,53.91,55.33,55.67,56.46,57.08,57.68,58.14,58.60,58.96,59.28,59.44,59.82,60.03,60.24,60.60,60.87,60.97,60.98,61.16,61.36,61.55,61.69,61.90,62.82,68.93,76.39,80.04,81.98,83.96,85.91,87.50,88.59,89.61,90.46,91.30,91.78,92.49,93.58,94.45,94.80,95.46,95.61,95.73,95.79,96.08,96.38,96.60,96.75,96.76,96.86,97.20,97.33,97.55,97.72,97.72,97.79,98.02,98.04,98.21,98.39,98.53,98.55,98.82,98.90,99.31,99.48,99.51,99.64,99.66,99.67,99.68,99.84,99.84,99.84,99.84,99.84,99.84,99.84,100.00,100.00,100.00,100.00,100.00,100.00,100.00,100.00,100.00,100.00,100.00,100.00,100.00,100.00
59.82
SmoteBag
0.18,26.10,34.79,40.33,44.65,47.86,49.91,51.60,53.03,54.48,55.90,56.31,57.02,57.70,58.35,58.78,59.24,59.58,59.93,60.08,60.49,60.71,60.90,61.27,61.54,61.71,61.73,61.86,62.09,62.28,62.44,62.62,63.07,67.15,74.95,79.73,81.90,83.84,85.78,87.39,88.53,89.56,90.48,91.35,91.91,92.41,93.37,94.35,94.79,95.37,95.66,95.76,95.84,96.09,96.37,96.59,96.75,96.76,96.86,97.18,97.36,97.60,97.80,97.82,97.88,98.07,98.14,98.23,98.45,98.60,98.66,98.83,99.00,99.31,99.48,99.54,99.64,99.65,99.67,99.68,99.84,99.84,99.84,99.84,99.84,99.84,99.84,100.00,100.00,100.00,100.00,100.00,100.00,100.00,100.00,100.00,100.00,100.00,100.00,100.00,100.00
60.49
Boost
0.15,18.91,24.57,26.69,28.33,29.26,29.82,30.19,30.48,31.78,37.26,45.18,54.31,60.88,65.11,68.07,70.65,73.01,75.15,76.95,78.55,79.90,81.06,82.22,83.24,84.08,84.92,85.88,86.95,87.94,88.77,89.49,90.05,90.50,90.95,91.28,91.54,91.78,92.07,92.43,92.81,93.15,93.37,93.49,93.64,93.97,94.21,94.42,94.66,94.99,95.27,95.43,95.55,95.70,95.91,96.10,96.24,96.38,96.50,96.69,96.90,97.10,97.31,97.41,97.58,97.78,98.00,98.25,98.40,98.50,98.56,98.70,98.86,98.97,98.98,99.11,99.14,99.33,99.45,99.46,99.46,99.46,99.46,99.60,99.63,99.69,99.84,99.86,100.00,100.00,100.00,100.00,100.00,100.00,100.00,100.00,100.00,100.00,100.00,100.00,100.00
78.55
ROSBoost
0.26,26.05,35.15,40.46,45.34,48.39,50.45,52.19,53.72,55.04,56.33,57.32,57.84,58.56,59.21,59.72,60.19,60.61,60.96,61.22,61.53,61.78,62.03,62.30,62.52,62.69,62.83,62.98,63.13,63.35,63.78,64.70,66.74,69.58,73.26,77.57,80.93,83.24,85.13,86.78,88.08,89.16,90.10,90.89,91.66,92.38,93.18,93.94,94.62,95.02,95.40,95.60,95.82,96.02,96.29,96.51,96.68,96.84,97.00,97.19,97.41,97.56,97.69,97.79,97.90,97.99,98.10,98.22,98.38,98.53,98.69,98.83,99.03,99.22,99.36,99.47,99.56,99.62,99.67,99.72,99.80,99.84,99.85,99.85,99.87,99.88,99.89,99.97,100.00,100.00,100.00,100.00,100.00,100.00,100.00,100.00,100.00,100.00,100.00,100.00,100.00
61.53
RUSBoost
0.27,26.15,35.32,40.72,45.55,48.80,50.92,52.68,54.31,55.70,56.98,58.16,58.67,59.33,59.98,60.53,61.01,61.51,61.90,62.22,62.46,62.75,62.99,63.25,63.53,63.75,63.92,64.05,64.18,64.35,64.50,64.76,65.29,66.61,69.50,73.52,77.22,80.37,83.06,85.18,86.88,88.25,89.38,90.35,91.17,91.91,92.68,93.47,94.18,94.77,95.21,95.57,95.81,96.04,96.26,96.50,96.71,96.90,97.05,97.21,97.40,97.58,97.72,97.82,97.91,98.00,98.11,98.24,98.36,98.52,98.66,98.80,98.98,99.16,99.35,99.47,99.58,99.65,99.67,99.73,99.80,99.85,99.86,99.87,99.87,99.88,99.89,99.98,100.00,100.00,100.00,100.00,100.00,100.00,100.00,100.00,100.00,100.00,100.00,100.00,100.00
62.46
SmoteBoost
0.25,26.05,35.12,40.35,45.26,48.37,50.47,52.17,53.73,55.10,56.35,57.48,57.88,58.62,59.28,59.81,60.29,60.77,61.14,61.42,61.70,61.98,62.21,62.48,62.74,62.96,63.09,63.21,63.38,63.57,63.80,64.22,64.88,66.86,69.98,74.46,78.92,82.29,84.38,86.02,87.52,88.74,89.79,90.67,91.44,92.16,92.92,93.63,94.43,95.00,95.42,95.70,95.88,96.06,96.29,96.53,96.75,96.90,97.03,97.21,97.41,97.60,97.74,97.85,97.92,98.02,98.14,98.25,98.39,98.55,98.70,98.84,99.00,99.21,99.40,99.53,99.60,99.64,99.70,99.73,99.82,99.86,99.87,99.87,99.88,99.89,99.89,99.98,100.00,100.00,100.00,100.00,100.00,100.00,100.00,100.00,100.00,100.00,100.00,100.00,100.00
61.7
