Simple
0.00,37.65,41.09,42.45,42.93,63.35,75.65,79.80,81.09,82.84,83.55,85.65,86.86,88.01,88.94,89.08,89.71,89.76,89.77,89.77,89.83,90.82,91.05,91.09,91.12,91.64,92.09,92.48,93.21,93.82,93.88,93.88,93.88,93.88,93.88,93.89,94.25,94.65,94.70,94.77,95.71,95.88,96.00,96.06,96.41,96.43,96.43,96.66,96.82,96.89,97.93,98.04,98.09,98.12,98.47,99.04,99.13,99.18,99.18,99.18,99.18,99.18,99.18,99.21,99.56,99.56,99.63,99.98,100.00,100.00,100.00,100.00,100.00,100.00,100.00,100.00,100.00,100.00,100.00,100.00,100.00,100.00,100.00,100.00,100.00,100.00,100.00,100.00,100.00,100.00,100.00,100.00,100.00,100.00,100.00,100.00,100.00,100.00,100.00,100.00,100.00
89.83
ROS
0.00,56.59,73.11,82.01,87.32,91.60,95.12,97.38,98.78,99.33,99.80,99.80,99.86,99.91,99.93,99.93,99.93,99.93,99.93,99.93,99.93,99.93,99.93,99.93,99.93,99.93,99.93,99.93,99.93,99.93,99.93,99.93,99.93,99.93,99.93,99.93,99.93,99.94,99.96,99.96,99.96,99.97,99.98,99.98,99.98,99.98,99.98,99.98,99.99,99.99,99.99,99.99,99.99,99.99,99.99,100.00,100.00,100.00,100.00,100.00,100.00,100.00,100.00,100.00,100.00,100.00,100.00,100.00,100.00,100.00,100.00,100.00,100.00,100.00,100.00,100.00,100.00,100.00,100.00,100.00,100.00,100.00,100.00,100.00,100.00,100.00,100.00,100.00,100.00,100.00,100.00,100.00,100.00,100.00,100.00,100.00,100.00,100.00,100.00,100.00,100.00
99.93
RUS
0.00,56.71,72.91,81.34,86.80,91.20,94.81,97.17,98.78,99.23,99.67,99.67,99.84,99.95,99.97,99.97,99.97,99.97,99.97,99.97,99.97,99.97,99.97,99.97,99.97,99.97,99.97,99.97,99.97,99.97,99.97,99.97,99.97,99.97,99.97,99.97,99.97,99.99,99.99,99.99,99.99,99.99,99.99,99.99,99.99,99.99,99.99,99.99,100.00,100.00,100.00,100.00,100.00,100.00,100.00,100.00,100.00,100.00,100.00,100.00,100.00,100.00,100.00,100.00,100.00,100.00,100.00,100.00,100.00,100.00,100.00,100.00,100.00,100.00,100.00,100.00,100.00,100.00,100.00,100.00,100.00,100.00,100.00,100.00,100.00,100.00,100.00,100.00,100.00,100.00,100.00,100.00,100.00,100.00,100.00,100.00,100.00,100.00,100.00,100.00,100.00
99.97
Smote
0.00,56.30,72.79,81.47,86.82,90.94,94.49,96.77,97.97,98.77,99.28,99.30,99.51,99.59,99.74,99.74,99.80,99.81,99.81,99.81,99.81,99.81,99.81,99.87,99.88,99.88,99.88,99.88,99.88,99.88,99.88,99.88,99.88,99.88,99.88,99.88,99.88,99.90,99.91,99.91,99.91,99.94,99.95,99.95,99.95,99.95,99.95,99.95,99.98,99.98,99.98,99.98,99.98,99.98,99.98,99.98,99.98,99.98,99.98,99.98,99.98,99.98,99.98,99.98,99.98,99.98,100.00,100.00,100.00,100.00,100.00,100.00,100.00,100.00,100.00,100.00,100.00,100.00,100.00,100.00,100.00,100.00,100.00,100.00,100.00,100.00,100.00,100.00,100.00,100.00,100.00,100.00,100.00,100.00,100.00,100.00,100.00,100.00,100.00,100.00,100.00
99.81
Bag
0.00,41.66,46.00,47.89,48.30,64.69,79.14,81.97,83.32,84.52,85.23,87.09,87.71,88.85,89.69,89.77,90.33,90.35,90.37,90.37,90.41,91.39,91.71,91.74,91.77,92.29,92.66,92.93,93.64,94.18,94.21,94.21,94.21,94.21,94.21,94.21,94.60,95.00,95.02,95.20,95.94,96.12,96.18,96.32,96.57,96.58,96.59,96.81,96.99,97.16,98.16,98.26,98.28,98.40,98.65,99.10,99.17,99.18,99.18,99.18,99.18,99.18,99.18,99.31,99.57,99.58,99.74,99.99,100.00,100.00,100.00,100.00,100.00,100.00,100.00,100.00,100.00,100.00,100.00,100.00,100.00,100.00,100.00,100.00,100.00,100.00,100.00,100.00,100.00,100.00,100.00,100.00,100.00,100.00,100.00,100.00,100.00,100.00,100.00,100.00,100.00
90.41
ROSBag
0.00,56.67,73.17,82.12,87.44,91.67,95.23,97.62,98.88,99.41,99.83,99.83,99.88,99.88,99.91,99.91,99.91,99.91,99.91,99.91,99.91,99.91,99.91,99.91,99.91,99.91,99.91,99.91,99.91,99.91,99.91,99.91,99.91,99.91,99.91,99.91,99.91,99.93,99.93,99.93,99.93,99.97,99.97,99.97,99.97,99.97,99.97,99.97,100.00,100.00,100.00,100.00,100.00,100.00,100.00,100.00,100.00,100.00,100.00,100.00,100.00,100.00,100.00,100.00,100.00,100.00,100.00,100.00,100.00,100.00,100.00,100.00,100.00,100.00,100.00,100.00,100.00,100.00,100.00,100.00,100.00,100.00,100.00,100.00,100.00,100.00,100.00,100.00,100.00,100.00,100.00,100.00,100.00,100.00,100.00,100.00,100.00,100.00,100.00,100.00,100.00
99.91
RUSBag
0.00,56.75,72.91,81.46,86.91,91.27,94.84,97.26,98.81,99.25,99.64,99.64,99.97,99.98,99.99,99.99,99.99,99.99,99.99,99.99,99.99,99.99,99.99,99.99,99.99,99.99,99.99,99.99,99.99,99.99,99.99,99.99,99.99,99.99,99.99,99.99,99.99,100.00,100.00,100.00,100.00,100.00,100.00,100.00,100.00,100.00,100.00,100.00,100.00,100.00,100.00,100.00,100.00,100.00,100.00,100.00,100.00,100.00,100.00,100.00,100.00,100.00,100.00,100.00,100.00,100.00,100.00,100.00,100.00,100.00,100.00,100.00,100.00,100.00,100.00,100.00,100.00,100.00,100.00,100.00,100.00,100.00,100.00,100.00,100.00,100.00,100.00,100.00,100.00,100.00,100.00,100.00,100.00,100.00,100.00,100.00,100.00,100.00,100.00,100.00,100.00
99.99
SmoteBag
0.00,56.31,72.81,81.49,86.84,90.94,94.53,96.81,97.99,98.84,99.31,99.33,99.53,99.60,99.75,99.75,99.80,99.81,99.81,99.81,99.81,99.81,99.81,99.86,99.88,99.88,99.88,99.88,99.88,99.88,99.88,99.88,99.88,99.88,99.88,99.88,99.88,99.90,99.91,99.91,99.91,99.93,99.94,99.94,99.94,99.94,99.94,99.94,99.97,99.98,99.98,99.98,99.98,99.98,99.98,99.98,99.98,99.98,99.98,99.98,99.98,99.98,99.98,99.98,99.98,99.98,100.00,100.00,100.00,100.00,100.00,100.00,100.00,100.00,100.00,100.00,100.00,100.00,100.00,100.00,100.00,100.00,100.00,100.00,100.00,100.00,100.00,100.00,100.00,100.00,100.00,100.00,100.00,100.00,100.00,100.00,100.00,100.00,100.00,100.00,100.00
99.81
Boost
0.00,47.84,54.32,57.25,58.39,59.82,81.18,85.26,87.06,87.60,88.31,89.27,90.07,90.44,91.81,91.88,92.14,92.28,92.28,92.28,92.28,92.88,93.29,93.34,93.34,93.66,94.16,94.21,94.80,95.69,95.71,95.71,95.71,95.71,95.71,95.71,95.72,96.12,96.18,96.19,96.93,97.00,97.13,97.16,97.51,97.52,97.52,97.53,97.56,97.63,98.71,98.80,98.80,98.80,98.81,99.07,99.19,99.19,99.19,99.19,99.19,99.19,99.19,99.20,99.58,99.58,99.83,99.99,99.99,99.99,99.99,99.99,99.99,99.99,99.99,99.99,99.99,99.99,100.00,100.00,100.00,100.00,100.00,100.00,100.00,100.00,100.00,100.00,100.00,100.00,100.00,100.00,100.00,100.00,100.00,100.00,100.00,100.00,100.00,100.00,100.00
92.28
ROSBoost
0.00,57.40,72.27,78.58,82.53,85.17,86.67,87.55,93.17,95.44,95.69,95.83,95.94,96.22,96.34,96.58,96.93,96.94,96.97,96.97,96.97,96.97,97.02,97.16,97.18,97.18,97.29,97.66,97.73,98.05,98.51,98.53,98.53,98.53,98.53,98.53,98.53,98.56,98.60,98.62,98.65,98.91,98.93,98.93,98.94,98.95,98.95,98.95,98.99,98.99,99.26,99.81,99.81,99.81,99.81,99.84,99.91,99.91,99.91,99.91,99.91,99.91,99.91,99.91,99.93,99.93,99.94,100.00,100.00,100.00,100.00,100.00,100.00,100.00,100.00,100.00,100.00,100.00,100.00,100.00,100.00,100.00,100.00,100.00,100.00,100.00,100.00,100.00,100.00,100.00,100.00,100.00,100.00,100.00,100.00,100.00,100.00,100.00,100.00,100.00,100.00
96.97
RUSBoost
0.00,56.65,73.11,80.37,85.23,89.00,91.29,92.81,93.27,95.22,97.44,98.10,98.21,98.29,98.37,98.44,98.53,98.60,98.63,98.63,98.63,98.63,98.63,98.64,98.65,98.65,98.65,98.75,98.91,98.96,99.07,99.14,99.16,99.16,99.16,99.16,99.16,99.18,99.23,99.26,99.26,99.34,99.44,99.46,99.46,99.46,99.46,99.46,99.47,99.51,99.55,99.77,99.91,99.95,99.95,99.95,99.96,99.96,99.96,99.96,99.96,99.96,99.96,99.96,99.97,99.97,99.98,100.00,100.00,100.00,100.00,100.00,100.00,100.00,100.00,100.00,100.00,100.00,100.00,100.00,100.00,100.00,100.00,100.00,100.00,100.00,100.00,100.00,100.00,100.00,100.00,100.00,100.00,100.00,100.00,100.00,100.00,100.00,100.00,100.00,100.00
98.63
SmoteBoost
0.00,56.80,71.28,77.31,81.16,83.44,84.83,85.51,93.16,94.67,94.95,95.21,95.34,95.72,95.80,96.16,96.53,96.55,96.63,96.63,96.63,96.63,96.68,96.86,96.86,96.86,96.96,97.35,97.38,97.73,98.23,98.23,98.23,98.23,98.23,98.23,98.23,98.28,98.37,98.37,98.40,98.73,98.76,98.76,98.78,98.81,98.81,98.81,98.85,98.86,99.09,99.71,99.73,99.73,99.73,99.76,99.86,99.86,99.86,99.86,99.86,99.86,99.86,99.86,99.87,99.87,99.93,100.00,100.00,100.00,100.00,100.00,100.00,100.00,100.00,100.00,100.00,100.00,100.00,100.00,100.00,100.00,100.00,100.00,100.00,100.00,100.00,100.00,100.00,100.00,100.00,100.00,100.00,100.00,100.00,100.00,100.00,100.00,100.00,100.00,100.00
96.63
