Simple
0.00,19.20,27.31,32.75,35.50,38.19,39.86,41.85,43.58,45.08,46.40,47.59,48.77,49.73,50.35,51.14,51.99,52.80,53.59,54.35,55.04,55.74,56.42,57.09,57.74,58.38,59.01,59.53,59.93,60.44,60.86,61.19,61.37,62.29,65.88,71.12,74.34,77.18,79.87,81.95,83.61,84.88,86.38,87.95,88.64,89.10,89.75,89.99,90.10,90.30,90.38,90.44,90.75,91.04,91.10,91.18,91.54,91.94,92.42,93.20,93.70,93.91,94.07,94.66,95.42,95.85,96.24,96.50,96.53,96.55,96.78,97.69,98.01,98.16,98.54,98.77,98.80,98.82,98.82,98.82,98.82,98.82,98.82,98.82,98.83,99.23,99.23,99.24,99.24,99.27,99.96,99.99,100.00,100.00,100.00,100.00,100.00,100.00,100.00,100.00,100.00
55.04
ROS
0.00,19.36,25.56,32.06,38.62,43.18,46.85,49.41,51.67,54.15,55.98,58.02,59.78,61.28,62.67,64.03,65.35,66.50,67.55,68.37,68.92,69.45,69.97,70.68,71.48,72.26,73.01,73.75,74.45,75.15,75.79,76.35,76.92,77.45,78.01,78.47,78.80,79.04,79.34,79.58,79.92,80.52,81.65,83.08,84.98,87.02,89.34,91.05,92.37,93.45,94.31,94.77,95.20,95.52,95.64,95.75,95.82,95.85,95.87,95.88,95.91,95.96,96.02,96.19,96.40,96.61,96.78,96.99,97.19,97.39,97.55,97.75,97.93,98.07,98.21,98.42,98.57,98.73,98.89,99.05,99.12,99.17,99.19,99.20,99.20,99.20,99.22,99.26,99.29,99.29,99.37,99.43,99.61,99.88,99.98,99.99,100.00,100.00,100.00,100.00,100.00
68.92
RUS
0.00,20.45,25.44,31.07,37.97,43.36,47.52,51.00,53.51,55.33,57.77,59.68,61.48,63.55,65.34,66.80,68.27,69.62,70.97,72.12,73.23,74.18,74.76,75.28,75.82,76.59,77.38,78.13,78.94,79.64,80.36,81.06,81.66,82.23,82.82,83.50,84.06,84.53,84.86,85.15,85.51,85.80,86.14,86.63,87.65,89.25,91.05,92.95,94.18,95.28,96.22,96.71,97.04,97.36,97.47,97.55,97.58,97.60,97.61,97.61,97.62,97.65,97.66,97.75,97.83,97.97,98.06,98.11,98.15,98.30,98.45,98.58,98.64,98.75,98.82,98.93,99.05,99.17,99.20,99.23,99.27,99.27,99.27,99.28,99.28,99.28,99.28,99.28,99.28,99.28,99.47,99.58,99.77,99.91,99.99,100.00,100.00,100.00,100.00,100.00,100.00
73.23
Smote
0.00,20.43,26.28,32.07,39.00,43.60,47.69,50.87,52.73,55.44,57.32,59.41,61.42,62.88,64.25,65.71,67.00,68.26,69.49,70.47,71.05,71.55,72.07,72.71,73.51,74.28,75.05,75.80,76.53,77.25,77.93,78.62,79.25,79.89,80.47,80.92,81.31,81.51,81.78,82.20,82.59,82.91,83.69,85.27,87.70,90.31,91.93,93.29,94.60,95.38,95.97,96.52,96.69,96.75,96.78,96.78,96.79,96.80,96.80,96.82,96.82,96.84,96.90,97.02,97.18,97.42,97.54,97.61,97.69,97.77,97.96,98.09,98.14,98.27,98.43,98.62,98.77,98.97,99.17,99.23,99.26,99.27,99.27,99.27,99.27,99.27,99.27,99.27,99.27,99.27,99.41,99.44,99.87,99.99,100.00,100.00,100.00,100.00,100.00,100.00,100.00
71.05
Bag
0.00,18.58,26.50,31.59,34.21,36.88,38.55,40.61,42.33,43.82,45.12,46.25,47.40,48.25,49.00,49.80,50.62,51.45,52.19,52.92,53.60,54.31,54.97,55.64,56.23,56.82,57.36,57.88,58.27,58.71,59.02,59.59,60.76,63.61,67.91,71.95,75.12,77.89,80.19,82.14,83.74,85.31,86.73,87.86,88.49,88.90,89.28,89.47,89.63,89.74,89.82,90.02,90.28,90.46,90.60,90.88,91.23,91.64,92.22,92.76,93.09,93.42,93.88,94.46,94.94,95.31,95.56,95.67,95.83,96.17,96.76,97.36,97.68,98.00,98.33,98.64,98.71,98.77,98.77,98.77,98.77,98.77,98.77,98.78,98.84,99.13,99.14,99.16,99.17,99.26,99.88,99.97,99.99,100.00,100.00,100.00,100.00,100.00,100.00,100.00,100.00
53.6
ROSBag
0.00,19.18,25.47,32.68,38.96,43.45,47.23,49.80,52.11,54.74,56.47,58.55,60.49,61.74,63.22,64.64,65.91,67.10,68.26,69.10,69.67,70.17,70.75,71.51,72.34,73.15,73.91,74.65,75.34,76.02,76.63,77.24,77.81,78.40,78.98,79.46,79.69,79.97,80.31,80.61,80.93,81.45,82.64,84.86,87.48,89.83,91.68,93.10,94.09,94.93,95.53,95.89,96.09,96.18,96.23,96.26,96.28,96.30,96.32,96.33,96.33,96.34,96.41,96.56,96.85,97.11,97.26,97.36,97.49,97.68,97.93,98.09,98.23,98.34,98.52,98.64,98.81,99.01,99.14,99.18,99.21,99.23,99.23,99.23,99.23,99.24,99.25,99.26,99.27,99.27,99.40,99.46,99.75,99.94,99.99,99.99,100.00,100.00,100.00,100.00,100.00
69.67
RUSBag
0.00,21.24,25.42,31.57,38.69,43.77,47.88,51.35,54.01,55.73,58.14,60.28,61.98,64.06,65.93,67.31,68.83,70.23,71.49,72.66,73.90,74.89,75.59,76.07,76.53,77.36,78.20,78.99,79.78,80.52,81.21,81.91,82.55,83.19,83.80,84.46,85.06,85.58,85.96,86.34,86.78,87.02,87.15,87.73,90.27,92.61,94.09,95.35,96.07,96.82,97.55,97.87,98.03,98.07,98.07,98.07,98.07,98.07,98.07,98.07,98.07,98.07,98.07,98.15,98.28,98.33,98.35,98.38,98.39,98.61,98.75,98.83,98.86,99.11,99.18,99.23,99.24,99.25,99.27,99.27,99.27,99.27,99.27,99.27,99.27,99.27,99.27,99.27,99.27,99.27,99.80,99.85,99.98,100.00,100.00,100.00,100.00,100.00,100.00,100.00,100.00
73.9
SmoteBag
0.00,20.49,26.39,32.35,39.08,43.62,47.77,50.94,52.82,55.59,57.37,59.45,61.54,62.88,64.26,65.72,67.06,68.31,69.46,70.45,71.04,71.55,72.08,72.77,73.61,74.42,75.18,75.93,76.65,77.33,78.02,78.71,79.33,79.98,80.53,81.03,81.30,81.54,81.91,82.30,82.61,82.94,83.77,85.78,88.77,91.03,92.47,93.87,94.93,95.64,96.26,96.63,96.71,96.72,96.74,96.74,96.74,96.74,96.74,96.75,96.75,96.75,96.81,96.92,97.15,97.52,97.63,97.65,97.72,97.80,98.00,98.12,98.18,98.28,98.45,98.62,98.84,99.09,99.22,99.26,99.27,99.27,99.27,99.27,99.27,99.27,99.27,99.27,99.27,99.27,99.44,99.46,99.95,100.00,100.00,100.00,100.00,100.00,100.00,100.00,100.00
71.04
Boost
0.00,19.34,27.21,33.03,37.14,39.85,42.21,44.46,46.29,48.21,49.74,51.21,52.51,53.74,54.81,55.57,56.25,56.91,57.68,58.47,59.23,59.99,60.73,61.43,62.10,62.78,63.38,64.01,64.52,65.05,65.42,65.68,66.01,66.36,66.68,67.00,68.04,70.04,73.34,76.85,80.12,82.72,84.75,86.45,87.87,89.00,89.91,90.58,91.12,91.52,91.77,91.96,92.01,92.06,92.10,92.16,92.21,92.23,92.36,92.61,92.91,93.37,93.81,94.13,94.47,94.83,95.37,95.83,96.15,96.28,96.36,96.56,96.86,97.36,97.72,97.99,98.34,98.53,98.64,98.72,98.72,98.72,98.72,98.72,98.73,98.79,98.82,99.15,99.23,99.26,99.35,99.39,99.88,99.99,99.99,99.99,99.99,99.99,100.00,100.00,100.00
59.23
ROSBoost
0.00,17.69,24.59,32.22,36.80,40.82,43.05,45.31,47.36,49.05,51.09,52.88,54.38,55.88,57.17,58.38,59.56,60.59,61.36,61.88,62.39,63.12,63.93,64.69,65.42,66.14,66.80,67.42,67.93,68.45,69.05,69.58,70.04,70.35,70.57,70.81,71.02,71.42,71.93,72.82,73.83,76.04,78.91,81.87,84.15,86.38,88.07,89.45,90.53,91.55,92.26,92.66,93.04,93.26,93.42,93.58,93.70,93.81,93.93,94.05,94.13,94.34,94.70,95.02,95.35,95.66,96.03,96.30,96.56,96.79,96.96,97.10,97.20,97.39,97.58,97.76,97.95,98.11,98.22,98.30,98.39,98.43,98.45,98.45,98.49,98.54,98.62,98.74,98.91,98.96,99.15,99.21,99.38,99.72,99.92,99.94,99.98,99.98,99.99,99.99,100.00
62.39
RUSBoost
0.00,18.58,25.41,32.69,38.41,42.66,45.89,47.89,50.38,52.37,54.13,56.17,58.01,59.56,61.05,62.39,63.65,64.91,66.01,66.91,67.66,68.11,68.74,69.44,70.23,71.01,71.77,72.46,73.11,73.77,74.34,74.88,75.43,76.02,76.48,76.79,76.98,77.18,77.43,77.80,78.08,78.50,79.36,81.05,83.23,85.58,87.76,89.91,91.50,92.74,93.66,94.50,94.94,95.30,95.55,95.69,95.79,95.90,95.99,96.05,96.05,96.09,96.17,96.27,96.54,96.86,97.07,97.25,97.51,97.66,97.80,97.91,98.00,98.06,98.17,98.31,98.46,98.58,98.68,98.74,98.78,98.82,98.83,98.85,98.86,98.86,98.89,98.96,99.02,99.05,99.18,99.26,99.41,99.64,99.84,99.92,99.99,99.99,99.99,99.99,100.00
67.66
SmoteBoost
0.00,17.75,24.88,32.58,37.37,41.29,43.67,46.01,48.07,49.80,51.83,53.58,55.16,56.62,57.91,59.15,60.35,61.40,62.15,62.73,63.25,64.00,64.75,65.55,66.28,67.00,67.67,68.31,68.80,69.34,69.92,70.43,70.88,71.23,71.50,71.72,71.99,72.25,72.77,73.49,74.81,76.77,79.37,81.96,84.59,86.79,88.67,90.05,91.11,92.01,92.65,93.21,93.54,93.72,93.88,93.97,94.06,94.20,94.28,94.36,94.51,94.72,94.96,95.28,95.66,96.01,96.36,96.61,96.80,96.95,97.12,97.27,97.40,97.50,97.74,97.89,98.08,98.25,98.41,98.47,98.54,98.58,98.59,98.61,98.62,98.67,98.74,98.85,98.97,99.03,99.13,99.19,99.39,99.76,99.93,99.94,99.99,99.99,100.00,100.00,100.00
63.25
