Simple
0.50,17.04,20.99,23.54,25.19,26.14,26.77,27.23,27.38,27.72,27.87,28.64,32.36,41.48,47.43,52.66,57.33,61.28,63.59,66.75,69.00,71.40,73.03,73.35,73.88,75.42,76.30,76.59,77.44,78.33,79.43,80.78,82.16,83.16,84.17,85.63,86.29,87.43,88.88,90.26,91.40,92.60,94.00,94.04,94.09,94.69,95.37,96.18,96.66,97.15,97.63,97.99,97.99,97.99,98.11,98.48,98.48,98.48,98.48,98.48,98.49,98.50,98.50,98.64,99.00,99.00,99.00,99.00,99.03,99.50,99.50,99.50,99.50,99.50,100.00,100.00,100.00,100.00,100.00,100.00,100.00,100.00,100.00,100.00,100.00,100.00,100.00,100.00,100.00,100.00,100.00,100.00,100.00,100.00,100.00,100.00,100.00,100.00,100.00,100.00,100.00
69.0
ROS
0.50,20.31,28.48,36.54,39.96,42.23,44.45,46.25,48.50,50.84,52.87,54.56,55.79,56.59,57.19,57.83,58.44,58.82,59.10,59.26,59.47,59.70,59.94,60.49,61.68,63.39,65.19,67.29,69.92,72.42,74.62,76.74,78.30,79.59,80.73,81.73,82.63,83.55,84.54,85.48,86.56,87.57,88.56,89.41,90.39,91.33,92.12,92.98,93.73,94.38,95.06,95.58,96.07,96.62,96.95,97.24,97.54,97.83,98.00,98.12,98.19,98.33,98.40,98.44,98.50,98.67,98.72,98.77,98.93,98.97,99.14,99.20,99.26,99.42,99.60,99.65,99.70,99.89,99.91,99.93,99.95,99.95,99.96,99.97,99.97,99.98,100.00,100.00,100.00,100.00,100.00,100.00,100.00,100.00,100.00,100.00,100.00,100.00,100.00,100.00,100.00
59.47
RUS
0.50,20.84,29.05,36.09,41.92,44.59,47.01,48.73,50.71,52.49,54.39,56.54,58.63,60.33,61.75,62.93,63.85,64.54,65.10,65.64,66.04,66.47,66.78,67.04,67.26,67.55,67.80,68.08,68.39,68.93,69.56,70.11,70.79,71.40,72.39,73.44,74.43,75.37,76.36,77.26,78.28,79.06,80.00,81.22,82.37,83.70,84.81,86.16,87.37,88.53,89.37,90.22,91.10,91.86,92.57,93.26,93.94,94.60,95.16,95.67,96.17,96.58,96.99,97.26,97.55,97.90,98.15,98.32,98.49,98.61,98.75,98.90,98.99,99.08,99.17,99.26,99.31,99.43,99.47,99.56,99.61,99.66,99.72,99.74,99.80,99.84,99.87,99.89,99.96,99.97,99.98,99.99,100.00,100.00,100.00,100.00,100.00,100.00,100.00,100.00,100.00
66.04
Smote
0.50,21.41,29.52,37.36,41.68,44.90,46.50,48.79,50.52,52.66,55.26,57.39,59.04,60.41,61.33,61.98,62.57,63.23,63.73,64.12,64.31,64.48,64.72,64.91,65.22,65.55,66.05,66.65,67.64,68.97,70.89,73.39,75.88,78.04,80.02,81.73,83.21,84.28,85.10,85.76,86.43,87.18,88.04,88.92,89.92,90.86,91.77,92.58,93.34,94.06,94.83,95.50,96.07,96.49,96.90,97.30,97.67,98.00,98.24,98.41,98.49,98.58,98.65,98.72,98.76,98.81,98.89,98.92,99.03,99.16,99.24,99.36,99.39,99.49,99.60,99.66,99.72,99.88,99.88,99.94,99.96,99.96,99.97,99.98,99.99,99.99,100.00,100.00,100.00,100.00,100.00,100.00,100.00,100.00,100.00,100.00,100.00,100.00,100.00,100.00,100.00
64.31
Bag
0.50,16.87,20.96,23.56,25.12,26.08,26.66,27.05,27.32,27.68,28.92,32.26,39.24,46.00,51.29,56.00,60.01,63.04,65.80,68.35,70.56,72.32,73.13,73.74,74.89,75.83,76.35,77.04,77.94,79.04,80.25,81.61,82.68,83.76,84.96,85.94,86.94,88.26,89.64,90.91,92.18,93.21,93.76,93.93,94.27,95.00,95.71,96.30,96.85,97.29,97.64,97.74,97.76,97.87,98.09,98.24,98.24,98.24,98.24,98.25,98.28,98.35,98.48,98.76,98.91,98.91,98.92,98.93,99.09,99.41,99.42,99.43,99.50,99.51,99.99,99.99,99.99,100.00,100.00,100.00,100.00,100.00,100.00,100.00,100.00,100.00,100.00,100.00,100.00,100.00,100.00,100.00,100.00,100.00,100.00,100.00,100.00,100.00,100.00,100.00,100.00
70.56
ROSBag
0.50,20.86,29.32,37.72,41.20,43.21,45.72,47.25,49.93,52.39,54.12,55.72,56.85,57.41,58.00,58.72,59.10,59.44,59.51,59.60,59.94,60.08,60.51,61.23,63.05,64.73,66.86,70.28,73.47,76.44,78.64,80.35,81.44,82.50,83.50,83.90,84.44,85.15,85.72,86.74,87.73,88.71,89.70,90.55,91.59,92.32,93.15,94.06,94.75,95.43,96.08,96.35,96.66,97.13,97.47,97.70,97.96,98.13,98.15,98.21,98.23,98.45,98.46,98.47,98.49,98.66,98.68,98.73,98.98,99.00,99.16,99.19,99.24,99.49,99.67,99.69,99.70,99.99,99.99,99.99,99.99,99.99,100.00,100.00,100.00,100.00,100.00,100.00,100.00,100.00,100.00,100.00,100.00,100.00,100.00,100.00,100.00,100.00,100.00,100.00,100.00
59.94
RUSBag
0.50,21.53,29.76,37.17,42.37,45.16,47.08,49.10,50.98,52.76,55.22,57.56,59.40,60.95,62.20,63.07,63.76,64.36,64.96,65.41,65.72,65.89,66.08,66.29,66.49,66.76,67.01,67.25,67.54,68.15,68.89,69.99,71.24,72.60,74.01,75.24,76.33,77.23,78.06,78.98,80.10,81.48,82.82,84.35,85.68,87.04,88.21,89.23,90.11,90.84,91.59,92.24,92.96,93.55,94.21,94.77,95.35,95.89,96.35,96.78,97.17,97.50,97.77,97.95,98.15,98.35,98.45,98.55,98.67,98.79,98.86,98.98,99.01,99.09,99.18,99.21,99.27,99.41,99.50,99.61,99.66,99.68,99.74,99.81,99.84,99.86,99.94,99.94,100.00,100.00,100.00,100.00,100.00,100.00,100.00,100.00,100.00,100.00,100.00,100.00,100.00
65.72
SmoteBag
0.50,21.66,29.75,37.82,41.77,45.12,46.63,49.00,50.51,53.11,55.70,57.59,59.18,60.37,61.09,61.66,62.34,63.00,63.38,63.65,63.74,63.95,64.18,64.40,64.72,65.26,66.11,67.34,68.84,71.00,73.66,76.38,78.91,80.91,82.47,83.65,84.58,85.30,85.92,86.44,87.14,88.07,88.96,89.93,90.86,91.85,92.67,93.46,94.23,94.90,95.55,96.15,96.59,96.90,97.28,97.65,97.99,98.26,98.41,98.50,98.51,98.59,98.65,98.68,98.70,98.78,98.85,98.87,99.03,99.15,99.24,99.32,99.35,99.50,99.67,99.70,99.73,99.93,99.93,99.97,99.97,99.98,99.99,99.99,99.99,99.99,100.00,100.00,100.00,100.00,100.00,100.00,100.00,100.00,100.00,100.00,100.00,100.00,100.00,100.00,100.00
63.74
Boost
0.50,20.39,27.97,30.93,33.08,35.80,38.02,39.26,39.98,40.73,41.08,41.43,41.59,41.83,42.09,42.44,43.99,48.68,53.86,58.96,63.22,66.36,68.86,71.32,73.69,75.76,77.19,77.75,78.47,79.41,79.92,80.49,81.39,82.35,83.45,84.74,85.84,87.05,87.84,88.55,89.46,90.81,92.07,93.23,94.22,94.58,94.65,95.10,95.89,96.48,96.94,97.38,97.82,97.97,98.00,98.02,98.31,98.50,98.50,98.50,98.50,98.50,98.50,98.52,98.82,99.00,99.00,99.00,99.02,99.32,99.50,99.50,99.50,99.50,100.00,100.00,100.00,100.00,100.00,100.00,100.00,100.00,100.00,100.00,100.00,100.00,100.00,100.00,100.00,100.00,100.00,100.00,100.00,100.00,100.00,100.00,100.00,100.00,100.00,100.00,100.00
63.22
ROSBoost
0.50,20.10,28.72,35.14,38.26,40.72,43.19,45.16,47.60,49.86,51.65,52.99,53.91,54.58,55.23,55.83,56.29,56.58,56.77,57.05,57.36,57.84,58.49,59.75,61.94,64.96,67.92,70.93,73.53,76.10,78.25,80.20,81.46,82.45,83.32,84.21,85.02,85.78,86.56,87.33,88.23,89.24,90.05,90.85,91.77,92.73,93.65,94.46,95.15,95.68,96.17,96.64,97.10,97.54,97.81,98.00,98.19,98.35,98.49,98.59,98.61,98.64,98.67,98.72,98.78,98.92,99.06,99.12,99.20,99.29,99.41,99.55,99.62,99.68,99.81,99.85,99.89,99.97,99.97,99.98,99.98,99.99,100.00,100.00,100.00,100.00,100.00,100.00,100.00,100.00,100.00,100.00,100.00,100.00,100.00,100.00,100.00,100.00,100.00,100.00,100.00
57.36
RUSBoost
0.50,20.38,28.75,35.94,39.05,41.48,43.84,45.80,48.08,50.36,52.34,53.92,55.09,55.94,56.58,57.25,57.74,58.16,58.38,58.58,58.80,59.07,59.45,59.96,60.85,62.10,64.01,66.50,69.11,71.68,74.07,76.19,77.88,79.33,80.71,81.88,82.99,84.04,84.95,85.97,86.80,87.79,88.70,89.58,90.44,91.18,92.16,92.97,93.83,94.59,95.17,95.65,96.21,96.63,97.09,97.48,97.83,98.08,98.19,98.32,98.44,98.54,98.63,98.70,98.75,98.83,98.93,99.05,99.14,99.24,99.31,99.43,99.54,99.62,99.74,99.78,99.80,99.90,99.91,99.92,99.94,99.96,99.97,99.99,99.99,99.99,100.00,100.00,100.00,100.00,100.00,100.00,100.00,100.00,100.00,100.00,100.00,100.00,100.00,100.00,100.00
58.8
SmoteBoost
0.50,20.22,28.66,35.79,38.81,41.06,43.65,45.57,47.88,50.31,52.31,53.89,55.00,55.78,56.49,57.06,57.61,57.97,58.25,58.45,58.66,59.01,59.36,60.11,61.25,63.30,65.85,68.26,70.81,73.34,75.72,77.80,79.48,80.74,81.98,82.91,83.79,84.76,85.81,86.65,87.59,88.60,89.49,90.28,91.13,92.03,92.92,93.81,94.52,95.10,95.69,96.27,96.74,97.16,97.53,97.77,98.02,98.25,98.41,98.51,98.58,98.64,98.72,98.76,98.84,98.94,99.09,99.17,99.24,99.34,99.43,99.56,99.63,99.69,99.85,99.88,99.90,99.93,99.95,99.97,99.97,99.97,99.98,99.99,99.99,99.99,100.00,100.00,100.00,100.00,100.00,100.00,100.00,100.00,100.00,100.00,100.00,100.00,100.00,100.00,100.00
58.66
