Simple
0.00,5.54,7.02,8.08,8.77,9.07,9.16,9.20,9.30,9.45,9.90,10.68,11.64,13.29,15.33,17.52,20.40,23.61,26.95,30.52,34.56,38.65,42.53,46.27,49.85,53.10,56.02,58.71,61.15,63.38,65.40,67.22,68.92,70.55,72.05,73.41,74.68,75.87,76.98,78.00,78.92,79.86,80.73,81.62,82.41,83.19,83.96,84.70,85.40,86.08,86.76,87.39,88.01,88.59,89.14,89.62,90.04,90.42,90.78,91.14,91.44,91.74,92.01,92.31,92.62,92.90,93.24,93.60,93.92,94.32,94.68,95.00,95.37,95.74,96.03,96.31,96.67,96.96,97.23,97.51,97.80,98.04,98.25,98.51,98.73,98.92,99.09,99.23,99.36,99.44,99.51,99.57,99.59,99.66,99.73,99.75,99.75,99.89,99.92,99.93,100.00
34.56
ROS
0.00,20.61,27.88,33.03,37.02,39.48,42.51,44.31,46.22,47.77,48.91,49.81,50.79,52.06,52.45,52.81,53.44,54.00,54.53,55.08,55.67,56.16,56.64,56.84,57.39,57.82,58.10,58.39,58.76,59.15,59.57,59.84,59.94,60.05,60.07,60.07,60.07,60.12,60.19,60.30,60.37,60.45,60.49,60.51,60.52,60.55,60.62,60.66,60.71,60.75,60.82,60.87,61.03,61.78,63.53,66.14,68.92,71.65,74.26,76.67,78.86,80.68,82.09,83.39,84.83,86.33,87.70,88.80,89.61,90.24,90.85,91.42,91.90,92.36,92.84,93.29,93.66,94.12,94.77,95.46,95.92,96.25,96.52,96.80,97.08,97.29,97.47,97.70,97.93,98.16,98.37,98.62,98.88,99.14,99.29,99.46,99.67,99.82,99.88,99.89,100.00
55.67
RUS
0.00,20.27,27.68,32.71,36.38,38.90,41.85,43.75,45.36,47.02,48.20,49.16,50.45,51.36,51.89,52.31,53.02,53.64,54.31,54.80,55.38,55.88,56.31,56.59,57.09,57.52,57.80,58.04,58.34,58.75,59.18,59.49,59.60,59.71,59.75,59.75,59.76,59.80,59.90,60.00,60.08,60.16,60.20,60.21,60.22,60.25,60.31,60.38,60.44,60.56,60.68,60.78,60.93,61.64,63.54,66.23,69.13,71.85,74.49,76.98,79.22,81.12,82.59,83.90,85.33,86.82,88.21,89.31,90.12,90.82,91.49,92.10,92.63,93.09,93.61,94.09,94.45,94.85,95.42,96.05,96.48,96.75,96.98,97.19,97.36,97.46,97.57,97.76,97.98,98.21,98.41,98.64,98.91,99.12,99.31,99.52,99.72,99.86,99.90,99.91,100.00
55.38
Smote
0.00,20.47,27.71,32.87,37.15,39.61,42.44,44.36,46.38,47.85,49.24,50.21,51.10,52.53,52.91,53.22,53.91,54.42,54.98,55.58,56.11,56.67,57.16,57.56,57.76,58.32,58.72,59.02,59.30,59.66,60.04,60.51,60.78,60.86,60.97,60.97,60.97,60.97,61.05,61.14,61.22,61.30,61.36,61.37,61.38,61.40,61.47,61.53,61.56,61.60,61.68,61.73,61.76,62.09,63.79,66.43,69.31,72.04,74.66,77.07,79.32,81.17,82.52,83.82,85.26,86.82,88.20,89.32,90.08,90.72,91.31,91.91,92.34,92.77,93.29,93.68,93.98,94.41,95.11,95.79,96.20,96.50,96.83,97.10,97.33,97.50,97.64,97.85,98.07,98.29,98.47,98.79,99.06,99.22,99.39,99.61,99.78,99.84,99.86,99.86,100.00
56.11
Bag
0.00,8.59,10.50,11.60,12.46,13.21,13.75,14.06,14.21,14.36,14.50,14.71,15.17,16.16,17.57,19.45,21.85,24.60,27.85,31.22,34.99,39.01,42.75,46.54,50.01,53.28,56.21,58.99,61.44,63.69,65.76,67.67,69.39,71.01,72.52,73.96,75.23,76.42,77.52,78.56,79.54,80.43,81.29,82.16,82.92,83.74,84.48,85.21,85.93,86.62,87.34,87.97,88.62,89.19,89.70,90.20,90.63,91.03,91.36,91.71,92.02,92.31,92.62,92.89,93.20,93.54,93.85,94.18,94.53,94.84,95.20,95.49,95.81,96.15,96.41,96.71,96.98,97.24,97.52,97.79,98.03,98.26,98.49,98.71,98.90,99.05,99.18,99.27,99.38,99.44,99.51,99.57,99.60,99.68,99.75,99.77,99.77,99.94,99.96,99.96,100.00
34.99
ROSBag
0.00,20.75,28.03,33.20,37.17,39.63,42.76,44.58,46.51,48.12,49.15,50.06,51.06,52.24,52.60,52.95,53.55,54.12,54.69,55.21,55.80,56.31,56.80,56.96,57.47,57.95,58.21,58.52,58.85,59.25,59.71,60.03,60.12,60.24,60.25,60.25,60.25,60.31,60.42,60.48,60.58,60.63,60.66,60.67,60.68,60.75,60.80,60.84,60.88,60.95,61.00,61.04,61.27,62.53,65.00,67.75,70.57,73.17,75.73,78.08,80.01,81.53,82.77,84.16,85.66,87.14,88.41,89.25,89.95,90.55,91.14,91.64,92.04,92.56,92.98,93.34,93.72,94.35,95.11,95.69,96.09,96.35,96.66,96.93,97.24,97.45,97.61,97.85,98.08,98.30,98.49,98.81,99.05,99.24,99.42,99.61,99.78,99.84,99.87,99.87,100.00
55.8
RUSBag
0.00,20.41,27.96,32.98,36.51,39.11,42.05,43.96,45.53,47.16,48.36,49.33,50.67,51.51,52.07,52.48,53.21,53.82,54.48,54.98,55.55,56.05,56.50,56.78,57.30,57.70,57.98,58.21,58.55,58.94,59.39,59.69,59.78,59.92,59.94,59.94,59.94,60.01,60.12,60.19,60.29,60.34,60.37,60.37,60.38,60.46,60.51,60.55,60.58,60.67,60.71,60.74,60.93,62.36,64.88,67.84,70.70,73.32,75.82,78.27,80.31,81.97,83.25,84.61,86.17,87.64,88.95,89.81,90.53,91.21,91.88,92.43,92.88,93.38,93.91,94.29,94.65,95.16,95.82,96.35,96.68,96.87,97.13,97.28,97.39,97.49,97.60,97.86,98.08,98.31,98.48,98.79,99.04,99.19,99.42,99.63,99.80,99.88,99.88,99.88,100.00
55.55
SmoteBag
0.00,20.51,27.76,32.97,37.24,39.72,42.60,44.50,46.53,48.01,49.38,50.34,51.22,52.68,53.00,53.30,54.03,54.55,55.08,55.69,56.23,56.78,57.29,57.64,57.87,58.47,58.81,59.12,59.41,59.81,60.17,60.64,60.89,60.97,61.07,61.07,61.07,61.08,61.20,61.25,61.34,61.43,61.46,61.47,61.47,61.50,61.60,61.64,61.65,61.73,61.80,61.83,61.84,62.37,64.81,67.69,70.51,73.23,75.71,78.02,80.24,81.84,83.06,84.34,85.94,87.44,88.70,89.72,90.32,90.97,91.53,92.13,92.45,92.92,93.49,93.77,94.03,94.59,95.39,95.99,96.33,96.58,96.95,97.18,97.41,97.57,97.68,97.95,98.16,98.36,98.51,98.95,99.16,99.25,99.49,99.71,99.81,99.84,99.85,99.85,100.00
56.23
Boost
0.00,13.77,18.22,21.27,23.14,24.55,25.61,26.42,27.12,27.85,28.45,28.95,29.36,29.75,30.08,30.28,30.35,30.36,30.39,30.47,30.53,30.62,30.68,30.73,30.73,30.75,30.80,30.91,31.07,31.30,32.00,33.22,34.72,36.67,39.25,42.74,46.80,51.05,54.94,58.65,61.86,64.64,67.21,69.66,71.75,73.53,75.19,76.90,78.49,79.82,80.98,82.05,82.92,83.76,84.50,85.29,86.03,86.68,87.25,87.88,88.55,89.23,89.77,90.35,90.94,91.61,92.25,92.71,93.06,93.34,93.70,94.04,94.27,94.50,94.72,94.97,95.21,95.49,95.81,96.16,96.41,96.71,97.01,97.30,97.55,97.82,98.08,98.34,98.60,98.78,98.97,99.25,99.45,99.61,99.73,99.82,99.82,99.89,99.89,99.89,100.00
30.53
ROSBoost
0.00,20.46,27.63,32.61,35.88,38.68,41.40,43.14,44.58,46.07,47.06,47.97,49.22,49.81,50.19,50.77,51.34,51.90,52.50,53.05,53.57,53.99,54.38,54.85,55.19,55.53,55.90,56.25,56.56,56.76,56.86,56.93,56.95,56.96,56.99,57.04,57.12,57.19,57.28,57.34,57.39,57.41,57.45,57.52,57.60,57.71,57.89,58.21,58.73,59.38,60.17,61.41,63.27,65.61,68.24,70.88,73.37,75.68,77.83,79.69,81.27,82.71,84.05,85.34,86.57,87.63,88.51,89.23,89.91,90.52,91.05,91.60,92.16,92.67,93.10,93.59,94.12,94.68,95.21,95.63,95.96,96.22,96.49,96.74,97.00,97.21,97.44,97.69,97.94,98.15,98.40,98.64,98.92,99.10,99.27,99.45,99.61,99.78,99.89,99.92,100.00
53.57
RUSBoost
0.00,20.10,27.31,32.23,35.26,38.08,40.65,42.51,44.06,45.44,46.46,47.51,48.68,49.23,49.74,50.34,50.98,51.58,52.15,52.69,53.17,53.56,54.01,54.42,54.75,55.07,55.43,55.81,56.12,56.33,56.45,56.51,56.54,56.56,56.60,56.66,56.75,56.82,56.89,56.94,56.97,56.99,57.04,57.08,57.12,57.20,57.38,57.64,57.93,58.42,59.46,61.11,63.31,65.86,68.68,71.38,73.97,76.29,78.38,80.18,81.74,83.23,84.62,85.99,87.18,88.20,89.04,89.83,90.47,91.04,91.57,92.14,92.62,93.07,93.51,94.03,94.59,95.12,95.53,95.91,96.21,96.46,96.65,96.86,97.06,97.23,97.47,97.70,97.93,98.18,98.44,98.71,98.93,99.14,99.29,99.50,99.69,99.83,99.90,99.91,100.00
53.17
SmoteBoost
0.00,20.45,27.71,32.68,36.11,38.84,41.67,43.35,44.84,46.43,47.45,48.31,49.51,50.23,50.66,51.17,51.76,52.31,52.91,53.47,54.00,54.42,54.80,55.26,55.65,55.97,56.32,56.69,57.06,57.31,57.46,57.54,57.58,57.60,57.62,57.65,57.73,57.81,57.88,57.95,57.99,58.02,58.05,58.11,58.21,58.39,58.63,58.90,59.25,59.77,60.66,61.91,63.81,66.23,68.75,71.35,73.88,76.13,78.24,79.99,81.55,82.98,84.36,85.73,86.88,87.92,88.78,89.50,90.17,90.77,91.32,91.84,92.36,92.83,93.28,93.76,94.29,94.88,95.34,95.71,96.04,96.35,96.60,96.82,97.08,97.30,97.52,97.77,98.01,98.25,98.47,98.75,98.99,99.16,99.31,99.49,99.68,99.82,99.88,99.90,100.00
54.0
