Simple
0.00,8.29,12.85,16.79,19.99,22.54,24.89,26.26,27.66,28.78,30.12,31.14,31.72,32.44,33.39,34.36,35.22,36.11,36.92,37.50,37.88,38.31,38.84,39.39,39.87,40.35,40.87,41.17,41.40,41.51,41.72,41.98,42.34,42.62,42.97,43.26,43.56,43.75,43.89,43.94,43.95,44.26,44.90,46.47,49.27,52.74,56.31,59.63,62.67,65.29,67.54,69.46,71.35,72.92,74.30,75.36,76.27,77.02,77.84,78.49,79.09,79.89,80.89,81.95,83.08,84.11,85.26,86.33,87.35,88.23,88.97,89.63,90.16,90.70,91.17,91.66,92.23,92.76,93.46,94.25,95.13,95.94,96.60,97.17,97.52,97.77,97.99,98.34,98.73,99.21,99.28,99.32,99.35,99.35,99.43,99.46,99.46,99.57,99.57,99.97,100.00
37.88
ROS
0.00,7.68,14.15,18.01,21.33,25.23,28.66,29.96,32.33,34.91,37.14,38.95,40.07,41.12,42.39,43.61,44.59,45.87,47.15,48.20,49.13,49.98,50.57,51.08,51.73,52.41,53.23,54.10,54.90,55.72,56.54,57.25,57.81,58.17,58.47,58.91,59.39,59.92,60.42,60.94,61.39,61.75,62.03,62.21,62.37,62.55,62.80,62.99,63.28,63.49,63.84,64.14,64.42,64.63,64.78,65.06,65.31,65.71,66.75,68.39,70.74,73.20,76.14,78.82,81.16,83.08,84.61,85.87,86.93,87.88,88.67,89.26,89.91,90.45,91.16,91.92,92.68,93.44,94.18,94.89,95.51,96.03,96.46,96.84,97.18,97.47,97.86,98.15,98.53,98.87,99.10,99.39,99.59,99.72,99.74,99.75,99.75,99.81,99.81,99.90,100.00
49.13
RUS
0.00,8.37,15.18,19.48,22.44,26.37,30.16,32.09,33.61,35.97,38.56,40.75,42.58,43.89,45.02,46.28,47.53,48.59,49.79,51.17,52.30,53.29,54.23,55.10,55.63,56.03,56.56,57.25,58.17,58.94,59.73,60.48,61.39,62.15,62.73,63.06,63.34,63.72,64.25,64.77,65.30,65.80,66.28,66.70,67.01,67.25,67.41,67.54,67.70,67.91,68.10,68.31,68.55,68.90,69.18,69.45,69.65,69.82,69.88,69.90,70.13,70.74,71.90,73.80,76.53,79.45,82.27,84.63,86.58,88.06,89.06,89.96,90.72,91.28,91.75,92.29,92.77,93.46,94.13,94.84,95.53,96.06,96.62,97.06,97.46,97.77,98.05,98.28,98.48,98.72,99.06,99.29,99.54,99.82,99.92,99.92,99.92,99.92,99.92,99.94,100.00
52.3
Smote
0.00,7.97,14.65,18.56,21.82,25.82,29.47,30.85,33.30,35.85,37.96,39.44,40.49,41.51,42.87,43.91,44.96,46.30,47.59,48.61,49.53,50.53,51.22,51.66,52.30,53.06,54.04,54.80,55.58,56.34,57.32,58.11,58.65,58.92,59.18,59.58,60.14,60.70,61.22,61.72,62.25,62.68,63.01,63.17,63.28,63.41,63.63,63.84,64.01,64.26,64.53,64.87,65.14,65.46,65.63,65.73,65.76,65.77,65.96,66.58,68.12,70.66,73.71,76.75,79.76,82.31,84.09,85.39,86.51,87.55,88.47,89.08,89.53,89.92,90.42,91.18,92.19,93.12,93.85,94.68,95.49,96.27,96.75,97.17,97.58,97.89,98.22,98.46,98.65,99.05,99.28,99.39,99.73,99.94,99.94,99.94,99.94,99.94,99.94,99.96,100.00
49.53
Bag
0.00,7.70,12.08,15.97,18.72,21.32,23.37,24.82,26.06,27.28,28.51,29.28,30.01,30.84,31.77,32.58,33.44,34.28,34.92,35.43,35.91,36.43,36.98,37.49,37.97,38.43,38.78,39.02,39.28,39.57,39.82,40.16,40.46,40.78,41.04,41.30,41.43,41.53,41.66,41.85,42.37,43.80,46.41,49.62,52.87,56.27,59.43,62.34,64.63,66.84,68.90,70.67,72.16,73.43,74.54,75.70,76.64,77.47,78.15,78.96,79.96,80.97,81.99,83.06,84.15,85.26,86.25,87.18,87.94,88.65,89.25,89.81,90.35,90.89,91.53,92.00,92.65,93.32,94.13,94.97,95.73,96.40,96.97,97.32,97.70,97.96,98.36,98.84,99.16,99.39,99.47,99.48,99.53,99.53,99.69,99.74,99.75,99.92,99.92,99.99,100.00
35.91
ROSBag
0.00,7.53,13.83,17.36,21.01,24.97,28.25,29.45,32.06,34.65,36.84,38.56,39.66,40.71,42.09,43.09,44.23,45.61,46.76,47.71,48.70,49.66,50.27,50.66,51.17,52.08,53.03,53.84,54.49,55.42,56.25,57.15,57.61,57.80,58.13,58.70,59.22,59.77,60.27,60.80,61.30,61.74,62.01,62.11,62.15,62.36,62.63,62.79,62.91,63.23,63.54,63.87,64.13,64.41,64.59,64.61,64.63,64.77,65.09,65.91,68.01,71.42,74.50,77.59,80.69,83.15,84.72,85.96,87.20,88.24,89.08,89.67,90.18,90.65,91.09,91.84,92.87,93.54,94.34,95.03,95.84,96.31,96.80,97.24,97.51,97.82,98.15,98.37,98.69,99.15,99.30,99.43,99.87,99.94,99.94,99.94,99.94,99.94,99.94,99.97,100.00
48.7
RUSBag
0.00,8.53,15.78,20.08,23.04,27.04,30.77,32.15,33.90,36.39,38.94,41.15,42.96,44.22,45.27,46.54,47.77,48.72,50.06,51.46,52.63,53.53,54.56,55.41,55.82,56.19,56.65,57.51,58.49,59.32,59.97,60.84,61.75,62.61,63.12,63.26,63.52,64.00,64.56,65.08,65.63,66.13,66.64,67.13,67.45,67.62,67.66,67.79,68.04,68.24,68.33,68.56,68.89,69.22,69.51,69.82,70.08,70.16,70.17,70.17,70.18,70.35,71.66,74.05,77.18,80.01,83.24,85.91,87.58,88.44,89.45,90.56,91.30,91.76,92.12,92.47,92.91,93.70,94.53,95.11,95.77,96.40,96.92,97.33,97.72,98.08,98.32,98.56,98.65,98.94,99.27,99.35,99.71,99.99,99.99,99.99,99.99,99.99,99.99,99.99,100.00
52.63
SmoteBag
0.00,8.06,14.82,18.37,21.92,25.90,29.47,30.67,33.18,35.73,37.72,39.11,40.16,41.09,42.47,43.48,44.54,45.90,47.19,48.20,49.14,50.14,50.79,51.22,51.85,52.71,53.65,54.44,55.16,55.99,56.92,57.75,58.23,58.49,58.77,59.24,59.80,60.34,60.84,61.41,61.89,62.34,62.66,62.82,62.85,63.02,63.24,63.45,63.60,63.84,64.13,64.48,64.76,65.08,65.25,65.36,65.36,65.36,65.53,65.79,67.51,70.26,73.37,76.34,79.45,82.16,83.99,85.06,86.20,87.37,88.32,88.95,89.39,89.78,90.18,91.02,92.13,93.04,93.80,94.53,95.42,96.23,96.76,97.25,97.57,97.97,98.29,98.55,98.70,99.15,99.35,99.39,99.81,99.98,99.98,99.98,99.98,99.98,99.98,99.99,100.00
49.14
Boost
0.00,8.53,12.58,16.59,20.38,22.79,25.41,27.76,29.39,30.78,31.97,33.18,34.49,35.67,36.53,37.20,37.94,38.87,39.71,40.65,41.39,42.28,42.90,43.41,43.85,44.31,44.81,45.38,45.84,46.27,46.60,46.90,47.08,47.28,47.52,47.83,48.03,48.38,48.53,48.74,48.88,49.18,49.44,50.03,51.64,53.51,55.44,58.41,61.43,64.53,66.97,69.56,71.89,73.84,75.49,77.01,78.20,79.23,80.11,80.85,81.46,82.28,83.05,83.79,84.75,85.72,86.75,87.61,88.62,89.51,90.25,90.96,91.49,91.99,92.47,92.87,93.30,93.88,94.46,95.05,95.65,96.23,96.69,97.07,97.39,97.66,98.02,98.30,98.51,98.68,98.72,98.78,98.84,98.87,98.92,98.97,99.12,99.42,99.43,99.54,100.00
41.39
ROSBoost
0.00,7.53,13.17,16.47,20.06,23.75,26.50,28.11,30.55,32.78,34.51,35.75,36.75,37.82,39.01,40.12,41.18,42.40,43.37,44.34,45.06,45.65,46.15,46.67,47.41,48.20,49.00,49.77,50.59,51.23,51.80,52.28,52.73,53.22,53.68,54.15,54.55,54.89,55.20,55.44,55.58,55.81,55.97,56.19,56.52,56.78,57.07,57.63,58.35,59.35,60.56,62.29,64.26,66.27,68.76,71.32,73.40,75.39,77.25,78.90,80.16,81.42,82.53,83.45,84.25,85.07,85.96,86.81,87.53,88.39,89.35,90.08,90.82,91.51,92.16,92.62,93.16,93.68,94.13,94.60,95.08,95.58,96.06,96.54,96.94,97.25,97.53,97.81,98.00,98.12,98.23,98.35,98.41,98.54,98.65,98.84,98.92,99.12,99.37,99.47,100.00
45.06
RUSBoost
0.00,7.96,14.23,17.83,21.00,24.89,28.42,30.34,31.99,34.49,36.77,38.45,39.81,40.68,41.78,42.99,44.01,45.22,46.24,47.41,48.44,49.39,50.20,50.78,51.18,51.69,52.35,53.13,53.97,54.80,55.63,56.40,57.11,57.62,57.96,58.38,58.91,59.42,59.96,60.39,60.81,61.18,61.40,61.55,61.74,61.97,62.21,62.51,62.71,62.98,63.21,63.47,63.66,63.84,64.50,65.39,66.75,68.30,70.46,72.68,75.06,77.31,79.62,81.34,82.92,84.25,85.18,86.08,86.84,87.55,88.23,88.91,89.75,90.56,91.32,92.15,92.92,93.59,94.17,94.68,95.18,95.61,95.99,96.37,96.78,97.18,97.53,97.87,98.16,98.51,98.70,98.83,98.94,98.97,99.04,99.13,99.16,99.28,99.40,99.57,100.00
48.44
SmoteBoost
0.00,7.80,13.49,16.92,20.70,24.32,26.79,28.59,31.07,33.35,34.95,36.08,37.08,38.34,39.44,40.59,41.73,42.85,43.85,44.75,45.49,45.94,46.42,47.11,47.84,48.67,49.46,50.33,51.09,51.73,52.22,52.64,53.16,53.65,54.15,54.63,55.04,55.32,55.60,55.73,55.92,56.08,56.32,56.59,56.84,57.16,57.54,57.92,58.68,59.80,61.04,62.78,65.18,67.39,69.84,72.15,74.41,76.27,77.86,79.40,80.72,81.88,82.80,83.78,84.62,85.34,86.15,87.02,87.78,88.74,89.37,90.22,90.94,91.60,92.27,92.80,93.28,93.69,94.20,94.61,95.11,95.56,96.13,96.54,96.94,97.27,97.59,97.77,97.91,97.99,98.10,98.20,98.35,98.45,98.53,98.68,98.74,99.03,99.27,99.43,100.00
45.49
