Simple
0.53,18.23,21.78,23.48,24.29,25.19,26.28,26.94,27.51,28.06,28.65,30.08,34.61,42.53,48.93,54.63,59.26,62.18,64.37,65.85,67.35,68.80,69.70,70.63,72.03,73.94,75.63,76.63,77.22,77.73,78.58,79.26,79.73,80.21,80.76,81.29,82.14,83.14,84.23,84.76,84.87,85.15,86.02,86.64,87.38,87.55,87.68,88.13,88.51,88.72,88.98,89.79,90.46,91.09,91.91,92.38,92.44,92.60,93.05,93.46,93.48,93.48,93.54,93.82,94.02,94.16,94.27,94.76,95.19,95.56,95.73,95.84,96.51,97.15,97.37,97.37,97.37,97.38,97.86,98.29,98.40,98.82,98.82,98.84,98.88,98.88,98.94,98.94,98.94,98.94,98.94,98.94,99.47,99.47,99.47,99.47,99.47,99.47,99.47,99.47,100.00
67.35
ROS
0.53,25.82,33.98,38.49,42.21,44.04,46.14,47.73,48.77,49.77,51.01,51.57,51.77,52.39,53.23,54.08,54.71,55.45,56.28,56.93,57.25,57.55,58.00,58.53,58.98,59.22,59.49,59.80,60.24,60.70,61.27,62.40,63.84,66.04,68.86,71.91,74.75,77.39,79.30,80.62,81.84,82.74,83.73,84.70,85.61,86.54,87.34,88.07,88.61,89.04,89.43,89.81,90.22,90.63,91.10,91.61,92.11,92.62,92.98,93.32,93.72,94.10,94.56,94.91,95.25,95.70,96.19,96.59,97.04,97.43,97.76,98.01,98.16,98.24,98.32,98.43,98.53,98.63,98.75,98.85,98.95,99.05,99.12,99.13,99.19,99.19,99.19,99.20,99.20,99.20,99.20,99.20,99.34,99.34,99.47,99.63,99.63,99.74,99.74,99.74,100.00
57.25
RUS
0.53,24.37,32.45,37.53,40.79,42.79,44.98,46.43,47.33,48.56,49.31,49.55,50.09,50.95,51.68,52.45,53.24,54.00,54.54,54.89,55.31,55.82,56.29,56.62,56.87,57.17,57.56,58.27,59.44,61.96,65.64,69.82,72.99,75.53,77.66,79.15,80.42,81.29,82.09,83.05,84.12,85.13,85.94,86.60,87.22,87.84,88.26,88.60,88.88,89.24,89.72,90.30,90.88,91.23,91.53,91.97,92.46,92.89,93.24,93.60,93.98,94.39,94.74,95.27,95.80,96.36,96.87,97.19,97.37,97.54,97.71,97.79,97.87,98.00,98.19,98.33,98.49,98.64,98.69,98.83,98.90,98.94,98.96,98.97,98.98,98.98,98.98,98.98,98.98,98.99,99.00,99.00,99.45,99.46,99.47,99.52,99.52,99.52,99.52,99.52,100.00
55.31
Smote
0.53,25.95,33.79,38.25,41.68,43.73,45.84,47.35,48.60,49.70,51.26,52.02,52.12,52.55,53.31,54.14,54.72,55.47,56.33,56.91,57.07,57.45,58.10,58.56,58.96,59.15,59.34,59.80,60.26,60.76,61.63,63.66,65.64,68.10,71.69,74.97,77.46,79.34,80.85,81.70,82.84,83.95,84.88,85.80,86.77,87.78,88.53,88.96,89.38,89.63,89.98,90.32,90.78,91.16,91.56,92.12,92.66,93.06,93.29,93.58,94.07,94.48,94.69,94.91,95.39,95.79,96.19,96.55,96.89,97.31,97.55,97.59,97.64,97.86,97.94,98.09,98.32,98.39,98.56,98.86,98.96,98.98,99.21,99.22,99.22,99.22,99.22,99.22,99.22,99.22,99.22,99.22,99.45,99.45,99.47,99.75,99.75,99.76,99.76,99.76,100.00
57.07
Bag
0.53,17.12,20.34,21.97,22.79,23.73,24.55,25.04,25.66,26.46,27.92,31.45,37.52,44.64,50.72,55.80,59.71,62.38,64.18,65.74,67.21,68.43,69.45,70.61,72.28,73.99,75.41,76.29,76.84,77.54,78.26,78.81,79.30,79.86,80.35,81.09,81.99,83.04,83.87,84.20,84.45,84.96,85.69,86.34,86.81,87.04,87.29,87.74,88.12,88.40,88.87,89.62,90.27,90.97,91.61,91.90,92.01,92.29,92.71,92.93,92.96,92.98,93.09,93.34,93.59,93.83,94.10,94.56,94.91,95.25,95.48,95.69,96.29,96.86,97.09,97.10,97.12,97.23,97.80,98.07,98.34,98.58,98.60,98.65,98.77,98.78,98.93,98.93,98.93,98.94,98.96,98.96,99.47,99.47,99.47,99.47,99.47,99.47,99.47,99.47,100.00
67.21
ROSBag
0.53,25.91,33.76,38.38,41.94,43.99,46.03,47.55,48.46,49.73,50.97,51.18,51.40,52.31,53.22,53.97,54.60,55.47,56.32,56.77,56.93,57.34,58.02,58.45,58.80,58.97,59.21,59.69,60.11,60.60,61.51,63.65,66.18,68.70,72.04,75.22,77.54,79.35,80.74,81.78,82.71,83.82,84.77,85.69,86.54,87.46,88.16,88.68,89.05,89.39,89.79,90.20,90.68,91.20,91.69,92.13,92.70,93.13,93.42,93.72,94.18,94.69,94.99,95.31,95.72,96.20,96.60,97.03,97.37,97.72,98.04,98.19,98.26,98.36,98.43,98.56,98.66,98.75,98.81,98.91,98.98,99.05,99.13,99.13,99.15,99.16,99.16,99.16,99.16,99.16,99.16,99.16,99.37,99.37,99.47,99.64,99.64,99.70,99.70,99.70,100.00
56.93
RUSBag
0.53,24.86,32.71,37.91,40.80,42.87,45.04,46.30,47.45,48.78,49.29,49.36,50.14,51.04,51.79,52.54,53.42,54.21,54.56,54.80,55.42,55.99,56.34,56.60,56.76,57.14,57.61,58.30,60.00,64.69,69.93,73.47,76.37,78.36,79.64,80.55,81.50,82.08,82.78,83.89,85.03,85.95,86.58,87.08,87.78,88.33,88.69,88.95,89.13,89.54,90.09,90.91,91.31,91.41,91.72,92.29,92.90,93.28,93.53,93.97,94.38,94.63,95.02,95.64,96.28,96.90,97.41,97.53,97.57,97.67,97.77,97.80,97.93,98.09,98.28,98.56,98.74,98.80,98.82,98.92,98.93,98.93,98.93,98.93,98.93,98.93,98.93,98.93,98.93,98.94,98.94,98.94,99.47,99.47,99.47,99.47,99.47,99.47,99.47,99.47,100.00
55.42
SmoteBag
0.53,26.15,33.99,38.33,41.64,43.75,45.84,47.29,48.53,49.70,51.26,51.85,51.88,52.40,53.27,54.04,54.60,55.42,56.30,56.73,56.87,57.33,58.00,58.42,58.79,58.92,59.15,59.66,60.11,60.55,62.06,64.77,67.08,69.67,73.26,76.06,78.06,79.82,81.06,81.86,83.07,84.27,85.27,86.14,87.01,88.02,88.59,88.99,89.33,89.56,89.94,90.36,90.97,91.33,91.62,92.18,92.71,93.16,93.36,93.65,94.14,94.55,94.70,94.98,95.45,95.88,96.32,96.62,96.90,97.31,97.52,97.53,97.57,97.86,97.93,98.12,98.36,98.43,98.60,98.90,98.98,98.98,99.18,99.18,99.19,99.19,99.19,99.19,99.19,99.19,99.19,99.19,99.47,99.47,99.47,99.71,99.71,99.72,99.72,99.72,100.00
56.87
Boost
0.53,22.87,27.81,30.53,32.14,33.21,33.62,34.03,34.90,35.71,36.39,37.11,37.64,37.96,38.39,38.90,39.28,39.60,39.83,40.22,40.86,42.27,44.59,49.15,54.03,58.75,62.99,66.36,69.01,70.96,72.58,73.83,74.80,75.82,77.11,78.62,79.86,80.97,81.78,82.46,83.07,83.62,84.02,84.40,84.80,85.43,86.14,86.99,87.69,88.19,88.59,89.02,89.50,90.04,90.37,90.77,91.23,91.62,91.99,92.43,92.97,93.57,94.23,94.88,95.34,95.64,95.89,96.16,96.28,96.37,96.51,96.65,96.78,96.96,97.17,97.47,97.75,98.05,98.30,98.49,98.55,98.64,98.89,98.92,98.93,98.96,99.02,99.02,99.02,99.02,99.02,99.02,99.44,99.44,99.47,99.55,99.55,99.55,99.55,99.55,100.00
40.86
ROSBoost
0.53,24.94,33.04,37.14,40.18,42.10,43.90,45.40,46.32,47.29,48.20,48.66,48.89,49.48,50.23,50.99,51.69,52.43,53.16,53.76,54.11,54.45,54.89,55.36,55.74,56.06,56.29,56.72,57.24,57.93,58.97,60.65,62.76,65.62,68.72,71.56,74.19,76.31,78.10,79.53,80.81,81.87,83.04,84.01,85.01,85.84,86.58,87.19,87.70,88.19,88.59,89.04,89.51,90.07,90.61,91.13,91.59,92.02,92.43,92.84,93.24,93.64,94.03,94.41,94.81,95.27,95.75,96.21,96.65,97.01,97.33,97.51,97.70,97.82,97.91,98.04,98.17,98.34,98.43,98.57,98.73,98.83,98.92,98.96,99.01,99.04,99.04,99.06,99.07,99.09,99.09,99.11,99.30,99.30,99.47,99.55,99.55,99.64,99.64,99.64,100.00
54.11
RUSBoost
0.53,24.41,32.39,36.73,39.67,41.66,43.66,44.98,45.90,46.98,47.69,48.02,48.49,49.33,50.10,50.83,51.56,52.29,52.85,53.23,53.63,54.15,54.57,54.89,55.18,55.62,56.17,56.98,58.46,60.81,64.08,67.61,70.86,73.58,75.69,77.17,78.48,79.81,80.89,82.07,83.19,84.20,85.09,85.91,86.51,87.07,87.52,87.94,88.36,88.77,89.30,89.85,90.45,90.88,91.28,91.69,92.14,92.57,92.97,93.35,93.72,94.13,94.52,94.99,95.56,96.03,96.51,96.84,97.06,97.25,97.40,97.50,97.65,97.78,97.91,98.03,98.18,98.38,98.53,98.70,98.79,98.85,98.89,98.91,98.94,98.95,98.97,98.98,98.98,98.99,99.01,99.01,99.37,99.37,99.47,99.51,99.51,99.53,99.53,99.53,100.00
53.63
SmoteBoost
0.52,25.01,33.07,37.01,39.65,41.73,43.58,44.90,45.87,46.91,47.81,48.19,48.57,49.16,49.89,50.59,51.27,52.04,52.69,53.11,53.48,53.90,54.34,54.69,55.04,55.30,55.69,56.16,56.82,57.99,59.87,62.23,65.04,68.11,70.86,73.47,75.77,77.44,78.95,80.18,81.27,82.41,83.56,84.54,85.41,86.24,86.91,87.45,87.89,88.32,88.69,89.15,89.64,90.27,90.76,91.21,91.69,92.09,92.52,92.96,93.29,93.68,94.06,94.45,94.83,95.29,95.76,96.23,96.62,96.90,97.15,97.30,97.45,97.54,97.64,97.78,97.97,98.14,98.34,98.47,98.62,98.74,98.90,98.95,99.03,99.05,99.06,99.07,99.07,99.07,99.09,99.09,99.32,99.32,99.47,99.56,99.56,99.61,99.61,99.61,100.00
53.48
