Simple
0.00,20.85,24.07,39.21,54.15,61.36,67.76,71.51,76.13,80.78,82.75,83.44,84.11,85.40,88.67,90.03,90.74,92.05,92.06,92.72,92.72,94.01,94.05,94.70,95.36,96.02,96.69,96.69,96.69,97.34,97.35,97.35,98.01,98.01,98.01,98.01,98.01,98.01,98.01,98.01,98.01,98.01,98.01,98.01,98.68,98.68,98.68,98.68,98.68,98.68,98.68,98.68,98.68,98.68,98.68,98.68,98.68,98.68,98.68,98.68,98.68,98.68,98.68,98.68,98.68,98.68,98.68,98.68,98.68,99.34,99.34,99.34,99.34,99.34,99.34,99.34,99.34,100.00,100.00,100.00,100.00,100.00,100.00,100.00,100.00,100.00,100.00,100.00,100.00,100.00,100.00,100.00,100.00,100.00,100.00,100.00,100.00,100.00,100.00,100.00,100.00
92.72
ROS
0.00,31.21,42.32,44.85,46.83,47.58,49.25,50.18,50.73,50.73,50.73,50.81,51.18,51.39,52.81,59.50,65.54,69.52,71.75,73.67,75.59,76.62,77.36,79.85,84.32,87.26,89.07,89.96,90.64,91.23,91.97,92.85,94.11,95.31,96.36,96.59,96.78,96.88,97.49,97.74,97.94,98.17,98.42,98.46,98.50,98.52,98.52,98.71,98.73,98.74,98.76,98.78,98.78,98.78,98.78,98.80,98.80,98.80,98.80,98.80,98.80,98.80,98.80,98.80,98.80,98.80,98.80,98.80,98.80,99.28,99.28,99.28,99.28,99.28,99.28,99.28,99.28,99.92,99.92,99.92,99.92,99.92,99.92,99.92,99.92,100.00,100.00,100.00,100.00,100.00,100.00,100.00,100.00,100.00,100.00,100.00,100.00,100.00,100.00,100.00,100.00
75.59
RUS
0.00,31.10,42.11,44.81,46.70,47.48,49.18,50.02,50.54,50.54,50.54,50.59,51.15,51.38,52.44,65.46,71.92,77.79,79.97,82.88,85.56,86.77,87.32,89.05,91.58,93.56,94.08,94.48,94.50,94.53,95.60,96.02,96.60,97.30,97.91,97.92,97.99,98.02,98.67,98.67,98.68,98.68,98.68,98.68,98.68,98.68,98.68,98.68,98.68,98.68,98.68,98.68,98.68,98.68,98.68,98.68,98.68,98.68,98.68,98.68,98.68,98.68,98.68,98.68,98.68,98.68,98.68,98.68,98.68,99.34,99.34,99.34,99.34,99.34,99.34,99.34,99.34,100.00,100.00,100.00,100.00,100.00,100.00,100.00,100.00,100.00,100.00,100.00,100.00,100.00,100.00,100.00,100.00,100.00,100.00,100.00,100.00,100.00,100.00,100.00,100.00
85.56
Smote
0.00,32.13,43.80,46.05,48.13,48.83,50.60,51.41,51.94,51.94,51.94,51.98,52.69,52.86,53.66,63.85,69.35,74.66,76.49,78.88,81.09,82.17,82.58,85.51,88.80,91.30,92.19,92.75,93.11,93.34,94.36,95.03,95.89,96.77,97.42,97.48,97.58,97.58,98.25,98.37,98.46,98.56,98.64,98.64,98.66,98.67,98.67,98.75,98.75,98.75,98.75,98.75,98.75,98.75,98.75,98.75,98.75,98.75,98.75,98.75,98.75,98.75,98.75,98.75,98.75,98.75,98.75,98.75,98.75,99.33,99.33,99.33,99.33,99.33,99.33,99.33,99.33,99.99,99.99,99.99,99.99,99.99,99.99,99.99,99.99,100.00,100.00,100.00,100.00,100.00,100.00,100.00,100.00,100.00,100.00,100.00,100.00,100.00,100.00,100.00,100.00
81.09
Bag
0.00,20.44,23.47,37.91,52.68,60.15,66.93,71.15,75.78,80.46,82.52,83.35,84.09,85.30,88.44,89.87,90.68,91.98,92.05,92.69,92.72,93.93,94.03,94.67,95.34,95.99,96.67,96.70,96.71,97.32,97.35,97.36,97.99,98.01,98.03,98.03,98.03,98.03,98.03,98.03,98.03,98.03,98.03,98.03,98.68,98.68,98.68,98.68,98.68,98.68,98.68,98.68,98.68,98.68,98.68,98.68,98.68,98.68,98.68,98.68,98.68,98.68,98.68,98.68,98.68,98.68,98.68,98.68,98.68,99.34,99.34,99.34,99.34,99.34,99.34,99.34,99.34,100.00,100.00,100.00,100.00,100.00,100.00,100.00,100.00,100.00,100.00,100.00,100.00,100.00,100.00,100.00,100.00,100.00,100.00,100.00,100.00,100.00,100.00,100.00,100.00
92.72
ROSBag
0.00,31.50,42.96,45.34,47.38,48.15,49.84,50.68,51.25,51.25,51.25,51.30,51.77,51.91,52.93,63.78,70.94,76.79,79.26,81.97,84.66,85.89,86.46,88.16,90.85,92.96,93.75,94.13,94.18,94.26,95.21,95.83,96.47,97.13,97.83,97.85,97.94,97.96,98.62,98.64,98.65,98.66,98.68,98.68,98.68,98.68,98.68,98.69,98.69,98.69,98.69,98.69,98.69,98.69,98.69,98.69,98.69,98.69,98.69,98.69,98.69,98.69,98.69,98.69,98.69,98.69,98.69,98.69,98.69,99.34,99.34,99.34,99.34,99.34,99.34,99.34,99.34,100.00,100.00,100.00,100.00,100.00,100.00,100.00,100.00,100.00,100.00,100.00,100.00,100.00,100.00,100.00,100.00,100.00,100.00,100.00,100.00,100.00,100.00,100.00,100.00
84.66
RUSBag
0.00,30.97,41.91,44.66,46.54,47.38,49.07,49.95,50.31,50.31,50.31,50.38,50.96,50.97,52.59,66.95,72.76,78.40,80.25,83.43,85.79,86.81,87.28,89.31,91.90,93.77,94.11,94.50,94.50,94.54,95.76,96.02,96.61,97.32,97.93,97.93,98.01,98.01,98.68,98.68,98.68,98.68,98.68,98.68,98.68,98.68,98.68,98.68,98.68,98.68,98.68,98.68,98.68,98.68,98.68,98.68,98.68,98.68,98.68,98.68,98.68,98.68,98.68,98.68,98.68,98.68,98.68,98.68,98.68,99.34,99.34,99.34,99.34,99.34,99.34,99.34,99.34,100.00,100.00,100.00,100.00,100.00,100.00,100.00,100.00,100.00,100.00,100.00,100.00,100.00,100.00,100.00,100.00,100.00,100.00,100.00,100.00,100.00,100.00,100.00,100.00
85.79
SmoteBag
0.00,32.06,43.74,45.97,48.03,48.79,50.52,51.38,51.89,51.89,51.89,51.92,52.66,52.78,53.56,65.99,71.87,77.85,79.77,82.68,85.08,86.34,86.74,88.77,91.34,93.31,93.87,94.17,94.18,94.23,95.38,95.95,96.53,97.27,97.86,97.86,97.97,97.98,98.64,98.65,98.66,98.67,98.67,98.67,98.68,98.68,98.68,98.68,98.68,98.68,98.68,98.68,98.68,98.68,98.68,98.68,98.68,98.68,98.68,98.68,98.68,98.68,98.68,98.68,98.68,98.68,98.68,98.68,98.68,99.34,99.34,99.34,99.34,99.34,99.34,99.34,99.34,100.00,100.00,100.00,100.00,100.00,100.00,100.00,100.00,100.00,100.00,100.00,100.00,100.00,100.00,100.00,100.00,100.00,100.00,100.00,100.00,100.00,100.00,100.00,100.00
85.08
Boost
0.00,24.49,27.53,29.91,41.26,51.12,58.59,65.23,70.68,75.54,79.17,81.44,83.01,84.07,86.07,88.01,89.50,90.87,91.62,92.17,92.53,93.18,93.68,94.19,94.93,95.47,96.21,96.52,96.67,97.04,97.26,97.35,97.75,97.93,98.00,98.05,98.07,98.08,98.08,98.08,98.08,98.08,98.08,98.08,98.62,98.62,98.62,98.68,98.68,98.68,98.68,98.68,98.68,98.68,98.68,98.68,98.68,98.68,98.68,98.68,98.68,98.68,98.68,98.68,98.68,98.68,98.68,98.68,98.68,99.34,99.34,99.34,99.34,99.34,99.34,99.34,99.34,100.00,100.00,100.00,100.00,100.00,100.00,100.00,100.00,100.00,100.00,100.00,100.00,100.00,100.00,100.00,100.00,100.00,100.00,100.00,100.00,100.00,100.00,100.00,100.00
92.53
ROSBoost
0.00,29.89,39.51,42.31,43.93,45.04,46.55,47.32,47.65,47.69,47.74,48.15,48.71,49.28,50.56,51.92,53.17,54.13,54.74,56.09,57.76,60.11,62.09,65.99,69.46,72.48,74.42,76.21,77.67,79.63,81.63,83.62,86.54,88.60,90.21,91.56,92.49,93.30,94.03,94.72,95.35,95.99,96.48,96.77,97.09,97.31,97.43,97.87,98.13,98.34,98.46,98.58,98.68,98.75,98.79,98.91,98.98,99.01,99.01,99.03,99.03,99.04,99.04,99.05,99.07,99.07,99.09,99.10,99.10,99.23,99.25,99.25,99.25,99.25,99.25,99.25,99.25,99.73,99.73,99.73,99.73,99.73,99.73,99.73,99.73,99.98,99.98,99.98,99.98,99.98,99.98,99.98,99.99,99.99,99.99,99.99,99.99,99.99,99.99,99.99,100.00
57.76
RUSBoost
0.00,30.22,39.79,42.55,44.14,45.22,46.73,47.64,47.97,47.98,48.25,48.79,49.87,51.68,54.53,57.99,60.81,63.13,64.87,66.68,68.89,71.17,73.70,76.88,80.01,82.79,84.50,85.62,86.72,87.95,89.26,90.55,92.01,93.40,94.40,95.05,95.54,96.03,96.52,96.96,97.31,97.60,97.91,98.09,98.23,98.30,98.40,98.56,98.64,98.70,98.73,98.77,98.80,98.81,98.82,98.87,98.87,98.87,98.87,98.87,98.87,98.87,98.87,98.87,98.87,98.87,98.87,98.87,98.87,99.20,99.20,99.20,99.20,99.20,99.20,99.20,99.20,99.79,99.79,99.79,99.79,99.79,99.79,99.79,99.80,99.99,99.99,99.99,99.99,99.99,99.99,99.99,100.00,100.00,100.00,100.00,100.00,100.00,100.00,100.00,100.00
68.89
SmoteBoost
0.00,30.37,40.17,42.83,44.46,45.54,47.03,47.86,48.10,48.27,48.42,48.97,50.37,52.23,53.56,55.53,57.48,58.87,60.01,61.17,62.43,64.01,66.74,70.32,73.38,76.17,77.87,79.50,80.60,81.51,82.99,84.91,87.97,89.89,91.67,92.63,93.55,94.24,94.91,95.42,96.03,96.77,97.25,97.50,97.66,97.81,97.91,98.23,98.40,98.54,98.68,98.77,98.82,98.85,98.87,99.01,99.02,99.03,99.03,99.03,99.03,99.05,99.05,99.05,99.05,99.05,99.05,99.05,99.05,99.27,99.27,99.27,99.27,99.27,99.27,99.27,99.27,99.77,99.77,99.77,99.77,99.77,99.77,99.77,99.77,100.00,100.00,100.00,100.00,100.00,100.00,100.00,100.00,100.00,100.00,100.00,100.00,100.00,100.00,100.00,100.00
62.43
