Simple
0.13,18.96,25.89,30.09,33.30,35.64,37.84,39.73,41.27,43.03,44.38,45.67,46.87,48.16,49.38,50.52,51.60,52.52,53.23,53.87,54.41,54.98,55.42,57.27,63.90,68.29,71.23,73.66,75.31,76.62,77.76,78.64,79.43,80.26,81.25,82.19,83.15,84.22,85.16,86.27,87.14,87.59,88.33,89.04,89.46,89.83,90.19,90.57,91.00,91.40,91.60,91.94,92.37,92.78,93.12,93.27,93.55,94.02,94.47,94.73,94.90,95.19,95.42,95.61,95.83,96.26,96.50,96.51,96.60,96.92,97.23,97.34,97.53,97.54,97.54,97.57,97.80,97.94,98.07,98.21,98.34,98.58,98.62,98.64,98.78,98.89,98.94,99.26,99.29,99.39,99.45,99.60,99.60,99.73,99.73,99.73,99.87,99.87,100.00,100.00,100.00
54.41
ROS
0.13,20.71,28.52,33.65,37.10,40.00,42.36,44.38,46.53,48.00,49.66,51.15,52.80,54.13,55.31,56.56,57.59,58.73,59.96,61.14,62.14,63.19,64.19,64.96,65.55,66.14,66.69,67.27,67.73,67.98,68.44,72.59,76.69,79.35,81.27,82.59,83.66,84.41,85.02,85.71,86.57,87.33,87.90,88.69,89.61,90.52,91.01,91.54,92.12,92.43,92.75,93.08,93.47,93.70,93.84,93.97,94.28,94.51,94.65,94.89,95.31,95.61,95.76,95.87,96.03,96.21,96.38,96.80,96.97,96.99,97.04,97.37,97.47,97.59,97.61,97.61,97.62,97.81,98.00,98.10,98.27,98.37,98.65,98.68,98.69,98.81,98.95,99.05,99.30,99.34,99.47,99.60,99.61,99.73,99.73,99.73,99.87,99.87,100.00,100.00,100.00
62.14
RUS
0.13,20.59,28.27,33.30,36.70,39.56,41.90,43.88,46.05,47.46,49.11,50.59,52.23,53.53,54.70,55.95,56.99,58.14,59.37,60.54,61.55,62.61,63.59,64.34,64.93,65.52,66.06,66.62,67.04,67.21,68.45,73.76,77.21,79.57,81.40,82.59,83.66,84.28,84.89,85.63,86.53,87.22,87.84,88.71,89.69,90.40,90.89,91.53,91.97,92.30,92.64,92.98,93.38,93.53,93.67,93.91,94.28,94.45,94.58,94.87,95.31,95.54,95.66,95.79,95.88,96.11,96.30,96.80,96.92,96.92,97.01,97.38,97.45,97.57,97.58,97.58,97.58,97.80,97.98,98.08,98.25,98.35,98.64,98.66,98.66,98.79,98.92,99.04,99.31,99.33,99.46,99.60,99.60,99.73,99.73,99.73,99.87,99.87,100.00,100.00,100.00
61.55
Smote
0.13,20.87,28.73,33.79,37.32,40.15,42.55,44.55,46.81,48.21,49.89,51.37,53.03,54.55,55.62,56.94,57.93,59.09,60.30,61.50,62.52,63.60,64.64,65.43,66.09,66.67,67.23,67.79,68.30,68.56,68.79,73.52,77.78,79.98,81.89,83.12,84.20,84.91,85.40,86.07,87.00,87.80,88.23,89.00,89.92,90.81,91.25,91.72,92.27,92.58,92.85,93.19,93.61,93.75,93.89,93.99,94.35,94.54,94.68,94.96,95.45,95.62,95.74,95.83,95.98,96.23,96.38,96.89,96.94,96.94,97.04,97.44,97.44,97.58,97.58,97.58,97.58,97.84,97.98,98.11,98.25,98.38,98.65,98.66,98.66,98.79,98.92,99.06,99.33,99.33,99.46,99.60,99.60,99.73,99.73,99.73,99.87,99.87,100.00,100.00,100.00
62.52
Bag
0.13,19.18,26.22,30.45,33.70,36.02,38.26,40.16,41.69,43.45,44.86,46.16,47.29,48.58,49.81,50.96,52.05,53.02,53.76,54.40,54.94,55.51,56.01,57.63,63.25,67.87,71.07,73.47,75.24,76.62,77.75,78.65,79.48,80.32,81.27,82.19,83.15,84.21,85.18,86.28,87.21,87.71,88.34,89.06,89.49,89.88,90.24,90.61,91.03,91.43,91.63,91.94,92.35,92.78,93.12,93.28,93.56,94.06,94.48,94.73,94.90,95.20,95.42,95.62,95.83,96.23,96.51,96.52,96.59,96.90,97.22,97.33,97.53,97.53,97.53,97.56,97.78,97.94,98.05,98.21,98.32,98.57,98.61,98.63,98.77,98.88,98.93,99.24,99.29,99.38,99.44,99.60,99.60,99.73,99.73,99.73,99.87,99.87,100.00,100.00,100.00
54.94
ROSBag
0.13,20.84,28.69,33.76,37.28,40.15,42.53,44.54,46.75,48.18,49.87,51.35,52.98,54.42,55.57,56.87,57.86,59.01,60.26,61.45,62.46,63.54,64.55,65.31,65.93,66.52,67.07,67.66,68.13,68.34,68.69,74.49,77.99,80.23,81.99,83.16,84.24,84.82,85.36,86.07,86.99,87.73,88.21,89.03,89.99,90.78,91.25,91.75,92.23,92.55,92.82,93.15,93.60,93.69,93.82,93.99,94.34,94.49,94.62,94.93,95.43,95.59,95.73,95.83,95.95,96.20,96.37,96.89,96.93,96.93,97.04,97.44,97.45,97.58,97.58,97.58,97.58,97.84,97.98,98.12,98.25,98.38,98.65,98.66,98.66,98.79,98.93,99.06,99.32,99.33,99.46,99.60,99.60,99.73,99.73,99.73,99.87,99.87,100.00,100.00,100.00
62.46
RUSBag
0.13,20.53,28.21,33.17,36.52,39.37,41.69,43.67,45.79,47.17,48.84,50.31,51.93,53.16,54.38,55.62,56.69,57.86,59.08,60.22,61.26,62.31,63.28,64.02,64.57,65.17,65.71,66.24,66.61,66.77,69.65,75.16,77.77,80.10,81.62,82.75,83.74,84.28,84.97,85.77,86.64,87.24,87.97,88.87,89.90,90.39,90.93,91.67,91.92,92.31,92.66,92.99,93.37,93.47,93.62,93.93,94.31,94.41,94.54,94.93,95.38,95.54,95.67,95.82,95.87,96.12,96.33,96.87,96.91,96.91,97.04,97.44,97.44,97.58,97.58,97.58,97.58,97.84,97.98,98.11,98.25,98.38,98.65,98.65,98.65,98.79,98.92,99.06,99.32,99.33,99.46,99.60,99.60,99.73,99.73,99.73,99.87,99.87,100.00,100.00,100.00
61.26
SmoteBag
0.13,20.89,28.73,33.76,37.30,40.15,42.53,44.54,46.78,48.18,49.85,51.32,52.99,54.48,55.59,56.92,57.89,59.05,60.28,61.47,62.49,63.59,64.60,65.38,66.03,66.61,67.16,67.76,68.24,68.47,68.71,74.20,77.92,80.08,81.96,83.16,84.26,84.92,85.38,86.08,87.04,87.84,88.24,89.04,89.97,90.82,91.29,91.73,92.26,92.60,92.84,93.19,93.61,93.73,93.86,93.99,94.34,94.53,94.66,94.95,95.46,95.62,95.75,95.83,95.97,96.22,96.37,96.90,96.92,96.92,97.04,97.44,97.44,97.58,97.58,97.58,97.58,97.85,97.98,98.12,98.25,98.38,98.65,98.66,98.66,98.79,98.92,99.06,99.33,99.33,99.46,99.60,99.60,99.73,99.73,99.73,99.87,99.87,100.00,100.00,100.00
62.49
Boost
0.13,19.36,26.42,30.78,34.05,36.41,38.70,40.48,42.16,43.82,45.47,46.66,47.92,49.11,50.33,51.54,52.67,53.71,54.60,55.31,55.92,56.48,57.00,57.49,59.93,65.10,68.94,72.14,74.48,76.17,77.54,78.64,79.52,80.36,81.25,82.18,83.06,83.98,84.98,85.98,87.04,87.69,88.27,88.92,89.50,89.88,90.27,90.64,91.04,91.42,91.65,91.91,92.28,92.68,93.03,93.25,93.50,93.92,94.35,94.71,94.94,95.21,95.46,95.64,95.84,96.16,96.50,96.57,96.62,96.84,97.18,97.32,97.52,97.57,97.57,97.58,97.75,97.94,98.05,98.20,98.31,98.55,98.65,98.66,98.77,98.90,98.94,99.21,99.31,99.40,99.47,99.59,99.61,99.73,99.73,99.73,99.86,99.87,100.00,100.00,100.00
55.92
ROSBoost
0.13,21.10,28.99,34.01,37.60,40.49,42.92,44.97,47.13,48.63,50.28,51.69,53.32,54.71,55.79,57.02,58.09,59.20,60.38,61.57,62.57,63.54,64.53,65.37,66.04,66.64,67.23,67.79,68.32,68.76,69.12,69.59,71.00,73.62,76.76,79.35,81.54,83.01,84.12,84.94,85.65,86.36,87.13,87.86,88.54,89.30,90.12,90.91,91.52,92.08,92.57,92.96,93.33,93.69,94.07,94.33,94.52,94.72,94.96,95.14,95.34,95.65,95.99,96.26,96.44,96.60,96.73,96.91,97.13,97.37,97.45,97.53,97.69,97.84,97.95,98.01,98.02,98.04,98.15,98.34,98.45,98.56,98.67,98.82,98.86,98.92,99.03,99.12,99.22,99.40,99.53,99.60,99.69,99.74,99.74,99.74,99.85,99.87,99.99,100.00,100.00
62.57
RUSBoost
0.13,20.92,28.70,33.76,37.28,40.14,42.54,44.54,46.67,48.14,49.78,51.22,52.83,54.16,55.29,56.49,57.56,58.67,59.87,61.02,62.03,63.01,63.98,64.76,65.40,66.00,66.56,67.11,67.61,67.99,68.23,69.24,71.85,75.21,78.15,80.50,82.14,83.31,84.18,84.88,85.61,86.37,87.13,87.82,88.56,89.44,90.27,90.91,91.53,92.08,92.49,92.87,93.23,93.61,93.92,94.13,94.32,94.56,94.80,94.98,95.21,95.57,95.90,96.14,96.29,96.44,96.58,96.79,97.06,97.28,97.35,97.43,97.61,97.76,97.87,97.91,97.92,97.95,98.12,98.27,98.40,98.50,98.65,98.79,98.83,98.91,99.02,99.11,99.23,99.39,99.53,99.59,99.68,99.73,99.74,99.74,99.85,99.87,99.99,100.00,100.00
62.03
SmoteBoost
0.13,21.01,28.84,33.90,37.41,40.28,42.68,44.71,46.83,48.32,49.94,51.40,53.02,54.30,55.47,56.67,57.76,58.85,60.06,61.22,62.20,63.20,64.16,64.94,65.59,66.18,66.74,67.30,67.81,68.20,68.48,69.29,72.12,75.47,78.49,80.73,82.27,83.47,84.33,85.03,85.72,86.50,87.27,87.95,88.65,89.51,90.37,91.03,91.60,92.13,92.57,92.94,93.26,93.67,93.98,94.20,94.35,94.58,94.82,95.01,95.26,95.62,95.96,96.17,96.32,96.45,96.61,96.81,97.10,97.28,97.34,97.41,97.61,97.76,97.87,97.90,97.91,97.94,98.11,98.27,98.40,98.48,98.65,98.78,98.81,98.89,99.01,99.09,99.23,99.39,99.54,99.60,99.68,99.74,99.74,99.74,99.85,99.87,99.99,100.00,100.00
62.2
