1002,74,3541,0,5
1002,74,3541,1,16
1002,74,3541,2,5
1003,1000,3553,0,5
1003,38,3554,0,3
1003,38,3554,1,23
1004,262,3551,0,14
1007,440,3556,0,2
1007,440,3556,1,2
1008,74,3552,0,3
1010,1005,3566,0,106
1011,82,3561,0,5
1011,82,3561,1,11
1011,82,3561,2,9
1011,85,3562,0,9
1011,86,3563,0,11
1011,86,3563,1,8
1011,88,3564,0,4
1011,88,3564,1,1
1011,88,3564,2,5
1011,88,3564,3,21
1011,88,3564,4,2
1011,88,3564,5,2
1012,88,3567,0,2
1013,282,3569,0,3
1013,282,3569,1,6
1013,282,3569,2,5
1013,286,3571,0,2
1013,286,3571,1,3
1013,286,3571,2,14
1013,286,3571,3,4
1013,286,3571,4,2
1013,286,3571,5,2
1013,286,3571,6,2
1013,286,3571,7,4
1014,277,3578,0,2
1014,278,3579,0,1
1014,278,3579,1,3
1014,278,3579,2,3
1014,278,3579,3,5
1014,278,3579,4,2
1014,278,3579,5,1
1014,278,3579,6,1
1014,278,3579,7,5
1014,278,3579,8,14
1017,282,3576,0,4
1018,1006,3614,0,528
1018,1007,3615,0,310
1018,775,3626,0,1
1018,775,3626,1,27
1019,1020,3586,0,254
1021,36,3581,0,2
1021,36,3581,1,3
1021,36,3581,2,25
1022,90,3582,0,2
1022,90,3582,1,5
1024,86,3590,0,11
1024,87,3591,0,12
1025,41,3589,0,2
1029,257,3594,0,2
1029,257,3594,1,1
1029,257,3594,2,3
1029,257,3594,3,13
1029,257,3594,4,2
1029,257,3594,5,2
1029,257,3594,6,2
1029,257,3594,7,25
1029,257,3594,8,13
1030,300,3593,0,7
1031,236,3603,0,2
1031,236,3603,1,4
1031,236,3603,2,4
1031,236,3603,3,5
1031,236,3603,4,2
1031,236,3603,5,41
1031,236,3603,6,76
1031,236,3603,7,2
1031,236,3603,8,2
1031,236,3603,9,4
1031,236,3603,10,14
1031,236,3603,11,9
1031,236,3603,12,29
1031,237,3604,0,6
1031,237,3604,1,12
1031,237,3604,2,11
1032,392,3610,0,2
1032,392,3610,1,2
1032,392,3610,2,2
1032,392,3610,3,5
1032,392,3610,4,15
1032,392,3610,5,3
1032,392,3610,6,1
1032,392,3610,7,1
1032,392,3610,8,24
1032,392,3610,9,25
1032,392,3610,10,29
1032,392,3610,11,320
1033,899,3597,0,4
1033,899,3597,1,8
1033,899,3597,2,2
1033,899,3597,3,3
1033,899,3597,4,2
1033,899,3597,5,3
1033,899,3597,6,2
1033,900,3598,0,8
1033,900,3598,1,31
1033,900,3598,2,9
1033,900,3598,3,36
1036,71,3601,0,1
1036,71,3601,1,4
1036,71,3601,2,3
1037,82,3606,0,2
1037,82,3606,1,10
1037,82,3606,2,27
1037,82,3606,3,6
1037,82,3606,4,3
1037,82,3606,5,6
1037,82,3606,6,52
1037,277,3607,0,9
1037,86,3608,0,8
1039,322,3627,0,15
1078,2523,5727,0,10
1080,2529,5732,0,1
1080,2529,5732,1,5
1080,2529,5732,2,10
1080,2529,5732,3,3
1080,2529,5732,4,11
1050,1032,3658,0,101
1050,1034,3660,0,140
1050,1035,3661,0,43
1050,1036,3662,0,43
1050,1037,3663,0,71
1052,1044,3674,0,87
1052,1045,3675,0,33
1052,1046,3676,0,96
1052,1047,3677,0,183
1052,1048,3678,0,32
1052,1049,3679,0,32
1052,1050,3680,0,32
1052,1051,3681,0,35
1052,1052,3682,0,32
1052,1053,3683,0,32
1052,1054,3684,0,32
1052,1055,3685,0,32
1052,1056,3686,0,33
1053,1057,3653,0,22
1054,1058,3667,0,43
1054,1059,3668,0,71
1055,687,3664,0,1
1055,687,3664,1,16
1055,740,3665,0,1
1055,740,3665,1,2
1055,693,3666,0,2
1056,908,3698,0,2
1056,908,3698,1,2
1056,908,3698,2,2
1058,908,3687,0,2
1058,908,3687,1,2
1058,908,3687,2,3
1058,735,3688,0,3
1058,653,3689,0,2
1058,655,3690,0,3
1058,737,3691,0,4
1058,657,3692,0,2
1058,659,3693,0,2
1058,1034,3694,0,4
1058,687,3695,0,2
1058,687,3695,1,5
1058,740,3696,0,6
1058,740,3696,1,2
1058,693,3697,0,2
1083,2530,5730,0,10
1084,2548,5733,0,2
1060,543,3714,0,6
1061,432,3715,0,1
1061,432,3715,1,2
1061,432,3715,2,22
1061,432,3715,3,14
1061,432,3715,4,1
1061,432,3715,5,5
1061,432,3715,6,8
1063,82,3713,0,5
1063,82,3713,1,6
1063,82,3713,2,8
1063,82,3713,3,16
1100,2534,6147,0,2
1101,2530,6152,0,2
1104,2544,6154,0,11
1104,2544,6154,1,3
1104,2544,6154,2,2
1104,2544,6154,3,2
1104,2544,6154,4,2
1104,2544,6154,5,2
1104,2544,6154,6,2
1104,2544,6154,7,2
1104,2544,6154,8,2
1104,2544,6154,9,2
1104,2544,6154,10,2
1104,2544,6154,11,2
1104,2544,6154,12,8
1104,2544,6154,13,9
1104,2544,6154,14,2
1104,2546,6155,0,1
1104,2546,6155,1,5
1104,2546,6155,2,3
1105,2526,6156,0,17
1105,2526,6156,1,2
1108,2536,6161,0,2
1108,2537,6162,0,2
1108,2537,6162,1,2
1108,2537,6162,2,5
1108,2538,6163,0,11
1108,2538,6163,1,9
1108,2540,6164,0,4
1108,2540,6164,1,4
1108,2540,6164,2,10
1108,2540,6164,3,5
1108,2540,6164,4,2
1108,2540,6164,5,3
1108,2540,6164,6,5
1108,2540,6164,7,4
1116,2527,6176,0,2
1116,2527,6176,1,2
1116,2527,6176,2,2
1116,2539,6177,0,10
1118,2539,6178,0,2
1118,2539,6178,1,2
1118,2539,6178,2,2
1118,2539,6178,3,4
1119,2542,6180,0,2
1067,1713,3855,0,10
1067,1714,3856,0,17
1067,1714,3856,1,2
1067,1715,3857,0,2
1067,1715,3857,1,2
1067,1715,3857,2,2
1067,1716,3858,0,1
1067,1716,3858,1,5
1067,1716,3858,2,10
1067,1716,3858,3,3
1067,1716,3858,4,11
1067,1717,3859,0,2
1067,1717,3859,1,10
1067,1718,3860,0,2
1067,1719,3861,0,2
1067,1720,3862,0,2
1067,1720,3862,1,2
1067,1720,3862,2,5
1067,1721,3863,0,11
1067,1721,3863,1,9
1067,1722,3864,0,2
1067,1722,3864,1,2
1067,1722,3864,2,2
1067,1722,3864,3,14
1067,1723,3865,0,4
1067,1723,3865,1,4
1067,1723,3865,2,10
1067,1723,3865,3,5
1067,1723,3865,4,2
1067,1723,3865,5,3
1067,1723,3865,6,5
1067,1723,3865,7,4
1067,1724,3866,0,2
1067,1725,3867,0,11
1067,1725,3867,1,3
1067,1725,3867,2,2
1067,1725,3867,3,2
1067,1725,3867,4,2
1067,1725,3867,5,2
1067,1725,3867,6,2
1067,1725,3867,7,2
1067,1725,3867,8,2
1067,1725,3867,9,2
1067,1725,3867,10,2
1067,1725,3867,11,2
1067,1725,3867,12,8
1067,1725,3867,13,9
1067,1725,3867,14,2
1067,1726,3868,0,1
1067,1726,3868,1,5
1067,1726,3868,2,3
1067,1727,3869,0,2
1120,2505,6181,0,6
1120,2507,6182,0,1
1120,2507,6182,1,2
1120,2507,6182,2,22
1120,2507,6182,3,14
1120,2507,6182,4,1
1120,2507,6182,5,5
1120,2507,6182,6,8
1120,2530,6183,0,5
1120,2530,6183,1,6
1120,2530,6183,2,8
1120,2530,6183,3,16
1121,2530,6193,0,3
1121,2530,6193,1,5
1121,2530,6193,2,15
1121,2530,6193,3,5
1121,2530,6193,4,11
1121,2530,6193,5,7
1068,1717,3716,0,3
1068,1717,3716,1,5
1068,1717,3716,2,15
1068,1717,3716,3,5
1068,1717,3716,4,11
1068,1717,3716,5,7
1123,2547,6200,0,79
1123,2547,6200,1,221
1125,2541,6192,0,2
1125,2541,6192,1,2
1128,2527,6196,0,11
1132,2540,6202,0,3
1065,543,3971,0,6
1065,432,3972,0,1
1065,432,3972,1,2
1065,432,3972,2,22
1065,432,3972,3,14
1065,432,3972,4,1
1065,432,3972,5,5
1065,432,3972,6,8
1065,1150,3973,0,10
1065,1151,3974,0,17
1065,1151,3974,1,2
1065,1152,3975,0,2
1065,1152,3975,1,2
1065,1152,3975,2,2
1065,1152,3975,3,11
1065,1153,3976,0,1
1065,1153,3976,1,5
1065,1153,3976,2,10
1065,1153,3976,3,3
1065,1153,3976,4,11
1065,1154,3977,0,15
1065,1154,3977,1,17
1065,1154,3977,2,10
1065,1154,3977,3,5
1065,1154,3977,4,13
1065,1154,3977,5,19
1065,1157,3980,0,2
1065,1158,3981,0,2
1065,1159,3982,0,2
1065,1159,3982,1,2
1065,1159,3982,2,5
1065,1160,3983,0,11
1065,1160,3983,1,9
1065,1161,3984,0,2
1065,1161,3984,1,2
1065,1161,3984,2,2
1065,1161,3984,3,14
1065,1162,3985,0,4
1065,1162,3985,1,4
1065,1162,3985,2,10
1065,1162,3985,3,5
1065,1162,3985,4,2
1065,1162,3985,5,3
1065,1162,3985,6,5
1065,1162,3985,7,4
1065,1162,3985,8,3
1065,1163,3986,0,2
1065,1163,3986,1,2
1065,1164,3987,0,2
1065,1165,3988,0,11
1065,1165,3988,1,3
1065,1165,3988,2,2
1065,1165,3988,3,2
1065,1165,3988,4,2
1065,1165,3988,5,2
1065,1165,3988,6,2
1065,1165,3988,7,2
1065,1165,3988,8,2
1065,1165,3988,9,2
1065,1165,3988,10,2
1065,1165,3988,11,2
1065,1165,3988,12,8
1065,1165,3988,13,9
1065,1165,3988,14,2
1065,1166,3989,0,1
1065,1166,3989,1,5
1065,1166,3989,2,3
1065,1167,3990,0,79
1065,1167,3990,1,221
1065,1168,3991,0,2
1138,2548,6263,0,3
1138,2548,6263,1,4
1071,1727,3720,0,3
1071,1727,3720,1,4
1139,2535,6265,0,2
1142,2527,6266,0,2
1142,2527,6266,1,2
1142,2527,6266,2,2
1144,2522,6269,0,6
1144,2522,6269,1,10
1144,2522,6269,2,3
1144,2528,6270,0,3
1148,2525,6283,0,8
1148,2525,6283,1,21
1066,543,4203,0,6
1066,432,4204,0,1
1066,432,4204,1,2
1066,432,4204,2,22
1066,432,4204,3,14
1066,432,4204,4,1
1066,432,4204,5,5
1066,432,4204,6,8
1073,1743,3742,0,6
1073,1743,3742,1,10
1073,1743,3742,2,3
1073,1744,3743,0,8
1073,1744,3743,1,21
1073,1715,3744,0,2
1073,1715,3744,1,2
1073,1715,3744,2,2
1073,1715,3744,3,11
1073,1745,3745,0,3
1073,1747,3747,0,2
1073,1723,3748,0,3
1073,1748,3749,0,2
1073,1748,3749,1,2
1073,1749,3750,0,79
1073,1749,3750,1,221
1151,2529,6285,0,25
1151,2529,6285,1,5
1152,2529,6287,0,13
1152,2529,6287,1,53
1152,2529,6287,2,10
1154,2530,6291,0,7
1154,2531,6292,0,6
1178,2771,6354,0,2
1178,2771,6354,1,27
1178,2772,6355,0,3
1178,2772,6355,1,5
1178,2773,6356,0,423
1178,2774,6357,0,327
1178,2775,6358,0,189
1155,2525,6288,0,7
1155,2525,6288,1,2
1156,2549,6297,0,4
1179,2780,6337,0,2
1179,2780,6337,1,1
1179,2780,6337,2,7
1179,1273,6338,0,2
1179,1274,6339,0,2
1179,1277,6340,0,4
1180,2780,6336,0,2
1182,2782,6342,0,28
1182,2783,6343,0,35
1182,2784,6344,0,20
1183,1277,6341,0,1
1157,2529,6301,0,2
1158,2531,6305,0,4
1159,2540,6302,0,2
1160,2543,6303,0,20
1161,2548,6308,0,2
1075,2505,5835,0,6
1075,2507,5836,0,1
1075,2507,5836,1,2
1075,2507,5836,2,22
1075,2507,5836,3,14
1075,2507,5836,4,1
1075,2507,5836,5,5
1075,2507,5836,6,8
1075,2522,5849,0,6
1075,2522,5849,1,10
1075,2522,5849,2,3
1075,2523,5850,0,10
1075,2525,5851,0,11
1075,2525,5851,1,23
1075,2526,5852,0,17
1075,2526,5852,1,2
1075,2527,5853,0,4
1075,2527,5853,1,4
1075,2527,5853,2,4
1075,2527,5853,3,11
1075,2528,5854,0,3
1075,2529,5855,0,13
1075,2529,5855,1,1
1075,2529,5855,2,2
1075,2529,5855,3,5
1075,2529,5855,4,28
1075,2529,5855,5,5
1075,2529,5855,6,10
1075,2529,5855,7,3
1075,2529,5855,8,11
1075,2530,5856,0,15
1075,2530,5856,1,17
1075,2530,5856,2,10
1075,2530,5856,3,5
1075,2530,5856,4,7
1075,2530,5856,5,13
1075,2530,5856,6,19
1075,2531,5857,0,6
1075,2531,5857,1,4
1075,2534,5860,0,2
1075,2535,5861,0,2
1075,2536,5862,0,2
1075,2537,5863,0,2
1075,2537,5863,1,2
1075,2537,5863,2,5
1075,2538,5864,0,11
1075,2538,5864,1,9
1075,2539,5865,0,2
1075,2539,5865,1,2
1075,2539,5865,2,2
1075,2539,5865,3,14
1075,2540,5866,0,4
1075,2540,5866,1,4
1075,2540,5866,2,10
1075,2540,5866,3,5
1075,2540,5866,4,2
1075,2540,5866,5,3
1075,2540,5866,6,5
1075,2540,5866,7,4
1075,2540,5866,8,2
1075,2540,5866,9,3
1075,2541,5867,0,2
1075,2541,5867,1,2
1075,2542,5868,0,2
1075,2543,5869,0,20
1075,2544,5870,0,11
1075,2544,5870,1,3
1075,2544,5870,2,2
1075,2544,5870,3,2
1075,2544,5870,4,2
1075,2544,5870,5,2
1075,2544,5870,6,2
1075,2544,5870,7,2
1075,2544,5870,8,2
1075,2544,5870,9,2
1075,2544,5870,10,2
1075,2544,5870,11,2
1075,2544,5870,12,8
1075,2544,5870,13,9
1075,2544,5870,14,2
1075,2546,5872,0,1
1075,2546,5872,1,5
1075,2546,5872,2,3
1075,2547,5873,0,79
1075,2547,5873,1,221
1075,2548,5874,0,3
1075,2548,5874,1,4
1075,2548,5874,2,2
1075,2549,5875,0,4
1185,2785,6350,0,628
1165,2540,6312,0,2
1195,2789,6364,0,375
1168,2540,6316,0,2
1199,2773,6377,0,3
1199,2773,6377,1,1
1199,2773,6377,2,10
1199,2773,6377,3,115
1199,2773,6377,4,7
1199,2773,6377,5,1
1199,2773,6377,6,32
1199,2773,6377,7,154
1199,2773,6377,8,20
1201,2785,6376,0,2
1201,2785,6376,1,8
1201,2785,6376,2,1
1201,2785,6376,3,2
1201,2785,6376,4,6
1201,2785,6376,5,9
1201,2785,6376,6,22
1201,2785,6376,7,3
1201,2785,6376,8,4
1171,2662,6317,0,26
1171,2662,6317,1,26
1173,2544,6319,0,14
1076,2505,5991,0,6
1076,2507,5992,0,1
1076,2507,5992,1,2
1076,2507,5992,2,22
1076,2507,5992,3,14
1076,2507,5992,4,1
1076,2507,5992,5,5
1076,2507,5992,6,8
1076,2522,6005,0,6
1076,2522,6005,1,10
1076,2522,6005,2,3
1076,2523,6006,0,10
1076,2525,6007,0,11
1076,2525,6007,1,23
1076,2526,6008,0,17
1076,2526,6008,1,2
1076,2527,6009,0,4
1076,2527,6009,1,4
1076,2527,6009,2,4
1076,2527,6009,3,11
1076,2528,6010,0,3
1076,2529,6011,0,13
1076,2529,6011,1,1
1076,2529,6011,2,2
1076,2529,6011,3,5
1076,2529,6011,4,28
1076,2529,6011,5,5
1076,2529,6011,6,10
1076,2529,6011,7,3
1076,2529,6011,8,11
1076,2530,6012,0,15
1076,2530,6012,1,17
1076,2530,6012,2,10
1076,2530,6012,3,5
1076,2530,6012,4,7
1076,2530,6012,5,13
1076,2530,6012,6,19
1076,2531,6013,0,6
1076,2531,6013,1,4
1076,2662,6016,0,26
1076,2662,6016,1,26
1076,2534,6017,0,2
1076,2535,6018,0,2
1076,2536,6019,0,2
1076,2537,6020,0,2
1076,2537,6020,1,2
1076,2537,6020,2,5
1076,2538,6021,0,11
1076,2538,6021,1,9
1076,2539,6022,0,2
1076,2539,6022,1,2
1076,2539,6022,2,2
1076,2539,6022,3,14
1076,2540,6023,0,4
1076,2540,6023,1,4
1076,2540,6023,2,10
1076,2540,6023,3,5
1076,2540,6023,4,2
1076,2540,6023,5,3
1076,2540,6023,6,5
1076,2540,6023,7,4
1076,2540,6023,8,2
1076,2540,6023,9,2
1076,2540,6023,10,3
1076,2541,6024,0,2
1076,2541,6024,1,2
1076,2542,6025,0,2
1076,2543,6026,0,20
1076,2544,6027,0,11
1076,2544,6027,1,3
1076,2544,6027,2,2
1076,2544,6027,3,20
1076,2544,6027,4,2
1076,2544,6027,5,2
1076,2544,6027,6,2
1076,2544,6027,7,2
1076,2544,6027,8,2
1076,2544,6027,9,2
1076,2544,6027,10,8
1076,2544,6027,11,9
1076,2544,6027,12,2
1076,2546,6029,0,1
1076,2546,6029,1,5
1076,2546,6029,2,3
1076,2547,6038,0,79
1076,2547,6038,1,221
1076,2548,6039,0,3
1076,2548,6039,1,4
1076,2548,6039,2,2
1076,2549,6040,0,4
1204,1744,6412,0,7
1204,1744,6412,1,2
1204,1716,6413,0,13
1204,1716,6413,1,2
1204,1716,6413,2,28
1204,1716,6413,3,5
1204,1717,6414,0,7
1204,2800,6415,0,6
1204,2800,6415,1,4
1204,2801,6416,0,26
1204,2801,6416,1,26
1204,1723,6417,0,2
1204,1723,6417,1,2
1204,2802,6418,0,20
1204,1725,6419,0,14
1204,1727,6429,0,2
1204,2813,6430,0,4
1209,2818,6387,0,18
1210,2799,6388,0,4
1215,2818,6440,0,5
1228,2800,6452,0,5
1228,2800,6452,1,5
1233,2800,6459,0,2
1236,2835,6481,0,6
1238,2836,6482,0,2
1238,2836,6482,1,2
1238,2836,6482,2,2
1239,2800,6483,0,7
1239,2800,6483,1,8
1241,2837,6496,0,4
1241,2837,6496,1,31
1242,2837,6494,0,12
1247,2838,6502,0,4
1252,2839,6505,0,18
1252,2839,6505,1,10
1252,2839,6505,2,8
1254,2839,6507,0,3
1255,2838,6510,0,4
1261,2840,6515,0,1
1261,2841,6516,0,1
1261,2841,6516,1,5
1262,2838,6517,0,7
1262,2838,6517,1,4
1263,2842,6521,0,2
1266,2845,6523,0,6
1269,2846,6534,0,1
1269,2846,6534,1,5
1269,2847,6535,0,2
1269,2847,6535,1,93
1269,428,6536,0,3
1269,428,6536,1,4
1269,428,6536,2,9
1269,428,6536,3,26
1269,544,6537,0,2
1269,544,6537,1,2
1269,544,6537,2,8
1269,544,6537,3,3
1269,544,6537,4,16
1269,545,6538,0,2
1269,545,6538,1,6
1269,545,6538,2,2
1269,545,6538,3,6
1269,545,6538,4,16
1269,2848,6539,0,2
1269,2848,6539,1,65
1269,2849,6540,0,2
1269,2849,6540,1,65
1269,2850,6541,0,2
1269,2850,6541,1,66
1269,432,6542,0,2
1269,432,6542,1,18
1269,2853,6545,0,2
1269,2853,6545,1,102
1271,2855,6529,0,1
1271,2855,6529,1,1
1271,2855,6529,2,1
1271,2855,6529,3,1
1271,2855,6529,4,1
1271,2855,6529,5,1
1271,2855,6529,6,1
1271,2855,6529,7,23
1271,2856,6530,0,17
1271,2857,6531,0,10
1271,2857,6531,1,10
1276,2845,6552,0,8
1276,2845,6552,1,4
1276,2845,6552,2,4
1276,2838,6553,0,2
1276,2838,6553,1,7
1276,2838,6553,2,8
1279,1747,6562,0,2
1279,1747,6562,1,4
1279,1747,6562,2,3
1279,1747,6562,3,6
1279,1747,6562,4,4
1279,1747,6562,5,6
1279,1720,6563,0,4
1279,1721,6564,0,2
1279,1721,6564,1,2
1279,1721,6564,2,3
1279,1723,6565,0,5
1279,1723,6565,1,9
1279,1723,6565,2,4
1279,1723,6565,3,16
1279,1723,6565,4,2
1279,1723,6565,5,4
1279,1723,6565,6,2
1279,1723,6565,7,7
1279,1723,6565,8,4
1279,1723,6565,9,16
1279,1723,6565,10,4
1279,1723,6565,11,7
1280,1721,6556,0,21
1280,1723,6557,0,15
1283,2855,6559,0,4
1284,2842,6558,0,2
1286,2858,6568,0,6
1286,2858,6568,1,7
1287,2842,6572,0,18
1288,2799,6569,0,9
1297,1743,6579,0,29
1297,1743,6579,1,13
1297,1743,6579,2,19
1297,1743,6579,3,2
1297,1743,6579,4,31
1297,1743,6579,5,1
1306,2838,6599,0,9
1308,2863,6604,0,7
1308,2863,6604,1,3
1308,2863,6604,2,5
1308,2863,6604,3,35
1308,2863,6604,4,7
1308,2863,6604,5,5
1308,2863,6604,6,5
1308,2863,6604,7,5
1308,2863,6604,8,5
1308,2863,6604,9,77
1308,2863,6604,10,17
1308,2863,6604,11,42
1308,2863,6604,12,10
1308,2863,6604,13,7
1308,2863,6604,14,96
1308,2863,6604,15,3
1308,2865,6605,0,345
1308,2866,6606,0,111
1308,2867,6607,0,100
1308,2868,6608,0,144
1308,2869,6609,0,105
1310,2818,6610,0,1
1311,2863,6612,0,3
1311,2863,6612,1,3
1313,2855,6611,0,2
1316,2863,6624,0,4
1316,2863,6624,1,7
1316,2863,6624,2,3
1316,2865,6625,0,19
1316,2865,6625,1,4
1316,2865,6625,2,5
1316,2867,6626,0,12
1316,2868,6627,0,4
1316,2870,6628,0,77
1317,2838,6630,0,27
1317,2838,6630,1,8
1317,2838,6630,2,13
1317,2838,6630,3,21
1318,1717,6618,0,6
1318,1717,6618,1,2
1318,1717,6618,2,5
1318,1717,6618,3,12
1320,2845,6620,0,2
1320,2871,6621,0,3
1320,2871,6621,1,34
1321,2872,6636,0,1
1321,2872,6636,1,2
1321,2872,6636,2,4
1328,1748,6639,0,2
1340,2873,6656,0,1
1340,2873,6656,1,26
1341,2874,6657,0,4
1342,2876,6664,0,409
1344,2863,6659,0,2
1346,2800,6660,0,3
1347,2877,6669,0,431
1347,1720,6670,0,2
1347,1720,6670,1,15
1349,2839,6666,0,3
1351,2879,6738,0,390
1351,2880,6739,0,215
1351,2881,6740,0,115
1351,2882,6741,0,4
1351,2882,6741,1,2
1351,2882,6741,2,1
1351,2882,6741,3,16
1351,2883,6742,0,73
1351,2884,6743,0,2
1351,2884,6743,1,1
1351,2885,6744,0,2
1351,2889,6748,0,2
1351,2889,6748,1,90
1351,2890,6749,0,155
1351,2891,6750,0,261
1351,428,6751,0,2
1351,428,6751,1,6
1351,428,6751,2,21
1351,428,6751,3,4
1351,428,6751,4,8
1351,544,6752,0,1
1351,544,6752,1,1
1351,544,6752,2,2
1351,544,6752,3,22
1351,433,6753,0,3
1351,2892,6754,0,76
1351,2893,6755,0,75
1351,2894,6756,0,12
1351,2895,6757,0,75
1351,2896,6758,0,74
1351,436,6759,0,3
1351,436,6759,1,3
1351,436,6759,2,19
1351,436,6759,3,1
1351,436,6759,4,4
1351,436,6759,5,37
1353,2871,6674,0,2
1353,2871,6674,1,18
1353,2871,6674,2,23
1353,2871,6674,3,8
1353,2871,6674,4,28
1354,2871,6671,0,4
1354,2871,6671,1,6
1355,2897,6677,0,1
1355,2897,6677,1,17
1355,2897,6677,2,2
1356,2898,6681,0,9
1357,2799,6684,0,1
1358,2899,6682,0,2
1361,2900,6696,0,6
1361,2900,6696,1,45
1362,2901,6694,0,3
1362,2901,6694,1,8
1363,2838,6691,0,1
1363,2838,6691,1,1
1363,2838,6691,2,4
1363,2838,6691,3,30
1363,2838,6691,4,2
1363,2838,6691,5,2
1363,2838,6691,6,2
1363,2838,6691,7,1
1363,2838,6691,8,1
1363,2838,6691,9,3
1363,2838,6691,10,1
1363,2838,6691,11,23
1364,2903,6698,0,146
1365,2876,6718,0,57
1365,2876,6718,1,3
1365,2876,6718,2,2
1365,2876,6718,3,15
1365,2876,6718,4,5
1365,2876,6718,5,1
1365,2876,6718,6,9
1366,2904,6706,0,102
1370,2907,6726,0,230
1370,2908,6727,0,230
1371,2909,6716,0,5
1375,2904,6730,0,16
1375,2904,6730,1,36
1376,2879,6731,0,2
1376,2879,6731,1,2
1376,2879,6731,2,4
1376,2879,6731,3,78
1376,2879,6731,4,2
1377,2911,6735,0,103
1377,2880,6736,0,2
1377,2880,6736,1,5
1377,2880,6736,2,2
1377,2880,6736,3,2
1377,2880,6736,4,6
1377,2880,6736,5,33
1378,2881,6732,0,1
1378,2881,6732,1,5
1379,2882,6733,0,14
1380,2890,6734,0,6
1380,2890,6734,1,2
1381,428,6762,0,10
1382,2912,6766,0,383
1383,2880,6764,0,7
1383,2880,6764,1,15
1384,2891,6763,0,2
1384,2891,6763,1,55
1384,2891,6763,2,6
1384,2891,6763,3,29
1385,2877,6780,0,1
1385,2877,6780,1,1
1385,2877,6780,2,1
1385,2877,6780,3,2
1385,2877,6780,4,2
1385,2877,6780,5,1
1385,2877,6780,6,4
1385,2877,6780,7,8
1385,2877,6780,8,1
1385,2877,6780,9,10
1385,2877,6780,10,3
1385,2877,6780,11,29
1385,2877,6780,12,15
1385,2877,6780,13,5
1385,2877,6780,14,9
1385,2877,6780,15,6
1385,2877,6780,16,10
1385,2877,6780,17,9
1385,2877,6780,18,3
1385,2915,6781,0,172
1386,2917,6770,0,222
1387,2919,6775,0,418
1389,2785,6788,0,1
1389,2785,6788,1,12
1389,2785,6788,2,33
1389,2785,6788,3,71
1389,2785,6788,4,10
1389,2785,6788,5,3
1389,2785,6788,6,5
1389,2785,6788,7,5
1389,2785,6788,8,35
1389,2785,6788,9,1
1389,2785,6788,10,1
1389,2785,6788,11,7
1389,2785,6788,12,31
1389,2785,6788,13,19
1389,2785,6788,14,10
1389,2785,6788,15,2
1389,2785,6788,16,1
1389,2785,6788,17,9
1389,2785,6788,18,13
1389,2785,6788,19,3
1389,2785,6788,20,44
1389,2785,6788,21,13
1389,2785,6788,22,3
1389,2785,6788,23,6
1389,2785,6788,24,38
1389,2785,6788,25,27
1392,2921,6782,0,83
1393,2912,6783,0,3
1393,2912,6783,1,7
1394,2879,6789,0,26
1394,2879,6789,1,18
1394,2879,6789,2,8
1394,2879,6789,3,2
1394,2879,6789,4,2
1394,2879,6789,5,20
1394,2880,6790,0,1
1394,2880,6790,1,11
1394,2880,6790,2,14
1394,2880,6790,3,8
1394,2890,6794,0,4
1394,2891,6795,0,3
1394,2891,6795,1,1
1394,2891,6795,2,6
1394,2891,6795,3,48
1394,2891,6795,4,15
1394,2891,6795,5,2
1394,2891,6795,6,2
1394,2891,6795,7,9
1396,1715,6797,0,12
1398,1715,6798,0,23
1401,2880,6805,0,38
1402,436,6806,0,1
1402,436,6806,1,2
1402,436,6806,2,3
1402,436,6806,3,48
1403,2924,6808,0,606
1403,2925,6809,0,96
1407,1716,7009,0,2
1407,1716,7009,1,20
1409,2877,7011,0,4
1409,2915,7012,0,2
1409,2915,7012,1,4
1409,2915,7012,2,4
1409,2915,7012,3,40
1409,2915,7012,4,11
1409,2915,7012,5,63
1409,2915,7012,6,4
1410,1723,7014,0,11
1410,1723,7014,1,13
1411,1715,7013,0,7
1415,2903,7084,0,2
1415,2909,7085,0,2
1415,3050,7086,0,2
1415,2800,7087,0,4
1415,2800,7087,1,2
1415,2800,7087,2,4
1415,3052,7088,0,366
1415,3053,7089,0,203
1415,3054,7090,0,113
1415,3055,7091,0,131
1415,3056,7092,0,272
1415,3057,7093,0,119
1415,3058,7094,0,142
1415,3059,7095,0,619
1415,3060,7096,0,138
1416,3067,7019,0,10
1417,2800,7022,0,4
1418,2907,7027,0,2
1418,2908,7028,0,2
1418,2789,7029,0,1
1418,2789,7029,1,4
1418,2789,7029,2,4
1418,2915,7030,0,1
1418,2865,7031,0,2
1418,3056,7032,0,2
1418,3056,7032,1,24
1418,3056,7032,2,4
1418,3056,7032,3,106
1418,3059,7033,0,2
1418,3059,7033,1,2
1424,2800,7036,0,6
1435,3075,7079,0,180
1435,3076,7080,0,1
1435,3076,7080,1,10
1435,3076,7080,2,16
1435,3076,7080,3,1
1435,3076,7080,4,8
1436,3078,7057,0,3
1437,2789,7071,0,4
1437,2789,7071,1,1
1437,2789,7071,2,14
1437,2789,7071,3,8
1437,2789,7071,4,12
1437,3080,7072,0,77
1438,3081,7102,0,6
1438,3082,7103,0,2
1438,3082,7103,1,3
1438,3082,7103,2,3
1438,3082,7103,3,6
1439,3083,7104,0,1
1439,3083,7104,1,3
1439,3083,7104,2,21
1440,2873,7113,0,4
1440,3084,7114,0,240
1440,3085,7115,0,264
1443,1714,7109,0,1
1443,1714,7109,1,4
1443,1714,7109,2,4
1443,1714,7109,3,5
1443,1714,7109,4,6
1444,1744,7107,0,2
1446,1720,7148,0,15
1446,1721,7149,0,5
1446,1721,7149,1,4
1446,1721,7149,2,52
1446,1721,7149,3,25
1446,1721,7149,4,3
1446,1721,7149,5,58
1446,1721,7149,6,62
1446,1721,7149,7,50
1446,1721,7149,8,8
1446,3087,7150,0,423
1446,3088,7151,0,1489
1446,3089,7152,0,353
1453,1714,7130,0,2
1453,1714,7130,1,18
1453,1714,7130,2,7
1453,1714,7130,3,9
1458,3078,7145,0,5
1459,2865,7153,0,17
1459,2870,7154,0,2
1459,2870,7154,1,2
1460,1717,7155,0,1
1460,1717,7155,1,13
1461,3094,7156,0,16
1463,1717,7158,0,2
1464,2799,7159,0,6
1465,3095,7161,0,11
1465,3096,7162,0,1
1465,3096,7162,1,1
1465,3096,7162,2,1
1465,3096,7162,3,1
1465,3096,7162,4,26
1465,3096,7162,5,4
1465,3097,7164,0,3
1465,3097,7164,1,8
1465,3097,7164,2,3
1465,3097,7164,3,21
1465,3098,7165,0,4
1465,3098,7165,1,17
1465,3098,7165,2,15
1465,3099,7166,0,6
1465,3100,7167,0,8
1465,3100,7167,1,7
1467,3101,7173,0,239
1467,3102,7174,0,4
1467,3102,7174,1,2
1468,3101,7168,0,17
1470,3103,7177,0,10
1470,2845,7178,0,1
1470,2845,7178,1,2
1470,2845,7178,2,2
1470,2838,7179,0,2
1470,3104,7180,0,2
1470,3104,7180,1,2
1470,3104,7180,2,2
1470,3104,7180,3,2
1473,3113,7258,0,298
1473,3120,7259,0,162
1473,3121,7260,0,98
1473,3122,7261,0,89
1473,3123,7262,0,252
1473,3124,7263,0,86
1473,3130,7266,0,147
1473,3132,7267,0,65
1473,3133,7268,0,110
1473,3134,7269,0,171
1473,3135,7270,0,116
1473,3136,7271,0,67
1473,3137,7272,0,144
1473,3138,7273,0,477
1473,3139,7274,0,144
1473,3140,7275,0,67
1473,3141,7276,0,144
1473,3142,7277,0,125
1473,3143,7278,0,590
1473,3144,7279,0,317
1473,3145,7280,0,150
1473,3146,7281,0,77
1473,3147,7282,0,72
1473,3148,7283,0,125
1473,3150,7284,0,127
1473,3151,7285,0,267
1473,3152,7286,0,129
1473,3153,7287,0,136
1473,3154,7288,0,75
1473,3155,7289,0,169
1473,3157,7290,0,147
1473,3158,7291,0,205
1473,3159,7292,0,331
1473,3160,7293,0,125
1473,3161,7294,0,76
1473,3162,7295,0,166
1473,3163,7296,0,97
1473,3165,7297,0,116
1473,3167,7298,0,258
1473,3168,7299,0,112
1473,3169,7300,0,109
1473,3170,7301,0,131
1473,3171,7302,0,904
1473,3173,7303,0,94
1473,3174,7304,0,307
1473,3175,7305,0,227
1473,3177,7307,0,89
1473,3178,7308,0,97
1474,1743,7185,0,1
1474,1743,7185,1,99
1475,2919,7182,0,2
1475,2919,7182,1,9
1475,2919,7182,2,15
1476,1716,7200,0,38
1476,1716,7200,1,6
1476,1716,7200,2,4
1476,1716,7200,3,33
1476,1716,7200,4,3
1476,1716,7200,5,39
1476,1716,7200,6,3
1476,1716,7200,7,27
1476,1716,7200,8,17
1476,1716,7200,9,9
1476,1716,7200,10,9
1476,1716,7200,11,9
1477,1743,7189,0,15
1477,2818,7190,0,2
1477,1745,7191,0,1
1477,3181,7192,0,1
1477,2919,7193,0,2
1477,2813,7195,0,1
1478,2901,7186,0,5
1478,2901,7186,1,7
1478,2901,7186,2,2
1479,1716,7188,0,1
1479,1716,7188,1,11
1479,1716,7188,2,8
1479,1716,7188,3,2
1479,1716,7188,4,8
1480,1743,7196,0,2
1481,2799,7201,0,2
1482,1716,7197,0,3
1482,1716,7197,1,14
1483,3182,7203,0,1
1483,3182,7203,1,4
1483,3182,7203,2,3
1483,3182,7203,3,1
1483,3182,7203,4,40
1486,1720,7208,0,13
1486,3183,7209,0,104
1487,3184,7224,0,2
1487,3184,7224,1,23
1487,3120,7225,0,2
1487,3122,7226,0,1
1487,3123,7227,0,2
1487,3123,7227,1,3
1487,3123,7227,2,4
1487,3186,7229,0,29
1487,3187,7230,0,29
1487,3189,7232,0,22
1487,3190,7233,0,36
1487,3133,7234,0,1
1487,3133,7234,1,28
1487,3133,7234,2,8
1487,3133,7234,3,12
1487,3191,7235,0,75
1487,3192,7236,0,16
1487,3137,7237,0,2
1487,3141,7238,0,2
1487,3141,7238,1,2
1487,3145,7239,0,48
1487,3145,7239,1,28
1487,3143,7240,0,1
1487,3143,7240,1,7
1487,3143,7240,2,3
1487,3143,7240,3,67
1487,3143,7240,4,80
1487,3143,7240,5,33
1487,3143,7240,6,20
1487,3143,7240,7,130
1487,3143,7240,8,62
1487,3143,7240,9,6
1487,3143,7240,10,5
1487,3143,7240,11,36
1487,3143,7240,12,2
1487,3143,7240,13,2
1487,3143,7240,14,2
1487,3143,7240,15,50
1487,3154,7242,0,22
1487,3193,7243,0,2
1487,3193,7243,1,40
1487,3147,7244,0,2
1487,3148,7245,0,2
1487,3150,7246,0,15
1487,3150,7246,1,39
1487,3151,7247,0,2
1487,3153,7248,0,2
1487,3157,7249,0,5
1487,3158,7250,0,2
1487,3194,7251,0,99
1487,3195,7252,0,369
1487,3167,7253,0,1
1487,3167,7253,1,3
1487,3167,7253,2,1
1487,3167,7253,3,2
1487,3167,7253,4,24
1487,3171,7254,0,6
1487,3171,7254,1,6
1487,3171,7254,2,75
1487,3171,7254,3,4
1487,3174,7255,0,2
1487,3174,7255,1,14
1487,3174,7255,2,8
1487,3174,7255,3,6
1487,3175,7256,0,6
1487,3175,7256,1,6
1489,3194,7212,0,4
1489,3194,7212,1,21
1489,3195,7213,0,4
1489,3195,7213,1,6
1489,3195,7213,2,117
1489,3195,7213,3,2
1489,3195,7213,4,2
1489,3195,7213,5,28
1491,3094,7210,0,10
1494,2855,7217,0,1
1494,2855,7217,1,4
1494,2857,7218,0,1
1494,2857,7218,1,7
1494,2857,7218,2,6
1499,3122,7398,0,5
1499,3123,7399,0,3
1499,3123,7399,1,4
1499,3124,7400,0,7
1499,3189,7402,0,3
1499,3192,7403,0,1
1499,3143,7404,0,2
1499,3143,7404,1,11
1499,3143,7404,2,1
1499,3199,7405,0,580
1499,3194,7406,0,4
1499,3200,7407,0,266
1499,3201,7408,0,319
1499,3202,7409,0,81
1499,3195,7410,0,1
1499,3195,7410,1,4
1499,3195,7410,2,2
1499,3195,7410,3,2
1499,3195,7410,4,16
1499,3195,7410,5,6
