1001,235,7844,0,10
1001,235,7844,1,13
1001,275,7845,0,14
1001,275,7845,1,3
1001,275,7845,2,3
1001,275,7845,3,3
1001,275,7845,4,2
1001,275,7845,5,4
1001,275,7845,6,6
1001,275,7845,7,12
1001,275,7845,8,8
1001,275,7845,9,3
1001,275,7845,10,15
1001,276,7846,0,1
1001,276,7846,1,8
1001,1074,7847,0,7
1001,1074,7847,1,22
1001,1074,7847,2,24
1002,1074,7835,0,5
1003,275,7836,0,8
1003,275,7836,1,2
1004,1817,7838,0,2
1004,1817,7838,1,2
1004,1817,7838,2,4
1004,275,7839,0,3
1004,275,7839,1,4
1004,276,7840,0,3
1004,276,7840,1,4
1005,275,7837,0,6
1005,275,7837,1,8
1006,275,7852,0,2
1007,1074,7850,0,3
1007,1075,7851,0,3
1008,275,7856,0,1
1008,275,7856,1,9
1008,276,7857,0,1
1008,276,7857,1,1
1008,276,7857,2,9
1008,1074,7858,0,9
1009,345,7853,0,2
1009,345,7853,1,14
1010,301,7863,0,3
1010,327,7865,0,8
1011,237,7866,0,12
1011,277,7867,0,24
1011,277,7867,1,10
1011,277,7867,2,1
1011,1036,7868,0,6
1012,1885,7859,0,3
1012,1887,7860,0,12
1013,2112,7872,0,3
1013,2112,7872,1,12
1014,366,7862,0,12
1015,361,7861,0,5
1016,301,7877,0,1
1017,296,7876,0,1
1018,2182,7933,0,54
1018,2183,7934,0,133
1018,1924,7935,0,1
1018,1924,7935,1,4
1018,1924,7935,2,4
1018,2185,7936,0,31
1018,2186,7937,0,69
1018,2187,7938,0,44
1018,2188,7939,0,44
1018,2189,7940,0,28
1018,2190,7941,0,36
1018,2191,7942,0,82
1018,2192,7943,0,70
1018,2193,7944,0,28
1018,2194,7945,0,96
1018,2195,7946,0,28
1018,2196,7947,0,33
1018,2197,7948,0,45
1018,2198,7949,0,92
1018,2199,7950,0,24
1018,2200,7951,0,104
1018,2201,7952,0,30
1018,2202,7953,0,29
1018,2203,7954,0,123
1018,2204,7955,0,48
1018,2205,7956,0,62
1018,2206,7957,0,50
1018,2207,7958,0,73
1020,169,7878,0,5
1021,1119,7879,0,16
1022,1817,7902,0,4
1022,1817,7902,1,7
1022,1817,7902,2,17
1022,1817,7902,3,12
1022,275,7903,0,1
1022,275,7903,1,1
1022,275,7903,2,1
1022,275,7903,3,1
1022,275,7903,4,4
1022,275,7903,5,2
1022,275,7903,6,3
1022,275,7903,7,3
1022,275,7903,8,3
1022,275,7903,9,7
1022,275,7903,10,43
1022,275,7903,11,91
1022,275,7903,12,13
1022,275,7903,13,3
1022,276,7904,0,1
1022,276,7904,1,1
1022,276,7904,2,9
1022,2211,7906,0,362
1022,297,7907,0,1
1023,169,7882,0,1
1023,169,7882,1,4
1023,1211,7883,0,1
1023,1211,7883,1,2
1023,1656,7885,0,4
1023,2212,7886,0,29
1024,153,7880,0,25
1026,237,7918,0,6
1026,277,7919,0,1
1026,277,7919,1,1
1026,277,7919,2,3
1026,277,7919,3,10
1026,277,7919,4,1
1026,169,7920,0,1
1026,169,7920,1,2
1026,301,7921,0,2
1026,301,7921,1,3
1026,301,7921,2,3
1026,301,7921,3,1
1026,301,7921,4,3
1026,301,7921,5,3
1026,301,7921,6,8
1026,301,7921,7,8
1026,301,7921,8,3
1026,252,7922,0,6
1026,252,7922,1,7
1026,1036,7924,0,1
1026,1036,7924,1,1
1026,1036,7924,2,2
1026,1036,7924,3,25
1027,417,7915,0,2
1027,417,7915,1,7
1027,417,7915,2,1
1027,417,7915,3,9
1027,417,7915,4,31
1027,417,7915,5,5
1027,417,7915,6,33
1027,417,7915,7,28
1027,417,7915,8,24
1027,417,7915,9,8
1027,417,7915,10,5
1027,417,7915,11,5
1027,417,7915,12,16
1027,417,7915,13,6
1027,417,7915,14,3
1027,417,7915,15,16
1027,417,7915,16,16
1027,417,7915,17,2
1029,366,7929,0,3
1029,366,7929,1,4
1029,366,7929,2,2
1029,366,7929,3,2
1029,366,7929,4,11
1029,366,7929,5,2
1029,366,7929,6,16
1029,366,7929,7,1
1029,414,7930,0,4
1029,414,7930,1,8
1032,417,7916,0,1
1032,417,7916,1,4
1033,1850,7928,0,6
1034,306,7962,0,4
1034,306,7962,1,3
1035,273,7966,0,6
1035,273,7966,1,18
1035,1446,7967,0,4
1035,1446,7967,1,2
1035,296,7968,0,5
1035,296,7968,1,2
1035,296,7968,2,8
1036,374,7963,0,1
1036,374,7963,1,17
1037,1858,7987,0,2
1037,2211,7988,0,1
1037,2211,7988,1,2
1037,2211,7988,2,1
1037,2211,7988,3,4
1037,2211,7988,4,2
1037,2211,7988,5,7
1037,2211,7988,6,3
1037,1859,7989,0,5
1037,1859,7989,1,2
1037,1859,7989,2,9
1037,1859,7989,3,1
1037,1859,7989,4,30
1037,1859,7989,5,6
1037,1859,7989,6,6
1037,1859,7989,7,8
1037,1859,7989,8,11
1037,1859,7989,9,18
1037,1859,7989,10,15
1037,1506,7990,0,1
1037,1506,7990,1,2
1038,2229,8018,0,560
1038,2230,8019,0,61
1038,2186,8020,0,1
1038,2188,8021,0,13
1038,2188,8021,1,1
1038,2192,8022,0,1
1038,2192,8022,1,2
1038,170,8024,0,1
1038,170,8024,1,15
1038,170,8024,2,33
1038,170,8024,3,1
1038,171,8025,0,4
1038,171,8025,1,4
1038,171,8025,2,5
1042,1584,7973,0,2
1042,1584,7973,1,12
1042,2232,7974,0,222
1042,1849,7975,0,3
1044,1771,7979,0,1
1044,301,7980,0,3
1044,273,7981,0,6
1045,1118,7976,0,5
1045,273,7977,0,7
1045,273,7977,1,2
1045,273,7977,2,3
1046,1771,7984,0,1
1046,1771,7984,1,6
1047,301,7991,0,2
1047,1865,7992,0,3
1047,1865,7992,1,7
1047,1865,7992,2,3
1047,320,7993,0,2
1048,1865,7994,0,2
1048,1865,7994,1,1
1048,1865,7994,2,5
1050,1850,7995,0,4
1050,275,7996,0,6
1050,275,7996,1,5
1050,2016,7997,0,6
1050,303,7998,0,2
1050,348,7999,0,1
1050,348,7999,1,60
1050,348,7999,2,18
1050,348,7999,3,8
1050,417,8000,0,22
1050,417,8000,1,21
1052,2016,8010,0,1
1052,2016,8010,1,2
1052,2016,8010,2,13
1052,2016,8010,3,27
1052,2016,8010,4,12
1052,2017,8011,0,3
1052,2018,8013,0,1
1052,2018,8013,1,6
1052,2019,8014,0,1
1052,2019,8014,1,6
1053,369,8076,0,1
1053,369,8076,1,2
1053,369,8076,2,2
1053,141,8077,0,13
1053,141,8077,1,2
1053,141,8077,2,154
1053,142,8078,0,1
1053,142,8078,1,1
1053,142,8078,2,2
1053,142,8078,3,4
1053,142,8078,4,5
1053,153,8079,0,25
1053,154,8080,0,1
1053,155,8081,0,1
1053,155,8081,1,1
1053,155,8081,2,3
1053,1035,8082,0,1
1053,1035,8082,1,2
1053,1035,8082,2,1
1053,1035,8082,3,1
1053,1035,8082,4,1
1053,1035,8082,5,4
1053,169,8083,0,2
1053,169,8083,1,1
1053,169,8083,2,4
1053,169,8083,3,10
1053,182,8085,0,1
1053,182,8085,1,2
1053,182,8085,2,4
1053,182,8085,3,3
1053,182,8085,4,17
1053,182,8085,5,2
1053,182,8085,6,2
1053,353,8086,0,1
1053,353,8086,1,1
1053,353,8086,2,1
1053,353,8086,3,1
1053,353,8086,4,4
1053,353,8086,5,1
1053,353,8086,6,1
1053,353,8086,7,1
1053,353,8086,8,5
1053,2234,8087,0,51
1053,388,8088,0,3
1053,388,8088,1,4
1053,388,8088,2,2
1053,388,8088,3,16
1053,388,8088,4,9
1053,388,8088,5,4
1053,388,8088,6,7
1053,388,8088,7,4
1053,388,8088,8,5
1053,388,8088,9,2
1053,2235,8089,0,85
1053,2236,8090,0,118
1054,169,8055,0,17
1054,257,8056,0,3
1054,257,8056,1,6
1054,1701,8057,0,3
1054,1016,8058,0,1
1054,1862,8059,0,9
1054,1862,8059,1,2
1055,318,8029,0,1
1055,318,8029,1,4
1055,318,8029,2,2
1055,318,8029,3,3
1055,318,8029,4,11
1055,318,8029,5,2
1055,254,8030,0,9
1055,169,8031,0,17
1055,169,8031,1,9
1055,1036,8032,0,3
1055,1036,8032,1,14
1055,1036,8032,2,2
1056,1850,8037,0,1
1056,1850,8037,1,2
1056,275,8038,0,1
1056,278,8039,0,1
1056,279,8040,0,1
1056,279,8040,1,8
1056,301,8041,0,1
1056,301,8041,1,5
1056,312,8042,0,3
1056,312,8042,1,1
1056,320,8043,0,1
1056,273,8044,0,10
1056,1376,8045,0,11
1056,303,8046,0,1
1056,306,8047,0,1
1056,1283,8048,0,1
1057,2229,8053,0,2
1057,2229,8053,1,2
1057,2229,8053,2,3
1057,2229,8053,3,38
1057,2229,8053,4,4
1057,2229,8053,5,45
1057,2229,8053,6,38
1058,2229,8050,0,2
1058,2229,8050,1,3
1058,2229,8050,2,39
1058,2203,8051,0,3
1059,2295,8208,0,25
1059,2298,8209,0,67
1059,2299,8210,0,145
1059,2300,8211,0,77
1059,2301,8212,0,37
1059,2302,8213,0,78
1059,2303,8214,0,68
1059,2304,8215,0,64
1059,2305,8216,0,65
1059,2306,8217,0,36
1059,2307,8218,0,36
1059,2308,8219,0,40
1059,2309,8220,0,42
1059,2310,8221,0,40
1059,2311,8222,0,42
1059,2312,8223,0,59
1059,2313,8224,0,59
1059,2314,8225,0,37
1059,2315,8226,0,72
1059,2316,8227,0,46
1059,2317,8228,0,65
1059,2318,8229,0,73
1059,2319,8230,0,137
1059,2320,8231,0,91
1059,2323,8233,0,579
1059,2324,8234,0,452
1059,2325,8235,0,145
1059,2326,8236,0,74
1059,2327,8237,0,317
1059,2328,8238,0,650
1059,2329,8239,0,1426
1059,2330,8240,0,257
1059,2331,8241,0,343
1059,2332,8242,0,415
1059,2333,8243,0,184
1059,2334,8244,0,373
1059,2335,8245,0,181
1059,2336,8246,0,460
1059,2337,8247,0,216
1059,2338,8248,0,305
1059,2339,8249,0,245
1059,2340,8250,0,108
1059,2341,8251,0,1689
1059,2342,8252,0,962
1059,2343,8253,0,37
1059,2344,8254,0,771
1059,2345,8255,0,193
1059,2346,8256,0,199
1059,2349,8258,0,377
1059,2350,8259,0,64
1059,2352,8260,0,470
1059,2353,8261,0,134
1059,2354,8262,0,164
1059,2355,8263,0,291
1059,2356,8264,0,303
1059,2357,8265,0,646
1059,2358,8266,0,86
1059,2359,8267,0,240
1059,2360,8268,0,86
1059,2361,8269,0,762
1059,2364,8271,0,38
1059,2365,8272,0,75
1059,2366,8273,0,123
1059,2367,8274,0,35
1059,2368,8275,0,48
1059,2369,8276,0,74
1059,2370,8277,0,34
1059,2371,8278,0,47
1059,2372,8279,0,37
1059,2373,8280,0,68
1059,2374,8281,0,104
1059,2375,8282,0,54
1059,2376,8283,0,49
1059,2377,8284,0,110
1059,2378,8285,0,55
1059,2379,8286,0,49
1059,2382,8288,0,37
1059,2383,8289,0,186
1059,2384,8290,0,25
1059,2386,8291,0,282
1059,2387,8292,0,147
1059,2389,8293,0,1551
1059,2391,8294,0,56
1059,2392,8295,0,297
1059,2393,8296,0,351
1059,2394,8297,0,73
1059,2395,8298,0,167
1059,2396,8299,0,130
1059,2397,8300,0,179
1059,2399,8301,0,209
1059,2400,8302,0,35
1059,2402,8303,0,130
1059,2403,8304,0,34
1059,2405,8305,0,37
1059,2407,8306,0,425
1059,2408,8307,0,49
1059,2409,8308,0,414
1059,2410,8309,0,171
1059,2411,8310,0,184
1059,2414,8312,0,201
1059,2415,8313,0,143
1059,2416,8314,0,47
1059,2417,8315,0,238
1059,2418,8316,0,191
1059,2419,8317,0,91
1059,2420,8318,0,205
1059,2421,8319,0,231
1059,2422,8320,0,449
1059,2423,8321,0,268
1059,2424,8322,0,173
1059,2425,8323,0,1229
1059,2426,8324,0,73
1059,2427,8325,0,146
1059,2428,8326,0,713
1059,2429,8327,0,90
1059,2430,8328,0,947
1059,2431,8329,0,96
1059,2432,8330,0,98
1059,2433,8331,0,76
1059,2434,8332,0,120
1059,2435,8333,0,778
1059,2436,8334,0,192
1059,2437,8335,0,586
1059,2438,8336,0,881
1059,2439,8337,0,59
1059,2440,8338,0,315
1059,2441,8339,0,258
1059,2442,8340,0,132
1059,2443,8341,0,49
1059,2444,8342,0,62
1059,2446,8343,0,86
1059,2447,8344,0,72
1059,2448,8345,0,109
1059,2449,8346,0,87
1059,2450,8347,0,161
1059,2451,8348,0,86
1059,2452,8349,0,148
1059,2453,8350,0,125
1059,2454,8351,0,109
1059,2455,8352,0,105
1059,2456,8353,0,112
1059,2457,8354,0,114
1059,2458,8355,0,113
1059,2459,8356,0,109
1059,2460,8357,0,92
1059,2461,8358,0,95
1059,2462,8359,0,82
1059,2463,8360,0,141
1059,2464,8361,0,105
1059,2465,8362,0,99
1059,2466,8363,0,93
1059,2467,8364,0,210
1059,2468,8365,0,106
1059,2469,8366,0,102
1059,2470,8367,0,72
1059,2472,8368,0,217
1059,2473,8369,0,157
1059,2474,8370,0,80
1059,2475,8371,0,257
1059,2476,8372,0,384
1059,2477,8373,0,314
1059,2478,8374,0,425
1059,2479,8375,0,407
1059,2480,8376,0,186
1059,2481,8377,0,325
1059,2482,8378,0,154
1059,2483,8379,0,596
1059,2484,8380,0,928
1059,2485,8381,0,193
1059,2486,8382,0,663
1059,2487,8383,0,122
1059,2488,8384,0,153
1059,2489,8385,0,85
1059,2490,8386,0,195
1059,2491,8387,0,122
1059,2492,8388,0,70
1059,2493,8389,0,137
1059,2494,8390,0,115
1059,2495,8391,0,62
1059,2496,8392,0,61
1059,2497,8393,0,81
1059,2498,8394,0,80
1059,2499,8395,0,97
1059,2500,8396,0,234
1059,2501,8397,0,109
1059,2502,8398,0,87
1059,2503,8399,0,122
1059,2504,8400,0,70
1059,2505,8401,0,137
1059,2506,8402,0,361
1059,2507,8403,0,314
1059,2508,8404,0,160
1059,2509,8405,0,159
1059,2510,8406,0,139
1059,2511,8407,0,286
1059,2512,8408,0,194
1059,2513,8409,0,99
1059,2514,8410,0,126
1059,2515,8411,0,181
1059,2516,8412,0,70
1059,2517,8413,0,197
1059,2518,8414,0,121
1059,2519,8415,0,111
1059,2520,8416,0,214
1059,2521,8417,0,425
1059,2523,8418,0,121
1059,2524,8419,0,129
1059,2525,8420,0,52
1059,2526,8421,0,1265
1059,2527,8422,0,346
1059,2529,8423,0,51
1059,2530,8424,0,59
1059,2531,8425,0,47
1059,2532,8426,0,45
1059,2533,8427,0,77
1059,2534,8428,0,478
1059,2535,8429,0,100
1059,2536,8430,0,91
1059,2537,8431,0,82
1059,2538,8432,0,965
1059,2539,8433,0,55
1059,2540,8434,0,62
1059,2541,8435,0,60
1059,2542,8436,0,73
1059,2543,8437,0,146
1059,2544,8438,0,66
1059,2545,8439,0,73
1059,2546,8440,0,64
1059,2547,8441,0,44
1059,2549,8442,0,34
1059,2550,8443,0,1125
1059,2551,8444,0,347
1059,2552,8445,0,112
1059,2553,8446,0,105
1059,2556,8447,0,223
1059,2557,8448,0,46
1059,2558,8449,0,212
1059,2559,8450,0,91
1059,2560,8451,0,106
1059,2562,8452,0,406
1059,2563,8453,0,281
1059,2564,8454,0,396
1059,2565,8455,0,52
1059,2566,8456,0,74
1059,2567,8457,0,130
1059,2568,8458,0,133
1059,2569,8459,0,115
1059,2570,8460,0,456
1059,2571,8461,0,130
1059,2572,8462,0,143
1059,2573,8463,0,191
1059,2574,8464,0,253
1059,2575,8465,0,87
1059,2576,8466,0,157
1059,2577,8467,0,399
1059,2578,8468,0,656
1059,2579,8469,0,408
1059,2580,8470,0,396
1059,2581,8471,0,407
1059,2582,8472,0,206
1059,2583,8473,0,2090
1059,2584,8474,0,168
1059,2585,8475,0,119
1059,2586,8476,0,110
1059,2587,8477,0,120
1059,2588,8478,0,62
1059,2591,8480,0,68
1059,2592,8481,0,77
1059,2593,8482,0,96
1059,2594,8483,0,158
1059,2595,8484,0,151
1059,2596,8485,0,99
1059,2597,8486,0,99
1059,2598,8487,0,99
1059,2599,8488,0,90
1059,2600,8489,0,68
1059,2601,8490,0,79
1059,2602,8491,0,91
1059,2603,8492,0,116
1059,2604,8493,0,60
1059,2605,8494,0,110
1059,2606,8495,0,87
1059,2607,8496,0,87
1059,2608,8497,0,82
1059,2609,8498,0,87
1059,2610,8499,0,122
1059,2611,8500,0,39
1059,2612,8501,0,170
1059,2613,8502,0,100
1059,2614,8503,0,375
1059,2615,8504,0,249
1059,2616,8505,0,148
1059,2617,8506,0,49
1059,2618,8507,0,55
1059,2620,8509,0,200
1059,2622,8510,0,400
1059,2623,8511,0,407
1059,2624,8512,0,861
1059,2625,8513,0,74
1059,2626,8514,0,69
1059,2629,8516,0,128
1059,2630,8517,0,399
1059,2631,8518,0,265
1059,2632,8519,0,200
1059,2633,8520,0,285
1059,2634,8521,0,842
1059,2635,8522,0,162
1059,2636,8523,0,206
1059,2637,8524,0,207
1059,2638,8525,0,250
1059,2639,8526,0,154
1059,2640,8527,0,241
1059,2641,8528,0,256
1059,2642,8529,0,402
1059,2643,8530,0,199
1059,2644,8531,0,60
1059,2645,8532,0,680
1059,2646,8533,0,95
1059,2647,8534,0,1031
1059,2648,8535,0,390
1059,2649,8536,0,293
1059,2650,8537,0,872
1059,2651,8538,0,661
1059,2653,8539,0,149
1059,2654,8540,0,1143
1059,2655,8541,0,177
1059,2656,8542,0,103
1059,2657,8543,0,276
1059,2658,8544,0,55
1059,2659,8545,0,195
1059,2660,8546,0,379
1059,2661,8547,0,103
1059,2663,8548,0,79
1059,2664,8549,0,145
1059,2665,8550,0,236
1059,2666,8551,0,361
1059,2667,8552,0,635
1059,2668,8553,0,276
1059,2669,8554,0,303
1059,2670,8555,0,145
1059,2671,8556,0,169
1059,2672,8557,0,38
1059,2673,8558,0,453
1059,2674,8559,0,67
1059,2675,8560,0,30
1059,2676,8561,0,187
1059,2677,8562,0,132
1059,2678,8563,0,89
1059,2679,8564,0,37
1059,2680,8565,0,131
1059,2681,8566,0,31
1059,2682,8567,0,254
1059,2683,8568,0,31
1059,2684,8569,0,48
1059,2687,8571,0,51
1059,2688,8572,0,39
1059,2689,8573,0,294
1059,2690,8574,0,45
1060,3509,8163,0,63
1060,3510,8164,0,104
1060,3511,8165,0,102
1060,3512,8166,0,124
1060,3513,8167,0,983
1060,3514,8168,0,33
1060,3515,8169,0,111
1060,3516,8170,0,57
1060,3517,8171,0,187
1060,3518,8172,0,287
1060,3519,8173,0,68
1060,3520,8174,0,161
1060,3521,8175,0,70
1060,3522,8176,0,115
1060,3523,8177,0,68
1060,3524,8178,0,110
1060,3525,8179,0,236
1060,3526,8180,0,55
1060,3528,8181,0,31
1060,3529,8182,0,30
1060,3530,8183,0,30
1060,3531,8184,0,148
1060,3532,8185,0,97
1060,3533,8186,0,42
1061,2550,8120,0,11
1061,2550,8120,1,33
1061,2550,8120,2,4
1061,2550,8120,3,17
1061,2550,8120,4,99
1061,2550,8120,5,9
1061,2550,8120,6,2
1061,2550,8120,7,4
1061,2550,8120,8,10
1061,2550,8120,9,2
1061,2550,8120,10,5
1061,2550,8120,11,20
1061,2550,8120,12,4
1061,2550,8120,13,7
1062,2389,8108,0,1
1062,2389,8108,1,2
1062,2389,8108,2,19
1062,2550,8109,0,5
1062,2550,8109,1,6
1065,235,8113,0,3
1065,1817,8114,0,6
1065,1817,8114,1,3
1065,275,8115,0,1
1065,275,8115,1,3
1065,275,8115,2,5
1065,276,8116,0,3
1065,2232,8117,0,1
1065,2232,8117,1,2
1065,2232,8117,2,2
1065,2232,8117,3,4
1065,1849,8118,0,1
1065,1849,8118,1,4
1065,1849,8118,2,3
1065,1849,8118,3,6
1065,1849,8118,4,3
1065,1849,8118,5,16
1065,1849,8118,6,4
1065,1849,8118,7,1
1065,1849,8118,8,8
1066,1107,8112,0,6
1066,1107,8112,1,1
1066,1107,8112,2,43
1067,1107,8121,0,3
1067,212,8122,0,6
1070,153,9306,0,8
1070,153,9306,1,25
1070,169,9307,0,2
1070,169,9307,1,1
1070,169,9307,2,16
1070,1036,9309,0,1
1070,1036,9309,1,6
1070,1036,9309,2,12
1070,2234,9310,0,5
1070,388,9311,0,3
1070,388,9311,1,3
1070,388,9311,2,3
1070,388,9311,3,6
1070,388,9311,4,7
1070,388,9311,5,3
1070,2235,9312,0,2
1070,2235,9312,1,44
1070,2235,9312,2,107
1070,3549,9313,0,1
1070,3549,9313,1,14
1070,2236,9314,0,99
1071,374,9253,0,12
1072,1203,9252,0,4
1073,3554,9330,0,51
1073,3555,9331,0,100
1073,3556,9332,0,39
1073,3557,9333,0,121
1073,3558,9334,0,118
1073,3559,9335,0,134
1073,3560,9336,0,33
1074,212,9256,0,5
1076,153,9342,0,1
1076,153,9342,1,9
1076,3587,9348,0,28
1076,317,9349,0,2
1077,153,9324,0,1
1077,153,9324,1,14
1077,3588,9325,0,68
1080,169,9358,0,2
1080,169,9358,1,2
1080,316,9359,0,4
1080,316,9359,1,15
1082,366,9362,0,3
1082,366,9362,1,6
1083,1887,9364,0,2
1083,1887,9364,1,2
1083,277,9365,0,4
1083,301,9368,0,2
1083,301,9368,1,4
1084,235,9386,0,5
1084,275,9387,0,1
1084,275,9387,1,1
1084,275,9387,2,1
1084,275,9387,3,1
1084,275,9387,4,4
1084,275,9387,5,1
1084,275,9387,6,1
1084,275,9387,7,1
1084,275,9387,8,5
1084,276,9388,0,1
1084,243,9391,0,18
1085,2229,9363,0,2
1085,2229,9363,1,6
1085,2229,9363,2,4
1085,2229,9363,3,2
1085,2229,9363,4,3
1086,3591,9373,0,84
1087,2229,9382,0,2
1087,2229,9382,1,1
1087,2229,9382,2,22
1087,3593,9383,0,128
1088,2229,9377,0,5
1088,2229,9377,1,1
1088,2229,9377,2,2
1088,2229,9377,3,3
1088,2229,9377,4,3
1088,2229,9377,5,3
1088,2229,9377,6,28
1088,170,9378,0,4
1089,2229,9403,0,2
1089,2229,9403,1,2
1089,2229,9403,2,45
1089,2229,9403,3,2
1089,2229,9403,4,3
1089,2229,9403,5,3
1089,2229,9403,6,49
1089,199,9404,0,2
1090,2182,9394,0,22
1090,2182,9394,1,4
1090,2183,9395,0,2
1090,2197,9396,0,1
1090,2197,9396,1,9
1090,2203,9397,0,1
1090,2203,9397,1,5
1092,1855,9469,0,1
1092,1855,9469,1,2
1092,1856,9470,0,1
1092,1856,9470,1,2
1092,2017,9471,0,2
1092,2017,9471,1,2
1092,2179,9472,0,1
1092,2179,9472,1,2
1092,2171,9473,0,1
1092,2171,9473,1,2
1092,1975,9475,0,1
1092,1975,9475,1,2
1092,1853,9476,0,1
1092,1853,9476,1,2
1092,1760,9478,0,2
1092,3597,9479,0,52
1092,1759,9480,0,25
1092,1759,9480,1,5
1092,1759,9480,2,2
1092,1831,9481,0,3
1092,1832,9482,0,3
1092,1833,9483,0,2
1092,1833,9483,1,2
1092,2041,9484,0,4
1092,1835,9485,0,1
1092,1835,9485,1,2
1093,2016,9490,0,2
1093,2016,9490,1,2
1093,2016,9490,2,2
1093,2016,9490,3,2
1093,2016,9490,4,4
1093,2017,9491,0,1
1093,2017,9491,1,2
1093,2178,9492,0,1
1093,2178,9492,1,1
1093,2178,9492,2,4
1093,2178,9492,3,2
1093,2179,9493,0,1
1093,2229,9496,0,2
1093,2229,9496,1,1
1093,2229,9496,2,3
1093,2229,9496,3,2
1093,2229,9496,4,8
1093,2229,9496,5,2
1093,2229,9496,6,2
1093,2229,9496,7,13
1093,2229,9496,8,4
1093,2229,9496,9,2
1093,2229,9496,10,75
1093,2229,9496,11,5
1093,3598,9497,0,78
1093,1279,9498,0,11
1094,1850,9411,0,1
1094,1850,9411,1,3
1094,237,9412,0,2
1094,239,9413,0,4
1094,240,9414,0,2
1094,254,9415,0,2
1094,260,9416,0,4
1094,2016,9418,0,2
1094,2016,9418,1,2
1094,2017,9419,0,2
1094,143,9420,0,3
1094,143,9420,1,3
1094,155,9421,0,3
1094,155,9421,1,3
1094,1600,9422,0,2
1094,1512,9424,0,2
1094,358,9425,0,2
1094,361,9426,0,2
1094,251,9427,0,4
1094,252,9428,0,4
1094,1260,9431,0,4
1094,259,9432,0,2
1094,249,9433,0,4
1094,262,9434,0,4
1094,250,9437,0,2
1094,1282,9438,0,4
1094,1862,9441,0,1
1095,1850,9522,0,2
1095,275,9523,0,2
1095,1886,9524,0,2
1095,1856,9525,0,2
1095,1790,9526,0,2
1095,2211,9527,0,2
1095,1779,9528,0,2
1095,377,9529,0,2
1095,377,9529,1,2
1095,1849,9530,0,2
1095,336,9531,0,2
1095,1322,9533,0,2
1095,153,9534,0,2
1095,153,9534,1,4
1095,153,9534,2,6
1095,3588,9535,0,3
1095,185,9536,0,2
1095,186,9537,0,2
1095,1839,9538,0,2
1095,1211,9539,0,4
1095,1338,9540,0,2
1095,1338,9540,1,2
1095,1187,9541,0,3
1095,301,9542,0,2
1095,1853,9543,0,2
1095,297,9544,0,50
1095,983,9545,0,26
1095,983,9545,1,6
1095,983,9545,2,6
1095,983,9545,3,4
1095,983,9545,4,2
1095,983,9545,5,2
1095,1824,9546,0,2
1095,402,9547,0,4
1095,1581,9548,0,2
1095,414,9549,0,6
1095,414,9549,1,2
1095,1716,9550,0,2
1095,1716,9550,1,2
1096,235,9501,0,3
1096,235,9501,1,7
1096,235,9501,2,3
1096,1817,9502,0,3
1096,275,9503,0,3
1096,275,9503,1,2
1096,275,9503,2,3
1096,276,9504,0,3
1096,276,9504,1,3
1096,277,9505,0,10
1096,239,9506,0,3
1096,279,9507,0,5
1096,279,9507,1,4
1096,281,9508,0,4
1096,341,9509,0,3
1096,1885,9510,0,3
1096,1885,9510,1,3
1096,304,9511,0,2
1096,2232,9512,0,3
1096,2232,9512,1,3
1096,2232,9512,2,3
1096,318,9513,0,2
1096,2211,9514,0,6
1096,1779,9515,0,4
1096,376,9517,0,3
1096,376,9517,1,3
1096,377,9518,0,3
1096,1849,9519,0,3
1097,2016,9463,0,2
1097,2172,9465,0,4
1097,1974,9466,0,9
1097,2229,9467,0,8
1097,2112,9468,0,3
1097,2112,9468,1,3
1100,2229,9562,0,9
1100,2229,9562,1,2
1100,142,9563,0,2
1100,143,9564,0,4
1100,143,9564,1,3
1100,143,9564,2,2
1100,148,9565,0,2
1100,149,9566,0,2
1100,1633,9567,0,2
1100,167,9568,0,4
1100,169,9569,0,3
1100,169,9569,1,3
1100,169,9569,2,2
1100,169,9569,3,3
1100,171,9570,0,3
1100,1235,9571,0,3
1100,173,9572,0,2
1100,179,9576,0,5
1100,179,9576,1,3
1101,275,9577,0,3
1101,275,9577,1,5
1101,275,9577,2,3
1101,275,9577,3,4
1101,275,9577,4,2
1101,275,9577,5,2
1101,275,9577,6,2
1101,275,9577,7,3
1101,276,9578,0,3
1101,276,9578,1,3
1101,276,9578,2,3
1102,3599,9579,0,121
1103,2045,9640,0,5
1103,182,9641,0,8
1103,183,9642,0,3
1103,186,9643,0,3
1103,186,9643,1,3
1103,186,9643,2,3
1103,186,9643,3,4
1103,1506,9644,0,3
1103,1473,9645,0,3
1103,1473,9645,1,3
1103,1462,9646,0,3
1103,1462,9646,1,17
1103,1471,9647,0,3
1103,1471,9647,1,3
1103,1471,9647,2,5
1103,1839,9648,0,3
1103,3557,9649,0,2
1103,1272,9650,0,2
1103,1337,9651,0,2
1103,1338,9652,0,4
1103,316,9653,0,4
1103,205,9654,0,3
1103,1935,9655,0,6
1103,1766,9656,0,3
1103,282,9657,0,2
1103,958,9658,0,3
1103,301,9659,0,21
1103,301,9659,1,3
1103,301,9659,2,3
1103,301,9659,3,3
1103,358,9660,0,3
1103,362,9661,0,6
1103,362,9661,1,6
1103,312,9662,0,2
1103,252,9663,0,3
1103,1038,9665,0,3
1103,2023,9666,0,4
1103,320,9667,0,2
1103,320,9667,1,3
1103,1086,9668,0,3
1103,1087,9669,0,3
1103,1087,9669,1,1
1103,1094,9670,0,3
1103,386,9671,0,2
1103,1072,9672,0,3
1103,212,9673,0,6
1103,2180,9675,0,7
1103,2180,9675,1,7
1103,224,9676,0,3
1103,305,9677,0,2
1103,230,9678,0,3
1103,257,9679,0,2
1103,262,9680,0,3
1103,323,9681,0,3
1103,324,9682,0,3
1104,2229,9584,0,1
1104,2229,9584,1,2
1104,2229,9584,2,3
1104,2229,9584,3,2
1104,2229,9584,4,2
1104,2229,9584,5,2
1104,2229,9584,6,5
1104,2229,9584,7,26
1104,2229,9584,8,2
1104,2229,9584,9,88
1104,2229,9584,10,49
1104,3601,9585,0,127
1104,3602,9586,0,161
1104,170,9587,0,1
1104,170,9587,1,2
1104,170,9587,2,2
1106,272,9593,0,4
1106,1428,9594,0,3
1106,1446,9595,0,3
1106,1836,9596,0,6
1106,297,9597,0,3
1106,297,9597,1,3
1106,1414,9598,0,2
1106,1467,9599,0,3
1106,3597,9600,0,3
1106,1831,9601,0,3
1106,1832,9602,0,3
1106,984,9603,0,2
1106,1429,9604,0,3
1106,1447,9605,0,2
1106,2033,9606,0,4
1106,1496,9607,0,2
1106,303,9608,0,6
1106,306,9609,0,3
1106,1283,9610,0,2
1106,1189,9611,0,2
1106,365,9612,0,4
1106,378,9613,0,3
1106,1076,9614,0,3
1106,388,9618,0,4
1106,3549,9619,0,2
1106,399,9620,0,3
1106,407,9621,0,3
1106,1881,9622,0,3
1106,412,9623,0,2
1106,1703,9624,0,2
1106,1023,9625,0,4
1106,417,9626,0,4
1106,417,9626,1,3
1106,417,9626,2,3
1106,1787,9627,0,3
1106,420,9628,0,3
1106,413,9629,0,4
1106,372,9630,0,3
1106,1812,9631,0,6
1106,382,9632,0,3
1107,169,9581,0,2
1107,417,9582,0,8
1110,2041,9635,0,5
1110,2041,9635,1,1
1111,2229,9636,0,6
1111,2229,9636,1,5
1111,2229,9636,2,5
1111,2229,9636,3,5
1111,2229,9636,4,5
1111,2200,9637,0,5
1111,2205,9638,0,4
1112,1036,9728,0,3
1113,275,9729,0,2
1113,417,9732,0,8
1113,417,9732,1,5
1113,417,9732,2,8
1114,279,9802,0,1
1114,279,9802,1,8
1114,279,9802,2,8
1114,279,9802,3,5
1114,279,9802,4,9
1114,279,9802,5,11
1114,279,9802,6,8
1114,279,9802,7,5
1114,279,9802,8,43
1114,1885,9803,0,2
1114,1885,9803,1,1
1114,1885,9803,2,9
1114,1885,9803,3,2
1114,1885,9803,4,4
1114,1885,9803,5,8
1114,1885,9803,6,15
1114,1886,9804,0,1
1114,1886,9804,1,4
1114,1886,9804,2,7
1114,1010,9805,0,4
1114,1010,9805,1,16
1114,1010,9805,2,7
1114,3604,9807,0,63
1115,2232,9746,0,2
1115,2112,9747,0,1
1115,2197,9748,0,2
1115,2200,9749,0,1
1115,3593,9750,0,6
1115,3593,9750,1,2
1115,2205,9751,0,2
1115,1097,9753,0,1
1115,1098,9754,0,1
1115,1833,9755,0,2
1115,2029,9756,0,1
1115,2168,9757,0,1
1115,2168,9757,1,1
1115,2036,9758,0,1
1115,2039,9759,0,1
1115,2041,9760,0,2
1115,2041,9760,1,2
1115,2212,9763,0,1
1115,1863,9764,0,3
1116,2232,9736,0,2
1116,2232,9736,1,2
1116,2112,9737,0,3
1116,2112,9737,1,6
1116,2112,9737,2,2
1119,1850,9739,0,2
1119,339,9740,0,3
1119,339,9740,1,2
1119,339,9740,2,4
1119,275,9741,0,2
1119,275,9741,1,2
1119,356,9742,0,4
1119,356,9742,1,4
1119,1849,9743,0,2
1119,1849,9743,1,4
1119,1849,9743,2,4
1120,3632,9773,0,159
1120,3633,9774,0,112
1120,2041,9775,0,8
1120,2041,9775,1,2
1120,2041,9775,2,3
1121,316,9745,0,4
1122,275,9783,0,1
1122,275,9783,1,1
1122,275,9783,2,3
1122,275,9783,3,3
1122,275,9783,4,3
1123,3632,9771,0,35
1123,3632,9771,1,2
1124,273,9772,0,10
1124,273,9772,1,4
1125,3634,9790,0,127
1125,2178,9791,0,1
1125,2178,9791,1,8
1125,2178,9791,2,4
1125,2179,9792,0,2
1125,2179,9792,1,2
1125,2170,9793,0,1
1125,2170,9793,1,8
1125,2170,9793,2,4
1125,2171,9794,0,2
1125,2171,9794,1,2
1125,2172,9797,0,2
1125,2172,9797,1,40
1126,2229,9787,0,1
1126,2229,9787,1,5
1126,2229,9787,2,5
1126,2229,9787,3,5
1126,2229,9787,4,52
1126,2229,9787,5,1
1126,2194,9788,0,1
1126,2194,9788,1,20
1126,2194,9788,2,1
1126,2194,9788,3,8
1126,2194,9788,4,3
1127,3635,9821,0,74
1127,3636,9822,0,50
1127,2229,9824,0,1
1127,2229,9824,1,1
1127,2229,9824,2,30
1127,2229,9824,3,2
1127,2229,9824,4,4
1127,2229,9824,5,10
1127,2229,9824,6,3
1127,2229,9824,7,3
1127,2229,9824,8,5
1127,2229,9824,9,25
1127,2229,9824,10,13
1127,3637,9825,0,103
1127,170,9826,0,1
1127,170,9826,1,1
1127,170,9826,2,3
1127,170,9826,3,19
1127,171,9827,0,7
1127,171,9827,1,4
1127,1036,9828,0,1
1127,1036,9828,1,1
1128,3637,9835,0,2
1128,3637,9835,1,2
1128,170,9836,0,2
1128,170,9836,1,2
1130,163,9844,0,2
1131,154,9839,0,7
1131,169,9840,0,5
1131,169,9840,1,1
1131,169,9840,2,9
1131,169,9840,3,5
1131,1211,9841,0,10
1131,1211,9841,1,8
1131,257,9842,0,1
1131,257,9842,1,7
1131,257,9842,2,2
1131,257,9842,3,3
1131,257,9842,4,45
1132,355,9855,0,1
1132,355,9855,1,1
1132,355,9855,2,18
1132,355,9855,3,8
1132,355,9855,4,4
1132,355,9855,5,2
1132,355,9855,6,2
1132,355,9855,7,2
1132,398,9856,0,5
1132,398,9856,1,39
1132,406,9857,0,1
1132,406,9857,1,6
1132,406,9857,2,3
1132,407,9858,0,2
1132,407,9858,1,6
1132,407,9858,2,6
1132,407,9858,3,8
1132,407,9858,4,2
1132,407,9858,5,11
1133,355,9845,0,2
1133,355,9845,1,4
1133,355,9845,2,4
1133,355,9845,3,5
1133,355,9845,4,3
1133,355,9845,5,16
1134,2229,9851,0,2
1134,2229,9851,1,3
1134,2229,9851,2,3
1134,2229,9851,3,2
1134,2229,9851,4,7
1134,2229,9851,5,5
1135,417,9853,0,1
1135,417,9853,1,1
1135,417,9853,2,33
1136,355,9861,0,2
1136,398,9862,0,2
1137,372,9847,0,1
1137,372,9847,1,1
1137,372,9847,2,33
1137,372,9847,3,2
1138,2229,9889,0,2
1138,2229,9889,1,1
1138,2229,9889,2,12
1138,2229,9889,3,1
1138,2229,9889,4,9
1138,2229,9889,5,2
1138,2229,9889,6,9
1138,2229,9889,7,4
1138,2229,9889,8,5
1138,2229,9889,9,37
1138,2229,9889,10,1
1138,2229,9889,11,142
1139,2229,9874,0,3
1139,2229,9874,1,1
1139,2229,9874,2,5
1139,2229,9874,3,5
1139,2229,9874,4,5
1139,2229,9874,5,2
1139,2229,9874,6,6
1140,376,9886,0,5
1140,376,9886,1,3
1140,376,9886,2,6
1140,376,9886,3,24
1140,376,9886,4,14
1140,376,9886,5,4
1140,376,9886,6,10
1140,376,9886,7,9
1140,376,9886,8,93
1140,376,9886,9,6
1140,376,9886,10,16
1140,376,9886,11,9
1140,376,9886,12,1
1140,376,9886,13,2
1140,417,9887,0,5
1141,376,9873,0,10
1142,1322,9876,0,9
1142,209,9877,0,2
1142,209,9877,1,4
1142,1258,9878,0,1
1142,1258,9878,1,6
1142,1072,9879,0,3
1142,1072,9879,1,1
1142,1072,9879,2,1
1142,1072,9879,3,3
1142,1072,9879,4,1
1142,1072,9879,5,4
1142,1072,9879,6,5
1142,1259,9880,0,2
1142,1259,9880,1,3
1142,257,9881,0,6
1142,257,9881,1,6
1142,257,9881,2,5
1142,257,9881,3,6
1142,257,9881,4,2
1143,3656,9894,0,45
1143,2178,9895,0,3
1143,2178,9895,1,13
1143,2178,9895,2,8
1143,2179,9896,0,1
1143,2179,9896,1,2
1143,2170,9897,0,3
1143,2170,9897,1,13
1143,2170,9897,2,8
1143,2171,9898,0,1
1143,2171,9898,1,2
1143,2172,9901,0,30
1146,1850,9905,0,1
1146,1850,9905,1,3
1146,1850,9905,2,4
1146,1850,9905,3,2
1146,1850,9905,4,1
1146,1850,9905,5,3
1146,1850,9905,6,1
1146,1817,9906,0,2
1146,1817,9906,1,1
1146,1817,9906,2,21
1146,1817,9906,3,1
1146,1817,9906,4,3
1146,1817,9906,5,6
1146,275,9907,0,2
1146,275,9907,1,1
1146,275,9907,2,1
1146,275,9907,3,1
1146,275,9907,4,5
1146,275,9907,5,2
1146,275,9907,6,1
1146,276,9908,0,2
1146,276,9908,1,1
1146,276,9908,2,1
1146,276,9908,3,1
1146,3657,9910,0,2
1146,3657,9910,1,3
1146,3657,9910,2,1
1146,3657,9910,3,2
1146,3657,9910,4,1
1146,3657,9910,5,12
1146,3657,9910,6,6
1146,3657,9910,7,39
1146,3657,9910,8,42
1146,3657,9910,9,8
1146,3657,9910,10,14
1146,3657,9910,11,8
1146,3657,9910,12,59
1146,3657,9910,13,133
1146,3657,9910,14,2
1146,3657,9910,15,21
1146,1849,9911,0,1
1146,1849,9911,1,9
1146,1849,9911,2,42
1146,1849,9911,3,6
1146,1849,9911,4,2
1146,1849,9911,5,8
1146,1849,9911,6,5
1146,1849,9911,7,27
1146,1849,9911,8,7
1146,1849,9911,9,10
1146,1849,9911,10,58
1146,1849,9911,11,7
1146,1849,9911,12,10
1146,1849,9911,13,3
1146,297,9912,0,1
1147,3656,9891,0,13
1147,2229,9892,0,1
1147,2229,9892,1,6
1147,2229,9892,2,51
1147,2229,9892,3,9
1148,1850,9916,0,2
1148,3657,9917,0,4
1148,1849,9918,0,5
1149,301,9919,0,3
1149,301,9919,1,3
1150,3658,9921,0,57
1151,277,9923,0,3
1152,2192,9920,0,3
1153,301,9926,0,1
1153,301,9926,1,24
1153,301,9926,2,28
1153,301,9926,3,12
1153,3660,9927,0,98
1154,185,9928,0,3
1154,186,9929,0,2
1154,186,9929,1,27
1154,391,9930,0,2
1155,277,9941,0,1
1155,277,9941,1,4
1155,277,9941,2,2
1155,277,9941,3,2
1155,277,9941,4,7
1155,301,9944,0,2
1155,301,9944,1,2
1155,301,9944,2,7
1155,301,9944,3,4
1155,301,9944,4,2
1155,301,9944,5,2
1155,301,9944,6,2
1155,301,9944,7,33
1155,301,9944,8,9
1156,278,9924,0,2
1157,2178,9967,0,1
1157,2178,9967,1,32
1157,2178,9967,2,22
1157,2178,9967,3,2
1157,2179,9968,0,1
1157,2170,9969,0,1
1157,2170,9969,1,58
1157,2170,9969,2,2
1157,2171,9970,0,1
1157,2172,9973,0,1
1157,2172,9973,1,49
1157,2172,9973,2,5
1157,2229,9974,0,1
1157,2229,9974,1,3
1157,2229,9974,2,11
1157,2229,9974,3,4
1157,2229,9974,4,4
1157,2229,9974,5,4
1157,2229,9974,6,63
1157,2229,9974,7,2
1157,2229,9974,8,55
1157,2229,9974,9,8
1158,2229,9934,0,24
1160,351,9937,0,2
1161,376,9954,0,2
1161,377,9955,0,1
1161,1473,9956,0,1
1161,1473,9956,1,1
1161,1473,9956,2,1
1161,1473,9956,3,1
1161,1473,9956,4,1
1161,1473,9956,5,1
1161,1473,9956,6,2
1161,1473,9956,7,2
1161,1474,9957,0,1
1161,1474,9957,1,4
1161,1474,9957,2,4
1161,1471,9958,0,1
1161,1471,9958,1,4
1161,1471,9958,2,1
1161,1471,9958,3,1
1161,1471,9958,4,1
1161,1471,9958,5,2
1161,1471,9958,6,3
1161,1472,9959,0,1
1161,1472,9959,1,4
1161,1472,9959,2,4
1161,1839,9960,0,1
1161,1839,9960,1,5
1161,1476,9961,0,1
1161,1476,9961,1,4
1161,1766,9962,0,7
1161,393,9963,0,1
1161,393,9963,1,4
1161,393,9963,2,2
1162,277,9978,0,22
1162,277,9978,1,2
1162,277,9978,2,4
1162,277,9978,3,2
1162,301,9979,0,9
1162,301,9979,1,21
1162,301,9979,2,2
1162,301,9979,3,2
1162,301,9979,4,1
1162,301,9979,5,2
1162,301,9979,6,1
1162,301,9979,7,6
1162,301,9979,8,3
1162,301,9979,9,1
1162,301,9979,10,2
1162,301,9979,11,2
1162,301,9979,12,5
1162,301,9979,13,4
1162,2022,9980,0,2
1162,2022,9980,1,1
1162,2022,9980,2,4
1162,2022,9980,3,4
1162,1038,9981,0,2
1162,1038,9981,1,7
1162,1038,9981,2,8
1162,1038,9981,3,3
1162,1038,9981,4,3
1162,1038,9981,5,2
1162,1038,9981,6,12
1165,3663,9995,0,425
1166,235,10011,0,4
1166,235,10011,1,4
1166,275,10012,0,2
1166,1074,10014,0,4
1166,1074,10014,1,21
1166,1074,10014,2,4
1166,1074,10014,3,2
1166,1074,10014,4,8
1166,1074,10014,5,1
1166,1074,10014,6,3
1166,3599,10015,0,5
1166,377,10016,0,9
1166,377,10016,1,2
1166,377,10016,2,37
1166,377,10016,3,2
1166,377,10016,4,14
1166,377,10016,5,2
1166,377,10016,6,2
1166,377,10016,7,16
1166,377,10016,8,4
1166,377,10016,9,10
1166,377,10016,10,113
1166,377,10016,11,1
1166,1473,10017,0,1
1166,1473,10017,1,1
1166,1473,10017,2,1
1166,1473,10017,3,1
1166,1473,10017,4,1
1166,1473,10017,5,1
1166,1473,10017,6,16
1166,1474,10018,0,6
1166,1474,10018,1,1
1166,3557,10019,0,3
1166,3557,10019,1,7
1166,3557,10019,2,2
1166,3557,10019,3,7
1166,3557,10019,4,16
1167,1887,10001,0,1
1167,1887,10001,1,4
1167,1887,10001,2,8
1167,1887,10001,3,3
1167,277,10002,0,3
1167,277,10002,1,2
1167,1885,10003,0,3
1167,1885,10003,1,1
1167,1885,10003,2,4
1167,1885,10003,3,14
1167,1885,10003,4,2
1167,1885,10003,5,5
1167,1885,10003,6,2
1167,1885,10003,7,3
1167,1885,10003,8,5
1167,1849,10005,0,2
1167,1849,10005,1,2
1167,336,10006,0,3
1167,336,10006,1,30
1167,3667,10008,0,72
1169,361,9991,0,1
1169,361,9991,1,8
1170,1885,9998,0,1
1170,1885,9998,1,2
1170,1885,9998,2,1
1170,1886,9999,0,1
1170,1886,9999,1,4
1170,1886,9999,2,5
1170,273,10000,0,5
1170,273,10000,1,5
1170,273,10000,2,9
1171,1850,10024,0,5
1171,1850,10024,1,4
1171,1850,10024,2,2
1171,1850,10024,3,2
1171,1850,10024,4,19
1172,2229,10045,0,4
1172,3637,10046,0,1
1172,3637,10046,1,3
1172,3637,10046,2,2
1172,170,10047,0,1
1172,170,10047,1,5
1173,235,10035,0,1
1173,235,10035,1,18
1173,1817,10036,0,1
1173,1817,10036,1,1
1173,1817,10036,2,3
1173,1817,10036,3,2
1173,1817,10036,4,1
1173,275,10037,0,3
1173,275,10037,1,8
1173,275,10037,2,1
1173,275,10037,3,3
1173,275,10037,4,3
1173,276,10038,0,3
1173,276,10038,1,4
1173,1849,10039,0,1
1173,1849,10039,1,1
1173,1849,10039,2,2
1173,1849,10039,3,1
1173,1849,10039,4,5
1173,1849,10039,5,1
1173,1849,10039,6,5
1173,1849,10039,7,1
1173,336,10040,0,10
1173,1036,10042,0,1
1173,1036,10042,1,6
1180,279,10056,0,2
1180,1885,10057,0,2
1180,1010,10058,0,2
1183,170,10062,0,4
1183,170,10062,1,12
1183,170,10062,2,4
1183,170,10062,3,13
1183,170,10062,4,17
1183,170,10062,5,2
1183,265,10063,0,1
1183,265,10063,1,22
1184,2192,10071,0,55
1186,2192,10070,0,12
1186,2192,10070,1,4
1187,2192,10068,0,2
1187,2192,10068,1,2
1188,1849,10073,0,1
1188,1849,10073,1,1
1188,1849,10073,2,2
1188,1849,10073,3,5
1189,2229,10077,0,1
1189,2229,10077,1,27
1189,2200,10078,0,2
1189,2200,10078,1,1
1189,2200,10078,2,18
1190,273,10075,0,2
1190,273,10075,1,3
1191,2205,10072,0,7
1192,2182,10080,0,2
1192,2197,10081,0,2
1193,361,10084,0,3
1193,361,10084,1,2
1193,361,10084,2,1
1193,361,10084,3,1
1193,361,10084,4,1
1193,361,10084,5,1
1193,361,10084,6,3
1194,281,10089,0,1
1194,281,10089,1,7
1196,301,10096,0,5
1196,1036,10097,0,2
1198,2182,10102,0,1
1198,2182,10102,1,4
1198,2182,10102,2,2
1198,2182,10102,3,17
1198,2229,10103,0,2
1198,2186,10104,0,5
1198,2188,10105,0,5
1198,2191,10106,0,5
1198,2197,10107,0,14
1198,2198,10108,0,5
1198,2200,10109,0,5
1198,2203,10110,0,1
1198,2203,10110,1,5
1198,2203,10110,2,5
1198,2204,10111,0,5
1199,1010,10099,0,1
1199,1010,10099,1,9
1199,3657,10100,0,1
1199,3657,10100,1,9
1199,3657,10100,2,5
1202,376,10094,0,4
1203,275,10095,0,2
1204,275,10115,0,12
1204,275,10115,1,12
1205,2211,10114,0,1
1206,1850,10116,0,1
1206,1850,10116,1,4
1206,1850,10116,2,5
1206,1850,10116,3,6
1206,1850,10116,4,39
1208,2211,10124,0,2
1208,2211,10124,1,1
1208,2211,10124,2,2
1208,2211,10124,3,7
1208,2211,10124,4,10
1208,2211,10124,5,7
1209,235,10120,0,2
1209,275,10121,0,1
1209,275,10121,1,1
1209,275,10121,2,1
1209,275,10121,3,1
1209,275,10121,4,2
1209,275,10121,5,1
1209,275,10121,6,1
1209,275,10121,7,5
1209,276,10122,0,1
1210,421,10118,0,1
1210,421,10118,1,2
1210,421,10118,2,1
1211,1817,10153,0,1
1211,1817,10153,1,1
1211,1817,10153,2,37
1211,1817,10153,3,20
1211,275,10154,0,1
1211,275,10154,1,1
1211,275,10154,2,2
1211,275,10154,3,1
1211,275,10154,4,1
1211,275,10154,5,10
1211,275,10154,6,5
1211,275,10154,7,12
1211,275,10154,8,12
1211,275,10154,9,1
1211,276,10155,0,1
1211,3686,10157,0,263
1213,1850,10184,0,1
1213,1850,10184,1,1
1213,1850,10184,2,1
1213,1850,10184,3,2
1213,1850,10184,4,3
1213,1850,10184,5,13
1213,279,10185,0,1
1213,279,10185,1,5
1213,279,10185,2,3
1213,279,10185,3,2
1213,279,10185,4,17
1213,3686,10186,0,1
1213,3686,10186,1,2
1213,3686,10186,2,1
1213,3686,10186,3,2
1213,3686,10186,4,16
1213,3686,10186,5,1
1213,1771,10187,0,1
1213,1771,10187,1,4
1213,1771,10187,2,13
1213,1771,10187,3,2
1213,1885,10188,0,1
1213,1885,10188,1,3
1213,1885,10188,2,1
1213,1885,10188,3,16
1213,2211,10189,0,1
1213,2211,10189,1,1
1213,2211,10189,2,1
1213,2211,10189,3,4
1213,2211,10189,4,3
1213,2211,10189,5,13
1213,3657,10190,0,1
1213,3657,10190,1,4
1213,3657,10190,2,5
1213,3657,10190,3,13
1213,1849,10191,0,1
1213,1849,10191,1,3
1213,1849,10191,2,1
1213,1849,10191,3,2
1213,1849,10191,4,3
1213,1849,10191,5,13
1213,301,10192,0,1
1213,301,10192,1,4
1213,301,10192,2,3
1213,301,10192,3,17
1213,320,10193,0,1
1213,320,10193,1,2
1213,320,10193,2,3
1213,320,10193,3,3
1213,320,10193,4,4
1213,320,10193,5,13
1213,273,10194,0,5
1213,3707,10196,0,70
1213,1829,10197,0,35
1213,1829,10197,1,14
1213,1283,10198,0,1
1213,1283,10198,1,2
1213,1283,10198,2,4
1213,1283,10198,3,2
1213,1283,10198,4,14
1216,170,10144,0,4
1216,257,10146,0,1
1216,257,10146,1,1
1216,257,10146,2,1
1216,257,10146,3,1
1216,257,10146,4,1
1216,257,10146,5,2
1216,257,10146,6,4
1216,257,10146,7,28
1216,257,10146,8,4
1216,258,10147,0,2
1216,258,10147,1,50
1216,265,10148,0,12
1217,3657,10135,0,10
1217,3657,10135,1,17
1219,143,10215,0,1
1219,143,10215,1,18
1219,143,10215,2,3
1219,143,10215,3,3
1219,143,10215,4,3
1219,143,10215,5,2
1219,143,10215,6,2
1219,143,10215,7,3
1219,166,10216,0,5
1219,166,10216,1,3
1219,166,10216,2,2
1219,166,10216,3,5
1219,166,10216,4,3
1219,179,10217,0,5
1219,179,10217,1,11
1219,179,10217,2,2
1219,179,10217,3,2
1220,179,10143,0,2
1221,143,10179,0,5
1221,143,10179,1,2
1221,143,10179,2,8
1221,143,10179,3,109
1221,166,10180,0,2
1221,177,10181,0,2
1221,179,10182,0,9
1221,179,10182,1,119
1222,275,10174,0,5
1222,283,10175,0,5
1222,166,10176,0,1
1222,166,10176,1,3
1222,166,10176,2,4
1222,166,10176,3,6
1222,179,10177,0,2
1222,311,10178,0,6
1223,275,10202,0,9
1223,283,10203,0,1
1223,283,10203,1,5
1223,311,10204,0,5
1224,166,10205,0,3
1224,177,10206,0,6
1224,179,10207,0,1
1224,179,10207,1,3
1225,166,10208,0,1
1225,166,10208,1,2
1225,179,10209,0,3
1225,179,10209,1,8
1225,395,10210,0,4
1225,395,10210,1,5
1226,143,10211,0,3
1226,143,10211,1,2
1226,143,10211,2,15
1226,166,10212,0,2
1226,177,10213,0,2
1226,179,10214,0,7
1226,179,10214,1,18
1227,166,10220,0,5
1227,177,10221,0,6
1228,143,10245,0,3
1228,143,10245,1,3
1228,143,10245,2,203
1228,166,10246,0,17
1228,166,10246,1,4
1228,166,10246,2,208
1229,166,10223,0,3
1229,166,10223,1,2
1229,177,10224,0,3
1229,177,10224,1,2
1230,143,10252,0,1
1230,143,10252,1,20
1230,143,10252,2,4
1230,143,10252,3,2
1230,143,10252,4,2
1230,143,10252,5,6
1230,143,10252,6,4
1230,143,10252,7,9
1230,143,10252,8,3
1230,143,10252,9,4
1230,143,10252,10,3
1230,143,10252,11,3
1230,143,10252,12,14
1230,143,10252,13,3
1230,166,10253,0,16
1230,166,10253,1,4
1230,177,10254,0,15
1231,143,10234,0,1
1231,143,10234,1,4
1231,143,10234,2,6
1231,143,10234,3,3
1231,143,10234,4,3
1232,166,10237,0,2
1233,2211,10238,0,27
1233,2211,10238,1,2
1234,2211,10244,0,27
1234,2211,10244,1,26
1234,2211,10244,2,14
1234,2211,10244,3,2
1235,3724,10240,0,67
1235,3725,10241,0,58
1235,1209,10242,0,1
1235,1209,10242,1,9
1236,143,10239,0,1
1236,143,10239,1,3
1236,143,10239,2,2
1236,143,10239,3,1
1237,3726,10249,0,54
1238,143,10250,0,3
1241,3686,10256,0,2
1241,297,10257,0,1
1242,417,10259,0,5
1243,275,10262,0,2
1244,275,10305,0,3
1244,275,10305,1,10
1244,283,10306,0,5
1244,2211,10307,0,10
1244,3732,10308,0,215
1244,3738,10313,0,81
1244,143,10315,0,55
1244,3740,10317,0,551
1244,166,10318,0,1
1244,166,10318,1,13
1244,1305,10319,0,4
1244,311,10320,0,2
1244,311,10320,1,12
1245,170,10266,0,1
1245,170,10266,1,7
1245,171,10267,0,6
1245,171,10267,1,4
1245,258,10268,0,2
1245,258,10268,1,22
1247,1817,10278,0,1
1247,1817,10278,1,133
1247,1817,10278,2,8
1247,1817,10278,3,132
1247,1817,10278,4,26
1247,275,10279,0,2
1247,275,10279,1,5
1247,275,10279,2,27
1247,275,10279,3,10
1247,276,10280,0,1
1247,276,10280,1,4
1247,276,10280,2,32
1250,170,10283,0,1
1250,170,10283,1,8
1250,186,10284,0,4
1250,186,10284,1,2
1250,186,10284,2,15
1250,257,10286,0,1
1250,257,10286,1,4
1250,257,10286,2,2
1250,258,10287,0,2
1250,258,10287,1,2
1250,258,10287,2,2
1251,275,10277,0,1
1251,275,10277,1,13
1252,1850,10296,0,1
1252,1850,10296,1,2
1252,1850,10296,2,3
1252,1850,10296,3,2
1252,1850,10296,4,8
1252,1850,10296,5,1
1252,1850,10296,6,3
1252,1850,10296,7,2
1252,1850,10296,8,4
1252,1817,10297,0,3
1252,280,10298,0,9
1252,3657,10299,0,4
1253,1036,10282,0,1
1253,1036,10282,1,1
1254,3740,10292,0,3
1254,3740,10292,1,4
1254,3740,10292,2,6
1254,3740,10292,3,1
1254,3740,10292,4,1
1254,3740,10292,5,1
1254,3740,10292,6,2
1255,153,10294,0,1
1255,153,10294,1,5
1255,983,10295,0,1
1255,983,10295,1,1
1255,983,10295,2,1
1255,983,10295,3,11
1255,983,10295,4,1
1255,983,10295,5,14
1256,1850,10325,0,2
1256,1850,10325,1,4
1256,1850,10325,2,4
1256,1850,10325,3,2
1256,1850,10325,4,2
1256,1850,10325,5,5
1256,1850,10325,6,2
1256,1817,10326,0,5
1256,1817,10326,1,26
1256,1817,10326,2,2
1256,1817,10326,3,2
1256,1817,10326,4,4
1256,1817,10326,5,4
1256,275,10327,0,2
1256,275,10327,1,2
1256,275,10327,2,2
1256,275,10327,3,4
1256,275,10327,4,2
1256,275,10327,5,2
1256,276,10328,0,2
1256,276,10328,1,2
1256,276,10328,2,2
1256,3768,10330,0,42
1256,3769,10331,0,46
1256,3657,10332,0,2
1256,3657,10332,1,4
1256,3657,10332,2,1
1256,3657,10332,3,2
1256,1849,10333,0,2
1256,1849,10333,1,4
1256,1849,10333,2,2
1256,1849,10333,3,2
1256,1849,10333,4,6
1256,1849,10333,5,2
1257,387,10340,0,5
1257,395,10341,0,9
1257,395,10341,1,1
1257,395,10341,2,9
1258,3657,10347,0,1
1258,3657,10347,1,36
1258,3657,10347,2,3
1259,3657,10338,0,16
1259,3657,10338,1,4
1260,417,10336,0,2
1263,382,10359,0,10
1263,382,10359,1,6
1263,382,10359,2,16
1263,382,10359,3,48
1263,382,10359,4,2
1263,382,10359,5,4
1265,3663,10356,0,1
1265,3663,10356,1,21
1265,3663,10356,2,10
1265,3772,10357,0,56
1266,3663,10361,0,1
1266,3663,10361,1,18
1267,1850,10390,0,1
1267,1850,10390,1,1
1267,1850,10390,2,2
1267,1850,10390,3,11
1267,1850,10390,4,3
1267,1850,10390,5,11
1267,1850,10390,6,4
1267,1850,10390,7,4
1267,1850,10390,8,1
1267,1850,10390,9,12
1267,1850,10390,10,1
1267,1817,10391,0,1
1267,1817,10391,1,15
1267,1817,10391,2,3
1267,1817,10391,3,1
1267,1817,10391,4,1
1267,1817,10391,5,1
1267,1817,10391,6,2
1267,1817,10391,7,4
1267,275,10392,0,1
1267,275,10392,1,1
1267,275,10392,2,1
1267,275,10392,3,9
1267,275,10392,4,1
1267,276,10393,0,1
1267,276,10393,1,1
1267,276,10393,2,1
1267,3686,10395,0,1
1267,3686,10395,1,2
1267,3686,10395,2,5
1267,3686,10395,3,1
1267,3686,10395,4,1
1267,3686,10395,5,1
1267,3686,10395,6,1
1267,3773,10396,0,200
1267,297,10397,0,2
1268,169,10380,0,1
1268,169,10380,1,6
1268,169,10380,2,4
1268,169,10380,3,12
1268,169,10380,4,13
1268,169,10380,5,16
1268,169,10380,6,2
1268,169,10380,7,15
1268,169,10380,8,12
1268,169,10380,9,10
1268,2235,10381,0,1
1268,2235,10381,1,22
1268,3549,10382,0,1
1268,3549,10382,1,20
1268,417,10383,0,1
1268,417,10383,1,23
1269,3768,10363,0,8
1269,3769,10364,0,5
1269,3657,10365,0,2
1269,3657,10365,1,2
1269,3657,10365,2,4
1270,3774,10367,0,98
1271,2182,10371,0,6
1271,2182,10371,1,4
1271,2229,10372,0,2
1271,2229,10372,1,1
1271,2229,10372,2,1
1271,2229,10372,3,18
1271,2229,10372,4,4
1271,2229,10372,5,48
1273,376,10429,0,3
1273,376,10429,1,1
1273,376,10429,2,1
1273,376,10429,3,21
1273,376,10429,4,7
1273,154,10430,0,8
1273,154,10430,1,16
1273,154,10430,2,7
1273,155,10431,0,3
1273,155,10431,1,2
1273,155,10431,2,2
1273,155,10431,3,1
1273,155,10431,4,11
1273,155,10431,5,2
1273,166,10432,0,2
1273,166,10432,1,1
1273,170,10433,0,2
1273,170,10433,1,1
1273,1951,10434,0,2
1273,1951,10434,1,1
1273,182,10436,0,1
1273,182,10436,1,2
1273,182,10436,2,2
1273,182,10436,3,2
1273,182,10436,4,2
1273,182,10436,5,2
1273,182,10436,6,4
1273,182,10436,7,5
1273,273,10437,0,2
1273,273,10437,1,3
1273,286,10438,0,1
1273,286,10438,1,4
1273,349,10439,0,7
1273,349,10439,1,16
1273,349,10439,2,2
1273,349,10439,3,12
1273,346,10440,0,2
1273,346,10440,1,7
1274,153,10403,0,4
1274,153,10403,1,4
1274,153,10403,2,21
1274,1492,10404,0,1
1274,1492,10404,1,4
1274,1852,10405,0,1
1274,1852,10405,1,6
1274,1852,10405,2,4
1274,169,10406,0,4
1274,169,10406,1,5
1274,169,10406,2,3
1274,1267,10413,0,17
1274,1267,10413,1,57
1274,1268,10414,0,2
1274,1268,10414,1,5
1276,154,10385,0,3
1276,154,10385,1,7
1276,154,10385,2,8
1276,166,10386,0,2
1276,166,10386,1,1
1276,170,10387,0,2
1276,170,10387,1,1
1276,1951,10388,0,2
1276,1951,10388,1,1
1278,143,10450,0,2
1279,169,10458,0,1
1279,169,10458,1,1
1279,169,10458,2,2
1279,1272,10459,0,1
1279,1272,10459,1,2
1279,1272,10459,2,2
1279,1272,10459,3,2
1279,287,10461,0,3
1279,287,10461,1,2
1279,1211,10462,0,1
1279,1211,10462,1,4
1279,1211,10462,2,2
1279,1211,10462,3,2
1279,1218,10463,0,4
1279,1338,10464,0,1
1279,1338,10464,1,2
1279,1209,10465,0,1
1279,1209,10465,1,2
1279,316,10466,0,1
1279,316,10466,1,2
1279,1514,10467,0,1
1279,1514,10467,1,2
1279,361,10468,0,1
1279,361,10468,1,2
1279,361,10468,2,2
1279,361,10468,3,2
1279,3779,10469,0,91
1279,257,10470,0,1
1279,257,10470,1,1
1279,257,10470,2,4
1279,414,10471,0,9
1279,414,10471,1,9
1280,169,10448,0,4
1283,1771,10451,0,3
1283,1771,10451,1,1
1283,1771,10451,2,1
1283,1771,10451,3,5
1286,341,10452,0,1
1286,341,10452,1,9
1286,341,10452,2,2
1286,341,10452,3,1
1288,323,10480,0,8
1288,323,10480,1,1
1288,323,10480,2,21
1288,323,10480,3,3
1288,323,10480,4,4
1288,323,10480,5,7
1288,323,10480,6,23
1288,3780,10482,0,56
1288,297,10483,0,1
1288,1036,10484,0,2
1288,1036,10484,1,1
1288,1036,10484,2,1
1289,3781,10500,0,152
1289,3782,10501,0,59
1289,3784,10503,0,92
1289,3785,10504,0,63
1289,3786,10505,0,51
1289,3787,10506,0,56
1289,3788,10507,0,52
1289,1036,10509,0,2
1289,1036,10509,1,2
1290,2229,10486,0,1
1292,273,10512,0,18
1292,273,10512,1,24
1292,273,10512,2,8
1292,273,10512,3,381
1292,3791,10514,0,2
1292,3791,10514,1,6
1292,3791,10514,2,119
1292,3791,10514,3,4
1292,3791,10514,4,2
1292,3791,10514,5,7
1292,3791,10514,6,5
1292,3791,10514,7,12
1292,3791,10514,8,4
1292,3791,10514,9,41
1292,3791,10514,10,11
1292,3791,10514,11,4
1292,3791,10514,12,1
1292,3791,10514,13,2
1292,3791,10514,14,13
1292,3791,10514,15,2
1292,3791,10514,16,5
1292,3791,10514,17,10
1292,3791,10514,18,52
1293,1036,10488,0,1
1293,1036,10488,1,4
1293,1036,10488,2,4
1294,336,10489,0,9
1295,1817,10490,0,2
1295,272,10491,0,4
1295,272,10491,1,2
1295,293,10492,0,6
1295,293,10492,1,2
1295,293,10492,2,4
1295,1378,10493,0,2
1295,1378,10493,1,6
1295,1831,10494,0,2
1295,306,10495,0,2
1296,414,10496,0,3
1296,414,10496,1,8
1296,1716,10498,0,2
1296,1716,10498,1,4
1297,2229,10517,0,1
1297,2229,10517,1,8
1298,318,10521,0,9
1298,318,10521,1,4
1298,318,10521,2,61
1298,3792,10523,0,107
1298,297,10525,0,1
1298,1036,10526,0,2
1298,1036,10526,1,1
1298,1036,10526,2,2
1298,1036,10526,3,3
1299,3792,10519,0,2
1300,275,10619,0,6
1300,283,10620,0,4
1300,283,10620,1,5
1300,283,10620,2,14
1300,283,10620,3,5
1300,283,10620,4,42
1300,3794,10622,0,78
1300,336,10624,0,2
1300,2229,10625,0,1
1300,2229,10625,1,2
1300,2229,10625,2,4
1300,297,10627,0,2
1300,1036,10628,0,2
1300,1036,10628,1,2
1300,1036,10628,2,2
1300,1036,10628,3,2
1300,1496,10629,0,1
1300,1496,10629,1,10
1300,1496,10629,2,2
1300,1496,10629,3,4
1300,1496,10629,4,4
1300,1496,10629,5,5
1300,1496,10629,6,2
1300,306,10631,0,7
1300,306,10631,1,1
1300,306,10631,2,2
1300,306,10631,3,2
1300,306,10631,4,6
1300,306,10631,5,15
1300,306,10631,6,4
1300,306,10631,7,2
1300,306,10631,8,4
1300,306,10631,9,6
1300,306,10631,10,2
1300,306,10631,11,89
1300,3795,10633,0,67
