3384,11743,25335,0,2
3384,11744,25336,0,2
3384,7816,25337,0,1
3384,7816,25337,1,1
3384,7816,25337,2,4
3384,7816,25337,3,2
3384,7816,25337,4,1
3384,7818,25338,0,96
3384,7818,25338,1,1
3384,7818,25338,2,2
3384,7818,25338,3,1
3384,7818,25338,4,1
3384,7818,25338,5,6
3384,7818,25338,6,2
3384,7818,25338,7,1
3385,11743,25325,0,2
3385,11744,25326,0,2
3385,7816,25327,0,1
3385,7816,25327,1,1
3385,7816,25327,2,4
3385,7816,25327,3,2
3385,7816,25327,4,1
3385,7818,25328,0,96
3385,7818,25328,1,1
3385,7818,25328,2,2
3385,7818,25328,3,1
3385,7818,25328,4,1
3385,7818,25328,5,6
3385,7818,25328,6,2
3385,7818,25328,7,1
3386,7578,25357,0,6
3386,7578,25357,1,2
3386,7578,25357,2,2
3386,7578,25357,3,2
3386,7578,25357,4,2
3386,7578,25357,5,2
3386,7578,25357,6,2
5033,14608,35506,0,6
5033,14608,35506,1,2
5033,14608,35506,2,2
5033,14608,35506,3,2
5033,14608,35506,4,2
5033,14608,35506,5,2
5033,14608,35506,6,2
4688,14608,32776,0,6
4688,14608,32776,1,2
4688,14608,32776,2,2
4688,14608,32776,3,2
4688,14608,32776,4,2
4688,14608,32776,5,2
4688,14608,32776,6,2
3389,9981,25395,0,16
3389,7624,25396,0,9
3389,8397,25397,0,5
3389,8190,25398,0,6
3389,11647,25399,0,5
3389,7931,25400,0,5
3389,7931,25400,1,1
3389,7931,25400,2,1
3389,7931,25400,3,4
3389,7931,25400,4,1
3389,7931,25400,5,1
3389,7931,25400,6,2
3389,7931,25400,7,3
3389,7931,25400,8,1
3389,7931,25400,9,1
3389,7931,25400,10,1
3389,7931,25400,11,2
3389,7931,25400,12,1
3389,7931,25400,13,2
3389,7931,25400,14,1
3389,7931,25400,15,1
3389,7931,25400,16,1
3389,7931,25400,17,3
3389,7931,25400,18,1
10450,79440,107307,0,31
10450,79374,107308,0,1
10450,79374,107308,1,8
10450,79374,107308,2,1
10450,79374,107308,3,6
10450,79374,107308,4,1
10450,79374,107308,5,10
10450,79374,107308,6,7
10450,78665,107309,0,1
10450,78665,107309,1,2
10450,78665,107309,2,1
10450,78665,107309,3,2
3390,7715,25365,0,4
3390,7715,25365,1,1
4691,14001,32818,0,4
4691,14001,32818,1,1
5035,14001,35537,0,4
5035,14001,35537,1,1
3391,7716,25375,0,2
3391,7716,25375,1,4
3391,7716,25375,2,4
3391,7716,25375,3,1
3392,11746,25370,0,38
3392,8710,25371,0,4
3392,8710,25371,1,2
3392,8710,25371,2,4
3392,7968,25372,0,2
3392,7968,25372,1,2
4692,14610,32833,0,38
4692,14611,32834,0,4
4692,14611,32834,1,2
4692,14611,32834,2,4
4692,14612,32835,0,2
4692,14612,32835,1,2
5036,16377,35544,0,38
5036,14611,35545,0,4
5036,14611,35545,1,2
5036,14611,35545,2,4
5036,14612,35546,0,2
5036,14612,35546,1,2
4147,13098,29756,0,38
4147,6681,29757,0,4
4147,6681,29757,1,2
4147,6681,29757,2,4
4147,6924,29758,0,2
4147,6924,29758,1,2
4693,14285,32827,0,2
4693,14285,32827,1,4
4693,14285,32827,2,4
4693,14285,32827,3,1
5037,14285,35560,0,2
5037,14285,35560,1,4
5037,14285,35560,2,4
5037,14285,35560,3,1
3395,11754,25444,0,74
3395,11755,25445,0,133
3395,9982,25446,0,2
3395,9982,25446,1,19
3395,11756,25447,0,92
3395,7640,25448,0,2
3395,7640,25448,1,8
3395,7640,25448,2,44
3395,7640,25448,3,12
3395,7640,25448,4,9
3395,7640,25448,5,64
3395,7640,25448,6,12
3395,7640,25448,7,6
3395,7640,25448,8,3
3395,7640,25448,9,2
3395,7640,25448,10,25
3395,7640,25448,11,6
3395,7792,25449,0,3
3395,7792,25449,1,2
3395,7792,25449,2,6
3395,7792,25449,3,17
3395,7793,25450,0,2
3395,7793,25450,1,6
3395,7793,25450,2,17
3395,7641,25451,0,1
3395,7641,25451,1,4
3395,7641,25451,2,1
3395,7641,25451,3,2
3395,7641,25451,4,1
3395,7641,25451,5,1
3395,7641,25451,6,33
3395,7641,25451,7,1
3395,11758,25452,0,125
3395,11759,25453,0,40
3395,11760,25454,0,59
3395,11761,25455,0,73
3395,11762,25456,0,88
3395,11763,25457,0,75
3395,11764,25458,0,115
3395,11765,25459,0,63
3395,11766,25460,0,76
3395,11768,25461,0,36
3395,11769,25462,0,490
3395,11770,25463,0,298
3395,11771,25464,0,159
3395,11772,25465,0,137
3395,11773,25466,0,88
3395,11774,25467,0,335
3395,11775,25468,0,221
3397,8724,25379,0,3
3397,8724,25379,1,1
3398,11743,25387,0,2
3398,11744,25388,0,2
3398,7816,25389,0,2
3398,7818,25390,0,3
3398,7818,25390,1,4
3398,7818,25390,2,6
3398,7818,25390,3,2
4694,14616,32821,0,2
4694,14617,32822,0,2
4694,14619,32823,0,2
4694,14258,32824,0,3
4694,14258,32824,1,4
4694,14258,32824,2,6
4694,14258,32824,3,2
5038,14616,35554,0,2
5038,14617,35555,0,2
5038,14619,35556,0,2
5038,14258,35557,0,3
5038,14258,35557,1,4
5038,14258,35557,2,6
5038,14258,35557,3,2
5039,14612,35540,0,7
5040,14635,35549,0,6
3402,7578,25486,0,2
3402,7578,25486,1,2
3402,7578,25486,2,1
3402,7578,25486,3,2
3403,7626,25491,0,2
3403,7626,25491,1,7
3403,7626,25491,2,5
3403,7626,25491,3,1
3403,7626,25491,4,19
3403,7626,25491,5,1
4696,14101,32831,0,2
4696,14101,32831,1,7
4696,14101,32831,2,5
4696,14101,32831,3,1
4696,14101,32831,4,19
4696,14101,32831,5,1
5041,14101,35564,0,2
5041,14101,35564,1,7
5041,14101,35564,2,5
5041,14101,35564,3,1
5041,14101,35564,4,19
5041,14101,35564,5,1
4148,6456,29741,0,5
4148,6456,29741,1,19
4148,6456,29741,2,1
3404,7756,25503,0,11
3404,7578,25504,0,4
3404,7625,25505,0,1
3404,7625,25505,1,2
3404,7625,25505,2,6
3404,7625,25505,3,1
3404,7625,25505,4,9
3404,7625,25505,5,4
3404,7625,25505,6,7
3404,7625,25505,7,2
3404,7671,25506,0,1
3404,7671,25506,1,13
3404,7671,25506,2,1
3404,7671,25506,3,5
3404,7671,25506,4,2
3404,7671,25506,5,5
3404,7671,25506,6,30
3404,7998,25507,0,2
3406,8155,25489,0,7
4697,14576,32838,0,7
4698,14622,32841,0,2
4698,14622,32841,1,4
4698,14622,32841,2,1
4698,14622,32841,3,1
3408,8391,25501,0,4
3408,8391,25501,1,4
3408,8391,25501,2,7
3408,8391,25501,3,6
3410,7755,25509,0,1
3410,7755,25509,1,13
3410,7755,25509,2,2
4699,14166,32843,0,1
4699,14166,32843,1,13
4699,14166,32843,2,2
5044,16698,39143,0,203
5044,16701,39145,0,68
5044,16702,39146,0,24
5044,16703,39147,0,24
5044,16704,39148,0,24
5044,16862,39270,0,222
5044,16863,39271,0,1167
5044,16864,39272,0,224
5044,16970,39359,0,286
5044,16971,39360,0,96
5044,16972,39361,0,63
5044,16973,39362,0,234
5044,16975,39363,0,48
5044,16977,39364,0,50
5044,16978,39365,0,15
5044,16979,39366,0,72
5044,16981,39367,0,86
5044,16982,39368,0,46
5044,16983,39369,0,136
5044,16985,39370,0,76
5044,16986,39371,0,97
5044,16987,39372,0,85
5044,16988,39373,0,181
5044,16990,39374,0,51
5044,16991,39375,0,231
5044,16992,39376,0,498
5044,16993,39377,0,92
5044,16994,39378,0,74
5044,16996,39379,0,77
5044,16998,39380,0,174
5044,16999,39381,0,145
5044,17001,39382,0,46
5044,17003,39383,0,161
5044,17005,39384,0,497
5044,17007,39385,0,33
5044,17009,39386,0,271
5044,17010,39387,0,25
5044,17011,39388,0,126
5044,17017,39392,0,31
5044,17018,39393,0,90
5044,17019,39394,0,75
5044,17020,39395,0,23
5044,17021,39396,0,350
5044,17023,39397,0,179
5044,17025,39398,0,110
5044,17026,39399,0,43
5044,17027,39400,0,42
5044,17028,39401,0,43
5044,17029,39402,0,42
5044,17030,39403,0,6
5044,17032,39404,0,5
5044,17033,39405,0,73
5044,17034,39406,0,90
5044,17035,39407,0,26
5044,17037,39408,0,40
5044,17038,39409,0,45
5044,17039,39410,0,131
5044,17040,39411,0,166
5044,17041,39412,0,26
5044,17044,39413,0,97
5044,17045,39414,0,31
5044,17046,39415,0,30
5044,17047,39416,0,113
5044,17048,39417,0,56
5044,17049,39418,0,29
5044,17050,39419,0,111
5044,17051,39420,0,96
5044,17052,39421,0,147
5044,17053,39422,0,202
5044,17054,39423,0,29
5044,17055,39424,0,256
5044,17056,39425,0,82
5044,17057,39426,0,153
5044,17058,39427,0,188
5044,17059,39428,0,29
5044,17060,39429,0,125
5044,17061,39430,0,30
5044,17063,39431,0,112
5044,17064,39432,0,305
5044,17065,39433,0,39
5044,17066,39434,0,47
5044,17067,39435,0,102
5044,17068,39436,0,41
5044,17069,39437,0,30
5044,17070,39438,0,28
5044,17072,39439,0,35
5044,17073,39440,0,47
5044,17074,39441,0,74
5044,17075,39442,0,103
5044,17077,39443,0,174
5044,17079,39444,0,170
5044,17080,39445,0,171
5044,17081,39446,0,51
5044,17082,39447,0,186
5044,17084,39448,0,78
5044,17085,39449,0,49
5044,17086,39450,0,23
5044,17087,39451,0,152
5044,17088,39452,0,92
5044,17089,39453,0,152
5044,17090,39454,0,125
5044,17091,39455,0,53
5044,17092,39456,0,353
5044,17094,39457,0,70
5044,17096,39458,0,553
5044,17097,39459,0,72
5044,17099,39460,0,77
5044,17100,39461,0,97
5044,17102,39462,0,149
5044,17103,39463,0,26
5044,17105,39464,0,47
5044,17106,39465,0,97
5044,17108,39466,0,122
5044,17110,39467,0,45
5044,17112,39468,0,97
5044,17113,39469,0,160
5044,17114,39470,0,32
5044,17115,39471,0,88
5044,17116,39472,0,64
5044,17165,39491,0,54
5044,17166,39492,0,58
5044,17167,39493,0,60
5044,17175,39494,0,70
5044,17176,39495,0,174
5044,17177,39496,0,121
5044,17178,39497,0,237
5044,17179,39498,0,173
5044,17180,39499,0,38
5044,17181,39500,0,56
5044,17289,39587,0,77
5044,17290,39588,0,45
5044,17291,39589,0,95
5044,17292,39590,0,252
5044,17293,39591,0,146
5044,17294,39592,0,99
5044,17295,39593,0,263
5044,17296,39594,0,411
5044,17297,39595,0,181
5044,17298,39596,0,184
5044,17301,39598,0,478
5044,17302,39599,0,73
5044,17303,39600,0,64
5044,17304,39601,0,76
5044,17305,39602,0,48
5044,17307,39603,0,193
5044,17308,39604,0,44
5044,17309,39605,0,32
5044,17310,39606,0,244
5044,17311,39607,0,350
5044,17312,39608,0,213
5044,17313,39609,0,108
5044,17314,39610,0,150
5044,17315,39611,0,57
5044,17316,39612,0,160
5044,17318,39613,0,142
5044,17319,39614,0,182
5044,17320,39615,0,37
5044,17321,39616,0,47
5044,17323,39617,0,64
5044,17324,39618,0,34
5044,17325,39619,0,33
5044,17327,39620,0,147
5044,17328,39621,0,346
5044,17329,39622,0,124
5044,17330,39623,0,510
5044,17331,39624,0,36
5044,17332,39625,0,146
5044,17334,39626,0,972
5044,17335,39627,0,76
5044,17336,39628,0,28
5044,17337,39629,0,355
5044,17338,39630,0,203
5044,17341,39631,0,460
5044,17361,39641,0,154
5044,17362,39642,0,101
5044,17363,39643,0,41
5044,17364,39644,0,458
5044,17365,39645,0,151
5044,17366,39646,0,120
5044,17367,39647,0,154
5044,17368,39648,0,136
5044,17369,39649,0,268
5044,17370,39650,0,214
5044,17371,39651,0,43
5044,17372,39652,0,53
5044,17373,39653,0,140
5044,17374,39654,0,132
5044,17375,39655,0,163
5044,17376,39656,0,120
5044,17377,39657,0,206
5044,17378,39658,0,112
5044,17379,39659,0,163
5044,17380,39660,0,102
5044,17381,39661,0,126
5044,17391,39664,0,30
5044,17392,39665,0,52
5044,17393,39666,0,76
5044,17394,39667,0,704
5044,17395,39668,0,299
5044,17396,39669,0,42
5044,17397,39670,0,81
5044,17398,39671,0,57
5044,17399,39672,0,60
5044,17400,39673,0,324
5044,17401,39674,0,101
5044,17402,39675,0,26
5044,17403,39676,0,33
5044,17455,39702,0,251
5044,17456,39703,0,55
5044,17457,39704,0,64
5044,17458,39705,0,231
5044,17459,39706,0,101
5044,17469,39708,0,253
5044,17588,39801,0,132
5044,17589,39802,0,40
5044,17590,39803,0,177
5044,17591,39804,0,132
5044,17592,39805,0,222
5044,17593,39806,0,343
5044,17594,39807,0,132
5044,17595,39808,0,132
5044,17596,39809,0,132
5044,17597,39810,0,132
5044,17598,39811,0,132
5044,17599,39812,0,175
5044,17600,39813,0,465
5044,17601,39814,0,254
5044,17602,39815,0,670
5044,17603,39816,0,554
5044,17604,39817,0,9788
5044,17605,39818,0,5426
5044,17606,39819,0,307
5044,17607,39820,0,132
5044,17608,39821,0,132
5044,17609,39822,0,177
5044,17631,39834,0,143
5044,17632,39835,0,402
5044,17633,39836,0,42
5044,17634,39837,0,614
5044,17635,39838,0,482
5044,17636,39839,0,125
5044,17637,39840,0,82
5044,17638,39841,0,447
5044,17639,39842,0,483
5044,17640,39843,0,575
5044,17641,39844,0,918
5044,17642,39845,0,154
5044,17643,39846,0,236
5044,17644,39847,0,95
5044,17645,39848,0,37
5044,17646,39849,0,161
5044,17654,39850,0,75
5044,17655,39851,0,80
5044,17656,39852,0,62
5044,17657,39853,0,155
5044,17658,39854,0,81
5044,17659,39855,0,208
5044,17660,39856,0,190
5044,17661,39857,0,105
5044,17704,39885,0,23
5044,17705,39886,0,189
5044,17706,39887,0,288
5044,17708,39888,0,96
5044,17709,39889,0,74
5044,17710,39890,0,76
5044,17711,39891,0,80
5044,17712,39892,0,501
5044,17713,39893,0,409
5044,17714,39894,0,127
5044,17715,39895,0,218
5044,17716,39896,0,347
5044,17717,39897,0,78
5044,17718,39898,0,49
5044,17719,39899,0,39
5044,17720,39900,0,61
5044,17721,39901,0,96
5044,17722,39902,0,94
5044,17723,39903,0,83
5044,17724,39904,0,46
5044,17725,39905,0,47
5044,17726,39906,0,204
5044,17727,39907,0,166
5044,17728,39908,0,76
5044,17729,39909,0,44
5044,17730,39910,0,82
5044,17731,39911,0,333
5044,17732,39912,0,63
5044,17733,39913,0,307
5044,17734,39914,0,467
5044,17735,39915,0,53
5044,17736,39916,0,190
5044,17737,39917,0,102
5044,17738,39918,0,127
5044,17739,39919,0,280
5044,17740,39920,0,122
5044,17741,39921,0,160
5044,17742,39922,0,46
5044,17743,39923,0,343
5044,17744,39924,0,90
5044,17745,39925,0,174
5044,17746,39926,0,140
5044,17747,39927,0,30
5044,17748,39928,0,71
5044,17749,39929,0,38
5044,17750,39930,0,434
5044,17752,39931,0,243
5044,17753,39932,0,67
5044,17754,39933,0,61
5044,17755,39934,0,70
5044,17757,39935,0,66
5044,17758,39936,0,656
5044,17759,39937,0,42
5044,17760,39938,0,113
5044,17761,39939,0,53
5044,17762,39940,0,381
5044,17763,39941,0,38
5044,17764,39942,0,81
5044,17765,39943,0,556
5044,17767,39944,0,255
5044,17768,39945,0,414
5044,17769,39946,0,112
5044,17770,39947,0,67
5044,17771,39948,0,46
5044,17773,39950,0,116
5044,17774,39951,0,231
5044,17775,39952,0,68
5044,17776,39953,0,274
5044,17777,39954,0,62
5044,17778,39955,0,44
5044,17779,39956,0,299
5044,17780,39957,0,171
5044,17781,39958,0,110
5044,17782,39959,0,114
5044,17783,39960,0,119
5044,17784,39961,0,252
5044,17785,39962,0,142
5044,17786,39963,0,98
5044,17787,39964,0,3023
5044,17788,39965,0,51
5044,17789,39966,0,45
5044,17790,39967,0,52
5044,17791,39968,0,62
5044,17792,39969,0,21
5044,17794,39970,0,167
5044,17795,39971,0,38
5044,17796,39972,0,86
5044,17797,39973,0,80
5044,17798,39974,0,133
5044,17799,39975,0,38
5044,17800,39976,0,52
5044,17801,39977,0,53
5044,17802,39978,0,246
5044,17803,39979,0,26
5044,17804,39980,0,111
5044,17805,39981,0,74
5044,17806,39982,0,28
5044,17807,39983,0,79
5044,17808,39984,0,48
5044,17809,39985,0,57
5044,17810,39986,0,69
5044,17811,39987,0,54
5044,17812,39988,0,71
5044,17813,39989,0,136
5044,17814,39990,0,65
5044,17815,39991,0,42
5044,17816,39992,0,37
5044,17817,39993,0,131
5044,17818,39994,0,54
5044,17819,39995,0,39
5044,17820,39996,0,30
5044,17821,39997,0,79
5044,17822,39998,0,109
5044,17823,39999,0,136
5044,17824,40000,0,39
5044,17825,40001,0,41
5044,17826,40002,0,75
5044,17827,40003,0,74
5044,17828,40004,0,210
5044,17830,40006,0,52
5044,17831,40007,0,51
5044,17832,40008,0,129
5044,17833,40009,0,39
5044,17834,40010,0,64
5044,17835,40011,0,39
5044,17836,40012,0,72
5044,17837,40013,0,79
5044,17838,40014,0,101
5044,17840,40015,0,245
5044,17842,40016,0,79
5044,17843,40017,0,97
5044,17844,40018,0,84
5044,17845,40019,0,125
5044,17846,40020,0,75
5044,17847,40021,0,85
5044,17848,40022,0,112
5044,17850,40023,0,68
5044,17851,40024,0,59
5044,17852,40025,0,64
5044,17853,40026,0,64
5044,17854,40027,0,66
5044,17855,40028,0,63
5044,17856,40029,0,40
5044,17857,40030,0,33
5044,17858,40031,0,41
5044,17859,40032,0,41
5044,17860,40033,0,39
5044,17861,40034,0,74
5044,17862,40035,0,37
5044,17863,40036,0,45
5044,17864,40037,0,75
5044,17865,40038,0,65
5044,17866,40039,0,75
5044,17867,40040,0,75
5044,17868,40041,0,72
5044,17869,40042,0,116
5044,17870,40043,0,112
5044,17871,40044,0,113
5044,17872,40045,0,112
5044,17873,40046,0,113
5044,17874,40047,0,73
5044,17875,40048,0,72
5044,17876,40049,0,72
5044,17877,40050,0,73
5044,17878,40051,0,43
5044,17879,40052,0,113
5044,17880,40053,0,37
5044,17881,40054,0,37
5044,17882,40055,0,45
5044,17883,40056,0,82
5044,17884,40057,0,53
5044,17885,40058,0,39
5044,17886,40059,0,49
5044,17887,40060,0,45
5044,17888,40061,0,51
5044,17889,40062,0,41
5044,17890,40063,0,45
5044,17891,40064,0,36
5044,17892,40065,0,35
5044,17893,40066,0,35
5044,17894,40067,0,35
5044,17895,40068,0,35
5044,17896,40069,0,34
5044,17897,40070,0,40
5044,17898,40071,0,73
5044,17899,40072,0,80
5044,17900,40073,0,47
5044,17901,40074,0,81
5044,17902,40075,0,77
5044,17903,40076,0,88
5044,17904,40077,0,85
5044,17905,40078,0,89
5044,17906,40079,0,39
5044,17907,40080,0,37
5044,18295,40434,0,77
5044,18297,40435,0,32
5044,18298,40436,0,32
5044,18299,40437,0,32
5044,18300,40438,0,32
5044,18301,40439,0,32
5044,18302,40440,0,32
5044,18303,40441,0,32
5044,18304,40442,0,32
5044,18305,40443,0,32
5044,18306,40444,0,32
5044,18307,40445,0,32
5044,18308,40446,0,32
5044,18309,40447,0,32
5044,18310,40448,0,32
5044,18311,40449,0,32
5044,18312,40450,0,32
5044,18313,40451,0,32
5044,18314,40452,0,32
5044,18315,40453,0,32
5044,18316,40454,0,32
5044,18317,40455,0,32
5044,18318,40456,0,32
5044,18319,40457,0,32
5044,18320,40458,0,32
5044,18321,40459,0,32
5044,18322,40460,0,32
5044,18323,40461,0,32
5044,18324,40462,0,32
5044,18325,40463,0,32
5044,18326,40464,0,32
5044,18327,40465,0,32
5044,18328,40466,0,141
5044,18329,40467,0,52
5044,18330,40468,0,210
5044,18331,40469,0,457
5044,18332,40470,0,90
5044,18333,40471,0,99
5044,18334,40472,0,151
5044,18335,40473,0,2309
5044,18338,40476,0,151
5044,18339,40477,0,1474
5044,18340,40478,0,123
5044,18347,40482,0,32
5044,18348,40483,0,32
5044,18349,40484,0,32
5044,18350,40485,0,32
5044,18351,40486,0,32
5044,18352,40487,0,32
5044,18353,40488,0,32
5044,18354,40489,0,32
5044,18355,40490,0,32
5044,18356,40491,0,32
5044,18357,40492,0,32
5044,18358,40493,0,32
5044,18359,40494,0,32
5044,18360,40495,0,32
5044,18361,40496,0,32
5044,18362,40497,0,32
5044,18363,40498,0,32
5044,18364,40499,0,32
5044,18365,40500,0,32
5044,18366,40501,0,32
5044,18367,40502,0,32
5044,18368,40503,0,32
5044,18369,40504,0,32
5044,18370,40505,0,32
5044,18371,40506,0,32
5044,18372,40507,0,32
5044,18373,40508,0,32
5044,18374,40509,0,32
5044,18375,40510,0,32
5044,18376,40511,0,32
5044,18377,40512,0,32
5044,18378,40513,0,123
5044,18379,40514,0,34
5044,18380,40515,0,192
5044,18381,40516,0,439
5044,18382,40517,0,72
5044,18383,40518,0,81
5044,18384,40519,0,133
5044,18385,40520,0,2290
5044,18387,40522,0,133
5044,18388,40523,0,1455
5044,18389,40524,0,105
5044,18412,40535,0,72
5044,18413,40536,0,459
5044,18414,40537,0,85
5044,18415,40538,0,59
5044,18416,40539,0,164
5044,18417,40540,0,94
5044,18418,40541,0,43
5044,18419,40542,0,89
5044,18420,40543,0,271
5044,18421,40544,0,99
5044,18422,40545,0,48
5044,18423,40546,0,70
5044,18425,40547,0,241
5044,18426,40548,0,47
5044,18427,40549,0,179
5044,18428,40550,0,46
5044,18429,40551,0,67
5044,18430,40552,0,181
5044,18431,40553,0,31
5044,18432,40554,0,64
5044,18433,40555,0,95
5044,18434,40556,0,65
5044,18435,40557,0,62
5044,18436,40558,0,62
5044,18437,40559,0,52
5044,18438,40560,0,59
5044,18439,40561,0,93
5044,18440,40562,0,115
5044,18441,40563,0,95
5044,18442,40564,0,60
5044,18443,40565,0,95
5044,18444,40566,0,61
5044,18445,40567,0,63
5044,18446,40568,0,61
5044,18449,40570,0,117
5044,18450,40571,0,31
5044,18452,40572,0,299
5044,18453,40573,0,117
5044,18455,40574,0,460
5044,18457,40576,0,77
5044,18458,40577,0,84
5044,18459,40578,0,130
5044,18463,40581,0,40
5044,18464,40582,0,61
5044,18465,40583,0,195
5044,18466,40584,0,33
5044,18467,40585,0,45
5044,18468,40586,0,254
5044,18469,40587,0,57
5044,18470,40588,0,44
5044,18472,40590,0,65
5044,18473,40591,0,79
5044,18475,40592,0,186
5044,18476,40593,0,47
5044,18477,40594,0,214
5044,18478,40595,0,42
5044,18479,40596,0,54
5044,18480,40597,0,31
5044,18481,40598,0,51
5044,18482,40599,0,89
5044,18483,40600,0,63
5044,18484,40601,0,64
5044,18485,40602,0,64
5044,18486,40603,0,61
5044,18487,40604,0,113
5044,18488,40605,0,129
5044,18489,40606,0,115
5044,18490,40607,0,71
5044,18491,40608,0,81
5044,18492,40609,0,65
5044,18493,40610,0,67
5044,18494,40611,0,65
5044,18497,40613,0,44
5044,18498,40614,0,41
5044,18499,40615,0,42
5044,18500,40616,0,78
5044,18501,40617,0,63
5044,18502,40618,0,196
5044,18503,40619,0,260
5044,18504,40620,0,24
5044,18505,40621,0,146
5044,18506,40622,0,78
5044,18507,40623,0,83
5044,18508,40624,0,49
5044,18509,40625,0,145
5044,18510,40626,0,39
5044,18511,40627,0,42
5044,18512,40628,0,46
5044,18513,40629,0,124
5044,18515,40630,0,40
5044,18516,40631,0,576
5044,18645,40721,0,56
5044,18646,40722,0,57
5044,18647,40723,0,46
5044,18648,40724,0,80
5044,18649,40725,0,231
5044,18650,40726,0,92
5044,18651,40727,0,58
5044,18653,40728,0,349
5044,18654,40729,0,55
5044,18655,40730,0,112
5044,18656,40731,0,49
5044,18657,40732,0,185
5044,18658,40733,0,119
5044,18659,40734,0,233
5044,18661,40735,0,275
5044,18663,40736,0,208
5044,18664,40737,0,89
5044,18665,40738,0,50
5044,18666,40739,0,46
5044,18667,40740,0,32
5044,18668,40741,0,77
5044,18669,40742,0,238
5044,18670,40743,0,199
5044,18671,40744,0,65
5044,18672,40745,0,60
5044,18673,40746,0,143
5044,18674,40747,0,150
5044,18675,40748,0,239
5044,18676,40749,0,240
5044,18696,40754,0,116
5044,18697,40755,0,38
5044,18698,40756,0,205
5044,18699,40757,0,147
5044,18700,40758,0,670
5044,18701,40759,0,38
5044,18702,40760,0,149
5044,18703,40761,0,154
5044,18704,40762,0,148
5044,18705,40763,0,82
5044,18706,40764,0,1058
5044,18707,40765,0,141
5044,18708,40766,0,496
5044,18709,40767,0,304
5044,18710,40768,0,215
5044,18768,40810,0,243
5044,18769,40811,0,365
5044,18770,40812,0,119
5044,18771,40813,0,119
5044,18772,40814,0,6038
5044,18773,40815,0,117
5044,18774,40816,0,119
5044,18815,40841,0,616
5044,18826,40843,0,56
5044,18828,40844,0,29
5044,18829,40845,0,1176
5044,18830,40846,0,46
5044,18833,40848,0,848
5044,18835,40849,0,192
5044,18836,40850,0,96
5044,18837,40851,0,34
5044,18838,40852,0,542
5044,18839,40853,0,164
5044,18840,40854,0,136
5044,18841,40855,0,198
5044,18842,40856,0,62
5044,18843,40857,0,100
5044,18844,40858,0,27
5044,18845,40859,0,431
5044,18846,40860,0,78
5044,18847,40861,0,176
5044,18848,40862,0,53
5044,18849,40863,0,252
5044,18850,40864,0,1541
5044,18851,40865,0,749
5044,18852,40866,0,276
5044,18853,40867,0,1882
5044,18854,40868,0,291
5044,18855,40869,0,61
5044,18856,40870,0,47
5044,18857,40871,0,78
5044,18858,40872,0,166
5044,18859,40873,0,892
5044,18860,40874,0,446
5044,18862,40875,0,410
5044,18863,40876,0,111
5044,18864,40877,0,113
5044,18865,40878,0,298
5044,18866,40879,0,32
5044,18867,40880,0,47
5044,18868,40881,0,543
5044,18869,40882,0,41
5044,18870,40883,0,30
5044,18871,40884,0,282
5044,18873,40885,0,38
5044,18874,40886,0,582
5044,18875,40887,0,126
5044,18877,40888,0,58
5044,18878,40889,0,144
5044,18879,40890,0,130
5044,18880,40891,0,87
5044,18881,40892,0,324
5044,18885,40895,0,43
5044,18886,40896,0,68
5044,18887,40897,0,197
5044,18888,40898,0,118
5044,18890,40899,0,47
5044,18891,40900,0,63
5044,18892,40901,0,117
5044,18893,40902,0,395
5044,18894,40903,0,280
5044,18895,40904,0,99
5044,18896,40905,0,30
5044,18897,40906,0,371
5044,18898,40907,0,29
5044,18899,40908,0,202
5044,18900,40909,0,219
5044,18901,40910,0,30
5044,18904,40912,0,54
5044,18905,40913,0,269
5044,18906,40914,0,65
5044,18907,40915,0,577
5044,18908,40916,0,59
5044,18911,40918,0,86
5044,18912,40919,0,75
5044,18913,40920,0,28
5044,18914,40921,0,77
5044,18916,40922,0,33
5044,18917,40923,0,29
5044,18918,40924,0,375
5044,18920,40925,0,209
5044,18921,40926,0,94
5044,18922,40927,0,103
5044,18923,40928,0,76
5044,18924,40929,0,113
5044,18925,40930,0,87
5044,18926,40931,0,212
5044,18927,40932,0,24
5044,18928,40933,0,86
5044,18929,40934,0,91
5044,18930,40935,0,108
5044,18931,40936,0,199
5044,18932,40937,0,95
5044,18933,40938,0,87
5044,18934,40939,0,152
5044,18935,40940,0,177
5044,18936,40941,0,89
5044,18937,40942,0,86
5044,18938,40943,0,97
5044,18939,40944,0,221
5044,18940,40945,0,694
5044,18941,40946,0,171
5044,18942,40947,0,49
5044,18943,40948,0,70
5044,18944,40949,0,263
5044,18945,40950,0,92
5044,18946,40951,0,37
5044,18947,40952,0,3198
5044,18948,40953,0,105
5044,18949,40954,0,206
5044,18950,40955,0,54
5044,18951,40956,0,594
5044,18952,40957,0,91
5044,18953,40958,0,286
5044,18954,40959,0,73
5044,18955,40960,0,73
5044,18956,40961,0,41
5044,18957,40962,0,50
5044,18958,40963,0,80
5044,18959,40964,0,55
5044,18960,40965,0,211
5044,18961,40966,0,63
5044,18962,40967,0,28
5044,18963,40968,0,79
5044,18964,40969,0,445
5044,18966,40970,0,289
5044,18967,40971,0,156
5044,18968,40972,0,128
5044,18969,40973,0,154
5044,18970,40974,0,110
5044,18971,40975,0,230
5044,18972,40976,0,63
5044,18973,40977,0,69
5044,18974,40978,0,106
5044,18975,40979,0,109
5044,18976,40980,0,97
5044,18977,40981,0,159
5044,18978,40982,0,87
5044,18979,40983,0,202
5044,18980,40984,0,198
5044,18981,40985,0,491
5044,18983,40986,0,97
5044,18984,40987,0,62
5044,18985,40988,0,52
5044,18986,40989,0,971
5044,18987,40990,0,2081
5044,18988,40991,0,125
5044,18990,40992,0,359
5044,18991,40993,0,321
5044,18993,40994,0,49
5044,18994,40995,0,50
5044,18995,40996,0,378
5044,18996,40997,0,287
5044,18997,40998,0,110
5044,19000,41000,0,88
5044,19001,41001,0,258
5044,19002,41002,0,43
5044,19003,41003,0,68
5044,19006,41005,0,59
5044,19007,41006,0,70
5044,19008,41007,0,101
5044,19009,41008,0,46
5044,19010,41009,0,44
5044,19011,41010,0,89
5044,19012,41011,0,52
5044,19013,41012,0,111
5044,19016,41014,0,840
5044,19017,41015,0,527
5044,19018,41016,0,120
5044,19019,41017,0,1132
5044,19020,41018,0,38
5044,19022,41019,0,106
5044,19023,41020,0,119
5044,19024,41021,0,105
5044,19027,41023,0,151
5044,19029,41024,0,187
5044,19030,41025,0,95
5044,19031,41026,0,42
5044,19032,41027,0,246
5044,19033,41028,0,95
5044,19034,41029,0,33
5044,19036,41030,0,151
5044,19039,41032,0,223
5044,19042,41034,0,94
5044,19043,41035,0,186
5044,19046,41037,0,422
5044,19047,41038,0,52
5044,19048,41039,0,275
5044,19049,41040,0,58
5044,19050,41041,0,83
5044,19051,41042,0,72
5044,19052,41043,0,67
5044,19055,41045,0,87
5044,19056,41046,0,127
5044,19057,41047,0,114
5044,19058,41048,0,101
5044,19059,41049,0,184
5044,19061,41050,0,80
5044,19062,41051,0,210
5044,19063,41052,0,42
5044,19064,41053,0,408
5044,19065,41054,0,656
5044,19066,41055,0,47
5044,19067,41056,0,134
5044,19068,41057,0,131
5044,19069,41058,0,383
5044,19070,41059,0,165
5044,19071,41060,0,219
5044,19072,41061,0,161
5044,19073,41062,0,122
5044,19076,41064,0,136
5044,19077,41065,0,120
5044,19078,41066,0,246
5044,19079,41067,0,200
5044,19080,41068,0,140
5044,19081,41069,0,37
5044,19082,41070,0,91
5044,19083,41071,0,47
5044,19084,41072,0,120
5044,19085,41073,0,141
5044,19086,41074,0,490
5044,19087,41075,0,243
5044,19088,41076,0,248
5044,19090,41077,0,67
5044,19091,41078,0,96
5044,19092,41079,0,53
5044,19093,41080,0,44
5044,19094,41081,0,68
5044,19095,41082,0,92
5044,19096,41083,0,103
5044,19097,41084,0,80
5044,19098,41085,0,72
5044,19099,41086,0,89
5044,19100,41087,0,44
5044,19101,41088,0,70
5044,19102,41089,0,86
5044,19103,41090,0,80
5044,19104,41091,0,84
5044,19105,41092,0,229
5044,19106,41093,0,802
5044,19107,41094,0,83
5044,19108,41095,0,222
5044,19109,41096,0,197
5044,19110,41097,0,50
5044,19112,41098,0,136
5044,19114,41099,0,210
5044,19115,41100,0,535
5044,19116,41101,0,88
5044,19117,41102,0,833
5044,19118,41103,0,439
5044,19119,41104,0,99
5044,19120,41105,0,151
5044,19125,41109,0,98
5044,19126,41110,0,83
5044,19127,41111,0,151
5044,19128,41112,0,151
5044,19129,41113,0,102
5044,19130,41114,0,96
5044,19131,41115,0,66
5044,19134,41117,0,43
5044,19135,41118,0,402
5044,19136,41119,0,82
5044,19138,41120,0,108
5044,19139,41121,0,51
5044,19140,41122,0,247
5044,19141,41123,0,89
5044,19142,41124,0,379
5044,19143,41125,0,70
5044,19144,41126,0,71
5044,19145,41127,0,100
5044,19146,41128,0,36
5044,19147,41129,0,46
5044,19148,41130,0,180
5044,19149,41131,0,85
5044,19150,41132,0,89
5044,19151,41133,0,45
5044,19152,41134,0,51
5044,19153,41135,0,150
5044,19154,41136,0,468
5044,19155,41137,0,144
5044,19156,41138,0,129
5044,19157,41139,0,35
5044,19158,41140,0,131
5044,19159,41141,0,195
5044,19160,41142,0,171
5044,19161,41143,0,105
5044,19162,41144,0,341
5044,19163,41145,0,650
5044,19164,41146,0,79
5044,19165,41147,0,91
5044,19166,41148,0,98
5044,19167,41149,0,99
5044,19168,41150,0,56
5044,19373,41314,0,77
5044,19374,41315,0,81
5044,19375,41316,0,428
5044,19376,41317,0,73
5044,19377,41318,0,97
5044,19378,41319,0,167
5044,19379,41320,0,267
5044,19380,41321,0,256
5044,19381,41322,0,758
5044,19382,41323,0,287
5044,19383,41324,0,241
5044,19384,41325,0,190
5044,19385,41326,0,159
5044,19387,41327,0,438
5044,19388,41328,0,207
5044,19389,41329,0,70
5044,19390,41330,0,450
5044,19391,41331,0,318
5044,19396,41335,0,361
5044,19397,41336,0,212
5044,19398,41337,0,88
5044,19399,41338,0,261
5044,19400,41339,0,157
5044,19440,41369,0,129
5044,19441,41370,0,3191
5044,19442,41371,0,51
5044,19443,41372,0,444
5044,19444,41373,0,333
5044,19445,41374,0,60
5044,19448,41376,0,31
5044,19449,41377,0,185
5044,19450,41378,0,127
5044,19451,41379,0,47
5044,19452,41380,0,451
5044,19453,41381,0,61
5044,19454,41382,0,188
5044,19455,41383,0,345
5044,19456,41384,0,86
5044,19457,41385,0,136
5044,19458,41386,0,187
5044,19459,41387,0,67
5044,19460,41388,0,42
5044,19463,41389,0,1534
5044,19465,41390,0,114
5044,19466,41391,0,55
5044,19467,41392,0,46
5044,19468,41393,0,43
5044,19469,41394,0,763
5044,19470,41395,0,37
5044,19471,41396,0,89
5044,19472,41397,0,66
5044,19473,41398,0,130
5044,19474,41399,0,124
5044,19475,41400,0,98
5044,19476,41401,0,28
5044,19478,41402,0,38
5044,19479,41403,0,130
5044,19480,41404,0,1008
5044,19481,41405,0,428
5044,19482,41406,0,111
5044,19483,41407,0,967
5044,19484,41408,0,1557
5044,19485,41409,0,439
5044,19486,41410,0,639
5044,19487,41411,0,175
5044,19488,41412,0,134
5044,19489,41413,0,1423
5044,19490,41414,0,267
5044,19491,41415,0,151
5044,19492,41416,0,134
5044,19494,41417,0,154
5044,19495,41418,0,371
5044,19496,41419,0,320
5044,19497,41420,0,61
5044,19499,41421,0,424
5044,19500,41422,0,117
5044,19501,41423,0,133
5044,19502,41424,0,469
5044,19503,41425,0,93
5044,19504,41426,0,97
5044,19505,41427,0,54
5044,19506,41428,0,113
5044,19507,41429,0,1262
5044,19508,41430,0,1272
5044,19509,41431,0,1576
5044,19510,41432,0,4621
5044,19511,41433,0,103
5044,19512,41434,0,104
5044,19513,41435,0,57
5044,19514,41436,0,70
5044,19515,41437,0,188
5044,19516,41438,0,426
5044,19517,41439,0,348
5044,19518,41440,0,162
5044,19519,41441,0,196
5044,19520,41442,0,185
5044,19521,41443,0,374
5044,19522,41444,0,30
5044,19523,41445,0,407
5044,19524,41446,0,178
5044,19525,41447,0,876
5044,19526,41448,0,725
5044,19527,41449,0,30
5044,19528,41450,0,251
5044,19529,41451,0,179
5044,19530,41452,0,528
5044,19531,41453,0,34
5044,19532,41454,0,595
5044,19533,41455,0,72
5044,19534,41456,0,70
5044,19535,41457,0,65
5044,19536,41458,0,181
5044,19537,41459,0,220
5044,19538,41460,0,148
5044,19539,41461,0,67
5044,19541,41462,0,108
5044,19542,41463,0,116
5044,19543,41464,0,127
5044,19544,41465,0,220
5044,19545,41466,0,187
5044,19547,41467,0,122
5044,19548,41468,0,58
5044,19549,41469,0,117
5044,19550,41470,0,75
5044,19551,41471,0,156
5044,19552,41472,0,128
5044,19553,41473,0,37
5044,19554,41474,0,47
5044,19555,41475,0,70
5044,19556,41476,0,87
5044,19557,41477,0,92
5044,19559,41478,0,737
5044,19560,41479,0,152
5044,19566,41480,0,242
5044,19567,41481,0,74
5044,19568,41482,0,194
5044,19569,41483,0,156
5044,19570,41484,0,53
5044,19571,41485,0,321
5044,19572,41486,0,750
5044,19573,41487,0,176
5044,19574,41488,0,35
5044,19575,41489,0,153
5044,19576,41490,0,37
5044,19577,41491,0,375
5044,19578,41492,0,216
5044,19579,41493,0,293
5044,19580,41494,0,101
5044,19581,41495,0,144
5044,19582,41496,0,563
5044,19583,41497,0,111
5044,19584,41498,0,536
5044,19585,41499,0,175
5044,19586,41500,0,78
5044,19587,41501,0,167
5044,19588,41502,0,73
5044,19589,41503,0,98
5044,19590,41504,0,53
5044,19591,41505,0,128
5044,19592,41506,0,38
5044,19593,41507,0,63
5044,19594,41508,0,38
5044,19595,41509,0,213
5044,19596,41510,0,187
5044,19597,41511,0,147
5044,19598,41512,0,37
5044,19599,41513,0,1746
5044,19600,41514,0,1419
5044,19601,41515,0,28
5044,19602,41516,0,53
5044,19603,41517,0,241
5044,19604,41518,0,1711
5044,19605,41519,0,183
5044,19606,41520,0,2486
5044,19607,41521,0,44
5044,19609,41523,0,32
5044,19610,41524,0,179
5044,19611,41525,0,160
5044,19612,41526,0,118
5044,19613,41527,0,145
5044,19614,41528,0,218
5044,19615,41529,0,71
5044,19616,41530,0,301
5044,19617,41531,0,74
5044,19618,41532,0,204
5044,19619,41533,0,2845
5044,19620,41534,0,46
5044,19621,41535,0,99
5044,19622,41536,0,409
5044,19623,41537,0,63
5044,19624,41538,0,115
5044,19625,41539,0,56
5044,19626,41540,0,58
5044,19627,41541,0,56
5044,19628,41542,0,61
5044,19629,41543,0,195
5044,19630,41544,0,172
5044,19631,41545,0,410
5044,19632,41546,0,51
5044,19633,41547,0,109
5044,19634,41548,0,185
5044,19635,41549,0,42
5044,19636,41550,0,48
5044,19637,41551,0,64
5044,19638,41552,0,1394
5044,19639,41553,0,67
5044,19640,41554,0,46
5044,19641,41555,0,57
5044,19642,41556,0,157
5044,19643,41557,0,80
5044,19644,41558,0,493
5044,19645,41559,0,103
5044,19646,41560,0,148
5044,19647,41561,0,41
5044,19648,41562,0,113
5044,19649,41563,0,76
5044,19650,41564,0,35
5044,19651,41565,0,47
5044,19652,41566,0,344
5044,19653,41567,0,44
5044,19654,41568,0,66
5044,19655,41569,0,84
5044,19656,41570,0,51
5044,19657,41571,0,2569
5044,19658,41572,0,51
5044,19659,41573,0,149
5044,19660,41574,0,199
5044,19661,41575,0,40
5044,19662,41576,0,108
5044,19663,41577,0,139
5044,19664,41578,0,184
5044,19665,41579,0,140
5044,19666,41580,0,187
5044,19667,41581,0,45
5044,19668,41582,0,82
5044,19669,41583,0,305
5044,19670,41584,0,62
5044,19671,41585,0,118
5044,19672,41586,0,128
5044,19673,41587,0,308
5044,19674,41588,0,383
5044,19675,41589,0,266
5044,19676,41590,0,963
5044,19677,41591,0,56
5044,19678,41592,0,212
5044,19679,41593,0,231
5044,19680,41594,0,224
5044,19681,41595,0,1129
5044,19682,41596,0,544
5044,19683,41597,0,101
5044,19684,41598,0,241
5044,19685,41599,0,246
5044,19686,41600,0,146
5044,19687,41601,0,551
5044,19688,41602,0,94
5044,19689,41603,0,435
5044,19690,41604,0,3057
5044,19691,41605,0,117
5044,19692,41606,0,65
5044,19693,41607,0,74
5044,19694,41608,0,82
5044,19695,41609,0,302
5044,19696,41610,0,150
5044,19699,41613,0,52
5044,19700,41614,0,136
5044,19702,41615,0,387
5044,19703,41616,0,298
5044,19706,41618,0,89
5044,19707,41619,0,40
5044,19708,41620,0,65
5044,19709,41621,0,181
5044,19710,41622,0,149
5044,19711,41623,0,459
5044,19712,41624,0,50
5044,19713,41625,0,114
5044,19714,41626,0,154
5044,19715,41627,0,45
5044,19716,41628,0,93
5044,19717,41629,0,487
5044,19718,41630,0,93
5044,19719,41631,0,99
5044,19720,41632,0,227
5044,19721,41633,0,206
5044,19724,41635,0,543
5044,19725,41636,0,178
5044,19726,41637,0,222
5044,19727,41638,0,127
5044,19728,41639,0,65
5044,19729,41640,0,337
5044,19730,41641,0,35
5044,19731,41642,0,39
5044,19732,41643,0,43
5044,19733,41644,0,418
5044,19734,41645,0,39
5044,19735,41646,0,328
5044,19736,41647,0,100
5044,19737,41648,0,289
5044,19738,41649,0,50
5044,19739,41650,0,131
5044,19740,41651,0,227
5044,19741,41652,0,563
5044,19742,41653,0,49
5044,19743,41654,0,46
5044,19744,41655,0,256
5044,19745,41656,0,122
5044,19746,41657,0,42
5044,19747,41658,0,57
5044,19748,41659,0,140
5044,19749,41660,0,52
5044,19750,41661,0,264
5044,19752,41662,0,95
5044,19753,41663,0,98
5044,19754,41664,0,98
5044,19755,41665,0,95
5044,19756,41666,0,86
5044,19757,41667,0,86
5044,19758,41668,0,125
5044,19759,41669,0,115
5044,19760,41670,0,53
5044,19761,41671,0,160
5044,19762,41672,0,89
5044,19763,41673,0,68
5044,19764,41674,0,210
5044,19765,41675,0,88
5044,19766,41676,0,65
5044,19767,41677,0,74
5044,19768,41678,0,179
5044,19771,41680,0,216
5044,19772,41681,0,394
5044,19773,41682,0,186
5044,19774,41683,0,75
5044,19779,41687,0,182
5044,19780,41688,0,348
5044,19781,41689,0,117
5044,19782,41690,0,159
5044,19783,41691,0,107
5044,19784,41692,0,101
5044,19785,41693,0,69
5044,19786,41694,0,125
5044,19787,41695,0,497
5044,19788,41696,0,91
5044,20221,42067,0,1324
5044,20223,42069,0,685
5044,20224,42070,0,312
3411,11398,25498,0,2
4700,14311,32840,0,2
3412,10013,25513,0,4
3412,9836,25514,0,2
3412,7720,25515,0,28
3412,7720,25515,1,17
3412,7720,25515,2,11
3412,7720,25515,3,18
4701,14590,32847,0,4
4701,14591,32848,0,2
4701,14004,32849,0,28
4701,14004,32849,1,17
4701,14004,32849,2,7
4701,14004,32849,3,18
3413,8845,25522,0,5
3413,8845,25522,1,6
3413,8845,25522,2,3
3413,8845,25522,3,2
3413,8845,25522,4,2
3413,8845,25522,5,10
4702,14211,32874,0,5
4702,14211,32874,1,6
4702,14211,32874,2,3
4702,14211,32874,3,2
4702,14211,32874,4,2
4702,14211,32874,5,10
3414,7714,25526,0,2
3414,7738,25527,0,3
3414,7738,25527,1,3
3414,7716,25528,0,1
3414,8380,25529,0,2
3414,8380,25529,1,7
3414,7720,25530,0,10
3414,7720,25530,1,3
3414,7720,25530,2,5
3414,7720,25530,3,3
4703,13999,32862,0,2
4703,14010,32863,0,3
4703,14010,32863,1,3
4703,14285,32864,0,1
4703,14600,32865,0,2
4703,14600,32865,1,7
4703,14004,32866,0,10
4703,14004,32866,1,3
4703,14004,32866,2,5
4703,14004,32866,3,3
3415,7714,25547,0,5
3415,9838,25548,0,8
3415,7715,25549,0,4
3415,7715,25549,1,3
3415,7715,25549,2,6
3415,7715,25549,3,45
3415,7715,25549,4,3
3415,7715,25549,5,11
3415,7715,25549,6,6
4704,13999,32870,0,5
4704,14623,32871,0,8
4704,14001,32872,0,4
4704,14001,32872,1,3
4704,14001,32872,2,6
4704,14001,32872,3,45
4704,14001,32872,4,3
4704,14001,32872,5,11
4704,14001,32872,6,6
3416,7714,25524,0,5
3416,7714,25524,1,5
3416,7714,25524,2,10
3416,7714,25524,3,15
4705,13999,32860,0,5
4705,13999,32860,1,5
4705,13999,32860,2,10
4705,13999,32860,3,15
3418,7626,25543,0,2
3418,8004,25544,0,1
3418,8004,25544,1,2
3418,8004,25544,2,6
3418,8004,25544,3,2
3418,8004,25544,4,6
3418,8004,25544,5,9
3418,8005,25545,0,1
3418,8005,25545,1,4
3419,8710,25538,0,3
3419,8710,25538,1,3
3419,8711,25539,0,2
3419,7755,25540,0,1
3419,8713,25541,0,2
3420,11791,25558,0,624
3420,7865,25559,0,4
4706,14004,32856,0,5
4707,14624,32858,0,3
3421,8190,25551,0,3
3422,7714,25554,0,7
3422,7714,25554,1,1
3422,7714,25554,2,3
3422,7714,25554,3,1
3422,7714,25554,4,3
3422,7714,25554,5,1
3422,7715,25555,0,3
3422,7715,25555,1,27
3422,7715,25555,2,11
3422,7720,25556,0,4
3422,7720,25556,1,2
3422,7720,25556,2,9
3422,7720,25556,3,37
3423,11794,25552,0,101
4708,14625,32881,0,101
4708,13999,32882,0,7
4708,13999,32882,1,1
4708,13999,32882,2,3
4708,13999,32882,3,1
4708,13999,32882,4,3
4708,13999,32882,5,1
4708,14001,32883,0,3
4708,14001,32883,1,27
4708,14001,32883,2,11
4708,14004,32884,0,4
4708,14004,32884,1,2
4708,14004,32884,2,9
4708,14004,32884,3,37
3424,7641,25562,0,2
3424,7641,25562,1,2
3424,7641,25562,2,1
3424,7641,25562,3,1
3424,7641,25562,4,1
3424,7641,25562,5,4
3424,7641,25562,6,1
3424,11795,25563,0,102
3424,11796,25564,0,119
3424,8340,25565,0,1
3424,8340,25565,1,1
3424,8340,25565,2,2
3424,8340,25565,3,8
3424,11797,25566,0,107
3424,11798,25567,0,118
3425,7746,25580,0,1
3425,7746,25580,1,1
3425,7713,25581,0,1
3425,7713,25581,1,2
3425,7713,25581,2,2
3425,7713,25581,3,3
3425,7713,25581,4,1
3425,7713,25581,5,5
3426,7803,25572,0,2
3427,8387,25594,0,68
4709,14626,32876,0,68
3428,8313,25574,0,2
4710,14628,32868,0,2
3429,8298,25576,0,1
3429,8298,25576,1,10
4711,14630,32879,0,1
4711,14630,32879,1,10
3430,7716,25578,0,12
4712,14285,32886,0,12
3431,7931,25587,0,2
3431,11518,25588,0,4
3431,8011,25589,0,2
3431,8011,25589,1,2
3433,7714,25591,0,6
3433,7714,25591,1,6
3433,7716,25592,0,3
3433,7716,25592,1,2
3433,7716,25592,2,2
3433,7716,25592,3,5
4713,13999,32888,0,6
4713,13999,32888,1,6
4713,14285,32889,0,3
4713,14285,32889,1,2
4713,14285,32889,2,2
4713,14285,32889,3,5
3434,7714,25597,0,6
3435,8724,25600,0,20
3435,7716,25601,0,1
3436,8724,25603,0,12
3436,8724,25603,1,2
3436,7716,25604,0,2
3439,8644,25635,0,5
3439,8644,25635,1,1
3439,8644,25635,2,10
3439,8644,25635,3,1
3439,8644,25635,4,74
3439,8644,25635,5,1
10451,78718,107314,0,1
10451,78663,107315,0,4
10451,78671,107316,0,7
10451,78671,107316,1,6
10451,78671,107316,2,3
10451,78671,107316,3,13
10451,78671,107316,4,24
10451,78671,107316,5,2
10451,78671,107316,6,13
10451,78671,107316,7,18
10451,78671,107316,8,4
10451,78671,107316,9,9
10451,78671,107316,10,2
10451,78671,107316,11,2
10451,78671,107316,12,2
10451,78671,107316,13,2
10451,78671,107316,14,12
10451,78671,107316,15,4
10451,78671,107316,16,4
10451,78671,107316,17,6
10451,78671,107316,18,4
10451,78671,107316,19,8
10451,78671,107316,20,6
10451,78671,107316,21,4
10451,78671,107316,22,2
10451,78671,107316,23,2
10451,78671,107316,24,2
10451,78671,107316,25,6
10451,78671,107316,26,6
10451,78671,107316,27,9
10451,78671,107316,28,11
10451,78671,107316,29,50
10451,78671,107316,30,51
10451,78671,107316,31,1
10451,78671,107316,32,4
10451,78671,107316,33,16
10451,78671,107316,34,262
10451,78830,107317,0,4
10451,78830,107317,1,6
10451,78830,107317,2,3
10451,78832,107318,0,1
10451,78832,107318,1,1
10451,79201,107319,0,1
10451,79201,107319,1,2
10451,79148,107320,0,1
10451,79148,107320,1,10
10451,79334,107321,0,4
10451,79334,107321,1,2
10451,79335,107322,0,1
10451,78992,107323,0,2
10451,79378,107324,0,8
10451,79378,107324,1,9
10451,79378,107324,2,8
10451,79378,107324,3,9
10451,79378,107324,4,5
10451,79378,107324,5,5
10451,79378,107324,6,10
10451,79378,107324,7,10
10451,79378,107324,8,11
10451,79378,107324,9,4
10451,79336,107325,0,37
10451,79336,107325,1,86
10451,79116,107326,0,30
10451,79116,107326,1,9
10451,79119,107327,0,4
10451,79119,107327,1,7
10451,79120,107328,0,1
10451,79120,107328,1,3
10451,78654,107329,0,2
10451,78655,107330,0,2
10451,78655,107330,1,12
10451,78655,107330,2,23
10451,78662,107331,0,1
10451,78662,107331,1,2
10451,78662,107331,2,3
10451,78662,107331,3,6
10451,78662,107331,4,2
10451,78662,107331,5,13
10451,78662,107331,6,4
10451,78662,107331,7,2
10451,78662,107331,8,11
10451,78662,107331,9,2
10451,78662,107331,10,2
10451,78662,107331,11,4
10451,78662,107331,12,2
10451,78662,107331,13,4
10451,78662,107331,14,4
10451,78662,107331,15,4
10451,78662,107331,16,31
10451,78662,107331,17,2
10451,78662,107331,18,4
10451,78662,107331,19,6
10451,78662,107331,20,2
10451,78662,107331,21,6
10451,78662,107331,22,2
10451,78662,107331,23,2
10451,78662,107331,24,2
10451,78662,107331,25,2
10451,78662,107331,26,6
10451,78662,107331,27,4
10451,78662,107331,28,8
10451,78662,107331,29,6
10451,78662,107331,30,6
10451,78662,107331,31,3
10451,78662,107331,32,2
10451,78662,107331,33,3
10451,78662,107331,34,2
10451,78662,107331,35,8
10451,78662,107331,36,8
10451,78662,107331,37,10
10451,78662,107331,38,10
10451,78662,107331,39,6
10451,78662,107331,40,2
10451,78662,107331,41,4
10451,78662,107331,42,2
10451,78662,107331,43,2
10451,78662,107331,44,2
10451,78662,107331,45,1
10451,78662,107331,46,6
10451,78662,107331,47,2
10451,78662,107331,48,2
10451,78662,107331,49,4
10451,78662,107331,50,4
10451,78662,107331,51,19
10451,78662,107331,52,8
10451,78662,107331,53,21
10451,78662,107331,54,36
10451,78662,107331,55,14
10451,78662,107331,56,2
10451,78665,107332,0,2
10451,78665,107332,1,4
10451,79154,107333,0,1
10451,79154,107333,1,2
10451,79154,107333,2,2
10451,79154,107333,3,8
10451,79154,107333,4,2
10451,79154,107333,5,4
10451,79154,107333,6,3
10451,79154,107333,7,4
10451,79154,107333,8,4
10451,79154,107333,9,10
10451,79154,107333,10,6
10451,79154,107333,11,4
10451,79154,107333,12,2
10451,79154,107333,13,2
10451,79154,107333,14,3
10451,79154,107333,15,2
10451,79154,107333,16,2
10451,79155,107334,0,7
10451,79155,107334,1,6
10451,79155,107334,2,4
10451,79155,107334,3,35
10451,79155,107334,4,6
10451,79155,107334,5,7
10451,79155,107334,6,10
10451,79155,107334,7,2
10451,79155,107334,8,22
10451,79155,107334,9,7
10451,79155,107334,10,17
10451,79155,107334,11,11
10451,79155,107334,12,2
10451,79293,107335,0,2
10451,79293,107335,1,2
10451,79198,107336,0,2
10451,79198,107336,1,29
10451,79198,107336,2,12
10451,79198,107336,3,49
10451,79198,107336,4,11
10451,79198,107336,5,1
10451,78843,107337,0,7
10451,78843,107337,1,43
10451,78843,107337,2,15
10451,79158,107338,0,1
10451,79158,107338,1,1
10451,79158,107338,2,9
10451,78834,107339,0,22
10451,78834,107339,1,2
10452,79441,107358,0,198
10452,79443,107359,0,42
10452,79444,107360,0,143
10452,79445,107361,0,324
10452,79446,107362,0,1423
10452,79447,107363,0,112
10452,79448,107364,0,56
10452,79450,107368,0,1807
10452,79451,107369,0,443
10452,79152,107370,0,5
10452,79152,107370,1,2
10452,79152,107370,2,2
10452,79152,107370,3,1
10452,79152,107370,4,3
10452,79152,107370,5,6
10452,79152,107370,6,3
10452,79152,107370,7,2
10452,79152,107370,8,4
10452,79152,107370,9,1
10452,79152,107370,10,5
3441,7720,25616,0,1
3441,7720,25616,1,1
3441,7720,25616,2,2
3442,8845,25620,0,4
3442,8846,25621,0,4
3442,8846,25621,1,5
3442,8846,25621,2,2
3442,8846,25621,3,2
3442,8846,25621,4,3
3442,8846,25621,5,1
4715,14211,32897,0,4
4715,14622,32898,0,4
4715,14622,32898,1,5
4715,14622,32898,2,2
4715,14622,32898,3,2
4715,14622,32898,4,3
4715,14622,32898,5,1
5142,14211,42105,0,4
5142,14622,42106,0,4
5142,14622,42106,1,5
5142,14622,42106,2,2
5142,14622,42106,3,2
5142,14622,42106,4,3
5142,14622,42106,5,1
3446,8565,25637,0,1
3446,11725,25638,0,1
3446,11725,25638,1,12
3446,8568,25639,0,6
3448,10331,25643,0,7
3449,11807,25653,0,133
5143,14590,42125,0,4
5143,14591,42126,0,2
5143,14004,42127,0,28
5143,14004,42127,1,17
5143,14004,42127,2,7
5143,14004,42127,3,18
5144,14285,42103,0,12
5145,14626,42108,0,68
5146,13999,42111,0,2
5146,14010,42112,0,3
5146,14010,42112,1,3
5146,14285,42113,0,1
5146,14600,42114,0,2
5146,14600,42114,1,7
5146,14004,42115,0,10
5146,14004,42115,1,3
5146,14004,42115,2,5
5146,14004,42115,3,3
5147,13999,42119,0,5
5147,14623,42120,0,8
5147,14001,42121,0,4
5147,14001,42121,1,3
5147,14001,42121,2,6
5147,14001,42121,3,45
5147,14001,42121,4,3
5147,14001,42121,5,11
5147,14001,42121,6,6
3453,7715,25647,0,7
4716,14001,32891,0,7
10456,79466,107397,0,71
10456,78992,107398,0,1
10456,78992,107398,1,2
10456,78992,107398,2,52
10457,79376,107390,0,32
3455,10686,25652,0,10
3455,10686,25652,1,30
3456,8536,25669,0,12
3456,8536,25669,1,3
3456,8536,25669,2,15
3456,8536,25669,3,2
3456,8539,25670,0,38
3456,8539,25670,1,8
3456,8539,25670,2,6
3456,8539,25670,3,18
3456,8539,25670,4,8
3456,8539,25670,5,3
3456,8539,25670,6,13
3456,8539,25670,7,8
3456,8539,25670,8,3
3456,8539,25670,9,21
3456,8540,25671,0,4
3457,8644,25657,0,14
3458,8536,25666,0,5
3458,8536,25666,1,35
3458,8536,25666,2,1
3458,8540,25667,0,4
3461,8304,25663,0,2
4718,14257,32893,0,2
5148,14257,42117,0,2
3463,10728,25682,0,1
3463,10728,25682,1,6
3463,10728,25682,2,6
3463,10728,25682,3,5
3463,10728,25682,4,12
3463,10728,25682,5,2
3463,10728,25682,6,4
3463,10728,25682,7,7
3464,8583,25680,0,1
3464,8583,25680,1,7
3464,8583,25680,2,1
3464,8583,25680,3,15
3464,8583,25680,4,4
3465,10680,25678,0,2
3465,10680,25678,1,8
3466,8540,25685,0,11
3468,8535,25681,0,6
3468,8535,25681,1,3
3468,8535,25681,2,2
3468,8535,25681,3,4
3469,10728,25688,0,20
3469,10728,25688,1,14
3469,8635,25689,0,4
3469,8635,25689,1,4
3469,8635,25689,2,4
3469,8635,25689,3,1
3469,8635,25689,4,6
3470,7818,25696,0,11
3470,7931,25697,0,10
3470,7941,25698,0,4
3470,7941,25698,1,9
3470,7671,25699,0,2
3470,7626,25700,0,19
3470,7628,25701,0,1
3470,7628,25701,1,8
3470,8024,25702,0,27
3470,8024,25702,1,1
3470,8024,25702,2,4
3470,8024,25702,3,2
3470,8024,25702,4,1
3470,8024,25702,5,3
3470,8024,25702,6,1
3470,8024,25702,7,5
3470,8024,25702,8,2
3471,11815,25692,0,1
3471,11815,25692,1,31
3471,11815,25692,2,4
3471,11815,25692,3,2
3471,11815,25692,4,19
3472,8251,25705,0,2
3472,8251,25705,1,2
3472,8251,25705,2,2
3472,8251,25705,3,2
3472,8251,25705,4,2
3472,8251,25705,5,2
4719,14252,32902,0,2
4719,14252,32902,1,2
4719,14252,32902,2,2
4719,14252,32902,3,2
4719,14252,32902,4,2
4719,14252,32902,5,2
3473,10386,25769,0,7
3473,10386,25769,1,81
3473,10386,25769,2,55
3473,10388,25770,0,3
3473,10388,25770,1,1
3473,10388,25770,2,2
3473,10388,25770,3,14
3473,10388,25770,4,2
3473,10388,25770,5,24
3473,10388,25770,6,2
3473,10388,25770,7,1
3473,10388,25770,8,5
3473,11825,25771,0,189
3474,8353,25713,0,6
3474,8353,25713,1,5
4720,14599,32900,0,6
4720,14599,32900,1,5
5149,14599,42123,0,6
5149,14599,42123,1,5
3476,8298,25711,0,1
3476,8298,25711,1,10
3476,8298,25711,2,53
3476,8298,25711,3,1
4721,14630,32904,0,1
4721,14630,32904,1,10
4721,14630,32904,2,53
4721,14630,32904,3,1
3477,7715,25724,0,7
3477,7715,25724,1,12
3477,7715,25724,2,7
3477,7715,25724,3,10
3477,7715,25724,4,3
3477,7715,25724,5,5
4722,14001,32906,0,7
4722,14001,32906,1,12
4722,14001,32906,2,7
4722,14001,32906,3,10
4722,14001,32906,4,3
4722,14001,32906,5,5
5150,14001,42130,0,7
5150,14001,42130,1,12
5150,14001,42130,2,7
5150,14001,42130,3,10
5150,14001,42130,4,3
5150,14001,42130,5,5
10459,78712,107411,0,2
10459,78712,107411,1,3
10459,78712,107411,2,19
10459,78712,107411,3,6
10459,78712,107411,4,6
10459,78712,107411,5,6
10459,78712,107411,6,30
10459,78712,107411,7,4
10459,78712,107411,8,11
10459,78712,107411,9,28
10459,78712,107411,10,11
10459,78712,107411,11,2
10459,78712,107411,12,2
10459,78712,107411,13,4
10459,78663,107412,0,4
10459,78671,107413,0,2
10459,78671,107413,1,4
10459,78671,107413,2,12
10459,78671,107413,3,1
10459,78671,107413,4,1
10459,78671,107413,5,1
10459,78671,107413,6,22
10459,78671,107413,7,24
10459,78671,107413,8,27
10459,78671,107413,9,2
10459,78671,107413,10,477
10459,78671,107413,11,2
10459,78671,107413,12,4
10459,78671,107413,13,105
10459,78672,107414,0,1
10459,78672,107414,1,2
10459,78672,107414,2,7
10459,78830,107415,0,1
10459,78830,107415,1,2
10459,78830,107415,2,2
10459,78832,107416,0,7
10459,79201,107417,0,1
10459,79201,107417,1,2
10459,79192,107418,0,4
10459,79228,107419,0,1
10459,79228,107419,1,2
10459,79148,107420,0,1
10459,79334,107421,0,4
10459,79334,107421,1,2
10459,79441,107422,0,4
10459,78992,107423,0,18
10459,78992,107423,1,2
10459,79149,107424,0,6
10459,79149,107424,1,2
10459,79149,107424,2,2
10459,79149,107424,3,2
10459,79149,107424,4,2
10459,79445,107425,0,2
10459,79446,107426,0,4
10459,79446,107426,1,2
10459,79446,107426,2,29
10459,79446,107426,3,25
10459,79446,107426,4,2
10459,79446,107426,5,2
10459,79446,107426,6,14
10459,79446,107426,7,2
10459,79446,107426,8,2
10459,79446,107426,9,2
10459,79446,107426,10,2
10459,79120,107427,0,1
10459,79120,107427,1,2
10459,78649,107428,0,3
10459,78662,107429,0,5
10459,78662,107429,1,5
10459,78662,107429,2,2
10459,78662,107429,3,2
10459,78662,107429,4,5
10459,78662,107429,5,6
10459,78662,107429,6,2
10459,78662,107429,7,4
10459,78662,107429,8,2
10459,78662,107429,9,2
10459,78662,107429,10,2
10459,78662,107429,11,4
10459,78662,107429,12,2
10459,78662,107429,13,4
10459,78665,107430,0,4
10459,79154,107431,0,1
10459,79154,107431,1,9
10459,79154,107431,2,16
10459,79154,107431,3,2
10459,79154,107431,4,2
10459,79154,107431,5,2
10459,79154,107431,6,2
10459,79154,107431,7,3
10459,79154,107431,8,2
10459,79154,107431,9,2
10459,79154,107431,10,4
10459,79450,107432,0,1
10459,79450,107432,1,1
10459,79450,107432,2,8
10459,79450,107432,3,1
10459,79450,107432,4,13
10459,79450,107432,5,1
10459,79450,107432,6,2
10459,79450,107432,7,2
10459,79450,107432,8,9
10459,79450,107432,9,2
10459,79450,107432,10,1
10459,79450,107432,11,4
10459,79450,107432,12,5
10459,79450,107432,13,6
10459,79450,107432,14,5
10459,79450,107432,15,2
10459,79450,107432,16,11
10459,79450,107432,17,2
10459,79451,107433,0,3
10459,79451,107433,1,2
10459,79451,107433,2,65
10459,79451,107433,3,2
10459,79451,107433,4,7
10459,79155,107434,0,4
10459,79155,107434,1,1
10459,79155,107434,2,8
10459,79155,107434,3,6
10459,79155,107434,4,3
10459,79152,107435,0,6
10459,79152,107435,1,7
10459,79152,107435,2,2
10459,79152,107435,3,3
10459,79422,107436,0,1
10459,79422,107436,1,2
10459,79422,107436,2,5
10459,79423,107437,0,1
10459,79423,107437,1,2
10459,79423,107437,2,4
10459,79423,107437,3,4
10459,78979,107438,0,2
10459,78979,107438,1,3
10459,78979,107438,2,2
10459,79198,107439,0,9
10459,79198,107439,1,87
10459,79198,107439,2,30
10460,78774,107407,0,8
10460,79291,107408,0,5
10460,79291,107408,1,49
10460,79291,107408,2,4
10460,79291,107408,3,3
10460,79291,107408,4,4
10460,79291,107408,5,20
10460,79291,107408,6,2
10460,79291,107408,7,2
10460,79291,107408,8,2
10460,79291,107408,9,2
10460,79291,107408,10,2
10460,79291,107408,11,2
10460,79291,107408,12,2
10460,79291,107408,13,2
10460,79291,107408,14,40
10460,79293,107409,0,8
10460,79293,107409,1,1
10460,79293,107409,2,2
10460,79293,107409,3,29
10460,79293,107409,4,4
10460,79293,107409,5,4
3478,8536,25714,0,3
3478,8536,25714,1,1
3479,8569,25715,0,1
3479,8569,25715,1,10
3479,8569,25715,2,7
3480,8546,25716,0,1
3480,8546,25716,1,1
3480,8546,25716,2,1
3481,7818,25739,0,25
3481,7931,25740,0,1
3481,7931,25740,1,28
3481,7941,25741,0,7
3481,7941,25741,1,5
3481,7820,25742,0,4
3481,7626,25743,0,2
3481,7626,25743,1,2
3481,7626,25743,2,2
3481,7626,25743,3,16
3481,7626,25743,4,3
3481,7626,25743,5,4
3481,7626,25743,6,2
3481,7626,25743,7,5
3481,7626,25743,8,12
3481,7626,25743,9,5
3481,7990,25744,0,11
3481,8003,25745,0,2
3481,8010,25746,0,1
3481,8010,25746,1,1
3481,8024,25747,0,13
4723,14258,32912,0,25
4723,14635,32913,0,1
4723,14635,32913,1,28
4723,14636,32914,0,7
4723,14636,32914,1,5
4723,14637,32915,0,4
4723,14101,32916,0,2
4723,14101,32916,1,2
4723,14101,32916,2,2
4723,14101,32916,3,16
4723,14101,32916,4,3
4723,14101,32916,5,4
4723,14101,32916,6,2
4723,14101,32916,7,5
4723,14101,32916,8,12
4723,14101,32916,9,5
4723,14638,32917,0,11
4723,14639,32918,0,2
4723,14641,32919,0,1
4723,14641,32919,1,1
4723,14642,32920,0,13
3482,10597,25718,0,42
4724,14023,32927,0,42
3484,7626,25720,0,6
3485,8540,25728,0,1
3485,8540,25728,1,3
3485,8540,25728,2,1
3485,8540,25728,3,2
3485,8540,25728,4,2
3485,8540,25728,5,1
10462,78665,107393,0,1
10462,78665,107393,1,1
3487,7747,25736,0,3
3487,7747,25736,1,2
3487,7747,25736,2,2
3487,7747,25736,3,57
3487,7747,25736,4,2
3487,7747,25736,5,1
3487,7747,25736,6,2
3487,7747,25736,7,2
3487,7747,25736,8,1
4726,14649,32934,0,3
4726,14649,32934,1,2
4726,14649,32934,2,2
4726,14649,32934,3,57
4726,14649,32934,4,2
4726,14649,32934,5,1
4726,14649,32934,6,2
4726,14649,32934,7,2
4726,14649,32934,8,1
3490,8539,25791,0,2
3495,11791,25795,0,2
3498,8544,25861,0,3
10464,78820,107395,0,2
10464,78820,107395,1,12
10465,79149,107404,0,3
10465,79149,107404,1,13
10466,78939,107451,0,1
10466,78939,107451,1,2
3500,9915,25822,0,2
3500,9915,25822,1,2
3500,9915,25822,2,8
3500,9915,25822,3,14
3500,9915,25822,4,9
3500,8377,25823,0,3
3500,7715,25824,0,4
3500,7715,25824,1,4
3500,7715,25824,2,8
3500,7715,25824,3,2
3500,7715,25824,4,4
3500,7715,25824,5,2
3500,7720,25825,0,11
3500,7720,25825,1,10
10467,79446,107461,0,2
10467,79446,107461,1,3
10467,79198,107462,0,1
4727,14652,32939,0,2
4727,14652,32939,1,2
4727,14652,32939,2,8
4727,14652,32939,3,14
4727,14652,32939,4,9
4727,14134,32940,0,3
4727,14001,32941,0,4
4727,14001,32941,1,4
4727,14001,32941,2,8
4727,14001,32941,3,2
4727,14001,32941,4,4
4727,14001,32941,5,2
4727,14004,32942,0,11
4727,14004,32942,1,10
3501,7715,25830,0,9
3501,7716,25831,0,2
4728,14001,32952,0,9
4728,14285,32953,0,2
5152,14001,42150,0,9
5152,14285,42151,0,2
10468,79144,107457,0,1
10468,79144,107457,1,1
10468,79144,107457,2,4
10469,78665,107453,0,5
10470,79450,107455,0,11
10471,78657,107465,0,4
10471,78657,107465,1,2
10471,78657,107465,2,2
10471,78657,107465,3,7
10471,78657,107465,4,2
10471,78657,107465,5,2
10471,78657,107465,6,2
10471,79121,107466,0,2
10471,79138,107467,0,2
10471,79138,107467,1,2
10471,79138,107467,2,4
10471,79128,107468,0,2
10471,79139,107469,0,1
10471,79139,107469,1,2
5153,20264,42145,0,101
5153,13999,42146,0,7
5153,13999,42146,1,1
5153,13999,42146,2,3
5153,13999,42146,3,1
5153,13999,42146,4,3
5153,13999,42146,5,1
5153,14001,42147,0,3
5153,14001,42147,1,27
5153,14001,42147,2,11
5153,14004,42148,0,4
5153,14004,42148,1,2
5153,14004,42148,2,9
5153,14004,42148,3,37
3504,10682,25840,0,16
3504,10728,25841,0,2
3504,10728,25841,1,9
3504,10728,25841,2,72
3504,10728,25841,3,64
3504,10728,25841,4,3
3504,10728,25841,5,85
3505,8540,25819,0,2
3506,10721,25820,0,4
10473,78832,107478,0,12
10473,79338,107479,0,3
10473,78664,107480,0,14
10473,78662,107481,0,1
10473,78662,107481,1,75
10473,78665,107482,0,30
3509,10386,25837,0,6
3509,10386,25837,1,7
3509,10389,25838,0,1
3509,10389,25838,1,2
3509,10389,25838,2,19
4732,14663,32948,0,6
4732,14663,32948,1,7
4732,14664,32949,0,1
4732,14664,32949,1,2
4732,14664,32949,2,19
3510,7715,25844,0,6
3510,7715,25844,1,8
3510,7715,25844,2,14
3510,7715,25844,3,9
3510,7715,25844,4,6
3510,7715,25844,5,4
3510,7715,25844,6,5
3510,7715,25844,7,4
3510,7715,25844,8,4
4733,14001,32957,0,6
4733,14001,32957,1,8
4733,14001,32957,2,14
4733,14001,32957,3,9
4733,14001,32957,4,6
4733,14001,32957,5,4
4733,14001,32957,6,5
4733,14001,32957,7,4
4733,14001,32957,8,4
5155,14001,42142,0,6
5155,14001,42142,1,8
5155,14001,42142,2,14
5155,14001,42142,3,9
5155,14001,42142,4,6
5155,14001,42142,5,4
5155,14001,42142,6,5
5155,14001,42142,7,4
5155,14001,42142,8,4
10475,78832,107472,0,2
10475,78662,107473,0,1
10475,78662,107473,1,10
10475,78662,107473,2,20
3513,8356,25914,0,1
3513,8356,25914,1,35
3513,8294,25915,0,9
3513,8294,25915,1,9
3513,8294,25915,2,2
3513,7944,25918,0,4
3513,7944,25918,1,4
3513,7944,25918,2,2
3513,7944,25918,3,2
3513,7944,25918,4,24
3513,8024,25919,0,4
3513,8024,25919,1,1
3513,8024,25919,2,1
3513,8024,25919,3,3
3513,8024,25919,4,2
3513,8024,25919,5,1
3513,8024,25919,6,1
3513,8024,25919,7,48
3513,8024,25919,8,3
3513,8024,25919,9,1
3513,8024,25919,10,6
3513,8024,25919,11,2
3513,8024,25919,12,2
3514,7818,25873,0,3
3514,7931,25874,0,2
3514,8024,25875,0,2
3516,8294,25883,0,10
3516,8294,25883,1,6
3516,8294,25883,2,1
4735,14672,32961,0,10
4735,14672,32961,1,6
4735,14672,32961,2,1
5157,14672,42137,0,10
5157,14672,42137,1,6
5157,14672,42137,2,1
3517,7941,25891,0,3
3517,7968,25892,0,1
3517,7968,25892,1,4
3517,7626,25893,0,2
4736,14636,32966,0,3
4736,14612,32967,0,1
4736,14612,32967,1,4
4736,14101,32968,0,2
5158,14635,42169,0,6
5158,14636,42170,0,3
5158,14612,42171,0,1
5158,14612,42171,1,4
5158,14577,42172,0,2
3518,8294,25886,0,10
3518,8294,25886,1,6
3518,8294,25886,2,1
4737,14672,32991,0,10
4737,14672,32991,1,6
4737,14672,32991,2,1
5159,14672,42155,0,10
5159,14672,42155,1,6
5159,14672,42155,2,1
3521,7818,25908,0,2
3521,7818,25908,1,1
3521,7818,25908,2,15
3521,7818,25908,3,3
4739,14258,32981,0,2
4739,14258,32981,1,1
4739,14258,32981,2,15
4739,14258,32981,3,3
5161,14258,42158,0,2
5161,14258,42158,1,1
5161,14258,42158,2,15
5161,14258,42158,3,3
4741,14684,32976,0,6
5164,14684,42183,0,6
3525,8303,26386,0,6
3526,7714,26395,0,6
3526,7714,26395,1,2
3526,7715,26396,0,36
3526,7715,26396,1,4
3526,7715,26396,2,2
3526,7715,26396,3,7
3526,7715,26396,4,9
3526,7715,26396,5,5
4742,13999,33003,0,6
4742,13999,33003,1,2
4742,14001,33004,0,36
4742,14001,33004,1,4
4742,14001,33004,2,2
4742,14001,33004,3,7
4742,14001,33004,4,9
4742,14001,33004,5,5
3527,7720,26383,0,9
4743,14004,32984,0,9
5165,14004,42185,0,9
3528,7715,26389,0,6
4744,14001,32994,0,6
4745,13999,33000,0,6
4746,14593,32997,0,20
4746,14285,32998,0,1
3531,8845,26401,0,1
3531,8845,26401,1,1
3531,8358,26402,0,2
3531,8358,26402,1,2
3531,8230,26403,0,3
3531,8230,26403,1,36
3531,8230,26403,2,29
3531,8724,26404,0,1
3531,8724,26404,1,2
3531,8233,26405,0,2
3531,8233,26405,1,2
4747,14211,33008,0,1
4747,14211,33008,1,1
4747,14687,33009,0,2
4747,14687,33009,1,2
4747,14688,33010,0,3
4747,14688,33010,1,36
4747,14688,33010,2,29
4747,14593,33011,0,1
4747,14593,33011,1,2
4747,14000,33012,0,2
4747,14000,33012,1,2
3532,8155,26466,0,3
3532,8155,26466,1,2
3532,8155,26466,2,8
3532,8298,26467,0,1
3532,8298,26467,1,6
3532,8298,26467,2,8
3532,7703,26468,0,3
3532,7703,26468,1,2
3532,7703,26468,2,1
3532,7703,26468,3,2
3532,7703,26468,4,2
3532,8722,26469,0,2
3532,11875,26470,0,5
3532,11875,26470,1,23
3532,11875,26470,2,65
3532,11875,26470,3,16
3532,11875,26470,4,90
3532,11875,26470,5,2
3532,11875,26470,6,10
3532,11875,26470,7,5
3532,8356,26471,0,1
3532,8356,26471,1,5
3532,8356,26471,2,2
3532,8356,26471,3,4
3532,11876,26472,0,156
3532,11877,26473,0,1006
3532,7818,26474,0,2
3532,7818,26474,1,4
3532,7756,26475,0,1
3532,7756,26475,1,6
3532,7756,26475,2,17
3532,7755,26476,0,1
3532,7755,26476,1,1
3532,7755,26476,2,2
3532,7755,26476,3,2
3532,7755,26476,4,47
3532,7755,26476,5,2
3532,7755,26476,6,1
3532,7755,26476,7,3
3532,7755,26476,8,3
3532,7755,26476,9,4
3532,7755,26476,10,6
3532,7755,26476,11,3
3532,7755,26476,12,13
3532,7755,26476,13,3
3532,7755,26476,14,4
3532,7755,26476,15,7
3532,7755,26476,16,4
3532,7755,26476,17,35
3532,7968,26477,0,3
3532,7625,26478,0,4
3532,7625,26478,1,26
3532,7625,26478,2,6
3532,7626,26479,0,53
3532,7626,26479,1,3
3532,7626,26479,2,10
3532,7628,26480,0,1
3532,7628,26480,1,2
3532,7628,26480,2,2
3532,7628,26480,3,2
3532,7628,26480,4,12
3532,7628,26480,5,1
3532,7628,26480,6,2
3532,7628,26480,7,43
3532,7628,26480,8,69
3532,7628,26480,9,1
3532,7995,26481,0,9
3532,8196,26482,0,17
3532,8196,26482,1,1
3532,8196,26482,2,4
3532,11373,26483,0,6
3532,7715,26484,0,3
3532,7715,26484,1,6
3532,7715,26484,2,2
3532,7715,26484,3,15
3532,7715,26484,4,2
3532,7715,26484,5,6
3532,7715,26484,6,4
3532,7715,26484,7,16
3532,7715,26484,8,3
3532,7715,26484,9,1
3532,7715,26484,10,3
3532,7715,26484,11,7
3532,7715,26484,12,4
3532,7715,26484,13,9
3532,7715,26484,14,140
3532,7715,26484,15,2
3532,7715,26484,16,2
3532,7715,26484,17,1
3532,7715,26484,18,1
3532,7715,26484,19,4
3532,7715,26484,20,4
3532,7720,26485,0,3
3532,7720,26485,1,14
3532,7720,26485,2,5
3532,7720,26485,3,2
3532,7720,26485,4,7
3532,7720,26485,5,28
3532,7720,26485,6,15
3532,7720,26485,7,9
3532,7720,26485,8,4
3532,7720,26485,9,79
3532,7720,26485,10,19
3532,7720,26485,11,18
3532,7720,26485,12,4
3532,7720,26485,13,72
3532,7720,26485,14,1
3532,7720,26485,15,1
3532,7720,26485,16,2
3532,7720,26485,17,3
3532,7720,26485,18,9
3532,7720,26485,19,1
3532,7720,26485,20,2
3532,7720,26485,21,7
3532,7720,26485,22,1
3532,7720,26485,23,2
3532,7720,26485,24,9
3532,7720,26485,25,3
3532,7720,26485,26,14
3532,7720,26485,27,10
3532,7720,26485,28,4
3532,7720,26485,29,64
3532,9843,26486,0,9
3532,8388,26487,0,12
3533,8155,26416,0,3
3533,8155,26416,1,2
3533,8155,26416,2,8
3533,8298,26417,0,1
3533,8298,26417,1,6
3533,8298,26417,2,8
3533,7703,26418,0,3
3533,7703,26418,1,2
3533,7703,26418,2,1
3533,7703,26418,3,2
3533,7703,26418,4,2
3533,8722,26419,0,2
3533,11875,26420,0,5
3533,11875,26420,1,23
3533,11875,26420,2,65
3533,11875,26420,3,16
3533,11875,26420,4,90
3533,11875,26420,5,2
3533,11875,26420,6,10
3533,11875,26420,7,5
3533,8356,26421,0,1
3533,8356,26421,1,5
3533,8356,26421,2,2
3533,8356,26421,3,4
3533,7818,26424,0,2
3533,7818,26424,1,4
3533,7756,26425,0,1
3533,7756,26425,1,6
3533,7756,26425,2,17
3533,7755,26426,0,1
3533,7755,26426,1,1
3533,7755,26426,2,2
3533,7755,26426,3,2
3533,7755,26426,4,47
3533,7755,26426,5,2
3533,7755,26426,6,1
3533,7755,26426,7,3
3533,7755,26426,8,3
3533,7755,26426,9,4
3533,7755,26426,10,6
3533,7755,26426,11,3
3533,7755,26426,12,13
3533,7755,26426,13,3
3533,7755,26426,14,4
3533,7755,26426,15,7
3533,7755,26426,16,4
3533,7755,26426,17,35
3533,7968,26427,0,3
3533,7625,26428,0,4
3533,7625,26428,1,26
3533,7625,26428,2,6
3533,7626,26429,0,53
3533,7626,26429,1,3
3533,7626,26429,2,10
3533,7628,26430,0,1
3533,7628,26430,1,2
3533,7628,26430,2,2
3533,7628,26430,3,2
3533,7628,26430,4,12
3533,7628,26430,5,1
3533,7628,26430,6,2
3533,7628,26430,7,43
3533,7628,26430,8,69
3533,7628,26430,9,1
3533,7995,26431,0,9
3533,8196,26432,0,17
3533,8196,26432,1,1
3533,8196,26432,2,4
3533,11373,26433,0,6
3533,7715,26434,0,3
3533,7715,26434,1,6
3533,7715,26434,2,2
3533,7715,26434,3,15
3533,7715,26434,4,2
3533,7715,26434,5,6
3533,7715,26434,6,4
3533,7715,26434,7,16
3533,7715,26434,8,3
3533,7715,26434,9,1
3533,7715,26434,10,3
3533,7715,26434,11,7
3533,7715,26434,12,4
3533,7715,26434,13,9
3533,7715,26434,14,140
3533,7715,26434,15,2
3533,7715,26434,16,2
3533,7715,26434,17,1
3533,7715,26434,18,1
3533,7715,26434,19,4
3533,7715,26434,20,4
3533,7720,26435,0,3
3533,7720,26435,1,14
3533,7720,26435,2,5
3533,7720,26435,3,2
3533,7720,26435,4,7
3533,7720,26435,5,28
3533,7720,26435,6,15
3533,7720,26435,7,9
3533,7720,26435,8,4
3533,7720,26435,9,79
3533,7720,26435,10,19
3533,7720,26435,11,18
3533,7720,26435,12,4
3533,7720,26435,13,72
3533,7720,26435,14,1
3533,7720,26435,15,1
3533,7720,26435,16,2
3533,7720,26435,17,3
3533,7720,26435,18,9
3533,7720,26435,19,1
3533,7720,26435,20,2
3533,7720,26435,21,7
3533,7720,26435,22,1
3533,7720,26435,23,2
3533,7720,26435,24,9
3533,7720,26435,25,3
3533,7720,26435,26,14
3533,7720,26435,27,10
3533,7720,26435,28,4
3533,7720,26435,29,64
3533,9843,26436,0,9
3533,8388,26437,0,12
3534,8351,26392,0,6
3534,8355,26393,0,9
3534,8355,26393,1,1
4748,14690,33019,0,6
4748,14691,33020,0,9
4748,14691,33020,1,1
5166,14690,42190,0,6
5166,14691,42191,0,9
5166,14691,42191,1,1
3535,7626,26409,0,2
3535,7626,26409,1,2
3535,8008,26410,0,4
3535,11886,26411,0,336
4749,14593,33040,0,12
4749,14593,33040,1,2
4749,14285,33041,0,2
3538,8724,26516,0,1
3538,8724,26516,1,1
3538,8724,26516,2,2
3538,8724,26516,3,28
4750,14593,33022,0,1
4750,14593,33022,1,1
4750,14593,33022,2,2
4750,14593,33022,3,28
5167,14593,42193,0,1
5167,14593,42193,1,1
5167,14593,42193,2,2
5167,14593,42193,3,28
10476,78685,107475,0,1
10476,78685,107475,1,18
10476,78830,107476,0,1
10476,78830,107476,1,2
10476,78830,107476,2,11
10476,78830,107476,3,5
10476,78830,107476,4,2
3539,7755,26520,0,1
3539,7755,26520,1,2
3539,7755,26520,2,2
3539,7755,26520,3,2
3539,7755,26520,4,2
3539,7755,26520,5,2
4751,14166,33015,0,1
4751,14166,33015,1,2
4751,14166,33015,2,2
4751,14166,33015,3,2
4751,14166,33015,4,2
4751,14166,33015,5,2
5168,14166,42188,0,1
5168,14166,42188,1,2
5168,14166,42188,2,2
5168,14166,42188,3,2
5168,14166,42188,4,2
5168,14166,42188,5,2
4150,6681,29746,0,1
4150,6681,29746,1,2
4150,6681,29746,2,2
4150,6681,29746,3,2
4150,6681,29746,4,2
4150,6681,29746,5,2
3541,11888,26548,0,21
3541,10069,26549,0,1
3541,10069,26549,1,4
3541,10069,26549,2,11
3541,10069,26549,3,16
3541,7956,26550,0,14
3541,7956,26550,1,14
3541,7956,26550,2,15
3541,7755,26551,0,2
3541,7755,26551,1,2
3541,11889,26552,0,342
3541,11890,26553,0,393
3541,7979,26554,0,1
3541,7979,26554,1,4
3541,7979,26554,2,13
3541,7979,26554,3,8
3541,11891,26555,0,249
3541,7980,26556,0,6
3541,10568,26557,0,2
3541,11892,26558,0,118
3541,11893,26559,0,190
3541,8772,26560,0,2
3541,8772,26560,1,10
3541,8772,26560,2,7
3541,8771,26561,0,3
3541,8771,26561,1,7
3541,8771,26561,2,2
3541,8771,26561,3,4
3541,8771,26561,4,5
3541,7578,26562,0,2
3541,7578,26562,1,2
3541,7578,26562,2,4
3541,7578,26562,3,9
3541,7625,26563,0,1
3541,7625,26563,1,5
3541,7625,26563,2,2
3541,7625,26563,3,12
3541,7625,26563,4,2
3541,7625,26563,5,9
3541,7625,26563,6,5
3541,7625,26563,7,9
3541,7625,26563,8,4
3541,7625,26563,9,9
3541,7625,26563,10,8
3541,7625,26563,11,30
3541,7625,26563,12,17
3541,7625,26563,13,2
3541,7625,26563,14,2
3541,7625,26563,15,20
3541,7625,26563,16,22
3541,7625,26563,17,22
3541,7625,26563,18,4
3541,7625,26563,19,5
3541,7625,26563,20,3
3541,7625,26563,21,21
3541,7625,26563,22,4
3541,7625,26563,23,6
3541,7625,26563,24,10
3541,7625,26563,25,144
3541,7625,26563,26,174
3541,7671,26564,0,1
3541,7671,26564,1,1
3541,7671,26564,2,4
3541,7671,26564,3,4
3541,7671,26564,4,2
3541,7671,26564,5,44
3541,7671,26564,6,3
3541,7671,26564,7,2
3541,7671,26564,8,5
3541,7671,26564,9,5
3541,7671,26564,10,15
3541,7671,26564,11,8
3541,7671,26564,12,2
3541,7671,26564,13,16
3541,7671,26564,14,8
3541,7671,26564,15,3
3541,7671,26564,16,10
3541,7671,26564,17,8
3541,7671,26564,18,2
3541,7671,26564,19,93
3541,7626,26565,0,2
3541,7626,26565,1,4
3541,7626,26565,2,3
3541,7626,26565,3,13
3541,7626,26565,4,2
3541,7626,26565,5,28
3541,7626,26565,6,10
3541,7626,26565,7,19
3541,7626,26565,8,2
3541,7626,26565,9,2
3541,7626,26565,10,4
3541,7626,26565,11,2
3541,7626,26565,12,18
3541,7626,26565,13,41
3541,11894,26566,0,50
3541,7628,26567,0,1
3541,7628,26567,1,3
3541,7628,26567,2,15
3541,7628,26567,3,56
3541,7628,26567,4,20
3541,7628,26567,5,5
3541,7628,26567,6,4
3541,7628,26567,7,5
3541,7628,26567,8,5
3541,7628,26567,9,8
3541,7628,26567,10,54
3541,7628,26567,11,4
3541,7628,26567,12,2
3541,7628,26567,13,2
3541,7628,26567,14,4
3541,7628,26567,15,7
3541,7998,26568,0,1
3541,11895,26569,0,20
3541,8011,26570,0,2
3541,8011,26570,1,8
3541,11896,26571,0,114
3541,8017,26572,0,14
3541,8017,26572,1,21
3541,8018,26573,0,10
3541,8018,26573,1,12
3541,8018,26573,2,1
3541,8018,26573,3,4
3541,8018,26573,4,4
3541,11897,26574,0,33
3541,8021,26575,0,32
3541,8021,26575,1,3
3541,8021,26575,2,3
3541,8021,26575,3,90
3541,11898,26576,0,130
3541,8022,26577,0,2
3541,8022,26577,1,8
3541,7949,26578,0,35
3541,11899,26579,0,63
10477,78663,107516,0,1
10477,78663,107516,1,2
10477,78663,107516,2,1
10477,78663,107516,3,2
10477,78668,107517,0,1
10477,78668,107517,1,5
10477,78668,107517,2,13
10477,78668,107517,3,5
10477,78668,107517,4,47
10477,79116,107518,0,28
10477,79116,107518,1,7
10477,79117,107519,0,5
10477,79117,107519,1,2
10477,79118,107520,0,5
10477,78657,107521,0,3
10477,79229,107522,0,2
10477,79124,107523,0,3
10477,79124,107523,1,9
10477,79124,107523,2,2
10477,79124,107523,3,11
10477,79124,107523,4,9
10477,79126,107524,0,1
10477,79126,107524,1,6
10477,79126,107524,2,3
10477,79126,107524,3,2
10477,79126,107524,4,9
10477,79126,107524,5,2
10477,79126,107524,6,2
10477,79126,107524,7,4
10477,79138,107525,0,5
10477,79138,107525,1,16
10477,79138,107525,2,3
10477,79138,107525,3,3
10477,79138,107525,4,6
10477,79138,107525,5,8
10477,79138,107525,6,2
10477,79138,107525,7,7
10477,79138,107525,8,8
10477,79138,107525,9,2
10477,79138,107525,10,11
10477,79138,107525,11,4
10477,79138,107525,12,2
10477,79138,107525,13,4
10477,79138,107525,14,2
10477,79138,107525,15,2
10477,79138,107525,16,2
10477,79138,107525,17,2
10477,79138,107525,18,5
10477,79138,107525,19,2
10477,79138,107525,20,2
10477,79138,107525,21,3
10477,79139,107526,0,1
10477,79139,107526,1,1
10477,79139,107526,2,10
10477,79139,107526,3,59
10477,79139,107526,4,8
10477,79139,107526,5,9
10477,79139,107526,6,7
10477,79139,107526,7,18
10477,79139,107526,8,3
10477,79139,107526,9,8
10477,79139,107526,10,2
10477,79139,107526,11,6
10477,79139,107526,12,2
10477,79139,107526,13,5
10477,79139,107526,14,4
10477,79139,107526,15,5
10477,79139,107526,16,4
10477,79139,107526,17,6
10477,79139,107526,18,6
10477,79139,107526,19,3
10477,79139,107526,20,2
10477,79139,107526,21,2
10477,79139,107526,22,2
10477,79139,107526,23,6
10477,79139,107526,24,2
10477,79139,107526,25,11
10477,79139,107526,26,2
10477,79139,107526,27,2
10477,79139,107526,28,2
10477,79130,107527,0,4
10477,79131,107528,0,10
10477,79131,107528,1,6
10477,79131,107528,2,4
10477,78654,107529,0,2
10477,78654,107529,1,37
