2189,1802,18058,0,6
2189,1802,18058,1,2
2189,1802,18058,2,2
2189,1802,18058,3,5
2189,1802,18058,4,2
2189,1805,18059,0,1
2189,1805,18059,1,27
501,422,5042,0,1
501,425,5043,0,3
501,425,5043,1,18
2190,1802,18066,0,1
2190,1805,18067,0,3
2190,1805,18067,1,18
502,421,5046,0,9
502,421,5046,1,11
502,421,5046,2,3
502,422,5047,0,2
502,422,5047,1,12
502,422,5047,2,3
502,425,5048,0,4
502,474,5052,0,9
502,563,5055,0,10
2191,1801,18091,0,9
2191,1801,18091,1,11
2191,1801,18091,2,3
2191,1802,18092,0,2
2191,1802,18092,1,12
2191,1802,18092,2,3
2191,1805,18093,0,4
2191,1852,18097,0,9
2191,1933,18100,0,10
503,388,5083,0,19
503,388,5083,1,17
503,388,5083,2,1
503,419,5084,0,1
503,419,5084,1,2
503,419,5084,2,29
503,419,5084,3,4
503,422,5085,0,3
503,422,5085,1,29
503,422,5085,2,1
503,422,5085,3,4
503,422,5085,4,33
503,422,5085,5,10
503,422,5085,6,29
503,422,5085,7,11
503,422,5085,8,3
503,422,5085,9,5
503,423,5086,0,13
503,423,5086,1,17
503,424,5087,0,1
503,424,5087,1,2
503,440,5088,0,69
503,440,5088,1,14
503,440,5088,2,22
503,451,5089,0,41
503,477,5090,0,6
503,507,5091,0,6
503,507,5091,1,3
503,507,5091,2,3
503,507,5091,3,3
503,507,5091,4,12
503,513,5092,0,6
503,513,5092,1,9
503,513,5092,2,9
2192,1769,18112,0,19
2192,1769,18112,1,17
2192,1769,18112,2,1
2192,1799,18113,0,1
2192,1799,18113,1,2
2192,1799,18113,2,29
2192,1799,18113,3,4
2192,1802,18114,0,3
2192,1802,18114,1,29
2192,1802,18114,2,1
2192,1802,18114,3,4
2192,1802,18114,4,33
2192,1802,18114,5,10
2192,1802,18114,6,29
2192,1802,18114,7,11
2192,1802,18114,8,3
2192,1802,18114,9,5
2192,1803,18115,0,13
2192,1803,18115,1,17
2192,1804,18116,0,1
2192,1804,18116,1,2
2192,1819,18117,0,69
2192,1819,18117,1,14
2192,1819,18117,2,22
2192,1830,18118,0,41
2192,1855,18119,0,6
2192,1883,18120,0,6
2192,1883,18120,1,3
2192,1883,18120,2,3
2192,1883,18120,3,3
2192,1883,18120,4,12
2192,1889,18121,0,6
2192,1889,18121,1,9
2192,1889,18121,2,9
504,393,5062,0,27
504,393,5062,1,34
504,393,5062,2,10
504,393,5062,3,10
504,419,5063,0,15
504,439,5064,0,1
504,439,5064,1,2
504,443,5065,0,2
504,443,5065,1,2
504,443,5065,2,2
504,767,5066,0,2
504,767,5066,1,2
504,767,5066,2,1
504,474,5067,0,1
504,527,5068,0,10
2193,1774,18103,0,27
2193,1774,18103,1,34
2193,1774,18103,2,10
2193,1774,18103,3,10
2193,1799,18104,0,15
2193,1818,18105,0,1
2193,1818,18105,1,2
2193,1822,18106,0,2
2193,1822,18106,1,2
2193,1822,18106,2,2
2193,2257,18107,0,2
2193,2257,18107,1,2
2193,2257,18107,2,1
2193,1852,18108,0,1
2193,1902,18109,0,10
505,443,5058,0,2
2194,1822,18136,0,2
506,767,5056,0,11
2195,2257,18138,0,11
507,393,5071,0,4
507,403,5072,0,32
507,419,5073,0,1
507,419,5073,1,38
507,419,5073,2,3
507,422,5074,0,39
507,422,5074,1,7
507,422,5074,2,7
507,422,5074,3,2
507,424,5075,0,1
507,424,5075,1,2
507,443,5076,0,1
2196,1774,18147,0,4
2196,1784,18148,0,32
2196,1799,18149,0,1
2196,1799,18149,1,38
2196,1799,18149,2,3
2196,1802,18150,0,39
2196,1802,18150,1,7
2196,1802,18150,2,7
2196,1802,18150,3,2
2196,1804,18151,0,1
2196,1804,18151,1,2
2196,1822,18152,0,1
508,388,5115,0,5
508,388,5115,1,31
508,388,5115,2,27
508,393,5116,0,56
508,422,5118,0,2
508,435,5119,0,19
508,452,5120,0,1
508,452,5120,1,1
508,452,5120,2,4
508,452,5120,3,11
508,469,5121,0,40
508,527,5123,0,6
508,527,5123,1,2
508,563,5124,0,4
2197,1769,18176,0,5
2197,1769,18176,1,31
2197,1769,18176,2,27
2197,1774,18177,0,56
2197,1802,18179,0,2
2197,1814,18180,0,19
2197,1831,18181,0,1
2197,1831,18181,1,1
2197,1831,18181,2,4
2197,1831,18181,3,11
2197,1848,18182,0,40
2197,1902,18184,0,6
2197,1902,18184,1,2
2197,1933,18185,0,4
509,553,5094,0,3
509,553,5094,1,9
509,553,5094,2,7
509,553,5094,3,19
509,553,5094,4,24
509,553,5094,5,21
509,553,5094,6,3
509,553,5094,7,3
509,553,5094,8,9
509,555,5095,0,2
509,558,5096,0,2
509,558,5096,1,5
509,558,5096,2,4
509,558,5096,3,6
509,558,5096,4,6
509,558,5096,5,13
509,558,5096,6,1
509,559,5097,0,5
509,559,5097,1,9
509,559,5097,2,1
509,559,5097,3,34
509,559,5097,4,49
509,559,5097,5,38
509,559,5097,6,1
2198,1924,18155,0,3
2198,1924,18155,1,9
2198,1924,18155,2,7
2198,1924,18155,3,19
2198,1924,18155,4,24
2198,1924,18155,5,21
2198,1924,18155,6,3
2198,1924,18155,7,3
2198,1924,18155,8,9
2198,1926,18156,0,2
2198,1929,18157,0,2
2198,1929,18157,1,5
2198,1929,18157,2,4
2198,1929,18157,3,6
2198,1929,18157,4,6
2198,1929,18157,5,13
2198,1929,18157,6,1
2198,1930,18158,0,5
2198,1930,18158,1,9
2198,1930,18158,2,1
2198,1930,18158,3,34
2198,1930,18158,4,49
2198,1930,18158,5,38
2198,1930,18158,6,1
511,481,5127,0,5
2200,1859,18144,0,5
512,522,5131,0,14
512,553,5132,0,2
512,553,5132,1,2
512,558,5133,0,2
512,558,5133,1,26
512,558,5133,2,18
512,558,5133,3,19
512,559,5134,0,5
2201,1897,18189,0,14
2201,1924,18190,0,2
2201,1924,18190,1,2
2201,1929,18191,0,2
2201,1929,18191,1,26
2201,1929,18191,2,18
2201,1929,18191,3,19
2201,1930,18192,0,5
513,539,5165,0,11
513,553,5166,0,10
513,553,5166,1,5
513,553,5166,2,7
513,553,5166,3,3
513,553,5166,4,5
513,553,5166,5,4
513,553,5166,6,3
513,553,5166,7,3
513,553,5166,8,6
513,558,5167,0,6
513,558,5167,1,7
513,558,5167,2,17
513,558,5167,3,2
513,558,5167,4,2
513,558,5167,5,2
513,559,5168,0,5
513,559,5168,1,4
513,559,5168,2,2
513,559,5168,3,1
513,559,5168,4,1
513,559,5168,5,1
513,559,5168,6,1
513,559,5168,7,1
513,559,5168,8,3
513,559,5168,9,4
513,559,5168,10,1
513,559,5168,11,3
513,559,5168,12,3
513,559,5168,13,1
2202,1911,18209,0,11
2202,1924,18210,0,10
2202,1924,18210,1,5
2202,1924,18210,2,7
2202,1924,18210,3,3
2202,1924,18210,4,5
2202,1924,18210,5,4
2202,1924,18210,6,3
2202,1924,18210,7,3
2202,1924,18210,8,6
2202,1929,18211,0,6
2202,1929,18211,1,7
2202,1929,18211,2,17
2202,1929,18211,3,2
2202,1929,18211,4,2
2202,1929,18211,5,2
2202,1930,18212,0,5
2202,1930,18212,1,4
2202,1930,18212,2,2
2202,1930,18212,3,1
2202,1930,18212,4,1
2202,1930,18212,5,1
2202,1930,18212,6,1
2202,1930,18212,7,1
2202,1930,18212,8,3
2202,1930,18212,9,4
2202,1930,18212,10,1
2202,1930,18212,11,3
2202,1930,18212,12,3
2202,1930,18212,13,1
514,393,5149,0,13
514,405,5150,0,16
514,405,5150,1,18
514,405,5150,2,17
514,405,5150,3,24
514,405,5150,4,6
514,474,5151,0,3
514,437,5152,0,1
514,479,5153,0,1
514,481,5154,0,1
514,481,5154,1,4
514,481,5154,2,20
2203,1774,18200,0,13
2203,1786,18201,0,16
2203,1786,18201,1,18
2203,1786,18201,2,17
2203,1786,18201,3,24
2203,1786,18201,4,6
2203,1852,18202,0,3
2203,1816,18203,0,1
2203,1857,18204,0,1
2203,1859,18205,0,1
2203,1859,18205,1,4
2203,1859,18205,2,20
516,452,5176,0,1
516,452,5176,1,2
2205,1831,18289,0,1
2205,1831,18289,1,2
518,405,5144,0,2
518,507,5145,0,2
2207,1786,18216,0,2
2207,1883,18217,0,2
519,438,5157,0,20
519,438,5157,1,3
519,507,5158,0,2
2208,1817,18226,0,20
2208,1817,18226,1,3
2208,1883,18227,0,2
521,438,5160,0,2
521,481,5161,0,2
2210,1817,18222,0,2
2210,1859,18223,0,2
523,481,5236,0,2
2212,1859,18255,0,2
524,403,5192,0,8
524,403,5192,1,23
524,461,5193,0,2
2213,1784,18230,0,8
2213,1784,18230,1,23
2213,1840,18231,0,2
525,425,5185,0,2
525,425,5185,1,3
525,425,5185,2,5
525,869,5186,0,12
525,562,5187,0,11
525,563,5188,0,6
525,563,5188,1,1
525,568,5189,0,11
525,568,5189,1,2
525,568,5189,2,7
2214,1805,18234,0,2
2214,1805,18234,1,3
2214,1805,18234,2,5
2214,2355,18235,0,12
2214,1932,18236,0,11
2214,1933,18237,0,6
2214,1933,18237,1,1
2214,1938,18238,0,11
2214,1938,18238,1,2
2214,1938,18238,2,7
526,389,5212,0,2
526,399,5213,0,30
526,401,5214,0,5
526,401,5214,1,1
526,401,5214,2,1
526,401,5214,3,9
526,401,5214,4,3
526,401,5214,5,3
526,401,5214,6,3
526,401,5214,7,3
526,401,5214,8,11
526,401,5214,9,5
526,404,5215,0,1
526,443,5216,0,2
526,457,5217,0,12
526,481,5218,0,2
526,521,5220,0,5
526,521,5220,1,1
526,521,5220,2,2
526,525,5221,0,12
526,525,5221,1,5
526,525,5221,2,4
526,525,5221,3,5
526,525,5221,4,4
526,563,5222,0,3
526,563,5222,1,2
2215,1770,18272,0,2
2215,1780,18273,0,30
2215,1782,18274,0,5
2215,1782,18274,1,1
2215,1782,18274,2,1
2215,1782,18274,3,9
2215,1782,18274,4,3
2215,1782,18274,5,3
2215,1782,18274,6,3
2215,1782,18274,7,3
2215,1782,18274,8,11
2215,1782,18274,9,5
2215,1785,18275,0,1
2215,1822,18276,0,2
2215,1836,18277,0,12
2215,1859,18278,0,2
2215,1896,18280,0,5
2215,1896,18280,1,1
2215,1896,18280,2,2
2215,1900,18281,0,12
2215,1900,18281,1,5
2215,1900,18281,2,4
2215,1900,18281,3,5
2215,1900,18281,4,4
2215,1933,18282,0,3
2215,1933,18282,1,2
528,405,5200,0,5
528,407,5201,0,21
528,408,5202,0,2
528,408,5202,1,2
528,408,5202,2,10
528,424,5203,0,2
528,457,5205,0,2
528,476,5206,0,1
528,476,5206,1,8
528,481,5207,0,2
528,509,5208,0,4
528,509,5208,1,8
528,509,5208,2,8
528,559,5209,0,3
2217,1786,18260,0,5
2217,1788,18261,0,21
2217,1789,18262,0,2
2217,1789,18262,1,2
2217,1789,18262,2,10
2217,1804,18263,0,2
2217,1836,18265,0,2
2217,1854,18266,0,1
2217,1854,18266,1,8
2217,1859,18267,0,2
2217,1885,18268,0,4
2217,1885,18268,1,8
2217,1885,18268,2,8
2217,1930,18269,0,3
529,391,5223,0,1
529,1062,5224,0,219
2218,1772,18257,0,1
2218,2546,18258,0,219
530,808,5262,0,2
530,413,5263,0,4
530,414,5264,0,1
530,414,5264,1,3
530,443,5266,0,15
530,463,5267,0,2
530,463,5267,1,1
530,463,5267,2,6
530,463,5267,3,15
530,463,5267,4,1
530,463,5267,5,3
530,463,5267,6,4
530,463,5267,7,66
530,463,5267,8,2
530,463,5267,9,2
530,767,5268,0,4
530,767,5268,1,24
530,767,5268,2,13
530,767,5268,3,2
530,767,5268,4,44
530,1063,5269,0,103
530,514,5270,0,5
530,514,5270,1,1
530,514,5270,2,2
530,514,5270,3,5
530,514,5270,4,22
530,514,5270,5,16
530,514,5270,6,33
530,514,5270,7,9
530,514,5270,8,6
530,514,5270,9,3
530,514,5270,10,4
530,514,5270,11,24
530,514,5270,12,1
530,514,5270,13,1
530,514,5270,14,67
530,514,5270,15,6
530,514,5270,16,2
530,514,5270,17,3
530,514,5270,18,5
530,514,5270,19,4
2219,2296,18298,0,2
2219,1794,18299,0,4
2219,1795,18300,0,1
2219,1795,18300,1,3
2219,1822,18302,0,15
2219,1842,18303,0,2
2219,1842,18303,1,1
2219,1842,18303,2,6
2219,1842,18303,3,15
2219,1842,18303,4,1
2219,1842,18303,5,3
2219,1842,18303,6,4
2219,1842,18303,7,66
2219,1842,18303,8,2
2219,1842,18303,9,2
2219,2257,18304,0,4
2219,2257,18304,1,24
2219,2257,18304,2,13
2219,2257,18304,3,2
2219,2257,18304,4,44
2219,2547,18305,0,103
2219,1890,18306,0,5
2219,1890,18306,1,1
2219,1890,18306,2,2
2219,1890,18306,3,5
2219,1890,18306,4,22
2219,1890,18306,5,16
2219,1890,18306,6,33
2219,1890,18306,7,9
2219,1890,18306,8,6
2219,1890,18306,9,3
2219,1890,18306,10,4
2219,1890,18306,11,24
2219,1890,18306,12,1
2219,1890,18306,13,1
2219,1890,18306,14,67
2219,1890,18306,15,6
2219,1890,18306,16,2
2219,1890,18306,17,3
2219,1890,18306,18,5
2219,1890,18306,19,4
531,414,5242,0,58
531,414,5242,1,3
2220,1795,18308,0,58
2220,1795,18308,1,3
532,393,5253,0,3
532,403,5254,0,22
532,414,5255,0,21
532,443,5256,0,1
532,443,5256,1,5
532,443,5256,2,2
532,514,5259,0,2
2221,1774,18325,0,3
2221,1784,18326,0,22
2221,1795,18327,0,21
2221,1822,18328,0,1
2221,1822,18328,1,5
2221,1822,18328,2,2
2221,1890,18331,0,2
533,968,5274,0,1
533,968,5274,1,2
533,393,5277,0,3
533,393,5277,1,5
533,393,5277,2,11
533,401,5278,0,1
533,401,5278,1,5
533,424,5280,0,2
533,445,5281,0,4
533,452,5282,0,4
533,1027,5283,0,3
533,1062,5284,0,3
533,1062,5284,1,20
533,1062,5284,2,18
533,1062,5284,3,2
533,1062,5284,4,2
533,1062,5284,5,5
533,503,5288,0,13
533,503,5288,1,1
533,505,5289,0,7
533,505,5289,1,2
533,505,5289,2,1
533,507,5290,0,9
533,513,5291,0,5
533,513,5291,1,1
533,513,5291,2,1
533,514,5292,0,1
533,547,5293,0,2
533,558,5294,0,11
533,558,5294,1,18
533,558,5294,2,21
533,563,5295,0,12
533,563,5295,1,2
533,563,5295,2,12
533,563,5295,3,2
533,563,5295,4,15
2222,2453,18370,0,1
2222,2453,18370,1,2
2222,1774,18373,0,3
2222,1774,18373,1,5
2222,1774,18373,2,11
2222,1782,18374,0,1
2222,1782,18374,1,5
2222,1804,18376,0,2
2222,1824,18377,0,4
2222,1831,18378,0,4
2222,2512,18379,0,3
2222,2546,18380,0,3
2222,2546,18380,1,20
2222,2546,18380,2,18
2222,2546,18380,3,2
2222,2546,18380,4,2
2222,2546,18380,5,5
2222,1879,18384,0,13
2222,1879,18384,1,1
2222,1881,18385,0,7
2222,1881,18385,1,2
2222,1881,18385,2,1
2222,1883,18386,0,9
2222,1889,18387,0,5
2222,1889,18387,1,1
2222,1889,18387,2,1
2222,1890,18388,0,1
2222,1919,18389,0,2
2222,1929,18390,0,11
2222,1929,18390,1,18
2222,1929,18390,2,21
2222,1933,18391,0,12
2222,1933,18391,1,2
2222,1933,18391,2,12
2222,1933,18391,3,2
2222,1933,18391,4,15
534,568,5240,0,5
2223,1938,18314,0,5
535,542,5247,0,2
535,542,5247,1,2
535,542,5247,2,2
535,544,5248,0,2
2224,1914,18319,0,2
2224,1914,18319,1,2
2224,1914,18319,2,2
2224,1916,18320,0,2
536,558,5298,0,2
2225,1929,18317,0,2
538,463,5300,0,2
538,463,5300,1,2
538,463,5300,2,3
2227,1842,18333,0,2
2227,1842,18333,1,2
2227,1842,18333,2,3
539,393,5304,0,3
539,393,5304,1,11
539,393,5304,2,3
539,393,5304,3,2
539,393,5304,4,6
539,443,5305,0,9
539,443,5305,1,2
539,767,5306,0,3
539,767,5306,1,1
539,512,5310,0,8
2228,1774,18344,0,3
2228,1774,18344,1,11
2228,1774,18344,2,3
2228,1774,18344,3,2
2228,1774,18344,4,6
2228,1822,18345,0,9
2228,1822,18345,1,2
2228,2257,18346,0,3
2228,2257,18346,1,1
2228,1888,18350,0,8
540,452,5337,0,13
540,452,5337,1,9
540,1062,5338,0,6
540,1066,5339,0,113
540,1067,5340,0,4
540,1067,5340,1,4
540,1067,5340,2,92
540,1067,5340,3,156
540,1067,5340,4,3
540,1067,5340,5,11
540,1067,5340,6,4
540,1067,5340,7,81
540,1068,5341,0,2
540,1068,5341,1,1
540,1068,5341,2,1
540,1068,5341,3,20
540,1068,5341,4,324
2229,1831,18399,0,13
2229,1831,18399,1,9
2229,2546,18400,0,6
2229,2550,18401,0,113
2229,2551,18402,0,4
2229,2551,18402,1,4
2229,2551,18402,2,92
2229,2551,18402,3,156
2229,2551,18402,4,3
2229,2551,18402,5,11
2229,2551,18402,6,4
2229,2551,18402,7,81
2229,2552,18403,0,2
2229,2552,18403,1,1
2229,2552,18403,2,1
2229,2552,18403,3,20
2229,2552,18403,4,324
541,1066,5331,0,4
541,1066,5331,1,1
541,1066,5331,2,3
541,1067,5332,0,16
541,1068,5333,0,8
541,1068,5333,1,12
541,1068,5333,2,1
541,481,5334,0,1
2230,2550,18393,0,4
2230,2550,18393,1,1
2230,2550,18393,2,3
2230,2551,18394,0,16
2230,2552,18395,0,8
2230,2552,18395,1,12
2230,2552,18395,2,1
2230,1859,18396,0,1
542,968,5319,0,2
542,968,5319,1,6
542,968,5319,2,4
542,968,5319,3,2
2231,2453,18340,0,2
2231,2453,18340,1,6
2231,2453,18340,2,4
2231,2453,18340,3,2
544,1062,5322,0,1
544,1062,5322,1,3
544,1062,5322,2,3
544,1062,5322,3,2
544,1062,5322,4,5
544,1062,5322,5,4
544,1062,5322,6,2
544,1062,5322,7,6
544,1062,5322,8,8
544,1062,5322,9,2
544,1066,5323,0,21
2233,2546,18355,0,1
2233,2546,18355,1,3
2233,2546,18355,2,3
2233,2546,18355,3,2
2233,2546,18355,4,5
2233,2546,18355,5,4
2233,2546,18355,6,2
2233,2546,18355,7,6
2233,2546,18355,8,8
2233,2546,18355,9,2
2233,2550,18356,0,21
545,1062,5326,0,6
545,1062,5326,1,3
545,1066,5327,0,3
545,1066,5327,1,30
545,1066,5327,2,18
545,1066,5327,3,15
545,509,5328,0,3
545,509,5328,1,1
545,509,5328,2,1
545,509,5328,3,1
545,509,5328,4,1
545,509,5328,5,1
545,509,5328,6,1
545,509,5328,7,1
545,509,5328,8,1
545,563,5329,0,7
2234,2546,18360,0,6
2234,2546,18360,1,3
2234,2550,18361,0,3
2234,2550,18361,1,30
2234,2550,18361,2,18
2234,2550,18361,3,15
2234,1885,18362,0,3
2234,1885,18362,1,1
2234,1885,18362,2,1
2234,1885,18362,3,1
2234,1885,18362,4,1
2234,1885,18362,5,1
2234,1885,18362,6,1
2234,1885,18362,7,1
2234,1885,18362,8,1
2234,1933,18363,0,7
546,563,5343,0,5
2235,1933,18357,0,5
547,403,5352,0,1
547,403,5352,1,1
547,403,5352,2,14
2236,1784,18366,0,1
2236,1784,18366,1,1
2236,1784,18366,2,14
548,1068,5347,0,3
2237,2552,18408,0,3
549,403,5372,0,6
549,435,5373,0,7
549,435,5373,1,1
549,435,5373,2,1
549,435,5373,3,2
549,447,5374,0,14
549,447,5374,1,3
549,481,5375,0,2
549,752,5377,0,4
549,837,5378,0,2
549,521,5379,0,2
549,523,5380,0,2
549,558,5381,0,3
549,558,5381,1,4
2238,1784,18441,0,6
2238,1814,18442,0,7
2238,1814,18442,1,1
2238,1814,18442,2,1
2238,1814,18442,3,2
2238,1826,18443,0,14
2238,1826,18443,1,3
2238,1859,18444,0,2
2238,2242,18446,0,4
2238,2325,18447,0,2
2238,1896,18448,0,2
2238,1898,18449,0,2
2238,1929,18450,0,3
2238,1929,18450,1,4
551,1027,5355,0,6
2240,2512,18411,0,6
553,435,5362,0,7
553,435,5362,1,1
553,435,5362,2,1
553,435,5362,3,2
553,505,5366,0,7
553,505,5366,1,2
553,505,5366,2,1
553,509,5367,0,3
553,509,5367,1,1
553,509,5367,2,1
553,509,5367,3,1
553,509,5367,4,1
553,509,5367,5,1
553,509,5367,6,1
553,509,5367,7,1
553,509,5367,8,1
553,563,5368,0,13
553,563,5368,1,20
2242,1814,18420,0,7
2242,1814,18420,1,1
2242,1814,18420,2,1
2242,1814,18420,3,2
2242,1881,18424,0,7
2242,1881,18424,1,2
2242,1881,18424,2,1
2242,1885,18425,0,3
2242,1885,18425,1,1
2242,1885,18425,2,1
2242,1885,18425,3,1
2242,1885,18425,4,1
2242,1885,18425,5,1
2242,1885,18425,6,1
2242,1885,18425,7,1
2242,1885,18425,8,1
2242,1933,18426,0,13
2242,1933,18426,1,20
555,1028,5399,0,2
555,1028,5399,1,2
555,1071,5400,0,71
555,968,5401,0,2
555,968,5401,1,2
555,968,5401,2,1
555,968,5401,3,4
555,968,5401,4,2
555,968,5401,5,4
555,969,5402,0,2
555,969,5402,1,7
555,969,5402,2,1
555,969,5402,3,7
555,969,5402,4,1
555,969,5402,5,2
555,808,5403,0,2
555,808,5403,1,5
555,808,5403,2,7
555,808,5403,3,1
555,1073,5404,0,123
555,1074,5405,0,172
555,1075,5406,0,106
555,1076,5407,0,108
555,1077,5408,0,111
555,500,5409,0,2
555,500,5409,1,16
2244,2513,18475,0,2
2244,2513,18475,1,2
2244,2554,18476,0,71
2244,2453,18477,0,2
2244,2453,18477,1,2
2244,2453,18477,2,1
2244,2453,18477,3,4
2244,2453,18477,4,2
2244,2453,18477,5,4
2244,2454,18478,0,2
2244,2454,18478,1,7
2244,2454,18478,2,1
2244,2454,18478,3,7
2244,2454,18478,4,1
2244,2454,18478,5,2
2244,2296,18479,0,2
2244,2296,18479,1,5
2244,2296,18479,2,7
2244,2296,18479,3,1
2244,2555,18480,0,123
2244,2556,18481,0,172
2244,2557,18482,0,106
2244,2558,18483,0,108
2244,2559,18484,0,111
2244,1876,18485,0,2
2244,1876,18485,1,16
556,844,5385,0,6
556,844,5385,1,3
556,844,5385,2,1
556,799,5386,0,13
556,799,5386,1,32
556,799,5386,2,120
2245,2331,18430,0,6
2245,2331,18430,1,3
2245,2331,18430,2,1
2245,2288,18431,0,13
2245,2288,18431,1,32
2245,2288,18431,2,120
557,454,5412,0,2
557,1068,5413,0,2
2246,1833,18434,0,2
2246,2552,18435,0,2
558,542,5433,0,5
558,542,5433,1,7
558,542,5433,2,8
558,542,5433,3,4
558,542,5433,4,4
558,542,5433,5,7
558,542,5433,6,10
558,544,5434,0,49
558,544,5434,1,28
558,544,5434,2,11
558,544,5434,3,2
558,544,5434,4,3
558,544,5434,5,42
558,544,5434,6,15
558,544,5434,7,24
558,546,5435,0,2
558,546,5435,1,2
2247,1914,18468,0,5
2247,1914,18468,1,7
2247,1914,18468,2,8
2247,1914,18468,3,4
2247,1914,18468,4,4
2247,1914,18468,5,7
2247,1914,18468,6,10
2247,1916,18469,0,49
2247,1916,18469,1,28
2247,1916,18469,2,11
2247,1916,18469,3,2
2247,1916,18469,4,3
2247,1916,18469,5,42
2247,1916,18469,6,15
2247,1916,18469,7,24
2247,1918,18470,0,2
2247,1918,18470,1,2
559,544,5415,0,3
2248,1916,18437,0,3
560,544,5419,0,2
560,547,5420,0,6
560,547,5420,1,6
560,547,5420,2,6
2249,1916,18452,0,2
2249,1919,18453,0,6
2249,1919,18453,1,6
2249,1919,18453,2,6
561,398,5423,0,1
561,398,5423,1,12
561,405,5424,0,6
561,405,5424,1,4
561,405,5424,2,2
561,405,5424,3,4
561,481,5425,0,4
561,544,5426,0,2
561,544,5426,1,2
2250,1779,18488,0,1
2250,1779,18488,1,12
2250,1786,18489,0,6
2250,1786,18489,1,4
2250,1786,18489,2,2
2250,1786,18489,3,4
2250,1859,18490,0,4
2250,1916,18491,0,2
2250,1916,18491,1,2
562,398,5417,0,1
562,398,5417,1,12
2251,1779,18494,0,1
2251,1779,18494,1,12
563,969,5451,0,2
563,969,5451,1,8
563,969,5451,2,2
563,969,5451,3,3
563,808,5452,0,1
563,808,5452,1,1
563,808,5452,2,20
563,1073,5453,0,2
563,1080,5455,0,73
563,1081,5456,0,63
2252,2454,18514,0,2
2252,2454,18514,1,8
2252,2454,18514,2,2
2252,2454,18514,3,3
2252,2296,18515,0,1
2252,2296,18515,1,1
2252,2296,18515,2,20
2252,2555,18516,0,2
2252,2561,18518,0,73
2252,2562,18519,0,63
564,841,5460,0,13
564,841,5460,1,8
564,414,5461,0,6
564,414,5461,1,3
564,438,5462,0,7
564,438,5462,1,1
564,438,5462,2,1
564,438,5462,3,13
564,1062,5463,0,11
564,1066,5464,0,1
564,1066,5464,1,2
564,1066,5464,2,25
564,1066,5464,3,18
564,544,5466,0,1
564,544,5466,1,8
564,544,5466,2,1
564,544,5466,3,1
564,544,5466,4,2
564,544,5466,5,23
564,544,5466,6,2
564,544,5466,7,17
564,544,5466,8,5
564,544,5466,9,1
564,563,5467,0,8
564,563,5467,1,2
2253,2329,18523,0,13
2253,2329,18523,1,8
2253,1795,18524,0,6
2253,1795,18524,1,3
2253,1817,18525,0,7
2253,1817,18525,1,1
2253,1817,18525,2,1
2253,1817,18525,3,13
2253,2546,18526,0,11
2253,2550,18527,0,1
2253,2550,18527,1,2
2253,2550,18527,2,25
2253,2550,18527,3,18
2253,1916,18529,0,1
2253,1916,18529,1,8
2253,1916,18529,2,1
2253,1916,18529,3,1
2253,1916,18529,4,2
2253,1916,18529,5,23
2253,1916,18529,6,2
2253,1916,18529,7,17
2253,1916,18529,8,5
2253,1916,18529,9,1
2253,1933,18530,0,8
2253,1933,18530,1,2
565,414,5444,0,2
565,1067,5445,0,8
565,1067,5445,1,2
565,1067,5445,2,26
565,1067,5445,3,4
2254,1795,18502,0,2
2254,2551,18503,0,8
2254,2551,18503,1,2
2254,2551,18503,2,26
2254,2551,18503,3,4
568,559,5438,0,2
2257,1930,18496,0,2
569,400,5487,0,2
569,412,5488,0,5
569,414,5489,0,3
569,414,5489,1,4
569,414,5489,2,4
569,414,5489,3,2
569,414,5489,4,2
569,414,5489,5,4
569,414,5489,6,2
569,469,5490,0,2
569,469,5490,1,35
569,469,5490,2,57
569,469,5490,3,3
569,469,5490,4,2
569,469,5490,5,7
569,469,5490,6,2
569,469,5490,7,3
569,469,5490,8,28
569,469,5490,9,2
569,469,5490,10,3
569,469,5490,11,10
569,469,5490,12,15
569,469,5490,13,7
569,1063,5493,0,2
569,1063,5493,1,1
569,1082,5494,0,200
569,548,5495,0,7
569,548,5495,1,1
2258,1781,18533,0,2
2258,1793,18534,0,5
2258,1795,18535,0,3
2258,1795,18535,1,4
2258,1795,18535,2,4
2258,1795,18535,3,2
2258,1795,18535,4,2
2258,1795,18535,5,4
2258,1795,18535,6,2
2258,1848,18536,0,2
2258,1848,18536,1,35
2258,1848,18536,2,57
2258,1848,18536,3,3
2258,1848,18536,4,2
2258,1848,18536,5,7
2258,1848,18536,6,2
2258,1848,18536,7,3
2258,1848,18536,8,28
2258,1848,18536,9,2
2258,1848,18536,10,3
2258,1848,18536,11,10
2258,1848,18536,12,15
2258,1848,18536,13,7
2258,2547,18539,0,2
2258,2547,18539,1,1
2258,2563,18540,0,200
2258,1920,18541,0,7
2258,1920,18541,1,1
571,387,5498,0,2
571,469,5499,0,2
571,469,5499,1,60
571,469,5499,2,2
571,469,5499,3,2
571,469,5499,4,71
571,1062,5500,0,5
571,1062,5500,1,2
571,1062,5500,2,9
571,1062,5500,3,10
571,1062,5500,4,16
571,1062,5500,5,7
571,1062,5500,6,11
571,1062,5500,7,2
571,1062,5500,8,26
571,1066,5501,0,27
571,1066,5501,1,7
571,1066,5501,2,6
571,1066,5501,3,4
571,1066,5501,4,3
2260,1768,18544,0,2
2260,1848,18545,0,2
2260,1848,18545,1,60
2260,1848,18545,2,2
2260,1848,18545,3,2
2260,1848,18545,4,71
2260,2546,18546,0,5
2260,2546,18546,1,2
2260,2546,18546,2,9
2260,2546,18546,3,10
2260,2546,18546,4,16
2260,2546,18546,5,7
2260,2546,18546,6,11
2260,2546,18546,7,2
2260,2546,18546,8,26
2260,2550,18547,0,27
2260,2550,18547,1,7
2260,2550,18547,2,6
2260,2550,18547,3,4
2260,2550,18547,4,3
572,391,5471,0,5
572,469,5472,0,2
2261,1772,18509,0,5
2261,1848,18510,0,2
573,414,5504,0,1
573,421,5505,0,6
573,421,5505,1,2
573,421,5505,2,2
573,469,5506,0,3
573,469,5506,1,11
573,469,5506,2,3
573,469,5506,3,3
573,1062,5507,0,28
573,1062,5507,1,5
573,1062,5507,2,10
573,1062,5507,3,10
573,1062,5507,4,1
573,1062,5507,5,5
573,1062,5507,6,9
573,1062,5507,7,37
573,1066,5508,0,2
573,1066,5508,1,48
573,1066,5508,2,6
573,1066,5508,3,29
573,1066,5508,4,2
573,1066,5508,5,51
573,1066,5508,6,2
573,1066,5508,7,2
573,1066,5508,8,3
2262,1795,18550,0,1
2262,1801,18551,0,6
2262,1801,18551,1,2
2262,1801,18551,2,2
2262,1848,18552,0,3
2262,1848,18552,1,11
2262,1848,18552,2,3
2262,1848,18552,3,3
2262,2546,18553,0,28
2262,2546,18553,1,5
2262,2546,18553,2,10
2262,2546,18553,3,10
2262,2546,18553,4,1
2262,2546,18553,5,5
2262,2546,18553,6,9
2262,2546,18553,7,37
2262,2550,18554,0,2
2262,2550,18554,1,48
2262,2550,18554,2,6
2262,2550,18554,3,29
2262,2550,18554,4,2
2262,2550,18554,5,51
2262,2550,18554,6,2
2262,2550,18554,7,2
2262,2550,18554,8,3
574,391,5515,0,3
574,391,5515,1,1
574,1062,5516,0,2
574,1066,5517,0,2
574,1066,5517,1,2
574,1066,5517,2,2
574,1066,5517,3,2
574,477,5518,0,2
574,477,5518,1,8
2263,1772,18561,0,3
2263,1772,18561,1,1
2263,2546,18562,0,2
2263,2550,18563,0,2
2263,2550,18563,1,2
2263,2550,18563,2,2
2263,2550,18563,3,2
2263,1855,18564,0,2
2263,1855,18564,1,8
576,563,5482,0,2
2265,1933,18575,0,2
578,481,5530,0,2
578,563,5531,0,6
578,563,5531,1,2
2267,1859,18580,0,2
2267,1933,18581,0,6
2267,1933,18581,1,2
579,799,5536,0,13
579,799,5536,1,32
579,799,5536,2,120
2268,2288,18594,0,13
2268,2288,18594,1,32
2268,2288,18594,2,120
580,537,5541,0,14
580,537,5541,1,8
580,537,5541,2,2
580,537,5541,3,3
580,537,5541,4,1
580,542,5542,0,3
580,545,5543,0,6
580,546,5544,0,19
580,546,5544,1,3
580,546,5544,2,2
580,546,5544,3,2
580,546,5544,4,2
580,546,5544,5,3
580,546,5544,6,2
580,546,5544,7,2
580,546,5544,8,2
580,546,5544,9,3
580,550,5545,0,2
580,550,5545,1,6
2269,1909,18585,0,14
2269,1909,18585,1,8
2269,1909,18585,2,2
2269,1909,18585,3,3
2269,1909,18585,4,1
2269,1914,18586,0,3
2269,1917,18587,0,6
2269,1918,18588,0,19
2269,1918,18588,1,3
2269,1918,18588,2,2
2269,1918,18588,3,2
2269,1918,18588,4,2
2269,1918,18588,5,3
2269,1918,18588,6,2
2269,1918,18588,7,2
2269,1918,18588,8,2
2269,1918,18588,9,3
2269,1922,18589,0,2
2269,1922,18589,1,6
581,451,5523,0,1
581,537,5524,0,2
581,537,5524,1,3
581,537,5524,2,25
581,537,5524,3,4
581,537,5524,4,6
581,537,5524,5,1
581,537,5524,6,6
581,537,5524,7,11
581,537,5524,8,7
581,537,5524,9,2
581,546,5525,0,2
581,546,5525,1,2
581,546,5525,2,6
581,546,5525,3,2
581,546,5525,4,2
581,546,5525,5,4
581,546,5525,6,3
581,547,5526,0,2
581,548,5527,0,5
2270,1830,18599,0,1
2270,1909,18600,0,2
2270,1909,18600,1,3
2270,1909,18600,2,25
2270,1909,18600,3,4
2270,1909,18600,4,6
2270,1909,18600,5,1
2270,1909,18600,6,6
2270,1909,18600,7,11
2270,1909,18600,8,7
2270,1909,18600,9,2
2270,1918,18601,0,2
2270,1918,18601,1,2
2270,1918,18601,2,6
2270,1918,18601,3,2
2270,1918,18601,4,2
2270,1918,18601,5,4
2270,1918,18601,6,3
2270,1919,18602,0,2
2270,1920,18603,0,5
582,403,5607,0,15
582,405,5608,0,2
582,405,5608,1,27
582,422,5610,0,4
582,989,5611,0,1
582,989,5611,1,96
582,444,5612,0,41
582,444,5612,1,26
582,450,5613,0,2
582,450,5613,1,16
582,450,5613,2,74
582,450,5613,3,59
582,451,5614,0,109
582,451,5614,1,67
582,457,5615,0,5
582,457,5615,1,9
582,457,5615,2,3
582,457,5615,3,3
582,457,5615,4,3
582,457,5615,5,3
582,457,5615,6,12
582,457,5615,7,19
582,457,5615,8,15
582,457,5615,9,37
582,457,5615,10,10
582,460,5616,0,1
582,460,5616,1,4
582,460,5616,2,12
582,500,5618,0,2
582,500,5618,1,2
582,503,5619,0,2
582,503,5619,1,2
582,511,5620,0,5
582,512,5621,0,2
582,512,5621,1,2
582,514,5622,0,2
582,514,5622,1,2
582,524,5623,0,1
582,525,5624,0,2
582,525,5624,1,31
582,525,5624,2,22
582,526,5625,0,2
582,526,5625,1,3
582,563,5626,0,4
582,563,5626,1,2
582,563,5626,2,6
2271,1784,18624,0,15
2271,1786,18625,0,2
2271,1786,18625,1,27
2271,1802,18627,0,4
2271,2474,18628,0,1
2271,2474,18628,1,96
2271,1823,18629,0,41
2271,1823,18629,1,26
2271,1829,18630,0,2
2271,1829,18630,1,16
2271,1829,18630,2,74
2271,1829,18630,3,59
2271,1830,18631,0,109
2271,1830,18631,1,67
2271,1836,18632,0,5
2271,1836,18632,1,9
2271,1836,18632,2,3
2271,1836,18632,3,3
2271,1836,18632,4,3
2271,1836,18632,5,3
2271,1836,18632,6,12
2271,1836,18632,7,19
2271,1836,18632,8,15
2271,1836,18632,9,37
2271,1836,18632,10,10
2271,1839,18633,0,1
2271,1839,18633,1,4
2271,1839,18633,2,12
2271,1876,18635,0,2
2271,1876,18635,1,2
2271,1879,18636,0,2
2271,1879,18636,1,2
2271,1887,18637,0,5
2271,1888,18638,0,2
2271,1888,18638,1,2
2271,1890,18639,0,2
2271,1890,18639,1,2
2271,1899,18640,0,1
2271,1900,18641,0,2
2271,1900,18641,1,31
2271,1900,18641,2,22
2271,1901,18642,0,2
2271,1901,18642,1,3
2271,1933,18643,0,4
2271,1933,18643,1,2
2271,1933,18643,2,6
584,525,5537,0,15
2273,1900,18583,0,15
585,463,5552,0,3
585,463,5552,1,1
585,463,5552,2,1
585,463,5552,3,3
585,463,5552,4,2
585,463,5552,5,8
585,463,5552,6,23
585,463,5552,7,3
585,463,5552,8,3
585,463,5552,9,15
585,463,5552,10,75
585,463,5552,11,3
585,463,5552,12,2
585,1063,5553,0,7
585,1063,5553,1,2
585,1063,5553,2,7
585,1063,5553,3,1
2274,1842,18612,0,3
2274,1842,18612,1,1
2274,1842,18612,2,1
2274,1842,18612,3,3
2274,1842,18612,4,2
2274,1842,18612,5,8
2274,1842,18612,6,23
2274,1842,18612,7,3
2274,1842,18612,8,3
2274,1842,18612,9,15
2274,1842,18612,10,75
2274,1842,18612,11,3
2274,1842,18612,12,2
2274,2547,18613,0,7
2274,2547,18613,1,2
2274,2547,18613,2,7
2274,2547,18613,3,1
587,403,5547,0,21
587,403,5547,1,24
587,463,5548,0,2
587,463,5548,1,86
587,463,5548,2,78
587,1063,5549,0,1
587,1063,5549,1,31
587,1063,5549,2,7
2276,1784,18617,0,21
2276,1784,18617,1,24
2276,1842,18618,0,2
2276,1842,18618,1,86
2276,1842,18618,2,78
2276,2547,18619,0,1
2276,2547,18619,1,31
2276,2547,18619,2,7
588,413,5559,0,2
588,413,5559,1,2
588,413,5559,2,2
588,413,5559,3,2
588,413,5559,4,2
588,422,5560,0,3
588,544,5561,0,2
588,544,5561,1,9
2277,1794,18607,0,2
2277,1794,18607,1,2
2277,1794,18607,2,2
2277,1794,18607,3,2
2277,1794,18607,4,2
2277,1802,18608,0,3
2277,1916,18609,0,2
2277,1916,18609,1,9
589,388,5688,0,26
589,393,5689,0,5
589,393,5689,1,5
589,400,5690,0,2
589,400,5690,1,15
589,403,5691,0,2
589,403,5691,1,6
589,403,5691,2,26
589,403,5691,3,100
589,403,5691,4,3
589,404,5692,0,1
589,404,5692,1,16
589,404,5692,2,2
589,404,5692,3,8
589,404,5692,4,41
589,404,5692,5,7
589,404,5692,6,2
589,404,5692,7,4
589,404,5692,8,2
589,404,5692,9,6
589,841,5693,0,4
589,841,5693,1,13
589,841,5693,2,2
589,407,5694,0,2
589,408,5695,0,2
589,846,5696,0,3
589,422,5698,0,2
589,422,5698,1,2
589,422,5698,2,4
589,422,5698,3,2
589,424,5699,0,2
589,474,5700,0,2
589,474,5700,1,14
589,791,5701,0,2
589,791,5701,1,2
589,791,5701,2,2
589,791,5701,3,2
589,791,5701,4,2
589,791,5701,5,2
589,791,5701,6,2
589,791,5701,7,29
589,438,5703,0,1
589,438,5703,1,3
589,443,5704,0,3
589,443,5704,1,1
589,469,5705,0,8
589,469,5705,1,36
589,469,5705,2,10
589,1067,5706,0,2
589,1067,5706,1,2
589,1067,5706,2,2
589,1067,5706,3,2
589,1068,5707,0,2
589,1068,5707,1,1
589,1068,5707,2,26
589,1068,5707,3,14
589,1068,5707,4,4
589,1068,5707,5,2
589,1068,5707,6,1
589,1068,5707,7,2
589,1068,5707,8,3
589,1068,5707,9,20
589,476,5708,0,2
589,476,5708,1,16
589,476,5708,2,66
589,479,5709,0,18
589,481,5710,0,2
589,481,5710,1,3
589,488,5712,0,2
589,772,5713,0,2
589,772,5713,1,1
589,772,5713,2,15
589,505,5714,0,4
589,505,5714,1,2
589,505,5714,2,390
589,1063,5715,0,1
589,523,5716,0,2
589,523,5716,1,1
589,523,5716,2,19
589,543,5717,0,6
589,544,5718,0,2
589,544,5718,1,1
589,544,5718,2,5
589,544,5718,3,7
589,845,5719,0,6
589,845,5719,1,11
589,562,5720,0,1
589,562,5720,1,165
589,562,5720,2,2
589,562,5720,3,173
589,563,5721,0,2
589,563,5721,1,2
589,563,5721,2,21
589,563,5721,3,2
589,563,5721,4,9
589,563,5721,5,13
589,563,5721,6,9
589,563,5721,7,1
589,563,5721,8,2
589,563,5721,9,9
589,563,5721,10,1
589,563,5721,11,9
589,563,5721,12,1
589,563,5721,13,1
589,563,5721,14,7
589,563,5721,15,5
589,563,5721,16,32
589,563,5721,17,18
589,563,5721,18,1
589,563,5721,19,10
589,563,5721,20,5
589,563,5721,21,41
589,563,5721,22,17
589,563,5721,23,29
589,563,5721,24,48
589,563,5721,25,3
589,563,5721,26,4
589,563,5721,27,11
589,563,5721,28,13
589,563,5721,29,4
589,563,5721,30,2
589,566,5722,0,3
2278,1769,18807,0,26
2278,1774,18808,0,5
2278,1774,18808,1,5
2278,1781,18809,0,2
2278,1781,18809,1,15
2278,1784,18810,0,2
2278,1784,18810,1,6
2278,1784,18810,2,26
2278,1784,18810,3,100
2278,1784,18810,4,3
2278,1785,18811,0,1
2278,1785,18811,1,16
2278,1785,18811,2,2
2278,1785,18811,3,8
2278,1785,18811,4,41
2278,1785,18811,5,7
2278,1785,18811,6,2
2278,1785,18811,7,4
2278,1785,18811,8,2
2278,1785,18811,9,6
2278,2329,18812,0,4
2278,2329,18812,1,13
2278,2329,18812,2,2
2278,1788,18813,0,2
2278,1789,18814,0,2
2278,2333,18815,0,3
2278,1802,18817,0,2
2278,1802,18817,1,2
2278,1802,18817,2,4
2278,1802,18817,3,2
2278,1804,18818,0,2
2278,1852,18819,0,2
2278,1852,18819,1,14
2278,2280,18820,0,2
2278,2280,18820,1,2
2278,2280,18820,2,2
2278,2280,18820,3,2
2278,2280,18820,4,2
2278,2280,18820,5,2
2278,2280,18820,6,2
2278,2280,18820,7,29
2278,1817,18822,0,1
2278,1817,18822,1,3
2278,1822,18823,0,3
2278,1822,18823,1,1
2278,1848,18824,0,8
2278,1848,18824,1,36
2278,1848,18824,2,10
2278,2551,18825,0,2
2278,2551,18825,1,2
2278,2551,18825,2,2
2278,2551,18825,3,2
2278,2552,18826,0,2
2278,2552,18826,1,1
2278,2552,18826,2,26
2278,2552,18826,3,14
2278,2552,18826,4,4
2278,2552,18826,5,2
2278,2552,18826,6,1
2278,2552,18826,7,2
2278,2552,18826,8,3
2278,2552,18826,9,20
2278,1854,18827,0,2
2278,1854,18827,1,16
2278,1854,18827,2,66
2278,1857,18828,0,18
2278,1859,18829,0,2
2278,1859,18829,1,3
2278,1865,18831,0,2
2278,2262,18832,0,2
2278,2262,18832,1,1
2278,2262,18832,2,15
2278,1881,18833,0,4
2278,1881,18833,1,2
2278,1881,18833,2,390
2278,2547,18834,0,1
2278,1898,18835,0,2
2278,1898,18835,1,1
2278,1898,18835,2,19
2278,1915,18836,0,6
2278,1916,18837,0,2
2278,1916,18837,1,1
2278,1916,18837,2,5
2278,1916,18837,3,7
2278,2332,18838,0,6
2278,2332,18838,1,11
2278,1932,18839,0,1
2278,1932,18839,1,165
2278,1932,18839,2,2
2278,1932,18839,3,173
2278,1933,18840,0,2
2278,1933,18840,1,2
2278,1933,18840,2,21
2278,1933,18840,3,2
2278,1933,18840,4,9
2278,1933,18840,5,13
2278,1933,18840,6,9
2278,1933,18840,7,1
2278,1933,18840,8,2
2278,1933,18840,9,9
2278,1933,18840,10,1
2278,1933,18840,11,9
2278,1933,18840,12,1
2278,1933,18840,13,1
2278,1933,18840,14,7
2278,1933,18840,15,5
2278,1933,18840,16,32
2278,1933,18840,17,18
2278,1933,18840,18,1
2278,1933,18840,19,10
2278,1933,18840,20,5
2278,1933,18840,21,41
2278,1933,18840,22,17
2278,1933,18840,23,29
2278,1933,18840,24,48
2278,1933,18840,25,3
2278,1933,18840,26,4
2278,1933,18840,27,11
2278,1933,18840,28,13
2278,1933,18840,29,4
2278,1933,18840,30,2
2278,1936,18841,0,3
591,463,5566,0,1
591,507,5567,0,2
591,507,5567,1,2
591,507,5567,2,2
591,558,5568,0,1
2280,1842,18648,0,1
2280,1883,18649,0,2
2280,1883,18649,1,2
2280,1883,18649,2,2
2280,1929,18650,0,1
592,6,5589,0,2
592,8,5590,0,1
592,18,5591,0,2
592,35,5592,0,2
592,1098,5593,0,63
592,47,5594,0,2
592,47,5594,1,1
592,47,5594,2,10
592,47,5594,3,2
592,47,5594,4,2
592,47,5594,5,2
592,52,5595,0,1
592,52,5595,1,1
592,52,5595,2,1
592,52,5595,3,1
592,52,5595,4,2
592,52,5595,5,7
592,52,5595,6,2
592,52,5595,7,1
592,52,5595,8,1
592,52,5595,9,1
592,52,5595,10,1
592,52,5595,11,1
592,52,5595,12,2
592,54,5596,0,1
592,54,5596,1,2
592,62,5597,0,1
592,62,5597,1,1
592,62,5597,2,1
592,62,5597,3,4
592,62,5597,4,1
592,62,5597,5,1
592,62,5597,6,1
592,1099,5598,0,143
592,72,5599,0,1
592,85,5600,0,7
592,85,5600,1,3
2281,2009,18672,0,2
2281,2011,18673,0,1
2281,2021,18674,0,2
2281,2038,18675,0,2
2281,2579,18676,0,63
2281,2050,18677,0,2
2281,2050,18677,1,1
2281,2050,18677,2,10
2281,2050,18677,3,2
2281,2050,18677,4,2
2281,2050,18677,5,2
2281,2055,18678,0,1
2281,2055,18678,1,1
2281,2055,18678,2,1
2281,2055,18678,3,1
2281,2055,18678,4,2
2281,2055,18678,5,7
2281,2055,18678,6,2
2281,2055,18678,7,1
2281,2055,18678,8,1
2281,2055,18678,9,1
2281,2055,18678,10,1
2281,2055,18678,11,1
2281,2055,18678,12,2
2281,2057,18679,0,1
2281,2057,18679,1,2
2281,2065,18680,0,1
2281,2065,18680,1,1
2281,2065,18680,2,1
2281,2065,18680,3,4
2281,2065,18680,4,1
2281,2065,18680,5,1
2281,2065,18680,6,1
2281,2580,18681,0,143
2281,2075,18682,0,1
2281,2087,18683,0,7
2281,2087,18683,1,3
594,841,5580,0,2
594,476,5581,0,3
594,476,5581,1,2
594,563,5582,0,1
2283,2329,18652,0,2
2283,1854,18653,0,3
2283,1854,18653,1,2
2283,1933,18654,0,1
595,469,5585,0,4
595,469,5585,1,4
595,469,5585,2,4
595,1062,5586,0,2
595,1068,5587,0,4
595,1068,5587,1,2
595,1068,5587,2,8
595,481,5588,0,2
2284,1848,18659,0,4
2284,1848,18659,1,4
2284,1848,18659,2,4
2284,2546,18660,0,2
2284,2552,18661,0,4
2284,2552,18661,1,2
2284,2552,18661,2,8
2284,1859,18662,0,2
596,407,5632,0,47
596,424,5633,0,5
596,477,5634,0,35
596,546,5636,0,1
596,563,5637,0,1
2285,1788,18694,0,47
2285,1804,18695,0,5
2285,1855,18696,0,35
2285,1918,18698,0,1
2285,1933,18699,0,1
597,425,5640,0,4
597,791,5641,0,2
597,791,5641,1,2
597,791,5641,2,2
597,522,5642,0,7
597,526,5643,0,19
597,526,5643,1,12
597,526,5643,2,2
597,526,5643,3,6
597,526,5643,4,5
597,526,5643,5,2
597,526,5643,6,2
597,527,5644,0,6
597,527,5644,1,4
597,527,5644,2,5
597,527,5644,3,4
597,527,5644,4,6
597,527,5644,5,1
597,527,5644,6,2
597,987,5645,0,2
597,987,5645,1,2
597,987,5645,2,4
597,987,5645,3,2
597,845,5646,0,4
597,845,5646,1,3
597,845,5646,2,67
597,845,5646,3,2
597,845,5646,4,3
597,845,5646,5,32
597,845,5646,6,37
597,845,5646,7,29
597,563,5647,0,19
597,563,5647,1,2
597,563,5647,2,2
597,563,5647,3,1
597,563,5647,4,2
597,563,5647,5,1
597,563,5647,6,1
597,563,5647,7,5
597,563,5647,8,8
597,563,5647,9,1
597,563,5647,10,1
597,563,5647,11,17
2286,1805,18728,0,4
2286,2280,18729,0,2
2286,2280,18729,1,2
2286,2280,18729,2,2
2286,1897,18730,0,7
2286,1901,18731,0,19
2286,1901,18731,1,12
2286,1901,18731,2,2
2286,1901,18731,3,6
2286,1901,18731,4,5
2286,1901,18731,5,2
2286,1901,18731,6,2
2286,1902,18732,0,6
2286,1902,18732,1,4
2286,1902,18732,2,5
2286,1902,18732,3,4
2286,1902,18732,4,6
2286,1902,18732,5,1
2286,1902,18732,6,2
2286,2472,18733,0,2
2286,2472,18733,1,2
2286,2472,18733,2,4
2286,2472,18733,3,2
2286,2332,18734,0,4
2286,2332,18734,1,3
2286,2332,18734,2,67
2286,2332,18734,3,2
2286,2332,18734,4,3
2286,2332,18734,5,32
2286,2332,18734,6,37
2286,2332,18734,7,29
2286,1933,18735,0,19
2286,1933,18735,1,2
2286,1933,18735,2,2
2286,1933,18735,3,1
2286,1933,18735,4,2
2286,1933,18735,5,1
2286,1933,18735,6,1
2286,1933,18735,7,5
2286,1933,18735,8,8
2286,1933,18735,9,1
2286,1933,18735,10,1
2286,1933,18735,11,17
599,841,5731,0,1
599,438,5732,0,1
599,463,5733,0,15
599,463,5733,1,1
599,463,5733,2,1
2288,2329,18704,0,1
2288,1817,18705,0,1
2288,1842,18706,0,15
2288,1842,18706,1,1
2288,1842,18706,2,1
600,463,5725,0,4
600,563,5726,0,8
600,563,5726,1,1
600,563,5726,2,19
2289,1842,18687,0,4
2289,1933,18688,0,8
2289,1933,18688,1,1
2289,1933,18688,2,19
602,413,5745,0,88
602,413,5745,1,37
602,563,5746,0,3
602,563,5746,1,2
602,563,5746,2,2
602,563,5746,3,2
2291,1794,18718,0,88
2291,1794,18718,1,37
2291,1933,18719,0,3
2291,1933,18719,1,2
2291,1933,18719,2,2
2291,1933,18719,3,2
603,393,5773,0,3
603,400,5774,0,26
603,403,5775,0,1
603,403,5775,1,10
603,422,5777,0,9
603,476,5778,0,3
2292,1774,18756,0,3
2292,1781,18757,0,26
2292,1784,18758,0,1
2292,1784,18758,1,10
2292,1802,18760,0,9
2292,1854,18761,0,3
604,1106,5741,0,114
2293,2587,18714,0,114
605,1106,5750,0,3
605,1106,5750,1,2
605,1106,5750,2,8
605,989,5751,0,7
2294,2587,18723,0,3
2294,2587,18723,1,2
2294,2587,18723,2,8
2294,2474,18724,0,7
606,393,5755,0,4
606,393,5755,1,2
606,400,5756,0,2
606,414,5757,0,2
606,476,5758,0,3
606,476,5758,1,4
606,476,5758,2,40
606,476,5758,3,3
606,476,5758,4,18
606,476,5758,5,27
606,481,5759,0,2
606,563,5760,0,3
606,563,5760,1,3
606,563,5760,2,9
2295,1774,18743,0,4
2295,1774,18743,1,2
2295,1781,18744,0,2
2295,1795,18745,0,2
2295,1854,18746,0,3
2295,1854,18746,1,4
2295,1854,18746,2,40
2295,1854,18746,3,3
2295,1854,18746,4,18
2295,1854,18746,5,27
2295,1859,18747,0,2
2295,1933,18748,0,3
2295,1933,18748,1,3
2295,1933,18748,2,9
607,419,5762,0,2
607,419,5762,1,3
607,419,5762,2,1
607,419,5762,3,1
607,419,5762,4,2
607,419,5762,5,2
607,419,5762,6,2
607,419,5762,7,2
607,419,5762,8,2
607,419,5762,9,2
607,463,5763,0,2
607,463,5763,1,1
2296,1799,18737,0,2
2296,1799,18737,1,3
2296,1799,18737,2,1
2296,1799,18737,3,1
2296,1799,18737,4,2
2296,1799,18737,5,2
2296,1799,18737,6,2
2296,1799,18737,7,2
2296,1799,18737,8,2
2296,1799,18737,9,2
2296,1842,18738,0,2
2296,1842,18738,1,1
608,845,5764,0,5
608,563,5765,0,2
608,563,5765,1,2
608,563,5765,2,2
2297,2332,18739,0,5
2297,1933,18740,0,2
2297,1933,18740,1,2
2297,1933,18740,2,2
609,845,5784,0,1
609,845,5784,1,9
609,845,5784,2,11
609,845,5784,3,6
609,845,5784,4,9
609,845,5784,5,8
609,845,5784,6,5
609,563,5785,0,1
2298,2332,18765,0,1
2298,2332,18765,1,9
2298,2332,18765,2,11
2298,2332,18765,3,6
2298,2332,18765,4,9
2298,2332,18765,5,8
2298,2332,18765,6,5
2298,1933,18766,0,1
610,563,5782,0,2
2299,1933,18843,0,2
611,425,5787,0,1
611,425,5787,1,2
611,425,5787,2,5
611,845,5788,0,2
611,845,5788,1,6
611,845,5788,2,2
611,845,5788,3,2
611,563,5789,0,6
611,563,5789,1,6
2300,1805,18845,0,1
2300,1805,18845,1,2
2300,1805,18845,2,5
2300,2332,18846,0,2
2300,2332,18846,1,6
2300,2332,18846,2,2
2300,2332,18846,3,2
2300,1933,18847,0,6
2300,1933,18847,1,6
613,1106,5868,0,5
613,1106,5868,1,6
613,1106,5868,2,6
613,1106,5868,3,3
613,1106,5868,4,6
613,1106,5868,5,1
613,463,5869,0,3
613,1062,5870,0,2
2302,2587,18890,0,5
2302,2587,18890,1,6
2302,2587,18890,2,6
2302,2587,18890,3,3
2302,2587,18890,4,6
2302,2587,18890,5,1
2302,1842,18891,0,3
2302,2546,18892,0,2
614,414,5797,0,2
614,414,5797,1,7
614,1106,5798,0,1
614,468,5799,0,2
614,481,5800,0,79
614,481,5800,1,4
614,481,5800,2,67
2303,1795,18860,0,2
2303,1795,18860,1,7
2303,2587,18861,0,1
2303,1847,18862,0,2
2303,1859,18863,0,79
2303,1859,18863,1,4
2303,1859,18863,2,67
615,404,5811,0,2
615,404,5811,1,2
615,404,5811,2,2
615,404,5811,3,2
615,404,5811,4,12
615,404,5811,5,2
615,404,5811,6,2
615,825,5812,0,5
615,825,5812,1,3
615,463,5813,0,2
2304,1785,18855,0,2
2304,1785,18855,1,2
2304,1785,18855,2,2
2304,1785,18855,3,2
2304,1785,18855,4,12
2304,1785,18855,5,2
2304,1785,18855,6,2
2304,2313,18856,0,5
2304,2313,18856,1,3
2304,1842,18857,0,2
616,393,5806,0,4
616,393,5806,1,2
616,393,5806,2,4
616,424,5807,0,38
616,424,5807,1,39
2305,1774,18869,0,4
2305,1774,18869,1,2
2305,1774,18869,2,4
2305,1804,18870,0,38
2305,1804,18870,1,39
617,403,5817,0,5
617,846,5818,0,2
617,424,5819,0,2
617,424,5819,1,9
617,474,5820,0,3
2306,1784,18875,0,5
2306,2333,18876,0,2
2306,1804,18877,0,2
2306,1804,18877,1,9
2306,1852,18878,0,3
618,393,5905,0,2
618,393,5905,1,68
618,393,5905,2,2
618,393,5905,3,6
618,393,5905,4,198
618,393,5905,5,15
618,461,5907,0,2
618,461,5907,1,2
618,532,5909,0,1
618,563,5910,0,4
2307,1774,18929,0,2
2307,1774,18929,1,68
2307,1774,18929,2,2
2307,1774,18929,3,6
2307,1774,18929,4,198
2307,1774,18929,5,15
2307,1840,18931,0,2
2307,1840,18931,1,2
2307,1905,18933,0,1
2307,1933,18934,0,4
619,841,5852,0,5
619,771,5853,0,3
619,532,5854,0,1
619,563,5855,0,4
619,563,5855,1,4
619,563,5855,2,4
619,563,5855,3,4
619,563,5855,4,3
619,563,5855,5,17
619,563,5855,6,5
619,563,5855,7,2
619,563,5855,8,2
619,563,5855,9,17
2308,2329,18898,0,5
2308,2261,18899,0,3
2308,1905,18900,0,1
2308,1933,18901,0,4
2308,1933,18901,1,4
2308,1933,18901,2,4
2308,1933,18901,3,4
2308,1933,18901,4,3
2308,1933,18901,5,17
2308,1933,18901,6,5
2308,1933,18901,7,2
2308,1933,18901,8,2
2308,1933,18901,9,17
621,474,5827,0,2
621,477,5828,0,5
621,479,5829,0,9
621,481,5830,0,2
2310,1852,18940,0,2
2310,1855,18941,0,5
2310,1857,18942,0,9
2310,1859,18943,0,2
622,393,5833,0,5
622,393,5833,1,1
622,393,5833,2,39
622,393,5833,3,28
622,393,5833,4,3
622,393,5833,5,7
622,393,5833,6,1
622,393,5833,7,1
622,563,5834,0,3
622,563,5834,1,3
622,563,5834,2,5
622,563,5834,3,5
622,563,5834,4,4
622,563,5834,5,4
622,563,5834,6,2
622,563,5834,7,5
2311,1774,18971,0,5
2311,1774,18971,1,1
2311,1774,18971,2,39
2311,1774,18971,3,28
2311,1774,18971,4,3
2311,1774,18971,5,7
2311,1774,18971,6,1
2311,1774,18971,7,1
2311,1933,18972,0,3
2311,1933,18972,1,3
2311,1933,18972,2,5
2311,1933,18972,3,5
2311,1933,18972,4,4
2311,1933,18972,5,4
2311,1933,18972,6,2
2311,1933,18972,7,5
623,210,5916,0,3
623,210,5916,1,3
623,210,5916,2,3
623,803,5917,0,1
623,214,5918,0,1
623,214,5918,1,3
623,217,5919,0,2
623,217,5919,1,6
623,217,5919,2,2
623,387,5921,0,2
623,758,5922,0,1
623,391,5923,0,2
623,392,5924,0,2
623,393,5925,0,1
623,393,5925,1,2
623,394,5926,0,1
623,397,5927,0,3
623,398,5928,0,1
623,400,5929,0,1
623,400,5929,1,2
623,403,5930,0,4
623,404,5931,0,1
623,405,5932,0,5
623,405,5932,1,1
623,406,5933,0,1
623,407,5934,0,1
623,409,5935,0,1
623,412,5936,0,2
623,771,5937,0,1
623,413,5938,0,1
623,413,5938,1,1
623,414,5939,0,1
623,414,5939,1,2
623,421,5940,0,2
623,419,5941,0,2
623,423,5942,0,2
623,424,5943,0,1
623,425,5944,0,2
623,431,5945,0,1
623,432,5946,0,2
623,1106,5947,0,1
623,435,5948,0,2
623,436,5949,0,3
623,438,5950,0,1
623,439,5951,0,1
623,442,5952,0,7
623,443,5953,0,3
623,443,5953,1,3
623,445,5954,0,1
623,446,5955,0,1
623,448,5956,0,1
623,449,5957,0,1
623,824,5958,0,2
623,766,5959,0,2
623,453,5960,0,1
623,455,5961,0,1
623,456,5962,0,4
623,456,5962,1,4
623,757,5963,0,1
623,458,5964,0,1
623,459,5965,0,1
623,460,5966,0,1
623,461,5967,0,1
623,463,5968,0,1
623,767,5969,0,1
623,464,5970,0,1
623,1027,5971,0,1
623,468,5972,0,1
623,469,5973,0,1
623,470,5974,0,1
623,961,5975,0,1
623,472,5976,0,1
623,1067,5977,0,1
623,1067,5977,1,2
623,1068,5978,0,5
623,1068,5978,1,2
623,477,5979,0,1
623,478,5980,0,1
623,481,5981,0,7
623,481,5981,1,1
623,481,5981,2,1
623,490,5982,0,1
623,498,5983,0,1
623,752,5984,0,3
623,501,5985,0,6
623,505,5986,0,1
623,836,5987,0,2
623,506,5988,0,1
623,508,5989,0,1
623,510,5990,0,1
623,1082,5991,0,2
623,512,5992,0,1
623,512,5992,1,1
623,514,5993,0,1
623,521,5994,0,1
623,522,5995,0,2
623,523,5996,0,1
623,525,5997,0,1
623,526,5998,0,1
623,527,5999,0,3
623,970,6000,0,2
623,971,6001,0,1
623,537,6002,0,2
623,541,6003,0,2
623,542,6004,0,3
623,543,6005,0,1
623,544,6006,0,3
623,545,6007,0,1
623,546,6008,0,1
623,546,6008,1,2
623,547,6009,0,1
623,547,6009,1,10
623,548,6010,0,1
623,548,6010,1,1
623,550,6011,0,1
623,980,6012,0,3
623,986,6013,0,3
623,555,6014,0,1
623,987,6015,0,3
623,558,6016,0,4
623,559,6017,0,1
623,559,6017,1,1
623,845,6018,0,2
623,562,6019,0,2
623,562,6019,1,5
623,563,6020,0,2
623,563,6020,1,2
623,563,6020,2,2
623,563,6020,3,2
623,563,6020,4,1
623,563,6020,5,4
623,563,6020,6,2
623,563,6020,7,1
623,563,6020,8,1
623,566,6021,0,1
623,568,6022,0,2
623,568,6022,1,2
2312,1607,18988,0,3
2312,1607,18988,1,3
2312,1607,18988,2,3
2312,2292,18989,0,1
2312,1611,18990,0,1
2312,1611,18990,1,3
2312,1614,18991,0,2
2312,1614,18991,1,6
2312,1614,18991,2,2
2312,1768,18993,0,2
2312,2248,18994,0,1
2312,1772,18995,0,2
2312,1773,18996,0,2
2312,1774,18997,0,1
2312,1774,18997,1,2
2312,1775,18998,0,1
2312,1778,18999,0,3
2312,1779,19000,0,1
2312,1781,19001,0,1
2312,1781,19001,1,2
2312,1784,19002,0,4
2312,1785,19003,0,1
2312,1786,19004,0,5
2312,1786,19004,1,1
2312,1787,19005,0,1
2312,1788,19006,0,1
2312,1790,19007,0,1
2312,1793,19008,0,2
2312,2261,19009,0,1
2312,1794,19010,0,1
2312,1794,19010,1,1
2312,1795,19011,0,1
2312,1795,19011,1,2
2312,1801,19012,0,2
2312,1799,19013,0,2
2312,1803,19014,0,2
2312,1804,19015,0,1
2312,1805,19016,0,2
2312,1810,19017,0,1
2312,1811,19018,0,2
2312,2587,19019,0,1
2312,1814,19020,0,2
2312,1815,19021,0,3
2312,1817,19022,0,1
2312,1818,19023,0,1
2312,1821,19024,0,7
2312,1822,19025,0,3
2312,1822,19025,1,3
2312,1824,19026,0,1
2312,1825,19027,0,1
2312,1827,19028,0,1
2312,1828,19029,0,1
2312,2312,19030,0,2
2312,2256,19031,0,2
2312,1832,19032,0,1
2312,1834,19033,0,1
2312,1835,19034,0,4
2312,1835,19034,1,4
2312,2247,19035,0,1
2312,1837,19036,0,1
2312,1838,19037,0,1
2312,1839,19038,0,1
2312,1840,19039,0,1
2312,1842,19040,0,1
2312,2257,19041,0,1
2312,1843,19042,0,1
2312,2512,19043,0,1
2312,1847,19044,0,1
2312,1848,19045,0,1
2312,1849,19046,0,1
2312,2446,19047,0,1
2312,1851,19048,0,1
2312,2551,19049,0,1
2312,2551,19049,1,2
2312,2552,19050,0,5
2312,2552,19050,1,2
2312,1855,19051,0,1
2312,1856,19052,0,1
2312,1859,19053,0,7
2312,1859,19053,1,1
2312,1859,19053,2,1
2312,1867,19054,0,1
2312,1875,19055,0,1
2312,2242,19056,0,3
2312,1877,19057,0,6
2312,1881,19058,0,1
2312,2324,19059,0,2
2312,1882,19060,0,1
2312,1884,19061,0,1
2312,1886,19062,0,1
2312,2563,19063,0,2
2312,1888,19064,0,1
2312,1888,19064,1,1
2312,1890,19065,0,1
2312,1896,19066,0,1
2312,1897,19067,0,2
2312,1898,19068,0,1
2312,1900,19069,0,1
2312,1901,19070,0,1
2312,1902,19071,0,3
2312,2455,19072,0,2
2312,2456,19073,0,1
2312,1909,19074,0,2
2312,1913,19075,0,2
2312,1914,19076,0,3
2312,1915,19077,0,1
2312,1916,19078,0,3
2312,1917,19079,0,1
2312,1918,19080,0,1
2312,1918,19080,1,2
2312,1919,19081,0,1
2312,1919,19081,1,10
2312,1920,19082,0,1
2312,1920,19082,1,1
2312,1922,19083,0,1
2312,2465,19084,0,3
2312,2471,19085,0,3
2312,1926,19086,0,1
2312,2472,19087,0,3
2312,1929,19088,0,4
2312,1930,19089,0,1
2312,1930,19089,1,1
2312,2332,19090,0,2
2312,1932,19091,0,2
2312,1932,19091,1,5
2312,1933,19092,0,2
2312,1933,19092,1,2
2312,1933,19092,2,2
2312,1933,19092,3,2
2312,1933,19092,4,1
2312,1933,19092,5,4
2312,1933,19092,6,2
2312,1933,19092,7,1
2312,1933,19092,8,1
2312,1936,19093,0,1
2312,1938,19094,0,2
2312,1938,19094,1,2
624,403,5838,0,42
624,422,5839,0,2
624,422,5839,1,8
624,544,5842,0,10
624,563,5843,0,2
624,563,5843,1,2
2313,1784,18963,0,42
2313,1802,18964,0,2
2313,1802,18964,1,8
2313,1916,18967,0,10
2313,1933,18968,0,2
2313,1933,18968,1,2
625,403,5845,0,3
625,403,5845,1,3
625,563,5846,0,2
625,563,5846,1,2
2314,1784,18947,0,3
2314,1784,18947,1,3
2314,1933,18948,0,2
2314,1933,18948,1,2
627,403,5876,0,2
627,403,5876,1,2
627,422,5877,0,2
2316,1784,18954,0,2
2316,1784,18954,1,2
2316,1802,18955,0,2
628,563,5911,0,4
628,563,5911,1,12
628,563,5911,2,7
628,563,5911,3,10
628,563,5911,4,5
628,563,5911,5,12
628,563,5911,6,11
2317,1933,18956,0,4
2317,1933,18956,1,12
2317,1933,18956,2,7
2317,1933,18956,3,10
2317,1933,18956,4,5
2317,1933,18956,5,12
2317,1933,18956,6,11
629,463,6024,0,2
629,463,6024,1,7
629,463,6024,2,8
629,463,6024,3,5
629,505,6025,0,2
2318,1842,18958,0,2
2318,1842,18958,1,7
2318,1842,18958,2,8
2318,1842,18958,3,5
2318,1881,18959,0,2
630,845,6028,0,9
630,562,6029,0,9
630,563,6030,0,9
2319,2332,18975,0,9
2319,1932,18976,0,9
2319,1933,18977,0,9
631,390,6037,0,1
631,390,6037,1,9
631,440,6038,0,3
631,440,6038,1,4
631,440,6038,2,2
631,440,6038,3,4
631,440,6038,4,6
631,440,6038,5,2
631,440,6038,6,27
631,845,6039,0,18
631,563,6040,0,1
2320,1771,18980,0,1
2320,1771,18980,1,9
2320,1819,18981,0,3
2320,1819,18981,1,4
2320,1819,18981,2,2
2320,1819,18981,3,4
2320,1819,18981,4,6
2320,1819,18981,5,2
2320,1819,18981,6,27
2320,2332,18982,0,18
2320,1933,18983,0,1
632,390,6033,0,5
632,481,6034,0,2
632,481,6034,1,3
2321,1771,19097,0,5
2321,1859,19098,0,2
2321,1859,19098,1,3
633,841,6042,0,2
2322,2329,19104,0,2
634,390,6110,0,2
634,414,6111,0,2
634,414,6111,1,9
634,414,6111,2,21
634,443,6112,0,8
634,563,6114,0,2
2323,1771,19170,0,2
2323,1795,19171,0,2
2323,1795,19171,1,9
2323,1795,19171,2,21
2323,1822,19172,0,8
2323,1933,19174,0,2
635,210,6071,0,2
635,210,6071,1,23
635,210,6071,2,2
635,212,6072,0,3
635,212,6072,1,4
635,212,6072,2,2
635,212,6072,3,2
635,212,6072,4,2
635,212,6072,5,28
635,213,6073,0,2
635,213,6073,1,12
635,213,6073,2,14
635,213,6073,3,3
635,213,6073,4,27
635,214,6074,0,2
635,214,6074,1,4
635,214,6074,2,4
635,215,6075,0,2
635,215,6075,1,41
635,215,6075,2,8
635,215,6075,3,9
635,215,6075,4,10
635,215,6075,5,38
635,215,6075,6,8
635,215,6075,7,16
635,215,6075,8,6
635,217,6076,0,2
635,217,6076,1,2
635,217,6076,2,1
635,217,6076,3,2
635,217,6076,4,16
635,217,6076,5,102
635,217,6076,6,1
635,217,6076,7,2
635,217,6076,8,2
635,1112,6077,0,343
2324,1607,19133,0,2
2324,1607,19133,1,23
2324,1607,19133,2,2
2324,1609,19134,0,3
2324,1609,19134,1,4
2324,1609,19134,2,2
2324,1609,19134,3,2
2324,1609,19134,4,2
2324,1609,19134,5,28
2324,1610,19135,0,2
2324,1610,19135,1,12
2324,1610,19135,2,14
2324,1610,19135,3,3
2324,1610,19135,4,27
2324,1611,19136,0,2
2324,1611,19136,1,4
2324,1611,19136,2,4
2324,1612,19137,0,2
2324,1612,19137,1,41
2324,1612,19137,2,8
2324,1612,19137,3,9
2324,1612,19137,4,10
2324,1612,19137,5,38
2324,1612,19137,6,8
2324,1612,19137,7,16
2324,1612,19137,8,6
2324,1614,19138,0,2
2324,1614,19138,1,2
2324,1614,19138,2,1
2324,1614,19138,3,2
2324,1614,19138,4,16
2324,1614,19138,5,102
2324,1614,19138,6,1
2324,1614,19138,7,2
2324,1614,19138,8,2
2324,2593,19139,0,343
636,463,6043,0,13
636,463,6043,1,9
636,463,6043,2,17
636,767,6044,0,6
636,544,6045,0,1
636,544,6045,1,13
636,544,6045,2,2
636,544,6045,3,9
636,558,6046,0,9
2325,1842,19099,0,13
2325,1842,19099,1,9
2325,1842,19099,2,17
2325,2257,19100,0,6
2325,1916,19101,0,1
2325,1916,19101,1,13
2325,1916,19101,2,2
2325,1916,19101,3,9
2325,1929,19102,0,9
639,505,6048,0,2
2328,1881,19106,0,2
640,393,6050,0,2
2329,1774,19108,0,2
641,414,6052,0,7
641,414,6052,1,24
2330,1795,19110,0,7
2330,1795,19110,1,24
642,414,6063,0,7
642,414,6063,1,3
642,474,6064,0,2
642,802,6065,0,10
642,767,6066,0,12
642,563,6068,0,4
2331,1795,19120,0,7
2331,1795,19120,1,3
2331,1852,19121,0,2
2331,2291,19122,0,10
2331,2257,19123,0,12
2331,1933,19125,0,4
643,802,6087,0,6
2332,2291,19127,0,6
644,451,6116,0,3
2333,1830,19129,0,3
645,414,6118,0,4
2334,1795,19176,0,4
646,210,6123,0,6
646,212,6124,0,5
646,212,6124,1,2
646,214,6125,0,35
646,214,6125,1,4
646,215,6126,0,1
646,215,6126,1,5
646,215,6126,2,10
646,215,6126,3,3
646,215,6126,4,3
646,215,6126,5,3
646,217,6127,0,5
646,413,6129,0,2
646,481,6130,0,2
2335,1607,19197,0,6
2335,1609,19198,0,5
2335,1609,19198,1,2
2335,1611,19199,0,35
2335,1611,19199,1,4
2335,1612,19200,0,1
2335,1612,19200,1,5
2335,1612,19200,2,10
2335,1612,19200,3,3
2335,1612,19200,4,3
2335,1612,19200,5,3
2335,1614,19201,0,5
2335,1794,19203,0,2
2335,1859,19204,0,2
647,553,6133,0,2
647,553,6133,1,3
647,559,6134,0,1
2336,1924,19182,0,2
2336,1924,19182,1,3
2336,1930,19183,0,1
649,758,6160,0,2
649,390,6161,0,4
649,391,6162,0,5
649,392,6163,0,5
649,394,6164,0,5
649,395,6165,0,6
649,398,6166,0,2
649,399,6167,0,7
649,402,6168,0,2
649,403,6169,0,2
649,841,6170,0,2
649,405,6171,0,3
649,407,6172,0,3
649,407,6172,1,3
649,846,6173,0,2
649,410,6174,0,6
649,414,6175,0,3
649,782,6176,0,6
649,802,6177,0,11
649,453,6179,0,5
649,453,6179,1,5
649,457,6180,0,1
649,457,6180,1,3
649,458,6181,0,5
649,1027,6182,0,5
649,1027,6182,1,7
649,468,6183,0,5
649,469,6184,0,14
649,1062,6185,0,2
649,1066,6186,0,2
649,1067,6187,0,2
649,1068,6188,0,2
649,479,6189,0,5
649,481,6190,0,4
649,525,6191,0,5
649,526,6192,0,2
649,537,6193,0,3
649,539,6194,0,3
649,542,6195,0,2
649,543,6196,0,3
649,545,6197,0,2
649,547,6198,0,3
649,549,6199,0,2
649,977,6200,0,3
649,986,6201,0,3
649,987,6202,0,3
649,558,6203,0,3
649,559,6204,0,3
649,563,6205,0,2
649,861,6206,0,8
649,799,6207,0,5
2338,2248,19221,0,2
2338,1771,19222,0,4
2338,1772,19223,0,5
2338,1773,19224,0,5
2338,1775,19225,0,5
2338,1776,19226,0,6
2338,1779,19227,0,2
2338,1780,19228,0,7
2338,1783,19229,0,2
2338,1784,19230,0,2
2338,2329,19231,0,2
2338,1786,19232,0,3
2338,1788,19233,0,3
2338,1788,19233,1,3
2338,2333,19234,0,2
2338,1791,19235,0,6
2338,1795,19236,0,3
2338,2271,19237,0,6
2338,2291,19238,0,11
2338,1832,19240,0,5
2338,1832,19240,1,5
2338,1836,19241,0,1
2338,1836,19241,1,3
2338,1837,19242,0,5
2338,2512,19243,0,5
2338,2512,19243,1,7
2338,1847,19244,0,5
2338,1848,19245,0,14
2338,2546,19246,0,2
2338,2550,19247,0,2
2338,2551,19248,0,2
2338,2552,19249,0,2
2338,1857,19250,0,5
2338,1859,19251,0,4
2338,1900,19252,0,5
2338,1901,19253,0,2
2338,1909,19254,0,3
2338,1911,19255,0,3
2338,1914,19256,0,2
2338,1915,19257,0,3
2338,1917,19258,0,2
2338,1919,19259,0,3
2338,1921,19260,0,2
2338,2462,19261,0,3
2338,2471,19262,0,3
2338,2472,19263,0,3
2338,1929,19264,0,3
2338,1930,19265,0,3
2338,1933,19266,0,2
2338,2348,19267,0,8
2338,2288,19268,0,5
650,391,6156,0,1
650,393,6157,0,2
650,393,6157,1,3
650,802,6158,0,2
650,563,6159,0,3
2339,1772,19217,0,1
2339,1774,19218,0,2
2339,1774,19218,1,3
2339,2291,19219,0,2
2339,1933,19220,0,3
652,215,6136,0,2
2341,1612,19185,0,2
653,393,6148,0,1
653,414,6149,0,4
653,414,6149,1,26
2342,1774,19206,0,1
2342,1795,19207,0,4
2342,1795,19207,1,26
654,1115,6216,0,94
654,403,6217,0,4
654,846,6218,0,2
654,1067,6220,0,1
654,481,6221,0,3
654,563,6222,0,1
654,563,6222,1,7
654,563,6222,2,7
2343,2595,19277,0,94
2343,1784,19278,0,4
2343,2333,19279,0,2
2343,2551,19281,0,1
2343,1859,19282,0,3
2343,1933,19283,0,1
2343,1933,19283,1,7
2343,1933,19283,2,7
655,403,6223,0,18
655,846,6224,0,2
655,846,6224,1,31
2344,1784,19208,0,18
2344,2333,19209,0,2
2344,2333,19209,1,31
656,767,6231,0,2
2345,2257,19286,0,2
657,463,6228,0,1
657,463,6228,1,1
657,463,6228,2,2
657,463,6228,3,3
2346,1842,19289,0,1
2346,1842,19289,1,1
2346,1842,19289,2,2
2346,1842,19289,3,3
658,771,6234,0,1
658,771,6234,1,9
658,521,6235,0,1
658,524,6236,0,4
658,538,6237,0,6
658,546,6238,0,5
658,546,6238,1,5
658,546,6238,2,2
658,546,6238,3,7
658,546,6238,4,2
658,546,6238,5,2
658,546,6238,6,5
658,546,6238,7,2
658,546,6238,8,5
658,546,6238,9,2
658,546,6238,10,7
658,546,6238,11,2
658,548,6239,0,6
2347,2261,19292,0,1
2347,2261,19292,1,9
2347,1896,19293,0,1
2347,1899,19294,0,4
2347,1910,19295,0,6
2347,1918,19296,0,5
2347,1918,19296,1,5
2347,1918,19296,2,2
2347,1918,19296,3,7
2347,1918,19296,4,2
2347,1918,19296,5,2
2347,1918,19296,6,5
2347,1918,19296,7,2
2347,1918,19296,8,5
2347,1918,19296,9,2
2347,1918,19296,10,7
2347,1918,19296,11,2
2347,1920,19297,0,6
659,393,6254,0,9
659,400,6255,0,13
659,404,6256,0,5
659,404,6256,1,2
659,404,6256,2,2
659,404,6256,3,3
659,404,6256,4,2
659,414,6257,0,9
659,563,6258,0,8
2348,1774,19312,0,9
2348,1781,19313,0,13
2348,1785,19314,0,5
2348,1785,19314,1,2
2348,1785,19314,2,2
2348,1785,19314,3,3
2348,1785,19314,4,2
2348,1795,19315,0,9
2348,1933,19316,0,8
660,395,6264,0,6
660,395,6264,1,15
660,396,6265,0,10
660,397,6266,0,18
660,399,6267,0,37
660,399,6267,1,1
660,399,6267,2,4
660,401,6268,0,121
660,401,6268,1,34
660,414,6269,0,33
660,443,6270,0,20
2349,1776,19322,0,6
2349,1776,19322,1,15
2349,1777,19323,0,10
2349,1778,19324,0,18
2349,1780,19325,0,37
2349,1780,19325,1,1
2349,1780,19325,2,4
2349,1782,19326,0,121
2349,1782,19326,1,34
2349,1795,19327,0,33
2349,1822,19328,0,20
661,393,6292,0,2
661,393,6292,1,2
661,393,6292,2,2
661,393,6292,3,5
661,393,6292,4,5
661,393,6292,5,3
661,393,6292,6,6
661,393,6292,7,4
661,393,6292,8,2
661,393,6292,9,2
661,395,6293,0,2
661,395,6293,1,2
661,396,6294,0,4
661,397,6295,0,4
661,398,6296,0,6
661,399,6297,0,17
661,400,6298,0,11
661,401,6299,0,4
661,401,6299,1,7
661,401,6299,2,2
661,401,6299,3,2
661,401,6299,4,3
661,401,6299,5,2
661,402,6300,0,2
661,402,6300,1,6
661,402,6300,2,6
661,403,6301,0,6
661,405,6302,0,4
661,405,6302,1,4
661,407,6303,0,2
661,408,6304,0,4
661,408,6304,1,3
661,411,6305,0,6
661,411,6305,1,4
661,414,6306,0,5
661,414,6306,1,5
661,414,6306,2,5
661,414,6306,3,2
661,786,6307,0,2
661,787,6308,0,6
661,989,6309,0,2
661,443,6310,0,2
661,443,6310,1,2
661,456,6311,0,4
661,1027,6312,0,6
661,469,6313,0,4
661,469,6313,1,3
661,479,6314,0,12
661,479,6314,1,2
661,545,6315,0,2
661,546,6316,0,7
661,546,6316,1,3
661,977,6317,0,2
661,986,6318,0,2
661,978,6319,0,2
661,987,6320,0,2
661,979,6321,0,2
661,788,6322,0,4
661,788,6322,1,4
661,563,6323,0,2
661,563,6323,1,2
661,563,6323,2,2
661,563,6323,3,3
661,563,6323,4,2
2350,1774,19340,0,2
2350,1774,19340,1,2
2350,1774,19340,2,2
2350,1774,19340,3,5
2350,1774,19340,4,5
2350,1774,19340,5,3
2350,1774,19340,6,6
2350,1774,19340,7,4
2350,1774,19340,8,2
2350,1774,19340,9,2
2350,1776,19341,0,2
2350,1776,19341,1,2
2350,1777,19342,0,4
2350,1778,19343,0,4
2350,1779,19344,0,6
2350,1780,19345,0,17
2350,1781,19346,0,11
2350,1782,19347,0,4
2350,1782,19347,1,7
2350,1782,19347,2,2
2350,1782,19347,3,2
2350,1782,19347,4,3
2350,1782,19347,5,2
2350,1783,19348,0,2
2350,1783,19348,1,6
2350,1783,19348,2,6
2350,1784,19349,0,6
2350,1786,19350,0,4
2350,1786,19350,1,4
2350,1788,19351,0,2
2350,1789,19352,0,4
2350,1789,19352,1,3
2350,1792,19353,0,6
2350,1792,19353,1,4
2350,1795,19354,0,5
2350,1795,19354,1,5
2350,1795,19354,2,5
2350,1795,19354,3,2
2350,2275,19355,0,2
2350,2276,19356,0,6
2350,2474,19357,0,2
2350,1822,19358,0,2
2350,1822,19358,1,2
2350,1835,19359,0,4
2350,2512,19360,0,6
2350,1848,19361,0,4
2350,1848,19361,1,3
2350,1857,19362,0,12
2350,1857,19362,1,2
2350,1917,19363,0,2
2350,1918,19364,0,7
2350,1918,19364,1,3
2350,2462,19365,0,2
2350,2471,19366,0,2
2350,2463,19367,0,2
2350,2472,19368,0,2
2350,2464,19369,0,2
2350,2277,19370,0,4
2350,2277,19370,1,4
2350,1933,19371,0,2
2350,1933,19371,1,2
2350,1933,19371,2,2
2350,1933,19371,3,3
2350,1933,19371,4,2
662,393,6240,0,4
662,393,6240,1,2
662,393,6240,2,2
662,393,6240,3,3
662,393,6240,4,8
662,393,6240,5,9
662,393,6240,6,2
662,393,6240,7,2
662,393,6240,8,16
662,393,6240,9,2
662,397,6241,0,1
662,414,6242,0,6
662,414,6242,1,2
662,414,6242,2,6
662,481,6243,0,6
662,788,6244,0,9
662,563,6245,0,8
662,563,6245,1,3
662,563,6245,2,6
662,563,6245,3,4
662,563,6245,4,3
662,563,6245,5,3
662,563,6245,6,3
662,563,6245,7,3
662,563,6245,8,2
662,563,6245,9,11
662,563,6245,10,2
662,563,6245,11,7
662,566,6246,0,11
662,566,6246,1,5
662,566,6246,2,5
2351,1774,19298,0,4
2351,1774,19298,1,2
2351,1774,19298,2,2
2351,1774,19298,3,3
2351,1774,19298,4,8
2351,1774,19298,5,9
2351,1774,19298,6,2
2351,1774,19298,7,2
2351,1774,19298,8,16
2351,1774,19298,9,2
2351,1778,19299,0,1
2351,1795,19300,0,6
2351,1795,19300,1,2
2351,1795,19300,2,6
2351,1859,19301,0,6
2351,2277,19302,0,9
2351,1933,19303,0,8
2351,1933,19303,1,3
2351,1933,19303,2,6
2351,1933,19303,3,4
2351,1933,19303,4,3
2351,1933,19303,5,3
2351,1933,19303,6,3
2351,1933,19303,7,3
2351,1933,19303,8,2
2351,1933,19303,9,11
2351,1933,19303,10,2
2351,1933,19303,11,7
2351,1936,19304,0,11
2351,1936,19304,1,5
2351,1936,19304,2,5
663,388,6326,0,26
663,388,6326,1,2
663,388,6326,2,2
663,388,6326,3,5
663,758,6327,0,4
663,391,6328,0,22
663,391,6328,1,21
663,391,6328,2,4
663,391,6328,3,4
663,393,6329,0,6
663,393,6329,1,2
663,393,6329,2,3
663,393,6329,3,4
663,398,6330,0,6
663,398,6330,1,2
663,399,6331,0,6
663,403,6332,0,20
663,405,6333,0,17
663,405,6333,1,2
663,406,6334,0,12
663,407,6335,0,31
663,407,6335,1,10
663,407,6335,2,9
663,410,6336,0,17
663,412,6337,0,26
663,412,6337,1,31
663,412,6337,2,5
663,412,6337,3,3
663,412,6337,4,29
663,412,6337,5,3
663,412,6337,6,4
663,414,6338,0,4
663,783,6339,0,7
663,443,6340,0,7
663,443,6340,1,2
663,469,6341,0,2
663,1062,6342,0,2
663,479,6343,0,4
663,546,6344,0,9
663,546,6344,1,2
663,563,6345,0,2
663,563,6345,1,2
663,563,6345,2,1
663,563,6345,3,1
663,563,6345,4,3
663,563,6345,5,3
663,629,6346,0,14
663,629,6346,1,18
2352,1769,19389,0,26
2352,1769,19389,1,2
2352,1769,19389,2,2
2352,1769,19389,3,5
2352,2248,19390,0,4
2352,1772,19391,0,22
2352,1772,19391,1,21
2352,1772,19391,2,4
2352,1772,19391,3,4
2352,1774,19392,0,6
2352,1774,19392,1,2
2352,1774,19392,2,3
2352,1774,19392,3,4
2352,1779,19393,0,6
2352,1779,19393,1,2
2352,1780,19394,0,6
2352,1784,19395,0,20
2352,1786,19396,0,17
2352,1786,19396,1,2
2352,1787,19397,0,12
2352,1788,19398,0,31
2352,1788,19398,1,10
2352,1788,19398,2,9
2352,1791,19399,0,17
2352,1793,19400,0,26
2352,1793,19400,1,31
2352,1793,19400,2,5
2352,1793,19400,3,3
2352,1793,19400,4,29
2352,1793,19400,5,3
2352,1793,19400,6,4
2352,1795,19401,0,4
2352,2272,19402,0,7
2352,1822,19403,0,7
2352,1822,19403,1,2
2352,1848,19404,0,2
2352,2546,19405,0,2
2352,1857,19406,0,4
2352,1918,19407,0,9
2352,1918,19407,1,2
2352,1933,19408,0,2
2352,1933,19408,1,2
2352,1933,19408,2,1
2352,1933,19408,3,1
2352,1933,19408,4,3
2352,1933,19408,5,3
2352,1997,19409,0,14
2352,1997,19409,1,18
664,1115,6280,0,1
664,1115,6280,1,14
664,388,6283,0,3
664,401,6284,0,1
664,410,6285,0,3
664,410,6285,1,1
664,411,6286,0,6
664,411,6286,1,1
664,783,6287,0,4
664,783,6287,1,4
2353,2595,19379,0,1
2353,2595,19379,1,14
2353,1769,19382,0,3
2353,1782,19383,0,1
2353,1791,19384,0,3
2353,1791,19384,1,1
2353,1792,19385,0,6
2353,1792,19385,1,1
2353,2272,19386,0,4
2353,2272,19386,1,4
667,393,6454,0,3
667,393,6454,1,1
667,393,6454,2,2
667,393,6454,3,2
667,393,6454,4,2
667,393,6454,5,1
667,393,6454,6,2
667,393,6454,7,1
667,393,6454,8,1
667,393,6454,9,2
667,393,6454,10,1
667,393,6454,11,1
667,393,6454,12,1
667,393,6454,13,2
667,393,6454,14,2
667,393,6454,15,2
667,393,6454,16,1
667,393,6454,17,1
667,393,6454,18,4
667,393,6454,19,2
667,393,6454,20,2
667,393,6454,21,2
667,393,6454,22,5
667,393,6454,23,2
667,403,6455,0,6
667,422,6456,0,5
667,422,6456,1,15
667,422,6456,2,7
667,422,6456,3,1
667,479,6457,0,41
667,479,6457,1,12
667,479,6457,2,2
667,481,6458,0,13
667,546,6459,0,22
667,546,6459,1,6
667,546,6459,2,3
2356,1774,19443,0,3
2356,1774,19443,1,1
2356,1774,19443,2,2
2356,1774,19443,3,2
2356,1774,19443,4,2
2356,1774,19443,5,1
2356,1774,19443,6,2
2356,1774,19443,7,1
2356,1774,19443,8,1
2356,1774,19443,9,2
2356,1774,19443,10,1
2356,1774,19443,11,1
2356,1774,19443,12,1
2356,1774,19443,13,2
2356,1774,19443,14,2
2356,1774,19443,15,2
2356,1774,19443,16,1
2356,1774,19443,17,1
2356,1774,19443,18,4
2356,1774,19443,19,2
2356,1774,19443,20,2
2356,1774,19443,21,2
2356,1774,19443,22,5
2356,1774,19443,23,2
2356,1784,19444,0,6
2356,1802,19445,0,5
2356,1802,19445,1,15
2356,1802,19445,2,7
2356,1802,19445,3,1
2356,1857,19446,0,41
2356,1857,19446,1,12
2356,1857,19446,2,2
2356,1859,19447,0,13
2356,1918,19448,0,22
2356,1918,19448,1,6
2356,1918,19448,2,3
669,758,6436,0,64
669,391,6437,0,13
669,394,6438,0,3
669,398,6439,0,2
669,403,6440,0,1
669,403,6440,1,6
669,443,6441,0,46
669,443,6441,1,4
669,479,6442,0,14
2358,2248,19504,0,64
2358,1772,19505,0,13
2358,1775,19506,0,3
2358,1779,19507,0,2
2358,1784,19508,0,1
2358,1784,19508,1,6
2358,1822,19509,0,46
2358,1822,19509,1,4
2358,1857,19510,0,14
670,395,6358,0,2
2359,1776,19416,0,2
671,391,6353,0,2
671,391,6353,1,8
671,391,6353,2,8
2360,1772,19411,0,2
2360,1772,19411,1,8
2360,1772,19411,2,8
672,212,6413,0,4
672,212,6413,1,2
672,213,6414,0,31
672,393,6419,0,1
672,393,6419,1,1
672,393,6419,2,6
672,791,6421,0,3
672,1063,6423,0,22
672,563,6424,0,2
672,563,6424,1,2
672,563,6424,2,2
672,563,6424,3,11
672,568,6425,0,2
672,568,6425,1,1
2361,1609,19481,0,4
2361,1609,19481,1,2
2361,1610,19482,0,31
2361,1774,19487,0,1
2361,1774,19487,1,1
2361,1774,19487,2,6
2361,2280,19489,0,3
2361,2547,19491,0,22
2361,1933,19492,0,2
2361,1933,19492,1,2
2361,1933,19492,2,2
2361,1933,19492,3,11
2361,1938,19493,0,2
2361,1938,19493,1,1
673,210,6366,0,20
673,211,6367,0,20
673,212,6368,0,20
673,213,6369,0,21
673,803,6370,0,20
673,214,6371,0,20
673,215,6372,0,20
673,216,6373,0,20
673,217,6374,0,20
2362,1607,19424,0,20
2362,1608,19425,0,20
2362,1609,19426,0,20
2362,1610,19427,0,21
2362,2292,19428,0,20
2362,1611,19429,0,20
2362,1612,19430,0,20
2362,1613,19431,0,20
2362,1614,19432,0,20
674,1121,6460,0,84
674,1122,6461,0,953
674,1123,6462,0,2021
674,1124,6463,0,113
674,1125,6464,0,42
674,1126,6465,0,484
674,1127,6466,0,729
674,1128,6467,0,422
674,1129,6468,0,519
674,1130,6469,0,330
2363,2601,19514,0,84
2363,2602,19515,0,953
2363,2603,19516,0,2021
2363,2604,19517,0,113
2363,2605,19518,0,42
2363,2606,19519,0,484
2363,2607,19520,0,729
2363,2608,19521,0,422
2363,2609,19522,0,519
2363,2610,19523,0,330
675,213,6379,0,6
675,214,6380,0,1
675,215,6381,0,4
675,217,6382,0,2
675,568,6384,0,4
2364,1610,19451,0,6
2364,1611,19452,0,1
2364,1612,19453,0,4
2364,1614,19454,0,2
2364,1938,19456,0,4
676,481,6388,0,2
2365,1859,19460,0,2
677,1112,6389,0,20
677,471,6390,0,20
2366,2593,19524,0,20
2366,1850,19525,0,20
678,393,6392,0,10
2367,1774,19530,0,10
679,391,6471,0,2
679,393,6472,0,5
679,434,6473,0,4
679,434,6473,1,19
2368,1772,19538,0,2
2368,1774,19539,0,5
2368,1813,19540,0,4
2368,1813,19540,1,19
680,392,6477,0,2
680,392,6477,1,2
680,392,6477,2,2
2369,1773,19526,0,2
2369,1773,19526,1,2
2369,1773,19526,2,2
681,215,6476,0,3
2370,1612,19528,0,3
682,403,6485,0,1
682,414,6486,0,2
682,439,6487,0,5
682,448,6488,0,5
682,448,6488,1,7
682,448,6488,2,24
682,448,6488,3,5
682,460,6489,0,9
682,461,6490,0,4
682,816,6491,0,4
682,466,6492,0,4
682,481,6493,0,12
682,980,6494,0,2
682,980,6494,1,7
2371,1784,19550,0,1
2371,1795,19551,0,2
2371,1818,19552,0,5
2371,1827,19553,0,5
2371,1827,19553,1,7
2371,1827,19553,2,24
2371,1827,19553,3,5
2371,1839,19554,0,9
2371,1840,19555,0,4
2371,2304,19556,0,4
2371,1845,19557,0,4
2371,1859,19558,0,12
2371,2465,19559,0,2
2371,2465,19559,1,7
683,481,6483,0,2
683,481,6483,1,2
2372,1859,19536,0,2
2372,1859,19536,1,2
684,460,6532,0,2
2373,1839,19601,0,2
685,388,6538,0,6
685,388,6538,1,6
685,393,6539,0,10
685,393,6539,1,2
685,393,6539,2,2
685,393,6539,3,1
685,393,6539,4,6
685,421,6540,0,3
685,422,6541,0,3
685,424,6542,0,3
685,424,6542,1,3
685,439,6543,0,3
685,481,6544,0,2
685,481,6544,1,2
685,481,6544,2,3
685,481,6544,3,38
685,548,6545,0,3
685,793,6546,0,2
2374,1769,19562,0,6
2374,1769,19562,1,6
2374,1774,19563,0,10
2374,1774,19563,1,2
2374,1774,19563,2,2
2374,1774,19563,3,1
2374,1774,19563,4,6
2374,1801,19564,0,3
2374,1802,19565,0,3
2374,1804,19566,0,3
2374,1804,19566,1,3
2374,1818,19567,0,3
2374,1859,19568,0,2
2374,1859,19568,1,2
2374,1859,19568,2,3
2374,1859,19568,3,38
2374,1920,19569,0,3
2374,2282,19570,0,2
686,393,6498,0,3
686,481,6499,0,8
2375,1774,19547,0,3
2375,1859,19548,0,8
687,477,6501,0,9
2376,1855,19543,0,9
690,425,6548,0,18
690,795,6549,0,4
2379,1805,19603,0,18
2379,2284,19604,0,4
691,407,6558,0,26
691,422,6559,0,4
691,425,6560,0,36
691,563,6561,0,5
2380,1788,19614,0,26
2380,1802,19615,0,4
2380,1805,19616,0,36
2380,1933,19617,0,5
695,414,6567,0,5
695,414,6567,1,5
2384,1795,19639,0,5
2384,1795,19639,1,5
696,968,6571,0,11
696,968,6571,1,2
696,968,6571,2,2
2385,2453,19637,0,11
2385,2453,19637,1,2
2385,2453,19637,2,2
697,481,6575,0,1
697,481,6575,1,1
697,788,6576,0,4
2386,1859,19649,0,1
2386,1859,19649,1,1
2386,2277,19650,0,4
698,1068,6579,0,2
698,1068,6579,1,2
698,1068,6579,2,2
698,1068,6579,3,4
698,563,6580,0,5
2387,2552,19644,0,2
2387,2552,19644,1,2
2387,2552,19644,2,2
2387,2552,19644,3,4
2387,1933,19645,0,5
700,393,6598,0,3
700,393,6598,1,10
700,791,6599,0,3
700,481,6600,0,2
700,481,6600,1,1
700,481,6600,2,1
700,555,6601,0,3
700,563,6602,0,3
2389,1774,19663,0,3
2389,1774,19663,1,10
2389,2280,19664,0,3
2389,1859,19665,0,2
2389,1859,19665,1,1
2389,1859,19665,2,1
2389,1926,19666,0,3
2389,1933,19667,0,3
701,968,6607,0,2
701,968,6607,1,14
701,968,6607,2,6
701,808,6608,0,2
701,808,6608,1,15
2390,2453,19657,0,2
2390,2453,19657,1,14
2390,2453,19657,2,6
2390,2296,19658,0,2
2390,2296,19658,1,15
704,425,6625,0,6
2393,1805,19675,0,6
708,402,6617,0,2
708,402,6617,1,10
708,402,6617,2,1
708,425,6618,0,2
708,425,6618,1,17
2397,1783,19687,0,2
2397,1783,19687,1,10
2397,1783,19687,2,1
2397,1805,19688,0,2
2397,1805,19688,1,17
709,402,6613,0,1
2398,1783,19682,0,1
711,402,6656,0,2
711,443,6657,0,4
711,481,6660,0,2
711,522,6663,0,6
711,522,6663,1,15
711,546,6664,0,2
711,546,6664,1,7
711,546,6664,2,2
711,546,6664,3,3
711,563,6665,0,8
711,563,6665,1,4
2400,1783,19697,0,2
2400,1822,19698,0,4
2400,1859,19701,0,2
2400,1897,19704,0,6
2400,1897,19704,1,15
2400,1918,19705,0,2
2400,1918,19705,1,7
2400,1918,19705,2,2
2400,1918,19705,3,3
2400,1933,19706,0,8
2400,1933,19706,1,4
713,393,6634,0,5
713,393,6634,1,1
713,393,6634,2,1
713,792,6635,0,6
2402,1774,19708,0,5
2402,1774,19708,1,1
2402,1774,19708,2,1
2402,2281,19709,0,6
714,393,6636,0,2
714,393,6636,1,2
714,393,6636,2,2
714,393,6636,3,2
714,393,6636,4,2
714,393,6636,5,2
714,474,6637,0,2
714,474,6637,1,2
714,474,6637,2,2
714,474,6637,3,2
714,791,6638,0,2
714,791,6638,1,2
714,791,6638,2,2
714,793,6639,0,2
714,793,6639,1,14
714,793,6639,2,8
714,793,6639,3,2
2403,1774,19711,0,2
2403,1774,19711,1,2
2403,1774,19711,2,2
2403,1774,19711,3,2
2403,1774,19711,4,2
2403,1774,19711,5,2
2403,1852,19712,0,2
2403,1852,19712,1,2
2403,1852,19712,2,2
2403,1852,19712,3,2
2403,2280,19713,0,2
2403,2280,19713,1,2
2403,2280,19713,2,2
2403,2282,19714,0,2
2403,2282,19714,1,14
2403,2282,19714,2,8
2403,2282,19714,3,2
715,791,6633,0,14
2404,2280,19710,0,14
716,393,6640,0,6
716,393,6640,1,3
716,393,6640,2,7
716,474,6641,0,3
716,474,6641,1,2
716,474,6641,2,2
716,474,6641,3,4
716,791,6642,0,41
716,791,6642,1,5
716,791,6642,2,3
716,791,6642,3,30
716,563,6643,0,3
716,563,6643,1,3
716,563,6643,2,3
2405,1774,19715,0,6
2405,1774,19715,1,3
2405,1774,19715,2,7
2405,1852,19716,0,3
2405,1852,19716,1,2
2405,1852,19716,2,2
2405,1852,19716,3,4
2405,2280,19717,0,41
2405,2280,19717,1,5
2405,2280,19717,2,3
2405,2280,19717,3,30
2405,1933,19718,0,3
2405,1933,19718,1,3
2405,1933,19718,2,3
717,392,6666,0,3
717,392,6666,1,1
717,392,6666,2,21
717,392,6666,3,6
717,392,6666,4,6
717,392,6666,5,13
717,392,6666,6,1
717,453,6667,0,2
717,453,6667,1,3
717,453,6667,2,51
717,453,6667,3,2
717,453,6667,4,2
717,453,6667,5,6
717,481,6668,0,6
717,481,6668,1,4
717,481,6668,2,19
717,481,6668,3,2
717,546,6669,0,3
717,546,6669,1,3
717,546,6669,2,3
717,546,6669,3,3
717,546,6669,4,3
717,546,6669,5,3
717,546,6669,6,3
717,546,6669,7,3
717,546,6669,8,3
717,546,6669,9,3
717,546,6669,10,3
717,546,6669,11,3
717,546,6669,12,3
717,546,6669,13,3
717,546,6669,14,3
717,546,6669,15,3
717,546,6669,16,3
717,546,6669,17,3
717,546,6669,18,3
717,546,6669,19,3
717,546,6669,20,3
717,546,6669,21,3
717,546,6669,22,3
717,546,6669,23,3
717,546,6669,24,1
717,546,6669,25,3
717,546,6669,26,2
2406,1773,19746,0,3
2406,1773,19746,1,1
2406,1773,19746,2,21
2406,1773,19746,3,6
2406,1773,19746,4,6
2406,1773,19746,5,13
2406,1773,19746,6,1
2406,1832,19747,0,2
2406,1832,19747,1,3
2406,1832,19747,2,51
2406,1832,19747,3,2
2406,1832,19747,4,2
2406,1832,19747,5,6
2406,1859,19748,0,6
2406,1859,19748,1,4
2406,1859,19748,2,19
2406,1859,19748,3,2
2406,1918,19749,0,3
2406,1918,19749,1,3
2406,1918,19749,2,3
2406,1918,19749,3,3
2406,1918,19749,4,3
2406,1918,19749,5,3
2406,1918,19749,6,3
2406,1918,19749,7,3
2406,1918,19749,8,3
2406,1918,19749,9,3
2406,1918,19749,10,3
2406,1918,19749,11,3
2406,1918,19749,12,3
2406,1918,19749,13,3
2406,1918,19749,14,3
2406,1918,19749,15,3
2406,1918,19749,16,3
2406,1918,19749,17,3
2406,1918,19749,18,3
2406,1918,19749,19,3
2406,1918,19749,20,3
2406,1918,19749,21,3
2406,1918,19749,22,3
2406,1918,19749,23,3
2406,1918,19749,24,1
2406,1918,19749,25,3
2406,1918,19749,26,2
718,393,6646,0,11
718,393,6646,1,14
718,393,6646,2,13
718,629,6647,0,1
718,629,6647,1,15
718,629,6647,2,11
718,629,6647,3,4
718,629,6647,4,2
718,629,6647,5,21
718,629,6647,6,6
2407,1774,19722,0,11
2407,1774,19722,1,14
2407,1774,19722,2,13
2407,1997,19723,0,1
2407,1997,19723,1,15
2407,1997,19723,2,11
2407,1997,19723,3,4
2407,1997,19723,4,2
2407,1997,19723,5,21
2407,1997,19723,6,6
719,403,6696,0,2
719,846,6697,0,5
719,846,6697,1,4
719,846,6697,2,88
719,481,6698,0,2
2408,1784,19754,0,2
2408,2333,19755,0,5
2408,2333,19755,1,4
2408,2333,19755,2,88
2408,1859,19756,0,2
720,1071,6678,0,2
720,1071,6678,1,7
720,808,6680,0,1
720,808,6680,1,6
720,808,6680,2,13
720,808,6680,3,2
720,808,6680,4,17
720,1081,6681,0,8
720,1081,6681,1,3
720,1081,6681,2,2
2409,2554,19728,0,2
2409,2554,19728,1,7
2409,2296,19730,0,1
2409,2296,19730,1,6
2409,2296,19730,2,13
2409,2296,19730,3,2
2409,2296,19730,4,17
2409,2562,19731,0,8
2409,2562,19731,1,3
2409,2562,19731,2,2
722,403,6684,0,7
722,403,6684,1,8
722,459,6685,0,2
722,459,6685,1,5
722,459,6685,2,20
722,459,6685,3,32
722,844,6686,0,2
722,844,6686,1,2
722,844,6686,2,4
722,986,6687,0,1
722,986,6687,1,3
722,986,6687,2,13
722,986,6687,3,100
722,845,6689,0,3
722,845,6689,1,10
722,845,6689,2,4
722,845,6689,3,35
722,845,6689,4,3
722,563,6690,0,5
722,563,6690,1,5
722,563,6690,2,10
722,563,6690,3,1
722,563,6690,4,2
722,563,6690,5,11
722,629,6691,0,5
722,629,6691,1,4
722,629,6691,2,1
722,629,6691,3,2
722,629,6691,4,3
722,629,6691,5,3
722,629,6691,6,3
722,629,6691,7,13
722,629,6691,8,7
722,629,6691,9,3
722,629,6691,10,4
722,629,6691,11,3
722,629,6691,12,3
722,629,6691,13,3
722,629,6691,14,51
2411,1784,19734,0,7
2411,1784,19734,1,8
2411,1838,19735,0,2
2411,1838,19735,1,5
2411,1838,19735,2,20
2411,1838,19735,3,32
2411,2331,19736,0,2
2411,2331,19736,1,2
2411,2331,19736,2,4
2411,2471,19737,0,1
2411,2471,19737,1,3
2411,2471,19737,2,13
2411,2471,19737,3,100
2411,2332,19739,0,3
2411,2332,19739,1,10
2411,2332,19739,2,4
2411,2332,19739,3,35
2411,2332,19739,4,3
2411,1933,19740,0,5
2411,1933,19740,1,5
2411,1933,19740,2,10
2411,1933,19740,3,1
2411,1933,19740,4,2
2411,1933,19740,5,11
2411,1997,19741,0,5
2411,1997,19741,1,4
2411,1997,19741,2,1
2411,1997,19741,3,2
2411,1997,19741,4,3
2411,1997,19741,5,3
2411,1997,19741,6,3
2411,1997,19741,7,13
2411,1997,19741,8,7
2411,1997,19741,9,3
2411,1997,19741,10,4
2411,1997,19741,11,3
2411,1997,19741,12,3
2411,1997,19741,13,3
2411,1997,19741,14,51
723,563,6672,0,6
723,563,6672,1,2
723,563,6672,2,4
723,563,6672,3,13
723,563,6672,4,3
723,563,6672,5,2
723,563,6672,6,9
723,563,6672,7,2
723,629,6673,0,6
2412,1933,19744,0,6
2412,1933,19744,1,2
2412,1933,19744,2,4
2412,1933,19744,3,13
2412,1933,19744,4,3
2412,1933,19744,5,2
2412,1933,19744,6,9
2412,1933,19744,7,2
2412,1997,19745,0,6
724,563,6700,0,1
724,563,6700,1,1
724,563,6700,2,3
724,563,6700,3,1
724,563,6700,4,3
724,568,6701,0,1
2413,1933,19758,0,1
2413,1933,19758,1,1
2413,1933,19758,2,3
2413,1933,19758,3,1
2413,1933,19758,4,3
2413,1938,19759,0,1
725,400,6713,0,2
725,412,6714,0,2
725,412,6714,1,1
725,412,6714,2,6
725,412,6714,3,9
725,412,6714,4,17
725,412,6714,5,29
725,412,6714,6,2
725,412,6714,7,185
725,453,6715,0,1
725,453,6715,1,2
725,453,6715,2,2
725,481,6716,0,6
725,481,6716,1,5
725,563,6718,0,6
725,563,6718,1,1
725,563,6718,2,1
725,563,6718,3,2
725,563,6718,4,10
725,563,6718,5,11
725,568,6719,0,23
725,568,6719,1,1
725,568,6719,2,4
2414,1781,19779,0,2
2414,1793,19780,0,2
2414,1793,19780,1,1
2414,1793,19780,2,6
2414,1793,19780,3,9
2414,1793,19780,4,17
2414,1793,19780,5,29
2414,1793,19780,6,2
2414,1793,19780,7,185
2414,1832,19781,0,1
2414,1832,19781,1,2
2414,1832,19781,2,2
2414,1859,19782,0,6
2414,1859,19782,1,5
2414,1933,19784,0,6
2414,1933,19784,1,1
2414,1933,19784,2,1
2414,1933,19784,3,2
2414,1933,19784,4,10
2414,1933,19784,5,11
2414,1938,19785,0,23
2414,1938,19785,1,1
2414,1938,19785,2,4
726,481,6703,0,2
726,513,6705,0,6
726,513,6705,1,2
726,513,6705,2,1
726,568,6706,0,2
2415,1859,19761,0,2
2415,1889,19763,0,6
2415,1889,19763,1,2
2415,1889,19763,2,1
2415,1938,19764,0,2
727,443,6750,0,2
727,443,6750,1,1
727,443,6750,2,43
727,443,6750,3,2
727,766,6751,0,1
727,766,6751,1,11
727,766,6751,2,21
727,767,6752,0,10
727,767,6752,1,2
727,767,6752,2,1
727,767,6752,3,1
727,767,6752,4,61
727,767,6752,5,1
727,767,6752,6,4
727,767,6752,7,4
727,752,6755,0,1
727,752,6755,1,43
727,752,6755,2,7
727,752,6755,3,4
727,752,6755,4,30
727,1063,6757,0,1
727,563,6759,0,1
2416,1822,19816,0,2
2416,1822,19816,1,1
2416,1822,19816,2,43
2416,1822,19816,3,2
2416,2256,19817,0,1
2416,2256,19817,1,11
2416,2256,19817,2,21
2416,2257,19818,0,10
2416,2257,19818,1,2
2416,2257,19818,2,1
2416,2257,19818,3,1
2416,2257,19818,4,61
2416,2257,19818,5,1
2416,2257,19818,6,4
2416,2257,19818,7,4
2416,2242,19821,0,1
2416,2242,19821,1,43
2416,2242,19821,2,7
2416,2242,19821,3,4
2416,2242,19821,4,30
2416,2547,19823,0,1
2416,1933,19825,0,1
728,1142,6708,0,354
728,808,6709,0,2
728,808,6709,1,15
728,1073,6710,0,6
2417,2622,19766,0,354
2417,2296,19767,0,2
2417,2296,19767,1,15
2417,2555,19768,0,6
729,412,6722,0,1
729,412,6722,1,2
729,421,6723,0,8
729,424,6724,0,36
729,443,6725,0,5
729,443,6725,1,2
729,443,6725,2,6
729,443,6725,3,1
729,443,6725,4,15
729,443,6725,5,1
729,443,6725,6,1
729,443,6725,7,5
729,443,6725,8,2
729,766,6726,0,4
729,766,6726,1,1
729,766,6726,2,2
729,767,6727,0,2
729,767,6727,1,2
729,767,6727,2,1
729,767,6727,3,3
729,767,6727,4,2
729,767,6727,5,2
729,767,6727,6,12
729,767,6727,7,2
729,767,6727,8,2
2418,1793,19771,0,1
2418,1793,19771,1,2
2418,1801,19772,0,8
2418,1804,19773,0,36
2418,1822,19774,0,5
2418,1822,19774,1,2
2418,1822,19774,2,6
2418,1822,19774,3,1
2418,1822,19774,4,15
2418,1822,19774,5,1
2418,1822,19774,6,1
2418,1822,19774,7,5
2418,1822,19774,8,2
2418,2256,19775,0,4
2418,2256,19775,1,1
2418,2256,19775,2,2
2418,2257,19776,0,2
2418,2257,19776,1,2
2418,2257,19776,2,1
2418,2257,19776,3,3
2418,2257,19776,4,2
2418,2257,19776,5,2
2418,2257,19776,6,12
2418,2257,19776,7,2
2418,2257,19776,8,2
730,391,6742,0,10
730,391,6742,1,9
730,391,6742,2,10
730,391,6742,3,8
730,391,6742,4,26
730,414,6743,0,2
730,414,6743,1,4
730,414,6743,2,1
730,443,6745,0,4
730,443,6745,1,15
730,443,6745,2,2
730,767,6746,0,2
730,767,6746,1,2
730,767,6746,2,43
730,767,6746,3,87
2419,1772,19788,0,10
2419,1772,19788,1,9
2419,1772,19788,2,10
2419,1772,19788,3,8
2419,1772,19788,4,26
2419,1795,19789,0,2
2419,1795,19789,1,4
2419,1795,19789,2,1
2419,1822,19791,0,4
2419,1822,19791,1,15
2419,1822,19791,2,2
2419,2257,19792,0,2
2419,2257,19792,1,2
2419,2257,19792,2,43
2419,2257,19792,3,87
731,443,6763,0,14
731,443,6763,1,11
731,443,6763,2,4
731,767,6764,0,1
731,1063,6766,0,29
731,1143,6767,0,4
731,1143,6767,1,26
731,1143,6767,2,24
731,1143,6767,3,6
731,1143,6767,4,11
2420,1822,19809,0,14
2420,1822,19809,1,11
2420,1822,19809,2,4
2420,2257,19810,0,1
2420,2547,19812,0,29
2420,2623,19813,0,4
2420,2623,19813,1,26
2420,2623,19813,2,24
2420,2623,19813,3,6
2420,2623,19813,4,11
732,393,6729,0,5
732,393,6729,1,4
732,393,6729,2,1
732,393,6729,3,4
732,393,6729,4,1
732,393,6729,5,12
732,393,6729,6,13
732,393,6729,7,3
732,802,6730,0,2
732,802,6730,1,2
732,443,6731,0,1
732,468,6732,0,2
732,1143,6733,0,2
732,631,6734,0,2
2421,1774,19795,0,5
2421,1774,19795,1,4
2421,1774,19795,2,1
2421,1774,19795,3,4
2421,1774,19795,4,1
2421,1774,19795,5,12
2421,1774,19795,6,13
2421,1774,19795,7,3
2421,2291,19796,0,2
2421,2291,19796,1,2
2421,1822,19797,0,1
2421,1847,19798,0,2
2421,2623,19799,0,2
2421,1999,19800,0,2
733,414,6737,0,8
733,414,6737,1,4
733,563,6739,0,2
733,563,6739,1,2
733,563,6739,2,2
733,563,6739,3,2
733,563,6739,4,2
733,563,6739,5,2
733,563,6739,6,2
733,563,6739,7,2
733,563,6739,8,2
733,563,6739,9,4
733,563,6739,10,1
2422,1795,19803,0,8
2422,1795,19803,1,4
2422,1933,19805,0,2
2422,1933,19805,1,2
2422,1933,19805,2,2
2422,1933,19805,3,2
2422,1933,19805,4,2
2422,1933,19805,5,2
2422,1933,19805,6,2
2422,1933,19805,7,2
2422,1933,19805,8,2
2422,1933,19805,9,4
2422,1933,19805,10,1
734,802,6771,0,1
734,802,6771,1,2
734,980,6772,0,25
734,980,6772,1,21
734,980,6772,2,1
734,980,6772,3,5
734,980,6772,4,12
734,986,6773,0,2
734,986,6773,1,50
734,986,6773,2,57
2423,2291,19829,0,1
2423,2291,19829,1,2
2423,2465,19830,0,25
2423,2465,19830,1,21
2423,2465,19830,2,1
2423,2465,19830,3,5
2423,2465,19830,4,12
2423,2471,19831,0,2
2423,2471,19831,1,50
2423,2471,19831,2,57
735,1142,6774,0,1
735,1142,6774,1,8
735,1142,6774,2,22
735,1142,6774,3,3
735,1142,6774,4,33
735,1142,6774,5,30
735,1142,6774,6,4
735,1142,6774,7,2
735,1142,6774,8,2
735,808,6775,0,3
2424,2622,19832,0,1
2424,2622,19832,1,8
2424,2622,19832,2,22
2424,2622,19832,3,3
2424,2622,19832,4,33
2424,2622,19832,5,30
2424,2622,19832,6,4
2424,2622,19832,7,2
2424,2622,19832,8,2
2424,2296,19833,0,3
736,980,6781,0,5
736,980,6781,1,1
736,980,6781,2,2
736,980,6781,3,4
736,980,6781,4,3
736,986,6782,0,2
736,986,6782,1,3
736,986,6782,2,6
736,986,6782,3,5
736,986,6782,4,1
736,986,6782,5,1
736,986,6782,6,2
736,986,6782,7,3
736,556,6783,0,2
736,556,6783,1,1
736,556,6783,2,36
736,845,6784,0,2
736,845,6784,1,2
736,563,6785,0,2
736,563,6785,1,1
736,568,6786,0,2
736,568,6786,1,29
736,568,6786,2,9
736,568,6786,3,34
736,568,6786,4,2
736,568,6786,5,41
2425,2465,19839,0,5
2425,2465,19839,1,1
2425,2465,19839,2,2
2425,2465,19839,3,4
2425,2465,19839,4,3
2425,2471,19840,0,2
2425,2471,19840,1,3
2425,2471,19840,2,6
2425,2471,19840,3,5
2425,2471,19840,4,1
2425,2471,19840,5,1
2425,2471,19840,6,2
2425,2471,19840,7,3
2425,1927,19841,0,2
2425,1927,19841,1,1
2425,1927,19841,2,36
2425,2332,19842,0,2
2425,2332,19842,1,2
2425,1933,19843,0,2
2425,1933,19843,1,1
2425,1938,19844,0,2
2425,1938,19844,1,29
2425,1938,19844,2,9
2425,1938,19844,3,34
2425,1938,19844,4,2
2425,1938,19844,5,41
737,400,6817,0,2
737,400,6817,1,13
737,414,6818,0,7
737,414,6818,1,3
737,414,6818,2,3
737,414,6818,3,3
737,414,6818,4,6
737,414,6818,5,6
737,414,6818,6,7
737,414,6818,7,7
737,414,6818,8,17
737,414,6818,9,1
737,1144,6820,0,317
737,438,6821,0,5
737,440,6822,0,3
737,440,6822,1,12
737,456,6823,0,1
737,456,6823,1,28
737,456,6823,2,5
737,456,6823,3,3
737,456,6823,4,3
737,456,6823,5,5
737,456,6823,6,1
737,456,6823,7,7
737,456,6823,8,20
737,469,6824,0,4
737,547,6827,0,4
737,547,6827,1,6
737,547,6827,2,6
737,547,6827,3,6
2426,1781,19875,0,2
2426,1781,19875,1,13
2426,1795,19876,0,7
2426,1795,19876,1,3
2426,1795,19876,2,3
2426,1795,19876,3,3
2426,1795,19876,4,6
2426,1795,19876,5,6
2426,1795,19876,6,7
2426,1795,19876,7,7
2426,1795,19876,8,17
2426,1795,19876,9,1
2426,2624,19878,0,317
2426,1817,19879,0,5
2426,1819,19880,0,3
2426,1819,19880,1,12
2426,1835,19881,0,1
2426,1835,19881,1,28
2426,1835,19881,2,5
2426,1835,19881,3,3
2426,1835,19881,4,3
2426,1835,19881,5,5
2426,1835,19881,6,1
2426,1835,19881,7,7
2426,1835,19881,8,20
2426,1848,19882,0,4
2426,1919,19885,0,4
2426,1919,19885,1,6
2426,1919,19885,2,6
2426,1919,19885,3,6
738,393,6801,0,2
738,393,6801,1,2
738,413,6802,0,3
738,413,6802,1,2
738,413,6802,2,2
738,413,6802,3,4
738,414,6803,0,6
738,414,6803,1,2
738,791,6804,0,2
738,791,6804,1,2
738,791,6804,2,6
738,791,6804,3,6
738,791,6804,4,2
738,791,6804,5,2
738,791,6804,6,6
738,791,6804,7,6
738,791,6804,8,8
738,1144,6805,0,4
738,1144,6805,1,4
738,438,6806,0,10
738,438,6806,1,18
738,443,6807,0,1
738,443,6807,1,1
738,443,6807,2,14
738,443,6807,3,1
738,459,6808,0,4
738,459,6808,1,4
738,459,6808,2,16
738,459,6808,3,1
738,459,6808,4,3
738,459,6808,5,12
738,459,6808,6,24
738,767,6809,0,7
738,563,6812,0,2
738,563,6812,1,6
738,563,6812,2,2
738,563,6812,3,2
738,568,6813,0,1
738,629,6814,0,14
738,629,6814,1,20
738,629,6814,2,32
2427,1774,19847,0,2
2427,1774,19847,1,2
2427,1794,19848,0,3
2427,1794,19848,1,2
2427,1794,19848,2,2
2427,1794,19848,3,4
2427,1795,19849,0,6
2427,1795,19849,1,2
2427,2280,19850,0,2
2427,2280,19850,1,2
2427,2280,19850,2,6
2427,2280,19850,3,6
2427,2280,19850,4,2
2427,2280,19850,5,2
2427,2280,19850,6,6
2427,2280,19850,7,6
2427,2280,19850,8,8
2427,2624,19851,0,4
2427,2624,19851,1,4
2427,1817,19852,0,10
2427,1817,19852,1,18
2427,1822,19853,0,1
2427,1822,19853,1,1
2427,1822,19853,2,14
2427,1822,19853,3,1
2427,1838,19854,0,4
2427,1838,19854,1,4
2427,1838,19854,2,16
2427,1838,19854,3,1
2427,1838,19854,4,3
2427,1838,19854,5,12
2427,1838,19854,6,24
2427,2257,19855,0,7
2427,1933,19858,0,2
2427,1933,19858,1,6
2427,1933,19858,2,2
2427,1933,19858,3,2
2427,1938,19859,0,1
2427,1997,19860,0,14
2427,1997,19860,1,20
2427,1997,19860,2,32
739,1142,6777,0,2
739,1142,6777,1,2
739,1142,6777,2,33
739,1142,6777,3,6
739,1142,6777,4,2
739,1142,6777,5,59
739,1142,6777,6,2
739,1142,6777,7,2
739,1142,6777,8,36
739,1142,6777,9,2
2428,2622,19835,0,2
2428,2622,19835,1,2
2428,2622,19835,2,33
2428,2622,19835,3,6
2428,2622,19835,4,2
2428,2622,19835,5,59
2428,2622,19835,6,2
2428,2622,19835,7,2
2428,2622,19835,8,36
2428,2622,19835,9,2
740,1144,6831,0,1
740,1144,6831,1,1
740,767,6832,0,2
740,844,6834,0,6
740,980,6835,0,1
740,980,6835,1,6
740,980,6835,2,24
740,980,6835,3,50
740,980,6835,4,3
740,980,6835,5,3
740,553,6836,0,28
740,553,6836,1,118
740,553,6836,2,12
740,558,6837,0,21
740,559,6838,0,12
740,559,6838,1,13
740,559,6838,2,14
740,559,6838,3,21
740,559,6838,4,9
740,559,6838,5,12
740,559,6838,6,15
740,559,6838,7,5
740,559,6838,8,10
740,559,6838,9,15
740,559,6838,10,15
740,559,6838,11,21
740,568,6840,0,4
740,568,6840,1,1
740,568,6840,2,18
2429,2624,19912,0,1
2429,2624,19912,1,1
2429,2257,19913,0,2
2429,2331,19915,0,6
2429,2465,19916,0,1
2429,2465,19916,1,6
2429,2465,19916,2,24
2429,2465,19916,3,50
2429,2465,19916,4,3
2429,2465,19916,5,3
2429,1924,19917,0,28
2429,1924,19917,1,118
2429,1924,19917,2,12
2429,1929,19918,0,21
2429,1930,19919,0,12
2429,1930,19919,1,13
2429,1930,19919,2,14
2429,1930,19919,3,21
2429,1930,19919,4,9
2429,1930,19919,5,12
2429,1930,19919,6,15
2429,1930,19919,7,5
2429,1930,19919,8,10
2429,1930,19919,9,15
2429,1930,19919,10,15
2429,1930,19919,11,21
2429,1938,19921,0,4
2429,1938,19921,1,1
2429,1938,19921,2,18
741,393,6793,0,5
741,393,6793,1,9
741,407,6794,0,23
741,414,6795,0,7
741,414,6795,1,17
741,414,6795,2,2
741,505,6796,0,4
741,505,6796,1,4
741,558,6797,0,1
741,558,6797,1,2
741,558,6797,2,1
741,558,6797,3,10
741,558,6797,4,4
741,558,6797,5,2
741,558,6797,6,21
741,558,6797,7,3
741,558,6797,8,9
741,558,6797,9,30
741,559,6798,0,2
741,559,6798,1,2
741,559,6798,2,2
741,559,6798,3,2
2430,1774,19867,0,5
2430,1774,19867,1,9
2430,1788,19868,0,23
2430,1795,19869,0,7
2430,1795,19869,1,17
2430,1795,19869,2,2
2430,1881,19870,0,4
2430,1881,19870,1,4
2430,1929,19871,0,1
2430,1929,19871,1,2
2430,1929,19871,2,1
2430,1929,19871,3,10
2430,1929,19871,4,4
2430,1929,19871,5,2
2430,1929,19871,6,21
2430,1929,19871,7,3
2430,1929,19871,8,9
2430,1929,19871,9,30
2430,1930,19872,0,2
2430,1930,19872,1,2
2430,1930,19872,2,2
2430,1930,19872,3,2
742,390,6873,0,3
742,391,6874,0,2
742,391,6874,1,2
742,391,6874,2,2
742,391,6874,3,2
742,391,6874,4,9
742,391,6874,5,15
742,391,6874,6,24
742,393,6875,0,11
742,393,6875,1,10
742,394,6876,0,2
742,394,6876,1,2
742,394,6876,2,2
742,394,6876,3,6
742,400,6877,0,1
742,400,6877,1,21
742,402,6878,0,4
742,402,6878,1,41
742,402,6878,2,3
742,403,6879,0,1
742,403,6879,1,4
742,403,6879,2,13
742,403,6879,3,21
742,403,6879,4,23
742,403,6879,5,8
742,403,6879,6,32
742,407,6880,0,32
742,1145,6881,0,242
742,412,6882,0,21
742,414,6883,0,42
742,414,6883,1,4
742,414,6883,2,2
742,414,6883,3,2
742,414,6883,4,27
742,414,6883,5,35
742,414,6883,6,13
742,414,6883,7,24
742,782,6884,0,2
742,782,6884,1,4
742,791,6885,0,1
742,1144,6887,0,19
742,1144,6887,1,133
742,1144,6887,2,40
742,1144,6887,3,3
742,1144,6887,4,1
742,1144,6887,5,25
742,1144,6887,6,107
742,438,6888,0,1
742,440,6889,0,2
742,440,6889,1,3
742,443,6890,0,2
742,443,6890,1,2
742,459,6891,0,2
742,459,6891,1,11
742,481,6892,0,2
742,481,6892,1,92
742,481,6892,2,21
742,481,6892,3,25
742,481,6892,4,23
742,481,6892,5,3
742,481,6892,6,30
742,512,6895,0,5
742,788,6897,0,2
742,788,6897,1,1
742,563,6898,0,14
742,566,6899,0,33
742,568,6900,0,1
742,568,6900,1,12
742,568,6900,2,2
742,568,6900,3,4
742,568,6900,4,3
742,568,6900,5,10
742,568,6900,6,2
2431,1771,19945,0,3
2431,1772,19946,0,2
2431,1772,19946,1,2
2431,1772,19946,2,2
2431,1772,19946,3,2
2431,1772,19946,4,9
2431,1772,19946,5,15
2431,1772,19946,6,24
2431,1774,19947,0,11
2431,1774,19947,1,10
2431,1775,19948,0,2
2431,1775,19948,1,2
2431,1775,19948,2,2
2431,1775,19948,3,6
2431,1781,19949,0,1
2431,1781,19949,1,21
2431,1783,19950,0,4
2431,1783,19950,1,41
2431,1783,19950,2,3
2431,1784,19951,0,1
2431,1784,19951,1,4
2431,1784,19951,2,13
2431,1784,19951,3,21
2431,1784,19951,4,23
2431,1784,19951,5,8
2431,1784,19951,6,32
2431,1788,19952,0,32
2431,2625,19953,0,242
2431,1793,19954,0,21
2431,1795,19955,0,42
2431,1795,19955,1,4
2431,1795,19955,2,2
2431,1795,19955,3,2
2431,1795,19955,4,27
2431,1795,19955,5,35
2431,1795,19955,6,13
2431,1795,19955,7,24
2431,2271,19956,0,2
2431,2271,19956,1,4
2431,2280,19957,0,1
2431,2624,19959,0,19
2431,2624,19959,1,133
2431,2624,19959,2,40
2431,2624,19959,3,3
2431,2624,19959,4,1
2431,2624,19959,5,25
2431,2624,19959,6,107
2431,1817,19960,0,1
2431,1819,19961,0,2
2431,1819,19961,1,3
2431,1822,19962,0,2
2431,1822,19962,1,2
2431,1838,19963,0,2
2431,1838,19963,1,11
2431,1859,19964,0,2
2431,1859,19964,1,92
2431,1859,19964,2,21
2431,1859,19964,3,25
2431,1859,19964,4,23
2431,1859,19964,5,3
2431,1859,19964,6,30
2431,1888,19967,0,5
2431,2277,19969,0,2
2431,2277,19969,1,1
2431,1933,19970,0,14
2431,1936,19971,0,33
2431,1938,19972,0,1
2431,1938,19972,1,12
2431,1938,19972,2,2
2431,1938,19972,3,4
2431,1938,19972,4,3
2431,1938,19972,5,10
2431,1938,19972,6,2
743,393,6843,0,3
743,403,6844,0,47
743,414,6845,0,7
743,414,6845,1,2
743,791,6846,0,8
743,791,6846,1,6
743,1144,6847,0,4
743,1144,6847,1,3
743,512,6850,0,2
743,512,6850,1,37
743,512,6850,2,2
743,980,6851,0,3
743,986,6852,0,4
743,986,6852,1,10
743,557,6853,0,2
743,557,6853,1,104
743,558,6854,0,6
743,562,6855,0,2
743,562,6855,1,14
743,563,6856,0,14
2432,1774,19888,0,3
2432,1784,19889,0,47
2432,1795,19890,0,7
2432,1795,19890,1,2
2432,2280,19891,0,8
2432,2280,19891,1,6
2432,2624,19892,0,4
2432,2624,19892,1,3
2432,1888,19895,0,2
2432,1888,19895,1,37
2432,1888,19895,2,2
2432,2465,19896,0,3
2432,2471,19897,0,4
2432,2471,19897,1,10
2432,1928,19898,0,2
2432,1928,19898,1,104
2432,1929,19899,0,6
2432,1932,19900,0,2
2432,1932,19900,1,14
2432,1933,19901,0,14
744,393,6862,0,40
744,1145,6863,0,10
744,1145,6863,1,2
744,414,6864,0,2
744,791,6865,0,11
744,791,6865,1,18
744,791,6865,2,6
744,791,6865,3,2
744,791,6865,4,5
744,791,6865,5,1
744,791,6865,6,2
744,986,6866,0,12
744,845,6867,0,3
744,845,6867,1,2
744,845,6867,2,17
744,845,6867,3,14
744,845,6867,4,216
744,845,6867,5,4
744,845,6867,6,93
744,562,6868,0,2
744,562,6868,1,1
744,563,6869,0,4
744,563,6869,1,6
744,563,6869,2,4
744,563,6869,3,2
744,563,6869,4,2
744,563,6869,5,2
744,563,6869,6,1
744,563,6869,7,1
744,563,6869,8,1
744,563,6869,9,4
744,563,6869,10,3
744,563,6869,11,1
744,563,6869,12,1
744,563,6869,13,10
744,563,6869,14,3
744,563,6869,15,13
744,563,6869,16,4
744,563,6869,17,2
744,563,6869,18,2
744,563,6869,19,2
744,563,6869,20,13
744,563,6869,21,2
744,563,6869,22,2
744,563,6869,23,4
744,563,6869,24,2
744,563,6869,25,2
744,563,6869,26,13
744,563,6869,27,8
744,563,6869,28,4
744,563,6869,29,4
744,563,6869,30,4
744,563,6869,31,2
744,563,6869,32,2
744,563,6869,33,2
744,563,6869,34,2
744,563,6869,35,1
744,563,6869,36,5
744,563,6869,37,91
744,563,6869,38,2
744,563,6869,39,1
744,568,6870,0,1
744,568,6870,1,1
744,568,6870,2,2
2433,1774,19931,0,40
2433,2625,19932,0,10
2433,2625,19932,1,2
2433,1795,19933,0,2
2433,2280,19934,0,11
2433,2280,19934,1,18
2433,2280,19934,2,6
2433,2280,19934,3,2
2433,2280,19934,4,5
2433,2280,19934,5,1
2433,2280,19934,6,2
2433,2471,19935,0,12
2433,2332,19936,0,3
2433,2332,19936,1,2
2433,2332,19936,2,17
2433,2332,19936,3,14
2433,2332,19936,4,216
2433,2332,19936,5,4
2433,2332,19936,6,93
2433,1932,19937,0,2
2433,1932,19937,1,1
2433,1933,19938,0,4
2433,1933,19938,1,6
2433,1933,19938,2,4
2433,1933,19938,3,2
2433,1933,19938,4,2
2433,1933,19938,5,2
2433,1933,19938,6,1
2433,1933,19938,7,1
2433,1933,19938,8,1
2433,1933,19938,9,4
2433,1933,19938,10,3
2433,1933,19938,11,1
2433,1933,19938,12,1
2433,1933,19938,13,10
2433,1933,19938,14,3
2433,1933,19938,15,13
2433,1933,19938,16,4
2433,1933,19938,17,2
2433,1933,19938,18,2
2433,1933,19938,19,2
2433,1933,19938,20,13
2433,1933,19938,21,2
2433,1933,19938,22,2
2433,1933,19938,23,4
2433,1933,19938,24,2
2433,1933,19938,25,2
2433,1933,19938,26,13
2433,1933,19938,27,8
2433,1933,19938,28,4
2433,1933,19938,29,4
2433,1933,19938,30,4
2433,1933,19938,31,2
2433,1933,19938,32,2
2433,1933,19938,33,2
2433,1933,19938,34,2
2433,1933,19938,35,1
2433,1933,19938,36,5
2433,1933,19938,37,91
2433,1933,19938,38,2
2433,1933,19938,39,1
2433,1938,19939,0,1
2433,1938,19939,1,1
2433,1938,19939,2,2
745,845,6859,0,21
745,845,6859,1,14
745,845,6859,2,3
745,845,6859,3,7
745,845,6859,4,2
745,845,6859,5,2
745,845,6859,6,6
745,845,6859,7,95
745,845,6859,8,14
745,563,6860,0,17
745,563,6860,1,2
745,563,6860,2,2
745,563,6860,3,25
745,563,6860,4,8
745,563,6860,5,18
745,563,6860,6,24
745,563,6860,7,9
745,563,6860,8,16
745,563,6860,9,12
745,563,6860,10,6
745,563,6860,11,4
745,563,6860,12,2
745,563,6860,13,2
745,563,6860,14,2
745,563,6860,15,2
745,563,6860,16,3
745,563,6860,17,3
745,563,6860,18,3
745,563,6860,19,3
745,563,6860,20,52
745,563,6860,21,2
2434,2332,19924,0,21
2434,2332,19924,1,14
2434,2332,19924,2,3
2434,2332,19924,3,7
2434,2332,19924,4,2
2434,2332,19924,5,2
2434,2332,19924,6,6
2434,2332,19924,7,95
2434,2332,19924,8,14
2434,1933,19925,0,17
2434,1933,19925,1,2
2434,1933,19925,2,2
2434,1933,19925,3,25
2434,1933,19925,4,8
2434,1933,19925,5,18
2434,1933,19925,6,24
2434,1933,19925,7,9
2434,1933,19925,8,16
2434,1933,19925,9,12
2434,1933,19925,10,6
2434,1933,19925,11,4
2434,1933,19925,12,2
2434,1933,19925,13,2
2434,1933,19925,14,2
2434,1933,19925,15,2
2434,1933,19925,16,3
2434,1933,19925,17,3
2434,1933,19925,18,3
2434,1933,19925,19,3
2434,1933,19925,20,52
2434,1933,19925,21,2
746,414,6903,0,24
746,1144,6904,0,1
746,544,6906,0,2
746,544,6906,1,4
746,562,6907,0,2
746,562,6907,1,5
746,562,6907,2,1
2435,1795,19904,0,24
2435,2624,19905,0,1
2435,1916,19907,0,2
2435,1916,19907,1,4
2435,1932,19908,0,2
2435,1932,19908,1,5
2435,1932,19908,2,1
747,1147,6987,0,646
747,1148,6989,0,483
747,522,6990,0,3
747,522,6990,1,2
747,522,6990,2,4
747,525,6991,0,2
747,525,6991,1,271
747,525,6991,2,222
747,526,6992,0,2
747,526,6992,1,2
747,526,6992,2,1
2436,2627,19973,0,646
2436,2628,19975,0,483
2436,1897,19976,0,3
2436,1897,19976,1,2
2436,1897,19976,2,4
2436,1900,19977,0,2
2436,1900,19977,1,271
2436,1900,19977,2,222
2436,1901,19978,0,2
2436,1901,19978,1,2
2436,1901,19978,2,1
748,1063,6913,0,1
748,1149,6914,0,196
2437,2547,19928,0,1
2437,2629,19929,0,196
749,1150,6908,0,96
749,1151,6909,0,174
2438,2630,19940,0,96
2438,2631,19941,0,174
750,393,6964,0,17
750,393,6964,1,2
750,393,6964,2,20
750,407,6965,0,19
750,407,6965,1,5
750,407,6965,2,24
750,407,6965,3,2
750,407,6965,4,13
750,413,6966,0,23
750,424,6967,0,4
750,424,6967,1,19
750,786,6968,0,15
750,787,6969,0,15
750,474,6970,0,3
750,474,6970,1,2
750,474,6970,2,2
750,474,6970,3,2
750,474,6970,4,2
750,474,6970,5,4
750,791,6971,0,2
750,791,6971,1,2
750,791,6971,2,38
750,791,6971,3,15
750,791,6971,4,7
750,791,6971,5,10
750,791,6971,6,17
750,791,6971,7,3
750,791,6971,8,25
750,791,6971,9,27
750,791,6971,10,4
750,791,6971,11,15
750,443,6972,0,2
750,463,6973,0,4
750,463,6973,1,1
750,463,6973,2,9
750,463,6973,3,3
750,463,6973,4,2
750,477,6974,0,13
750,479,6975,0,39
750,481,6976,0,18
750,481,6976,1,11
750,481,6976,2,16
750,481,6976,3,6
750,481,6976,4,7
750,481,6976,5,2
750,481,6976,6,2
750,481,6976,7,2
750,481,6976,8,4
750,481,6976,9,9
750,481,6976,10,1
750,481,6976,11,29
750,481,6976,12,2
750,1147,6978,0,5
750,1147,6978,1,6
750,1147,6978,2,19
750,1147,6978,3,2
750,1147,6978,4,5
750,1147,6978,5,4
750,1147,6978,6,8
750,1147,6978,7,11
750,1147,6978,8,1
750,1147,6978,9,1
750,1147,6978,10,2
750,1148,6979,0,4
750,1148,6979,1,4
750,1148,6979,2,3
750,1148,6979,3,2
750,1148,6979,4,1
750,522,6980,0,2
750,523,6981,0,2
750,525,6982,0,18
750,525,6982,1,4
750,525,6982,2,22
750,525,6982,3,1
750,525,6982,4,20
750,845,6983,0,8
750,845,6983,1,6
750,845,6983,2,1
750,845,6983,3,15
750,845,6983,4,14
750,845,6983,5,2
750,845,6983,6,2
750,845,6983,7,1
750,562,6984,0,2
750,562,6984,1,7
750,563,6985,0,2
750,563,6985,1,2
750,563,6985,2,2
750,563,6985,3,6
750,563,6985,4,2
750,563,6985,5,2
750,563,6985,6,2
750,563,6985,7,5
750,568,6986,0,1
750,568,6986,1,4
