765,780,2768,0,14
765,780,2768,1,45
765,780,2768,2,1
766,780,2767,0,2
767,737,2773,0,15
768,777,2772,0,2
775,905,2776,0,19
775,905,2776,1,8
776,823,2778,0,3
776,823,2778,1,3
776,823,2778,2,3
777,736,2781,0,21
779,823,2782,0,6
779,823,2782,1,10
779,823,2782,2,16
779,823,2782,3,6
1417,2057,4990,0,2
1417,2057,4990,1,2
1418,2057,4993,0,2
1418,2057,4993,1,2
781,777,2784,0,5
781,777,2784,1,4
781,777,2784,2,2
781,777,2784,3,2
781,777,2784,4,2
781,777,2784,5,6
782,777,2783,0,2
782,777,2783,1,14
782,777,2783,2,2
782,777,2783,3,7
783,984,2875,0,135
783,985,2876,0,378
783,806,2877,0,4
783,806,2877,1,4
783,775,2878,0,433
783,739,2880,0,4
783,812,2883,0,5
783,812,2883,1,5
783,812,2883,2,14
783,812,2883,3,1
783,986,2885,0,68
783,982,2886,0,2
783,817,2887,0,5
784,733,2785,0,2
786,867,2788,0,2
789,860,2816,0,20
789,860,2816,1,12
792,985,2821,0,9
792,806,2822,0,2
792,806,2822,1,4
792,806,2822,2,1
792,806,2822,3,5
792,806,2822,4,17
792,806,2822,5,6
792,806,2822,6,9
792,775,2823,0,2
792,775,2823,1,2
792,775,2823,2,2
792,775,2823,3,3
792,775,2823,4,28
792,817,2824,0,1
792,817,2824,1,1
792,817,2824,2,23
792,817,2824,3,8
792,817,2824,4,4
795,868,2835,0,4
795,897,2836,0,2
795,897,2836,1,6
795,897,2836,2,8
795,897,2836,3,2
795,897,2836,4,2
795,897,2836,5,2
1422,2147,5006,0,23
1422,2148,5007,0,1
1422,2148,5007,1,4
1422,2148,5007,2,6
1422,2148,5007,3,2
1422,2148,5007,4,2
1422,2148,5007,5,5
1422,2148,5007,6,3
1422,2148,5007,7,2
1422,2148,5007,8,2
1422,2148,5007,9,4
1422,2149,5008,0,4
1422,2149,5008,1,5
1422,2149,5008,2,2
1422,2149,5008,3,2
1422,2149,5008,4,2
1422,2151,5009,0,3
1422,2151,5009,1,5
1422,2151,5009,2,4
1422,2151,5009,3,4
1422,2151,5009,4,4
1422,2152,5010,0,5
1422,2152,5010,1,3
1422,2152,5010,2,4
1422,2152,5010,3,3
1422,2152,5010,4,4
1422,2152,5010,5,8
1422,2152,5010,6,9
1423,2212,4995,0,2
1423,2215,4996,0,2
1423,2217,4997,0,2
796,733,2827,0,3
796,733,2827,1,10
796,733,2827,2,9
796,733,2827,3,9
796,733,2827,4,1
796,733,2827,5,6
796,733,2827,6,1
796,733,2827,7,3
796,733,2827,8,14
797,820,2829,0,3
797,820,2829,1,1
799,821,2840,0,2
799,729,2841,0,10
799,733,2842,0,10
801,980,2832,0,4
803,820,2848,0,4
806,868,2852,0,1
806,993,2854,0,1
806,826,2855,0,2
806,727,2856,0,2
806,911,2857,0,1
806,824,2858,0,1
806,830,2859,0,1
806,833,2860,0,2
806,923,2861,0,1
806,986,2862,0,4
806,780,2863,0,1
806,787,2864,0,2
808,826,2850,0,2
809,828,2851,0,4
809,828,2851,1,2
809,828,2851,2,2
810,985,2873,0,1
810,985,2873,1,14
810,985,2873,2,4
810,985,2873,3,30
810,985,2873,4,1
810,775,2874,0,1
810,775,2874,1,21
811,743,2871,0,2
1425,2211,5011,0,16
1425,2213,5012,0,29
1425,2213,5012,1,4
1425,2213,5012,2,13
1425,2219,5013,0,1
1425,2219,5013,1,21
1425,2236,5014,0,120
844,1078,2995,0,1
846,1091,2997,0,2
847,1093,2999,0,5
847,1093,2999,1,2
847,1093,2999,2,1
848,1094,3003,0,25
848,1095,3004,0,7
848,1096,3005,0,7
848,1097,3006,0,4
848,1098,3007,0,1
848,1098,3007,1,14
849,1095,3001,0,2
1426,2104,5002,0,1
1426,2104,5002,1,2
1426,2104,5002,2,4
1426,2104,5002,3,4
1426,2112,5003,0,4
1427,2156,5000,0,1
1427,2156,5000,1,5
1427,2156,5000,2,5
1428,2104,5001,0,2
850,1100,3000,0,2
1429,2151,5004,0,2
1430,1881,5005,0,2
1430,1881,5005,1,1
1431,2021,5016,0,2
1431,2021,5016,1,2
1431,2021,5016,2,2
1431,2021,5016,3,4
851,1101,3009,0,9
852,1101,3002,0,11
852,1101,3002,1,4
853,1096,3011,0,5
853,1096,3011,1,4
853,1091,3012,0,3
853,1091,3012,1,12
854,1104,3008,0,4
854,1104,3008,1,2
855,1105,3016,0,2
855,1105,3016,1,2
855,1105,3016,2,4
855,1106,3017,0,2
855,1106,3017,1,2
855,1106,3017,2,2
855,1107,3018,0,1
855,1107,3018,1,4
855,1108,3019,0,2
855,1109,3020,0,2
855,1110,3021,0,2
855,1111,3022,0,2
855,1112,3023,0,2
855,1112,3023,1,2
856,1113,3015,0,1
856,1113,3015,1,1
857,1114,3010,0,2
858,1115,3030,0,5
858,1116,3031,0,2
858,1117,3032,0,2
858,1117,3032,1,2
858,1117,3032,2,2
858,1117,3032,3,2
858,1117,3032,4,2
858,1117,3032,5,3
858,1117,3032,6,3
858,1118,3033,0,3
858,1119,3034,0,2
861,1123,3035,0,1
861,1123,3035,1,2
861,1123,3035,2,4
861,1100,3036,0,2
862,1125,3026,0,13
862,1125,3026,1,2
862,1125,3026,2,2
862,1126,3027,0,2
862,1127,3028,0,4
866,1101,3041,0,2
866,1101,3041,1,2
866,1101,3041,2,4
866,1101,3041,3,2
866,1137,3042,0,1
866,1137,3042,1,4
866,1137,3042,2,3
866,1137,3042,3,2
867,1123,3040,0,3
867,1123,3040,1,2
871,1150,3050,0,9
871,1150,3050,1,1
874,1152,3057,0,44
877,1101,3059,0,4
877,1101,3059,1,19
877,1101,3059,2,4
877,1101,3059,3,28
877,1101,3059,4,7
877,1137,3060,0,8
877,1137,3060,1,6
877,1117,3061,0,2
877,1117,3061,1,8
877,1117,3061,2,11
877,1117,3061,3,10
878,1101,3064,0,7
1432,2213,5026,0,5
1432,2213,5026,1,18
1432,2213,5026,2,2
1432,2213,5026,3,16
1432,2220,5027,0,4
1432,2220,5027,1,6
879,1156,3063,0,1
880,1157,3072,0,35
880,1158,3073,0,10
880,1158,3073,1,4
880,1158,3073,2,3
883,1161,3067,0,11
884,1162,3069,0,2
884,1163,3070,0,2
885,1165,3075,0,6
885,1166,3076,0,22
885,1166,3076,1,4
885,1166,3076,2,184
885,1166,3076,3,2
886,1166,3068,0,5
887,1137,3071,0,1
888,1167,3077,0,4
889,1165,3079,0,66
889,1166,3080,0,66
890,1100,3081,0,2
891,1105,3078,0,2
1433,2238,5033,0,135
1433,2239,5034,0,119
1433,2240,5035,0,265
1433,2241,5036,0,111
1433,2244,5038,0,259
1433,2245,5039,0,279
1433,2246,5040,0,58
1433,2247,5041,0,60
1433,2248,5042,0,77
1433,2249,5043,0,629
894,1185,3083,0,109
1434,2104,5021,0,2
1434,2112,5022,0,2
1434,2238,5023,0,1
1434,2156,5025,0,2
896,1117,3084,0,4
899,1152,3086,0,8
900,1123,3107,0,2
900,1113,3108,0,2
900,1187,3109,0,10
900,1187,3109,1,26
900,1187,3109,2,6
900,1112,3110,0,2
900,1112,3110,1,6
900,1112,3110,2,8
900,1112,3110,3,6
900,1112,3110,4,6
900,1112,3110,5,2
900,1188,3111,0,2
901,1114,3102,0,21
901,1114,3102,1,14
901,1114,3102,2,2
901,1189,3103,0,16
901,1189,3103,1,3
903,1190,3101,0,2
904,1123,3104,0,2
1435,2156,5019,0,28
1435,2158,5020,0,6
1435,2158,5020,1,4
1435,2158,5020,2,8
1435,2158,5020,3,2
1435,2158,5020,4,2
1435,2158,5020,5,4
1435,2158,5020,6,2
1435,2158,5020,7,24
1436,2176,5017,0,20
1436,2176,5017,1,2
1440,2176,5032,0,4
1440,2176,5032,1,4
1440,2176,5032,2,1
1442,2110,5057,0,3
1442,2110,5057,1,1
1442,2110,5057,2,4
1444,2105,5065,0,2
1444,2106,5066,0,2
1444,2106,5066,1,4
1444,2106,5066,2,26
1444,2106,5066,3,2
1444,2106,5066,4,2
1444,2106,5066,5,4
905,1192,3112,0,31
905,1192,3112,1,57
906,1161,3125,0,2
910,1113,3127,0,4
912,1123,3130,0,11
912,1123,3130,1,9
913,1161,3134,0,2
913,1161,3134,1,5
913,1161,3134,2,5
913,1161,3134,3,4
913,1161,3134,4,2
915,1200,3137,0,108
915,1201,3138,0,17
915,1201,3138,1,2
915,1201,3138,2,2
915,1201,3138,3,2
915,1201,3138,4,4
915,1201,3138,5,4
915,1201,3138,6,6
915,1201,3138,7,6
915,1201,3138,8,6
915,1201,3138,9,10
918,1202,3146,0,2
918,1203,3147,0,2
918,1204,3148,0,2
918,1205,3149,0,2
919,1192,3153,0,1
919,1192,3153,1,2
919,1192,3153,2,2
919,1192,3153,3,6
919,1192,3153,4,6
919,1206,3154,0,4
919,1206,3154,1,4
919,1206,3154,2,9
920,1200,3150,0,2
922,1200,3141,0,2
923,1152,3156,0,61
923,1152,3156,1,4
923,1152,3156,2,4
923,1152,3156,3,67
923,1152,3156,4,1
923,1152,3156,5,2
924,1152,3152,0,4
924,1152,3152,1,4
924,1152,3152,2,4
929,1215,3162,0,13
930,1152,3169,0,18
930,1152,3169,1,7
930,1152,3169,2,1
930,1152,3169,3,41
930,1152,3169,4,1
930,1152,3169,5,16
931,1152,3161,0,2
933,1152,3165,0,7
933,1152,3165,1,4
933,1152,3165,2,17
934,1096,3167,0,20
934,1096,3167,1,13
935,1091,3163,0,4
936,1095,3166,0,23
937,1095,3170,0,5
937,1095,3170,1,7
938,1093,3168,0,2
938,1093,3168,1,12
939,1206,3171,0,19
939,1216,3173,0,1
939,1216,3173,1,4
941,1219,3175,0,21
941,1220,3176,0,224
943,1095,3179,0,2
943,1095,3179,1,4
943,1095,3179,2,3
943,1096,3180,0,3
946,1223,3184,0,9
946,1223,3184,1,52
946,1223,3184,2,2
947,1223,3178,0,8
948,1106,3183,0,3
949,1091,3194,0,2
949,1091,3194,1,4
949,1091,3194,2,2
949,1224,3196,0,41
949,1224,3196,1,1
949,1224,3196,2,2
949,1225,3197,0,4
949,1225,3197,1,6
949,1225,3197,2,2
949,1225,3197,3,2
949,1225,3197,4,2
949,1225,3197,5,2
949,1225,3197,6,2
949,1225,3197,7,20
949,1225,3197,8,6
949,1225,3197,9,2
949,1225,3197,10,6
949,1225,3197,11,35
949,1225,3197,12,53
949,1225,3197,13,12
949,1225,3197,14,2
949,1225,3197,15,10
949,1225,3197,16,2
949,1225,3197,17,4
949,1225,3197,18,2
949,1225,3197,19,2
949,1225,3197,20,2
949,1225,3197,21,4
949,1225,3197,22,10
949,1225,3197,23,2
949,1225,3197,24,4
949,1225,3197,25,4
949,1225,3197,26,14
949,1225,3197,27,4
949,1225,3197,28,4
949,1225,3197,29,8
949,1225,3197,30,2
949,1225,3197,31,2
949,1225,3197,32,4
949,1225,3197,33,10
949,1225,3197,34,2
949,1225,3197,35,4
949,1225,3197,36,8
949,1225,3197,37,10
949,1225,3197,38,4
949,1225,3197,39,6
949,1225,3197,40,6
949,1225,3197,41,20
949,1225,3197,42,2
949,1225,3197,43,4
949,1225,3197,44,4
949,1225,3197,45,8
949,1225,3197,46,12
949,1225,3197,47,2
949,1225,3197,48,4
951,1229,3191,0,15
951,1216,3192,0,1
951,1216,3192,1,4
954,1125,3206,0,2
954,1125,3206,1,8
954,1125,3206,2,6
954,1125,3206,3,4
954,1125,3206,4,2
954,1125,3206,5,2
954,1125,3206,6,2
954,1125,3206,7,2
954,1125,3206,8,6
954,1125,3206,9,2
954,1125,3206,10,10
956,1206,3204,0,4
957,1206,3208,0,14
957,1206,3208,1,4
957,1206,3208,2,10
957,1206,3208,3,1
957,1206,3208,4,2
957,1206,3208,5,2
957,1206,3208,6,2
957,1206,3208,7,4
961,1200,3207,0,3
961,1200,3207,1,7
961,1200,3207,2,27
964,1206,3249,0,1
964,1206,3249,1,13
964,1206,3249,2,4
964,1206,3249,3,2
964,1206,3249,4,4
964,1206,3249,5,4
964,1206,3249,6,6
964,1206,3249,7,4
964,1206,3249,8,4
964,1206,3249,9,7
964,1206,3249,10,4
964,1206,3249,11,5
964,1247,3251,0,29
964,1247,3251,1,3
964,1248,3252,0,6
964,1248,3252,1,2
964,1248,3252,2,55
964,1248,3252,3,6
964,1248,3252,4,57
964,1248,3252,5,18
964,1248,3252,6,2
964,1248,3252,7,4
964,1248,3252,8,4
964,1248,3252,9,4
964,1248,3252,10,4
964,1248,3252,11,8
964,1248,3252,12,6
964,1248,3252,13,6
964,1248,3252,14,6
964,1248,3252,15,4
964,1248,3252,16,4
964,1248,3252,17,4
964,1248,3252,18,4
964,1248,3252,19,4
964,1248,3252,20,8
964,1248,3252,21,6
964,1248,3252,22,6
964,1248,3252,23,4
964,1248,3252,24,4
964,1248,3252,25,10
964,1248,3252,26,2
964,1157,3253,0,4
964,1157,3253,1,26
964,1158,3254,0,36
964,1158,3254,1,8
964,1158,3254,2,5
967,1251,3235,0,4
967,1203,3236,0,1
967,1203,3236,1,1
967,1203,3236,2,15
967,1203,3236,3,12
967,1203,3236,4,4
967,1252,3237,0,1
967,1252,3237,1,26
967,1252,3237,2,11
967,1252,3237,3,4
967,1252,3237,4,6
967,1110,3238,0,3
967,1110,3238,1,2
967,1111,3239,0,4
968,1253,3244,0,10
968,1253,3244,1,55
968,1152,3245,0,7
968,1152,3245,1,5
968,1152,3245,2,4
968,1152,3245,3,17
968,1152,3245,4,3
968,1152,3245,5,6
968,1215,3246,0,4
968,1215,3246,1,6
968,1215,3246,2,2
968,1254,3247,0,28
968,1254,3247,1,10
969,1206,3229,0,3
971,1157,3241,0,4
971,1157,3241,1,17
973,1203,3242,0,1
973,1252,3243,0,1
974,1098,3255,0,2
974,1098,3255,1,64
974,1098,3255,2,3
974,1098,3255,3,5
975,1123,3270,0,3
975,1123,3270,1,2
975,1123,3270,2,2
975,1123,3270,3,2
975,1123,3270,4,2
975,1123,3270,5,11
975,1123,3270,6,5
975,1161,3271,0,2
975,1161,3271,1,4
975,1113,3272,0,2
975,1113,3272,1,8
975,1113,3272,2,2
975,1215,3273,0,2
975,1215,3273,1,8
975,1101,3274,0,2
975,1101,3274,1,2
975,1255,3275,0,2
975,1255,3275,1,2
975,1255,3275,2,2
975,1117,3276,0,2
975,1117,3276,1,8
975,1117,3276,2,4
975,1117,3276,3,2
975,1117,3276,4,2
975,1118,3277,0,4
975,1118,3277,1,2
975,1118,3277,2,2
975,1118,3277,3,2
975,1256,3278,0,4
975,1256,3278,1,2
975,1256,3278,2,2
975,1257,3279,0,6
975,1119,3280,0,7
975,1119,3280,1,2
975,1114,3281,0,2
975,1114,3281,1,12
975,1114,3281,2,2
975,1258,3282,0,109
975,1259,3283,0,13
975,1125,3284,0,13
975,1125,3284,1,7
975,1125,3284,2,4
975,1125,3284,3,2
975,1261,3285,0,20
975,1261,3285,1,19
975,1261,3285,2,2
975,1261,3285,3,4
975,1261,3285,4,2
975,1261,3285,5,2
975,1261,3285,6,27
975,1261,3285,7,25
975,1261,3285,8,9
975,1260,3286,0,210
975,1262,3287,0,2
975,1262,3287,1,2
1445,2106,5059,0,9
1445,2106,5059,1,1
1445,2106,5059,2,1
1445,2106,5059,3,1
977,1259,3258,0,2
978,1260,3262,0,2
979,1203,3257,0,8
979,1203,3257,1,4
980,1203,3259,0,4
981,1269,3260,0,3
983,1276,3265,0,32
983,1278,3267,0,69
985,1279,3295,0,111
986,1280,3294,0,4
986,1280,3294,1,4
987,1105,3300,0,40
987,1105,3300,1,2
987,1187,3301,0,17
987,1112,3302,0,33
988,1167,3296,0,7
988,1112,3297,0,1
988,1112,3297,1,2
989,1282,3323,0,32
989,1284,3325,0,28
989,1278,3326,0,4
989,1100,3327,0,6
989,1100,3327,1,17
989,1100,3327,2,4
989,1101,3328,0,2
989,1101,3328,1,2
989,1117,3329,0,2
989,1117,3329,1,45
989,1117,3329,2,2
989,1117,3329,3,2
989,1117,3329,4,2
989,1117,3329,5,4
989,1117,3329,6,2
989,1117,3329,7,4
989,1117,3329,8,14
989,1117,3329,9,4
989,1117,3329,10,2
989,1117,3329,11,2
989,1117,3329,12,2
989,1118,3330,0,8
989,1118,3330,1,2
990,1286,3298,0,1
991,1156,3303,0,4
991,1156,3303,1,1
993,1280,3299,0,4
994,1123,3339,0,2
994,1123,3339,1,2
994,1161,3340,0,2
994,1161,3340,1,4
994,1161,3340,2,2
994,1161,3340,3,2
994,1287,3341,0,2
994,1287,3341,1,6
994,1287,3341,2,2
994,1113,3342,0,2
994,1113,3342,1,2
994,1113,3342,2,2
994,1254,3343,0,10
994,1101,3344,0,2
994,1101,3344,1,2
994,1255,3345,0,2
994,1255,3345,1,2
994,1137,3346,0,2
994,1137,3346,1,8
994,1137,3346,2,2
994,1117,3347,0,2
994,1117,3347,1,2
994,1288,3348,0,2
994,1288,3348,1,2
994,1288,3348,2,2
994,1189,3349,0,2
994,1189,3349,1,2
994,1189,3349,2,6
994,1258,3350,0,2
994,1289,3351,0,87
994,1259,3352,0,12
994,1261,3353,0,2
994,1261,3353,1,4
994,1261,3353,2,2
994,1261,3353,3,2
994,1261,3353,4,2
994,1261,3353,5,2
994,1290,3354,0,24
994,1290,3354,1,2
994,1290,3354,2,2
994,1290,3354,3,2
994,1290,3354,4,2
994,1290,3354,5,2
994,1290,3354,6,26
994,1126,3355,0,150
994,1291,3356,0,2
994,1291,3356,1,2
994,1262,3357,0,2
994,1262,3357,1,2
995,1289,3314,0,2
995,1289,3314,1,2
995,1125,3315,0,8
995,1125,3315,1,40
995,1125,3315,2,7
995,1125,3315,3,4
995,1290,3316,0,8
995,1290,3316,1,2
995,1290,3316,2,2
995,1290,3316,3,2
995,1290,3316,4,2
995,1290,3316,5,2
995,1127,3317,0,4
995,1127,3317,1,4
995,1127,3317,2,4
995,1127,3317,3,2
995,1292,3318,0,5
995,1292,3318,1,5
995,1291,3319,0,2
996,1293,3307,0,90
997,1293,3305,0,18
997,1293,3305,1,11
998,1286,3306,0,2
999,1269,3309,0,3
999,1269,3309,1,3
999,1269,3309,2,2
999,1269,3309,3,2
999,1294,3310,0,3
823,775,2899,0,3
823,775,2899,1,3
823,775,2899,2,2
823,775,2899,3,2
1003,1152,3362,0,7
1003,1152,3362,1,4
1003,1152,3362,2,18
1003,1152,3362,3,6
1003,1152,3362,4,2
1003,1152,3362,5,17
1003,1152,3362,6,2
1003,1152,3362,7,3
1003,1152,3362,8,14
1003,1215,3363,0,3
1003,1215,3363,1,28
1003,1215,3363,2,28
1003,1254,3364,0,2
1003,1254,3364,1,4
1003,1254,3364,2,57
1005,1254,3367,0,6
824,775,2900,0,3
826,985,2902,0,2
827,986,2903,0,2
1006,1280,3368,0,3
829,920,2910,0,4
829,924,2911,0,74
829,925,2912,0,52
829,925,2912,1,9
829,925,2912,2,3
829,740,2913,0,2
829,796,2914,0,1
829,796,2914,1,39
829,796,2914,2,4
829,796,2914,3,4
829,797,2915,0,1
829,797,2915,1,26
829,797,2915,2,10
829,797,2915,3,4
829,797,2915,4,6
829,741,2916,0,5
829,741,2916,1,2
829,931,2917,0,6
830,860,2923,0,1
830,860,2923,1,27
830,860,2923,2,4
830,860,2923,3,4
830,860,2923,4,10
830,860,2923,5,1
830,860,2923,6,4
830,860,2923,7,19
830,860,2923,8,2
830,860,2923,9,4
830,860,2923,10,4
830,860,2923,11,11
830,860,2923,12,2
830,860,2923,13,6
830,860,2923,14,8
830,860,2923,15,7
830,860,2923,16,4
830,860,2923,17,5
830,1066,2925,0,29
830,1066,2925,1,3
830,863,2926,0,6
830,863,2926,1,2
830,863,2926,2,55
830,863,2926,3,6
830,863,2926,4,57
830,863,2926,5,18
830,863,2926,6,2
830,863,2926,7,4
830,863,2926,8,4
830,863,2926,9,4
830,863,2926,10,4
830,863,2926,11,8
830,863,2926,12,6
830,863,2926,13,6
830,863,2926,14,6
830,863,2926,15,4
830,863,2926,16,4
830,863,2926,17,4
830,863,2926,18,4
830,863,2926,19,4
830,863,2926,20,8
830,863,2926,21,6
830,863,2926,22,6
830,863,2926,23,4
830,863,2926,24,4
830,863,2926,25,10
830,863,2926,26,2
832,739,2907,0,4
820,1004,2930,0,1
820,1004,2930,1,27
820,1004,2930,2,4
820,1004,2930,3,4
820,1004,2930,4,10
820,1004,2930,5,1
820,1004,2930,6,4
820,1004,2930,7,19
820,1004,2930,8,2
820,1004,2930,9,4
820,1004,2930,10,4
820,1004,2930,11,11
820,1004,2930,12,2
820,1004,2930,13,6
820,1004,2930,14,8
820,1004,2930,15,7
820,1004,2930,16,4
820,1004,2930,17,5
820,1006,2932,0,29
820,1006,2932,1,3
820,1007,2933,0,6
820,1007,2933,1,2
820,1007,2933,2,55
820,1007,2933,3,6
820,1007,2933,4,57
820,1007,2933,5,18
820,1007,2933,6,2
820,1007,2933,7,4
820,1007,2933,8,4
820,1007,2933,9,4
820,1007,2933,10,4
820,1007,2933,11,8
820,1007,2933,12,6
820,1007,2933,13,6
820,1007,2933,14,6
820,1007,2933,15,4
820,1007,2933,16,4
820,1007,2933,17,4
820,1007,2933,18,4
820,1007,2933,19,4
820,1007,2933,20,8
820,1007,2933,21,6
820,1007,2933,22,6
820,1007,2933,23,4
820,1007,2933,24,4
820,1007,2933,25,10
820,1007,2933,26,2
820,1009,2934,0,4
820,1010,2935,0,2
820,1011,2936,0,3
820,1011,2936,1,3
820,1011,2936,2,3
820,1011,2936,3,2
820,1011,2936,4,2
820,1012,2937,0,74
820,1013,2938,0,52
820,1013,2938,1,9
820,1013,2938,2,3
820,1014,2939,0,4
820,1015,2940,0,2
820,1016,2941,0,1
820,1016,2941,1,39
820,1016,2941,2,4
820,1016,2941,3,4
820,1017,2942,0,1
820,1017,2942,1,26
820,1017,2942,2,10
820,1017,2942,3,4
820,1017,2942,4,6
820,1018,2943,0,5
820,1018,2943,1,2
820,1019,2944,0,6
820,1020,2945,0,2
1008,1282,3369,0,8
1009,1293,3378,0,11
1009,1293,3378,1,127
1012,1152,3405,0,2
1012,1152,3405,1,3
1012,1152,3405,2,26
1012,1152,3405,3,8
1012,1152,3405,4,2
1012,1152,3405,5,7
1012,1152,3405,6,22
1012,1152,3405,7,25
1012,1152,3405,8,17
1012,1152,3405,9,10
1012,1287,3406,0,1
1012,1287,3406,1,2
1012,1287,3406,2,1
1012,1287,3406,3,11
1012,1287,3406,4,16
1012,1287,3406,5,4
1012,1287,3406,6,15
1012,1287,3406,7,3
1012,1287,3406,8,2
1012,1287,3406,9,9
1012,1298,3407,0,7
1012,1113,3408,0,6
1012,1113,3408,1,15
1012,1113,3408,2,27
1012,1113,3408,3,12
1012,1113,3408,4,8
1012,1113,3408,5,8
1012,1299,3409,0,5
1012,1299,3409,1,4
1012,1100,3410,0,14
1012,1100,3410,1,34
1012,1100,3410,2,11
1012,1100,3410,3,1
1012,1115,3411,0,11
1012,1115,3411,1,6
1012,1115,3411,2,11
1012,1137,3412,0,1
1012,1137,3412,1,7
1012,1137,3412,2,24
1012,1117,3413,0,1
1012,1117,3413,1,4
1012,1117,3413,2,51
1012,1117,3413,3,6
1012,1117,3413,4,3
1012,1300,3414,0,64
1012,1301,3415,0,17
1012,1301,3415,1,3
1012,1301,3415,2,2
1012,1301,3415,3,2
1012,1302,3416,0,16
1012,1303,3417,0,33
1012,1304,3418,0,66
1012,1114,3419,0,9
1012,1114,3419,1,2
1012,1114,3419,2,9
1012,1114,3419,3,35
1012,1114,3419,4,4
1012,1114,3419,5,9
1012,1114,3419,6,27
1012,1114,3419,7,35
1012,1189,3420,0,7
1012,1189,3420,1,7
1012,1189,3420,2,1
1012,1189,3420,3,13
1012,1189,3420,4,85
1012,1189,3420,5,17
1012,1189,3420,6,36
1012,1189,3420,7,1
1012,1189,3420,8,11
1013,1299,3374,0,10
1013,1100,3375,0,2
1013,1100,3375,1,13
1013,1115,3376,0,11
1013,1117,3377,0,19
1014,1152,3381,0,2
1014,1152,3381,1,2
1014,1152,3381,2,10
1014,1152,3381,3,13
1014,1152,3381,4,11
1014,1200,3382,0,3
1014,1200,3382,1,48
1014,1307,3383,0,73
1015,1100,3389,0,2
1015,1117,3390,0,3
1015,1117,3390,1,8
1015,1117,3390,2,4
1015,1117,3390,3,13
1015,1117,3390,4,3
1015,1117,3390,5,3
1015,1114,3391,0,4
1015,1114,3391,1,4
1015,1114,3391,2,11
1015,1114,3391,3,12
1016,1307,3380,0,2
1018,1206,3398,0,1
1018,1206,3398,1,22
1018,1206,3398,2,2
1018,1108,3400,0,2
1018,1157,3401,0,2
1018,1157,3401,1,2
1018,1157,3401,2,8
1018,1157,3401,3,4
1018,1157,3401,4,66
1018,1158,3402,0,2
1018,1158,3402,1,2
1018,1158,3402,2,2
1018,1158,3402,3,2
1018,1158,3402,4,16
1018,1158,3402,5,8
1019,1152,3384,0,1
1019,1152,3384,1,1
1019,1100,3385,0,2
1019,1100,3385,1,2
1019,1100,3385,2,2
1020,1152,3386,0,7
1020,1152,3386,1,6
1021,1112,3387,0,2
1022,1251,3388,0,2
1023,1286,3393,0,1
1023,1126,3394,0,2
1025,1257,3396,0,2
1025,1257,3396,1,3
1026,1098,3397,0,6
1027,1256,3428,0,5
1027,1256,3428,1,3
1027,1256,3428,2,5
1027,1256,3428,3,11
1027,1256,3428,4,29
1027,1311,3429,0,119
1027,1119,3430,0,2
1027,1119,3430,1,2
1028,1312,3431,0,8
1028,1312,3431,1,6
1028,1312,3431,2,2
1028,1312,3431,3,12
1028,1203,3432,0,1
1036,1152,3450,0,5
1036,1157,3452,0,2
1036,1187,3453,0,4
1036,1187,3453,1,1
1036,1187,3453,2,1
1036,1187,3453,3,1
1036,1187,3453,4,7
1036,1167,3454,0,2
1036,1188,3455,0,19
1037,1116,3449,0,7
1037,1116,3449,1,14
1037,1116,3449,2,18
1037,1116,3449,3,8
1037,1116,3449,4,14
834,860,2918,0,10
834,860,2918,1,11
834,860,2918,2,12
834,860,2918,3,7
834,860,2918,4,5
834,860,2918,5,2
834,860,2918,6,2
834,860,2918,7,2
1038,1286,3447,0,1
1040,1101,3458,0,1
1040,1101,3458,1,96
1040,1101,3458,2,2
1040,1101,3458,3,4
1040,1101,3458,4,4
1040,1101,3458,5,8
835,860,2920,0,8
835,860,2920,1,12
835,860,2920,2,8
835,860,2920,3,10
835,860,2920,4,3
1041,1206,3467,0,13
1041,1206,3467,1,14
1041,1206,3467,2,15
1041,1206,3467,3,7
1041,1206,3467,4,2
1041,1206,3467,5,5
1041,1206,3467,6,2
1041,1206,3467,7,2
1041,1206,3467,8,2
1042,1157,3456,0,2
1045,1105,3459,0,2
1047,1276,3461,0,6
1048,1282,3463,0,2
1048,1282,3463,1,3
1049,1098,3464,0,3
1049,1098,3464,1,21
1049,1098,3464,2,1
1049,1098,3464,3,10
1049,1098,3464,4,2
1051,1167,3466,0,9
1051,1167,3466,1,22
1055,1206,3476,0,2
1055,1206,3476,1,3
1055,1206,3476,2,4
1055,1206,3476,3,3
1055,1206,3476,4,2
1055,1206,3476,5,2
1055,1206,3476,6,7
1055,1206,3476,7,2
1055,1206,3476,8,2
1055,1206,3476,9,9
1056,1229,3471,0,2
1057,1097,3478,0,2
1447,2238,5061,0,3
1447,2238,5061,1,3
1059,1323,3479,0,2
1448,2104,5070,0,4
1448,2104,5070,1,2
1448,2109,5071,0,2
1448,2109,5071,1,4
1448,2112,5072,0,2
1448,2112,5072,1,4
1448,2156,5073,0,2
1448,2156,5073,1,2
1448,2174,5074,0,2
1448,2174,5074,1,2
1060,1293,3480,0,1
1060,1293,3480,1,4
1060,1293,3480,2,4
1062,1223,3482,0,4
1063,1201,3483,0,11
1063,1201,3483,1,4
1065,1326,3484,0,6
1066,1167,3486,0,2
1066,1167,3486,1,2
1066,1167,3486,2,2
1066,1167,3486,3,2
1449,2275,5090,0,33
1449,2276,5091,0,94
1449,2277,5092,0,86
1449,2278,5093,0,363
1449,2279,5094,0,64
1449,2280,5095,0,41
1449,2281,5096,0,132
1069,1158,3503,0,44
1069,1158,3503,1,2
1069,1158,3503,2,51
1069,1158,3503,3,167
1071,1158,3496,0,1
1071,1158,3496,1,3
1071,1158,3496,2,3
1072,1157,3498,0,4
1072,1157,3498,1,4
1073,1331,3497,0,1
1073,1331,3497,1,2
1080,1206,3508,0,5
1080,1206,3508,1,6
1080,1206,3508,2,39
1080,1206,3508,3,3
1082,1280,3506,0,4
1085,1117,3511,0,2
1085,1117,3511,1,2
1085,1125,3512,0,2
1085,1125,3512,1,2
1086,1220,3510,0,6
1086,1220,3510,1,7
1087,1117,3514,0,2
1087,1117,3514,1,2
1087,1125,3515,0,2
1087,1125,3515,1,2
1087,1125,3515,2,4
1088,1093,3517,0,8
1089,1101,3516,0,2
1096,1117,3560,0,3
1096,1117,3560,1,3
1096,1114,3561,0,4
1099,1219,3572,0,2
1099,1345,3573,0,5
1099,1346,3574,0,169
1100,1158,3562,0,2
1101,1108,3563,0,2
1101,1108,3563,1,2
1101,1158,3564,0,3
1101,1158,3564,1,3
1101,1158,3564,2,3
1101,1156,3565,0,3
1103,1158,3567,0,2
1103,1158,3567,1,2
1105,1205,3569,0,7
1106,1346,3568,0,2
1106,1346,3568,1,4
1106,1346,3568,2,3
1106,1346,3568,3,8
1107,1349,3581,0,127
1108,1349,3577,0,2
1108,1349,3577,1,2
1109,1206,3583,0,1
1109,1206,3583,1,9
1109,1206,3583,2,8
1109,1206,3583,3,36
1109,1206,3583,4,2
1109,1206,3583,5,2
1111,1349,3579,0,4
1112,1189,3585,0,5
1114,1201,3592,0,19
821,1038,2950,0,1
821,1038,2950,1,27
821,1038,2950,2,4
821,1038,2950,3,12
821,1038,2950,4,21
821,1038,2950,5,15
821,1038,2950,6,20
821,1038,2950,7,19
821,1038,2950,8,2
821,1038,2950,9,4
821,1038,2950,10,4
821,1038,2950,11,10
821,1038,2950,12,4
821,1038,2950,13,8
821,1038,2950,14,7
821,1038,2950,15,4
821,1038,2950,16,5
821,1040,2952,0,29
821,1040,2952,1,3
821,1041,2953,0,6
821,1041,2953,1,2
821,1041,2953,2,55
821,1041,2953,3,6
821,1041,2953,4,57
821,1041,2953,5,18
821,1041,2953,6,2
821,1041,2953,7,4
821,1041,2953,8,4
821,1041,2953,9,4
821,1041,2953,10,4
821,1041,2953,11,8
821,1041,2953,12,6
821,1041,2953,13,6
821,1041,2953,14,6
821,1041,2953,15,4
821,1041,2953,16,4
821,1041,2953,17,4
821,1041,2953,18,4
821,1041,2953,19,4
821,1041,2953,20,8
821,1041,2953,21,6
821,1041,2953,22,6
821,1041,2953,23,4
821,1041,2953,24,4
821,1041,2953,25,10
821,1041,2953,26,2
821,1043,2954,0,4
821,1044,2955,0,2
821,1045,2956,0,3
821,1045,2956,1,3
821,1045,2956,2,3
821,1045,2956,3,2
821,1045,2956,4,2
821,1046,2957,0,74
821,1047,2958,0,52
821,1047,2958,1,9
821,1047,2958,2,3
821,1048,2959,0,4
821,1049,2960,0,2
821,1050,2961,0,1
821,1050,2961,1,39
821,1050,2961,2,4
821,1050,2961,3,4
821,1051,2962,0,1
821,1051,2962,1,26
821,1051,2962,2,10
821,1051,2962,3,4
821,1051,2962,4,6
821,1052,2963,0,5
821,1052,2963,1,2
821,1053,2964,0,6
821,1054,2965,0,2
1117,1258,3588,0,2
1119,1219,3590,0,4
1122,1101,3595,0,2
1125,1189,3615,0,14
1452,2238,5067,0,1
1452,2240,5068,0,1
1126,1125,3616,0,4
1135,1105,3631,0,1
1135,1105,3631,1,26
1135,1105,3631,2,5
1139,1192,3636,0,6
1139,1192,3636,1,101
1139,1192,3636,2,1
1139,1192,3636,3,5
1139,1192,3636,4,6
1139,1192,3636,5,7
1139,1192,3636,6,6
1139,1192,3636,7,7
1140,1192,3633,0,15
1141,1287,3685,0,1
1141,1287,3685,1,1
1141,1287,3685,2,5
1141,1287,3685,3,7
1141,1101,3686,0,3
1141,1101,3686,1,1
1142,1104,3688,0,1
1142,1104,3688,1,1
1142,1104,3688,2,4
1142,1104,3688,3,1
1142,1104,3688,4,1
1142,1414,3689,0,10
1142,1414,3689,1,1
1142,1414,3689,2,1
1143,1201,3687,0,5
1144,1206,3697,0,2
1144,1206,3697,1,26
1144,1206,3697,2,4
1144,1206,3697,3,2
1144,1206,3697,4,2
1144,1206,3697,5,3
1148,1113,3691,0,4
1148,1113,3691,1,6
1148,1113,3691,2,22
1152,1113,3720,0,3
1154,1299,3728,0,4
1154,1100,3729,0,29
1154,1100,3729,1,4
1154,1100,3729,2,2
1154,1100,3729,3,2
1154,1100,3729,4,2
1154,1100,3729,5,11
1154,1115,3730,0,13
1154,1117,3731,0,1
1154,1117,3731,1,1
1154,1117,3731,2,4
1154,1117,3731,3,43
1155,1137,3722,0,12
1157,1096,3723,0,2
1158,1123,3732,0,4
1158,1123,3732,1,78
1456,2290,5083,0,226
1456,2215,5084,0,1
1456,2215,5084,1,1
1456,2215,5084,2,12
1456,2215,5084,3,2
1456,2216,5085,0,2
1456,2216,5085,1,29
1456,2291,5086,0,216
1162,1096,3733,0,2
1164,1100,3765,0,2
1164,1100,3765,1,2
1164,1100,3765,2,2
1164,1100,3765,3,2
1164,1115,3766,0,2
1460,2290,5203,0,2
1460,2290,5203,1,3
1460,2290,5203,2,2
1460,2215,5204,0,1
1460,2215,5204,1,1
1460,2215,5204,2,9
1462,2290,5201,0,2
1462,2290,5201,1,2
1463,2290,5200,0,4
1464,2292,5202,0,78
1465,1966,5205,0,3
1465,1966,5205,1,58
1465,1966,5205,2,2
1465,1966,5205,3,12
1465,1966,5205,4,7
1465,1966,5205,5,2
1465,1966,5205,6,2
1465,1966,5205,7,5
1465,1966,5205,8,8
1466,2293,5209,0,127
1466,2165,5210,0,18
1466,2165,5210,1,2
1466,2165,5210,2,2
1466,2165,5210,3,65
1466,1966,5211,0,6
1466,1966,5211,1,3
1466,1966,5211,2,2
1466,1966,5211,3,7
1467,2306,5223,0,818
1467,2307,5224,0,118
1468,2312,5213,0,50
1468,2147,5214,0,81
1468,2147,5214,1,2
1468,2147,5214,2,2
1468,2148,5215,0,62
1468,2148,5215,1,21
1468,2148,5215,2,18
1468,2148,5215,3,9
1468,2148,5215,4,2
1468,2148,5215,5,2
1468,2149,5216,0,68
1468,2150,5217,0,62
1468,2151,5218,0,66
1468,2152,5219,0,62
1468,2152,5219,1,11
1468,2152,5219,2,2
1468,2152,5219,3,5
1468,2152,5219,4,10
1468,2152,5219,5,4
1468,2152,5219,6,5
1468,2152,5219,7,4
1468,2152,5219,8,2
1468,2152,5219,9,22
1468,2152,5219,10,4
1168,1312,3771,0,2
1168,1312,3771,1,7
1469,2094,5206,0,2
1469,2094,5206,1,4
1469,2095,5207,0,4
1470,2094,5226,0,1
1470,2094,5226,1,2
1470,2094,5226,2,2
1171,1201,3790,0,2
1171,1201,3790,1,2
1171,1201,3790,2,4
1171,1201,3790,3,1
1171,1201,3790,4,1
1171,1201,3790,5,38
1171,1422,3791,0,310
1171,1106,3792,0,7
1171,1106,3792,1,2
1171,1106,3792,2,6
1171,1106,3792,3,7
1171,1106,3792,4,1
1171,1423,3793,0,239
1171,1424,3794,0,40
1171,1425,3795,0,144
1171,1426,3796,0,97
1173,1098,3774,0,2
1174,1098,3799,0,2
1473,2157,5231,0,2
1474,2105,5230,0,2
1476,1200,5232,0,14
1477,1123,5237,0,77
1477,1100,5238,0,3
1477,1100,5238,1,78
1479,1137,5236,0,6
1482,1880,5245,0,2
1482,1880,5245,1,6
1482,1880,5245,2,4
1482,1880,5245,3,2
1482,1881,5246,0,2
1482,1881,5246,1,2
1482,1881,5246,2,5
1482,1881,5246,3,2
1482,1882,5247,0,7
1488,2422,5256,0,33
1488,2423,5257,0,31
1488,2213,5258,0,2
1488,2213,5258,1,4
1488,2213,5258,2,1
1488,2213,5258,3,8
1488,2213,5258,4,4
1488,2213,5258,5,6
1488,2213,5258,6,9
1488,2424,5259,0,75
1490,2425,5254,0,49
1491,2425,5252,0,21
1491,2427,5253,0,46
1492,2427,5251,0,10
1499,1101,5321,0,4
