3306,5986,18638,0,258
3306,5987,18639,0,262
3306,5988,18640,0,114
3306,5989,18641,0,79
3306,5990,18642,0,608
3306,5991,18643,0,356
3306,5992,18644,0,112
191,1090,1576,0,20
191,580,1577,0,2
191,1092,1578,0,27
191,1093,1579,0,40
191,1094,1580,0,73
191,1095,1581,0,38
191,598,1582,0,1
191,598,1582,1,1
191,599,1583,0,1
191,599,1583,1,1
191,613,1584,0,2
191,613,1584,1,3
6060,11513,33581,0,20
6060,10634,33582,0,2
6060,11515,33583,0,27
6060,11516,33584,0,40
6060,11517,33585,0,73
6060,11518,33586,0,38
6060,10652,33587,0,1
6060,10652,33587,1,1
6060,10653,33588,0,1
6060,10653,33588,1,1
6060,10667,33589,0,2
6060,10667,33589,1,3
192,321,1589,0,2
6061,10375,33566,0,2
6062,11539,33571,0,11
6062,11540,33572,0,11
6062,11542,33573,0,35
6062,11543,33574,0,15
6062,11544,33575,0,17
6062,11545,33576,0,26
6062,11547,33577,0,16
6062,11548,33578,0,15
6062,11549,33579,0,13
6062,11550,33580,0,37
3308,5559,18627,0,2
3308,5559,18627,1,13
3308,5559,18627,2,8
3310,5986,18631,0,2
3310,5987,18632,0,2
3310,5988,18633,0,2
3310,5989,18634,0,2
3310,5990,18635,0,3
3310,5991,18636,0,2
3310,5991,18636,1,2
3310,5991,18636,2,17
3310,5991,18636,3,16
3310,5992,18637,0,3
3311,5707,18630,0,1
3311,5707,18630,1,16
3311,5707,18630,2,6
3311,5707,18630,3,2
3311,5707,18630,4,10
3311,5707,18630,5,3
3311,5707,18630,6,2
3311,5707,18630,7,3
3311,5707,18630,8,3
3312,5572,18628,0,6
3314,5913,18648,0,6
3314,5914,18649,0,2
3314,5870,18650,0,1
3314,5870,18650,1,6
3314,5591,18651,0,3
3315,5986,18655,0,1
3315,5986,18655,1,7
3315,5986,18655,2,1
3315,5986,18655,3,1
3315,5986,18655,4,1
3315,5991,18656,0,1
3315,5991,18656,1,2
3315,5991,18656,2,12
3316,5579,18652,0,14
6064,11559,33607,0,67
6064,11560,33608,0,137
6064,11561,33609,0,28
6064,11562,33610,0,106
6064,11563,33611,0,118
6064,11569,33615,0,126
6064,11570,33616,0,68
6064,11571,33617,0,158
6064,11572,33618,0,36
6064,11573,33619,0,172
6064,11574,33620,0,70
6064,11580,33624,0,69
6064,11581,33625,0,164
6064,11582,33626,0,36
6064,11583,33627,0,258
6064,11584,33628,0,90
6064,11594,33635,0,86
6064,11595,33636,0,10
6064,11596,33637,0,87
6064,11597,33638,0,63
6064,11598,33639,0,17
6064,11607,33642,0,13
6064,11608,33643,0,154
6064,11614,33647,0,27
6064,11615,33648,0,191
6064,11621,33652,0,127
6064,11622,33653,0,29
6064,11623,33654,0,245
6064,11629,33658,0,29
6064,11630,33659,0,226
6064,11640,33666,0,86
6064,11641,33667,0,10
6064,11642,33668,0,86
6064,11643,33669,0,63
6064,11644,33670,0,17
6064,11646,33671,0,34
6064,11647,33672,0,154
6064,11648,33673,0,37
6064,11649,33674,0,526
6064,11650,33675,0,32
6064,11653,33678,0,9
6064,11654,33679,0,174
195,560,1631,0,1
195,560,1631,1,5
195,1105,1632,0,19
195,569,1633,0,4
195,569,1633,1,3
195,569,1633,2,19
195,1107,1635,0,29
195,1108,1636,0,33
195,1109,1637,0,131
195,1110,1638,0,76
195,1112,1639,0,100
195,1114,1640,0,45
195,1115,1641,0,57
195,1116,1642,0,52
195,1117,1643,0,115
195,613,1644,0,2
195,613,1644,1,3
6066,10614,33705,0,1
6066,10614,33705,1,5
6066,11668,33706,0,19
6066,10623,33707,0,4
6066,10623,33707,1,3
6066,10623,33707,2,19
6066,11670,33709,0,29
6066,11671,33710,0,33
6066,11672,33711,0,131
6066,11673,33712,0,76
6066,11675,33713,0,100
6066,11677,33714,0,45
6066,11678,33715,0,57
6066,11679,33716,0,52
6066,11680,33717,0,115
6066,10667,33718,0,2
6066,10667,33718,1,3
6068,11648,33698,0,37
6068,11649,33699,0,6
6068,11649,33699,1,2
6068,11654,33700,0,41
6068,11654,33700,1,5
6068,11654,33700,2,1
196,557,1729,0,6
196,560,1730,0,1
196,562,1731,0,2
196,567,1732,0,4
196,567,1732,1,3
196,567,1732,2,2
196,567,1732,3,23
196,567,1732,4,14
196,568,1733,0,13
196,568,1733,1,25
196,568,1733,2,23
196,568,1733,3,15
196,569,1734,0,1
196,569,1734,1,1
196,570,1735,0,5
196,570,1735,1,2
196,571,1736,0,2
196,1017,1737,0,3
196,1020,1738,0,3
196,1020,1738,1,2
196,591,1739,0,1
196,591,1739,1,2
196,591,1739,2,5
196,591,1739,3,12
196,591,1739,4,8
196,1120,1740,0,6
196,1120,1740,1,18
196,592,1741,0,5
196,592,1741,1,5
196,949,1742,0,2
196,329,1743,0,6
196,330,1744,0,2
196,330,1744,1,3
196,1093,1745,0,2
196,1095,1746,0,2
196,596,1747,0,2
196,599,1748,0,1
196,599,1748,1,1
196,1107,1749,0,3
196,1108,1750,0,2
196,1110,1751,0,2
196,1112,1752,0,7
196,1115,1753,0,4
196,1117,1754,0,4
196,601,1755,0,2
196,602,1756,0,4
196,1121,1757,0,8
196,1121,1757,1,21
196,603,1758,0,3
196,604,1759,0,4
196,1015,1760,0,2
196,1021,1761,0,2
196,606,1762,0,3
196,607,1763,0,5
196,608,1764,0,4
196,609,1765,0,4
196,610,1766,0,3
196,611,1767,0,3
196,612,1768,0,2
196,613,1769,0,2
196,613,1769,1,2
196,613,1769,2,3
196,1022,1770,0,4
196,614,1771,0,5
196,615,1772,0,7
196,932,1773,0,2
196,1023,1774,0,2
196,616,1775,0,3
196,617,1776,0,6
196,618,1777,0,2
196,619,1778,0,3
196,620,1779,0,7
196,321,1814,0,2
196,321,1814,1,2
196,923,1818,0,4
196,1031,1819,0,5
196,623,1820,0,2
196,938,1821,0,2
196,938,1821,1,5
196,938,1821,2,2
196,938,1821,3,2
196,937,1822,0,2
196,937,1822,1,2
196,918,1823,0,2
196,918,1823,1,5
196,1000,1824,0,9
196,916,1825,0,8
6069,10611,33726,0,6
6069,10614,33727,0,1
6069,10616,33728,0,2
6069,10621,33729,0,4
6069,10621,33729,1,3
6069,10621,33729,2,2
6069,10621,33729,3,23
6069,10621,33729,4,14
6069,10622,33730,0,13
6069,10622,33730,1,25
6069,10622,33730,2,23
6069,10622,33730,3,15
6069,10623,33731,0,1
6069,10623,33731,1,1
6069,10624,33732,0,5
6069,10624,33732,1,2
6069,10625,33733,0,2
6069,11097,33734,0,3
6069,11100,33735,0,3
6069,11100,33735,1,2
6069,10645,33736,0,1
6069,10645,33736,1,2
6069,10645,33736,2,5
6069,10645,33736,3,12
6069,10645,33736,4,8
6069,11684,33737,0,6
6069,11684,33737,1,18
6069,10646,33738,0,5
6069,10646,33738,1,5
6069,11004,33739,0,2
6069,10383,33740,0,6
6069,10384,33741,0,2
6069,10384,33741,1,3
6069,11516,33742,0,2
6069,11518,33743,0,2
6069,10650,33744,0,2
6069,10653,33745,0,1
6069,10653,33745,1,1
6069,11670,33746,0,3
6069,11671,33747,0,2
6069,11673,33748,0,2
6069,11675,33749,0,7
6069,11678,33750,0,4
6069,11680,33751,0,4
6069,10655,33752,0,2
6069,10656,33753,0,4
6069,11685,33754,0,8
6069,11685,33754,1,21
6069,10657,33755,0,3
6069,10658,33756,0,4
6069,11095,33757,0,2
6069,11101,33758,0,2
6069,10660,33759,0,3
6069,10661,33760,0,5
6069,10662,33761,0,4
6069,10663,33762,0,4
6069,10664,33763,0,3
6069,10665,33764,0,3
6069,10666,33765,0,2
6069,10667,33766,0,2
6069,10667,33766,1,2
6069,10667,33766,2,3
6069,11102,33767,0,4
6069,10668,33768,0,5
6069,10669,33769,0,7
6069,10986,33770,0,2
6069,11103,33771,0,2
6069,10670,33772,0,3
6069,10671,33773,0,6
6069,10672,33774,0,2
6069,10673,33775,0,3
6069,10674,33776,0,7
6069,10375,33811,0,2
6069,10375,33811,1,2
6069,10977,33815,0,4
6069,11111,33816,0,5
6069,10677,33817,0,2
6069,10992,33818,0,2
6069,10992,33818,1,5
6069,10992,33818,2,2
6069,10992,33818,3,2
6069,10991,33819,0,2
6069,10991,33819,1,2
6069,10972,33820,0,2
6069,10972,33820,1,5
6069,11063,33821,0,9
6069,10970,33822,0,8
198,938,1623,0,9
198,937,1624,0,4
198,937,1624,1,6
198,918,1625,0,2
198,918,1625,1,3
198,918,1625,2,4
6071,10992,33695,0,9
6071,10991,33696,0,4
6071,10991,33696,1,6
6071,10972,33697,0,2
6071,10972,33697,1,3
6071,10972,33697,2,4
3317,5781,18653,0,4
3318,5779,18654,0,19
3318,5779,18654,1,1
199,1017,1621,0,2
6072,11097,33692,0,2
200,1110,1626,0,2
6073,11673,33693,0,2
3319,5586,18657,0,2
3320,5708,18658,0,1
3320,5708,18658,1,4
3321,5710,18659,0,1
3321,5710,18659,1,3
3322,5577,18660,0,1
3322,5577,18660,1,2
3322,5577,18660,2,2
3322,5588,18661,0,2
3322,5588,18661,1,4
3322,5599,18662,0,3
3322,5599,18662,1,3
3322,5601,18663,0,3
3322,5604,18664,0,3
201,320,1629,0,7
201,320,1629,1,8
201,321,1630,0,2
201,321,1630,1,2
201,321,1630,2,2
201,321,1630,3,8
6074,10374,33701,0,7
6074,10374,33701,1,8
6074,10375,33702,0,2
6074,10375,33702,1,2
6074,10375,33702,2,2
6074,10375,33702,3,8
3323,5998,18700,0,64
3323,5556,18701,0,15
3323,5560,18702,0,2
3323,5560,18702,1,2
3323,5560,18702,2,2
3323,5560,18702,3,2
3323,5560,18702,4,2
3323,5560,18702,5,2
3323,5560,18702,6,2
3323,5560,18702,7,2
3323,5560,18702,8,2
3323,5560,18702,9,2
3323,5560,18702,10,2
3323,5560,18702,11,15
3323,5891,18704,0,3
3323,5891,18704,1,4
3323,5891,18704,2,3
3323,5999,18705,0,154
3323,6000,18706,0,190
3323,5566,18707,0,1
3323,5566,18707,1,5
3323,5566,18707,2,2
3323,5566,18707,3,29
3323,5566,18707,4,5
3323,5572,18708,0,1
3323,5572,18708,1,2
3323,5572,18708,2,2
3323,5572,18708,3,16
3323,5572,18708,4,2
3323,5574,18709,0,1
3323,5574,18709,1,1
3323,5574,18709,2,2
3323,5574,18709,3,18
3323,6001,18710,0,76
202,594,1627,0,5
202,594,1627,1,4
202,594,1627,2,4
202,596,1628,0,4
202,596,1628,1,4
6075,10648,33703,0,5
6075,10648,33703,1,4
6075,10648,33703,2,4
6075,10650,33704,0,4
6075,10650,33704,1,4
203,559,1650,0,2
203,560,1651,0,2
203,560,1651,1,2
203,560,1651,2,2
203,560,1651,3,10
203,560,1651,4,2
203,562,1652,0,3
203,564,1653,0,2
203,565,1654,0,2
203,1105,1655,0,1
203,568,1656,0,1
203,568,1656,1,2
203,568,1656,2,2
203,569,1657,0,7
203,569,1657,1,12
203,569,1657,2,48
203,571,1658,0,1
203,571,1658,1,13
203,930,1659,0,2
203,930,1659,1,2
203,930,1659,2,2
203,576,1660,0,7
203,1127,1661,0,51
203,1014,1662,0,17
203,579,1663,0,3
203,579,1663,1,6
203,580,1664,0,2
203,580,1664,1,3
203,580,1664,2,32
203,581,1665,0,3
203,581,1665,1,4
203,582,1666,0,13
203,1018,1667,0,19
203,583,1668,0,5
203,583,1668,1,12
203,584,1669,0,2
203,584,1669,1,2
203,585,1670,0,2
203,585,1670,1,2
203,1019,1671,0,10
203,587,1672,0,6
203,587,1672,1,2
203,587,1672,2,4
203,588,1673,0,6
203,588,1673,1,4
203,589,1674,0,5
203,589,1674,1,8
203,1020,1675,0,5
203,1020,1675,1,4
203,591,1676,0,8
203,591,1676,1,6
203,591,1676,2,4
203,1120,1677,0,7
203,1120,1677,1,4
203,1129,1678,0,74
203,949,1679,0,12
203,949,1679,1,4
203,329,1680,0,2
203,329,1680,1,9
203,330,1681,0,28
203,1132,1682,0,4
203,1132,1682,1,14
203,1093,1683,0,6
203,1093,1683,1,12
203,1133,1684,0,50
203,1095,1685,0,7
203,1095,1685,1,2
203,1095,1685,2,10
203,598,1686,0,2
203,598,1686,1,4
203,598,1686,2,2
203,598,1686,3,2
203,598,1686,4,5
203,599,1687,0,5
203,599,1687,1,4
203,599,1687,2,4
203,594,1688,0,2
203,596,1692,0,2
203,1109,1693,0,2
203,1109,1693,1,3
203,1109,1693,2,7
203,1109,1693,3,6
203,1110,1694,0,2
203,1110,1694,1,1
203,1110,1694,2,2
203,1110,1694,3,1
203,1114,1695,0,3
203,1114,1695,1,4
203,1115,1696,0,4
203,1115,1696,1,2
203,1115,1696,2,4
203,1115,1696,3,6
203,1116,1697,0,2
203,1116,1697,1,4
203,1116,1697,2,8
203,1117,1698,0,7
203,1117,1698,1,2
203,1117,1698,2,2
203,1117,1698,3,29
203,601,1699,0,4
203,601,1699,1,16
203,602,1700,0,3
203,602,1700,1,16
203,603,1701,0,6
203,603,1701,1,2
203,603,1701,2,6
203,1121,1702,0,5
203,1121,1702,1,6
203,604,1703,0,4
203,604,1703,1,8
203,1015,1704,0,15
203,1021,1705,0,13
203,606,1706,0,5
203,606,1706,1,8
203,607,1707,0,5
203,607,1707,1,15
203,608,1708,0,5
203,608,1708,1,4
203,608,1708,2,8
203,609,1709,0,4
203,609,1709,1,2
203,609,1709,2,8
203,1092,1710,0,5
203,1092,1710,1,14
203,613,1711,0,9
203,613,1711,1,42
203,613,1711,2,20
203,613,1711,3,8
203,610,1712,0,12
203,610,1712,1,8
203,611,1713,0,8
203,611,1713,1,8
203,612,1714,0,4
203,1022,1715,0,5
203,1022,1715,1,19
203,614,1716,0,8
203,614,1716,1,10
203,615,1717,0,6
203,615,1717,1,4
203,615,1717,2,6
203,615,1717,3,8
203,932,1718,0,4
203,932,1718,1,10
203,616,1719,0,6
203,616,1719,1,8
203,1023,1720,0,13
203,617,1721,0,18
203,618,1722,0,8
203,618,1722,1,8
203,619,1723,0,8
203,619,1723,1,8
203,620,1724,0,5
203,620,1724,1,4
203,620,1724,2,6
203,620,1724,3,6
6076,10613,33917,0,2
6076,10614,33918,0,2
6076,10614,33918,1,2
6076,10614,33918,2,2
6076,10614,33918,3,10
6076,10614,33918,4,2
6076,10616,33919,0,3
6076,10618,33920,0,2
6076,10619,33921,0,2
6076,11668,33922,0,1
6076,10622,33923,0,1
6076,10622,33923,1,2
6076,10622,33923,2,2
6076,10623,33924,0,7
6076,10623,33924,1,12
6076,10623,33924,2,48
6076,10625,33925,0,1
6076,10625,33925,1,13
6076,10984,33926,0,2
6076,10984,33926,1,2
6076,10984,33926,2,2
6076,10630,33927,0,7
6076,11698,33928,0,51
6076,11094,33929,0,17
6076,10633,33930,0,3
6076,10633,33930,1,6
6076,10634,33931,0,2
6076,10634,33931,1,3
6076,10634,33931,2,32
6076,10635,33932,0,3
6076,10635,33932,1,4
6076,10636,33933,0,13
6076,11098,33934,0,19
6076,10637,33935,0,5
6076,10637,33935,1,12
6076,10638,33936,0,2
6076,10638,33936,1,2
6076,10639,33937,0,2
6076,10639,33937,1,2
6076,11099,33938,0,10
6076,10641,33939,0,6
6076,10641,33939,1,2
6076,10641,33939,2,4
6076,10642,33940,0,6
6076,10642,33940,1,4
6076,10643,33941,0,5
6076,10643,33941,1,8
6076,11100,33942,0,5
6076,11100,33942,1,4
6076,10645,33943,0,8
6076,10645,33943,1,6
6076,10645,33943,2,4
6076,11684,33944,0,7
6076,11684,33944,1,4
6076,11701,33945,0,74
6076,11004,33946,0,12
6076,11004,33946,1,4
6076,10383,33947,0,2
6076,10383,33947,1,9
6076,10384,33948,0,28
6076,11704,33949,0,4
6076,11704,33949,1,14
6076,11516,33950,0,6
6076,11516,33950,1,12
6076,11705,33951,0,50
6076,11518,33952,0,7
6076,11518,33952,1,2
6076,11518,33952,2,10
6076,10652,33953,0,2
6076,10652,33953,1,4
6076,10652,33953,2,2
6076,10652,33953,3,2
6076,10652,33953,4,5
6076,10653,33954,0,5
6076,10653,33954,1,4
6076,10653,33954,2,4
6076,10648,33955,0,2
6076,10650,33959,0,2
6076,11672,33960,0,2
6076,11672,33960,1,3
6076,11672,33960,2,7
6076,11672,33960,3,6
6076,11673,33961,0,2
6076,11673,33961,1,1
6076,11673,33961,2,2
6076,11673,33961,3,1
6076,11677,33962,0,3
6076,11677,33962,1,4
6076,11678,33963,0,4
6076,11678,33963,1,2
6076,11678,33963,2,4
6076,11678,33963,3,6
6076,11679,33964,0,2
6076,11679,33964,1,4
6076,11679,33964,2,8
6076,11680,33965,0,7
6076,11680,33965,1,2
6076,11680,33965,2,2
6076,11680,33965,3,29
6076,10655,33966,0,4
6076,10655,33966,1,16
6076,10656,33967,0,3
6076,10656,33967,1,16
6076,10657,33968,0,6
6076,10657,33968,1,2
6076,10657,33968,2,6
6076,11685,33969,0,5
6076,11685,33969,1,6
6076,10658,33970,0,4
6076,10658,33970,1,8
6076,11095,33971,0,15
6076,11101,33972,0,13
6076,10660,33973,0,5
6076,10660,33973,1,8
6076,10661,33974,0,5
6076,10661,33974,1,15
6076,10662,33975,0,5
6076,10662,33975,1,4
6076,10662,33975,2,8
6076,10663,33976,0,4
6076,10663,33976,1,2
6076,10663,33976,2,8
6076,11515,33977,0,5
6076,11515,33977,1,14
6076,10667,33978,0,9
6076,10667,33978,1,42
6076,10667,33978,2,20
6076,10667,33978,3,8
6076,10664,33979,0,12
6076,10664,33979,1,8
6076,10665,33980,0,8
6076,10665,33980,1,8
6076,10666,33981,0,4
6076,11102,33982,0,5
6076,11102,33982,1,19
6076,10668,33983,0,8
6076,10668,33983,1,10
6076,10669,33984,0,6
6076,10669,33984,1,4
6076,10669,33984,2,6
6076,10669,33984,3,8
6076,10986,33985,0,4
6076,10986,33985,1,10
6076,10670,33986,0,6
6076,10670,33986,1,8
6076,11103,33987,0,13
6076,10671,33988,0,18
6076,10672,33989,0,8
6076,10672,33989,1,8
6076,10673,33990,0,8
6076,10673,33990,1,8
6076,10674,33991,0,5
6076,10674,33991,1,4
6076,10674,33991,2,6
6076,10674,33991,3,6
204,1140,1648,0,114
204,617,1649,0,2
6077,11712,33830,0,114
6077,10671,33831,0,2
205,320,1831,0,3
205,320,1831,1,2
205,321,1832,0,4
205,321,1832,1,4
205,321,1832,2,4
6078,10374,33828,0,3
6078,10374,33828,1,2
6078,10375,33829,0,4
6078,10375,33829,1,4
6078,10375,33829,2,4
206,925,1837,0,3
206,1033,1838,0,12
206,1033,1838,1,12
206,1033,1838,2,18
206,1033,1838,3,2
206,1035,1839,0,5
6079,10979,33832,0,3
6079,11113,33833,0,12
6079,11113,33833,1,12
6079,11113,33833,2,18
6079,11113,33833,3,2
6079,11115,33834,0,5
208,938,1833,0,2
208,937,1834,0,2
6081,10992,33835,0,2
6081,10991,33836,0,2
211,560,1840,0,2
6084,10614,33839,0,2
213,568,1842,0,6
213,570,1843,0,2
213,570,1843,1,4
213,570,1843,2,12
213,571,1844,0,1
213,571,1844,1,6
6086,10622,33841,0,6
6086,10624,33842,0,2
6086,10624,33842,1,4
6086,10624,33842,2,12
6086,10625,33843,0,1
6086,10625,33843,1,6
214,568,1876,0,2
214,569,1877,0,2
214,571,1878,0,4
214,930,1879,0,2
214,576,1880,0,2
6087,10622,33888,0,2
6087,10623,33889,0,2
6087,10625,33890,0,4
6087,10984,33891,0,2
6087,10630,33892,0,2
215,567,1846,0,2
215,568,1847,0,1
215,568,1847,1,54
215,568,1847,2,3
215,568,1847,3,15
215,598,1848,0,2
215,938,1849,0,1
215,1000,1850,0,12
6088,10621,33846,0,2
6088,10622,33847,0,1
6088,10622,33847,1,54
6088,10622,33847,2,3
6088,10622,33847,3,15
6088,10652,33848,0,2
6088,10992,33849,0,1
6088,11063,33850,0,12
216,568,1911,0,9
6089,10622,33844,0,9
218,569,1905,0,1
6091,10623,33851,0,1
219,1017,1913,0,2
219,1017,1913,1,3
219,916,1917,0,2
6092,11097,33858,0,2
6092,11097,33858,1,3
6092,10970,33862,0,2
220,560,1920,0,6
220,560,1920,1,44
220,560,1920,2,4
220,560,1920,3,23
220,567,1921,0,1
220,567,1921,1,1
220,569,1922,0,1
220,569,1922,1,37
220,569,1922,2,28
220,1017,1923,0,2
220,1017,1923,1,7
220,1143,1924,0,22
220,1117,1925,0,2
6093,10614,33992,0,6
6093,10614,33992,1,44
6093,10614,33992,2,4
6093,10614,33992,3,23
6093,10621,33993,0,1
6093,10621,33993,1,1
6093,10623,33994,0,1
6093,10623,33994,1,37
6093,10623,33994,2,28
6093,11097,33995,0,2
6093,11097,33995,1,7
6093,11715,33996,0,22
6093,11680,33997,0,2
221,1144,1928,0,5
221,1145,1929,0,8
221,560,1930,0,1
221,560,1930,1,8
221,569,1931,0,9
221,569,1931,1,30
6094,11716,34000,0,5
6094,11717,34001,0,8
6094,10614,34002,0,1
6094,10614,34002,1,8
6094,10623,34003,0,9
6094,10623,34003,1,30
222,560,1918,0,2
222,560,1918,1,10
222,569,1919,0,1
222,569,1919,1,30
222,569,1919,2,30
6095,10614,34006,0,2
6095,10614,34006,1,10
6095,10623,34007,0,1
6095,10623,34007,1,30
6095,10623,34007,2,30
223,1146,1937,0,7
223,1147,1938,0,8
223,580,1939,0,1
223,580,1939,1,2
223,1014,1940,0,2
223,579,1941,0,2
223,581,1942,0,2
223,582,1943,0,2
223,584,1944,0,2
223,585,1945,0,2
223,1127,1946,0,3
223,1127,1946,1,2
223,1127,1946,2,1
223,1132,1947,0,3
223,1132,1947,1,2
223,1093,1948,0,3
223,1093,1948,1,3
223,1133,1949,0,9
223,1095,1950,0,4
223,1095,1950,1,2
223,598,1951,0,2
223,598,1951,1,2
223,598,1951,2,2
223,599,1952,0,3
223,599,1952,1,2
223,1116,1953,0,2
223,1116,1953,1,2
223,601,1954,0,2
223,613,1955,0,4
223,615,1956,0,2
223,620,1957,0,2
6096,11718,34016,0,7
6096,11719,34017,0,8
6096,10634,34018,0,1
6096,10634,34018,1,2
6096,11094,34019,0,2
6096,10633,34020,0,2
6096,10635,34021,0,2
6096,10636,34022,0,2
6096,10638,34023,0,2
6096,10639,34024,0,2
6096,11698,34025,0,3
6096,11698,34025,1,2
6096,11698,34025,2,1
6096,11704,34026,0,3
6096,11704,34026,1,2
6096,11516,34027,0,3
6096,11516,34027,1,3
6096,11705,34028,0,9
6096,11518,34029,0,4
6096,11518,34029,1,2
6096,10652,34030,0,2
6096,10652,34030,1,2
6096,10652,34030,2,2
6096,10653,34031,0,3
6096,10653,34031,1,2
6096,11679,34032,0,2
6096,11679,34032,1,2
6096,10655,34033,0,2
6096,10667,34034,0,4
6096,10669,34035,0,2
6096,10674,34036,0,2
225,1148,1934,0,40
225,1149,1935,0,38
225,613,1936,0,2
6098,11721,34008,0,40
6098,11722,34009,0,38
6098,10667,34010,0,2
226,1129,1964,0,2
226,1129,1964,1,3
226,1129,1964,2,4
226,1129,1964,3,15
226,598,1965,0,3
226,598,1965,1,9
226,606,1966,0,15
6099,11701,34011,0,2
6099,11701,34011,1,3
6099,11701,34011,2,4
6099,11701,34011,3,15
6099,10652,34012,0,3
6099,10652,34012,1,9
6099,10660,34013,0,15
227,567,1968,0,4
227,567,1968,1,4
227,567,1968,2,9
227,567,1968,3,6
227,1017,1969,0,1
227,1017,1969,1,1
6100,10621,34043,0,4
6100,10621,34043,1,4
6100,10621,34043,2,9
6100,10621,34043,3,6
6100,11097,34044,0,1
6100,11097,34044,1,1
3324,5572,18666,0,10
3325,5599,18667,0,3
3326,5572,18669,0,2
3326,5742,18670,0,2
6101,11741,34253,0,61
6101,11742,34254,0,130
6101,11743,34255,0,5
6101,11744,34256,0,8
6101,11745,34257,0,60
6101,11746,34258,0,105
6101,11747,34259,0,42
6101,11748,34260,0,102
6101,11749,34261,0,20
6101,11751,34262,0,30
6101,11752,34263,0,7
6101,11753,34264,0,8
6101,11754,34265,0,29
6101,11755,34266,0,20
6101,11757,34267,0,191
6101,11758,34268,0,114
6101,11759,34269,0,189
6101,11760,34270,0,97
6101,11761,34271,0,228
6101,11762,34272,0,177
6101,11763,34273,0,37
6101,11764,34274,0,30
6101,11765,34275,0,63
6101,11766,34276,0,68
6101,11769,34277,0,72
6101,11770,34278,0,43
6101,11771,34279,0,37
6101,11772,34280,0,34
6101,11773,34281,0,34
6101,11774,34282,0,50
6101,11775,34283,0,52
6101,11776,34284,0,26
6101,11777,34285,0,27
6101,11779,34286,0,36
6101,11780,34287,0,61
6101,11781,34288,0,55
6101,11782,34289,0,46
6101,11783,34290,0,168
6101,11785,34291,0,117
6101,11786,34292,0,30
6101,11787,34293,0,98
6101,11788,34294,0,79
6101,11790,34295,0,91
6101,11791,34296,0,56
6101,11793,34297,0,53
6101,11794,34298,0,26
6101,11795,34299,0,53
6101,11796,34300,0,102
6101,11797,34301,0,85
6101,11799,34302,0,64
6101,11801,34303,0,114
6101,11803,34304,0,22
6101,11805,34305,0,30
6101,11806,34306,0,33
6101,11807,34307,0,139
6101,11808,34308,0,80
6101,11810,34309,0,99
6101,11812,34310,0,44
6101,11813,34311,0,57
6101,11814,34312,0,46
6101,11815,34313,0,115
6101,11817,34314,0,62
6101,11818,34315,0,53
6101,11819,34316,0,48
6101,11820,34317,0,41
6101,11821,34318,0,59
6101,11822,34319,0,25
6101,11823,34320,0,40
6101,11824,34321,0,41
6101,11825,34322,0,38
6101,11826,34323,0,38
6101,11827,34324,0,60
6101,11828,34325,0,61
6101,11829,34326,0,49
6101,11830,34327,0,52
6101,11831,34328,0,28
6101,11832,34329,0,136
6101,11833,34330,0,47
6101,11834,34331,0,42
6101,11835,34332,0,33
6101,11836,34333,0,48
6101,11837,34334,0,48
6101,11838,34335,0,81
6101,11839,34336,0,38
6101,11840,34337,0,47
6101,11841,34338,0,41
6101,11842,34339,0,50
6101,11843,34340,0,46
6101,11844,34341,0,42
6101,11845,34342,0,81
6101,11951,34406,0,54
6101,11952,34407,0,92
6101,11983,34420,0,67
6101,11984,34421,0,137
6101,11985,34422,0,28
6101,11986,34423,0,105
6101,11987,34424,0,118
6101,11997,34431,0,103
6101,11998,34432,0,25
6101,11999,34433,0,107
6101,12000,34434,0,79
6101,12001,34435,0,38
6101,12012,34441,0,36
6101,12013,34442,0,52
6101,12016,34443,0,86
6101,12017,34444,0,122
6101,12018,34445,0,111
6101,12019,34446,0,52
6101,12021,34447,0,57
6103,11752,34015,0,4
6104,11741,34151,0,4
6104,11741,34151,1,2
6104,11742,34152,0,2
6104,11746,34156,0,17
6104,11746,34156,1,46
6104,11747,34157,0,2
6104,11748,34158,0,6
6104,11748,34158,1,4
6104,11748,34158,2,1
6104,11753,34161,0,15
6104,11754,34162,0,9
6104,11757,34164,0,21
6104,11757,34164,1,1
6104,11757,34164,2,2
6104,11757,34164,3,1
6104,11757,34164,4,1
6104,11758,34165,0,4
6104,11758,34165,1,3
6104,11759,34166,0,71
6104,11759,34166,1,76
6104,11760,34167,0,18
6104,11760,34167,1,1
6104,11760,34167,2,2
6104,11760,34167,3,1
6104,11761,34168,0,4
6104,11761,34168,1,10
6104,11761,34168,2,3
6104,11761,34168,3,1
6104,11762,34169,0,20
6104,11762,34169,1,1
6104,11763,34170,0,3
6104,11765,34171,0,2
6104,11765,34171,1,5
6104,11766,34172,0,2
6104,11818,34173,0,2
6104,11821,34174,0,4
6104,11822,34175,0,14
6104,11825,34176,0,1
6104,11827,34177,0,3
6104,11828,34178,0,1
6104,11830,34179,0,1
6104,11832,34180,0,3
6104,11832,34180,1,14
6104,11840,34181,0,1
6104,11842,34182,0,3
6104,12054,34183,0,46
6104,12055,34184,0,60
6104,11844,34185,0,1
6104,11844,34185,1,2
6104,12056,34186,0,63
6104,11839,34187,0,8
6104,11839,34187,1,21
6104,12057,34195,0,61
6104,11777,34197,0,10
6104,11779,34198,0,13
6104,11780,34199,0,7
6104,11781,34200,0,147
6104,11782,34201,0,36
6104,11799,34208,0,12
6104,12059,34209,0,104
6104,12060,34213,0,95
6104,11787,34216,0,16
6104,12062,34217,0,87
6105,11741,34082,0,6
6105,11746,34083,0,2
6105,11748,34084,0,4
6105,11753,34085,0,15
6105,11753,34085,1,2
6105,11754,34086,0,2
6105,11758,34087,0,2
6105,11758,34087,1,6
6105,11759,34088,0,19
6105,12063,34089,0,79
6105,11761,34091,0,2
6105,11761,34091,1,4
6105,11761,34091,2,8
6105,11764,34092,0,8
6105,11766,34093,0,2
6105,11766,34093,1,12
6105,11817,34094,0,9
6105,11817,34094,1,22
6105,11818,34095,0,9
6105,11818,34095,1,17
6105,11821,34096,0,4
6105,11821,34096,1,4
6105,11822,34097,0,2
6105,11825,34098,0,4
6105,11825,34098,1,6
6105,11827,34099,0,5
6105,11827,34099,1,60
6105,12064,34100,0,96
6105,11828,34101,0,4
6105,11828,34101,1,3
6105,11830,34102,0,95
6105,11831,34103,0,6
6105,11832,34104,0,2
6105,11832,34104,1,3
6105,11832,34104,2,50
6105,11832,34104,3,41
6105,11840,34105,0,21
6105,12065,34106,0,64
6105,11842,34107,0,4
6105,11842,34107,1,3
6105,12066,34108,0,117
6105,11844,34110,0,14
6105,12056,34111,0,6
6105,11839,34112,0,4
6105,12067,34113,0,63
6105,12057,34114,0,2
6105,12057,34114,1,11
6105,11779,34115,0,1
6105,11780,34116,0,2
6105,11781,34117,0,2
6105,11781,34117,1,5
6105,11781,34117,2,37
6105,11782,34118,0,4
6105,11799,34119,0,1
6105,11799,34119,1,2
6105,12059,34120,0,1
6105,12060,34121,0,9
6105,12060,34121,1,9
6105,12060,34121,2,12
6105,11787,34122,0,5
6105,11787,34122,1,25
6105,11787,34122,2,48
6105,11787,34122,3,10
6105,12062,34123,0,2
6106,11742,34056,0,2
6106,11757,34057,0,2
6106,11766,34058,0,2
6106,11827,34059,0,2
6106,12064,34060,0,2
6106,12064,34060,1,1
6106,12064,34060,2,1
6106,12064,34060,3,14
6106,11828,34061,0,60
6106,11832,34062,0,4
6106,11782,34064,0,1
6106,11782,34064,1,3
6106,12060,34065,0,5
6106,12060,34065,1,18
6106,11787,34066,0,13
6106,12068,34067,0,77
6106,12012,34069,0,3
6106,12013,34070,0,1
6106,12013,34070,1,2
6107,11741,34124,0,3
6107,11741,34124,1,5
6107,11742,34125,0,24
6107,11742,34125,1,20
6107,11742,34125,2,16
6107,11742,34125,3,9
6107,11746,34126,0,23
6107,11746,34126,1,3
6107,11747,34127,0,3
6107,11748,34128,0,2
6107,11748,34128,1,13
6107,11748,34128,2,4
6107,11748,34128,3,72
6107,12070,34129,0,70
6107,11752,34130,0,11
6107,11753,34131,0,24
6107,11754,34132,0,17
6107,11828,34133,0,2
6107,11828,34133,1,10
6107,11830,34134,0,2
6107,11830,34134,1,1
6107,11830,34134,2,7
6107,11830,34134,3,11
6107,12056,34136,0,5
6107,11839,34137,0,8
6107,12067,34138,0,8
6107,12067,34138,1,2
6107,12067,34138,2,8
6107,12057,34139,0,6
6107,12057,34139,1,1
6107,11777,34140,0,6
6107,11779,34141,0,7
6107,11781,34142,0,5
6107,11781,34142,1,5
6107,11781,34142,2,2
6107,11781,34142,3,2
6107,11782,34143,0,8
6107,11799,34144,0,1
6107,12060,34146,0,1
6107,12060,34146,1,1
6107,12060,34146,2,5
6107,12060,34146,3,27
6107,12060,34146,4,2
6107,11787,34147,0,9
6107,12068,34148,0,11
6107,12068,34148,1,16
6107,12068,34148,2,4
6107,12071,34149,0,117
6108,11759,34462,0,2
6108,11817,34463,0,2
6108,11817,34463,1,11
6108,11817,34463,2,3
6108,11818,34464,0,10
6108,11821,34465,0,4
6108,11822,34466,0,2
6108,11825,34467,0,10
6108,11827,34468,0,16
6108,12064,34469,0,2
6108,12064,34469,1,2
6108,12064,34469,2,9
6108,11828,34470,0,14
6108,11830,34471,0,2
6108,11830,34471,1,2
6108,11830,34471,2,4
6108,11831,34472,0,2
6108,11831,34472,1,15
6108,11832,34473,0,2
6108,11832,34473,1,2
6108,11832,34473,2,2
6108,11832,34473,3,3
6108,11840,34474,0,2
6108,11840,34474,1,27
6108,12065,34475,0,2
6108,12065,34475,1,13
6108,12066,34476,0,3
6108,11844,34477,0,11
6108,12073,34478,0,95
6108,12056,34479,0,2
6108,12056,34479,1,2
6108,11839,34480,0,2
6108,12067,34481,0,2
6108,12057,34482,0,2
6108,12057,34482,1,1
6108,11779,34483,0,4
6108,11781,34484,0,2
6108,11781,34484,1,2
6108,11782,34485,0,2
6108,11782,34485,1,1
6108,11799,34486,0,2
6108,11799,34486,1,1
6108,12060,34487,0,2
6108,12060,34487,1,1
6108,11787,34488,0,2
6108,12068,34489,0,2
6108,12068,34489,1,2
6108,12071,34490,0,9
6108,12071,34490,1,1
6108,12071,34490,2,6
6108,12071,34490,3,2
6108,12071,34490,4,12
6108,12071,34490,5,10
6108,12071,34490,6,2
6108,12071,34490,7,53
6109,11741,34510,0,4
6109,11746,34511,0,27
6109,11746,34511,1,38
6109,11748,34512,0,2
6109,11748,34512,1,14
6109,11748,34512,2,12
6109,11817,34515,0,1
6109,11817,34515,1,4
6109,11821,34516,0,1
6109,11821,34516,1,5
6109,11825,34517,0,1
6109,11825,34517,1,2
6109,11827,34518,0,1
6109,11827,34518,1,2
6109,12064,34519,0,1
6109,12064,34519,1,4
6109,11828,34520,0,2
6109,11828,34520,1,2
6109,11830,34521,0,1
6109,11830,34521,1,2
6109,11831,34522,0,1
6109,11831,34522,1,3
6109,11832,34523,0,2
6109,11832,34523,1,3
6109,11832,34523,2,2
6109,11840,34524,0,1
6109,11840,34524,1,2
6109,12065,34525,0,1
6109,12065,34525,1,5
6109,12066,34526,0,1
6109,12066,34526,1,1
6109,12066,34526,2,6
6109,12066,34526,3,2
6109,12066,34526,4,2
6109,12066,34526,5,2
6109,12066,34526,6,2
6109,12066,34526,7,11
6109,11844,34527,0,1
6109,11844,34527,1,4
6109,12073,34528,0,1
6109,12073,34528,1,2
6109,12075,34529,0,44
6109,11757,34530,0,2
6109,11758,34531,0,2
6109,11758,34531,1,8
6109,11758,34531,2,2
6109,11758,34531,3,13
6109,12077,34532,0,127
6109,11759,34533,0,30
6109,11759,34533,1,8
6109,11761,34534,0,2
6109,11761,34534,1,8
6109,11761,34534,2,3
6109,11761,34534,3,47
6109,11761,34534,4,15
6109,12078,34535,0,64
6109,11762,34536,0,2
6109,11763,34537,0,2
6109,11765,34538,0,2
6109,11766,34539,0,2
6109,11766,34539,1,12
6109,11766,34539,2,3
6109,11782,34540,0,2
6109,11799,34541,0,2
6111,12070,34549,0,6
6111,11752,34550,0,8
6111,11754,34551,0,1
6111,11754,34551,1,4
6111,12054,34552,0,8
6111,11818,34553,0,20
6111,12064,34554,0,2
6111,12064,34554,1,2
6111,12064,34554,2,13
6111,11831,34555,0,4
6111,11832,34556,0,7
6111,12079,34557,0,77
6111,12080,34558,0,47
6111,12081,34559,0,61
6111,12082,34560,0,70
6111,12066,34561,0,1
6111,12066,34561,1,5
6111,12066,34561,2,1
6111,12066,34561,3,1
6111,12066,34561,4,3
6111,12066,34561,5,15
6111,12083,34562,0,88
6111,11759,34563,0,2
6111,12056,34564,0,2
6111,12056,34564,1,4
6111,12067,34565,0,2
6111,12067,34565,1,4
6111,12057,34566,0,2
6111,12057,34566,1,10
6111,11779,34567,0,2
6111,11779,34567,1,8
6111,11781,34568,0,1
6111,11781,34568,1,23
6111,11781,34568,2,18
6111,12084,34569,0,38
6111,12084,34569,1,5
6111,11782,34570,0,3
6111,11782,34570,1,11
6111,12085,34571,0,198
6111,11799,34572,0,2
6111,11799,34572,1,2
6111,12060,34573,0,7
6111,12060,34573,1,8
6111,12060,34573,2,8
6111,12086,34574,0,50
6111,12087,34575,0,78
6111,11787,34576,0,1
6111,11787,34576,1,3
6111,12068,34577,0,2
6111,12068,34577,1,11
6111,12071,34578,0,4
6111,12071,34578,1,6
6112,11821,34492,0,50
6112,11830,34493,0,1
6112,11830,34493,1,56
6112,12088,34494,0,106
6112,11781,34495,0,4
6112,12085,34496,0,2
6112,11799,34497,0,75
6112,11799,34497,1,8
6112,12012,34506,0,3
6112,12012,34506,1,4
6112,12013,34507,0,2
6112,12013,34507,1,3
228,557,2288,0,22
228,558,2289,0,24
228,558,2289,1,20
228,558,2289,2,16
228,558,2289,3,9
228,1150,2293,0,85
228,561,2295,0,2
228,561,2295,1,3
228,562,2296,0,21
228,562,2296,1,6
228,562,2296,2,87
228,1151,2298,0,70
228,1146,2300,0,17
228,1147,2301,0,52
228,565,2302,0,27
228,1152,2307,0,54
228,601,2308,0,42
228,1153,2309,0,45
228,1154,2310,0,73
228,605,2311,0,16
228,1021,2312,0,16
228,1155,2313,0,97
228,1156,2314,0,111
228,1157,2315,0,99
228,1158,2316,0,85
228,1092,2317,0,21
228,1159,2318,0,146
228,1160,2319,0,106
228,1161,2320,0,77
228,1162,2321,0,71
228,1163,2322,0,73
228,1164,2323,0,47
228,1165,2324,0,61
228,1166,2325,0,70
228,1167,2326,0,135
228,619,2327,0,21
228,1168,2328,0,94
228,1169,2329,0,88
228,1170,2330,0,44
228,567,2331,0,23
228,567,2331,1,1
228,567,2331,2,4
228,567,2331,3,1
228,567,2331,4,1
228,568,2332,0,7
228,568,2332,1,8
228,568,2332,2,2
228,568,2332,3,13
228,1171,2333,0,127
228,571,2334,0,26
228,571,2334,1,3
228,571,2334,2,48
228,571,2334,3,18
228,1172,2335,0,64
228,1017,2336,0,22
228,1017,2336,1,1
228,572,2337,0,5
228,575,2338,0,4
228,575,2338,1,5
228,576,2339,0,27
228,1173,2340,0,72
228,960,2341,0,4
228,960,2341,1,22
228,1174,2342,0,71
228,1175,2350,0,78
228,585,2352,0,12
228,1019,2353,0,25
228,588,2355,0,153
228,1176,2356,0,68
228,589,2357,0,41
228,1177,2359,0,198
228,1178,2366,0,112
228,1179,2370,0,106
228,1180,2372,0,50
228,1181,2373,0,78
228,1182,2375,0,142
228,1183,2376,0,101
228,1184,2377,0,176
228,622,2463,0,10
228,623,2464,0,3
228,623,2464,1,5
6113,10611,34871,0,22
6113,10612,34872,0,24
6113,10612,34872,1,20
6113,10612,34872,2,16
6113,10612,34872,3,9
6113,12099,34876,0,85
6113,10615,34878,0,2
6113,10615,34878,1,3
6113,10616,34879,0,21
6113,10616,34879,1,6
6113,10616,34879,2,87
6113,12100,34881,0,70
6113,11718,34883,0,17
6113,11719,34884,0,52
6113,10619,34885,0,27
6113,12102,34890,0,54
6113,10655,34891,0,42
6113,12104,34892,0,45
6113,12105,34893,0,73
6113,10659,34894,0,16
6113,11101,34895,0,16
6113,12106,34896,0,97
6113,12107,34897,0,111
6113,12108,34898,0,99
6113,12109,34899,0,85
6113,11515,34900,0,21
6113,12110,34901,0,146
6113,12111,34902,0,106
6113,12112,34903,0,77
6113,12113,34904,0,71
6113,12114,34905,0,73
6113,12115,34906,0,47
6113,12116,34907,0,61
6113,12117,34908,0,70
6113,12118,34909,0,135
6113,10673,34910,0,21
6113,12119,34911,0,94
6113,12120,34912,0,88
6113,12122,34913,0,44
6113,10621,34914,0,23
6113,10621,34914,1,1
6113,10621,34914,2,4
6113,10621,34914,3,1
6113,10621,34914,4,1
6113,10622,34915,0,7
6113,10622,34915,1,8
6113,10622,34915,2,2
6113,10622,34915,3,13
6113,12124,34916,0,127
6113,10625,34917,0,26
6113,10625,34917,1,3
6113,10625,34917,2,48
6113,10625,34917,3,18
6113,12125,34918,0,64
6113,11097,34919,0,22
6113,11097,34919,1,1
6113,10626,34920,0,5
6113,10629,34921,0,4
6113,10629,34921,1,5
6113,10630,34922,0,27
6113,12126,34923,0,72
6113,11015,34924,0,4
6113,11015,34924,1,22
6113,12127,34925,0,71
6113,12128,34933,0,78
6113,10639,34935,0,12
6113,11099,34936,0,25
6113,10642,34938,0,153
6113,12129,34939,0,68
6113,10643,34940,0,41
6113,12130,34942,0,198
6113,12132,34949,0,112
6113,12133,34953,0,106
6113,12134,34955,0,50
6113,12135,34956,0,78
6113,12137,34958,0,142
6113,12138,34959,0,101
6113,12139,34960,0,176
6113,10676,35046,0,10
6113,10677,35047,0,3
6113,10677,35047,1,5
230,1147,2024,0,8
230,1191,2025,0,57
230,1173,2026,0,4
230,1180,2027,0,1
230,1180,2027,1,8
230,1180,2027,2,2
230,1181,2028,0,16
6115,11719,34584,0,8
6115,12148,34585,0,57
6115,12126,34586,0,4
6115,12134,34587,0,1
6115,12134,34587,1,8
6115,12134,34587,2,2
6115,12135,34588,0,16
231,557,1982,0,2
231,562,1983,0,12
231,1150,1984,0,2
231,1151,1985,0,3
231,1151,1985,1,23
231,1151,1985,2,4
231,1146,1986,0,4
231,1146,1986,1,2
231,565,1987,0,3
231,565,1987,1,2
231,605,1988,0,2
231,1092,1989,0,2
231,1170,1990,0,2
231,1170,1990,1,2
231,1170,1990,2,2
231,568,1991,0,3
231,568,1991,1,2
231,568,1991,2,2
231,1171,1992,0,2
231,1171,1992,1,4
231,1171,1992,2,2
231,1191,1993,0,4
231,1191,1993,1,4
231,571,1994,0,6
231,571,1994,1,4
231,571,1994,2,4
231,1172,1995,0,2
231,1172,1995,1,2
231,1172,1995,2,9
231,576,1996,0,2
231,576,1996,1,4
231,1173,1997,0,2
231,1173,1997,1,2
231,1197,1998,0,67
231,1174,1999,0,2
231,1174,1999,1,2
231,1175,2000,0,2
231,1175,2000,1,2
231,1019,2001,0,2
231,1019,2001,1,2
231,588,2002,0,2
231,588,2002,1,4
231,588,2002,2,4
231,588,2002,3,2
231,588,2002,4,2
231,588,2002,5,2
231,1176,2003,0,2
231,1176,2003,1,2
231,589,2004,0,2
231,589,2004,1,2
231,1177,2005,0,3
231,1177,2005,1,1
231,1177,2005,2,2
231,1178,2006,0,2
231,1178,2006,1,2
231,1178,2006,2,2
231,1179,2007,0,2
231,1179,2007,1,2
231,1179,2007,2,2
231,1181,2008,0,5
231,1181,2008,1,2
231,1182,2009,0,2
231,1182,2009,1,2
231,1183,2010,0,2
231,1183,2010,1,2
231,1184,2011,0,2
231,1184,2011,1,2
231,622,2022,0,2
231,622,2022,1,2
231,623,2023,0,2
231,623,2023,1,2
6116,10611,34644,0,2
6116,10616,34645,0,12
6116,12099,34646,0,2
6116,12100,34647,0,3
6116,12100,34647,1,23
6116,12100,34647,2,4
6116,11718,34648,0,4
6116,11718,34648,1,2
6116,10619,34649,0,3
6116,10619,34649,1,2
6116,10659,34650,0,2
6116,11515,34651,0,2
6116,12122,34652,0,2
6116,12122,34652,1,2
6116,12122,34652,2,2
6116,10622,34653,0,3
6116,10622,34653,1,2
6116,10622,34653,2,2
6116,12124,34654,0,2
6116,12124,34654,1,4
6116,12124,34654,2,2
6116,12148,34655,0,4
6116,12148,34655,1,4
6116,10625,34656,0,6
6116,10625,34656,1,4
6116,10625,34656,2,4
6116,12125,34657,0,2
6116,12125,34657,1,2
6116,12125,34657,2,9
6116,10630,34658,0,2
6116,10630,34658,1,4
6116,12126,34659,0,2
6116,12126,34659,1,2
6116,12156,34660,0,67
6116,12127,34661,0,2
6116,12127,34661,1,2
6116,12128,34662,0,2
6116,12128,34662,1,2
6116,11099,34663,0,2
6116,11099,34663,1,2
6116,10642,34664,0,2
6116,10642,34664,1,4
6116,10642,34664,2,4
6116,10642,34664,3,2
6116,10642,34664,4,2
6116,10642,34664,5,2
6116,12129,34665,0,2
6116,12129,34665,1,2
6116,10643,34666,0,2
6116,10643,34666,1,2
6116,12130,34667,0,3
6116,12130,34667,1,1
6116,12130,34667,2,2
6116,12132,34668,0,2
6116,12132,34668,1,2
6116,12132,34668,2,2
6116,12133,34669,0,2
6116,12133,34669,1,2
6116,12133,34669,2,2
6116,12135,34670,0,5
6116,12135,34670,1,2
6116,12137,34671,0,2
6116,12137,34671,1,2
6116,12138,34672,0,2
6116,12138,34672,1,2
6116,12139,34673,0,2
6116,12139,34673,1,2
6116,10676,34684,0,2
6116,10676,34684,1,2
6116,10677,34685,0,2
6116,10677,34685,1,2
232,960,1981,0,2
6117,11015,34579,0,2
235,558,2085,0,3
235,558,2085,1,62
235,558,2085,2,54
235,1150,2087,0,10
235,1150,2087,1,12
235,1150,2087,2,130
235,1151,2088,0,2
235,1199,2089,0,63
235,1152,2090,0,62
235,1167,2091,0,1
235,1167,2091,1,2
235,1167,2091,2,2
235,1167,2091,3,33
235,568,2092,0,2
235,568,2092,1,2
235,568,2092,2,2
235,568,2092,3,2
235,1171,2093,0,3
235,1191,2094,0,2
235,1172,2096,0,7
235,1172,2096,1,8
235,1172,2096,2,8
235,1172,2096,3,134
235,576,2097,0,1
235,576,2097,1,1
235,576,2097,2,4
235,1019,2098,0,4
235,588,2099,0,1
235,588,2099,1,28
235,588,2099,2,5
235,589,2100,0,6
235,1177,2101,0,1
235,1177,2101,1,6
235,1177,2101,2,2
235,1179,2102,0,2
235,1182,2103,0,1
235,1182,2103,1,181
235,1182,2103,2,97
235,1183,2104,0,6
235,1183,2104,1,5
235,1184,2105,0,1
235,1184,2105,1,2
235,1184,2105,2,2
235,1184,2105,3,2
235,1184,2105,4,6
235,622,2114,0,2
235,623,2115,0,1
235,623,2115,1,11
6120,10612,34686,0,3
6120,10612,34686,1,62
6120,10612,34686,2,54
6120,12099,34688,0,10
6120,12099,34688,1,12
6120,12099,34688,2,130
6120,12100,34689,0,2
6120,12158,34690,0,63
6120,12102,34691,0,62
6120,12118,34692,0,1
6120,12118,34692,1,2
6120,12118,34692,2,2
6120,12118,34692,3,33
6120,10622,34693,0,2
6120,10622,34693,1,2
6120,10622,34693,2,2
6120,10622,34693,3,2
6120,12124,34694,0,3
6120,12148,34695,0,2
6120,12125,34697,0,7
6120,12125,34697,1,8
6120,12125,34697,2,8
6120,12125,34697,3,134
6120,10630,34698,0,1
6120,10630,34698,1,1
6120,10630,34698,2,4
6120,11099,34699,0,4
6120,10642,34700,0,1
6120,10642,34700,1,28
6120,10642,34700,2,5
6120,10643,34701,0,6
6120,12130,34702,0,1
6120,12130,34702,1,6
6120,12130,34702,2,2
6120,12133,34703,0,2
6120,12137,34704,0,1
6120,12137,34704,1,181
6120,12137,34704,2,97
6120,12138,34705,0,6
6120,12138,34705,1,5
6120,12139,34706,0,1
6120,12139,34706,1,2
6120,12139,34706,2,2
6120,12139,34706,3,2
6120,12139,34706,4,6
6120,10676,34715,0,2
6120,10677,34716,0,1
6120,10677,34716,1,11
236,558,2040,0,2
236,558,2040,1,2
236,558,2040,2,2
236,1150,2041,0,2
236,1150,2041,1,4
236,1150,2041,2,18
236,1150,2041,3,2
236,1150,2041,4,2
236,1151,2042,0,2
236,1146,2043,0,4
236,1146,2043,1,2
236,565,2044,0,2
236,565,2044,1,2
236,1155,2045,0,8
236,1155,2045,1,7
236,1155,2045,2,71
236,1170,2046,0,2
236,1170,2046,1,2
236,1170,2046,2,2
236,567,2047,0,4
236,567,2047,1,4
236,567,2047,2,34
236,567,2047,3,2
236,567,2047,4,6
236,1172,2048,0,3
236,1172,2048,1,4
236,1172,2048,2,4
236,1172,2048,3,59
236,1172,2048,4,10
236,1171,2049,0,3
236,1171,2049,1,18
236,1171,2049,2,4
236,1171,2049,3,2
236,1171,2049,4,2
236,1171,2049,5,2
236,568,2050,0,53
236,568,2050,1,18
236,1191,2051,0,4
236,1191,2051,1,6
236,576,2052,0,3
236,576,2052,1,8
236,1173,2053,0,2
236,1173,2053,1,2
236,1197,2054,0,2
236,1197,2054,1,6
236,1174,2055,0,2
236,1174,2055,1,2
236,1175,2056,0,2
236,1175,2056,1,2
236,1019,2057,0,2
236,1019,2057,1,2
236,588,2058,0,2
236,588,2058,1,4
236,588,2058,2,4
236,588,2058,3,2
236,588,2058,4,2
236,588,2058,5,2
236,1176,2059,0,2
236,1176,2059,1,2
236,589,2060,0,2
236,589,2060,1,4
236,1177,2061,0,2
236,1177,2061,1,2
236,1177,2061,2,2
236,1178,2062,0,2
236,1178,2062,1,2
236,1178,2062,2,2
236,1179,2063,0,2
236,1179,2063,1,2
236,1179,2063,2,2
236,1181,2064,0,2
236,1181,2064,1,2
236,1182,2065,0,6
236,1182,2065,1,47
236,1182,2065,2,2
236,1182,2065,3,10
236,1182,2065,4,72
236,1182,2065,5,111
236,1183,2066,0,2
236,1183,2066,1,2
236,1184,2067,0,2
236,1184,2067,1,2
236,1184,2067,2,2
236,1184,2067,3,2
236,622,2083,0,2
236,622,2083,1,2
236,623,2084,0,2
236,623,2084,1,2
6121,10612,34717,0,2
6121,10612,34717,1,2
6121,10612,34717,2,2
6121,12099,34718,0,2
6121,12099,34718,1,4
6121,12099,34718,2,18
6121,12099,34718,3,2
6121,12099,34718,4,2
6121,12100,34719,0,2
6121,11718,34720,0,4
6121,11718,34720,1,2
6121,10619,34721,0,2
6121,10619,34721,1,2
6121,12106,34722,0,8
6121,12106,34722,1,7
6121,12106,34722,2,71
6121,12122,34723,0,2
6121,12122,34723,1,2
6121,12122,34723,2,2
6121,10621,34724,0,4
6121,10621,34724,1,4
6121,10621,34724,2,34
6121,10621,34724,3,2
6121,10621,34724,4,6
6121,12125,34725,0,3
6121,12125,34725,1,4
6121,12125,34725,2,4
6121,12125,34725,3,59
6121,12125,34725,4,10
6121,12124,34726,0,3
6121,12124,34726,1,18
6121,12124,34726,2,4
6121,12124,34726,3,2
6121,12124,34726,4,2
6121,12124,34726,5,2
6121,10622,34727,0,53
6121,10622,34727,1,18
6121,12148,34728,0,4
6121,12148,34728,1,6
6121,10630,34729,0,3
6121,10630,34729,1,8
6121,12126,34730,0,2
6121,12126,34730,1,2
6121,12156,34731,0,2
6121,12156,34731,1,6
6121,12127,34732,0,2
6121,12127,34732,1,2
6121,12128,34733,0,2
6121,12128,34733,1,2
6121,11099,34734,0,2
6121,11099,34734,1,2
6121,10642,34735,0,2
6121,10642,34735,1,4
6121,10642,34735,2,4
6121,10642,34735,3,2
6121,10642,34735,4,2
6121,10642,34735,5,2
6121,12129,34736,0,2
6121,12129,34736,1,2
6121,10643,34737,0,2
6121,10643,34737,1,4
6121,12130,34738,0,2
6121,12130,34738,1,2
6121,12130,34738,2,2
6121,12132,34739,0,2
6121,12132,34739,1,2
6121,12132,34739,2,2
6121,12133,34740,0,2
6121,12133,34740,1,2
6121,12133,34740,2,2
6121,12135,34741,0,2
6121,12135,34741,1,2
6121,12137,34742,0,6
6121,12137,34742,1,47
6121,12137,34742,2,2
6121,12137,34742,3,10
6121,12137,34742,4,72
6121,12137,34742,5,111
6121,12138,34743,0,2
6121,12138,34743,1,2
6121,12139,34744,0,2
6121,12139,34744,1,2
6121,12139,34744,2,2
6121,12139,34744,3,2
6121,10676,34760,0,2
6121,10676,34760,1,2
6121,10677,34761,0,2
6121,10677,34761,1,2
237,557,2121,0,2
237,557,2121,1,2
237,1150,2122,0,3
237,1150,2122,1,6
237,1151,2123,0,2
237,1151,2123,1,42
237,1199,2124,0,4
237,1199,2124,1,16
237,1153,2125,0,1
237,1153,2125,1,13
237,1155,2126,0,1
237,1155,2126,1,18
237,1155,2126,2,9
237,1156,2127,0,1
237,1156,2127,1,2
237,1156,2127,2,2
237,1157,2128,0,1
237,1157,2128,1,4
237,1204,2129,0,45
237,1158,2130,0,9
237,1159,2131,0,4
237,1160,2132,0,1
237,1160,2132,1,4
237,1205,2133,0,45
237,1161,2134,0,1
237,1161,2134,1,5
237,1162,2135,0,9
237,1162,2135,1,37
237,1166,2136,0,5
237,1166,2136,1,19
237,1167,2137,0,13
237,1167,2137,1,1
237,1168,2138,0,1
237,1168,2138,1,8
237,1169,2139,0,1
237,1169,2139,1,2
237,1172,2140,0,1
237,1172,2140,1,4
237,1171,2141,0,11
237,568,2142,0,15
237,568,2142,1,24
237,1191,2143,0,1
237,1191,2143,1,17
237,1191,2143,2,5
237,1206,2144,0,147
237,575,2145,0,8
237,575,2145,1,1
237,575,2145,2,5
237,1197,2146,0,1
237,1197,2146,1,20
237,588,2147,0,2
237,589,2148,0,13
237,589,2148,1,45
237,1177,2149,0,29
237,1177,2149,1,27
237,1177,2149,2,12
237,1177,2149,3,10
237,1177,2149,4,50
237,1177,2149,5,2
237,1207,2150,0,57
237,1208,2151,0,57
237,1182,2152,0,2
237,1184,2153,0,1
237,1184,2153,1,1
237,1184,2153,2,1
237,1184,2153,3,2
237,1184,2153,4,8
237,1210,2157,0,102
237,1211,2158,0,135
237,1212,2159,0,76
6122,10611,34818,0,2
6122,10611,34818,1,2
6122,12099,34819,0,3
6122,12099,34819,1,6
6122,12100,34820,0,2
6122,12100,34820,1,42
6122,12158,34821,0,4
6122,12158,34821,1,16
6122,12104,34822,0,1
6122,12104,34822,1,13
6122,12106,34823,0,1
6122,12106,34823,1,18
6122,12106,34823,2,9
6122,12107,34824,0,1
6122,12107,34824,1,2
6122,12107,34824,2,2
6122,12108,34825,0,1
6122,12108,34825,1,4
6122,12164,34826,0,45
6122,12109,34827,0,9
6122,12110,34828,0,4
6122,12111,34829,0,1
6122,12111,34829,1,4
6122,12165,34830,0,45
6122,12112,34831,0,1
6122,12112,34831,1,5
6122,12113,34832,0,9
6122,12113,34832,1,37
6122,12117,34833,0,5
6122,12117,34833,1,19
6122,12118,34834,0,13
6122,12118,34834,1,1
6122,12119,34835,0,1
6122,12119,34835,1,8
6122,12120,34836,0,1
6122,12120,34836,1,2
6122,12125,34837,0,1
6122,12125,34837,1,4
6122,12124,34838,0,11
6122,10622,34839,0,15
6122,10622,34839,1,24
6122,12148,34840,0,1
6122,12148,34840,1,17
6122,12148,34840,2,5
6122,12166,34841,0,147
6122,10629,34842,0,8
6122,10629,34842,1,1
6122,10629,34842,2,5
6122,12156,34843,0,1
6122,12156,34843,1,20
6122,10642,34844,0,2
6122,10643,34845,0,13
6122,10643,34845,1,45
6122,12130,34846,0,29
6122,12130,34846,1,27
6122,12130,34846,2,12
6122,12130,34846,3,10
6122,12130,34846,4,50
6122,12130,34846,5,2
6122,12167,34847,0,57
6122,12168,34848,0,57
6122,12137,34849,0,2
6122,12139,34850,0,1
6122,12139,34850,1,1
6122,12139,34850,2,1
6122,12139,34850,3,2
6122,12139,34850,4,8
6122,12171,34854,0,102
6122,12172,34855,0,135
6122,12173,34856,0,76
3328,5556,18739,0,2
3328,5556,18739,1,8
3328,5560,18740,0,2
3328,5560,18740,1,33
3328,5712,18742,0,2
3328,6000,18743,0,1
3328,6000,18743,1,5
3328,5566,18744,0,10
3328,5566,18744,1,1
3328,5566,18744,2,15
3328,5566,18744,3,4
3328,5566,18744,4,29
3328,5566,18744,5,3
3328,5566,18744,6,6
3328,5566,18744,7,6
3328,5566,18744,8,5
3328,5566,18744,9,3
3328,5566,18744,10,10
3328,5566,18744,11,3
3328,5566,18744,12,7
3328,5566,18744,13,4
3328,5566,18744,14,3
3328,5566,18744,15,3
3328,5566,18744,16,6
3328,5566,18744,17,4
3328,5566,18744,18,4
3328,5566,18744,19,12
3328,5566,18744,20,1
3328,5566,18744,21,7
3328,5566,18744,22,9
3328,5566,18744,23,15
3328,5566,18744,24,6
3328,5566,18744,25,3
3328,5566,18744,26,4
3328,5566,18744,27,3
3328,5566,18744,28,10
3328,5566,18744,29,3
3328,5566,18744,30,6
3328,5566,18744,31,6
3328,5566,18744,32,3
3328,5566,18744,33,4
3328,5566,18744,34,10
3328,5566,18744,35,93
3328,5676,18745,0,1
3328,5676,18745,1,8
3328,5676,18745,2,2
3328,5676,18745,3,20
3328,5676,18745,4,8
3328,5740,18746,0,2
3328,6004,18748,0,35
3328,6005,18749,0,135
3328,6006,18750,0,139
3328,6007,18751,0,40
3328,6008,18752,0,48
3328,6009,18753,0,32
3328,6011,18754,0,24
3328,6012,18755,0,40
3328,6013,18756,0,37
3328,6014,18757,0,19
3328,6015,18758,0,18
3328,6016,18759,0,30
3328,6017,18760,0,99
3328,6018,18761,0,19
3328,6019,18762,0,17
3328,6020,18763,0,34
3328,6021,18764,0,40
3328,6022,18765,0,36
3328,6023,18766,0,20
3328,5572,18768,0,2
3328,5572,18768,1,5
3328,5572,18768,2,17
3329,6004,18681,0,15
3329,6005,18682,0,15
3329,6006,18683,0,15
3329,6007,18684,0,15
3329,6008,18685,0,16
3329,6009,18686,0,15
3329,6011,18687,0,15
3329,6012,18688,0,15
3329,6013,18689,0,15
3329,6014,18690,0,15
3329,6015,18691,0,15
3329,6016,18692,0,15
3329,6017,18693,0,15
3329,6018,18694,0,15
3329,6019,18695,0,15
3329,6020,18696,0,15
3329,6021,18697,0,15
3329,6022,18698,0,15
3329,6023,18699,0,15
238,557,2196,0,2
238,558,2197,0,26
238,1219,2198,0,58
238,1152,2199,0,3
238,1152,2199,1,18
238,1220,2200,0,41
238,1221,2201,0,122
238,605,2202,0,1
238,1159,2203,0,19
238,1167,2204,0,1
238,1167,2204,1,1
238,1167,2204,2,4
238,1167,2204,3,7
238,1167,2204,4,8
238,1167,2204,5,4
238,1167,2204,6,5
238,1167,2204,7,37
238,1173,2205,0,2
238,960,2206,0,7
238,1175,2207,0,2
238,585,2208,0,3
238,585,2208,1,12
238,1019,2209,0,2
238,588,2210,0,2
238,1176,2211,0,2
238,1176,2211,1,8
238,589,2212,0,2
238,589,2212,1,1
238,589,2212,2,3
238,1177,2213,0,2
238,1177,2213,1,11
238,1177,2213,2,2
238,1177,2213,3,1
238,1177,2213,4,1
238,1178,2214,0,2
238,1178,2214,1,2
238,1178,2214,2,2
238,1179,2215,0,4
238,1179,2215,1,2
238,1207,2216,0,4
238,1208,2217,0,4
238,1180,2218,0,2
238,1180,2218,1,4
238,1180,2218,2,8
238,1181,2219,0,3
238,1181,2219,1,2
238,1181,2219,2,1
238,1182,2220,0,2
238,1182,2220,1,1
238,1182,2220,2,1
238,1182,2220,3,4
238,1183,2221,0,2
238,1183,2221,1,11
238,1184,2222,0,1
238,1184,2222,1,7
238,1184,2222,2,1
238,1184,2222,3,6
238,1184,2222,4,14
238,1224,2227,0,48
238,1225,2228,0,64
238,1226,2229,0,69
238,1227,2230,0,128
238,1210,2242,0,7
6123,10611,34764,0,2
6123,10612,34765,0,26
6123,12181,34766,0,58
6123,12102,34767,0,3
6123,12102,34767,1,18
6123,12182,34768,0,41
6123,12183,34769,0,122
6123,10659,34770,0,1
6123,12110,34771,0,19
6123,12118,34772,0,1
6123,12118,34772,1,1
6123,12118,34772,2,4
6123,12118,34772,3,7
6123,12118,34772,4,8
6123,12118,34772,5,4
6123,12118,34772,6,5
6123,12118,34772,7,37
6123,12126,34773,0,2
6123,11015,34774,0,7
6123,12128,34775,0,2
6123,10639,34776,0,3
6123,10639,34776,1,12
6123,11099,34777,0,2
6123,10642,34778,0,2
6123,12129,34779,0,2
6123,12129,34779,1,8
6123,10643,34780,0,2
6123,10643,34780,1,1
6123,10643,34780,2,3
6123,12130,34781,0,2
6123,12130,34781,1,11
6123,12130,34781,2,2
6123,12130,34781,3,1
6123,12130,34781,4,1
6123,12132,34782,0,2
6123,12132,34782,1,2
6123,12132,34782,2,2
6123,12133,34783,0,4
6123,12133,34783,1,2
6123,12167,34784,0,4
6123,12168,34785,0,4
6123,12134,34786,0,2
6123,12134,34786,1,4
6123,12134,34786,2,8
6123,12135,34787,0,3
6123,12135,34787,1,2
6123,12135,34787,2,1
6123,12137,34788,0,2
6123,12137,34788,1,1
6123,12137,34788,2,1
6123,12137,34788,3,4
6123,12138,34789,0,2
6123,12138,34789,1,11
6123,12139,34790,0,1
6123,12139,34790,1,7
6123,12139,34790,2,1
6123,12139,34790,3,6
6123,12139,34790,4,14
6123,12187,34795,0,48
6123,12189,34796,0,64
6123,12190,34797,0,69
6123,12193,34798,0,128
6123,12171,34810,0,7
239,1236,2169,0,28
239,1152,2170,0,3
239,1152,2170,1,6
239,1152,2170,2,4
239,1152,2170,3,17
239,1220,2171,0,22
239,1221,2172,0,2
239,1221,2172,1,13
239,1221,2172,2,2
239,1221,2172,3,40
239,1159,2173,0,2
239,1167,2174,0,1
239,1167,2174,1,2
239,1167,2174,2,31
239,1167,2174,3,22
239,1224,2178,0,31
239,1224,2178,1,7
239,1238,2179,0,68
239,1226,2181,0,7
239,1226,2181,1,21
239,1227,2182,0,32
239,1227,2182,1,9
239,1227,2182,2,3
239,1227,2182,3,2
6124,12203,35055,0,28
6124,12102,35056,0,3
6124,12102,35056,1,6
6124,12102,35056,2,4
6124,12102,35056,3,17
6124,12182,35057,0,22
6124,12183,35058,0,2
6124,12183,35058,1,13
6124,12183,35058,2,2
6124,12183,35058,3,40
6124,12110,35059,0,2
6124,12118,35060,0,1
6124,12118,35060,1,2
6124,12118,35060,2,31
6124,12118,35060,3,22
6124,12187,35064,0,31
6124,12187,35064,1,7
6124,12205,35065,0,68
6124,12190,35067,0,7
6124,12190,35067,1,21
6124,12193,35068,0,32
6124,12193,35068,1,9
6124,12193,35068,2,3
6124,12193,35068,3,2
240,605,2248,0,14
240,1159,2249,0,1
240,1169,2252,0,12
240,1177,2253,0,2
240,1177,2253,1,1
240,1177,2253,2,2
240,1177,2253,3,2
6125,10659,35100,0,14
6125,12110,35101,0,1
6125,12120,35104,0,12
6125,12130,35105,0,2
6125,12130,35105,1,1
6125,12130,35105,2,2
6125,12130,35105,3,2
3331,5572,18672,0,2
3331,5572,18672,1,2
241,1236,2262,0,6
241,1240,2263,0,87
241,1167,2264,0,14
241,1167,2264,1,8
241,1167,2264,2,4
241,1167,2264,3,8
241,1167,2264,4,2
241,1167,2264,5,2
241,1167,2264,6,1
241,1171,2265,0,2
241,1171,2265,1,5
241,1171,2265,2,9
241,1171,2265,3,50
241,1206,2266,0,3
241,1206,2266,1,42
241,1206,2266,2,5
241,576,2267,0,31
241,1242,2275,0,140
241,1243,2276,0,41
241,1243,2276,1,9
241,1210,2277,0,3
241,1212,2278,0,4
6126,12203,35131,0,6
6126,12207,35132,0,87
6126,12118,35133,0,14
6126,12118,35133,1,8
6126,12118,35133,2,4
6126,12118,35133,3,8
6126,12118,35133,4,2
6126,12118,35133,5,2
6126,12118,35133,6,1
6126,12124,35134,0,2
6126,12124,35134,1,5
6126,12124,35134,2,9
6126,12124,35134,3,50
6126,12166,35135,0,3
6126,12166,35135,1,42
6126,12166,35135,2,5
6126,10630,35136,0,31
6126,12210,35144,0,140
6126,12211,35145,0,41
6126,12211,35145,1,9
6126,12171,35146,0,3
6126,12173,35147,0,4
242,1238,2190,0,2
242,925,2191,0,4
242,925,2191,1,2
242,925,2191,2,4
242,925,2191,3,2
242,1033,2192,0,5
242,1033,2192,1,5
242,1033,2192,2,10
242,1033,2192,3,4
242,1033,2192,4,4
6127,12205,35080,0,2
6127,10979,35081,0,4
6127,10979,35081,1,2
6127,10979,35081,2,4
6127,10979,35081,3,2
6127,11113,35082,0,5
6127,11113,35082,1,5
6127,11113,35082,2,10
6127,11113,35082,3,4
6127,11113,35082,4,4
244,1171,2477,0,11
244,1206,2478,0,11
6129,12124,35087,0,11
6129,12166,35088,0,11
247,1240,2509,0,7
6132,12207,35151,0,7
248,1154,2489,0,8
248,1021,2490,0,4
248,1155,2491,0,16
248,1156,2492,0,6
248,1157,2493,0,8
248,1204,2494,0,6
248,1158,2495,0,8
248,1160,2496,0,8
248,1205,2497,0,6
248,1161,2498,0,4
248,1162,2499,0,40
248,1163,2500,0,10
248,1166,2501,0,14
248,619,2502,0,6
248,1168,2503,0,8
248,1167,2504,0,4
248,1167,2504,1,6
248,1167,2504,2,8
248,1167,2504,3,4
6133,12105,35112,0,8
6133,11101,35113,0,4
6133,12106,35114,0,16
6133,12107,35115,0,6
6133,12108,35116,0,8
6133,12164,35117,0,6
6133,12109,35118,0,8
6133,12111,35119,0,8
6133,12165,35120,0,6
6133,12112,35121,0,4
6133,12113,35122,0,40
6133,12114,35123,0,10
6133,12117,35124,0,14
6133,10673,35125,0,6
6133,12119,35126,0,8
6133,12118,35127,0,4
6133,12118,35127,1,6
6133,12118,35127,2,8
6133,12118,35127,3,4
249,1159,2484,0,1
6134,12110,35094,0,1
3332,5572,18673,0,2
3332,5574,18674,0,8
258,1248,2596,0,54
258,1250,2597,0,277
258,1251,2598,0,185
258,1252,2599,0,106
258,1253,2600,0,179
258,1254,2601,0,93
258,1255,2602,0,886
258,1256,2603,0,43
258,1257,2604,0,1192
258,1258,2605,0,94
258,1259,2606,0,476
258,1260,2607,0,333
258,1261,2608,0,197
258,1262,2609,0,417
258,1263,2610,0,308
258,1265,2611,0,105
6143,12217,35178,0,54
6143,12219,35179,0,277
6143,12220,35180,0,185
6143,12221,35181,0,106
6143,12222,35182,0,179
6143,12223,35183,0,93
6143,12224,35184,0,886
6143,12225,35185,0,43
6143,12226,35186,0,1192
6143,12227,35187,0,94
6143,12228,35188,0,476
6143,12229,35189,0,333
6143,12230,35190,0,197
6143,12231,35191,0,417
6143,12232,35192,0,308
6143,12234,35193,0,105
259,1248,2529,0,9
6144,12217,35169,0,9
261,1206,2533,0,2
261,1269,2534,0,106
6146,12166,35198,0,2
6146,12238,35199,0,106
264,1152,2568,0,4
264,1152,2568,1,3
264,1152,2568,2,22
264,605,2569,0,2
264,1275,2570,0,149
264,1167,2571,0,1
264,1167,2571,1,22
264,1276,2572,0,228
264,1277,2573,0,155
264,1269,2574,0,1
264,1269,2574,1,9
6149,12102,35235,0,4
6149,12102,35235,1,3
6149,12102,35235,2,22
6149,10659,35236,0,2
6149,12244,35237,0,149
6149,12118,35238,0,1
6149,12118,35238,1,22
6149,12245,35239,0,228
6149,12246,35240,0,155
6149,12238,35241,0,1
6149,12238,35241,1,9
265,1277,2545,0,3
265,1280,2547,0,59
6150,12246,35207,0,3
6150,12249,35209,0,59
266,1280,2543,0,1
266,1280,2543,1,23
6151,12249,35211,0,1
6151,12249,35211,1,23
267,1171,2560,0,22
267,1269,2561,0,22
6152,12124,35215,0,22
6152,12238,35216,0,22
268,557,2563,0,6
268,567,2564,0,4
268,567,2564,1,15
268,567,2564,2,5
268,568,2565,0,1
268,568,2565,1,23
268,568,2565,2,6
268,568,2565,3,4
268,568,2565,4,9
6153,10611,35218,0,6
6153,10621,35219,0,4
6153,10621,35219,1,15
6153,10621,35219,2,5
6153,10622,35220,0,1
6153,10622,35220,1,23
6153,10622,35220,2,6
6153,10622,35220,3,4
6153,10622,35220,4,9
1,26,98,0,61
1,27,99,0,194
1,28,100,0,234
1,29,101,0,37
1,30,102,0,138
1,32,103,0,20
1,33,104,0,66
1,34,105,0,43
1,36,106,0,83
1,37,107,0,34
1,38,108,0,115
1,39,109,0,80
1,41,110,0,52
1,42,111,0,33
1,43,112,0,75
1,44,113,0,32
1,45,114,0,44
1,46,115,0,43
1,47,116,0,123
1,48,117,0,185
1,49,118,0,114
1,50,119,0,106
1,51,120,0,47
1,52,121,0,88
1,53,122,0,41
1,54,123,0,153
1,55,124,0,111
1,56,125,0,47
1,57,126,0,83
1,58,127,0,127
1,59,128,0,77
1,60,129,0,47
1,61,130,0,61
1,62,131,0,96
1,63,132,0,49
1,64,133,0,197
1,66,134,0,44
1,68,135,0,185
1,69,136,0,215
1,70,137,0,129
1,71,138,0,107
1,72,139,0,80
1,73,140,0,172
1,74,141,0,34
1,75,142,0,120
1,76,143,0,60
1,77,144,0,59
1,79,145,0,76
1,80,146,0,40
1,81,147,0,86
1,82,148,0,71
1,84,149,0,78
1,85,150,0,46
1,87,151,0,45
1,88,152,0,158
1,89,153,0,74
1,90,154,0,109
1,92,155,0,114
1,94,156,0,110
1,95,157,0,59
1,96,158,0,59
1,97,159,0,71
1,98,160,0,97
1,100,161,0,303
1,101,162,0,107
1,174,199,0,68
1,176,200,0,70
1,177,201,0,71
1,178,202,0,101
1,179,203,0,89
1,181,204,0,249
1,184,205,0,132
1,186,206,0,197
1,220,225,0,67
1,221,226,0,137
1,222,227,0,28
1,223,228,0,109
1,224,229,0,118
1,234,236,0,103
1,235,237,0,25
1,236,238,0,111
1,237,239,0,79
1,238,240,0,38
1,252,248,0,140
1,253,249,0,72
1,255,250,0,104
1,256,251,0,135
1,257,252,0,80
1,259,253,0,86
1,260,254,0,122
1,261,255,0,111
1,262,256,0,52
3333,5870,18676,0,39
3333,5820,18677,0,6
3333,5820,18677,1,91
280,1171,2643,0,2
280,1171,2643,1,4
280,1171,2643,2,18
280,1171,2643,3,68
280,1171,2643,4,11
280,1171,2643,5,6
280,1269,2644,0,52
280,1269,2644,1,6
6165,12124,35300,0,2
6165,12124,35300,1,4
6165,12124,35300,2,18
6165,12124,35300,3,68
6165,12124,35300,4,11
6165,12124,35300,5,6
6165,12238,35301,0,52
6165,12238,35301,1,6
3334,5572,18675,0,2
3334,5572,18675,1,2
3334,5572,18675,2,2
3334,5572,18675,3,2
3334,5572,18675,4,2
3334,5572,18675,5,2
3334,5572,18675,6,2
3334,5572,18675,7,2
3334,5572,18675,8,2
283,1275,2655,0,1
283,1275,2655,1,21
283,1276,2656,0,6
283,1276,2656,1,4
283,1276,2656,2,20
283,1276,2656,3,8
6168,12244,35284,0,1
6168,12244,35284,1,21
6168,12245,35285,0,6
6168,12245,35285,1,4
6168,12245,35285,2,20
6168,12245,35285,3,8
289,557,2675,0,48
289,1199,2676,0,3
289,1199,2676,1,6
289,1199,2676,2,48
289,605,2677,0,1
289,1315,2678,0,105
289,1316,2679,0,58
289,1275,2680,0,2
289,1167,2681,0,14
289,1317,2682,0,127
289,567,2683,0,1
289,567,2683,1,105
289,567,2683,2,3
289,567,2683,3,90
289,1171,2684,0,2
289,568,2685,0,4
289,568,2685,1,41
289,568,2685,2,7
289,568,2685,3,27
289,1277,2687,0,1
289,1277,2687,1,6
289,589,2688,0,1
289,589,2688,1,11
6174,10611,35339,0,48
6174,12158,35340,0,3
6174,12158,35340,1,6
6174,12158,35340,2,48
6174,10659,35341,0,1
6174,12285,35342,0,105
6174,12286,35343,0,58
6174,12244,35344,0,2
6174,12118,35345,0,14
6174,12287,35346,0,127
6174,10621,35347,0,1
6174,10621,35347,1,105
6174,10621,35347,2,3
6174,10621,35347,3,90
6174,12124,35348,0,2
6174,10622,35349,0,4
6174,10622,35349,1,41
6174,10622,35349,2,7
6174,10622,35349,3,27
6174,12246,35351,0,1
6174,12246,35351,1,6
6174,10643,35352,0,1
6174,10643,35352,1,11
291,557,2711,0,3
291,1199,2712,0,8
291,1199,2712,1,32
291,1199,2712,2,16
291,605,2713,0,1
291,1316,2714,0,4
291,1316,2714,1,7
291,1167,2715,0,20
291,567,2716,0,1
291,567,2716,1,2
291,567,2716,2,3
291,567,2716,3,17
291,568,2717,0,4
291,568,2717,1,4
291,1277,2718,0,4
291,589,2719,0,20
291,1323,2720,0,66
291,1324,2721,0,101
6176,10611,35318,0,3
6176,12158,35319,0,8
6176,12158,35319,1,32
6176,12158,35319,2,16
6176,10659,35320,0,1
6176,12286,35321,0,4
6176,12286,35321,1,7
6176,12118,35322,0,20
6176,10621,35323,0,1
6176,10621,35323,1,2
6176,10621,35323,2,3
6176,10621,35323,3,17
6176,10622,35324,0,4
6176,10622,35324,1,4
6176,12246,35325,0,4
6176,10643,35326,0,20
6176,12293,35327,0,66
6176,12294,35328,0,101
292,1167,2698,0,6
292,1242,2699,0,2
6177,12118,35310,0,6
6177,12210,35311,0,2
293,1152,2697,0,22
6178,12102,35309,0,22
3626,6302,20144,0,150
3626,6303,20145,0,171
3626,6304,20146,0,157
3626,6305,20147,0,176
3626,6306,20148,0,239
3626,6307,20149,0,207
3626,6308,20150,0,222
3626,6330,20165,0,57
3626,6332,20166,0,179
3626,6333,20167,0,204
3626,6334,20168,0,137
3626,6335,20169,0,79
3626,6336,20170,0,175
3626,6337,20171,0,154
3626,6338,20172,0,113
3626,6339,20173,0,75
3626,6344,20174,0,90
3626,6345,20175,0,57
3626,6346,20176,0,286
3626,6347,20177,0,504
3626,6348,20178,0,43
3626,6349,20179,0,149
3626,6351,20180,0,1007
3626,6352,20181,0,29
3626,6353,20182,0,43
3626,6354,20183,0,91
3626,6355,20184,0,98
3626,6357,20185,0,385
3626,6358,20186,0,161
3626,6359,20187,0,163
3626,6361,20188,0,276
3626,6362,20189,0,287
3626,6363,20190,0,1101
3626,6364,20191,0,132
3626,6365,20192,0,260
3626,6366,20193,0,301
3626,6367,20194,0,33
3626,6368,20195,0,56
3626,6369,20196,0,415
3626,6370,20197,0,46
3626,6372,20198,0,50
3626,6374,20199,0,268
3626,6375,20200,0,45
3626,6376,20201,0,84
3626,6377,20202,0,28
3626,6378,20203,0,318
3626,6379,20204,0,140
3626,6380,20205,0,107
3626,6382,20206,0,53
3626,6383,20207,0,53
3626,6384,20208,0,51
3626,6385,20209,0,51
3626,6386,20210,0,45
3626,6387,20211,0,52
3626,6388,20212,0,52
3626,6389,20213,0,49
3626,6390,20214,0,88
3626,6392,20215,0,40
3626,6393,20216,0,75
3626,6394,20217,0,33
3626,6396,20218,0,48
3626,6397,20219,0,47
3626,6398,20220,0,48
3626,6399,20221,0,29
3626,6400,20222,0,52
3626,6401,20223,0,50
3626,6403,20224,0,85
3626,6404,20225,0,118
3626,6405,20226,0,80
3626,6406,20227,0,39
3626,6407,20228,0,188
3626,6408,20229,0,80
3626,6410,20230,0,127
3626,6411,20231,0,120
3626,6412,20232,0,125
3626,6413,20233,0,241
3626,6414,20234,0,156
3626,6415,20235,0,160
3626,6416,20236,0,40
3626,6418,20237,0,16
3626,6419,20238,0,70
3626,6421,20239,0,390
3626,6422,20240,0,490
3626,6423,20241,0,146
3626,6424,20242,0,239
3626,6425,20243,0,503
3626,6426,20244,0,721
3626,6427,20245,0,38
3626,6428,20246,0,221
3626,6429,20247,0,155
3626,6430,20248,0,897
3626,6431,20249,0,495
3626,6432,20250,0,218
3626,6433,20251,0,441
3626,6435,20252,0,264
3626,6436,20253,0,387
3626,6438,20254,0,110
3626,6439,20255,0,91
3626,6440,20256,0,88
3626,6441,20257,0,157
3626,6442,20258,0,138
3626,6443,20259,0,111
3626,6444,20260,0,96
3626,6445,20261,0,125
3626,6446,20262,0,128
3626,6447,20263,0,168
3626,6448,20264,0,183
3626,6449,20265,0,105
3626,6450,20266,0,113
3626,6451,20267,0,36
3626,6452,20268,0,34
3626,6453,20269,0,117
3626,6454,20270,0,86
3626,6455,20271,0,99
3626,6456,20272,0,104
3626,6457,20273,0,347
3626,6458,20274,0,171
3626,6459,20275,0,289
3626,6460,20276,0,119
3626,6461,20277,0,119
3626,6462,20278,0,127
3626,6463,20279,0,128
294,567,2703,0,2
294,567,2703,1,1
294,1207,2704,0,2
294,1208,2705,0,2
6179,10621,35314,0,2
6179,10621,35314,1,1
6179,12167,35315,0,2
6179,12168,35316,0,2
3627,6435,20087,0,1
3627,6435,20087,1,23
3627,6435,20087,2,4
3627,6435,20087,3,4
3627,6435,20087,4,2
3627,6435,20087,5,6
3627,6435,20087,6,2
3627,6436,20088,0,15
3627,6436,20088,1,2
3627,6436,20088,2,4
3627,6436,20088,3,2
3627,6436,20088,4,4
3627,6436,20088,5,2
3627,6436,20088,6,2
3627,6436,20088,7,8
3627,6436,20088,8,11
3628,6428,20086,0,7
3628,6428,20086,1,1
298,1330,2745,0,263
298,1331,2746,0,44
298,1332,2747,0,61
298,1333,2748,0,103
298,1334,2749,0,201
298,1335,2750,0,102
6183,12300,35448,0,263
6183,12301,35449,0,44
6183,12302,35450,0,61
6183,12303,35451,0,103
6183,12304,35452,0,201
6183,12305,35453,0,102
3335,5911,18678,0,4
3335,5574,18679,0,2
3335,5574,18679,1,2
3336,6025,18721,0,114
3336,6026,18722,0,27
3336,6028,18723,0,46
3336,6029,18724,0,55
3336,5913,18725,0,3
3336,5913,18725,1,14
3336,5870,18726,0,1
3336,5870,18726,1,6
3336,5870,18726,2,4
3336,5593,18727,0,1
3336,5593,18727,1,5
3336,5806,18728,0,2
3336,5806,18728,1,5
3336,5806,18728,2,17
3336,5872,18729,0,2
3336,5872,18729,1,4
3336,5780,18730,0,2
3336,5780,18730,1,5
3336,5780,18730,2,10
3336,5780,18730,3,4
3336,5781,18731,0,2
3336,5781,18731,1,1
3336,5781,18731,2,10
3336,5781,18731,3,4
3336,5821,18732,0,2
3336,5609,18733,0,2
3336,5609,18733,1,33
3336,5611,18734,0,1
3336,5611,18734,1,5
3336,5873,18735,0,1
3336,5873,18735,1,7
3336,5774,18736,0,2
3336,5774,18736,1,5
3336,5774,18736,2,18
3336,6030,18737,0,99
3629,6361,20096,0,1
3629,6361,20096,1,2
3629,6361,20096,2,2
3629,6369,20097,0,1
3629,6369,20097,1,2
3629,6421,20098,0,1
3629,6421,20098,1,2
3629,6421,20098,2,2
3629,6422,20099,0,1
3629,6422,20099,1,2
3629,6426,20100,0,1
3629,6426,20100,1,2
3629,6426,20100,2,2
3629,6426,20100,3,2
3629,6431,20101,0,1
3629,6431,20101,1,2
3629,6435,20102,0,1
3629,6435,20102,1,12
3629,6435,20102,2,30
3629,6435,20102,3,2
3629,6436,20103,0,1
3629,6436,20103,1,23
3629,6436,20103,2,19
3629,6436,20103,3,2
301,1159,2710,0,6
6186,12110,35405,0,6
3630,6364,20104,0,5
3630,6365,20105,0,5
3630,6369,20106,0,5
3631,6351,20116,0,2
3631,6351,20116,1,2
3631,6351,20116,2,2
3631,6351,20116,3,2
3631,6351,20116,4,2
3631,6351,20116,5,2
3631,6351,20116,6,2
3631,6357,20117,0,2
3631,6357,20117,1,2
3631,6361,20118,0,2
3631,6362,20119,0,2
3631,6363,20120,0,2
3631,6363,20120,1,2
3631,6363,20120,2,4
3631,6363,20120,3,2
3631,6363,20120,4,2
3631,6363,20120,5,2
3631,6363,20120,6,2
3631,6364,20121,0,2
3631,6365,20122,0,2
3631,6366,20123,0,2
3631,6369,20124,0,2
3631,6369,20124,1,2
3631,6369,20124,2,8
3631,6369,20124,3,2
3631,6393,20125,0,2
3631,6415,20126,0,2
3631,6421,20127,0,2
3631,6421,20127,1,2
3631,6422,20128,0,2
3631,6422,20128,1,2
3631,6422,20128,2,2
3631,6424,20129,0,2
3631,6426,20130,0,2
3631,6426,20130,1,2
3631,6430,20131,0,2
3631,6430,20131,1,2
3631,6430,20131,2,2
3631,6431,20132,0,2
3631,6431,20132,1,2
3631,6431,20132,2,2
3631,6431,20132,3,2
3631,6431,20132,4,2
3631,6431,20132,5,2
3631,6431,20132,6,2
3631,6433,20133,0,2
3631,6433,20133,1,2
3631,6433,20133,2,2
3631,6433,20133,3,2
3631,6433,20133,4,2
3631,6433,20133,5,2
3631,6433,20133,6,2
3631,6435,20134,0,8
3631,6435,20134,1,2
3631,6435,20134,2,3
3631,6435,20134,3,5
3631,6435,20134,4,8
3631,6436,20135,0,4
3631,6436,20135,1,3
3631,6436,20135,2,3
3631,6436,20135,3,3
3631,6436,20135,4,6
3631,6436,20135,5,3
3631,6436,20135,6,3
3631,6436,20135,7,3
3631,6436,20135,8,12
3631,6436,20135,9,9
3631,6436,20135,10,3
3631,6436,20135,11,6
3631,6436,20135,12,18
3631,6436,20135,13,3
3631,6436,20135,14,10
3632,6369,20325,0,4
302,1275,2793,0,6
302,1275,2793,1,36
302,1275,2793,2,5
302,1275,2793,3,6
302,1275,2793,4,17
302,1276,2794,0,7
302,1276,2794,1,109
302,1276,2794,2,9
302,1276,2794,3,2
302,1276,2794,4,10
302,1276,2794,5,8
302,1276,2794,6,16
302,1210,2796,0,1
302,1210,2796,1,71
302,1212,2798,0,1
302,1212,2798,1,48
302,938,2800,0,98
302,937,2801,0,4
302,937,2801,1,80
302,918,2802,0,110
6187,12244,35432,0,6
6187,12244,35432,1,36
6187,12244,35432,2,5
6187,12244,35432,3,6
6187,12244,35432,4,17
6187,12245,35433,0,7
6187,12245,35433,1,109
6187,12245,35433,2,9
6187,12245,35433,3,2
6187,12245,35433,4,10
6187,12245,35433,5,8
6187,12245,35433,6,16
6187,12171,35435,0,1
6187,12171,35435,1,71
6187,12173,35437,0,1
6187,12173,35437,1,48
6187,10992,35439,0,98
6187,10991,35440,0,4
6187,10991,35440,1,80
6187,10972,35441,0,110
304,1158,2733,0,8
304,588,2734,0,2
304,588,2734,1,4
304,1169,2735,0,2
304,1169,2735,1,8
304,1169,2735,2,1
304,1169,2735,3,15
304,1177,2736,0,3
304,1177,2736,1,21
304,1177,2736,2,3
304,1177,2736,3,5
304,1177,2736,4,57
6189,12109,35417,0,8
6189,10642,35418,0,2
6189,10642,35418,1,4
6189,12120,35419,0,2
6189,12120,35419,1,8
6189,12120,35419,2,1
6189,12120,35419,3,15
6189,12130,35420,0,3
6189,12130,35420,1,21
6189,12130,35420,2,3
6189,12130,35420,3,5
6189,12130,35420,4,57
305,1346,2739,0,142
305,1347,2740,0,129
305,1349,2741,0,36
305,1350,2742,0,44
6190,12316,35412,0,142
6190,12317,35413,0,129
6190,12319,35414,0,36
6190,12320,35415,0,44
