928,373,5819,0,2
928,373,5819,1,1
928,373,5819,2,12
928,373,5819,3,45
928,611,5820,0,1
928,611,5820,1,1
928,611,5820,2,12
928,611,5820,3,4
928,611,5820,4,27
930,373,5824,0,4
930,611,5825,0,5
931,179,5826,0,6
931,179,5826,1,12
931,179,5826,2,8
931,179,5826,3,4
932,179,5829,0,46
932,373,5830,0,1
932,373,5830,1,12
932,373,5830,2,6
932,611,5831,0,1
932,611,5831,1,12
932,611,5831,2,7
934,2038,5894,0,4
935,373,5901,0,2
935,373,5901,1,39
935,611,5902,0,1
935,611,5902,1,4
935,611,5902,2,19
936,179,5895,0,3
936,179,5895,1,2
937,792,5900,0,17
939,349,5898,0,2
939,349,5898,1,4
939,388,5899,0,22
939,388,5899,1,2
940,764,5904,0,2
940,764,5904,1,3
940,764,5904,2,1
940,764,5904,3,2
940,764,5904,4,2
940,772,5905,0,20
940,817,5906,0,28
943,242,5910,0,7
943,324,5911,0,6
943,337,5912,0,1
943,337,5912,1,2
943,338,5913,0,2
943,338,5913,1,2
943,338,5913,2,2
943,339,5914,0,1
943,339,5914,1,2
943,339,5914,2,2
943,339,5914,3,2
943,339,5914,4,2
943,339,5914,5,2
943,339,5914,6,2
943,339,5914,7,2
943,339,5914,8,2
943,339,5914,9,2
943,339,5914,10,2
943,341,5915,0,1
943,341,5915,1,2
943,341,5915,2,2
943,345,5916,0,1
943,345,5916,1,2
943,346,5917,0,2
943,346,5917,1,2
943,347,5918,0,2
943,347,5918,1,2
943,347,5918,2,2
943,347,5918,3,2
943,347,5918,4,2
943,347,5918,5,2
943,348,5919,0,1
943,348,5919,1,2
943,348,5919,2,2
943,349,5920,0,3
943,349,5920,1,2
943,356,5921,0,1
943,356,5921,1,2
943,373,5922,0,1
943,373,5922,1,2
943,373,5922,2,2
943,373,5922,3,2
943,373,5922,4,2
943,409,5923,0,2
943,460,5924,0,2
943,481,5925,0,1
943,481,5925,1,2
943,485,5926,0,1
943,632,5927,0,8
943,652,5928,0,2
943,658,5929,0,2
943,658,5929,1,2
943,746,5930,0,6
943,772,5931,0,2
943,820,5932,0,1
943,820,5932,1,2
943,820,5932,2,2
943,822,5933,0,1
943,822,5933,1,2
943,832,5934,0,2
943,832,5934,1,2
943,920,5935,0,5
943,962,5936,0,2
944,325,5945,0,3
944,325,5945,1,4
944,325,5945,2,7
944,642,5946,0,5
944,1263,5947,0,5
944,656,5948,0,6
944,1530,5949,0,6
944,658,5950,0,6
944,658,5950,1,7
944,892,5951,0,5
944,1087,5952,0,7
945,820,5937,0,12
945,820,5937,1,10
945,820,5937,2,11
945,820,5937,3,9
946,340,5939,0,2
947,820,5938,0,6
947,820,5938,1,7
947,820,5938,2,2
947,820,5938,3,28
948,374,5940,0,6
948,374,5940,1,11
949,462,5943,0,2
949,462,5943,1,5
949,462,5943,2,9
950,325,5941,0,4
950,325,5941,1,4
950,325,5941,2,10
950,1028,5942,0,3
950,1028,5942,1,2
950,1028,5942,2,3
951,309,5953,0,2
953,2039,5955,0,4
954,753,5975,0,3
954,753,5975,1,193
954,820,5976,0,3
956,375,5957,0,4
956,375,5957,1,4
957,609,6002,0,2
957,609,6002,1,12
957,609,6002,2,6
957,609,6002,3,10
957,609,6002,4,6
957,609,6002,5,12
957,609,6002,6,22
957,609,6002,7,2
957,609,6002,8,32
957,609,6002,9,1
957,609,6002,10,2
957,609,6002,11,19
957,609,6002,12,2
957,609,6002,13,3
957,609,6002,14,4
957,609,6002,15,2
957,609,6002,16,2
957,609,6002,17,10
957,609,6002,18,2
957,609,6002,19,2
957,609,6002,20,2
957,609,6002,21,2
957,609,6002,22,2
957,609,6002,23,2
957,609,6002,24,2
957,609,6002,25,2
957,609,6002,26,2
957,609,6002,27,2
957,609,6002,28,2
957,609,6002,29,2
957,609,6002,30,2
957,609,6002,31,2
957,609,6002,32,2
957,609,6002,33,2
957,609,6002,34,2
957,609,6002,35,2
957,609,6002,36,2
957,609,6002,37,2
957,609,6002,38,2
957,609,6002,39,4
957,612,6003,0,14
957,612,6003,1,2
957,612,6003,2,637
957,612,6003,3,2
957,612,6003,4,4
957,612,6003,5,1000
958,2074,5966,0,149
958,1531,5967,0,1
958,1531,5967,1,62
958,1531,5967,2,2
958,1531,5967,3,1
958,1531,5967,4,3
958,1531,5967,5,6
958,1531,5967,6,1
958,2038,5968,0,2
958,2038,5968,1,20
958,2038,5968,2,1
958,2038,5968,3,7
958,2038,5968,4,3
958,2038,5968,5,3
958,2039,5969,0,43
958,2039,5969,1,2
958,2039,5969,2,12
958,2039,5969,3,8
959,2074,5960,0,1
959,2074,5960,1,1
959,1531,5961,0,1
959,1531,5961,1,4
960,408,5962,0,2
960,408,5962,1,3
960,408,5962,2,3
961,2074,5963,0,17
961,2074,5963,1,16
961,1531,5964,0,2
961,1531,5964,1,18
961,1531,5964,2,2
961,1531,5964,3,18
961,2038,5965,0,8
961,2038,5965,1,6
962,1531,5973,0,13
964,583,5981,0,5
964,583,5981,1,5
964,583,5981,2,5
964,583,5981,3,5
964,583,5981,4,5
964,583,5981,5,5
964,583,5981,6,5
964,583,5981,7,5
965,584,5974,0,5
966,1531,5989,0,8
966,2039,5990,0,12
966,2039,5990,1,8
966,2039,5990,2,8
967,2074,5988,0,2
967,2074,5988,1,20
967,2074,5988,2,11
969,1531,5994,0,2
970,1528,5992,0,2
970,1531,5993,0,2
971,2039,5996,0,2
972,2039,5998,0,4
973,2039,6000,0,2
974,363,6005,0,2
974,363,6005,1,2
974,363,6005,2,2
974,363,6005,3,9
974,363,6005,4,7
974,363,6005,5,13
974,363,6005,6,6
974,363,6005,7,96
974,363,6005,8,14
974,2075,6006,0,154
974,1235,6007,0,3
974,1235,6007,1,13
974,1235,6007,2,12
974,1235,6007,3,4
974,1235,6007,4,42
974,1235,6007,5,4
974,1235,6007,6,20
974,392,6008,0,6
974,540,6009,0,7
974,550,6010,0,1
974,550,6010,1,50
974,550,6010,2,7
974,2076,6011,0,187
974,2077,6012,0,216
974,944,6013,0,6
975,364,6014,0,2
979,637,6020,0,2
979,1085,6021,0,19
980,464,6018,0,2
980,464,6018,1,2
982,447,6022,0,1
982,447,6022,1,6
982,447,6022,2,6
983,447,6025,0,3
984,1214,6027,0,1
984,1214,6027,1,10
984,1214,6027,2,2
986,790,6036,0,1
986,790,6036,1,1
986,790,6036,2,4
987,766,6031,0,8
987,766,6031,1,8
989,1531,6032,0,8
990,1758,6033,0,5
992,1531,6037,0,2
992,1531,6037,1,2
992,1531,6037,2,2
992,1531,6037,3,1
992,1531,6037,4,3
992,1531,6037,5,2
993,757,6040,0,5
994,764,6041,0,10
994,764,6041,1,10
995,757,6043,0,1
995,757,6043,1,9
997,1531,6042,0,1
997,1531,6042,1,1
997,1531,6042,2,1
997,1531,6042,3,3
997,1531,6042,4,22
998,1531,6044,0,33
998,1531,6044,1,11
998,1531,6044,2,20
998,1531,6044,3,2
999,1531,6045,0,3
999,1531,6045,1,4
999,1531,6045,2,3
999,1531,6045,3,1
1000,1528,6048,0,4
1000,1531,6049,0,2
1000,1531,6049,1,3
1000,1531,6049,2,2
1000,1531,6049,3,10
1000,1531,6049,4,7
1000,1531,6049,5,2
1000,1531,6049,6,17
1000,1531,6049,7,2
1000,1531,6049,8,2
1000,1531,6049,9,5
1000,1531,6049,10,1
1000,1531,6049,11,8
1000,1531,6049,12,59
1001,1531,6053,0,34
1001,1531,6053,1,1
1001,1531,6053,2,14
1001,1531,6053,3,5
1001,1531,6053,4,26
1001,1531,6053,5,4
1001,1531,6053,6,5
1001,2039,6054,0,17
1001,2039,6054,1,4
1001,2039,6054,2,4
1002,354,6051,0,2
1002,354,6051,1,3
1003,1101,6047,0,6
1003,1101,6047,1,1
1003,1101,6047,2,4
1003,1101,6047,3,10
1003,1101,6047,4,1
1003,1101,6047,5,9
1003,1101,6047,6,1
1006,1528,6057,0,19
1006,1531,6058,0,1
1006,1531,6058,1,15
1007,1531,6069,0,2
1007,1531,6069,1,2
1007,1531,6069,2,2
1008,1531,6056,0,4
1015,1531,6094,0,4
1015,1531,6094,1,3
1015,1531,6094,2,2
1015,1531,6094,3,1
1015,1531,6094,4,6
1015,1531,6094,5,4
1015,1531,6094,6,16
1015,1531,6094,7,5
1015,1531,6094,8,2
1015,1531,6094,9,6
1016,1531,6097,0,3
1017,1531,6096,0,2
1018,2085,6109,0,7
1018,258,6110,0,1
1018,258,6110,1,1
1018,258,6110,2,1
1018,258,6110,3,1
1018,258,6110,4,2
1018,258,6110,5,2
1018,258,6110,6,1
1018,258,6110,7,2
1018,258,6110,8,28
1018,372,6111,0,2
1018,372,6111,1,4
1018,372,6111,2,62
1018,372,6111,3,6
1018,2086,6112,0,204
1018,518,6113,0,16
1018,522,6114,0,4
1018,522,6114,1,15
1018,542,6115,0,8
1018,542,6115,1,1
1018,1531,6116,0,3
1020,2086,6098,0,1
1020,2086,6098,1,10
1020,2086,6098,2,7
1022,2086,6099,0,2
1023,642,6101,0,2
1023,649,6102,0,2
1024,372,6117,0,6
1024,372,6117,1,6
1024,372,6117,2,16
1024,372,6117,3,9
1024,2086,6118,0,17
1025,1527,6120,0,2
1026,1260,6119,0,2
1027,1527,6123,0,1
1027,1527,6123,1,5
1027,1527,6123,2,11
1027,1527,6123,3,1
1027,1527,6123,4,3
1027,1527,6123,5,17
1027,1528,6124,0,9
1027,1531,6125,0,9
1027,1531,6125,1,9
1027,1531,6125,2,6
1027,1531,6125,3,5
1027,1531,6125,4,2
1027,1531,6125,5,5
1027,1531,6125,6,4
1027,1531,6125,7,40
1027,1531,6125,8,3
1027,1531,6125,9,1
1027,1531,6125,10,17
1028,1531,6121,0,5
1028,1531,6121,1,1
1033,1527,6132,0,5
1033,1531,6133,0,2
1033,1531,6133,1,2
1033,1531,6133,2,2
1033,1531,6133,3,10
1034,1531,6135,0,4
1034,1531,6135,1,32
1035,1531,6134,0,1
1035,1531,6134,1,1
1036,2074,6137,0,2
1036,1531,6138,0,1
1036,1531,6138,1,6
1036,1531,6138,2,8
1037,945,6136,0,4
1039,609,6142,0,2
1041,1528,6148,0,4
1041,1528,6148,1,5
1041,1528,6148,2,4
1041,1528,6148,3,4
1041,1531,6149,0,1
1041,1531,6149,1,1
1041,1531,6149,2,27
1041,1531,6149,3,37
1041,1531,6149,4,3
1041,1531,6149,5,2
1041,1531,6149,6,2
1041,1531,6149,7,2
1041,1531,6149,8,8
1041,1531,6149,9,4
1041,1531,6149,10,1
1041,1531,6149,11,22
1041,1531,6149,12,2
1041,1531,6149,13,1
1041,1531,6149,14,13
1041,1531,6149,15,11
1041,1531,6149,16,1
1041,1531,6149,17,12
1043,440,6146,0,2
1043,440,6146,1,2
1043,440,6146,2,40
1043,440,6146,3,18
1043,440,6146,4,2
1044,749,6155,0,5
1044,749,6155,1,4
1044,749,6155,2,4
1045,652,6151,0,4
1045,652,6151,1,4
1045,652,6151,2,4
1046,364,6153,0,2
1047,1850,6154,0,3
1048,344,6165,0,9
1048,1756,6166,0,5
1048,1756,6166,1,6
1048,1756,6166,2,11
1048,1857,6167,0,5
1048,1857,6167,1,11
1048,1857,6167,2,5
1048,1857,6167,3,6
1048,1857,6167,4,2
1048,1857,6167,5,2
1049,1756,6157,0,15
1049,1756,6157,1,3
1049,1756,6157,2,8
1049,1756,6157,3,34
1049,1857,6158,0,2
1049,1857,6158,1,2
1049,1857,6158,2,10
1049,1857,6158,3,6
1049,1857,6158,4,2
1049,1857,6158,5,2
1049,1857,6158,6,2
1049,1857,6158,7,5
1049,1857,6158,8,2
1049,1857,6158,9,2
1049,1857,6158,10,2
1049,1857,6158,11,2
1049,1857,6158,12,2
1049,1857,6158,13,2
1049,1858,6159,0,4
1049,1859,6160,0,4
1049,1859,6160,1,4
1050,1260,6162,0,2
1050,1531,6163,0,2
1050,1531,6163,1,1
1051,1773,6168,0,2
1052,2049,6170,0,2
1054,612,6175,0,3
1054,612,6175,1,2
1056,773,6178,0,13
1056,780,6179,0,1
1056,780,6179,1,2
1056,780,6179,2,1
1056,872,6180,0,1
1056,872,6180,1,5
1056,872,6180,2,5
1056,872,6180,3,2
1056,872,6180,4,26
1057,2086,6177,0,17
1058,518,6186,0,2
1058,518,6186,1,2
1058,518,6186,2,4
1058,518,6186,3,2
1058,518,6186,4,4
1059,642,6187,0,7
1059,642,6187,1,7
1059,642,6187,2,5
1059,642,6187,3,3
1059,642,6187,4,6
1059,643,6188,0,11
1059,649,6189,0,9
1059,649,6189,1,5
1059,649,6189,2,3
1059,650,6190,0,9
1059,655,6191,0,3
1059,655,6191,1,6
1059,655,6191,2,7
1059,655,6191,3,18
1059,655,6191,4,18
1059,1101,6192,0,8
1061,325,6183,0,2
1061,349,6184,0,9
1061,375,6185,0,3
1061,375,6185,1,3
1061,375,6185,2,3
1064,354,6195,0,2
1065,354,6198,0,2
1067,325,6200,0,8
1068,1925,6201,0,12
1069,1101,6202,0,9
1070,1101,6203,0,3
1071,325,6205,0,7
1071,325,6205,1,7
1076,1288,6211,0,34
1076,1288,6211,1,1
1076,1288,6211,2,3
1076,1330,6212,0,2
1077,1288,6218,0,34
1077,1288,6218,1,1
1077,1288,6218,2,3
1079,944,6226,0,2
1079,2089,6227,0,147
1079,2090,6228,0,369
1081,1559,6224,0,15
1082,1505,6229,0,1
1088,325,6235,0,2
1088,325,6235,1,1
1088,325,6235,2,2
1088,325,6235,3,1
1088,639,6236,0,1
1088,639,6236,1,6
1089,1531,6237,0,3
1089,1531,6237,1,5
1089,2038,6238,0,6
1089,2038,6238,1,4
1089,2038,6238,2,20
1089,2038,6238,3,10
1091,837,6241,0,8
1091,837,6241,1,3
1093,1531,6243,0,2
1095,363,6246,0,34
1095,2090,6247,0,5
1096,1527,6248,0,1
1097,917,6249,0,12
1098,639,6257,0,2
1098,639,6257,1,1
1098,639,6257,2,8
1098,1527,6258,0,6
1098,1527,6258,1,3
1098,1528,6259,0,2
1098,1528,6259,1,1
1098,1528,6259,2,4
1098,1528,6259,3,38
1098,1528,6259,4,1
1098,1528,6259,5,4
1098,1528,6259,6,8
1098,1528,6259,7,4
1098,1528,6259,8,1
1098,1528,6259,9,31
1098,1528,6259,10,4
1098,1531,6260,0,2
1098,1531,6260,1,25
1098,1531,6260,2,7
1098,1531,6260,3,3
1098,1531,6260,4,4
1098,1531,6260,5,1
1098,1531,6260,6,5
1098,1531,6260,7,5
1098,1531,6260,8,1
1098,1531,6260,9,13
1098,1531,6260,10,1
1100,1527,6253,0,6
1100,1527,6253,1,2
1102,1530,6255,0,2
1103,1530,6254,0,2
1104,1531,6256,0,2
1105,1530,6262,0,2
1106,1530,6263,0,4
1107,1531,6319,0,2
1107,1531,6319,1,6
1107,1531,6319,2,30
1107,1531,6319,3,2
1107,1531,6319,4,4
1107,1531,6319,5,2
1108,1531,6320,0,3
1108,1531,6320,1,4
1108,1531,6320,2,4
1108,1531,6320,3,4
1109,1833,6321,0,33
1109,1833,6321,1,6
1109,2091,6322,0,179
1110,2086,6324,0,13
1110,1531,6325,0,13
1111,1531,6326,0,2
1111,1531,6326,1,3
1111,2039,6327,0,2
1112,1527,6323,0,7
1113,1527,6328,0,1
1113,1527,6328,1,1
1114,1527,6330,0,16
1114,1531,6331,0,10
1114,1531,6331,1,4
1114,1531,6331,2,2
1114,1531,6331,3,1
1114,1531,6331,4,2
1115,1527,6329,0,16
1116,1527,6333,0,9
1116,1531,6334,0,10
1116,1531,6334,1,2
1116,1531,6334,2,3
1116,1531,6334,3,4
1116,1531,6334,4,2
1116,1531,6334,5,1
1116,1531,6334,6,2
1116,2039,6335,0,2
1117,1531,6332,0,50
1117,1531,6332,1,4
1117,1531,6332,2,4
1118,1531,6338,0,2
1119,1081,6336,0,45
1120,596,6343,0,3
1120,596,6343,1,52
1120,596,6343,2,66
1120,596,6343,3,1
1121,375,6339,0,2
1121,375,6339,1,2
1121,375,6339,2,3
1125,650,6354,0,3
1125,650,6354,1,13
1125,650,6354,2,7
1125,650,6354,3,19
1125,650,6354,4,2
1125,650,6354,5,2
1125,650,6354,6,2
1125,650,6354,7,2
1125,650,6354,8,2
1125,650,6354,9,97
1125,650,6354,10,138
1125,650,6354,11,37
1125,650,6354,12,144
1125,650,6354,13,2
1125,650,6354,14,41
1125,650,6354,15,5
1125,650,6354,16,64
1132,1498,6358,0,4
1132,1498,6358,1,5
1132,1498,6358,2,2
1132,1498,6358,3,5
1132,1498,6358,4,10
1132,1498,6358,5,303
1132,1498,6358,6,2
1132,2094,6359,0,239
1132,2096,6360,0,47
1132,2097,6361,0,44
1132,2098,6362,0,267
1133,643,6363,0,2
1133,643,6363,1,2
1133,643,6363,2,19
1133,643,6363,3,8
1133,643,6363,4,2
1133,643,6363,5,2
1133,643,6363,6,2
1133,643,6363,7,2
1133,643,6363,8,74
1133,643,6363,9,156
1133,643,6363,10,25
1133,643,6363,11,53
1133,1264,6364,0,2
1133,1264,6364,1,2
1133,1264,6364,2,19
1133,1264,6364,3,6
1133,1264,6364,4,2
1133,1264,6364,5,2
1133,1264,6364,6,2
1133,1264,6364,7,2
1133,1264,6364,8,2
1133,1264,6364,9,61
1133,1264,6364,10,92
1133,1264,6364,11,66
1133,1264,6364,12,54
1133,650,6365,0,153
1133,650,6365,1,20
1133,650,6365,2,7
1133,650,6365,3,7
1133,650,6365,4,2
1133,653,6366,0,2
1133,653,6366,1,1
1133,653,6366,2,17
1133,653,6366,3,1
1133,653,6366,4,1
1133,653,6366,5,114
1133,653,6366,6,82
1133,653,6366,7,63
1134,344,6357,0,11
1134,344,6357,1,17
1134,344,6357,2,8
1134,344,6357,3,18
1135,2094,6353,0,9
1136,792,6355,0,2
1137,792,6373,0,2
1137,792,6373,1,2
1140,837,6371,0,6
1143,1833,6378,0,4
1143,1833,6378,1,2
1144,1833,6379,0,1
1144,1833,6379,1,1
1146,1878,6381,0,15
1146,1878,6381,1,10
1146,1878,6381,2,1
1147,1835,6382,0,1
1149,205,6441,0,16
1149,2085,6443,0,16
1149,1749,6444,0,16
1149,1749,6444,1,1
1149,2047,6445,0,11
1149,2048,6446,0,11
1149,2049,6447,0,11
1149,1789,6448,0,19
1149,492,6449,0,22
1149,493,6450,0,22
1149,495,6451,0,22
1149,496,6452,0,22
1149,497,6453,0,22
1149,498,6454,0,22
1149,499,6455,0,22
1149,500,6456,0,22
1149,501,6457,0,22
1149,502,6458,0,22
1149,503,6459,0,22
1149,504,6460,0,22
1149,505,6461,0,22
1149,506,6462,0,22
1149,507,6463,0,22
1149,508,6464,0,22
1149,509,6465,0,22
1149,510,6466,0,22
1149,511,6467,0,22
1149,512,6468,0,22
1149,513,6469,0,22
1149,1812,6470,0,19
1149,1815,6471,0,16
1149,1823,6472,0,2
1149,1832,6473,0,16
1149,1835,6474,0,2
1149,1967,6475,0,2
1149,1863,6476,0,19
1149,1863,6476,1,2
1149,1865,6477,0,2
1149,1868,6478,0,2
1149,1869,6479,0,19
1149,1869,6479,1,2
1149,1870,6480,0,19
1149,1875,6481,0,19
1149,1875,6481,1,2
1149,1877,6482,0,19
1149,1878,6483,0,20
1149,1878,6483,1,2
1149,1879,6484,0,16
1149,1879,6484,1,2
1149,1889,6485,0,2
1149,1890,6486,0,2
1149,643,6487,0,1
1149,643,6487,1,2
1149,643,6487,2,8
1149,643,6487,3,7
1149,1264,6488,0,1
1149,1264,6488,1,2
1149,1264,6488,2,8
1149,1264,6488,3,7
1149,650,6489,0,1
1149,650,6489,1,2
1149,650,6489,2,8
1149,650,6489,3,7
1149,653,6490,0,1
1149,653,6490,1,2
1149,653,6490,2,8
1149,653,6490,3,7
1149,825,6491,0,2
1149,825,6491,1,3
1149,1217,6492,0,16
1149,1218,6493,0,16
1149,1219,6494,0,16
1149,1220,6495,0,16
1149,2074,6496,0,11
1149,2038,6497,0,11
1149,1735,6498,0,16
1149,2039,6499,0,11
1152,346,6391,0,2
1152,346,6391,1,7
1152,346,6391,2,4
1152,346,6391,3,8
1152,346,6391,4,3
1152,346,6391,5,8
1152,346,6391,6,3
1152,346,6391,7,3
1152,346,6391,8,3
1152,346,6391,9,4
1153,1780,6392,0,5
1153,1782,6393,0,3
1155,609,6397,0,5
1155,609,6397,1,14
1155,609,6397,2,2
1155,609,6397,3,1
1155,609,6397,4,2
1156,481,6396,0,2
1157,545,6426,0,1
1157,545,6426,1,12
1157,545,6426,2,11
1158,325,6400,0,2
1159,1531,6425,0,1
1160,1797,6427,0,4
1160,1797,6427,1,15
1160,1797,6427,2,2
1160,1797,6427,3,9
1160,1889,6428,0,3
1160,1889,6428,1,8
1161,1101,6429,0,5
1162,2074,6433,0,7
1162,2074,6433,1,4
1162,1531,6434,0,7
1162,1531,6434,1,5
1162,1531,6434,2,4
1162,1531,6434,3,3
1162,1531,6434,4,19
1162,1531,6434,5,1
1163,1816,6430,0,2
1163,1833,6431,0,1
1163,1870,6432,0,2
1164,1833,6435,0,2
1164,1863,6436,0,2
1164,1868,6437,0,2
1164,1868,6437,1,10
1164,1889,6438,0,1
1166,1498,6506,0,3
1166,1498,6506,1,1
1166,1498,6506,2,2
1166,1498,6506,3,10
1166,1498,6506,4,20
1166,1498,6506,5,20
1166,1498,6506,6,14
1166,1498,6506,7,10
1166,1498,6506,8,10
1166,1498,6506,9,2
1166,1498,6506,10,2
1166,1505,6509,0,7
1166,1505,6509,1,4
1166,1505,6509,2,12
1166,1505,6509,3,41
1166,1505,6509,4,33
1168,1877,6505,0,2
1168,1877,6505,1,1
1168,1877,6505,2,5
1169,1867,6511,0,4
1169,1870,6512,0,2
1169,1870,6512,1,2
1169,1878,6513,0,4
1169,1879,6514,0,4
1169,1889,6515,0,4
1169,1890,6516,0,4
1170,1790,6520,0,6
1170,1790,6520,1,16
1170,1790,6520,2,7
1171,1868,6517,0,2
1171,1868,6517,1,6
1171,1868,6517,2,8
1171,1868,6517,3,12
1171,1868,6517,4,3
1171,1879,6518,0,9
1171,1890,6519,0,7
1172,1816,6510,0,2
1173,331,6526,0,1
1173,331,6526,1,12
1173,331,6526,2,2
1173,629,6527,0,6
1173,637,6528,0,1
1173,637,6528,1,8
1173,637,6528,2,1
1173,649,6529,0,2
1173,1527,6530,0,2
1173,654,6531,0,6
1173,655,6532,0,14
1173,1529,6533,0,14
1173,665,6534,0,4
1173,666,6535,0,8
1173,669,6536,0,8
1173,671,6537,0,7
1173,672,6538,0,7
1174,1868,6524,0,1
1174,1868,6524,1,8
1174,1868,6524,2,8
1174,1868,6524,3,12
1174,1868,6524,4,3
1174,1889,6525,0,1
1174,1889,6525,1,13
1175,1945,6539,0,8
1175,1945,6539,1,3
1176,325,6552,0,1
1176,325,6552,1,2
1176,325,6552,2,5
1176,325,6552,3,8
1176,331,6553,0,6
1176,331,6553,1,3
1176,331,6553,2,10
1176,331,6553,3,1
1176,338,6554,0,18
1177,649,6541,0,2
1177,650,6542,0,5
1177,1527,6543,0,2
1177,1528,6544,0,4
1178,1288,6546,0,8
1179,331,6545,0,2
1179,331,6545,1,10
1180,649,6547,0,6
1180,649,6547,1,4
1180,650,6548,0,1
1180,1527,6549,0,6
1180,1527,6549,1,4
1180,1529,6550,0,1
1181,356,6551,0,5
1181,356,6551,1,25
1181,356,6551,2,2
1183,649,6557,0,1
1184,1527,6558,0,2
1185,528,6559,0,3
1186,354,6560,0,2
1186,354,6560,1,2
1186,354,6560,2,8
1187,325,6571,0,18
1187,325,6571,1,2
1187,331,6572,0,6
1187,331,6572,1,18
1187,331,6572,2,1
1187,338,6573,0,9
1187,338,6573,1,10
1188,325,6561,0,2
1189,523,6562,0,7
1189,523,6562,1,18
1189,527,6563,0,4
1189,527,6563,1,3
1189,527,6563,2,3
1190,1925,6570,0,8
1190,1925,6570,1,4
1195,653,6575,0,5
1195,653,6575,1,1
1196,1888,6577,0,1
1196,1888,6577,1,16
1196,1888,6577,2,18
1196,1888,6577,3,6
1197,1888,6576,0,2
1198,1888,6579,0,2
1199,611,6578,0,2
1199,611,6578,1,6
1199,611,6578,2,2
1200,1531,6583,0,3
1201,316,6580,0,2
1201,316,6580,1,7
1201,316,6580,2,2
1201,316,6580,3,3
1201,317,6581,0,3
1201,317,6581,1,2
1202,309,6584,0,9
1202,309,6584,1,1
1202,316,6585,0,13
1206,1837,6593,0,2
1208,2074,6604,0,8
1208,2074,6604,1,8
1208,1531,6605,0,9
1208,1531,6605,1,7
1208,1531,6605,2,27
1208,1531,6605,3,42
1209,1925,6606,0,5
1209,1925,6606,1,2
1209,1925,6606,2,1
1209,1925,6606,3,1
1209,1925,6606,4,85
1209,1945,6607,0,18
1210,1925,6603,0,2
1212,1925,6610,0,11
1212,1925,6610,1,5
1212,1925,6610,2,14
1212,1925,6610,3,42
1212,1945,6611,0,8
1213,1925,6608,0,9
1213,1925,6608,1,10
1213,1945,6609,0,10
1214,1925,6612,0,9
1214,1945,6613,0,5
1215,629,6615,0,21
1218,1831,6616,0,4
1218,1831,6616,1,4
1219,1889,6619,0,3
1219,1889,6619,1,3
1220,1831,6617,0,1
1220,1831,6617,1,2
1220,1831,6617,2,2
1220,1831,6617,3,2
1220,1831,6617,4,2
1220,1831,6617,5,3
1220,1831,6617,6,4
1220,1831,6617,7,2
1220,1831,6617,8,2
1220,1831,6617,9,12
1221,1831,6628,0,1
1221,1831,6628,1,7
1221,1831,6628,2,14
1221,1831,6628,3,2
1221,1831,6628,4,36
1221,1831,6628,5,2
1221,1831,6628,6,2
1221,1831,6628,7,2
1222,1840,6623,0,10
1222,1852,6624,0,4
1222,1886,6625,0,5
1222,1886,6625,1,1
1225,1531,6634,0,1
1225,1531,6634,1,9
1225,1531,6634,2,2
1226,1531,6639,0,1
1226,1531,6639,1,4
1226,1531,6639,2,1
1226,1531,6639,3,1
1226,1531,6639,4,1
1227,1531,6637,0,7
1228,609,6635,0,1
1229,1498,6640,0,2
1229,1498,6640,1,2
1229,1498,6640,2,2
1230,442,6643,0,17
1231,892,6638,0,2
1232,892,6642,0,3
1233,1527,6646,0,8
1233,1527,6646,1,3
1233,1528,6647,0,9
1233,1531,6648,0,7
1234,1831,6645,0,24
1235,1831,6649,0,2
1236,1831,6652,0,10
1236,1831,6652,1,8
1237,1831,6651,0,5
1238,1530,6653,0,2
1238,1734,6654,0,2
1238,1735,6655,0,2
1239,1735,6650,0,4
1240,1831,6656,0,3
1383,1857,6953,0,4
1242,1857,6660,0,4
1384,550,6945,0,2
1384,550,6945,1,5
1384,550,6945,2,7
1384,550,6945,3,50
1385,776,6946,0,1
1385,776,6946,1,3
1386,449,6958,0,2
1386,449,6958,1,2
1386,449,6958,2,2
1386,449,6958,3,2
1386,449,6958,4,2
1386,449,6958,5,3
1386,449,6958,6,6
1249,550,6667,0,2
1249,550,6667,1,5
1249,550,6667,2,7
1249,550,6667,3,50
1387,364,6955,0,3
1388,1925,6960,0,8
1388,1925,6960,1,1
1388,1925,6960,2,1
1388,1925,6960,3,1
1388,1925,6960,4,87
1388,1945,6961,0,31
1388,629,6962,0,21
1252,1945,6672,0,2
1252,1945,6672,1,1
1252,1945,6672,2,7
1252,1945,6672,3,8
1252,1945,6672,4,19
1252,325,6673,0,3
1252,325,6673,1,3
1252,325,6673,2,2
1252,325,6673,3,4
1252,325,6673,4,3
1389,458,6956,0,3
1390,458,6957,0,2
1253,481,6671,0,2
1253,481,6671,1,7
1254,2102,6689,0,45
1254,348,6690,0,4
1254,348,6690,1,2
1254,348,6690,2,16
1254,348,6690,3,5
1254,348,6690,4,26
1254,348,6690,5,24
1254,348,6690,6,2
1254,348,6690,7,2
1254,348,6690,8,13
1254,2103,6691,0,437
1254,364,6693,0,2
1254,364,6693,1,2
1254,364,6693,2,2
1254,364,6693,3,1
1254,364,6693,4,4
1254,364,6693,5,8
1254,364,6693,6,1
1254,364,6693,7,8
1254,364,6693,8,4
1254,364,6693,9,5
1254,364,6693,10,21
1254,364,6693,11,42
1254,373,6694,0,17
1254,373,6694,1,8
1254,373,6694,2,2
1254,373,6694,3,16
1254,373,6694,4,5
1254,373,6694,5,78
1254,373,6694,6,8
1254,373,6694,7,2
1254,373,6694,8,2
1254,373,6694,9,27
1254,380,6696,0,2
1254,380,6696,1,2
1254,380,6696,2,12
1254,2104,6697,0,29
1254,2105,6698,0,55
1254,391,6699,0,2
1254,391,6699,1,2
1254,391,6699,2,10
1254,393,6700,0,2
1254,393,6700,1,2
1254,393,6700,2,10
1254,458,6701,0,3
1254,522,6702,0,7
1254,522,6702,1,8
1254,522,6702,2,2
1254,550,6703,0,53
1254,550,6703,1,150
1254,550,6703,2,2
1254,550,6703,3,1
1254,550,6703,4,3
1254,550,6703,5,32
1254,550,6703,6,59
1254,746,6705,0,3
1254,750,6706,0,7
1254,750,6706,1,10
1254,764,6707,0,4
1254,764,6707,1,6
1254,764,6707,2,4
1254,764,6707,3,2
1254,764,6707,4,9
1254,764,6707,5,3
1254,764,6707,6,34
1254,764,6707,7,6
1254,764,6707,8,6
1254,764,6707,9,15
1254,764,6707,10,6
1254,2106,6709,0,44
1254,829,6710,0,2
1254,829,6710,1,2
1254,829,6710,2,3
1254,829,6710,3,2
1254,829,6710,4,6
1254,829,6710,5,4
1254,829,6710,6,4
1254,837,6711,0,2
1254,837,6711,1,1
1254,837,6711,2,1
1254,837,6711,3,9
1254,837,6711,4,5
1254,837,6711,5,1
1255,1266,6674,0,1
1255,1266,6674,1,3
1257,1945,6677,0,1
1257,1945,6677,1,5
1257,1945,6677,2,4
1257,1945,6677,3,10
1257,325,6678,0,7
1257,338,6679,0,3
1257,1527,6680,0,8
1257,1528,6681,0,1
1258,1527,6676,0,5
1258,1527,6676,1,4
1258,1527,6676,2,2
1259,1945,6684,0,8
1259,1945,6684,1,3
1260,1945,6682,0,1
1260,325,6683,0,1
1261,1531,6685,0,1
1261,1531,6685,1,3
1261,1531,6685,2,3
1261,1531,6685,3,1
1261,1531,6685,4,3
1261,1531,6685,5,1
1262,1945,6686,0,5
1262,1945,6686,1,26
1263,1945,6687,0,4
1263,1945,6687,1,12
1264,1945,6712,0,1
1264,1945,6712,1,2
1264,1945,6712,2,2
1264,1945,6712,3,13
1264,1527,6713,0,1
1264,1527,6713,1,31
1264,1531,6714,0,3
1264,1531,6714,1,8
1264,1531,6714,2,2
1264,1531,6714,3,1
1264,2107,6715,0,26
1265,325,6717,0,22
1265,325,6717,1,2
1265,1101,6718,0,2
1265,1531,6719,0,2
1265,1948,6720,0,2
1266,325,6724,0,2
1266,325,6724,1,2
1266,337,6725,0,8
1266,338,6726,0,2
1266,340,6727,0,8
1266,640,6728,0,2
1266,640,6728,1,10
1266,640,6728,2,1
1267,1945,6716,0,3
1267,1945,6716,1,13
1268,1925,6721,0,12
1268,1527,6722,0,4
1269,1527,6723,0,6
1270,1531,6729,0,7
1270,1531,6729,1,3
1270,1531,6729,2,3
1270,1531,6729,3,3
1270,1531,6729,4,2
1271,1527,6731,0,3
1271,1528,6732,0,8
1271,1528,6732,1,2
1271,2074,6733,0,2
1271,1531,6734,0,1
1271,1531,6734,1,1
1391,1529,6966,0,4
1391,1529,6966,1,2
1391,1529,6966,2,2
1391,1529,6966,3,2
1391,1529,6966,4,2
1391,1529,6966,5,2
1391,1529,6966,6,2
1391,1529,6966,7,2
1391,1529,6966,8,2
1272,1527,6730,0,1
1273,1527,6736,0,8
1273,1527,6736,1,12
1273,1527,6736,2,6
1273,1529,6737,0,3
1273,1529,6737,1,3
1273,1529,6737,2,3
1273,1529,6737,3,3
1273,1529,6737,4,5
1273,1529,6737,5,9
1273,1529,6737,6,50
1273,1529,6737,7,14
1273,1531,6738,0,1
1274,1529,6735,0,1
1274,1529,6735,1,1
1274,1529,6735,2,1
1274,1529,6735,3,1
1274,1529,6735,4,1
1274,1529,6735,5,12
1275,1529,6739,0,3
1276,1528,6740,0,3
1276,1528,6740,1,5
1277,1945,6741,0,5
1278,1945,6742,0,3
1278,1945,6742,1,2
1278,1945,6742,2,1
1279,1945,6743,0,1
1279,1945,6743,1,16
1279,1945,6743,2,18
1279,1527,6744,0,14
1279,1531,6745,0,4
1279,1531,6745,1,11
1280,325,6746,0,20
1280,1531,6747,0,2
1280,1531,6747,1,4
1281,1531,6748,0,11
1282,1530,6749,0,2
1282,1530,6749,1,1
1283,1945,6766,0,1
1283,1945,6766,1,6
1283,1945,6766,2,2
1283,325,6767,0,2
1283,325,6767,1,2
1283,337,6768,0,7
1283,338,6769,0,2
1283,338,6769,1,17
1283,340,6770,0,2
1283,340,6770,1,4
1283,629,6771,0,9
1283,640,6772,0,2
1283,640,6772,1,10
1283,640,6772,2,1
1283,1527,6773,0,1
1283,1527,6773,1,4
1283,1527,6773,2,1
1283,1527,6773,3,1
1283,1527,6773,4,20
1283,1529,6774,0,1
1283,1529,6774,1,3
1283,1529,6774,2,6
1283,1529,6774,3,6
1283,1529,6774,4,16
1283,1529,6774,5,7
1283,1529,6774,6,7
1283,1529,6774,7,1
1283,1529,6774,8,7
1283,1529,6774,9,4
1283,1529,6774,10,2
1283,1529,6774,11,2
1283,1530,6775,0,2
1283,1530,6775,1,4
1283,1530,6775,2,2
1283,1530,6775,3,4
1283,1530,6775,4,6
1283,1530,6775,5,4
1283,1530,6775,6,4
1283,1530,6775,7,1
1283,1530,6775,8,1
1283,1530,6775,9,4
1283,1530,6775,10,14
1283,1530,6775,11,4
1283,1530,6775,12,2
1283,2108,6776,0,29
1283,2109,6777,0,29
1283,2074,6778,0,1
1283,2074,6778,1,2
1283,2074,6778,2,1
1283,1734,6779,0,1
1283,1734,6779,1,3
1283,1531,6780,0,15
1283,1531,6780,1,8
1283,1531,6780,2,10
1283,1531,6780,3,6
1283,1531,6780,4,2
1283,1531,6780,5,5
1283,1531,6780,6,1
1283,1531,6780,7,3
1283,1531,6780,8,8
1283,1531,6780,9,2
1283,1531,6780,10,1
1283,1531,6780,11,4
1283,1531,6780,12,2
1283,2038,6781,0,13
1283,2038,6781,1,7
1283,2038,6781,2,7
1283,2038,6781,3,2
1283,2038,6781,4,4
1283,2038,6781,5,12
1283,1735,6782,0,1
1283,1735,6782,1,4
1284,2074,6750,0,9
1284,2074,6750,1,9
1285,2074,6751,0,4
1285,2038,6752,0,1
1285,2038,6752,1,4
1285,2038,6752,2,4
1286,2074,6753,0,3
1286,2074,6753,1,4
1286,2074,6753,2,1
1286,2074,6753,3,5
1286,2074,6753,4,3
1286,2074,6753,5,1
1287,1531,6754,0,2
1393,611,6963,0,2
1394,102,6972,0,2
1394,102,6972,1,2
1394,102,6972,2,2
1394,102,6972,3,6
1394,102,6972,4,4
1394,102,6972,5,10
1394,102,6972,6,2
1394,120,6973,0,2
1394,193,6974,0,2
1394,216,6975,0,6
1288,102,6756,0,2
1288,102,6756,1,2
1288,102,6756,2,2
1288,102,6756,3,6
1288,102,6756,4,4
1288,102,6756,5,10
1288,102,6756,6,2
1288,120,6757,0,2
1288,193,6758,0,2
1288,216,6759,0,6
1289,2074,6760,0,34
1289,2074,6760,1,3
1289,2074,6760,2,3
1289,2074,6760,3,2
1289,2074,6760,4,3
1289,2074,6760,5,2
1289,2074,6760,6,2
1289,2074,6760,7,131
1289,1531,6761,0,2
1289,1531,6761,1,1
1289,1531,6761,2,1
1289,1531,6761,3,8
1289,1531,6761,4,2
1289,2038,6762,0,7
1289,2038,6762,1,3
1289,2038,6762,2,5
1289,2038,6762,3,2
1289,2038,6762,4,2
1290,2074,6755,0,18
1290,2074,6755,1,1
1290,2074,6755,2,7
1395,464,6964,0,2
1395,464,6964,1,2
1395,464,6964,2,2
1396,462,6989,0,2
1396,462,6989,1,4
1396,462,6989,2,2
1396,462,6989,3,2
1396,462,6989,4,2
1396,471,6990,0,3
1396,471,6990,1,3
1396,471,6990,2,2
1396,471,6990,3,2
1396,471,6990,4,2
1396,471,6990,5,4
1396,471,6990,6,2
1396,471,6990,7,2
1396,471,6990,8,6
1396,471,6990,9,2
1396,471,6990,10,4
1396,471,6990,11,3
1396,471,6990,12,3
1396,471,6990,13,2
1396,471,6990,14,4
1396,471,6990,15,2
1396,471,6990,16,2
1396,471,6990,17,14
1396,471,6990,18,3
1397,436,6979,0,2
1397,436,6979,1,6
1397,437,6980,0,2
1397,437,6980,1,2
1397,438,6981,0,2
1397,438,6981,1,1
1397,439,6982,0,2
1397,439,6982,1,2
1397,440,6983,0,1
1397,441,6984,0,2
1397,441,6984,1,2
1397,441,6984,2,2
1397,442,6985,0,2
1397,442,6985,1,2
1397,442,6985,2,2
1397,442,6985,3,2
1397,442,6985,4,2
1397,442,6985,5,1
1397,442,6985,6,2
1397,442,6985,7,2
1397,442,6985,8,4
1397,442,6985,9,4
1397,442,6985,10,2
1397,442,6985,11,2
1397,442,6985,12,2
1397,442,6985,13,5
1397,447,6986,0,3
1397,447,6986,1,2
1397,450,6987,0,2
1398,442,6976,0,1
1398,442,6976,1,15
14459,5285,44778,0,44
14459,5285,44778,1,6
14460,5285,44777,0,44
14460,5285,44777,1,6
1291,1925,6788,0,2
1291,1925,6788,1,12
1291,1925,6788,2,8
1291,1266,6789,0,12
1291,1945,6790,0,1
1291,1945,6790,1,2
1291,1945,6790,2,7
1291,1945,6790,3,2
1291,1945,6790,4,3
1291,1945,6790,5,6
1292,1530,6783,0,1
1292,1530,6783,1,2
1293,1530,6763,0,2
1293,1530,6763,1,9
1293,1530,6763,2,2
1293,1530,6763,3,3
1293,2074,6764,0,6
1293,2074,6764,1,6
1293,2038,6765,0,4
1294,2074,6786,0,2
1294,1531,6787,0,2
1295,2074,6785,0,2
1295,2074,6785,1,10
1295,2074,6785,2,11
1296,2074,6792,0,1
1296,2074,6792,1,2
1296,2074,6792,2,15
1296,2074,6792,3,10
1296,2074,6792,4,2
1296,2074,6792,5,5
1297,1925,6797,0,3
1297,1925,6797,1,1
1297,1925,6797,2,12
1297,1925,6797,3,6
1297,1925,6797,4,6
1297,1925,6797,5,12
1297,1266,6798,0,2
1298,1925,6795,0,2
1298,1945,6796,0,2
1401,2116,7005,0,164
1299,1887,6793,0,5
1402,1887,6991,0,5
1300,1890,6794,0,5
1300,1890,6794,1,1
1403,1890,6994,0,5
1403,1890,6994,1,1
1301,1925,6803,0,28
1301,1945,6804,0,1
1301,1945,6804,1,4
1301,1945,6804,2,2
1301,1945,6804,3,11
1301,1945,6804,4,4
1301,629,6805,0,2
1301,1527,6806,0,4
1404,1498,6992,0,3
1404,1498,6992,1,6
1404,1510,6993,0,1
1404,1510,6993,1,6
1405,642,6995,0,4
1405,642,6995,1,2
1405,1263,6996,0,4
1405,1263,6996,1,2
1405,887,6997,0,2
1405,887,6997,1,4
1303,642,6800,0,4
1303,642,6800,1,2
1303,1263,6801,0,4
1303,1263,6801,1,2
1303,887,6802,0,2
1303,887,6802,1,4
1408,759,6998,0,3
1408,759,6998,1,2
1408,759,6998,2,2
1408,759,6998,3,5
1409,1250,7007,0,4
1409,2117,7008,0,13
1411,392,7009,0,2
1411,392,7009,1,20
1412,768,7015,0,11
1412,768,7015,1,15
1413,2118,7018,0,88
1413,550,7019,0,1
1413,550,7019,1,12
1413,550,7019,2,1
1413,550,7019,3,29
1414,1332,7011,0,2
1415,642,7012,0,4
1415,1263,7013,0,4
1415,888,7014,0,4
1307,642,6810,0,4
1307,1263,6811,0,4
1307,888,6812,0,4
1416,325,7017,0,4
1308,325,6818,0,4
1309,1831,6813,0,4
1417,349,7016,0,4
1417,349,7016,1,1
1310,349,6817,0,4
1310,349,6817,1,1
1311,1886,6815,0,1
1311,1886,6815,1,3
1311,1886,6815,2,2
1311,1886,6815,3,21
1419,1857,7023,0,4
1312,1857,6825,0,4
1420,1082,7022,0,6
1420,1082,7022,1,23
1421,1088,7030,0,1
1421,1088,7030,1,13
1421,1088,7030,2,2
1421,1088,7030,3,11
1421,1088,7030,4,4
1422,1079,7031,0,7
1422,1079,7031,1,13
1422,1079,7031,2,6
1422,1079,7031,3,3
1422,1080,7032,0,2
1422,1082,7033,0,1
1422,1086,7034,0,3
1422,1086,7034,1,2
1422,1087,7035,0,3
1422,1087,7035,1,2
1422,1087,7035,2,7
1422,1088,7036,0,4
1422,1088,7036,1,5
1422,1088,7036,2,3
1424,476,7028,0,2
1424,915,7029,0,2
1425,1499,7024,0,1
1425,1499,7024,1,3
1425,1499,7024,2,2
1425,1499,7024,3,2
1313,1499,6819,0,1
1313,1499,6819,1,3
1313,1499,6819,2,2
1313,1499,6819,3,2
1426,1499,7040,0,2
1314,1499,6821,0,2
1429,1145,7042,0,4
1429,1145,7042,1,2
1316,1145,6826,0,4
1316,1145,6826,1,2
1317,1857,6832,0,5
1430,1857,7044,0,5
1432,325,7047,0,2
1432,340,7048,0,3
1432,340,7048,1,4
1432,449,7049,0,1
1432,449,7049,1,4
1433,746,7052,0,6
1433,841,7053,0,2
1433,841,7053,1,2
1436,524,7055,0,4
1436,524,7055,1,2
1438,1510,7059,0,3
1438,1510,7059,1,7
1438,1510,7059,2,4
1439,1082,7058,0,2
1439,1082,7058,1,2
1439,1082,7058,2,3
1440,1858,7057,0,2
1319,1858,6831,0,2
1441,2119,7066,0,115
1442,1858,7060,0,2
1320,1858,6830,0,2
1443,375,7067,0,2
1443,375,7067,1,3
1443,375,7067,2,2
1321,375,6833,0,2
1321,375,6833,1,3
1321,375,6833,2,2
1322,611,6834,0,2
1322,1088,6835,0,1
1322,1088,6835,1,13
1322,1088,6835,2,2
1322,1088,6835,3,11
1322,1088,6835,4,4
1323,1079,6840,0,7
1323,1079,6840,1,13
1323,1079,6840,2,6
1323,1079,6840,3,3
1323,1080,6841,0,2
1323,1086,6842,0,3
1323,1086,6842,1,2
1323,1087,6843,0,3
1323,1087,6843,1,2
1323,1087,6843,2,7
1323,1088,6844,0,4
1323,1088,6844,1,5
1323,1088,6844,2,3
1324,476,6845,0,2
1324,573,6846,0,159
1324,915,6847,0,2
1325,325,6836,0,2
1325,340,6837,0,3
1325,340,6837,1,4
1325,449,6838,0,1
1325,449,6838,1,4
1326,746,6848,0,6
1326,841,6849,0,2
1326,841,6849,1,2
1327,524,6857,0,4
1327,524,6857,1,2
1328,1510,6854,0,3
1328,1510,6854,1,7
1328,1510,6854,2,4
1328,1082,6855,0,8
1328,1082,6855,1,22
1328,1082,6855,2,2
1328,1082,6855,3,3
1329,1510,6850,0,2
1445,1332,7064,0,1
1445,1332,7064,1,7
1446,471,7072,0,1
1446,471,7072,1,29
1446,471,7072,2,1
1446,471,7072,3,5
1448,1771,7071,0,2
1332,1771,6861,0,2
