497,686,2484,0,1
497,686,2484,1,13
497,686,2484,2,2
497,686,2484,3,8
497,686,2484,4,22
497,686,2484,5,2
516,686,2547,0,2
517,686,2561,0,2
860,98,4048,0,2
860,98,4048,1,4
860,98,4048,2,3
860,98,4048,3,8
860,116,4049,0,1
860,116,4049,1,1
860,116,4049,2,1
860,116,4049,3,2
860,116,4049,4,1
860,116,4049,5,5
860,116,4049,6,2
860,116,4049,7,4
860,631,4050,0,1
860,631,4050,1,1
860,631,4050,2,1
860,631,4050,3,2
860,631,4050,4,9
860,129,4051,0,3
860,129,4051,1,9
860,130,4052,0,11
860,130,4052,1,4
860,1244,4053,0,99
860,1245,4054,0,119
860,1246,4055,0,40
860,1247,4056,0,43
860,1248,4057,0,93
860,160,4058,0,1
860,160,4058,1,1
860,160,4058,2,3
860,160,4058,3,9
860,188,4059,0,1
860,188,4059,1,5
860,188,4059,2,2
860,237,4060,0,1
860,237,4060,1,1
860,237,4060,2,3
860,237,4060,3,3
860,237,4060,4,2
860,237,4060,5,2
860,237,4060,6,5
860,237,4060,7,4
860,237,4060,8,2
860,237,4060,9,4
860,237,4060,10,4
860,237,4060,11,4
860,237,4060,12,4
860,237,4060,13,11
860,237,4060,14,2
860,237,4060,15,4
860,237,4060,16,4
861,116,3973,0,1
861,116,3973,1,1
861,116,3973,2,5
861,1244,3974,0,2
861,1244,3974,1,8
861,1245,3975,0,2
861,1246,3976,0,7
861,1247,3977,0,4
861,1250,3978,0,45
861,188,3979,0,1
861,188,3979,1,5
862,98,3983,0,1
862,98,3983,1,2
862,116,3984,0,4
862,116,3984,1,4
862,120,3985,0,2
862,120,3985,1,1
862,120,3985,2,1
862,120,3985,3,4
862,124,3986,0,1
862,124,3986,1,9
862,1250,3987,0,2
862,161,3988,0,2
862,161,3988,1,7
862,188,3989,0,1
862,188,3989,1,5
862,188,3989,2,2
863,631,3992,0,3
863,1245,3994,0,3
863,1245,3994,1,7
863,1246,3995,0,2
863,1246,3995,1,7
658,211,3251,0,23
658,211,3251,1,2
658,224,3252,0,5
658,224,3252,1,24
658,224,3252,2,2
658,224,3252,3,53
658,224,3252,4,24
658,224,3252,5,35
658,224,3252,6,65
658,1147,3253,0,71
864,116,4009,0,1
864,116,4009,1,2
864,116,4009,2,2
864,116,4009,3,2
864,119,4010,0,4
864,119,4010,1,15
864,120,4011,0,2
864,120,4011,1,2
864,122,4012,0,4
864,122,4012,1,15
864,1244,4013,0,9
864,1244,4013,1,16
864,1245,4014,0,3
864,1245,4014,1,2
864,1245,4014,2,9
864,1246,4015,0,6
864,1246,4015,1,3
864,1251,4016,0,62
864,1252,4017,0,64
864,1247,4018,0,4
864,1247,4018,1,8
864,1253,4019,0,18
864,1250,4020,0,21
864,1254,4021,0,71
864,161,4022,0,1
864,161,4022,1,3
864,237,4023,0,2
865,120,3997,0,2
865,1251,3998,0,2
865,1251,3998,1,7
865,1250,3999,0,31
865,1255,4000,0,3
865,161,4001,0,1
865,161,4001,1,4
867,98,4069,0,2
867,98,4069,1,2
867,98,4069,2,2
867,98,4069,3,4
867,116,4070,0,2
867,116,4070,1,2
867,116,4070,2,2
867,116,4070,3,2
867,116,4070,4,4
867,116,4070,5,2
867,631,4071,0,2
867,631,4071,1,2
867,631,4071,2,2
867,631,4071,3,8
867,119,4072,0,6
867,119,4072,1,4
867,120,4073,0,4
867,120,4073,1,2
867,120,4073,2,2
867,120,4073,3,4
867,122,4074,0,6
867,122,4074,1,4
867,124,4075,0,2
867,124,4075,1,6
867,1244,4076,0,2
867,1244,4076,1,17
867,1244,4076,2,14
867,1245,4077,0,2
867,1245,4077,1,7
867,1245,4077,2,1
867,1245,4077,3,17
867,1245,4077,4,6
867,1246,4078,0,18
867,1251,4079,0,2
867,1251,4079,1,2
867,1251,4079,2,2
867,1252,4080,0,2
867,1252,4080,1,7
867,1257,4081,0,72
867,1253,4082,0,4
867,1258,4083,0,60
867,1248,4084,0,2
867,1255,4085,0,4
867,1254,4086,0,2
867,1254,4086,1,2
867,1254,4086,2,2
867,1254,4086,3,2
867,160,4089,0,2
867,160,4089,1,2
867,160,4089,2,4
867,160,4089,3,8
867,161,4090,0,4
867,161,4090,1,4
867,188,4091,0,2
867,188,4091,1,6
867,188,4091,2,2
867,237,4092,0,2
867,237,4092,1,2
867,237,4092,2,2
867,237,4092,3,2
867,237,4092,4,2
867,237,4092,5,2
867,237,4092,6,4
867,237,4092,7,2
867,237,4092,8,4
867,237,4092,9,4
867,237,4092,10,4
867,237,4092,11,4
867,237,4092,12,2
867,237,4092,13,4
867,237,4092,14,4
868,1257,4007,0,111
869,1253,4008,0,44
870,1257,4030,0,5
870,1258,4031,0,34
870,161,4032,0,2
870,161,4032,1,3
871,631,4037,0,2
871,631,4037,1,2
871,1245,4038,0,32
871,1245,4038,1,15
871,1245,4038,2,6
871,1260,4039,0,69
871,160,4041,0,2
871,160,4041,1,2
872,1251,4043,0,8
872,1252,4044,0,14
872,1252,4044,1,2
872,1255,4045,0,7
872,1254,4046,0,1
872,1254,4046,1,9
872,1254,4046,2,2
873,116,4122,0,2
873,116,4122,1,2
873,116,4122,2,2
873,119,4123,0,2
873,122,4124,0,2
501,237,2517,0,7
501,237,2517,1,6
501,237,2517,2,7
502,237,2520,0,2
503,237,2521,0,2
504,286,2522,0,6
659,1149,3255,0,241
660,224,3259,0,11
660,224,3259,1,4
660,224,3259,2,31
660,224,3259,3,15
660,224,3259,4,26
660,224,3259,5,33
660,224,3259,6,30
660,224,3259,7,184
661,1154,3275,0,15
661,1154,3275,1,114
661,1154,3275,2,66
661,1154,3275,3,307
661,1155,3276,0,4
661,1155,3276,1,46
661,1155,3276,2,11
661,1155,3276,3,13
661,1155,3276,4,25
661,1155,3276,5,56
661,1155,3276,6,2
661,1155,3276,7,54
661,1155,3276,8,138
661,1155,3276,9,1
661,1144,3277,0,4
661,1144,3277,1,2
661,1144,3277,2,8
661,1144,3277,3,11
661,1144,3277,4,21
661,1144,3277,5,11
661,1144,3277,6,21
661,707,3278,0,8
661,149,3279,0,10
661,161,3281,0,4
661,161,3281,1,6
661,161,3281,2,13
661,161,3281,3,5
661,161,3281,4,2
661,164,3282,0,2
661,168,3283,0,2
661,720,3284,0,2
661,650,3285,0,4
661,650,3285,1,4
661,650,3285,2,3
661,711,3286,0,46
661,711,3286,1,109
661,711,3286,2,40
661,711,3286,3,184
661,711,3286,4,29
661,1156,3287,0,295
661,188,3288,0,2
661,188,3288,1,1
661,188,3288,2,4
661,188,3288,3,3
661,188,3288,4,3
661,188,3288,5,2
661,188,3288,6,2
661,188,3288,7,9
661,188,3288,8,2
661,596,3289,0,2
661,596,3289,1,2
661,596,3289,2,2
661,230,3293,0,3
661,712,3294,0,6
661,712,3294,1,4
661,712,3294,2,15
661,712,3294,3,2
661,712,3294,4,2
661,712,3294,5,8
661,237,3295,0,2
661,1147,3296,0,5
661,1147,3296,1,3
661,1147,3296,2,1
662,1158,3257,0,63
663,1160,3308,0,49
663,1154,3309,0,1
663,1154,3309,1,5
663,1154,3309,2,5
663,1154,3309,3,5
663,1154,3309,4,6
663,1155,3310,0,2
663,1155,3310,1,1
663,1155,3310,2,3
663,1155,3310,3,2
663,1155,3310,4,3
663,1155,3310,5,16
663,1155,3310,6,3
663,1155,3310,7,2
663,1155,3310,8,5
663,1155,3310,9,17
663,1155,3310,10,5
663,1155,3310,11,3
663,1155,3310,12,1
663,1155,3310,13,12
663,1162,3311,0,27
663,1144,3312,0,3
663,1144,3312,1,3
663,1156,3313,0,1
663,1156,3313,1,1
663,1156,3313,2,1
663,1156,3313,3,2
663,1156,3313,4,32
663,1156,3313,5,2
663,1156,3313,6,6
663,1156,3313,7,1
663,1156,3313,8,17
663,1156,3313,9,17
663,1156,3313,10,17
663,188,3314,0,2
663,1149,3315,0,10
663,1149,3315,1,2
663,1149,3315,2,5
663,224,3316,0,2
663,224,3316,1,4
663,224,3316,2,2
663,224,3316,3,2
663,224,3316,4,2
663,1158,3317,0,1
663,1158,3317,1,8
663,1158,3317,2,12
874,116,4157,0,2
874,116,4157,1,5
874,119,4158,0,2
874,122,4159,0,1
874,122,4159,1,1
874,122,4159,2,16
874,122,4159,3,2
874,122,4159,4,4
874,1244,4160,0,4
874,1244,4160,1,3
874,1244,4160,2,30
874,1245,4161,0,4
874,1245,4161,1,6
874,1260,4162,0,2
874,1257,4163,0,6
874,1261,4164,0,21
874,1258,4165,0,12
874,1255,4166,0,6
874,161,4167,0,4
874,161,4167,1,9
874,188,4168,0,3
874,188,4168,1,4
874,188,4168,2,4
874,188,4168,3,10
874,248,4169,0,4
874,934,4170,0,14
499,160,2485,0,2
499,160,2485,1,2
499,160,2485,2,50
499,208,2486,0,4
499,208,2486,1,2
505,235,2518,0,1
505,235,2518,1,4
507,237,2523,0,1
507,237,2523,1,3
507,237,2523,2,10
507,237,2523,3,2
507,237,2523,4,21
507,237,2523,5,10
507,237,2523,6,12
508,641,2559,0,2
508,641,2559,1,12
508,641,2559,2,1
508,641,2559,3,2
508,641,2559,4,1
508,641,2559,5,2
508,641,2559,6,2
508,641,2559,7,2
508,641,2559,8,2
508,641,2559,9,4
508,641,2559,10,18
508,641,2559,11,6
508,641,2559,12,2
508,641,2559,13,4
508,641,2559,14,11
508,641,2559,15,4
508,641,2559,16,1
508,641,2559,17,1
508,641,2559,18,1
508,641,2559,19,1
508,641,2559,20,2
508,641,2559,21,2
508,641,2559,22,2
508,641,2559,23,2
508,641,2559,24,4
508,641,2559,25,18
508,641,2559,26,6
508,641,2559,27,2
508,641,2559,28,3
508,641,2559,29,1
508,641,2559,30,11
508,641,2559,31,4
508,641,2559,32,1
508,641,2559,33,1
508,641,2559,34,1
508,641,2559,35,1
508,641,2559,36,2
508,641,2559,37,2
508,641,2559,38,2
508,641,2559,39,2
508,641,2559,40,4
508,641,2559,41,18
508,641,2559,42,6
508,641,2559,43,2
508,641,2559,44,4
508,641,2559,45,11
508,641,2559,46,2
508,641,2559,47,4
508,641,2559,48,1
508,641,2559,49,2
508,641,2559,50,1
508,641,2559,51,2
508,641,2559,52,2
508,641,2559,53,2
508,641,2559,54,2
508,641,2559,55,4
508,641,2559,56,18
508,641,2559,57,6
508,641,2559,58,2
508,641,2559,59,4
508,641,2559,60,11
508,641,2559,61,2
508,641,2559,62,4
508,641,2559,63,1
508,641,2559,64,1
508,641,2559,65,1
508,641,2559,66,1
508,641,2559,67,2
508,641,2559,68,2
508,641,2559,69,2
508,641,2559,70,2
508,641,2559,71,4
508,641,2559,72,18
508,641,2559,73,6
508,641,2559,74,2
508,641,2559,75,3
508,641,2559,76,1
508,641,2559,77,11
508,641,2559,78,2
508,641,2559,79,4
508,641,2559,80,1
508,641,2559,81,2
508,641,2559,82,1
508,641,2559,83,2
508,641,2559,84,2
508,641,2559,85,2
508,641,2559,86,2
508,641,2559,87,4
508,641,2559,88,18
508,641,2559,89,6
508,641,2559,90,2
508,641,2559,91,4
508,641,2559,92,11
508,641,2559,93,2
508,641,2559,94,4
508,641,2559,95,1
508,641,2559,96,1
508,641,2559,97,1
508,641,2559,98,1
508,641,2559,99,2
508,641,2559,100,2
508,641,2559,101,2
508,641,2559,102,2
508,641,2559,103,4
508,641,2559,104,18
508,641,2559,105,6
508,641,2559,106,2
508,641,2559,107,3
508,641,2559,108,1
508,641,2559,109,11
508,641,2559,110,4
508,641,2559,111,1
508,641,2559,112,2
508,641,2559,113,1
508,641,2559,114,2
508,641,2559,115,2
508,641,2559,116,2
508,641,2559,117,2
508,641,2559,118,4
508,641,2559,119,18
508,641,2559,120,6
508,641,2559,121,2
508,641,2559,122,3
508,641,2559,123,1
508,641,2559,124,11
508,641,2559,125,4
508,641,2559,126,1
508,641,2559,127,1
508,641,2559,128,1
508,641,2559,129,1
508,641,2559,130,2
508,641,2559,131,2
508,641,2559,132,2
508,641,2559,133,2
508,641,2559,134,4
508,641,2559,135,18
508,641,2559,136,6
508,641,2559,137,2
508,641,2559,138,3
508,641,2559,139,1
508,641,2559,140,11
508,641,2559,141,4
508,641,2559,142,1
508,641,2559,143,1
508,641,2559,144,1
508,641,2559,145,1
508,641,2559,146,2
508,641,2559,147,2
508,641,2559,148,2
508,641,2559,149,2
508,641,2559,150,4
508,641,2559,151,18
508,641,2559,152,6
508,641,2559,153,2
508,641,2559,154,4
508,641,2559,155,11
508,641,2559,156,2
508,641,2559,157,4
508,641,2559,158,1
508,641,2559,159,1
508,641,2559,160,1
508,641,2559,161,1
508,641,2559,162,2
508,641,2559,163,2
508,641,2559,164,2
508,641,2559,165,2
508,641,2559,166,4
508,641,2559,167,18
508,641,2559,168,6
508,641,2559,169,2
508,641,2559,170,4
508,641,2559,171,11
508,641,2559,172,4
508,641,2559,173,1
508,641,2559,174,1
508,641,2559,175,1
508,641,2559,176,1
508,641,2559,177,2
508,641,2559,178,2
508,641,2559,179,2
508,641,2559,180,2
508,641,2559,181,4
508,641,2559,182,18
508,641,2559,183,6
508,641,2559,184,2
508,641,2559,185,4
508,641,2559,186,11
508,641,2559,187,2
508,641,2559,188,4
508,641,2559,189,1
508,641,2559,190,1
508,641,2559,191,1
508,641,2559,192,1
508,641,2559,193,2
508,641,2559,194,2
508,641,2559,195,2
508,641,2559,196,2
508,641,2559,197,4
508,641,2559,198,18
508,641,2559,199,6
508,641,2559,200,2
508,641,2559,201,4
508,641,2559,202,11
508,641,2559,203,4
508,641,2559,204,1
508,641,2559,205,1
508,641,2559,206,1
508,641,2559,207,1
508,641,2559,208,2
508,641,2559,209,2
508,641,2559,210,2
508,641,2559,211,2
508,641,2559,212,4
508,641,2559,213,18
508,641,2559,214,6
508,641,2559,215,2
508,641,2559,216,4
508,641,2559,217,11
508,641,2559,218,2
508,641,2559,219,4
508,641,2559,220,2
508,641,2559,221,2
508,641,2559,222,2
508,641,2559,223,5
508,641,2559,224,2
509,641,2560,0,73
509,641,2560,1,5
509,641,2560,2,7
509,641,2560,3,115
509,641,2560,4,13
509,641,2560,5,39
509,641,2560,6,3
509,641,2560,7,4
509,641,2560,8,3
509,641,2560,9,5
509,641,2560,10,17
509,641,2560,11,105
509,641,2560,12,13
509,641,2560,13,45
509,641,2560,14,3
509,641,2560,15,35
509,641,2560,16,3
509,641,2560,17,5
509,641,2560,18,7
509,641,2560,19,118
509,641,2560,20,13
509,641,2560,21,39
509,641,2560,22,3
509,641,2560,23,3
509,641,2560,24,7
509,641,2560,25,20
509,641,2560,26,5
509,641,2560,27,7
509,641,2560,28,116
509,641,2560,29,13
509,641,2560,30,39
509,641,2560,31,3
509,641,2560,32,4
509,641,2560,33,6
509,641,2560,34,5
509,641,2560,35,7
509,641,2560,36,118
509,641,2560,37,13
509,641,2560,38,45
509,641,2560,39,3
509,641,2560,40,7
509,641,2560,41,34
509,641,2560,42,5
509,641,2560,43,7
509,641,2560,44,90
509,641,2560,45,13
509,641,2560,46,36
509,641,2560,47,3
509,641,2560,48,7
509,641,2560,49,5
509,641,2560,50,17
509,641,2560,51,109
509,641,2560,52,13
509,641,2560,53,45
509,641,2560,54,3
509,641,2560,55,3
509,641,2560,56,35
509,641,2560,57,20
509,641,2560,58,5
509,641,2560,59,33
509,641,2560,60,64
509,641,2560,61,13
509,641,2560,62,42
509,641,2560,63,3
509,641,2560,64,24
509,641,2560,65,5
509,641,2560,66,17
509,641,2560,67,109
509,641,2560,68,13
509,641,2560,69,45
509,641,2560,70,3
509,641,2560,71,3
509,641,2560,72,35
509,641,2560,73,20
509,641,2560,74,5
509,641,2560,75,7
509,641,2560,76,118
509,641,2560,77,13
509,641,2560,78,39
509,641,2560,79,3
509,641,2560,80,3
509,641,2560,81,7
509,641,2560,82,20
509,641,2560,83,5
509,641,2560,84,7
509,641,2560,85,96
509,641,2560,86,13
509,641,2560,87,36
509,641,2560,88,3
509,641,2560,89,3
509,641,2560,90,21
509,641,2560,91,5
509,641,2560,92,7
509,641,2560,93,118
509,641,2560,94,13
509,641,2560,95,39
509,641,2560,96,3
509,641,2560,97,3
509,641,2560,98,7
509,641,2560,99,20
509,641,2560,100,5
509,641,2560,101,7
509,641,2560,102,118
509,641,2560,103,13
509,641,2560,104,39
509,641,2560,105,3
509,641,2560,106,3
509,641,2560,107,4
509,641,2560,108,20
509,641,2560,109,5
509,641,2560,110,7
509,641,2560,111,224
509,641,2560,112,13
509,641,2560,113,54
509,641,2560,114,3
509,641,2560,115,5
509,641,2560,116,12
509,641,2560,117,7
509,641,2560,118,3
509,641,2560,119,6
509,641,2560,120,20
509,641,2560,121,20
509,641,2560,122,20
509,641,2560,123,20
509,641,2560,124,344
510,179,2535,0,1
510,179,2535,1,5
510,179,2535,2,1
510,179,2535,3,1
510,188,2536,0,1
510,188,2536,1,14
510,202,2537,0,1
510,202,2537,1,3
510,202,2537,2,1
510,202,2537,3,8
510,202,2537,4,3
510,202,2537,5,3
510,290,2538,0,1
510,290,2538,1,7
510,290,2538,2,3
510,290,2538,3,3
513,160,2533,0,1
513,160,2533,1,1
513,160,2533,2,8
875,1245,4174,0,1
875,1245,4174,1,2
875,1251,4175,0,1
875,1251,4175,1,6
875,1251,4175,2,4
875,1252,4176,0,2
875,1252,4176,1,7
875,1252,4176,2,4
875,1253,4177,0,1
875,1253,4177,1,2
875,1254,4178,0,2
875,1254,4178,1,9
875,1254,4178,2,4
514,934,2546,0,2
514,934,2546,1,2
664,224,3324,0,6
664,224,3324,1,2
664,224,3324,2,4
667,636,3393,0,3
667,1164,3394,0,212
667,1165,3395,0,6575
667,641,3396,0,73
667,641,3396,1,5
667,641,3396,2,7
667,641,3396,3,115
667,641,3396,4,13
667,641,3396,5,39
667,641,3396,6,3
667,641,3396,7,4
667,641,3396,8,3
667,641,3396,9,5
667,641,3396,10,17
667,641,3396,11,105
667,641,3396,12,13
667,641,3396,13,45
667,641,3396,14,3
667,641,3396,15,35
667,641,3396,16,3
667,641,3396,17,5
667,641,3396,18,7
667,641,3396,19,118
667,641,3396,20,13
667,641,3396,21,39
667,641,3396,22,3
667,641,3396,23,3
667,641,3396,24,7
667,641,3396,25,20
667,641,3396,26,5
667,641,3396,27,7
667,641,3396,28,116
667,641,3396,29,13
667,641,3396,30,39
667,641,3396,31,3
667,641,3396,32,4
667,641,3396,33,6
667,641,3396,34,5
667,641,3396,35,7
667,641,3396,36,118
667,641,3396,37,13
667,641,3396,38,45
667,641,3396,39,3
667,641,3396,40,7
667,641,3396,41,34
667,641,3396,42,5
667,641,3396,43,7
667,641,3396,44,90
667,641,3396,45,13
667,641,3396,46,36
667,641,3396,47,3
667,641,3396,48,7
667,641,3396,49,5
667,641,3396,50,17
667,641,3396,51,109
667,641,3396,52,13
667,641,3396,53,45
667,641,3396,54,3
667,641,3396,55,3
667,641,3396,56,35
667,641,3396,57,20
667,641,3396,58,5
667,641,3396,59,33
667,641,3396,60,64
667,641,3396,61,13
667,641,3396,62,42
667,641,3396,63,3
667,641,3396,64,24
667,641,3396,65,5
667,641,3396,66,17
667,641,3396,67,109
667,641,3396,68,13
667,641,3396,69,45
667,641,3396,70,3
667,641,3396,71,3
667,641,3396,72,35
667,641,3396,73,20
667,641,3396,74,5
667,641,3396,75,7
667,641,3396,76,118
667,641,3396,77,13
667,641,3396,78,39
667,641,3396,79,3
667,641,3396,80,3
667,641,3396,81,7
667,641,3396,82,20
667,641,3396,83,5
667,641,3396,84,7
667,641,3396,85,96
667,641,3396,86,13
667,641,3396,87,36
667,641,3396,88,3
667,641,3396,89,3
667,641,3396,90,21
667,641,3396,91,5
667,641,3396,92,7
667,641,3396,93,118
667,641,3396,94,13
667,641,3396,95,39
667,641,3396,96,3
667,641,3396,97,3
667,641,3396,98,7
667,641,3396,99,20
667,641,3396,100,5
667,641,3396,101,7
667,641,3396,102,118
667,641,3396,103,13
667,641,3396,104,39
667,641,3396,105,3
667,641,3396,106,3
667,641,3396,107,4
667,641,3396,108,20
667,641,3396,109,5
667,641,3396,110,7
667,641,3396,111,224
667,641,3396,112,13
667,641,3396,113,54
667,641,3396,114,3
667,641,3396,115,5
667,641,3396,116,12
667,641,3396,117,7
667,641,3396,118,3
667,641,3396,119,6
667,641,3396,120,20
667,641,3396,121,20
667,641,3396,122,20
667,641,3396,123,20
667,641,3396,124,344
667,650,3397,0,1
667,650,3397,1,4
667,1166,3398,0,129
668,1164,3337,0,1
668,1164,3337,1,2
668,1164,3337,2,36
668,1165,3338,0,12
668,1165,3338,1,3
668,1165,3338,2,9
668,1165,3338,3,4
668,1165,3338,4,6
668,1165,3338,5,4
668,1165,3338,6,34
668,1165,3338,7,47
668,1165,3338,8,2
668,650,3339,0,4
668,1166,3340,0,11
668,1166,3340,1,20
668,1166,3340,2,4
668,1166,3340,3,60
668,1166,3340,4,2
668,1166,3340,5,15
669,1164,3332,0,1
669,1164,3332,1,35
669,1164,3332,2,1
669,1166,3333,0,4
669,1166,3333,1,22
671,1165,3346,0,65
671,1165,3346,1,2
671,1165,3346,2,317
671,1165,3346,3,26
671,1165,3346,4,10
671,1165,3346,5,12
671,1165,3346,6,6
671,1165,3346,7,23
671,1165,3346,8,23
671,1165,3346,9,39
671,1165,3346,10,5
671,1165,3346,11,65
671,1165,3346,12,14
671,1165,3346,13,2
671,1165,3346,14,2
671,1165,3346,15,2
671,1166,3347,0,4
671,1166,3347,1,18
518,179,2567,0,3
518,179,2567,1,10
518,188,2568,0,5
518,188,2568,1,1
518,188,2568,2,30
519,179,2565,0,1
519,188,2566,0,1
519,188,2566,1,5
519,188,2566,2,4
520,179,2562,0,3
672,1165,3365,0,8
672,1165,3365,1,3
672,1165,3365,2,4
672,1165,3365,3,3
672,1165,3365,4,4
672,1165,3365,5,18
672,1165,3365,6,16
672,1165,3365,7,12
672,1165,3365,8,5
672,1165,3365,9,26
672,1165,3365,10,10
672,1165,3365,11,2
672,1165,3365,12,10
672,1165,3365,13,2
672,1165,3365,14,13
672,1165,3365,15,4
672,1165,3365,16,318
672,1165,3365,17,42
672,1165,3365,18,12
672,1165,3365,19,5
672,1165,3365,20,6
672,1165,3365,21,3
672,1165,3365,22,6
672,1165,3365,23,20
672,1165,3365,24,5
672,1165,3365,25,68
672,1165,3365,26,2
672,1165,3365,27,18
672,1165,3365,28,2
672,1165,3365,29,2
672,1166,3366,0,4
672,1166,3366,1,1
672,1166,3366,2,10
672,1166,3366,3,20
672,1166,3366,4,105
521,179,2576,0,4
521,188,2577,0,13
521,188,2577,1,15
521,188,2577,2,4
521,202,2578,0,2
521,202,2578,1,2
521,202,2578,2,8
521,202,2578,3,2
521,202,2578,4,2
521,290,2579,0,4
522,290,2563,0,2
522,290,2563,1,2
522,290,2563,2,2
524,160,2572,0,3
524,160,2572,1,7
524,160,2572,2,12
524,160,2572,3,12
524,160,2572,4,16
524,179,2573,0,2
524,188,2574,0,4
524,188,2574,1,7
524,268,2575,0,1
525,179,2570,0,12
525,209,2571,0,1
523,686,2581,0,2
523,686,2581,1,4
523,686,2581,2,2
523,686,2581,3,2
523,711,2582,0,2
523,711,2582,1,2
523,711,2582,2,2
523,179,2583,0,2
523,179,2583,1,4
523,188,2584,0,2
523,188,2584,1,2
523,188,2584,2,2
523,954,2585,0,75
526,686,2589,0,2
526,686,2589,1,4
526,686,2589,2,2
526,686,2589,3,2
526,711,2590,0,2
526,711,2590,1,2
526,711,2590,2,2
526,179,2591,0,2
526,179,2591,1,4
526,188,2592,0,2
526,188,2592,1,2
526,188,2592,2,2
526,955,2593,0,75
527,961,2580,0,2
528,179,2599,0,2
673,1164,3349,0,2
673,1164,3349,1,2
673,1164,3349,2,7
673,1164,3349,3,4
673,1164,3349,4,1
673,1164,3349,5,78
673,1164,3349,6,103
673,1164,3349,7,2
673,1164,3349,8,2
673,1166,3350,0,2
673,1166,3350,1,1
673,1166,3350,2,2
673,1166,3350,3,2
673,1166,3350,4,11
674,1164,3343,0,1
674,1164,3343,1,8
674,1164,3343,2,2
674,1164,3343,3,10
674,1164,3343,4,7
674,1164,3343,5,4
674,1164,3343,6,4
674,1166,3344,0,2
674,1166,3344,1,2
674,1166,3344,2,2
674,1166,3344,3,2
674,1166,3344,4,2
674,1166,3344,5,12
529,968,2598,0,1
530,179,2601,0,1
675,1164,3352,0,2
675,1164,3352,1,31
675,1164,3352,2,63
675,1164,3352,3,10
675,1166,3353,0,2
675,1166,3353,1,4
675,1166,3353,2,4
675,1166,3353,3,6
675,1166,3353,4,9
675,1166,3353,5,2
675,1166,3353,6,19
676,1164,3354,0,5
676,1164,3354,1,38
676,1164,3354,2,30
676,1164,3354,3,3
676,1166,3355,0,1
676,1166,3355,1,4
676,1166,3355,2,1
676,1166,3355,3,30
677,1164,3373,0,1
677,1164,3373,1,31
677,1164,3373,2,10
677,1164,3373,3,2
677,1164,3373,4,1
677,1164,3373,5,37
677,1165,3374,0,4
677,1165,3374,1,2
677,1165,3374,2,2
677,1165,3374,3,2
677,1165,3374,4,2
677,1165,3374,5,30
677,1165,3374,6,7
677,1165,3374,7,8
677,1165,3374,8,4
677,1165,3374,9,10
677,1165,3374,10,9
677,1165,3374,11,76
677,1165,3374,12,34
677,1165,3374,13,9
677,1165,3374,14,10
677,1165,3374,15,4
677,1165,3374,16,10
677,1165,3374,17,11
677,1165,3374,18,78
677,1165,3374,19,4
677,1165,3374,20,4
677,1165,3374,21,8
677,1165,3374,22,4
677,1165,3374,23,4
677,1165,3374,24,6
677,1165,3374,25,4
677,1165,3374,26,2
677,1165,3374,27,2
677,1165,3374,28,2
677,1165,3374,29,69
677,1165,3374,30,2
677,1165,3374,31,2
677,1166,3375,0,2
677,1166,3375,1,10
677,1166,3375,2,25
677,1166,3375,3,14
677,1166,3375,4,19
677,1166,3375,5,10
677,1166,3375,6,23
678,1164,3356,0,1
678,1164,3356,1,5
678,1164,3356,2,12
678,1166,3357,0,5
678,1166,3357,1,8
678,1166,3357,2,6
679,1164,3359,0,2
679,1164,3359,1,1
679,1164,3359,2,2
679,1164,3359,3,7
679,1164,3359,4,2
679,1164,3359,5,2
679,1164,3359,6,2
679,1164,3359,7,4
679,1164,3359,8,5
679,1164,3359,9,2
679,1164,3359,10,1
679,1164,3359,11,11
679,1164,3359,12,1
679,1164,3359,13,2
679,1164,3359,14,1
679,1164,3359,15,5
679,1166,3360,0,2
679,1166,3360,1,30
679,1166,3360,2,6
679,1166,3360,3,1
679,1166,3360,4,3
679,1166,3360,5,3
679,1166,3360,6,3
679,1166,3360,7,10
679,1166,3360,8,7
679,1166,3360,9,1
679,1166,3360,10,1
665,130,3327,0,2
665,130,3327,1,15
665,130,3327,2,9
665,130,3327,3,4
665,160,3328,0,1
665,160,3328,1,1
665,160,3328,2,2
665,160,3328,3,21
665,160,3328,4,6
665,161,3329,0,10
665,288,3330,0,1
665,288,3330,1,7
665,288,3330,2,1
685,1164,3403,0,2
685,1164,3403,1,3
685,1164,3403,2,2
685,640,3404,0,4
685,650,3405,0,2
685,1166,3406,0,3
685,1166,3406,1,2
685,1166,3406,2,2
686,1164,3425,0,16
686,1164,3425,1,1
686,1164,3425,2,2
686,1164,3425,3,1
686,1164,3425,4,4
686,1164,3425,5,1
686,1164,3425,6,4
686,1164,3425,7,1
686,1164,3425,8,3
686,1164,3425,9,2
686,1164,3425,10,5
686,1164,3425,11,3
686,1164,3425,12,5
686,1164,3425,13,4
686,1164,3425,14,4
686,1166,3426,0,16
686,1166,3426,1,7
686,1166,3426,2,3
686,1166,3426,3,11
686,1166,3426,4,1
686,1166,3426,5,11
686,1166,3426,6,14
686,1166,3426,7,5
686,1166,3426,8,3
686,1166,3426,9,15
686,1166,3426,10,22
686,1166,3426,11,8
686,1166,3426,12,3
680,161,3361,0,2
680,161,3361,1,3
680,161,3361,2,4
680,161,3361,3,2
680,161,3361,4,5
680,1169,3362,0,54
680,650,3363,0,9
680,650,3363,1,39
680,1170,3364,0,37
681,1155,3378,0,2
681,1155,3378,1,2
681,1155,3378,2,2
681,1155,3378,3,2
681,1155,3378,4,2
681,1155,3378,5,2
681,1164,3379,0,10
681,1164,3379,1,14
681,1164,3379,2,2
681,1164,3379,3,4
681,1164,3379,4,2
681,1164,3379,5,4
681,1164,3379,6,1
681,1164,3379,7,19
681,1164,3379,8,11
681,1164,3379,9,6
681,1164,3379,10,3
681,1164,3379,11,3
681,1164,3379,12,15
681,1164,3379,13,1
681,1164,3379,14,3
681,1164,3379,15,2
681,1164,3379,16,11
682,164,3368,0,2
682,164,3368,1,4
687,1164,3411,0,10
687,1164,3411,1,2
687,1164,3411,2,8
687,1164,3411,3,9
687,1164,3411,4,18
687,1165,3412,0,10
687,1165,3412,1,3
687,1165,3412,2,4
687,1165,3412,3,3
687,1165,3412,4,9
687,1165,3412,5,37
687,1165,3412,6,69
687,1165,3412,7,2
687,1166,3413,0,8
687,1166,3413,1,4
683,1154,3380,0,2
683,1154,3380,1,2
683,1154,3380,2,2
683,1154,3380,3,2
683,130,3381,0,2
683,184,3382,0,2
683,184,3382,1,1
683,184,3382,2,3
683,184,3382,3,2
683,185,3383,0,3
683,188,3384,0,1
683,188,3384,1,4
683,626,3385,0,3
683,1149,3386,0,1
683,1149,3386,1,4
683,1149,3386,2,2
683,1149,3386,3,12
683,1149,3386,4,21
683,224,3387,0,12
683,224,3387,1,1
683,224,3387,2,8
683,224,3387,3,6
683,224,3387,4,2
683,224,3387,5,4
683,224,3387,6,5
690,1166,3408,0,1
684,224,3402,0,1
684,224,3402,1,2
684,224,3402,2,4
684,224,3402,3,3
684,224,3402,4,3
684,224,3402,5,1
684,224,3402,6,1
688,224,3410,0,1
688,224,3410,1,1
688,224,3410,2,10
688,224,3410,3,2
688,224,3410,4,1
688,224,3410,5,55
688,224,3410,6,2
688,224,3410,7,14
688,224,3410,8,2
688,224,3410,9,2
688,224,3410,10,7
688,224,3410,11,100
532,580,2638,0,4
532,118,2639,0,3
532,118,2639,1,2
532,118,2639,2,12
532,118,2639,3,22
532,634,2640,0,1
532,634,2640,1,7
532,639,2641,0,3
532,639,2641,1,25
532,641,2642,0,3
532,641,2642,1,2
532,641,2642,2,2
532,641,2642,3,399
532,641,2642,4,2
532,641,2642,5,41
532,641,2642,6,12
532,641,2642,7,2
532,641,2642,8,4
532,641,2642,9,2
532,641,2642,10,2
532,644,2643,0,1
532,644,2643,1,25
532,148,2644,0,1
532,148,2644,1,22
532,149,2645,0,1
532,653,2646,0,1
532,653,2646,1,1
532,653,2646,2,3
532,653,2646,3,12
532,656,2647,0,1
532,656,2647,1,3
532,656,2647,2,21
532,656,2647,3,1
532,190,2648,0,3
532,201,2649,0,2
532,204,2650,0,2
532,204,2650,1,7
532,209,2651,0,1
532,209,2651,1,1
532,209,2651,2,1
532,209,2651,3,15
532,209,2651,4,10
532,209,2651,5,5
532,209,2651,6,8
532,209,2651,7,2
532,209,2651,8,1
532,944,2652,0,4
532,211,2653,0,4
532,216,2654,0,20
532,222,2655,0,4
532,224,2656,0,4
532,227,2657,0,4
532,703,2658,0,4
532,237,2659,0,1
532,237,2659,1,14
532,237,2659,2,17
532,237,2659,3,8
532,237,2659,4,13
532,237,2659,5,7
532,237,2659,6,14
532,237,2659,7,7
532,237,2659,8,18
532,237,2659,9,17
532,237,2659,10,4
532,240,2660,0,4
532,250,2661,0,16
532,254,2662,0,6
532,254,2662,1,11
532,273,2663,0,4
532,274,2664,0,8
532,276,2665,0,4
532,277,2666,0,2
532,279,2667,0,4
532,282,2668,0,3
532,284,2669,0,4
533,254,2603,0,8
533,254,2603,1,11
534,118,2604,0,1
534,118,2604,1,2
534,118,2604,2,17
535,273,2605,0,4
535,274,2606,0,8
535,276,2607,0,5
535,277,2608,0,2
535,279,2609,0,5
535,282,2610,0,4
535,284,2611,0,5
692,1172,3421,0,153
692,208,3422,0,1
692,208,3422,1,7
692,208,3422,2,3
692,209,3423,0,1
692,209,3423,1,11
692,209,3423,2,4
538,118,2617,0,2
541,989,2622,0,1
541,989,2622,1,2
693,1154,3417,0,14
693,1155,3418,0,15
693,1164,3419,0,15
694,934,3431,0,1
694,934,3431,1,2
545,997,2631,0,1
545,997,2631,1,3
545,997,2631,2,6
545,998,2632,0,3
546,997,2628,0,2
547,1000,2629,0,5
547,997,2630,0,2
696,252,3433,0,1
696,252,3433,1,3
696,252,3433,2,6
696,628,3434,0,3
697,252,3432,0,2
698,237,3435,0,5
698,252,3436,0,2
700,1164,3448,0,63
700,1165,3449,0,1
700,1165,3449,1,1
700,1165,3449,2,2
700,1165,3449,3,794
700,1165,3449,4,3
700,1165,3449,5,4
700,1165,3449,6,4
700,1165,3449,7,20
700,1165,3449,8,10
700,1165,3449,9,2
700,1165,3449,10,10
700,1165,3449,11,16
700,1165,3449,12,7
700,1165,3449,13,38
700,1165,3449,14,7
700,1165,3449,15,3
700,1165,3449,16,3
700,1165,3449,17,4
700,1165,3449,18,3
700,1165,3449,19,9
700,1165,3449,20,37
700,1165,3449,21,10
700,1165,3449,22,56
700,1165,3449,23,20
700,1165,3449,24,2
700,1165,3449,25,4
700,1166,3450,0,3
700,1166,3450,1,49
548,1000,2633,0,3
701,237,3455,0,3
543,991,2623,0,1
543,991,2623,1,1
543,991,2623,2,4
543,991,2623,3,19
543,992,2624,0,1
543,992,2624,1,1
543,992,2624,2,3
543,992,2624,3,8
544,995,2627,0,2
544,995,2627,1,4
544,995,2627,2,8
703,116,3456,0,1
703,116,3456,1,1
703,116,3456,2,4
703,116,3456,3,19
703,631,3457,0,1
703,631,3457,1,1
703,631,3457,2,3
703,631,3457,3,8
704,209,3458,0,2
704,209,3458,1,4
704,209,3458,2,8
705,160,3460,0,1
705,160,3460,1,1
705,160,3460,2,8
705,160,3460,3,2
705,160,3460,4,2
705,160,3460,5,14
705,208,3461,0,2
705,208,3461,1,5
705,209,3462,0,6
705,209,3462,1,2
550,992,2636,0,2
550,992,2636,1,3
552,1002,2677,0,2
557,208,2681,0,2
558,208,2683,0,4
558,209,2684,0,2
706,1154,3472,0,2
706,1155,3473,0,2
706,1164,3474,0,2
706,1164,3474,1,4
706,1164,3474,2,2
706,1164,3474,3,4
706,1165,3475,0,16
706,1165,3475,1,20
706,1165,3475,2,10
706,1165,3475,3,2
706,1165,3475,4,10
706,1165,3475,5,2
706,1165,3475,6,10
706,1165,3475,7,16
706,1165,3475,8,20
706,1165,3475,9,10
706,1165,3475,10,2
706,1165,3475,11,10
706,1165,3475,12,12
706,1165,3475,13,12
706,1165,3475,14,4
706,1165,3475,15,4
706,1165,3475,16,4
706,1165,3475,17,4
706,1165,3475,18,8
706,1165,3475,19,42
706,1165,3475,20,8
706,1165,3475,21,63
706,1165,3475,22,10
706,1165,3475,23,10
706,1165,3475,24,2
706,1166,3476,0,2
706,1166,3476,1,2
706,1166,3476,2,2
706,1166,3476,3,2
553,1004,2678,0,10
554,1007,2680,0,1
554,1007,2680,1,1
554,1007,2680,2,1
554,1007,2680,3,1
560,188,2686,0,1
560,188,2686,1,1
560,188,2686,2,1
560,188,2686,3,1
561,703,2688,0,10
556,703,2682,0,23
562,209,2687,0,2
689,118,3437,0,5
689,1154,3438,0,2
689,1154,3438,1,5
689,1154,3438,2,4
689,1154,3438,3,4
689,1154,3438,4,7
689,1154,3438,5,4
689,1154,3438,6,4
689,1154,3438,7,2
689,1154,3438,8,4
689,1154,3438,9,2
689,1154,3438,10,2
689,1144,3439,0,2
689,1144,3439,1,2
689,1144,3439,2,6
689,1144,3439,3,2
689,1144,3439,4,2
689,1144,3439,5,6
689,224,3440,0,1
689,224,3440,1,6
689,224,3440,2,17
689,224,3440,3,15
689,224,3440,4,25
689,224,3440,5,19
689,224,3440,6,2
689,224,3440,7,6
689,224,3440,8,5
689,224,3440,9,2
689,224,3440,10,7
689,712,3441,0,2
689,712,3441,1,2
689,712,3441,2,2
689,712,3441,3,2
707,118,3459,0,5
709,160,3467,0,2
709,160,3467,1,2
563,1012,2689,0,2
563,1012,2689,1,2
711,1154,3479,0,4
711,1154,3479,1,38
711,1154,3479,2,6
711,1154,3479,3,3
711,1154,3479,4,2
711,1154,3479,5,36
711,1154,3479,6,15
711,1154,3479,7,14
711,1154,3479,8,14
711,1154,3479,9,17
711,1154,3479,10,15
711,1154,3479,11,7
711,1154,3479,12,2
711,1155,3480,0,2
711,1155,3480,1,2
711,1155,3480,2,40
711,1155,3480,3,6
711,1155,3480,4,3
711,1164,3481,0,2
711,1164,3481,1,2
711,1164,3481,2,46
711,1164,3481,3,3
711,1164,3481,4,3
711,1164,3481,5,3
711,1164,3481,6,3
711,712,3482,0,9
712,1177,3487,0,82
712,1154,3488,0,5
712,1154,3488,1,4
712,1154,3488,2,3
712,1144,3489,0,4
712,1144,3489,1,3
712,1144,3489,2,3
712,1144,3489,3,3
712,224,3490,0,1
712,224,3490,1,14
712,224,3490,2,19
712,224,3490,3,4
712,224,3490,4,4
712,224,3490,5,4
712,224,3490,6,8
712,224,3490,7,3
712,224,3490,8,3
713,1164,3469,0,1
713,1164,3469,1,28
713,1164,3469,2,23
713,1164,3469,3,26
714,1164,3468,0,2
714,1164,3468,1,33
716,1172,3493,0,9
716,1172,3493,1,12
716,1172,3493,2,1
716,1172,3493,3,19
716,712,3494,0,2
716,712,3494,1,6
716,712,3494,2,7
720,1164,3560,0,1
720,1164,3560,1,4
720,1164,3560,2,4
720,1164,3560,3,4
720,1165,3561,0,7
720,1165,3561,1,3
720,1165,3561,2,4
720,1165,3561,3,3
720,1165,3561,4,4
720,1165,3561,5,874
720,1165,3561,6,35
720,1165,3561,7,7
720,1165,3561,8,28
720,1165,3561,9,10
720,1165,3561,10,2
720,1165,3561,11,10
720,1165,3561,12,15
720,1165,3561,13,11
720,1165,3561,14,39
720,1165,3561,15,2
720,1165,3561,16,7
720,1165,3561,17,3
720,1165,3561,18,3
720,1165,3561,19,4
720,1165,3561,20,3
720,1165,3561,21,9
720,1165,3561,22,37
720,1165,3561,23,10
720,1165,3561,24,64
720,1165,3561,25,24
720,1165,3561,26,2
720,1165,3561,27,4
720,641,3562,0,76
720,641,3562,1,5
720,641,3562,2,7
720,641,3562,3,115
720,641,3562,4,13
720,641,3562,5,39
720,641,3562,6,3
720,641,3562,7,4
720,641,3562,8,3
720,641,3562,9,5
720,641,3562,10,17
720,641,3562,11,105
720,641,3562,12,13
720,641,3562,13,45
720,641,3562,14,3
720,641,3562,15,35
720,641,3562,16,3
720,641,3562,17,5
720,641,3562,18,7
720,641,3562,19,118
720,641,3562,20,13
720,641,3562,21,39
720,641,3562,22,3
720,641,3562,23,3
720,641,3562,24,7
720,641,3562,25,20
720,641,3562,26,5
720,641,3562,27,7
720,641,3562,28,116
720,641,3562,29,13
720,641,3562,30,39
720,641,3562,31,3
720,641,3562,32,4
720,641,3562,33,6
720,641,3562,34,5
720,641,3562,35,7
720,641,3562,36,118
720,641,3562,37,13
720,641,3562,38,45
720,641,3562,39,3
720,641,3562,40,7
720,641,3562,41,34
720,641,3562,42,5
720,641,3562,43,7
720,641,3562,44,90
720,641,3562,45,13
720,641,3562,46,36
720,641,3562,47,3
720,641,3562,48,7
720,641,3562,49,5
720,641,3562,50,17
720,641,3562,51,109
720,641,3562,52,13
720,641,3562,53,45
720,641,3562,54,3
720,641,3562,55,3
720,641,3562,56,35
720,641,3562,57,20
720,641,3562,58,5
720,641,3562,59,17
720,641,3562,60,109
720,641,3562,61,13
720,641,3562,62,45
720,641,3562,63,3
720,641,3562,64,3
720,641,3562,65,35
720,641,3562,66,20
720,641,3562,67,5
720,641,3562,68,33
720,641,3562,69,64
720,641,3562,70,13
720,641,3562,71,42
720,641,3562,72,3
720,641,3562,73,24
720,641,3562,74,5
720,641,3562,75,17
720,641,3562,76,109
720,641,3562,77,13
720,641,3562,78,45
720,641,3562,79,3
720,641,3562,80,3
720,641,3562,81,35
720,641,3562,82,20
720,641,3562,83,5
720,641,3562,84,7
720,641,3562,85,118
720,641,3562,86,13
720,641,3562,87,39
720,641,3562,88,3
720,641,3562,89,3
720,641,3562,90,7
720,641,3562,91,20
720,641,3562,92,5
720,641,3562,93,7
720,641,3562,94,96
720,641,3562,95,13
720,641,3562,96,36
720,641,3562,97,3
720,641,3562,98,3
720,641,3562,99,21
720,641,3562,100,5
720,641,3562,101,7
720,641,3562,102,118
720,641,3562,103,13
720,641,3562,104,39
720,641,3562,105,3
720,641,3562,106,3
720,641,3562,107,7
720,641,3562,108,20
720,641,3562,109,5
720,641,3562,110,7
720,641,3562,111,118
720,641,3562,112,13
720,641,3562,113,39
720,641,3562,114,3
720,641,3562,115,3
720,641,3562,116,4
720,641,3562,117,20
720,641,3562,118,5
720,641,3562,119,7
720,641,3562,120,224
720,641,3562,121,13
720,641,3562,122,54
720,641,3562,123,3
720,641,3562,124,5
720,641,3562,125,12
720,641,3562,126,7
720,641,3562,127,3
720,641,3562,128,6
720,641,3562,129,20
720,641,3562,130,20
720,641,3562,131,20
720,641,3562,132,20
720,641,3562,133,368
720,1166,3563,0,3
720,1166,3563,1,49
720,1166,3563,2,1
720,1166,3563,3,11
718,1172,3523,0,2
718,1172,3523,1,2
718,1172,3523,2,2
718,1160,3524,0,19
718,1160,3524,1,2
718,1177,3525,0,41
718,1177,3525,1,2
718,1177,3525,2,156
718,1164,3527,0,14
718,1164,3527,1,19
718,1164,3527,2,3
718,1164,3527,3,3
718,1164,3527,4,1
718,1164,3527,5,7
718,1164,3527,6,6
718,1164,3527,7,3
718,1164,3527,8,3
718,1164,3527,9,9
718,1164,3527,10,3
718,1164,3527,11,3
718,1164,3527,12,1
718,1164,3527,13,3
718,1164,3527,14,6
718,1164,3527,15,5
718,1164,3527,16,3
718,1164,3527,17,3
718,1164,3527,18,1
718,1164,3527,19,3
718,1164,3527,20,10
718,1164,3527,21,3
718,1164,3527,22,9
718,1162,3528,0,2
718,160,3529,0,3
718,160,3529,1,1
718,160,3529,2,9
718,1169,3530,0,1
718,1169,3530,1,6
718,1166,3532,0,8
718,1166,3532,1,18
718,1166,3532,2,4
718,1166,3532,3,3
718,1166,3532,4,5
718,1166,3532,5,9
718,1166,3532,6,3
718,1166,3532,7,5
718,1166,3532,8,3
718,1166,3532,9,6
718,1166,3532,10,8
718,1166,3532,11,7
718,1166,3532,12,10
718,1166,3532,13,2
718,1166,3532,14,3
718,1166,3532,15,16
718,1166,3532,16,4
718,1166,3532,17,9
718,1166,3532,18,9
718,1166,3532,19,4
718,1166,3532,20,3
721,1164,3502,0,1
721,1164,3502,1,33
721,1164,3502,2,19
721,1164,3502,3,9
721,1164,3502,4,17
721,1164,3502,5,7
721,1164,3502,6,1
719,224,3500,0,2
719,224,3500,1,4
719,224,3500,2,3
719,224,3500,3,7
719,224,3500,4,5
719,224,3500,5,5
723,1165,3557,0,9
723,1165,3557,1,9
723,1165,3557,2,2
723,1165,3557,3,45
723,1165,3557,4,28
723,1165,3557,5,10
723,1165,3557,6,2
723,1165,3557,7,10
723,1165,3557,8,18
723,1165,3557,9,9
723,1165,3557,10,23
723,1165,3557,11,37
723,1165,3557,12,73
723,1165,3557,13,32
723,1165,3557,14,10
723,1165,3557,15,2
723,1165,3557,16,10
723,1165,3557,17,28
723,1165,3557,18,21
723,1165,3557,19,113
723,1165,3557,20,48
723,1165,3557,21,28
723,1165,3557,22,10
723,1165,3557,23,2
723,1165,3557,24,10
723,1165,3557,25,19
723,1165,3557,26,12
723,1165,3557,27,65
723,1165,3557,28,66
723,1165,3557,29,32
723,1165,3557,30,10
723,1165,3557,31,2
723,1165,3557,32,10
723,1165,3557,33,23
723,1165,3557,34,18
723,1165,3557,35,187
723,1165,3557,36,41
723,1165,3557,37,10
723,1165,3557,38,2
723,1165,3557,39,10
723,1165,3557,40,32
723,1165,3557,41,22
723,1165,3557,42,125
723,1165,3557,43,66
723,1165,3557,44,32
723,1165,3557,45,10
723,1165,3557,46,2
723,1165,3557,47,10
723,1165,3557,48,23
723,1165,3557,49,18
723,1165,3557,50,97
723,1165,3557,51,27
723,1165,3557,52,7
723,1165,3557,53,7
723,1165,3557,54,11
723,1165,3557,55,4
723,1165,3557,56,28
723,1165,3557,57,10
723,1165,3557,58,2
723,1165,3557,59,10
723,1165,3557,60,2
723,1165,3557,61,19
723,1165,3557,62,8
723,1165,3557,63,27
723,1165,3557,64,21
723,1165,3557,65,18
723,1165,3557,66,43
723,1165,3557,67,467
723,1165,3557,68,10
723,1165,3557,69,2
723,1165,3557,70,10
723,1165,3557,71,30
723,1165,3557,72,18
723,1165,3557,73,101
723,1165,3557,74,80
723,1165,3557,75,41
723,1165,3557,76,10
723,1165,3557,77,2
723,1165,3557,78,10
723,1165,3557,79,33
723,1165,3557,80,20
723,1165,3557,81,119
723,1165,3557,82,19
723,1165,3557,83,3
723,1165,3557,84,9
723,1165,3557,85,10
723,1165,3557,86,3
723,1165,3557,87,9
723,1165,3557,88,2
723,1165,3557,89,2
723,1165,3557,90,39
723,1165,3557,91,2
723,1165,3557,92,2
723,1165,3557,93,10
723,1165,3557,94,5
723,1165,3557,95,80
723,1165,3557,96,18
723,1165,3557,97,2
723,1165,3557,98,2
723,1165,3557,99,2
723,1165,3557,100,2
723,1165,3557,101,2
723,1165,3557,102,2
723,1165,3557,103,14
723,1166,3558,0,3
723,1166,3558,1,1
723,1166,3558,2,1
724,1166,3512,0,8
724,1166,3512,1,18
724,1166,3512,2,4
724,1166,3512,3,3
724,1166,3512,4,70
724,1166,3512,5,6
724,1166,3512,6,7
724,1166,3512,7,23
724,1166,3512,8,3
724,1166,3512,9,20
724,1166,3512,10,4
724,1166,3512,11,9
724,1166,3512,12,9
724,1166,3512,13,4
724,1166,3512,14,14
724,1166,3512,15,48
729,1164,3520,0,2
729,1165,3521,0,16
729,1165,3521,1,20
729,1165,3521,2,10
729,1165,3521,3,2
729,1165,3521,4,10
729,1165,3521,5,2
729,1165,3521,6,10
729,1165,3521,7,366
729,1165,3521,8,9
729,1165,3521,9,43
729,1165,3521,10,20
730,1164,3541,0,24
730,1165,3542,0,7
730,1165,3542,1,3
730,1165,3542,2,3
730,1165,3542,3,4
730,1165,3542,4,3
730,1165,3542,5,9
730,1165,3542,6,37
730,1165,3542,7,2
730,1165,3542,8,16
730,1165,3542,9,2
730,1166,3543,0,3
730,1166,3543,1,7
731,1172,3549,0,3
731,1177,3550,0,8
731,1179,3551,0,32
731,1180,3552,0,69
731,1164,3553,0,38
731,1165,3554,0,1
731,1165,3554,1,1
731,1165,3554,2,2
731,1165,3554,3,634
731,1165,3554,4,9
731,1165,3554,5,35
731,1165,3554,6,10
731,1165,3554,7,2
731,1165,3554,8,10
731,1165,3554,9,24
731,1165,3554,10,10
731,1165,3554,11,49
731,1165,3554,12,7
731,1165,3554,13,3
731,1165,3554,14,3
731,1165,3554,15,4
731,1165,3554,16,3
731,1165,3554,17,9
731,1165,3554,18,37
731,1165,3554,19,10
731,1165,3554,20,47
731,1165,3554,21,22
731,1166,3555,0,8
731,1166,3555,1,4
731,1166,3555,2,1
731,1166,3555,3,3
731,1166,3555,4,77
732,1179,3537,0,6
732,1181,3538,0,26
732,1180,3539,0,4
732,1180,3539,1,26
732,1166,3540,0,4
732,1166,3540,1,2
732,1166,3540,2,2
732,1166,3540,3,2
727,161,3514,0,1
727,161,3514,1,7
727,188,3515,0,2
727,188,3515,1,2
727,188,3515,2,7
727,224,3516,0,1
727,224,3516,1,1
727,224,3516,2,1
727,224,3516,3,1
727,224,3516,4,1
727,224,3516,5,25
727,224,3516,6,4
727,224,3516,7,9
727,224,3516,8,8
727,224,3516,9,2
727,224,3516,10,2
727,712,3517,0,3
727,712,3517,1,41
727,712,3517,2,15
727,712,3517,3,2
727,712,3517,4,3
728,712,3513,0,2
728,712,3513,1,17
734,188,3565,0,2
734,1183,3566,0,85
736,1179,3568,0,11
736,1180,3569,0,11
736,1166,3570,0,2
739,1177,3575,0,1
739,1177,3575,1,11
739,1164,3576,0,1
739,1164,3576,1,20
739,1164,3576,2,25
739,1179,3577,0,23
739,1181,3578,0,2
739,1180,3579,0,31
739,1180,3579,1,4
739,1180,3579,2,2
739,1180,3579,3,2
739,1166,3580,0,1
739,1166,3580,1,2
739,1166,3580,2,6
739,1166,3580,3,4
740,1177,3582,0,1
740,1177,3582,1,11
740,1164,3583,0,1
740,1164,3583,1,20
740,1164,3583,2,25
740,1179,3584,0,23
740,1181,3585,0,2
740,1180,3586,0,31
740,1180,3586,1,4
740,1180,3586,2,2
740,1180,3586,3,2
740,1166,3587,0,1
740,1166,3587,1,2
740,1166,3587,2,6
740,1166,3587,3,4
741,1177,3611,0,2
741,1164,3612,0,4
741,1164,3612,1,2
741,1164,3612,2,14
741,1165,3613,0,2
741,1165,3613,1,2
741,1165,3613,2,2
741,1165,3613,3,37
741,1165,3613,4,26
741,1165,3613,5,10
741,1165,3613,6,2
741,1165,3613,7,10
741,1165,3613,8,15
741,1165,3613,9,13
741,1165,3613,10,48
741,1165,3613,11,315
741,1165,3613,12,14
741,1165,3613,13,36
741,1165,3613,14,10
741,1165,3613,15,2
741,1165,3613,16,10
741,1165,3613,17,22
741,1165,3613,18,16
741,1165,3613,19,41
741,1165,3613,20,24
741,1165,3613,21,12
741,1165,3613,22,4
741,1165,3613,23,4
741,1165,3613,24,4
741,1165,3613,25,4
741,1165,3613,26,8
741,1165,3613,27,42
741,1165,3613,28,13
741,1165,3613,29,52
741,1165,3613,30,36
741,1180,3614,0,3
741,1180,3614,1,2
741,1180,3614,2,2
741,1180,3614,3,2
741,1190,3615,0,43
741,1166,3616,0,1
741,1166,3616,1,2
741,1166,3616,2,4
741,1166,3616,3,2
741,1166,3616,4,9
741,1166,3616,5,11
742,1177,3592,0,1
742,1177,3592,1,2
742,1164,3593,0,1
742,1164,3593,1,4
742,1164,3593,2,2
742,1164,3593,3,6
742,1179,3594,0,32
742,1181,3595,0,2
742,1180,3596,0,2
742,1180,3596,1,2
742,1166,3597,0,7
742,1166,3597,1,4
743,1177,3589,0,1
743,1177,3589,1,2
743,1177,3589,2,21
743,1164,3590,0,2
743,1164,3590,1,20
744,1177,3599,0,13
648,580,3238,0,4
648,198,3239,0,9
648,204,3240,0,2
648,204,3240,1,25
648,209,3241,0,10
648,209,3241,1,71
648,209,3241,2,1
648,211,3242,0,4
648,222,3243,0,5
648,224,3244,0,4
648,227,3245,0,4
648,703,3246,0,3
648,703,3246,1,5
648,239,3247,0,38
738,116,3600,0,2
738,116,3600,1,2
738,1177,3602,0,2
738,1177,3602,1,17
738,1177,3602,2,4
738,1177,3602,3,4
738,1177,3602,4,8
738,1164,3603,0,16
738,1164,3603,1,27
738,1164,3603,2,2
738,1164,3603,3,3
738,1164,3603,4,3
738,1164,3603,5,9
738,1164,3603,6,6
738,1164,3603,7,3
738,1164,3603,8,3
738,1164,3603,9,10
738,1164,3603,10,3
738,1164,3603,11,7
738,1164,3603,12,11
738,1164,3603,13,1
738,1164,3603,14,4
738,1164,3603,15,6
738,1164,3603,16,7
738,1164,3603,17,1
738,1164,3603,18,4
738,1164,3603,19,9
738,1164,3603,20,3
738,1164,3603,21,5
738,1164,3603,22,3
738,1164,3603,23,10
738,1164,3603,24,3
738,1166,3604,0,4
738,1166,3604,1,3
738,1166,3604,2,17
738,1166,3604,3,12
738,224,3605,0,16
738,224,3605,1,8
745,1177,3618,0,13
745,1164,3619,0,2
745,1179,3620,0,4
745,1166,3621,0,1
745,1166,3621,1,3
745,1166,3621,2,15
745,1166,3621,3,13
747,161,3627,0,1
747,161,3627,1,4
747,161,3627,2,3
747,1169,3628,0,1
747,1169,3628,1,5
747,1169,3628,2,3
747,1180,3629,0,1
747,1180,3629,1,1
747,1180,3629,2,4
747,1166,3630,0,8
747,1166,3630,1,2
748,1180,3624,0,36
748,1166,3625,0,1
748,1166,3625,1,2
748,1166,3625,2,6
746,1177,3642,0,5
746,1177,3642,1,2
746,1164,3643,0,2
746,1166,3644,0,2
749,1166,3626,0,2
749,1166,3626,1,2
749,1166,3626,2,2
749,1166,3626,3,3
749,1166,3626,4,3
749,1166,3626,5,4
749,1166,3626,6,1
749,1166,3626,7,2
749,1166,3626,8,1
749,1166,3626,9,1
756,636,3637,0,1
756,161,3638,0,1
756,161,3638,1,7
756,161,3638,2,5
756,161,3638,3,2
756,164,3639,0,5
756,1170,3641,0,4
756,1170,3641,1,11
756,1170,3641,2,6
759,1164,3649,0,2
759,1164,3649,1,2
759,1166,3650,0,9
759,1166,3650,1,3
759,1166,3650,2,10
652,184,3226,0,3
652,184,3226,1,5
652,184,3226,2,2
652,184,3226,3,5
652,184,3226,4,18
652,185,3227,0,1
652,185,3227,1,4
652,185,3227,2,1
653,184,3224,0,5
773,1190,3682,0,2
774,1177,3689,0,6
774,1177,3689,1,2
774,1177,3689,2,4
764,209,3672,0,2
764,209,3672,1,12
764,209,3672,2,25
764,209,3672,3,89
765,184,3673,0,12
765,185,3674,0,1
765,185,3674,1,5
775,1179,3700,0,11
775,1180,3701,0,2
775,1190,3702,0,7
775,1190,3702,1,15
775,1166,3703,0,2
768,98,3679,0,18
768,98,3679,1,11
768,98,3679,2,11
776,161,3708,0,1
776,161,3708,1,3
776,161,3708,2,1
776,161,3708,3,1
776,161,3708,4,4
776,1180,3709,0,2
776,1180,3709,1,1
776,1180,3709,2,10
776,1190,3710,0,16
776,1166,3711,0,7
777,1181,3698,0,12
777,1180,3699,0,5
778,1179,3696,0,4
778,1180,3697,0,2
568,686,2698,0,3
568,686,2698,1,2
568,686,2698,2,1
568,686,2698,3,16
568,686,2698,4,14
568,686,2698,5,11
568,160,2700,0,1
568,160,2700,1,7
568,160,2700,2,9
568,160,2700,3,16
568,160,2700,4,33
568,702,2701,0,5
568,702,2701,1,10
568,702,2701,2,10
568,702,2701,3,4
568,702,2701,4,1
568,702,2701,5,10
568,702,2701,6,21
568,231,2702,0,4
568,231,2702,1,4
568,703,2703,0,1
568,703,2703,1,2
568,703,2703,2,8
568,703,2703,3,4
568,703,2703,4,3
568,703,2703,5,2
568,703,2703,6,3
568,703,2703,7,5
568,264,2704,0,3
568,264,2704,1,15
568,270,2705,0,1
568,270,2705,1,11
568,270,2705,2,2
568,270,2705,3,19
569,1017,2727,0,195
569,1018,2728,0,86
569,1019,2729,0,65
569,1020,2730,0,332
569,224,2731,0,2
569,224,2731,1,2
569,211,2732,0,2
569,211,2732,1,6
569,211,2732,2,2
569,1022,2733,0,62
570,155,2696,0,5
571,209,2697,0,7
781,1177,3706,0,4
781,1177,3706,1,7
782,645,3712,0,3
782,161,3713,0,4
782,161,3713,1,4
782,161,3713,2,2
782,161,3713,3,4
782,1180,3714,0,2
782,1180,3714,1,2
782,1180,3714,2,2
782,1180,3714,3,8
762,1177,3652,0,2
762,1177,3652,1,2
762,1177,3652,2,3
762,1149,3653,0,4
769,947,3676,0,25
769,1200,3677,0,23
770,946,3686,0,2
770,1202,3687,0,29
763,116,3659,0,3
763,116,3659,1,1
784,1149,3718,0,3
784,1149,3718,1,11
784,1149,3718,2,3
784,1149,3718,3,8
784,1149,3718,4,20
784,1149,3718,5,2
784,1149,3718,6,8
784,1149,3718,7,92
784,1149,3718,8,2
784,1149,3718,9,24
785,224,3728,0,1
785,224,3728,1,14
785,224,3728,2,16
785,224,3728,3,34
785,224,3728,4,11
785,224,3728,5,13
785,224,3728,6,50
785,224,3728,7,10
785,224,3728,8,4
