RUSBag
1.0,0.6154,0.7619,0.935
0.5625,0.45,0.5,0.8106
0.8125,0.52,0.6341,0.8862
1.0,0.5556,0.7143,0.9507
1.0,0.75,0.8571,0.9707
0.8125,0.5909,0.6842,0.9184
0.75,0.5455,0.6316,0.8839
1.0,0.6667,0.8,0.9375
0.9375,0.6522,0.7692,0.9056
0.875,0.5833,0.7,0.9267
0.8125,0.619,0.7027,0.9363
0.875,0.5,0.6364,0.8825
0.875,0.6087,0.7179,0.935
0.8125,0.5652,0.6667,0.8788
0.75,0.6,0.6667,0.8176
0.8125,0.8125,0.8125,0.9401
0.9375,0.6,0.7317,0.9107
0.75,0.6316,0.6857,0.8795
1.0,0.5,0.6667,0.9447
0.7333,0.4783,0.5789,0.8453
0.875,0.56,0.6829,0.9263
0.9375,0.6818,0.7895,0.92
0.5625,0.4286,0.4865,0.7956
1.0,0.7143,0.8333,0.9893
0.8667,0.5909,0.7027,0.904
0.875,0.5,0.6364,0.8265
0.8125,0.5909,0.6842,0.9158
0.9375,0.6,0.7317,0.9177
0.875,0.56,0.6829,0.9222
0.6875,0.6875,0.6875,0.9133
0.875,0.5833,0.7,0.9187
0.875,0.5,0.6364,0.865
0.625,0.5882,0.6061,0.8438
0.6667,0.4348,0.5263,0.8547
0.9333,0.56,0.7,0.9387
0.875,0.7,0.7778,0.926
0.875,0.5385,0.6667,0.9286
0.9375,0.7143,0.8108,0.9821
0.75,0.5217,0.6154,0.8693
0.625,0.5556,0.5882,0.8418
0.8125,0.619,0.7027,0.8625
0.875,0.5833,0.7,0.9406
0.75,0.5714,0.6486,0.8925
0.8125,0.5,0.619,0.8584
0.875,0.5833,0.7,0.8814
1.0,0.64,0.7805,0.9222
0.75,0.8,0.7742,0.9324
1.0,0.5926,0.7442,0.9298
0.7333,0.55,0.6286,0.8467
0.9333,0.6087,0.7368,0.9347
0.8125,0.5909,0.6842,0.89
0.875,0.56,0.6829,0.8831
0.6875,0.55,0.6111,0.86
0.75,0.5455,0.6316,0.912
0.875,0.6667,0.7568,0.9184
0.8125,0.5909,0.6842,0.8878
0.8125,0.5652,0.6667,0.8827
0.8125,0.5417,0.65,0.9018
0.9333,0.5833,0.7179,0.9027
0.8667,0.5417,0.6667,0.8987
0.8125,0.5652,0.6667,0.8806
0.875,0.7,0.7778,0.9137
0.875,0.6087,0.7179,0.9425
0.875,0.6364,0.7368,0.9254
0.8125,0.5417,0.65,0.8827
0.8125,0.619,0.7027,0.9375
0.8125,0.5909,0.6842,0.8591
0.875,0.6087,0.7179,0.8744
0.8667,0.5652,0.6842,0.9093
0.9333,0.56,0.7,0.9053
0.875,0.56,0.6829,0.9363
0.875,0.7368,0.8,0.9425
0.6875,0.4783,0.5641,0.8337
0.8,0.5,0.6154,0.8947
0.6667,0.5263,0.5882,0.856
0.9375,0.5556,0.6977,0.9311
0.8125,0.5652,0.6667,0.8642
0.8125,0.5417,0.65,0.8801
0.875,0.6667,0.7568,0.9541
0.8125,0.5909,0.6842,0.9196
0.875,0.5833,0.7,0.9237
0.8125,0.4815,0.6047,0.845
0.875,0.6667,0.7568,0.9425
0.875,0.56,0.6829,0.9005
0.6875,0.5238,0.5946,0.8776
0.6875,0.5238,0.5946,0.8686
1.0,0.6154,0.7619,0.9503
0.875,0.5,0.6364,0.8954
0.8,0.5455,0.6486,0.9213
1.0,0.5357,0.6977,0.9147
0.875,0.6667,0.7568,0.9012
0.8125,0.5417,0.65,0.9206
0.8125,0.5652,0.6667,0.9044
0.8667,0.6842,0.7647,0.956
0.6667,0.5,0.5714,0.8393
0.875,0.5,0.6364,0.8457
0.9375,0.8333,0.8824,0.986
0.8125,0.5,0.619,0.8839
0.8125,0.65,0.7222,0.9152
0.9375,0.5357,0.6818,0.8852
0.875,0.56,0.6829,0.9063
0.9375,0.5172,0.6667,0.8675
0.875,0.4375,0.5833,0.8875
0.9333,0.5,0.6512,0.9107
0.8667,0.65,0.7429,0.9347
0.625,0.7143,0.6667,0.8508
0.9375,0.5556,0.6977,0.9349
0.875,0.7778,0.8235,0.9452
0.6875,0.5789,0.6286,0.8584
0.875,0.56,0.6829,0.9324
0.9375,0.7895,0.8571,0.9575
0.6875,0.6111,0.6471,0.8337
0.8125,0.4643,0.5909,0.8181
0.6667,0.5,0.5714,0.85
1.0,0.625,0.7692,0.9313
0.8125,0.8125,0.8125,0.9235
0.9375,0.625,0.75,0.9152
0.9375,0.5,0.6522,0.8871
0.8125,0.5909,0.6842,0.9298
0.8125,0.619,0.7027,0.8865
0.6875,0.5238,0.5946,0.845
0.875,0.6087,0.7179,0.9563
0.8125,0.52,0.6341,0.89
0.9375,0.5769,0.7143,0.9668
0.8125,0.619,0.7027,0.9158
0.875,0.5185,0.6512,0.9075
0.75,0.5714,0.6486,0.9043
0.9375,0.6522,0.7692,0.9362
0.8667,0.65,0.7429,0.936
0.8,0.5714,0.6667,0.8493
0.8125,0.619,0.7027,0.9063
0.6875,0.4783,0.5641,0.8606
0.875,0.5,0.6364,0.8462
0.8667,0.5417,0.6667,0.9347
1.0,0.5357,0.6977,0.934
0.75,0.5,0.6,0.9011
0.9375,0.5556,0.6977,0.912
0.875,0.5385,0.6667,0.898
0.8125,0.6842,0.7429,0.912
0.6875,0.6875,0.6875,0.9171
0.8125,0.4643,0.5909,0.835
1.0,0.5714,0.7273,0.94
0.75,0.5714,0.6486,0.8594
0.9333,0.6667,0.7778,0.956
0.8,0.4615,0.5854,0.8067
1.0,0.5714,0.7273,0.9509
0.6875,0.6471,0.6667,0.8597
0.875,0.56,0.6829,0.9069
0.8125,0.5417,0.65,0.8954
0.9375,0.6818,0.7895,0.9375
0.875,0.6364,0.7368,0.94
0.875,0.7368,0.8,0.955
0.9375,0.625,0.75,0.9363
0.7333,0.4583,0.5641,0.8313
0.9333,0.5833,0.7179,0.8947
0.8125,0.5909,0.6842,0.8967
0.9375,0.625,0.75,0.9286
0.8125,0.65,0.7222,0.9203
0.75,0.6667,0.7059,0.898
1.0,0.4324,0.6038,0.926
0.8125,0.5652,0.6667,0.935
0.875,0.6087,0.7179,0.945
0.5625,0.5,0.5294,0.82
0.9375,0.5357,0.6818,0.9235
0.8125,0.4643,0.5909,0.8878
0.6875,0.44,0.5366,0.8469
0.8125,0.6842,0.7429,0.9005
0.875,0.6364,0.7368,0.9554
0.9333,0.5833,0.7179,0.9153
0.9333,0.5385,0.6829,0.9173
1.0,0.5926,0.7442,0.925
0.875,0.6364,0.7368,0.94
0.75,0.4615,0.5714,0.8325
0.8667,0.52,0.65,0.872
0.8,0.6667,0.7273,0.92
0.875,0.6364,0.7368,0.9267
0.875,0.6364,0.7368,0.8814
0.875,0.56,0.6829,0.9401
0.875,0.5833,0.7,0.8903
0.875,0.7368,0.8,0.9152
0.8125,0.5652,0.6667,0.9325
0.9375,0.6522,0.7692,0.9688
0.6875,0.6471,0.6667,0.9031
0.5,0.5333,0.5161,0.8023
0.8125,0.6842,0.7429,0.9171
0.9375,0.4839,0.6383,0.9515
0.8125,0.5652,0.6667,0.8852
0.9375,0.6,0.7317,0.912
0.8667,0.5,0.6341,0.9347
0.8667,0.4483,0.5909,0.8907
0.75,0.6,0.6667,0.8938
0.8125,0.52,0.6341,0.8844
0.9375,0.5172,0.6667,0.8825
0.75,0.5714,0.6486,0.9018
0.75,0.6,0.6667,0.875
0.875,0.6667,0.7568,0.9273
0.8125,0.5,0.619,0.8603
0.75,0.5217,0.6154,0.824
0.9333,0.6667,0.7778,0.944
0.6,0.5,0.5455,0.8733
0.75,0.5,0.6,0.8756
1.0,0.6667,0.8,0.9487
0.8125,0.5909,0.6842,0.9225
0.8667,0.5,0.6341,0.8753
0.7333,0.6111,0.6667,0.9027
0.75,0.5455,0.6316,0.8954
0.9375,0.6818,0.7895,0.9388
0.8125,0.5652,0.6667,0.8948
0.6875,0.55,0.6111,0.8508
0.875,0.6364,0.7368,0.9184
0.8125,0.5652,0.6667,0.9163
0.8125,0.5652,0.6667,0.8675
0.875,0.7,0.7778,0.9413
1.0,0.5769,0.7317,0.956
0.8667,0.5652,0.6842,0.884
0.8125,0.5417,0.65,0.8559
0.8125,0.52,0.6341,0.8839
0.8125,0.5417,0.65,0.8941
0.875,0.7368,0.8,0.9534
0.75,0.7059,0.7273,0.8546
0.9375,0.7143,0.8108,0.9487
0.75,0.6,0.6667,0.915
0.8125,0.5652,0.6667,0.9012
0.8,0.5714,0.6667,0.8913
1.0,0.5,0.6667,0.9307
0.625,0.625,0.625,0.8622
0.75,0.6,0.6667,0.8546
0.875,0.5833,0.7,0.9324
0.75,0.5,0.6,0.8297
0.875,0.4516,0.5957,0.8699
0.9375,0.6522,0.7692,0.9625
0.8125,0.7222,0.7647,0.9187
0.8125,0.5417,0.65,0.885
0.9333,0.56,0.7,0.9253
0.7333,0.4783,0.5789,0.8867
0.8125,0.8125,0.8125,0.9605
0.6875,0.5,0.5789,0.8941
0.5,0.6154,0.5517,0.8457
0.875,0.56,0.6829,0.9005
0.8125,0.5909,0.6842,0.8693
0.8125,0.5,0.619,0.8681
0.8125,0.6842,0.7429,0.8775
0.875,0.5185,0.6512,0.9137
0.8,0.5,0.6154,0.9307
0.6667,0.5882,0.625,0.8113
0.875,0.5385,0.6667,0.9247
0.75,0.5,0.6,0.845
0.9375,0.6522,0.7692,0.9439
0.875,0.56,0.6829,0.9311
1.0,0.64,0.7805,0.9222
0.8125,0.65,0.7222,0.9337
0.9375,0.6818,0.7895,0.955
0.75,0.48,0.5854,0.8938
0.8667,0.4815,0.619,0.8613
1.0,0.6818,0.8108,0.956
0.8125,0.6842,0.7429,0.9082
0.8125,0.619,0.7027,0.9139
0.75,0.48,0.5854,0.8329
0.6875,0.5,0.5789,0.8406
0.8125,0.52,0.6341,0.8941
0.875,0.5833,0.7,0.9594
0.6875,0.5238,0.5946,0.8119
1.0,0.6154,0.7619,0.9712
0.9333,0.5833,0.7179,0.9467
0.6667,0.6667,0.6667,0.9307
0.8125,0.619,0.7027,0.8909
0.5625,0.5294,0.5455,0.868
0.75,0.5217,0.6154,0.8731
0.8125,0.619,0.7027,0.8929
0.9375,0.6,0.7317,0.9158
0.8125,0.619,0.7027,0.8775
0.9375,0.6522,0.7692,0.95
0.75,0.4615,0.5714,0.8444
0.9375,0.6,0.7317,0.9445
0.6875,0.5,0.5789,0.8597
0.875,0.6667,0.7568,0.9388
0.625,0.7143,0.6667,0.8036
0.9375,0.5172,0.6667,0.8954
0.8667,0.5417,0.6667,0.91
1.0,0.5357,0.6977,0.9267
0.75,0.7059,0.7273,0.8738
0.875,0.5833,0.7,0.9137
0.8125,0.619,0.7027,0.9113
0.9333,0.4828,0.6364,0.928
0.7333,0.55,0.6286,0.8667
0.8125,0.619,0.7027,0.898
0.5,0.4211,0.4571,0.8099
1.0,0.6154,0.7619,0.9834
0.8125,0.52,0.6341,0.8622
0.875,0.56,0.6829,0.896
0.75,0.6,0.6667,0.8888
0.875,0.5385,0.6667,0.9044
0.5,0.4706,0.4848,0.825
1.0,0.6522,0.7895,0.9853
0.8,0.4138,0.5455,0.7873
0.875,0.6364,0.7368,0.912
0.75,0.5217,0.6154,0.8489
1.0,0.6154,0.7619,0.9267
0.8125,0.5652,0.6667,0.8788
0.9375,0.6522,0.7692,0.9566
1.0,0.5926,0.7442,0.9712
0.875,0.6087,0.7179,0.9475
0.75,0.5714,0.6486,0.9169
0.8125,0.6842,0.7429,0.9292
0.9375,0.6,0.7317,0.9452
0.75,0.6,0.6667,0.8514
0.75,0.4444,0.5581,0.8355
0.75,0.4615,0.5714,0.8903
0.8,0.6316,0.7059,0.916
0.8,0.75,0.7742,0.94
1.0,0.64,0.7805,0.9738
0.875,0.6087,0.7179,0.8894
0.875,0.6667,0.7568,0.9056
0.8,0.8,0.8,0.976
0.8667,0.4815,0.619,0.9107
1.0,0.64,0.7805,0.9413
0.875,0.4828,0.6222,0.8846
0.875,0.4667,0.6087,0.8903
0.8125,0.619,0.7027,0.9088
0.875,0.6087,0.7179,0.8909
0.875,0.5833,0.7,0.9387
0.75,0.5,0.6,0.8375
0.9375,0.6818,0.7895,0.965
0.7333,0.5238,0.6111,0.88
0.8667,0.619,0.7222,0.956
0.625,0.4762,0.5405,0.7921
0.9375,0.5357,0.6818,0.9107
0.8125,0.5,0.619,0.8374
0.9375,0.5769,0.7143,0.8922
0.75,0.6667,0.7059,0.8941
1.0,0.6957,0.8205,0.9738
1.0,0.6154,0.7619,0.9481
0.8125,0.5417,0.65,0.8856
0.8125,0.619,0.7027,0.9394
0.8125,0.4815,0.6047,0.8686
0.5625,0.5,0.5294,0.8591
0.875,0.6087,0.7179,0.8973
0.8125,0.619,0.7027,0.9069
0.8,0.4615,0.5854,0.8893
0.6667,0.5263,0.5882,0.8853
0.6875,0.5789,0.6286,0.8488
0.9375,0.6818,0.7895,0.9563
0.875,0.6087,0.7179,0.925
0.9375,0.625,0.75,0.9643
0.875,0.6087,0.7179,0.9286
0.8125,0.4643,0.5909,0.8214
0.875,0.5833,0.7,0.8954
0.8125,0.52,0.6341,0.8801
0.8,0.5455,0.6486,0.944
0.6667,0.5,0.5714,0.8073
0.6875,0.55,0.6111,0.825
1.0,0.6667,0.8,0.9563
0.875,0.6364,0.7368,0.9525
0.8667,0.5909,0.7027,0.8733
0.9333,0.5385,0.6829,0.912
0.6875,0.44,0.5366,0.7717
0.75,0.8,0.7742,0.8865
0.8125,0.5652,0.6667,0.8948
0.875,0.7,0.7778,0.9311
1.0,0.5926,0.7442,0.9598
0.9375,0.6,0.7317,0.9269
0.625,0.5556,0.5882,0.825
1.0,0.6667,0.8,0.9762
0.9375,0.625,0.75,0.9209
0.6875,0.7857,0.7333,0.8673
0.875,0.6087,0.7179,0.9273
0.6875,0.5789,0.6286,0.9018
0.875,0.56,0.6829,0.8814
0.8667,0.5417,0.6667,0.8893
0.7333,0.55,0.6286,0.892
0.5625,0.45,0.5,0.8512
0.8125,0.6842,0.7429,0.9175
0.875,0.6364,0.7368,0.9087
0.9333,0.5385,0.6829,0.9347
0.9333,0.4667,0.6222,0.9173
0.8125,0.4483,0.5778,0.8501
0.8125,0.65,0.7222,0.9534
0.6875,0.5238,0.5946,0.8839
0.9375,0.5769,0.7143,0.8878
0.75,0.6,0.6667,0.8788
0.875,0.5833,0.7,0.89
0.75,0.6,0.6667,0.8706
1.0,0.5926,0.7442,0.9613
0.7333,0.6875,0.7097,0.9067
0.8667,0.5652,0.6842,0.94
0.9375,0.6522,0.7692,0.9298
0.875,0.56,0.6829,0.8769
0.5,0.4211,0.4571,0.7404
0.9375,0.5769,0.7143,0.9165
0.875,0.6667,0.7568,0.9171
0.9375,0.625,0.75,0.9225
0.625,0.5,0.5556,0.8313
0.875,0.7,0.7778,0.9019
0.9333,0.56,0.7,0.9347
0.8667,0.5417,0.6667,0.9173
1.0,0.6154,0.7619,0.9273
0.8125,0.5652,0.6667,0.919
0.75,0.75,0.75,0.8865
0.875,0.5833,0.7,0.9011
0.9375,0.625,0.75,0.9209
0.8125,0.5417,0.65,0.885
1.0,0.5926,0.7442,0.98
0.875,0.4828,0.6222,0.8725
0.875,0.56,0.6829,0.9133
0.75,0.5714,0.6486,0.8125
0.875,0.7778,0.8235,0.977
0.6875,0.5789,0.6286,0.8884
0.75,0.4615,0.5714,0.8202
0.8,0.6316,0.7059,0.9087
1.0,0.5769,0.7317,0.9347
0.8125,0.5652,0.6667,0.8906
0.6875,0.6875,0.6875,0.8588
0.875,0.5385,0.6667,0.9119
0.8667,0.5652,0.6842,0.9533
0.6,0.5625,0.5806,0.8593
1.0,0.6667,0.8,0.9579
0.9375,0.5357,0.6818,0.9171
0.75,0.5714,0.6486,0.8776
0.875,0.6087,0.7179,0.9222
0.5625,0.4091,0.4737,0.8093
0.8125,0.5,0.619,0.88
0.875,0.6667,0.7568,0.9087
1.0,0.7619,0.8649,0.9775
0.9333,0.56,0.7,0.952
0.6,0.5,0.5455,0.8127
0.8125,0.5417,0.65,0.9005
1.0,0.4324,0.6038,0.9413
0.625,0.5263,0.5714,0.8686
0.6875,0.7333,0.7097,0.9133
0.8125,0.619,0.7027,0.8693
0.875,0.7368,0.8,0.9838
0.8125,0.52,0.6341,0.8562
0.75,0.5,0.6,0.7894
0.8,0.5455,0.6486,0.8747
0.7333,0.55,0.6286,0.8667
0.9375,0.625,0.75,0.9145
0.9375,0.7143,0.8108,0.963
1.0,0.5517,0.7111,0.8903
0.6875,0.6111,0.6471,0.875
0.875,0.5833,0.7,0.9133
0.8125,0.8667,0.8387,0.9275
1.0,0.5926,0.7442,0.9387
0.75,0.6667,0.7059,0.8744
0.875,0.6087,0.7179,0.9503
0.8125,0.4815,0.6047,0.8686
0.6875,0.55,0.6111,0.8724
0.8125,0.65,0.7222,0.9222
0.8125,0.4815,0.6047,0.838
0.8,0.5217,0.6316,0.914
0.7333,0.5238,0.6111,0.8613
0.8125,0.5909,0.6842,0.8612
1.0,0.5333,0.6957,0.9287
0.8125,0.4815,0.6047,0.8675
0.8667,0.619,0.7222,0.9113
0.7333,0.7333,0.7333,0.9067
0.8125,0.52,0.6341,0.8259
0.8125,0.5909,0.6842,0.9171
0.75,0.5455,0.6316,0.9005
0.75,0.6316,0.6857,0.9388
0.875,0.6087,0.7179,0.9439
0.8125,0.7222,0.7647,0.9256
0.75,0.5,0.6,0.8562
0.8125,0.4483,0.5778,0.7981
0.8667,0.65,0.7429,0.9273
0.7333,0.5,0.5946,0.882
0.875,0.56,0.6829,0.9503
0.625,0.7143,0.6667,0.8954
1.0,0.6667,0.8,0.9681
0.9375,0.5172,0.6667,0.9464
0.875,0.5185,0.6512,0.8865
0.875,0.6364,0.7368,0.9487
0.8125,0.4194,0.5532,0.7994
0.875,0.6667,0.7568,0.94
0.8667,0.5417,0.6667,0.9133
0.7333,0.6875,0.7097,0.9267
0.9375,0.7143,0.8108,0.9439
0.75,0.5714,0.6486,0.9337
0.75,0.5,0.6,0.8406
0.875,0.5385,0.6667,0.8846
0.875,0.56,0.6829,0.8469
0.875,0.7368,0.8,0.9437
0.875,0.5385,0.6667,0.8738
0.6875,0.55,0.6111,0.895
0.75,0.5714,0.6486,0.838
0.875,0.5185,0.6512,0.9388
0.8125,0.7222,0.7647,0.9611
1.0,0.7619,0.8649,0.9745
0.9375,0.5357,0.6818,0.912
1.0,0.6522,0.7895,0.9667
0.7333,0.5238,0.6111,0.86
0.8125,0.7647,0.7879,0.925
0.75,0.5455,0.6316,0.9087
0.875,0.56,0.6829,0.905
1.0,0.5357,0.6977,0.9307
0.8,0.5714,0.6667,0.904
0.8125,0.5909,0.6842,0.912
0.625,0.5,0.5556,0.8144
0.75,0.6,0.6667,0.8571
0.9375,0.6,0.7317,0.9349
0.875,0.7368,0.8,0.9515
1.0,0.6154,0.7619,0.9725
1.0,0.5517,0.7111,0.9363
0.75,0.6,0.6667,0.89
0.75,0.6316,0.6857,0.9005
0.5625,0.5625,0.5625,0.8278
0.9375,0.6,0.7317,0.9324
0.9375,0.6522,0.7692,0.9656
0.9375,0.5769,0.7143,0.9541
0.6667,0.5556,0.6061,0.8173
0.6667,0.4762,0.5556,0.8227
0.9375,0.625,0.75,0.9363
0.8125,0.5417,0.65,0.89
0.6875,0.5,0.5789,0.855
0.8,0.6316,0.7059,0.9427
0.8,0.5455,0.6486,0.8533
0.9375,0.6,0.7317,0.9362
0.8125,0.5417,0.65,0.8992
0.9375,0.6818,0.7895,0.9375
0.8125,0.5909,0.6842,0.896
0.875,0.56,0.6829,0.9063
0.8125,0.5909,0.6842,0.915
0.8125,0.4815,0.6047,0.8869
1.0,0.64,0.7805,0.9663
0.875,0.6087,0.7179,0.9426
0.75,0.5455,0.6316,0.8699
0.75,0.5455,0.6316,0.8673
0.9375,0.6522,0.7692,0.9369
0.8125,0.5,0.619,0.898
0.9333,0.5833,0.7179,0.912
0.8667,0.5652,0.6842,0.924
0.875,0.4667,0.6087,0.8762
0.6875,0.5,0.5789,0.8481
0.75,0.5217,0.6154,0.8494
0.9333,0.56,0.7,0.906
0.8667,0.5652,0.6842,0.904
0.8125,0.52,0.6341,0.8916
0.8125,0.5909,0.6842,0.9196
0.75,0.6667,0.7059,0.8954
0.875,0.7,0.7778,0.9617
0.8125,0.6842,0.7429,0.963
0.75,0.75,0.75,0.9563
0.875,0.56,0.6829,0.9175
0.8125,0.6842,0.7429,0.92
0.6667,0.5,0.5714,0.8807
0.8,0.5714,0.6667,0.8673
0.875,0.4828,0.6222,0.8833
0.75,0.8,0.7742,0.9082
0.9375,0.5172,0.6667,0.9031
0.9375,0.5556,0.6977,0.9082
0.75,0.5714,0.6486,0.8827
0.8125,0.619,0.7027,0.8681
0.8125,0.4815,0.6047,0.8925
0.75,0.6316,0.6857,0.9463
0.8667,0.5,0.6341,0.8993
0.8667,0.5909,0.7027,0.88
0.875,0.5833,0.7,0.9426
0.875,0.6667,0.7568,0.905
0.6875,0.4783,0.5641,0.7972
0.9375,0.5556,0.6977,0.9464
0.9375,0.6,0.7317,0.8922
0.875,0.6087,0.7179,0.8638
0.75,0.5455,0.6316,0.8488
0.6875,0.4583,0.55,0.8712
0.75,0.5455,0.6316,0.8335
0.9375,0.7895,0.8571,0.9617
0.9375,0.5,0.6522,0.9184
0.9375,0.6818,0.7895,0.9477
0.75,0.48,0.5854,0.8584
0.6,0.6923,0.6429,0.8773
0.8667,0.5652,0.6842,0.928
0.8125,0.52,0.6341,0.9075
0.8125,0.52,0.6341,0.8781
0.875,0.56,0.6829,0.8862
0.875,0.6667,0.7568,0.9388
0.75,0.7059,0.7273,0.9126
0.75,0.6667,0.7059,0.9069
0.8125,0.5652,0.6667,0.8846
0.6875,0.4231,0.5238,0.8367
0.9333,0.7,0.8,0.9387
0.8667,0.65,0.7429,0.948
0.8125,0.619,0.7027,0.8912
1.0,0.64,0.7805,0.9363
0.875,0.5,0.6364,0.9087
0.8,0.5455,0.6486,0.924
0.8667,0.619,0.7222,0.912
0.8125,0.619,0.7027,0.9209
0.75,0.6667,0.7059,0.9247
0.875,0.56,0.6829,0.8986
0.875,0.5185,0.6512,0.8973
0.75,0.5714,0.6486,0.9165
0.875,0.6667,0.7568,0.9375
0.8125,0.5,0.619,0.8688
0.9375,0.625,0.75,0.9437
0.8,0.6667,0.7273,0.9293
0.6,0.4737,0.5294,0.8413
0.9375,0.6,0.7317,0.9145
0.875,0.6667,0.7568,0.9426
0.875,0.4828,0.6222,0.8788
0.8125,0.5417,0.65,0.8648
0.875,0.7,0.7778,0.9515
0.875,0.5833,0.7,0.9425
0.9375,0.625,0.75,0.9494
0.8125,0.5652,0.6667,0.9012
0.875,0.4828,0.6222,0.861
0.6875,0.6111,0.6471,0.9107
0.8125,0.7222,0.7647,0.963
0.75,0.48,0.5854,0.7972
0.6875,0.55,0.6111,0.8367
0.9333,0.5385,0.6829,0.928
0.8,0.5455,0.6486,0.904
0.8125,0.6842,0.7429,0.8975
0.75,0.5714,0.6486,0.865
1.0,0.5517,0.7111,0.9056
0.9375,0.625,0.75,0.9056
0.5,0.5333,0.5161,0.8418
0.875,0.6087,0.7179,0.9069
0.75,0.5,0.6,0.8527
0.875,0.5833,0.7,0.9247
1.0,0.5357,0.6977,0.9573
0.8667,0.6842,0.7647,0.9667
0.875,0.5185,0.6512,0.9219
0.875,0.7778,0.8235,0.9337
0.9375,0.625,0.75,0.9413
0.75,0.6,0.6667,0.9196
0.875,0.5833,0.7,0.9337
0.8125,0.4815,0.6047,0.8865
0.9375,0.5556,0.6977,0.9247
0.8125,0.5652,0.6667,0.8482
0.8,0.6667,0.7273,0.936
0.6667,0.5263,0.5882,0.8467
1.0,0.6957,0.8205,0.9463
0.75,0.6316,0.6857,0.905
0.9375,0.5556,0.6977,0.9225
0.8667,0.5652,0.6842,0.932
0.8667,0.52,0.65,0.892
0.625,0.4762,0.5405,0.8182
0.75,0.5,0.6,0.8929
0.875,0.5833,0.7,0.9337
0.875,0.5,0.6364,0.889
0.8125,0.5909,0.6842,0.8603
0.875,0.6087,0.7179,0.94
0.8125,0.5,0.619,0.8744
0.625,0.5882,0.6061,0.8656
0.8667,0.7222,0.7879,0.9587
0.8667,0.5417,0.6667,0.9107
0.75,0.6,0.6667,0.8731
0.8125,0.5,0.619,0.8342
1.0,0.6667,0.8,0.9598
0.9375,0.6522,0.7692,0.9247
0.875,0.6667,0.7568,0.9145
0.625,0.4762,0.5405,0.8175
0.875,0.6364,0.7368,0.9125
0.9375,0.5172,0.6667,0.9275
0.875,0.6087,0.7179,0.9458
0.8125,0.65,0.7222,0.8897
0.75,0.6316,0.6857,0.8737
0.9375,0.5172,0.6667,0.926
0.875,0.6087,0.7179,0.9222
0.8667,0.7647,0.8125,0.96
1.0,0.6,0.75,0.9653
0.8125,0.619,0.7027,0.905
0.875,0.5833,0.7,0.9325
0.8125,0.6842,0.7429,0.9119
0.9375,0.5172,0.6667,0.9171
0.625,0.625,0.625,0.8622
0.9375,0.625,0.75,0.9171
0.9375,0.625,0.75,0.9375
0.875,0.56,0.6829,0.8992
0.8,0.7059,0.75,0.9487
0.9333,0.56,0.7,0.9267
1.0,0.5926,0.7442,0.9575
1.0,0.5926,0.7442,0.9437
0.875,0.56,0.6829,0.9044
0.7333,0.55,0.6286,0.8707
0.8,0.5714,0.6667,0.908
0.75,0.6,0.6667,0.8629
0.875,0.56,0.6829,0.8591
0.8125,0.619,0.7027,0.9184
0.8125,0.4483,0.5778,0.8648
0.75,0.5455,0.6316,0.9056
0.75,0.5714,0.6486,0.8906
0.875,0.4828,0.6222,0.8475
0.9375,0.7895,0.8571,0.9862
0.9333,0.5,0.6512,0.9533
0.7333,0.6471,0.6875,0.9293
0.625,0.5882,0.6061,0.7908
0.6875,0.4074,0.5116,0.7583
0.875,0.5185,0.6512,0.9043
0.8125,0.6842,0.7429,0.9203
0.9375,0.6522,0.7692,0.963
1.0,0.5517,0.7111,0.9237
0.875,0.5385,0.6667,0.8575
0.75,0.7059,0.7273,0.8781
0.8,0.6316,0.7059,0.9213
0.7333,0.4783,0.5789,0.8793
0.875,0.5833,0.7,0.9273
0.9375,0.5172,0.6667,0.9158
0.8125,0.6842,0.7429,0.9337
0.6875,0.6111,0.6471,0.8724
0.625,0.5,0.5556,0.8355
0.625,0.6667,0.6452,0.8775
0.875,0.6667,0.7568,0.92
0.75,0.6,0.6667,0.915
0.9333,0.5385,0.6829,0.9027
0.8,0.6667,0.7273,0.9413
0.875,0.5185,0.6512,0.9247
0.875,0.6364,0.7368,0.9133
0.5625,0.3462,0.4286,0.7615
0.8125,0.619,0.7027,0.926
0.9375,0.5556,0.6977,0.9305
0.9375,0.6,0.7317,0.9437
0.875,0.56,0.6829,0.8569
0.6875,0.5789,0.6286,0.8706
0.8,0.6667,0.7273,0.896
0.6667,0.5556,0.6061,0.848
1.0,0.5926,0.7442,0.9617
0.9375,0.6,0.7317,0.926
0.6875,0.6111,0.6471,0.8699
0.9375,0.5556,0.6977,0.9286
0.8125,0.5909,0.6842,0.8635
0.9375,0.5556,0.6977,0.9456
0.8125,0.7222,0.7647,0.9413
0.875,0.6364,0.7368,0.9075
0.8,0.5,0.6154,0.886
0.8667,0.5909,0.7027,0.924
0.9375,0.5357,0.6818,0.9668
0.6875,0.6471,0.6667,0.9024
0.875,0.6364,0.7368,0.8903
0.9375,0.5172,0.6667,0.8935
0.6875,0.5,0.5789,0.8399
0.875,0.7,0.7778,0.95
1.0,0.6154,0.7619,0.9563
0.875,0.5185,0.6512,0.895
0.875,0.5185,0.6512,0.8801
0.8125,0.619,0.7027,0.9209
0.875,0.7,0.7778,0.9605
0.6875,0.4583,0.55,0.8119
0.6875,0.4583,0.55,0.845
0.7333,0.6471,0.6875,0.8487
0.8,0.6,0.6857,0.9107
0.75,0.6316,0.6857,0.875
0.75,0.5455,0.6316,0.9075
0.8125,0.5909,0.6842,0.865
0.8,0.5714,0.6667,0.9207
0.8,0.6667,0.7273,0.8767
0.875,0.5833,0.7,0.9203
0.8125,0.4333,0.5652,0.8622
1.0,0.8,0.8889,0.9834
0.875,0.5385,0.6667,0.9069
0.875,0.6667,0.7568,0.9509
0.75,0.6,0.6667,0.9275
0.625,0.4167,0.5,0.8313
0.75,0.6,0.6667,0.9075
0.9333,0.5833,0.7179,0.9373
0.8,0.5217,0.6316,0.8773
0.875,0.56,0.6829,0.9024
0.875,0.5385,0.6667,0.9464
0.75,0.5455,0.6316,0.8833
0.875,0.4118,0.56,0.8438
0.9375,0.6818,0.7895,0.9592
0.6875,0.5238,0.5946,0.8644
0.875,0.6364,0.7368,0.9425
0.875,0.6667,0.7568,0.9444
0.8125,0.5,0.619,0.8776
0.8125,0.619,0.7027,0.9311
0.8125,0.7222,0.7647,0.9566
0.75,0.5455,0.6316,0.845
0.8125,0.6842,0.7429,0.9235
0.8667,0.4643,0.6047,0.8947
0.9333,0.4828,0.6364,0.894
1.0,0.6667,0.8,0.9812
0.875,0.5,0.6364,0.8862
1.0,0.5161,0.6809,0.8888
0.8667,0.619,0.7222,0.8693
0.6667,0.5882,0.625,0.8907
0.6875,0.5238,0.5946,0.8119
0.875,0.5385,0.6667,0.9126
0.5,0.6667,0.5714,0.8642
0.9375,0.6522,0.7692,0.9643
0.6875,0.6111,0.6471,0.9043
0.75,0.5217,0.6154,0.91
0.9375,0.625,0.75,0.9394
0.75,0.7059,0.7273,0.9263
0.6875,0.5238,0.5946,0.8393
0.9375,0.6,0.7317,0.9369
0.9375,0.5,0.6522,0.8686
0.9375,0.625,0.75,0.9196
0.6875,0.44,0.5366,0.7985
0.9333,0.6087,0.7368,0.94
0.9333,0.5833,0.7179,0.9073
0.875,0.6667,0.7568,0.9519
0.9375,0.625,0.75,0.9069
1.0,0.6154,0.7619,0.9775
0.7333,0.5789,0.6471,0.884
0.7333,0.4783,0.5789,0.8587
0.75,0.5455,0.6316,0.8878
0.8125,0.52,0.6341,0.9043
0.875,0.6667,0.7568,0.898
0.625,0.5263,0.5714,0.8055
0.875,0.6087,0.7179,0.9209
0.875,0.6667,0.7568,0.9019
0.9375,0.5556,0.6977,0.9337
0.875,0.56,0.6829,0.8906
0.8667,0.619,0.7222,0.9207
0.9333,0.5385,0.6829,0.918
0.8125,0.7647,0.7879,0.949
0.625,0.4762,0.5405,0.8393
0.875,0.6087,0.7179,0.9439
0.8125,0.5417,0.65,0.8661
0.6875,0.4231,0.5238,0.7908
0.875,0.5385,0.6667,0.9225
0.6875,0.5789,0.6286,0.9263
0.75,0.6316,0.6857,0.8594
0.875,0.5833,0.7,0.8871
0.8125,0.619,0.7027,0.8839
0.9375,0.6522,0.7692,0.9515
0.9375,0.7143,0.8108,0.9617
0.875,0.6364,0.7368,0.8871
0.8667,0.65,0.7429,0.96
0.8,0.5,0.6154,0.892
0.8125,0.5909,0.6842,0.8769
0.6875,0.4783,0.5641,0.8387
0.6875,0.6111,0.6471,0.8544
0.9333,0.6364,0.7568,0.9427
0.9333,0.6087,0.7368,0.934
0.75,0.5714,0.6486,0.8903
0.9375,0.5769,0.7143,0.9426
0.875,0.5185,0.6512,0.9145
0.6875,0.5238,0.5946,0.8897
1.0,0.5333,0.6957,0.9592
0.6875,0.6875,0.6875,0.8912
0.875,0.5385,0.6667,0.9363
0.75,0.6316,0.6857,0.8625
1.0,0.5769,0.7317,0.9787
0.9333,0.5385,0.6829,0.922
0.625,0.625,0.625,0.875
0.8125,0.4815,0.6047,0.9005
0.875,0.6364,0.7368,0.8954
0.75,0.48,0.5854,0.8195
0.9375,0.6,0.7317,0.9158
0.875,0.56,0.6829,0.9175
0.9375,0.5556,0.6977,0.8706
0.6875,0.5,0.5789,0.8769
0.8667,0.5417,0.6667,0.8773
0.9333,0.6667,0.7778,0.9653
0.8125,0.619,0.7027,0.9082
0.875,0.7,0.7778,0.9528
0.8125,0.4815,0.6047,0.8457
0.8125,0.619,0.7027,0.9298
0.9375,0.5357,0.6818,0.9139
0.875,0.7,0.7778,0.9375
0.875,0.7368,0.8,0.9537
0.6875,0.6471,0.6667,0.8875
0.6667,0.4167,0.5128,0.7727
0.8,0.5714,0.6667,0.9013
0.875,0.56,0.6829,0.9209
0.9375,0.625,0.75,0.9362
0.9375,0.6522,0.7692,0.9579
0.9375,0.5357,0.6818,0.9165
0.625,0.5,0.5556,0.8361
0.875,0.4667,0.6087,0.9025
0.875,0.56,0.6829,0.8712
0.75,0.5217,0.6154,0.8538
0.8,0.5217,0.6316,0.884
0.8,0.6,0.6857,0.9213
0.75,0.8571,0.8,0.9362
0.875,0.6364,0.7368,0.9031
0.6875,0.7333,0.7097,0.9222
0.75,0.48,0.5854,0.8763
0.9375,0.5,0.6522,0.9005
0.9375,0.5556,0.6977,0.9187
0.75,0.5455,0.6316,0.8975
1.0,0.6154,0.7619,0.95
0.8667,0.5417,0.6667,0.914
0.7333,0.5789,0.6471,0.84
0.75,0.5,0.6,0.8661
0.9375,0.6,0.7317,0.9375
0.875,0.6667,0.7568,0.9656
0.8125,0.5652,0.6667,0.8827
0.75,0.5714,0.6486,0.8788
0.9375,0.6818,0.7895,0.9413
0.8125,0.52,0.6341,0.8938
0.75,0.5714,0.6486,0.9081
0.6667,0.5882,0.625,0.84
1.0,0.625,0.7692,0.9653
1.0,0.5714,0.7273,0.9426
0.8125,0.4815,0.6047,0.8565
0.625,0.5882,0.6061,0.8323
0.8125,0.5417,0.65,0.8814
0.8125,0.5909,0.6842,0.9171
0.8125,0.65,0.7222,0.8969
0.875,0.56,0.6829,0.9113
0.8125,0.8667,0.8387,0.9513
0.9333,0.6087,0.7368,0.936
0.8,0.5,0.6154,0.8773
0.75,0.5455,0.6316,0.8431
0.8125,0.619,0.7027,0.9082
0.9375,0.5,0.6522,0.9094
0.875,0.56,0.6829,0.9056
0.8125,0.6842,0.7429,0.9407
0.75,0.6316,0.6857,0.8956
0.8125,0.5909,0.6842,0.8675
0.625,0.625,0.625,0.9125
0.7333,0.55,0.6286,0.8793
1.0,0.5556,0.7143,0.9133
0.6875,0.5,0.5789,0.8208
0.875,0.56,0.6829,0.9005
0.875,0.6667,0.7568,0.9541
0.75,0.6316,0.6857,0.9324
0.8125,0.52,0.6341,0.9088
0.8125,0.52,0.6341,0.9169
1.0,0.5926,0.7442,0.9825
0.625,0.5,0.5556,0.8256
0.6667,0.5263,0.5882,0.912
0.7333,0.6111,0.6667,0.8787
0.875,0.4516,0.5957,0.8884
0.75,0.5714,0.6486,0.8782
0.9375,0.625,0.75,0.9247
0.9375,0.5769,0.7143,0.9343
0.875,0.7368,0.8,0.9362
0.8125,0.4643,0.5909,0.8619
0.75,0.5217,0.6154,0.8912
0.8125,0.619,0.7027,0.9144
0.8,0.5455,0.6486,0.9307
0.9333,0.5385,0.6829,0.9267
0.8125,0.5909,0.6842,0.9165
0.6875,0.6471,0.6667,0.8584
0.875,0.6087,0.7179,0.9107
0.875,0.7368,0.8,0.9413
1.0,0.5333,0.6957,0.9394
0.8125,0.5,0.619,0.8575
0.75,0.5217,0.6154,0.9063
0.9375,0.5556,0.6977,0.9163
0.8,0.4138,0.5455,0.8107
0.9333,0.6087,0.7368,0.9773
0.875,0.6667,0.7568,0.949
0.8125,0.5909,0.6842,0.8673
0.9375,0.5172,0.6667,0.8865
0.875,0.6364,0.7368,0.9337
0.9375,0.5769,0.7143,0.949
0.8125,0.4194,0.5532,0.8738
0.8125,0.5652,0.6667,0.9137
0.75,0.5,0.6,0.885
0.8667,0.5417,0.6667,0.9227
0.8,0.6316,0.7059,0.9453
0.6875,0.55,0.6111,0.8801
0.875,0.56,0.6829,0.9005
0.8125,0.65,0.7222,0.8954
0.875,0.5833,0.7,0.8731
0.75,0.6,0.6667,0.8501
0.75,0.4615,0.5714,0.8081
0.875,0.6364,0.7368,0.9425
0.9375,0.6818,0.7895,0.9325
0.8,0.6667,0.7273,0.9027
1.0,0.5172,0.6818,0.9147
1.0,0.6154,0.7619,0.9554
0.875,0.5185,0.6512,0.9133
0.8125,0.6842,0.7429,0.9184
0.875,0.5,0.6364,0.8929
0.875,0.5,0.6364,0.9031
0.5625,0.4737,0.5143,0.8156
0.9375,0.5172,0.6667,0.9213
0.875,0.7368,0.8,0.9363
0.7333,0.5,0.5946,0.8733
0.8,0.5,0.6154,0.852
1.0,0.6154,0.7619,0.9388
0.875,0.5833,0.7,0.9177
0.8125,0.5652,0.6667,0.9388
0.8125,0.619,0.7027,0.9094
0.6875,0.5,0.5789,0.8839
0.875,0.5385,0.6667,0.9006
0.75,0.48,0.5854,0.8644
1.0,0.7273,0.8421,0.9625
0.8,0.6,0.6857,0.9147
0.8667,0.4483,0.5909,0.9007
0.875,0.6667,0.7568,0.9471
0.75,0.5455,0.6316,0.8776
0.875,0.6087,0.7179,0.9413
0.75,0.6,0.6667,0.8642
0.625,0.5,0.5556,0.8622
0.8125,0.5417,0.65,0.8769
0.9375,0.6522,0.7692,0.9394
1.0,0.64,0.7805,0.9125
0.875,0.56,0.6829,0.9247
0.875,0.5833,0.7,0.9381
0.875,0.5,0.6364,0.8648
0.75,0.6,0.6667,0.8801
0.9375,0.6,0.7317,0.9235
0.8,0.6667,0.7273,0.91
0.8,0.5217,0.6316,0.9227
0.9375,0.5556,0.6977,0.91
0.8125,0.4483,0.5778,0.8812
0.6875,0.5,0.5789,0.8425
0.8125,0.5417,0.65,0.9184
0.875,0.56,0.6829,0.9375
0.8125,0.5652,0.6667,0.9171
0.75,0.5714,0.6486,0.8559
0.75,0.5714,0.6486,0.8622
0.8667,0.619,0.7222,0.9413
0.6667,0.5,0.5714,0.862
RUSMaxBag
0.5625,0.6923,0.6207,0.8562
0.375,0.8571,0.5217,0.7825
0.6875,0.55,0.6111,0.8762
0.8,0.6667,0.7273,0.9167
0.8667,0.7647,0.8125,0.9467
0.6875,0.5789,0.6286,0.8801
0.625,0.5882,0.6061,0.8661
0.5625,0.6923,0.6207,0.8737
0.5,0.6154,0.5517,0.8304
0.6875,0.7857,0.7333,0.905
0.5625,0.8182,0.6667,0.9119
0.625,0.625,0.625,0.8556
0.6875,0.7857,0.7333,0.89
0.5,0.5714,0.5333,0.8195
0.375,0.5455,0.4444,0.7347
0.625,0.9091,0.7407,0.9541
0.8125,0.8125,0.8125,0.9273
0.4375,0.7778,0.56,0.8227
0.8,0.7059,0.75,0.8973
0.5333,0.5714,0.5517,0.8387
0.6875,0.6111,0.6471,0.8831
0.5625,0.9,0.6923,0.865
0.5,0.6154,0.5517,0.8187
0.6,0.75,0.6667,0.9113
0.4667,0.5,0.4828,0.8147
0.4375,0.4667,0.4516,0.7487
0.5,0.6667,0.5714,0.845
0.625,0.5556,0.5882,0.854
0.5625,0.8182,0.6667,0.8858
0.625,0.7143,0.6667,0.9056
0.5,0.3636,0.4211,0.7394
0.75,0.5714,0.6486,0.8575
0.4375,0.5,0.4667,0.7856
0.5333,0.5714,0.5517,0.836
0.8,0.6667,0.7273,0.886
0.4375,0.7778,0.56,0.8463
0.5,0.5714,0.5333,0.8246
0.625,0.625,0.625,0.8865
0.5625,0.6429,0.6,0.8476
0.25,0.4,0.3077,0.7666
0.5625,0.6429,0.6,0.8431
0.5625,0.6923,0.6207,0.8762
0.6875,0.4783,0.5641,0.8331
0.5,0.6667,0.5714,0.8023
0.625,0.5556,0.5882,0.8195
0.5625,0.6429,0.6,0.861
0.5,1.0,0.6667,0.8795
0.4375,0.6364,0.5185,0.8501
0.7333,0.5238,0.6111,0.8533
0.4,0.5455,0.4615,0.8127
0.6875,0.5238,0.5946,0.8675
0.4375,0.4667,0.4516,0.8175
0.625,0.7143,0.6667,0.8194
0.375,0.6,0.4615,0.8144
0.25,0.6667,0.3636,0.7793
0.5,0.6667,0.5714,0.845
0.375,0.6667,0.48,0.7927
0.4375,0.7,0.5385,0.8393
0.8,0.6316,0.7059,0.878
0.6,0.6,0.6,0.834
0.75,0.7059,0.7273,0.8688
0.625,0.7692,0.6897,0.8769
0.625,0.6667,0.6452,0.8681
0.75,0.7059,0.7273,0.9005
0.6875,0.55,0.6111,0.8316
0.8125,0.619,0.7027,0.9177
0.5,0.5714,0.5333,0.7774
0.6875,0.7333,0.7097,0.8578
0.4667,0.3889,0.4242,0.8267
0.4667,0.5385,0.5,0.8433
0.625,0.7692,0.6897,0.8769
0.5625,0.75,0.6429,0.8869
0.625,0.4167,0.5,0.79
0.6667,0.6667,0.6667,0.876
0.4,0.5,0.4444,0.8067
0.75,0.6,0.6667,0.8667
0.5625,0.5,0.5294,0.7946
0.5,0.6667,0.5714,0.8348
0.6875,0.7333,0.7097,0.926
0.5,0.5333,0.5161,0.8348
0.625,0.5882,0.6061,0.8681
0.5625,0.75,0.6429,0.8169
0.625,0.7143,0.6667,0.8912
0.5625,0.6923,0.6207,0.7985
0.5625,0.6,0.5806,0.824
0.4375,0.6364,0.5185,0.7551
0.8125,0.7647,0.7879,0.9292
0.5625,0.5,0.5294,0.8673
0.8,0.6667,0.7273,0.892
0.4667,0.4375,0.4516,0.826
0.4375,0.5833,0.5,0.8425
0.75,0.8,0.7742,0.8981
0.625,0.7143,0.6667,0.8419
0.3333,0.5,0.4,0.8533
0.4,0.5455,0.4615,0.7853
0.5625,0.5625,0.5625,0.8157
0.625,0.9091,0.7407,0.9566
0.5,0.5333,0.5161,0.8221
0.625,0.7143,0.6667,0.8673
0.5625,0.6,0.5806,0.838
0.625,0.5556,0.5882,0.8612
0.4375,0.3889,0.4118,0.73
0.6875,0.5789,0.6286,0.8538
0.4667,0.5833,0.5185,0.8147
0.8,0.75,0.7742,0.9
0.1875,0.75,0.3,0.7883
0.375,0.75,0.5,0.8603
0.5,0.8,0.6154,0.9158
0.5625,0.6923,0.6207,0.8335
0.625,0.5882,0.6061,0.8559
0.5,0.6667,0.5714,0.92
0.625,0.7143,0.6667,0.8363
0.625,0.5,0.5556,0.7869
0.6,0.5625,0.5806,0.8253
0.6667,0.5263,0.5882,0.8647
0.3125,0.625,0.4167,0.824
0.5625,0.6,0.5806,0.8386
0.6875,0.5,0.5789,0.852
0.3125,0.4545,0.3704,0.7997
0.5,0.5333,0.5161,0.8221
0.3125,0.4545,0.3704,0.7362
0.6875,0.8462,0.7586,0.9275
0.5,0.6667,0.5714,0.8562
0.75,0.6,0.6667,0.9145
0.5,0.8,0.6154,0.8616
0.75,0.6316,0.6857,0.8852
0.5,0.5714,0.5333,0.8342
0.5625,0.5625,0.5625,0.8431
0.8667,0.6842,0.7647,0.9293
0.3333,0.4167,0.3704,0.7333
0.5625,0.6,0.5806,0.8525
0.625,0.5263,0.5714,0.8375
0.4375,0.5833,0.5,0.7875
0.3333,0.625,0.4348,0.8133
0.6667,0.5263,0.5882,0.8587
0.5625,0.6429,0.6,0.8431
0.4375,0.6364,0.5185,0.8533
0.5625,0.5625,0.5625,0.8699
0.5,0.5714,0.5333,0.808
0.625,0.7692,0.6897,0.8967
0.4375,0.5,0.4667,0.7631
0.5625,0.6429,0.6,0.8488
0.4375,0.5833,0.5,0.8187
0.8,0.8,0.8,0.9507
0.5333,0.3333,0.4103,0.7267
0.6875,0.6471,0.6667,0.905
0.5,0.6154,0.5517,0.8004
0.625,0.6667,0.6452,0.8744
0.4375,0.6364,0.5185,0.8431
0.75,0.8571,0.8,0.919
0.625,0.8333,0.7143,0.89
0.5,0.6667,0.5714,0.9031
0.75,0.8571,0.8,0.9394
0.6,0.5625,0.5806,0.8433
0.4667,0.7,0.56,0.8827
0.4375,0.6364,0.5185,0.8291
0.625,0.7692,0.6897,0.8903
0.75,0.5714,0.6486,0.8661
0.625,0.625,0.625,0.8431
0.9375,0.5357,0.6818,0.9165
0.75,0.7059,0.7273,0.8894
0.5625,0.75,0.6429,0.8825
0.3125,0.4545,0.3704,0.7512
0.625,0.5556,0.5882,0.8565
0.5625,0.6429,0.6,0.8597
0.6875,0.5789,0.6286,0.8361
0.5,0.7273,0.5926,0.8393
0.75,0.5714,0.6486,0.8833
0.5333,0.7273,0.6154,0.83
0.4667,0.7778,0.5833,0.896
0.4375,0.7778,0.56,0.8281
0.4375,0.5833,0.5,0.8456
0.5,0.6667,0.5714,0.8013
0.7333,0.55,0.6286,0.8293
0.5333,0.7273,0.6154,0.89
0.5,0.8889,0.64,0.8642
0.5625,0.6429,0.6,0.8221
0.5625,0.6429,0.6,0.8597
0.75,0.6,0.6667,0.8533
0.5625,0.75,0.6429,0.8495
0.5625,0.75,0.6429,0.8756
0.6875,0.6875,0.6875,0.9025
0.5625,0.6923,0.6207,0.8775
0.4375,0.7,0.5385,0.7487
0.625,0.625,0.625,0.8323
0.8125,0.619,0.7027,0.9209
0.3125,0.8333,0.4545,0.8304
0.4375,0.7778,0.56,0.8546
0.7333,0.5789,0.6471,0.89
0.4,0.4615,0.4286,0.7713
0.5,0.6667,0.5714,0.8494
0.75,0.5455,0.6316,0.8556
0.5625,0.5,0.5294,0.8263
0.5,0.6154,0.5517,0.8699
0.375,0.6,0.4615,0.7832
0.625,0.625,0.625,0.861
0.4375,0.5833,0.5,0.7985
0.5625,0.6,0.5806,0.7691
0.6667,0.7692,0.7143,0.89
0.4667,0.7,0.56,0.8227
0.625,0.5882,0.6061,0.825
0.625,0.8333,0.7143,0.8975
0.75,0.7059,0.7273,0.8988
0.6667,0.4762,0.5556,0.8293
0.4,0.8571,0.5455,0.8587
0.6875,0.7857,0.7333,0.9037
0.375,0.5455,0.4444,0.8291
0.4375,0.5385,0.4828,0.8048
0.4375,0.6364,0.5185,0.8214
0.625,0.7143,0.6667,0.905
0.8125,0.65,0.7222,0.9087
0.5625,0.5294,0.5455,0.8137
0.5,0.5,0.5,0.8187
0.5333,0.6667,0.5926,0.8593
0.3333,0.3846,0.3571,0.8013
0.375,0.6667,0.48,0.7417
0.5625,0.6429,0.6,0.8731
0.625,0.6667,0.6452,0.8616
0.75,0.6316,0.6857,0.919
0.6875,0.5,0.5789,0.8297
0.625,0.7143,0.6667,0.9044
0.5,0.6667,0.5714,0.8725
0.375,0.5455,0.4444,0.79
0.6,0.6923,0.6429,0.87
0.5333,0.5333,0.5333,0.8293
0.5625,0.6923,0.6207,0.8374
0.625,0.5556,0.5882,0.8042
0.6875,0.6471,0.6667,0.9005
0.6875,0.55,0.6111,0.8208
0.5,0.5333,0.5161,0.7876
0.75,0.75,0.75,0.9231
0.625,0.5556,0.5882,0.8444
0.4375,0.7,0.5385,0.8556
0.6,0.5625,0.5806,0.872
0.4667,0.5385,0.5,0.8227
0.5,0.7273,0.5926,0.8795
0.75,0.6,0.6667,0.8827
0.5,0.6667,0.5714,0.8176
0.6875,0.7333,0.7097,0.8527
0.5625,0.5625,0.5625,0.8023
0.6875,0.5,0.5789,0.8269
0.3125,0.5556,0.4,0.7581
0.5625,0.5294,0.5455,0.8319
0.7333,0.6875,0.7097,0.944
0.2667,0.5,0.3478,0.7527
0.6875,0.6471,0.6667,0.8552
0.5,0.6154,0.5517,0.7991
0.375,0.5455,0.4444,0.8099
0.5,0.5,0.5,0.8463
0.6875,0.5789,0.6286,0.8559
0.625,0.7143,0.6667,0.8819
0.6875,0.5789,0.6286,0.87
0.6875,0.6875,0.6875,0.8775
0.6667,0.5882,0.625,0.8453
0.6667,0.7692,0.7143,0.9033
0.5,0.5714,0.5333,0.8182
0.5,0.5,0.5,0.8304
0.4375,0.4375,0.4375,0.7538
0.5,0.5714,0.5333,0.801
0.6875,0.7333,0.7097,0.8827
0.875,0.6667,0.7568,0.9531
0.375,0.5,0.4286,0.7762
0.6875,0.6875,0.6875,0.91
0.7333,0.6111,0.6667,0.8973
0.2667,0.8,0.4,0.854
0.5,0.6667,0.5714,0.8042
0.5,0.7273,0.5926,0.8463
0.375,0.6,0.4615,0.7927
0.625,0.625,0.625,0.8559
0.4375,0.5385,0.4828,0.8699
0.5625,0.6923,0.6207,0.865
0.75,0.75,0.75,0.945
0.5,0.4,0.4444,0.7244
0.5,0.6154,0.5517,0.8412
0.5625,1.0,0.72,0.898
0.5,0.7273,0.5926,0.8591
0.25,0.5714,0.3478,0.7404
0.5,0.5714,0.5333,0.831
0.7333,0.6875,0.7097,0.8927
0.6,0.6923,0.6429,0.864
0.4375,0.5385,0.4828,0.825
0.5625,0.75,0.6429,0.8688
0.5625,0.6923,0.6207,0.8588
0.7333,0.6111,0.6667,0.8827
0.6,0.4737,0.5294,0.804
0.625,0.6667,0.6452,0.8565
0.375,0.5,0.4286,0.7653
0.6875,0.9167,0.7857,0.9388
0.625,0.625,0.625,0.8106
0.5625,0.6,0.5806,0.8693
0.5625,0.6,0.5806,0.8612
0.5,0.4706,0.4848,0.7837
0.3125,0.4545,0.3704,0.7575
0.7333,0.6875,0.7097,0.898
0.3333,0.3333,0.3333,0.714
0.6875,0.6111,0.6471,0.8769
0.5,0.5714,0.5333,0.7755
0.5,0.5333,0.5161,0.8603
0.75,0.6316,0.6857,0.8667
0.5625,0.75,0.6429,0.8731
0.8125,0.8125,0.8125,0.9256
0.6875,0.5238,0.5946,0.8769
0.5,0.8889,0.64,0.8438
0.8125,0.7647,0.7879,0.9279
0.5625,0.6923,0.6207,0.8597
0.25,0.4,0.3077,0.7946
0.6875,0.6471,0.6667,0.831
0.625,0.5882,0.6061,0.8756
0.6,0.6923,0.6429,0.8713
0.4,0.6667,0.5,0.898
0.6875,0.7857,0.7333,0.9225
0.625,0.6667,0.6452,0.8562
0.6875,0.7333,0.7097,0.8806
0.4,0.75,0.5217,0.8967
0.6,0.6923,0.6429,0.8593
0.625,0.7692,0.6897,0.8616
0.5625,0.75,0.6429,0.8176
0.6875,0.6111,0.6471,0.8552
0.5,0.6667,0.5714,0.8291
0.625,0.7692,0.6897,0.8508
0.75,0.7059,0.7273,0.8762
0.5625,0.4737,0.5143,0.805
0.5,0.7273,0.5926,0.8894
0.4,0.6,0.48,0.8147
0.5333,0.6154,0.5714,0.8927
0.375,0.4,0.3871,0.6958
0.5,0.5714,0.5333,0.8578
0.4375,0.6364,0.5185,0.7723
0.5625,0.5625,0.5625,0.8361
0.625,0.5556,0.5882,0.8386
0.8125,0.6842,0.7429,0.9313
0.6875,0.6875,0.6875,0.8894
0.625,0.5882,0.6061,0.8381
0.5625,0.8182,0.6667,0.8948
0.5,0.5,0.5,0.7602
0.375,0.6,0.4615,0.7991
0.75,0.6316,0.6857,0.8795
0.6875,0.7333,0.7097,0.8731
0.8667,0.8667,0.8667,0.918
0.4,0.4615,0.4286,0.788
0.5625,0.8182,0.6667,0.8331
0.8125,0.6842,0.7429,0.8925
0.625,0.7143,0.6667,0.9012
0.8125,0.7647,0.7879,0.9432
0.625,0.7692,0.6897,0.8833
0.375,0.4286,0.4,0.7283
0.5,0.5714,0.5333,0.8412
0.5,0.6154,0.5517,0.8068
0.4667,0.5833,0.5185,0.8427
0.3333,0.3846,0.3571,0.764
0.5,0.5333,0.5161,0.8056
0.5,0.8,0.6154,0.8744
0.625,0.6667,0.6452,0.89
0.3333,0.5,0.4,0.776
0.8,0.6667,0.7273,0.9087
0.5,0.4211,0.4571,0.7003
0.5,0.7273,0.5926,0.8501
0.75,0.5714,0.6486,0.8948
0.625,0.7692,0.6897,0.9126
0.875,0.7368,0.8,0.9515
0.5625,0.5294,0.5455,0.8725
0.5,0.5714,0.5333,0.7806
0.6875,0.7857,0.7333,0.9175
0.75,0.6667,0.7059,0.8878
0.625,0.8333,0.7143,0.8386
0.4375,0.7,0.5385,0.8227
0.5625,0.6923,0.6207,0.8635
0.5625,0.5625,0.5625,0.8489
0.6667,0.5556,0.6061,0.8407
0.5333,0.6154,0.5714,0.8387
0.4375,0.5385,0.4828,0.8056
0.5625,0.8182,0.6667,0.9
0.5,0.5714,0.5333,0.8263
0.5333,0.5714,0.5517,0.8447
0.7333,0.5789,0.6471,0.8833
0.5,0.3636,0.4211,0.7953
0.75,0.8,0.7742,0.926
0.625,0.5882,0.6061,0.8323
0.6875,0.7333,0.7097,0.8622
0.8125,0.5652,0.6667,0.8712
0.5,0.4706,0.4848,0.8063
0.4375,0.5833,0.5,0.8275
0.75,0.7059,0.7273,0.8919
0.3333,0.5556,0.4167,0.7693
0.7333,0.6875,0.7097,0.9153
0.5625,0.5294,0.5455,0.854
0.5,0.5714,0.5333,0.8221
0.5,0.4211,0.4571,0.6932
0.75,0.8,0.7742,0.8667
0.625,0.5882,0.6061,0.8769
0.5,0.5714,0.5333,0.8469
0.375,0.4286,0.4,0.75
0.625,0.625,0.625,0.85
0.5333,0.5714,0.5517,0.872
0.8667,0.619,0.7222,0.9047
0.4375,0.7,0.5385,0.9056
0.875,0.7,0.7778,0.9222
0.3125,0.8333,0.4545,0.8469
0.8125,0.5909,0.6842,0.8999
0.5625,0.6,0.5806,0.8335
0.4375,0.4118,0.4242,0.82
0.625,0.4545,0.5263,0.8294
0.6875,0.6875,0.6875,0.8562
0.5,0.6667,0.5714,0.8374
0.3125,0.5,0.3846,0.7844
0.75,0.75,0.75,0.9324
0.5625,0.6923,0.6207,0.8591
0.4375,0.5385,0.4828,0.7468
0.5333,0.7273,0.6154,0.8553
0.7333,0.5789,0.6471,0.874
0.625,0.5556,0.5882,0.8431
0.5,0.6667,0.5714,0.8337
0.5625,0.6429,0.6,0.8581
0.6,0.6429,0.6207,0.866
0.4,0.6,0.48,0.7713
0.625,0.7692,0.6897,0.905
0.625,0.5556,0.5882,0.8323
0.375,0.4,0.3871,0.7946
0.8125,0.6842,0.7429,0.898
0.4375,0.4118,0.4242,0.7532
0.625,0.5882,0.6061,0.8406
0.3125,0.4545,0.3704,0.7931
0.5625,0.9,0.6923,0.9363
0.4667,0.6364,0.5385,0.8287
0.4,0.5,0.4444,0.758
0.8125,0.6842,0.7429,0.9337
0.75,0.5455,0.6316,0.8348
0.375,0.5455,0.4444,0.8642
0.375,0.8571,0.5217,0.8259
0.6875,0.6471,0.6667,0.8686
0.6875,0.9167,0.7857,0.9319
0.5,0.5714,0.5333,0.8237
0.375,0.6,0.4615,0.7706
0.3333,0.5,0.4,0.7987
0.4667,0.6364,0.5385,0.8053
0.6875,0.6471,0.6667,0.8865
0.625,0.7692,0.6897,0.8948
0.625,0.4762,0.5405,0.8272
0.375,0.6667,0.48,0.8195
0.625,0.6667,0.6452,0.8635
0.3125,0.625,0.4167,0.835
0.6875,0.6471,0.6667,0.8806
0.5,0.5333,0.5161,0.7806
0.5,1.0,0.6667,0.9031
0.6875,0.5789,0.6286,0.8501
0.625,0.5882,0.6061,0.8335
0.6875,0.7333,0.7097,0.9031
0.4375,0.5,0.4667,0.7666
0.6,0.6923,0.6429,0.846
0.4667,0.3333,0.3889,0.722
0.625,0.5882,0.6061,0.8756
0.8125,0.5417,0.65,0.8856
0.5,0.5714,0.5333,0.8137
0.4667,0.6364,0.5385,0.816
0.5333,0.8,0.64,0.8653
0.4375,0.35,0.3889,0.7621
0.625,0.7143,0.6667,0.889
0.5,0.5714,0.5333,0.8661
0.625,0.5882,0.6061,0.8795
0.75,0.75,0.75,0.8654
0.6875,0.6471,0.6667,0.8712
0.75,0.5455,0.6316,0.865
0.375,0.5,0.4286,0.7294
0.5333,0.8,0.64,0.9027
0.5333,0.5714,0.5517,0.8567
0.6875,0.6471,0.6667,0.9203
0.1875,1.0,0.3158,0.8686
0.625,0.7692,0.6897,0.9273
0.625,0.6667,0.6452,0.8884
0.6875,0.6111,0.6471,0.8571
0.625,0.7143,0.6667,0.8894
0.4375,0.5,0.4667,0.7356
0.4375,0.6364,0.5185,0.8475
0.6,0.5,0.5455,0.8533
0.4667,0.6364,0.5385,0.8593
0.8125,0.8125,0.8125,0.9184
0.4375,0.7,0.5385,0.845
0.5,0.5714,0.5333,0.7978
0.5625,0.6,0.5806,0.8297
0.4375,0.35,0.3889,0.7908
0.5,0.5333,0.5161,0.8187
0.5625,0.5625,0.5625,0.8206
0.375,0.8571,0.5217,0.8194
0.5,0.5,0.5,0.8068
0.4375,0.7,0.5385,0.8731
0.5,0.6667,0.5714,0.8903
0.5625,0.6923,0.6207,0.8795
0.6875,0.5789,0.6286,0.8712
0.6667,0.8333,0.7407,0.9147
0.5333,0.7273,0.6154,0.8347
0.5625,0.75,0.6429,0.8769
0.4375,0.4375,0.4375,0.8031
0.625,0.625,0.625,0.8456
0.4,0.6,0.48,0.804
0.7333,0.7333,0.7333,0.8867
0.5,0.6667,0.5714,0.8571
0.375,0.6,0.4615,0.7647
0.625,0.5882,0.6061,0.8176
0.625,0.625,0.625,0.8833
0.6875,0.8462,0.7586,0.9203
0.5625,0.75,0.6429,0.8912
0.6875,0.6111,0.6471,0.855
0.625,0.9091,0.7407,0.8812
0.6875,0.6111,0.6471,0.896
0.4375,0.5385,0.4828,0.8374
0.625,0.6667,0.6452,0.8584
0.875,0.7368,0.8,0.949
0.75,0.75,0.75,0.9184
0.4667,0.5385,0.5,0.7553
0.3333,0.3333,0.3333,0.7453
0.6875,0.7857,0.7333,0.9225
0.5625,0.5625,0.5625,0.85
0.375,0.5,0.4286,0.79
0.5333,1.0,0.6957,0.888
0.7333,0.6875,0.7097,0.8527
0.5625,0.6923,0.6207,0.8469
0.5625,0.6429,0.6,0.8259
0.625,0.8333,0.7143,0.9356
0.6875,0.6471,0.6667,0.8571
0.5625,0.5,0.5294,0.8393
0.5,0.8,0.6154,0.8662
0.75,0.6667,0.7059,0.8625
0.8125,0.8125,0.8125,0.9325
0.6875,0.6471,0.6667,0.9069
0.5625,0.6429,0.6,0.8335
0.5625,0.6923,0.6207,0.8546
0.5,0.7273,0.5926,0.9018
0.625,0.4348,0.5128,0.8195
0.6,0.6923,0.6429,0.87
0.5333,0.5,0.5161,0.8293
0.5625,0.6,0.5806,0.8131
0.625,0.5556,0.5882,0.8313
0.4375,0.5833,0.5,0.8287
0.5333,0.5333,0.5333,0.8147
0.4,0.5,0.4444,0.832
0.5625,0.6923,0.6207,0.868
0.5,0.6667,0.5714,0.8565
0.625,0.6667,0.6452,0.8546
0.5625,0.6923,0.6207,0.9037
0.3125,0.7143,0.4348,0.8788
0.5,0.7273,0.5926,0.8569
0.625,0.6667,0.6452,0.8581
0.6875,0.7333,0.7097,0.9106
0.7333,0.5,0.5946,0.834
0.4667,0.5385,0.5,0.8073
0.625,0.5882,0.6061,0.7851
0.5625,0.9,0.6923,0.8973
0.5625,0.5625,0.5625,0.854
0.6875,0.6471,0.6667,0.8801
0.375,0.5,0.4286,0.7761
0.3125,0.625,0.4167,0.7725
0.5625,0.6429,0.6,0.84
0.625,0.8333,0.7143,0.9056
0.5333,0.6154,0.5714,0.812
0.6667,0.625,0.6452,0.8327
0.6875,0.7333,0.7097,0.8552
0.375,0.8571,0.5217,0.8712
0.625,0.625,0.625,0.7915
0.625,0.5882,0.6061,0.8788
0.4375,0.5385,0.4828,0.831
0.375,0.4615,0.4138,0.7581
0.5,0.7273,0.5926,0.8087
0.5625,0.75,0.6429,0.8931
0.4375,0.4667,0.4516,0.7321
0.75,0.7059,0.7273,0.9381
0.4375,0.5833,0.5,0.7857
0.75,0.6667,0.7059,0.9158
0.375,0.4286,0.4,0.8004
0.4667,0.7778,0.5833,0.832
0.6667,0.6667,0.6667,0.9127
0.4375,0.5,0.4667,0.8263
0.5,0.6667,0.5714,0.825
0.375,0.5,0.4286,0.7638
0.75,0.7059,0.7273,0.9043
0.625,0.625,0.625,0.8501
0.5625,0.6429,0.6,0.882
0.6875,0.7333,0.7097,0.8884
0.375,0.4615,0.4138,0.7844
0.6,0.6923,0.6429,0.886
0.6667,0.7143,0.6897,0.8913
0.625,0.5882,0.6061,0.8387
0.625,0.7143,0.6667,0.8956
0.6875,0.6471,0.6667,0.8725
0.8,0.6,0.6857,0.8947
0.4,0.4,0.4,0.776
0.5,0.6667,0.5714,0.8782
0.6875,0.9167,0.7857,0.8967
0.6875,0.7333,0.7097,0.8878
0.625,0.625,0.625,0.8699
0.5625,0.5294,0.5455,0.8508
0.625,0.7692,0.6897,0.9012
0.6875,0.55,0.6111,0.8181
0.625,0.7692,0.6897,0.8875
0.6667,0.6667,0.6667,0.8487
0.5333,0.5,0.5161,0.8027
0.5,0.6667,0.5714,0.898
0.5,0.8,0.6154,0.8788
0.5,0.6154,0.5517,0.8482
0.625,0.7692,0.6897,0.8297
0.625,0.7692,0.6897,0.898
0.75,0.7059,0.7273,0.9187
0.75,0.6667,0.7059,0.915
0.5625,0.6,0.5806,0.8631
0.6875,0.5238,0.5946,0.8023
0.5,0.8889,0.64,0.9088
0.5,0.8,0.6154,0.8884
0.375,0.4286,0.4,0.7417
0.4375,0.5385,0.4828,0.7832
0.8,0.6316,0.7059,0.9067
0.4,0.5455,0.4615,0.8013
0.5625,0.6429,0.6,0.8387
0.3125,0.4167,0.3571,0.7581
0.5625,0.5294,0.5455,0.8313
0.625,0.6667,0.6452,0.8807
0.4375,0.4667,0.4516,0.8004
0.625,0.8333,0.7143,0.8489
0.5,0.5333,0.5161,0.8042
0.625,0.7143,0.6667,0.8839
0.6667,0.625,0.6452,0.8913
0.4667,0.7778,0.5833,0.876
0.8125,0.7222,0.7647,0.9219
0.6875,0.9167,0.7857,0.8925
0.625,0.8333,0.7143,0.8938
0.4375,0.5385,0.4828,0.7602
0.75,0.8,0.7742,0.9247
0.6875,0.4583,0.55,0.8635
0.6875,0.7333,0.7097,0.8578
0.375,0.375,0.375,0.7296
0.8,0.8571,0.8276,0.9053
0.1333,0.2857,0.1818,0.794
0.625,0.6667,0.6452,0.8906
0.5,0.6154,0.5517,0.8531
0.75,0.6316,0.6857,0.9038
0.7333,0.7333,0.7333,0.8927
0.6667,0.5263,0.5882,0.8507
0.4375,0.5,0.4667,0.7934
0.625,0.625,0.625,0.8871
0.5,0.8,0.6154,0.896
0.4375,0.6364,0.5185,0.824
0.4375,0.5385,0.4828,0.7749
0.6875,0.6111,0.6471,0.8938
0.5,0.5714,0.5333,0.7994
0.4375,0.5833,0.5,0.8206
0.4667,0.7778,0.5833,0.8933
0.4,0.6,0.48,0.842
0.5625,0.6429,0.6,0.8514
0.5,0.5333,0.5161,0.7736
0.5625,0.6923,0.6207,0.8814
0.75,0.6667,0.7059,0.8807
0.75,0.6316,0.6857,0.9133
0.375,0.3333,0.3529,0.7631
0.375,0.5,0.4286,0.7725
0.5625,0.6,0.5806,0.8588
0.625,0.7143,0.6667,0.8839
0.5625,0.6923,0.6207,0.8399
0.5,0.6154,0.5517,0.8202
0.6875,0.55,0.6111,0.8514
0.6875,0.7857,0.7333,0.898
0.5333,0.8,0.64,0.904
0.9333,0.7778,0.8485,0.9613
0.4375,0.7,0.5385,0.8488
0.5625,0.5625,0.5625,0.8694
0.75,0.6316,0.6857,0.8844
0.6875,0.55,0.6111,0.875
0.5,1.0,0.6667,0.8667
0.625,0.625,0.625,0.8699
0.625,0.6667,0.6452,0.8648
0.625,0.625,0.625,0.8552
0.5333,0.7273,0.6154,0.884
0.4667,0.5833,0.5185,0.8307
0.625,0.6667,0.6452,0.9
0.75,0.6316,0.6857,0.9213
0.625,0.5882,0.6061,0.8556
0.2667,0.6667,0.381,0.8187
0.3333,0.5556,0.4167,0.8347
0.625,0.7143,0.6667,0.8259
0.375,0.5,0.4286,0.7755
0.5625,0.9,0.6923,0.8852
0.5625,0.6923,0.6207,0.8533
0.5625,0.6923,0.6207,0.9005
0.5,0.5714,0.5333,0.8556
0.625,0.5882,0.6061,0.8406
0.75,0.8571,0.8,0.9663
0.6667,0.7692,0.7143,0.904
0.6667,0.7143,0.6897,0.88
0.25,0.3333,0.2857,0.6983
0.375,0.375,0.375,0.7283
0.6875,0.6111,0.6471,0.8712
0.8125,0.8125,0.8125,0.9139
0.75,0.6667,0.7059,0.8941
0.75,0.6316,0.6857,0.9069
0.6875,0.6875,0.6875,0.835
0.625,0.625,0.625,0.86
0.7333,0.5789,0.6471,0.8947
0.4667,0.7,0.56,0.822
0.75,0.6316,0.6857,0.8731
0.75,0.6316,0.6857,0.875
0.5,0.8889,0.64,0.898
0.5,0.7273,0.5926,0.8099
0.5,0.5714,0.5333,0.8087
0.4375,0.7,0.5385,0.8225
0.5625,0.9,0.6923,0.8906
0.4375,0.5833,0.5,0.82
0.5333,0.4444,0.4848,0.828
0.6,0.75,0.6667,0.8847
0.875,0.7778,0.8235,0.9349
0.5625,0.6923,0.6207,0.8431
0.3125,0.3571,0.3333,0.6907
0.5,0.5714,0.5333,0.8661
0.625,0.4762,0.5405,0.8597
0.6875,0.5789,0.6286,0.9006
0.5625,0.6,0.5806,0.8488
0.4375,0.6364,0.5185,0.8169
0.5333,0.5333,0.5333,0.7913
0.4,0.75,0.5217,0.8293
0.75,0.6,0.6667,0.8954
0.5625,0.5294,0.5455,0.838
0.5625,0.6,0.5806,0.8291
0.625,0.5882,0.6061,0.8591
0.375,0.5,0.4286,0.8151
0.6875,0.6471,0.6667,0.8975
0.5625,0.8182,0.6667,0.8606
0.5625,0.5625,0.5625,0.8331
0.4,0.5455,0.4615,0.7707
0.8,0.75,0.7742,0.928
0.5625,0.6,0.5806,0.8125
0.4375,0.875,0.5833,0.845
0.6875,0.6111,0.6471,0.8418
0.6875,0.55,0.6111,0.852
0.5625,0.5625,0.5625,0.7825
0.625,0.625,0.625,0.8825
0.875,0.7368,0.8,0.9325
0.5625,0.5,0.5294,0.8231
0.4375,0.5833,0.5,0.7761
0.375,0.6,0.4615,0.8406
0.8125,0.8667,0.8387,0.9311
0.5,0.5333,0.5161,0.8304
0.6875,0.55,0.6111,0.8374
0.7333,0.5789,0.6471,0.836
0.6667,0.6667,0.6667,0.8533
0.375,0.6,0.4615,0.7644
0.75,0.8,0.7742,0.9025
0.5625,0.6,0.5806,0.7837
0.6,0.6923,0.6429,0.8993
0.6,0.75,0.6667,0.8567
0.75,0.8571,0.8,0.9101
0.625,0.7143,0.6667,0.8406
0.5,0.6667,0.5714,0.9031
0.75,0.5455,0.6316,0.8807
0.625,0.8333,0.7143,0.8852
0.6875,0.7333,0.7097,0.9025
0.5625,0.6923,0.6207,0.8169
0.4375,0.7,0.5385,0.8325
0.6667,0.625,0.6452,0.8933
0.3333,0.3571,0.3448,0.7527
0.5,0.7273,0.5926,0.8291
0.6875,0.6471,0.6667,0.9056
0.5,0.6154,0.5517,0.8533
0.5,0.4211,0.4571,0.7679
0.8125,0.6842,0.7429,0.9171
0.625,0.7143,0.6667,0.8738
0.8125,0.7222,0.7647,0.9206
0.375,0.5455,0.4444,0.86
0.4375,0.5833,0.5,0.7647
0.5625,0.5625,0.5625,0.8769
0.5,0.8889,0.64,0.9011
0.4375,0.5385,0.4828,0.7966
0.5,0.6667,0.5714,0.8482
0.6667,0.4762,0.5556,0.8273
0.6,0.5,0.5455,0.8173
0.75,0.7059,0.7273,0.9269
0.75,0.5455,0.6316,0.8662
0.625,0.5882,0.6061,0.8244
0.8667,0.7222,0.7879,0.886
0.3333,0.5,0.4,0.8067
0.375,0.375,0.375,0.7232
0.5,0.8,0.6154,0.8527
0.0625,0.3333,0.1053,0.7513
0.6875,0.6875,0.6875,0.8954
0.625,0.5882,0.6061,0.8686
0.5625,0.6429,0.6,0.8575
0.6875,0.6471,0.6667,0.9094
0.5625,0.75,0.6429,0.8794
0.5625,0.6429,0.6,0.852
0.75,0.7059,0.7273,0.9184
0.5625,0.5625,0.5625,0.8099
0.75,0.5714,0.6486,0.8693
0.625,0.5263,0.5714,0.7927
0.4667,0.4667,0.4667,0.792
0.4667,0.5833,0.5185,0.8493
0.625,0.9091,0.7407,0.8712
0.75,0.6316,0.6857,0.8662
0.875,0.7778,0.8235,0.9544
0.6,0.5625,0.5806,0.846
0.4,0.5,0.4444,0.7907
0.625,0.6667,0.6452,0.8884
0.5625,0.6429,0.6,0.7736
0.5625,0.6,0.5806,0.8265
0.4375,0.5833,0.5,0.7564
0.6875,0.5789,0.6286,0.9031
0.75,0.6667,0.7059,0.865
0.5625,0.6429,0.6,0.8019
0.75,0.6316,0.6857,0.8744
0.5333,0.6667,0.5926,0.8413
0.4667,0.4667,0.4667,0.812
0.6875,0.6875,0.6875,0.9139
0.4375,0.4118,0.4242,0.7449
0.5,0.7273,0.5926,0.898
0.4375,0.6364,0.5185,0.8412
0.5625,0.5625,0.5625,0.7813
0.625,0.5882,0.6061,0.8619
0.4375,0.6364,0.5185,0.8962
0.4375,0.5833,0.5,0.8137
0.75,0.6667,0.7059,0.8973
0.375,0.5455,0.4444,0.8189
0.6875,0.7857,0.7333,0.9247
0.8125,0.7222,0.7647,0.9267
0.75,0.75,0.75,0.8616
0.6,0.9,0.72,0.904
0.4667,0.5385,0.5,0.81
0.5,0.6667,0.5714,0.8331
0.5,0.4706,0.4848,0.7706
0.625,0.7143,0.6667,0.8131
0.1333,0.2857,0.1818,0.792
0.4667,0.5833,0.5185,0.856
0.625,0.7143,0.6667,0.8935
0.625,0.6667,0.6452,0.8858
0.625,0.4,0.4878,0.794
0.5625,0.6,0.5806,0.8629
0.8125,0.7222,0.7647,0.9349
0.5625,0.6923,0.6207,0.7656
0.5625,0.6,0.5806,0.85
0.4375,0.7778,0.56,0.8075
0.8,0.6667,0.7273,0.918
0.6,0.75,0.6667,0.8613
0.4375,0.5833,0.5,0.7908
0.6875,0.6471,0.6667,0.8495
0.75,0.5455,0.6316,0.8712
0.5,0.5,0.5,0.7902
0.75,0.6667,0.7059,0.8833
0.5625,0.5625,0.5625,0.8462
0.5,0.5333,0.5161,0.8137
0.5,0.5333,0.5161,0.8269
0.6667,0.5,0.5714,0.8133
0.8667,0.8125,0.8387,0.966
0.3125,0.7143,0.4348,0.8291
0.6875,0.7333,0.7097,0.9228
0.625,0.5556,0.5882,0.8131
0.5625,0.9,0.6923,0.8986
0.6875,0.6875,0.6875,0.8827
0.5625,0.8182,0.6667,0.8788
0.625,0.7143,0.6667,0.905
0.5625,0.6923,0.6207,0.8544
0.4,0.5,0.4444,0.7007
0.2667,0.4,0.32,0.764
0.8125,0.7222,0.7647,0.9216
0.625,0.6667,0.6452,0.8508
0.5,0.6154,0.5517,0.9082
0.6875,0.5238,0.5946,0.8731
0.375,0.5,0.4286,0.7328
0.75,0.5217,0.6154,0.8706
0.25,0.3636,0.2963,0.7362
0.625,0.5882,0.6061,0.8137
0.6,0.6429,0.6207,0.868
0.4667,0.5385,0.5,0.8127
0.375,0.5455,0.4444,0.8967
0.5625,0.75,0.6429,0.8578
0.4375,0.5833,0.5,0.845
0.875,0.5185,0.6512,0.8833
0.75,0.5,0.6,0.868
0.5,0.5714,0.5333,0.8337
0.625,0.6667,0.6452,0.8694
0.6875,0.7333,0.7097,0.8981
0.6,0.5294,0.5625,0.858
0.4667,0.7778,0.5833,0.766
0.4375,0.4667,0.4516,0.7608
0.75,0.6316,0.6857,0.8884
0.625,0.625,0.625,0.8514
0.4375,0.5385,0.4828,0.824
0.75,0.8571,0.8,0.882
0.5625,0.6923,0.6207,0.8806
0.5625,0.75,0.6429,0.8538
0.375,0.6667,0.48,0.8269
0.4667,0.7778,0.5833,0.7827
0.8,0.7059,0.75,0.922
0.8125,0.7222,0.7647,0.9152
0.5,0.4706,0.4848,0.787
0.4375,0.5833,0.5,0.8061
0.5625,0.4737,0.5143,0.7985
0.5,0.5,0.5,0.8361
0.4375,0.6364,0.5185,0.7863
0.6875,0.6471,0.6667,0.8894
0.875,0.875,0.875,0.9575
0.6667,0.5263,0.5882,0.8493
0.6667,0.5556,0.6061,0.8327
0.75,0.5217,0.6154,0.8297
0.625,0.6667,0.6452,0.8776
0.5625,0.5625,0.5625,0.8393
0.625,0.7143,0.6667,0.8846
0.625,0.6667,0.6452,0.9031
0.5,0.5333,0.5161,0.8344
0.6875,0.6471,0.6667,0.8481
0.625,0.6667,0.6452,0.8956
0.4667,0.5833,0.5185,0.8327
0.5333,0.5333,0.5333,0.8567
0.375,0.4,0.3871,0.7634
0.4375,0.7,0.5385,0.8482
0.75,0.7059,0.7273,0.9337
0.625,0.7692,0.6897,0.8833
0.75,0.8571,0.8,0.9005
0.4375,0.6364,0.5185,0.8125
0.8125,0.8667,0.8387,0.9637
0.5,0.5,0.5,0.7863
0.5333,0.6154,0.5714,0.878
0.5333,0.8,0.64,0.8773
0.6875,0.6471,0.6667,0.845
0.5625,0.6429,0.6,0.8661
0.5,0.6667,0.5714,0.8489
0.5,0.4211,0.4571,0.8259
0.5625,0.5625,0.5625,0.8603
0.6875,0.7333,0.7097,0.855
0.625,0.5882,0.6061,0.8662
0.4375,0.6364,0.5185,0.84
0.6667,0.5556,0.6061,0.86
0.4667,0.3889,0.4242,0.798
0.625,0.8333,0.7143,0.8878
0.625,0.6667,0.6452,0.8693
0.375,0.5,0.4286,0.8374
0.5,0.8,0.6154,0.9171
0.8125,0.52,0.6341,0.8948
0.5625,0.4737,0.5143,0.7956
0.6875,0.5789,0.6286,0.8962
0.75,0.6667,0.7059,0.9106
0.7333,0.5,0.5946,0.8027
0.9333,0.7368,0.8235,0.974
0.5625,0.9,0.6923,0.8852
0.5,0.6154,0.5517,0.8374
0.8125,0.619,0.7027,0.8999
0.5625,0.9,0.6923,0.8744
0.6875,0.6471,0.6667,0.9018
0.5625,0.6429,0.6,0.8425
0.75,0.6667,0.7059,0.9038
0.6875,0.7333,0.7097,0.8919
0.7333,0.4783,0.5789,0.86
0.6,0.6923,0.6429,0.9107
0.5625,0.5625,0.5625,0.8342
0.5625,0.6,0.5806,0.8705
0.4375,0.6364,0.5185,0.8329
0.625,0.5882,0.6061,0.824
0.3125,0.625,0.4167,0.801
0.5,0.5333,0.5161,0.7688
0.5625,0.75,0.6429,0.895
0.625,0.625,0.625,0.8962
0.5333,0.8,0.64,0.8327
0.6,0.5294,0.5625,0.866
0.5625,0.6,0.5806,0.8699
0.4375,0.6364,0.5185,0.8253
0.4375,0.7,0.5385,0.8718
0.4375,0.7,0.5385,0.8048
0.625,0.5882,0.6061,0.8431
0.3125,0.625,0.4167,0.7419
0.5,0.5714,0.5333,0.7975
0.5,0.6667,0.5714,0.79
0.6,0.5294,0.5625,0.8213
0.5333,0.5333,0.5333,0.796
0.9375,0.625,0.75,0.9439
0.4375,0.6364,0.5185,0.8469
0.625,0.7692,0.6897,0.9279
0.5,0.6154,0.5517,0.8112
0.5,0.7273,0.5926,0.8565
0.375,0.5455,0.4444,0.7925
0.5625,0.5625,0.5625,0.845
0.625,0.6667,0.6452,0.8912
0.4667,0.875,0.6087,0.8267
0.8,0.6,0.6857,0.8927
0.75,0.6316,0.6857,0.8903
0.5625,0.6,0.5806,0.8393
0.4375,0.7,0.5385,0.8374
0.5,0.6667,0.5714,0.8399
0.5625,0.5,0.5294,0.8214
0.75,0.6316,0.6857,0.8994
0.8125,0.7647,0.7879,0.9425
0.5625,0.5625,0.5625,0.8575
0.6875,0.5,0.5789,0.8501
0.625,0.7143,0.6667,0.8865
0.75,0.5714,0.6486,0.8399
0.5625,0.75,0.6429,0.8941
0.5625,0.6429,0.6,0.8756
0.6,0.5294,0.5625,0.8527
0.5333,0.6667,0.5926,0.89
0.75,0.6316,0.6857,0.8744
0.5625,0.5,0.5294,0.8231
0.5,0.5,0.5,0.82
0.625,0.6667,0.6452,0.8457
0.8125,0.8667,0.8387,0.9464
0.625,0.5556,0.5882,0.8839
0.4375,0.5385,0.4828,0.773
0.6875,0.6875,0.6875,0.8992
0.6667,0.7692,0.7143,0.89
0.6,0.75,0.6667,0.8733
RUSVoteBag
0.875,0.5833,0.7,0.92
0.5625,0.4737,0.5143,0.7937
0.8125,0.5417,0.65,0.8856
1.0,0.5769,0.7317,0.95
1.0,0.7895,0.8824,0.9667
0.75,0.6316,0.6857,0.9101
0.75,0.5455,0.6316,0.8667
0.9375,0.6818,0.7895,0.9337
0.9375,0.6818,0.7895,0.9024
0.875,0.6667,0.7568,0.9241
0.8125,0.6842,0.7429,0.9306
0.875,0.5385,0.6667,0.8725
0.875,0.6364,0.7368,0.9344
0.8125,0.5652,0.6667,0.868
0.6875,0.5789,0.6286,0.8048
0.8125,0.8125,0.8125,0.9343
0.9375,0.625,0.75,0.8992
0.6875,0.6471,0.6667,0.8527
1.0,0.625,0.7692,0.922
0.7333,0.5789,0.6471,0.8413
0.9375,0.5769,0.7143,0.9187
0.9375,0.7143,0.8108,0.9081
0.5,0.4,0.4444,0.7837
1.0,0.7143,0.8333,0.9867
0.7333,0.6111,0.6667,0.8953
0.8125,0.5,0.619,0.8227
0.8125,0.7222,0.7647,0.9094
0.875,0.6667,0.7568,0.9196
0.875,0.5833,0.7,0.9114
0.6875,0.7333,0.7097,0.9114
0.8125,0.619,0.7027,0.9113
0.875,0.5185,0.6512,0.8562
0.5625,0.5625,0.5625,0.8275
0.6667,0.4762,0.5556,0.8433
0.8667,0.619,0.7222,0.934
0.8125,0.7222,0.7647,0.9311
0.8125,0.619,0.7027,0.9279
0.9375,0.8333,0.8824,0.9796
0.75,0.5455,0.6316,0.8616
0.625,0.5882,0.6061,0.8335
0.8125,0.619,0.7027,0.8712
0.875,0.6364,0.7368,0.9319
0.75,0.6,0.6667,0.8831
0.8125,0.52,0.6341,0.8482
0.75,0.6,0.6667,0.8527
0.875,0.6087,0.7179,0.9203
0.75,0.8571,0.8,0.9222
0.9375,0.6,0.7317,0.9184
0.6667,0.5263,0.5882,0.84
0.8667,0.65,0.7429,0.9327
0.75,0.6,0.6667,0.8525
0.8125,0.5652,0.6667,0.8712
0.625,0.625,0.625,0.8331
0.75,0.6316,0.6857,0.9088
0.75,0.6667,0.7059,0.9126
0.75,0.6667,0.7059,0.8597
0.6875,0.6111,0.6471,0.8763
0.8125,0.65,0.7222,0.8827
0.8667,0.5909,0.7027,0.89
0.8,0.5217,0.6316,0.8833
0.8125,0.5909,0.6842,0.8769
0.8125,0.6842,0.7429,0.9106
0.8125,0.619,0.7027,0.9456
0.8125,0.7222,0.7647,0.9247
0.6875,0.5,0.5789,0.8603
0.8125,0.65,0.7222,0.9286
0.8125,0.65,0.7222,0.8463
0.6875,0.6111,0.6471,0.8501
0.8,0.5714,0.6667,0.8987
0.8667,0.619,0.7222,0.91
0.875,0.56,0.6829,0.9369
0.75,0.75,0.75,0.9394
0.625,0.4762,0.5405,0.8131
0.8,0.5217,0.6316,0.8833
0.6667,0.5263,0.5882,0.858
0.9375,0.5769,0.7143,0.9152
0.625,0.5263,0.5714,0.8578
0.6875,0.55,0.6111,0.8661
0.875,0.7,0.7778,0.9528
0.8125,0.5909,0.6842,0.9158
0.875,0.5833,0.7,0.9119
0.75,0.5,0.6,0.8306
0.8125,0.6842,0.7429,0.9369
0.875,0.56,0.6829,0.8776
0.625,0.5882,0.6061,0.8827
0.625,0.5556,0.5882,0.8533
1.0,0.6957,0.8205,0.9528
0.875,0.56,0.6829,0.8999
0.8,0.5455,0.6486,0.904
1.0,0.5769,0.7317,0.9067
0.875,0.6667,0.7568,0.8856
0.8125,0.5417,0.65,0.9119
0.8125,0.65,0.7222,0.8875
0.8,0.7059,0.75,0.9553
0.6,0.6429,0.6207,0.816
0.875,0.5385,0.6667,0.8654
0.875,0.875,0.875,0.9866
0.75,0.5455,0.6316,0.8833
0.75,0.6667,0.7059,0.9107
0.875,0.56,0.6829,0.8782
0.8125,0.5652,0.6667,0.8962
0.9375,0.5357,0.6818,0.8681
0.875,0.4516,0.5957,0.8531
0.9333,0.5,0.6512,0.9147
0.8667,0.6842,0.7647,0.93
0.625,0.6667,0.6452,0.8399
0.8125,0.5909,0.6842,0.9241
0.875,0.7778,0.8235,0.9413
0.6875,0.5789,0.6286,0.8017
0.875,0.6364,0.7368,0.9216
0.9375,0.7895,0.8571,0.9537
0.5625,0.5625,0.5625,0.7925
0.8125,0.4643,0.5909,0.8069
0.6667,0.5882,0.625,0.8187
1.0,0.625,0.7692,0.9233
0.75,0.8,0.7742,0.9177
0.9375,0.7143,0.8108,0.9031
0.9375,0.5357,0.6818,0.8922
0.8125,0.65,0.7222,0.9241
0.8125,0.619,0.7027,0.8686
0.625,0.5882,0.6061,0.8237
0.875,0.7,0.7778,0.9475
0.8125,0.619,0.7027,0.885
0.9375,0.625,0.75,0.963
0.75,0.6316,0.6857,0.9145
0.875,0.5385,0.6667,0.8903
0.75,0.6,0.6667,0.8814
0.9375,0.6818,0.7895,0.9298
0.8667,0.65,0.7429,0.92
0.8,0.6,0.6857,0.8427
0.8125,0.65,0.7222,0.9069
0.6875,0.5238,0.5946,0.8512
0.8125,0.52,0.6341,0.8306
0.8667,0.65,0.7429,0.942
1.0,0.5357,0.6977,0.94
0.75,0.5455,0.6316,0.8871
0.9375,0.5769,0.7143,0.9228
0.875,0.5833,0.7,0.8897
0.8125,0.6842,0.7429,0.9126
0.6875,0.7333,0.7097,0.9063
0.8125,0.5417,0.65,0.83
1.0,0.5926,0.7442,0.9344
0.6875,0.5789,0.6286,0.8431
0.9333,0.6667,0.7778,0.9487
0.7333,0.44,0.55,0.8093
0.9375,0.5769,0.7143,0.9349
0.625,0.6667,0.6452,0.8329
0.875,0.6087,0.7179,0.9126
0.75,0.5714,0.6486,0.889
0.75,0.6316,0.6857,0.919
0.875,0.6364,0.7368,0.9231
0.8125,0.8125,0.8125,0.9569
0.9375,0.6522,0.7692,0.9331
0.7333,0.4783,0.5789,0.8307
0.9333,0.6087,0.7368,0.8847
0.75,0.6316,0.6857,0.8839
0.9375,0.6818,0.7895,0.926
0.8125,0.65,0.7222,0.9158
0.75,0.6667,0.7059,0.8776
1.0,0.4571,0.6275,0.8941
0.8125,0.619,0.7027,0.93
0.8125,0.65,0.7222,0.9344
0.5625,0.5,0.5294,0.7969
0.9375,0.5556,0.6977,0.8941
0.8125,0.4643,0.5909,0.8807
0.6875,0.5,0.5789,0.8348
0.8125,0.6842,0.7429,0.8858
0.875,0.6364,0.7368,0.9503
0.9333,0.5833,0.7179,0.912
0.9333,0.5833,0.7179,0.9093
1.0,0.6154,0.7619,0.9156
0.8125,0.8125,0.8125,0.9456
0.75,0.4615,0.5714,0.8269
0.8,0.5455,0.6486,0.8593
0.7333,0.7333,0.7333,0.9193
0.875,0.6364,0.7368,0.9133
0.875,0.6364,0.7368,0.8654
0.875,0.5833,0.7,0.9279
0.875,0.6667,0.7568,0.8884
0.8125,0.7222,0.7647,0.9139
0.8125,0.7222,0.7647,0.9281
0.9375,0.6522,0.7692,0.9613
0.75,0.6667,0.7059,0.8862
0.5,0.5333,0.5161,0.7985
0.6875,0.6875,0.6875,0.8897
0.875,0.56,0.6829,0.949
0.75,0.5714,0.6486,0.8897
0.8125,0.619,0.7027,0.9005
0.8667,0.5417,0.6667,0.9287
0.8667,0.52,0.65,0.8907
0.6875,0.6471,0.6667,0.875
0.8125,0.5652,0.6667,0.8712
0.9375,0.5172,0.6667,0.8756
0.75,0.6316,0.6857,0.889
0.75,0.6316,0.6857,0.8629
0.875,0.7,0.7778,0.9082
0.75,0.48,0.5854,0.8552
0.6875,0.55,0.6111,0.7997
0.9333,0.7368,0.8235,0.924
0.6,0.5294,0.5625,0.8547
0.75,0.5455,0.6316,0.8581
1.0,0.6667,0.8,0.94
0.8125,0.5909,0.6842,0.9125
0.8,0.5455,0.6486,0.864
0.7333,0.6875,0.7097,0.894
0.75,0.6,0.6667,0.8807
0.875,0.7,0.7778,0.9369
0.8125,0.5909,0.6842,0.8622
0.5625,0.5,0.5294,0.8329
0.875,0.6667,0.7568,0.9267
0.8125,0.619,0.7027,0.9038
0.8125,0.5909,0.6842,0.8456
0.8125,0.8125,0.8125,0.9394
0.9333,0.5833,0.7179,0.9567
0.8,0.5714,0.6667,0.8613
0.8125,0.5417,0.65,0.8482
0.8125,0.5909,0.6842,0.8795
0.8125,0.5417,0.65,0.8814
0.875,0.7778,0.8235,0.942
0.625,0.6667,0.6452,0.8348
0.875,0.7368,0.8,0.9437
0.75,0.7059,0.7273,0.9087
0.8125,0.5909,0.6842,0.9063
0.8,0.6,0.6857,0.882
1.0,0.5769,0.7317,0.9307
0.625,0.6667,0.6452,0.8438
0.75,0.5714,0.6486,0.8208
0.875,0.7,0.7778,0.9305
0.75,0.5217,0.6154,0.8119
0.8125,0.4483,0.5778,0.8578
0.875,0.6667,0.7568,0.9537
0.6875,0.7333,0.7097,0.8881
0.8125,0.5417,0.65,0.8806
0.8667,0.5652,0.6842,0.9007
0.7333,0.5238,0.6111,0.88
0.8125,0.8125,0.8125,0.9566
0.6875,0.5789,0.6286,0.8635
0.5,0.7273,0.5926,0.8214
0.875,0.6087,0.7179,0.8865
0.75,0.6316,0.6857,0.8782
0.8125,0.5417,0.65,0.8394
0.6875,0.6875,0.6875,0.8719
0.875,0.5185,0.6512,0.8931
0.8,0.5455,0.6486,0.9267
0.6667,0.625,0.6452,0.806
0.75,0.5455,0.6316,0.9126
0.6875,0.5238,0.5946,0.8393
0.9375,0.6522,0.7692,0.9407
0.9375,0.5769,0.7143,0.933
1.0,0.6957,0.8205,0.9235
0.8125,0.65,0.7222,0.9181
0.875,0.6667,0.7568,0.9513
0.75,0.48,0.5854,0.8819
0.8,0.5,0.6154,0.8633
1.0,0.7143,0.8333,0.952
0.75,0.6667,0.7059,0.8922
0.6875,0.7333,0.7097,0.9082
0.75,0.5217,0.6154,0.8119
0.625,0.5882,0.6061,0.8214
0.75,0.5,0.6,0.8878
0.875,0.5833,0.7,0.9425
0.625,0.5263,0.5714,0.7831
1.0,0.6154,0.7619,0.9688
0.9333,0.6364,0.7568,0.9267
0.5333,0.7273,0.6154,0.9207
0.8125,0.6842,0.7429,0.8673
0.5625,0.6,0.5806,0.8444
0.6875,0.5238,0.5946,0.8673
0.75,0.6,0.6667,0.8807
0.9375,0.6522,0.7692,0.9101
0.8125,0.619,0.7027,0.8725
0.8125,0.619,0.7027,0.9425
0.6875,0.5,0.5789,0.8375
0.9375,0.6522,0.7692,0.9318
0.625,0.5263,0.5714,0.8355
0.875,0.7,0.7778,0.9337
0.625,0.7692,0.6897,0.7557
0.875,0.5385,0.6667,0.8878
0.8667,0.5652,0.6842,0.902
1.0,0.5556,0.7143,0.92
0.75,0.7059,0.7273,0.8662
0.75,0.6,0.6667,0.9094
0.8125,0.65,0.7222,0.8988
0.9333,0.5385,0.6829,0.9127
0.6667,0.5263,0.5882,0.8567
0.8125,0.65,0.7222,0.8884
0.5,0.5,0.5,0.8017
1.0,0.6957,0.8205,0.9726
0.8125,0.5652,0.6667,0.8642
0.875,0.5833,0.7,0.889
0.75,0.6,0.6667,0.8769
0.875,0.6364,0.7368,0.9006
0.5,0.5333,0.5161,0.815
0.9333,0.7368,0.8235,0.9847
0.8,0.4286,0.5581,0.7773
0.875,0.6364,0.7368,0.905
0.75,0.5455,0.6316,0.831
0.875,0.6667,0.7568,0.9286
0.8125,0.619,0.7027,0.8756
0.9375,0.7143,0.8108,0.9585
1.0,0.6154,0.7619,0.9663
0.8125,0.619,0.7027,0.9331
0.75,0.5714,0.6486,0.9156
0.8125,0.6842,0.7429,0.9247
1.0,0.6154,0.7619,0.9401
0.6875,0.5789,0.6286,0.831
0.6875,0.44,0.5366,0.8316
0.75,0.48,0.5854,0.8839
0.8,0.6667,0.7273,0.9053
0.8,0.75,0.7742,0.9367
1.0,0.6667,0.8,0.9725
0.8125,0.65,0.7222,0.8675
0.875,0.6667,0.7568,0.9025
0.7333,0.9167,0.8148,0.9707
0.8667,0.52,0.65,0.87
0.875,0.6667,0.7568,0.9292
0.8125,0.5,0.619,0.8776
0.875,0.5385,0.6667,0.8929
0.75,0.6316,0.6857,0.9031
0.8125,0.6842,0.7429,0.8827
0.875,0.6364,0.7368,0.9325
0.6875,0.5238,0.5946,0.8163
0.9375,0.7143,0.8108,0.9606
0.7333,0.5789,0.6471,0.8747
0.8667,0.65,0.7429,0.946
0.625,0.5,0.5556,0.7538
0.75,0.5455,0.6316,0.9018
0.75,0.5217,0.6154,0.8214
0.9375,0.6,0.7317,0.9005
0.6875,0.6471,0.6667,0.8654
1.0,0.8,0.8889,0.9788
0.9375,0.625,0.75,0.9369
0.75,0.5455,0.6316,0.8644
0.8125,0.619,0.7027,0.9381
0.8125,0.5652,0.6667,0.852
0.5625,0.5,0.5294,0.861
0.8125,0.5909,0.6842,0.8795
0.75,0.6316,0.6857,0.8852
0.7333,0.55,0.6286,0.8653
0.6,0.5294,0.5625,0.8727
0.625,0.5882,0.6061,0.8281
0.9375,0.7143,0.8108,0.9431
0.875,0.6667,0.7568,0.935
0.9375,0.7143,0.8108,0.9636
0.8125,0.619,0.7027,0.9228
0.8125,0.4815,0.6047,0.8202
0.8125,0.5652,0.6667,0.8795
0.8125,0.52,0.6341,0.8776
0.8,0.6,0.6857,0.9467
0.5333,0.4444,0.4848,0.7907
0.625,0.5556,0.5882,0.8275
1.0,0.7273,0.8421,0.9581
0.875,0.6667,0.7568,0.9456
0.8,0.6,0.6857,0.8493
0.9333,0.6087,0.7368,0.9147
0.6875,0.4783,0.5641,0.7698
0.75,0.75,0.75,0.8807
0.8125,0.6842,0.7429,0.8941
0.875,0.6667,0.7568,0.9203
1.0,0.6154,0.7619,0.9522
0.9375,0.6,0.7317,0.925
0.5625,0.6429,0.6,0.79
0.9375,0.75,0.8333,0.9744
0.9375,0.6522,0.7692,0.9286
0.6875,0.8462,0.7586,0.8693
0.875,0.6364,0.7368,0.9088
0.6875,0.6111,0.6471,0.8858
0.8125,0.5652,0.6667,0.8693
0.8,0.5714,0.6667,0.89
0.6667,0.7143,0.6897,0.894
0.5625,0.4737,0.5143,0.8281
0.6875,0.6875,0.6875,0.91
0.875,0.6667,0.7568,0.9063
0.8667,0.5909,0.7027,0.9413
0.9333,0.6087,0.7368,0.9167
0.8125,0.5,0.619,0.8482
0.8125,0.7222,0.7647,0.9509
0.6875,0.55,0.6111,0.8693
0.9375,0.5769,0.7143,0.8948
0.75,0.5714,0.6486,0.8667
0.8125,0.5652,0.6667,0.8912
0.75,0.6667,0.7059,0.8481
1.0,0.5926,0.7442,0.9437
0.7333,0.6471,0.6875,0.9033
0.8667,0.5909,0.7027,0.9367
0.875,0.6667,0.7568,0.9349
0.75,0.5714,0.6486,0.8769
0.4375,0.4118,0.4242,0.7047
0.9375,0.625,0.75,0.9043
0.8125,0.65,0.7222,0.9063
0.9375,0.6818,0.7895,0.9169
0.5625,0.5294,0.5455,0.8144
0.75,0.6667,0.7059,0.8769
0.9333,0.56,0.7,0.9207
0.8667,0.5652,0.6842,0.8927
1.0,0.64,0.7805,0.9267
0.8125,0.619,0.7027,0.8846
0.6875,0.7333,0.7097,0.8788
0.875,0.6364,0.7368,0.8903
0.8125,0.5909,0.6842,0.9069
0.8125,0.5909,0.6842,0.8881
1.0,0.8,0.8889,0.9769
0.875,0.5,0.6364,0.8594
0.8125,0.5652,0.6667,0.9063
0.75,0.5714,0.6486,0.794
0.8125,0.8125,0.8125,0.9636
0.6875,0.6111,0.6471,0.8673
0.6875,0.5,0.5789,0.7838
0.8,0.6316,0.7059,0.874
1.0,0.5769,0.7317,0.9287
0.8125,0.619,0.7027,0.8981
0.6875,0.7333,0.7097,0.8625
0.875,0.5385,0.6667,0.91
0.8667,0.619,0.7222,0.9473
0.6,0.6923,0.6429,0.8167
0.9375,0.6522,0.7692,0.9592
0.9375,0.5556,0.6977,0.9011
0.625,0.5556,0.5882,0.8629
0.875,0.6364,0.7368,0.9165
0.5625,0.4091,0.4737,0.7838
0.8125,0.5417,0.65,0.8594
0.8125,0.6842,0.7429,0.9137
0.9375,0.7895,0.8571,0.98
0.9333,0.6667,0.7778,0.948
0.6,0.5,0.5455,0.808
0.8125,0.5417,0.65,0.8935
1.0,0.5,0.6667,0.9369
0.625,0.5556,0.5882,0.8323
0.6875,0.7333,0.7097,0.8986
0.75,0.6,0.6667,0.8591
0.875,0.7778,0.8235,0.9806
0.8125,0.5652,0.6667,0.855
0.6875,0.5238,0.5946,0.7769
0.8,0.5714,0.6667,0.884
0.7333,0.5789,0.6471,0.83
0.875,0.6364,0.7368,0.9139
0.875,0.7,0.7778,0.9471
1.0,0.5714,0.7273,0.8922
0.625,0.5882,0.6061,0.8476
0.8125,0.65,0.7222,0.9024
0.8125,0.8667,0.8387,0.8831
0.9375,0.625,0.75,0.9337
0.75,0.7059,0.7273,0.8419
0.875,0.7,0.7778,0.9445
0.75,0.5217,0.6154,0.854
0.6875,0.55,0.6111,0.861
0.8125,0.7222,0.7647,0.896
0.8125,0.5,0.619,0.8189
0.8,0.5714,0.6667,0.9033
0.7333,0.55,0.6286,0.8487
0.75,0.5714,0.6486,0.8594
0.9375,0.5172,0.6667,0.9163
0.75,0.5,0.6,0.8688
0.8667,0.6842,0.7647,0.9147
0.6667,0.7143,0.6897,0.88
0.6875,0.4783,0.5641,0.8023
0.75,0.6,0.6667,0.912
0.75,0.6,0.6667,0.8967
0.75,0.7059,0.7273,0.9318
0.875,0.7368,0.8,0.9337
0.8125,0.7222,0.7647,0.9225
0.75,0.5217,0.6154,0.8425
0.8125,0.4815,0.6047,0.8056
0.8667,0.65,0.7429,0.9207
0.6,0.5,0.5455,0.8647
0.875,0.6087,0.7179,0.9458
0.5625,0.6923,0.6207,0.8801
0.875,0.6667,0.7568,0.9592
0.9375,0.5769,0.7143,0.9305
0.875,0.56,0.6829,0.8673
0.875,0.7368,0.8,0.9319
0.8125,0.4643,0.5909,0.7887
0.875,0.7,0.7778,0.9256
0.8667,0.5909,0.7027,0.9193
0.7333,0.6875,0.7097,0.928
0.875,0.7368,0.8,0.9432
0.6875,0.6875,0.6875,0.9337
0.75,0.5455,0.6316,0.8253
0.8125,0.5417,0.65,0.8801
0.8125,0.5417,0.65,0.8527
0.75,0.75,0.75,0.9363
0.875,0.56,0.6829,0.8556
0.6875,0.5789,0.6286,0.8812
0.6875,0.6111,0.6471,0.8329
0.875,0.5385,0.6667,0.9318
0.8125,0.8125,0.8125,0.9617
0.9375,0.8333,0.8824,0.9732
0.875,0.5385,0.6667,0.9139
0.9333,0.6364,0.7568,0.966
0.6667,0.5556,0.6061,0.8387
0.8125,0.7647,0.7879,0.8931
0.75,0.6,0.6667,0.9025
0.875,0.5833,0.7,0.8925
1.0,0.625,0.7692,0.926
0.6667,0.5882,0.625,0.8993
0.8125,0.65,0.7222,0.8999
0.5625,0.5,0.5294,0.8061
0.6875,0.6111,0.6471,0.831
0.8125,0.619,0.7027,0.9362
0.875,0.8235,0.8485,0.9522
1.0,0.6957,0.8205,0.9719
1.0,0.5714,0.7273,0.9225
0.75,0.6316,0.6857,0.8844
0.75,0.6316,0.6857,0.8916
0.5,0.5333,0.5161,0.7895
0.875,0.6667,0.7568,0.9222
0.8125,0.7222,0.7647,0.9662
0.875,0.6364,0.7368,0.9611
0.6,0.5625,0.5806,0.8213
0.6667,0.5,0.5714,0.7987
0.9375,0.625,0.75,0.9425
0.8125,0.5417,0.65,0.8756
0.6875,0.55,0.6111,0.855
0.8,0.6316,0.7059,0.9433
0.7333,0.5789,0.6471,0.8473
0.9375,0.6522,0.7692,0.9343
0.8125,0.5909,0.6842,0.896
0.9375,0.6818,0.7895,0.9298
0.8125,0.65,0.7222,0.8788
0.8125,0.5909,0.6842,0.8992
0.6875,0.5789,0.6286,0.9019
0.75,0.5455,0.6316,0.8588
1.0,0.6667,0.8,0.9625
0.875,0.6364,0.7368,0.9401
0.75,0.6316,0.6857,0.8559
0.75,0.5455,0.6316,0.8546
0.8125,0.6842,0.7429,0.9369
0.8125,0.5417,0.65,0.8973
0.9333,0.6087,0.7368,0.8853
0.8667,0.5909,0.7027,0.932
0.8125,0.5,0.619,0.8731
0.625,0.5263,0.5714,0.8413
0.625,0.5,0.5556,0.8444
0.8667,0.5652,0.6842,0.8887
0.8,0.5714,0.6667,0.9007
0.75,0.6316,0.6857,0.8769
0.75,0.5714,0.6486,0.9158
0.75,0.7059,0.7273,0.882
0.875,0.7368,0.8,0.9522
0.8125,0.7647,0.7879,0.9445
0.6875,0.7857,0.7333,0.9463
0.8125,0.619,0.7027,0.9256
0.8125,0.7222,0.7647,0.9094
0.6667,0.5556,0.6061,0.868
0.7333,0.5789,0.6471,0.858
0.875,0.5385,0.6667,0.8763
0.6875,0.7857,0.7333,0.889
0.875,0.56,0.6829,0.9018
0.8125,0.5652,0.6667,0.9031
0.75,0.6,0.6667,0.8737
0.75,0.7059,0.7273,0.8612
0.75,0.48,0.5854,0.8838
0.6875,0.6471,0.6667,0.94
0.8,0.5,0.6154,0.888
0.8667,0.619,0.7222,0.8653
0.875,0.5833,0.7,0.9311
0.6875,0.6111,0.6471,0.8788
0.625,0.4545,0.5263,0.7666
0.9375,0.5769,0.7143,0.9471
0.8125,0.619,0.7027,0.8673
0.875,0.6087,0.7179,0.8531
0.6875,0.55,0.6111,0.8444
0.6875,0.5,0.5789,0.8588
0.75,0.5714,0.6486,0.7864
0.9375,0.8333,0.8824,0.9605
0.9375,0.5172,0.6667,0.9101
0.875,0.7368,0.8,0.9503
0.75,0.5,0.6,0.8501
0.5333,0.8,0.64,0.87
0.8667,0.5909,0.7027,0.9173
0.75,0.5217,0.6154,0.9025
0.8125,0.5417,0.65,0.8638
0.875,0.5833,0.7,0.8844
0.75,0.6316,0.6857,0.9343
0.75,0.75,0.75,0.905
0.625,0.7143,0.6667,0.8846
0.8125,0.5652,0.6667,0.8941
0.6875,0.44,0.5366,0.8323
0.9333,0.7778,0.8485,0.934
0.8,0.7059,0.75,0.9493
0.6875,0.5789,0.6286,0.8681
0.875,0.6364,0.7368,0.9363
0.875,0.56,0.6829,0.8994
0.8,0.6316,0.7059,0.908
0.7333,0.6111,0.6667,0.9113
0.8125,0.65,0.7222,0.9203
0.75,0.7059,0.7273,0.9056
0.875,0.6087,0.7179,0.875
0.875,0.5833,0.7,0.8941
0.75,0.6316,0.6857,0.9126
0.8125,0.65,0.7222,0.9325
0.8125,0.5,0.619,0.8544
0.9375,0.625,0.75,0.9469
0.8,0.6667,0.7273,0.9167
0.5333,0.5,0.5161,0.8073
0.8125,0.5909,0.6842,0.9114
0.875,0.7,0.7778,0.9279
0.875,0.5,0.6364,0.8744
0.8125,0.5652,0.6667,0.8546
0.8125,0.7222,0.7647,0.9496
0.8125,0.5909,0.6842,0.9269
0.9375,0.7143,0.8108,0.9494
0.75,0.5714,0.6486,0.8944
0.8125,0.5,0.619,0.8584
0.6875,0.7333,0.7097,0.9101
0.8125,0.7222,0.7647,0.9707
0.6875,0.5,0.5789,0.7959
0.6875,0.6111,0.6471,0.8227
0.9333,0.5385,0.6829,0.9153
0.7333,0.6111,0.6667,0.9007
0.8125,0.65,0.7222,0.8788
0.6875,0.55,0.6111,0.8612
1.0,0.6154,0.7619,0.9125
0.8125,0.5909,0.6842,0.882
0.5,0.5333,0.5161,0.8189
0.875,0.6087,0.7179,0.8839
0.75,0.5455,0.6316,0.8514
0.8125,0.5909,0.6842,0.9241
1.0,0.6,0.75,0.9453
0.8667,0.7222,0.7879,0.9533
0.875,0.5385,0.6667,0.9125
0.8125,0.8125,0.8125,0.9256
0.9375,0.6818,0.7895,0.9356
0.75,0.6316,0.6857,0.9273
0.875,0.5833,0.7,0.9247
0.8125,0.4815,0.6047,0.8878
0.875,0.5833,0.7,0.9165
0.6875,0.6111,0.6471,0.8348
0.8,0.7059,0.75,0.932
0.6667,0.5556,0.6061,0.8307
1.0,0.6957,0.8205,0.9463
0.75,0.6667,0.7059,0.8975
0.9375,0.5357,0.6818,0.9094
0.8667,0.5652,0.6842,0.912
0.8,0.6,0.6857,0.8973
0.625,0.5263,0.5714,0.8068
0.75,0.6316,0.6857,0.8935
0.8125,0.65,0.7222,0.9267
0.875,0.5185,0.6512,0.8763
0.8125,0.6842,0.7429,0.8386
0.875,0.6364,0.7368,0.94
0.8125,0.52,0.6341,0.8744
0.5625,0.5625,0.5625,0.8525
0.8,0.75,0.7742,0.9587
0.8667,0.5652,0.6842,0.9127
0.75,0.6,0.6667,0.8603
0.75,0.5455,0.6316,0.8291
1.0,0.6667,0.8,0.9509
0.875,0.6364,0.7368,0.9196
0.8125,0.65,0.7222,0.9056
0.4375,0.4375,0.4375,0.8113
0.8125,0.6842,0.7429,0.9113
0.9375,0.5357,0.6818,0.9144
0.875,0.6364,0.7368,0.9375
0.8125,0.6842,0.7429,0.8622
0.75,0.6667,0.7059,0.8661
0.875,0.56,0.6829,0.9075
0.75,0.6667,0.7059,0.926
0.8,0.8,0.8,0.96
1.0,0.6818,0.8108,0.9673
0.8125,0.65,0.7222,0.9131
0.875,0.6087,0.7179,0.93
0.75,0.7059,0.7273,0.9163
0.875,0.5185,0.6512,0.9209
0.625,0.6667,0.6452,0.8552
0.9375,0.7143,0.8108,0.898
0.9375,0.6818,0.7895,0.9471
0.875,0.5833,0.7,0.8648
0.8,0.7059,0.75,0.9427
0.8667,0.5652,0.6842,0.9207
1.0,0.6154,0.7619,0.96
0.875,0.6087,0.7179,0.9381
0.8125,0.5909,0.6842,0.885
0.6667,0.5556,0.6061,0.8533
0.7333,0.5789,0.6471,0.916
0.6875,0.6875,0.6875,0.845
0.8125,0.5417,0.65,0.8469
0.6875,0.6471,0.6667,0.9056
0.75,0.48,0.5854,0.8552
0.75,0.6,0.6667,0.8929
0.75,0.5714,0.6486,0.8906
0.8125,0.4815,0.6047,0.8413
0.875,0.7778,0.8235,0.9844
0.9333,0.5385,0.6829,0.942
0.7333,0.7333,0.7333,0.922
0.5625,0.5625,0.5625,0.7653
0.5625,0.375,0.45,0.7545
0.875,0.5833,0.7,0.8948
0.8125,0.6842,0.7429,0.8916
0.9375,0.6818,0.7895,0.9515
1.0,0.5714,0.7273,0.9163
0.875,0.56,0.6829,0.8406
0.75,0.7059,0.7273,0.8575
0.8,0.6316,0.7059,0.9173
0.7333,0.55,0.6286,0.8793
0.75,0.75,0.75,0.8992
0.9375,0.6,0.7317,0.8941
0.6875,0.6875,0.6875,0.9107
0.6875,0.7333,0.7097,0.8756
0.625,0.5882,0.6061,0.7908
0.5625,0.6429,0.6,0.8625
0.8125,0.6842,0.7429,0.9087
0.6875,0.6111,0.6471,0.9019
0.9333,0.5833,0.7179,0.9
0.8,0.8,0.8,0.918
0.875,0.5385,0.6667,0.912
0.8125,0.6842,0.7429,0.9037
0.5625,0.4286,0.4865,0.7634
0.75,0.6667,0.7059,0.9228
0.9375,0.5769,0.7143,0.9324
0.9375,0.7143,0.8108,0.9406
0.875,0.56,0.6829,0.8506
0.5625,0.6,0.5806,0.8656
0.6667,0.7692,0.7143,0.8693
0.6667,0.625,0.6452,0.8107
1.0,0.6154,0.7619,0.9592
0.875,0.6667,0.7568,0.9203
0.625,0.625,0.625,0.8463
0.8125,0.619,0.7027,0.9216
0.75,0.6,0.6667,0.8546
0.9375,0.6,0.7317,0.9381
0.8125,0.7222,0.7647,0.9475
0.875,0.6364,0.7368,0.9075
0.8,0.5217,0.6316,0.8887
0.8,0.6316,0.7059,0.92
0.9375,0.5769,0.7143,0.9643
0.75,0.7059,0.7273,0.905
0.875,0.6364,0.7368,0.8718
0.875,0.6087,0.7179,0.8846
0.6875,0.5,0.5789,0.8119
0.875,0.7778,0.8235,0.9375
1.0,0.6154,0.7619,0.9444
0.8125,0.52,0.6341,0.8769
0.75,0.5217,0.6154,0.8699
0.8125,0.65,0.7222,0.9292
0.875,0.7368,0.8,0.9681
0.625,0.4167,0.5,0.8119
0.6875,0.4583,0.55,0.8246
0.6667,0.7143,0.6897,0.8407
0.7333,0.5789,0.6471,0.8893
0.75,0.6316,0.6857,0.8831
0.75,0.6667,0.7059,0.9031
0.8125,0.5909,0.6842,0.845
0.8,0.6667,0.7273,0.9093
0.8,0.6667,0.7273,0.8593
0.8125,0.619,0.7027,0.9152
0.8125,0.4643,0.5909,0.8546
0.9375,0.8333,0.8824,0.9764
0.8125,0.5909,0.6842,0.9005
0.8125,0.7647,0.7879,0.9496
0.75,0.6316,0.6857,0.9231
0.625,0.4545,0.5263,0.8369
0.6875,0.6471,0.6667,0.895
0.9333,0.6087,0.7368,0.932
0.7333,0.5238,0.6111,0.8507
0.875,0.56,0.6829,0.8992
0.875,0.6087,0.7179,0.942
0.75,0.6316,0.6857,0.882
0.8125,0.4194,0.5532,0.8208
0.9375,0.75,0.8333,0.9624
0.6875,0.5789,0.6286,0.8612
0.875,0.6364,0.7368,0.9237
0.875,0.7,0.7778,0.9375
0.8125,0.52,0.6341,0.8712
0.75,0.6667,0.7059,0.9298
0.8125,0.8125,0.8125,0.9592
0.75,0.6,0.6667,0.8412
0.75,0.7059,0.7273,0.9152
0.8667,0.4815,0.619,0.878
0.9333,0.5185,0.6667,0.8867
0.9375,0.7143,0.8108,0.9769
0.875,0.5385,0.6667,0.8844
0.9375,0.5556,0.6977,0.8731
0.8667,0.619,0.7222,0.8673
0.6,0.6,0.6,0.888
0.6875,0.55,0.6111,0.8119
0.875,0.56,0.6829,0.8941
0.5,0.7273,0.5926,0.8648
0.9375,0.6522,0.7692,0.9605
0.625,0.625,0.625,0.9031
0.6875,0.5789,0.6286,0.8931
0.9375,0.625,0.75,0.9325
0.75,0.75,0.75,0.9156
0.5625,0.6,0.5806,0.8253
0.9375,0.6,0.7317,0.933
0.875,0.5185,0.6512,0.8584
0.875,0.6087,0.7179,0.9114
0.6875,0.4583,0.55,0.7934
0.8667,0.619,0.7222,0.9373
0.9333,0.5833,0.7179,0.8993
0.875,0.7,0.7778,0.9425
0.9375,0.6818,0.7895,0.9144
0.9375,0.7143,0.8108,0.9694
0.7333,0.5789,0.6471,0.8647
0.6,0.4286,0.5,0.8453
0.6875,0.6111,0.6471,0.8852
0.8125,0.5909,0.6842,0.9101
0.875,0.7,0.7778,0.8871
0.5625,0.5294,0.5455,0.7819
0.8125,0.619,0.7027,0.9075
0.8125,0.65,0.7222,0.8825
0.9375,0.5556,0.6977,0.925
0.875,0.56,0.6829,0.8719
0.8667,0.619,0.7222,0.9267
0.9333,0.56,0.7,0.914
0.75,0.8571,0.8,0.9471
0.5625,0.5294,0.5455,0.8189
0.6875,0.7333,0.7097,0.9375
0.8125,0.5909,0.6842,0.8673
0.6875,0.4583,0.55,0.7787
0.875,0.5385,0.6667,0.9125
0.6875,0.5789,0.6286,0.9244
0.75,0.6316,0.6857,0.86
0.8125,0.5909,0.6842,0.8827
0.75,0.6,0.6667,0.8699
0.9375,0.6818,0.7895,0.9439
0.9375,0.75,0.8333,0.9611
0.75,0.6,0.6667,0.8871
0.8667,0.65,0.7429,0.954
0.8,0.6,0.6857,0.8753
0.8125,0.5909,0.6842,0.8581
0.6875,0.5238,0.5946,0.8187
0.6875,0.6875,0.6875,0.8469
0.9333,0.6667,0.7778,0.9327
0.9333,0.6364,0.7568,0.922
0.75,0.6,0.6667,0.875
0.9375,0.625,0.75,0.9413
0.875,0.5833,0.7,0.8992
0.6875,0.6111,0.6471,0.8922
1.0,0.5517,0.7111,0.9445
0.6875,0.6875,0.6875,0.8569
0.875,0.5385,0.6667,0.9244
0.75,0.6316,0.6857,0.8438
1.0,0.6522,0.7895,0.9733
0.8667,0.52,0.65,0.9147
0.625,0.625,0.625,0.8603
0.8125,0.5417,0.65,0.8973
0.875,0.6364,0.7368,0.8833
0.75,0.5217,0.6154,0.8272
0.9375,0.625,0.75,0.9107
0.875,0.56,0.6829,0.9131
0.875,0.5385,0.6667,0.8638
0.6875,0.5789,0.6286,0.8662
0.8667,0.5652,0.6842,0.8767
0.9333,0.7,0.8,0.958
0.8125,0.65,0.7222,0.8954
0.8125,0.6842,0.7429,0.9439
0.8125,0.4815,0.6047,0.8329
0.75,0.6,0.6667,0.9139
0.9375,0.5357,0.6818,0.905
0.875,0.7,0.7778,0.9306
0.875,0.7778,0.8235,0.9556
0.625,0.7143,0.6667,0.8944
0.6667,0.4762,0.5556,0.746
0.7333,0.55,0.6286,0.9033
0.875,0.56,0.6829,0.9018
0.9375,0.75,0.8333,0.9196
0.875,0.7,0.7778,0.9515
0.9375,0.5357,0.6818,0.8992
0.5625,0.5,0.5294,0.8214
0.8125,0.52,0.6341,0.8906
0.8125,0.619,0.7027,0.8719
0.75,0.5455,0.6316,0.8313
0.7333,0.5789,0.6471,0.8847
0.7333,0.5789,0.6471,0.902
0.75,0.8571,0.8,0.9305
0.875,0.6667,0.7568,0.8954
0.5625,0.75,0.6429,0.912
0.75,0.5714,0.6486,0.8527
0.9375,0.5769,0.7143,0.8954
0.9375,0.6522,0.7692,0.9281
0.75,0.6,0.6667,0.8975
1.0,0.7273,0.8421,0.9487
0.8667,0.619,0.7222,0.9113
0.7333,0.55,0.6286,0.8193
0.6875,0.6111,0.6471,0.8686
0.875,0.7368,0.8,0.9267
0.875,0.6667,0.7568,0.9643
0.75,0.5714,0.6486,0.8718
0.75,0.5714,0.6486,0.8712
0.9375,0.75,0.8333,0.9319
0.8125,0.5652,0.6667,0.8919
0.75,0.6316,0.6857,0.8981
0.6667,0.625,0.6452,0.818
1.0,0.6522,0.7895,0.9607
1.0,0.5926,0.7442,0.933
0.8125,0.52,0.6341,0.8501
0.625,0.5556,0.5882,0.8335
0.8125,0.5652,0.6667,0.8769
0.8125,0.7222,0.7647,0.8973
0.75,0.6316,0.6857,0.8781
0.875,0.5833,0.7,0.905
0.8125,0.8667,0.8387,0.9206
0.9333,0.6087,0.7368,0.9227
0.8,0.5714,0.6667,0.8673
0.625,0.5263,0.5714,0.8182
0.75,0.7059,0.7273,0.8865
0.875,0.5,0.6364,0.8865
0.75,0.5217,0.6154,0.9018
0.8125,0.6842,0.7429,0.9381
0.75,0.6316,0.6857,0.8875
0.8125,0.65,0.7222,0.84
0.625,0.625,0.625,0.9131
0.7333,0.5789,0.6471,0.87
1.0,0.5556,0.7143,0.9007
0.625,0.5263,0.5714,0.8004
0.875,0.56,0.6829,0.8909
0.8125,0.65,0.7222,0.9401
0.75,0.7059,0.7273,0.926
0.8125,0.5417,0.65,0.8967
0.8125,0.5652,0.6667,0.9175
1.0,0.6957,0.8205,0.9738
0.5625,0.5,0.5294,0.7963
0.6667,0.5263,0.5882,0.896
0.7333,0.6111,0.6667,0.8673
0.875,0.4667,0.6087,0.8871
0.6875,0.6111,0.6471,0.8565
0.875,0.6364,0.7368,0.919
0.9375,0.6522,0.7692,0.9324
0.8125,0.7222,0.7647,0.9318
0.8125,0.52,0.6341,0.8556
0.6875,0.5238,0.5946,0.8769
0.75,0.6667,0.7059,0.9131
0.8,0.5455,0.6486,0.9233
0.9333,0.5833,0.7179,0.9393
0.8125,0.65,0.7222,0.9165
0.6875,0.6875,0.6875,0.8112
0.8125,0.619,0.7027,0.8986
0.875,0.7778,0.8235,0.9184
1.0,0.64,0.7805,0.9292
0.75,0.5217,0.6154,0.8644
0.75,0.6,0.6667,0.8856
0.8125,0.5417,0.65,0.9056
0.8,0.4615,0.5854,0.806
0.9333,0.6667,0.7778,0.9733
0.875,0.7368,0.8,0.9471
0.8125,0.5909,0.6842,0.8501
0.8125,0.5652,0.6667,0.8858
0.8125,0.6842,0.7429,0.9133
0.875,0.6087,0.7179,0.9381
0.8125,0.4815,0.6047,0.8644
0.8125,0.5909,0.6842,0.9025
0.6875,0.5,0.5789,0.8831
0.8,0.5455,0.6486,0.914
0.7333,0.6875,0.7097,0.94
0.6875,0.5789,0.6286,0.8712
0.875,0.6087,0.7179,0.8967
0.8125,0.6842,0.7429,0.8782
0.75,0.6,0.6667,0.8782
0.75,0.6,0.6667,0.8374
0.625,0.5,0.5556,0.775
0.75,0.6316,0.6857,0.9356
0.875,0.6667,0.7568,0.93
0.8,0.6667,0.7273,0.8787
0.9333,0.5185,0.6667,0.9047
0.9375,0.6522,0.7692,0.9445
0.8125,0.5417,0.65,0.9139
0.8125,0.7222,0.7647,0.8992
0.875,0.5185,0.6512,0.8744
0.875,0.5385,0.6667,0.9018
0.5625,0.6,0.5806,0.795
0.875,0.5385,0.6667,0.9219
0.8125,0.7647,0.7879,0.9313
0.7333,0.5789,0.6471,0.8633
0.8,0.5,0.6154,0.8327
1.0,0.6154,0.7619,0.9388
0.8125,0.5909,0.6842,0.9165
0.8125,0.5909,0.6842,0.9298
0.8125,0.65,0.7222,0.8999
0.6875,0.6111,0.6471,0.8705
0.8125,0.5652,0.6667,0.8919
0.75,0.48,0.5854,0.8506
0.875,0.7,0.7778,0.9437
0.8,0.6667,0.7273,0.8993
0.8667,0.4643,0.6047,0.894
0.875,0.7368,0.8,0.9388
0.75,0.6,0.6667,0.8795
0.8125,0.619,0.7027,0.9337
0.6875,0.6111,0.6471,0.8616
0.625,0.625,0.625,0.854
0.75,0.5455,0.6316,0.855
0.9375,0.6818,0.7895,0.9387
0.9375,0.6522,0.7692,0.91
0.875,0.56,0.6829,0.9088
0.875,0.6087,0.7179,0.9439
0.8125,0.5417,0.65,0.8546
0.6875,0.5789,0.6286,0.8673
0.9375,0.625,0.75,0.9228
0.7333,0.7857,0.7586,0.896
0.7333,0.6111,0.6667,0.924
0.875,0.5833,0.7,0.9031
0.75,0.4615,0.5714,0.8625
0.6875,0.55,0.6111,0.8444
0.8125,0.5909,0.6842,0.9005
0.8125,0.65,0.7222,0.9279
0.8125,0.65,0.7222,0.9165
0.75,0.6316,0.6857,0.8297
0.6875,0.55,0.6111,0.8291
0.8667,0.619,0.7222,0.9287
0.6667,0.7143,0.6897,0.8633
