RUSBag
0.8571,0.4865,0.6207,0.863
0.5714,0.48,0.5217,0.741
0.85,0.6296,0.7234,0.865
0.9,0.6667,0.766,0.954
0.8,0.5161,0.6275,0.807
0.65,0.5909,0.619,0.888
0.7,0.56,0.6222,0.8455
0.75,0.4545,0.566,0.804
0.85,0.5152,0.6415,0.8459
0.75,0.6818,0.7143,0.8622
0.9,0.5294,0.6667,0.8485
0.9,0.6207,0.7347,0.876
0.7,0.6667,0.6829,0.836
0.95,0.4872,0.6441,0.841
0.5,0.5,0.5,0.7945
0.85,0.6071,0.7083,0.9115
0.5714,0.4,0.4706,0.7201
0.8095,0.6296,0.7083,0.9164
0.9,0.6923,0.7826,0.9342
0.8,0.4848,0.6038,0.7745
0.95,0.5938,0.7308,0.863
0.8,0.5,0.6154,0.81
0.5,0.5882,0.5405,0.794
0.95,0.5588,0.7037,0.9005
0.8,0.6667,0.7273,0.929
0.85,0.5862,0.6939,0.8755
0.7619,0.5926,0.6667,0.8217
0.8571,0.6,0.7059,0.8717
0.75,0.5556,0.6383,0.8459
0.85,0.5484,0.6667,0.8893
0.8095,0.7727,0.7907,0.9417
0.8571,0.5143,0.6429,0.9116
0.7,0.6087,0.6512,0.86
0.85,0.5484,0.6667,0.841
0.7,0.4242,0.5283,0.739
0.55,0.55,0.55,0.796
0.85,0.5667,0.68,0.866
0.8,0.5714,0.6667,0.8455
0.7,0.56,0.6222,0.7653
0.9,0.5455,0.6792,0.8398
0.75,0.5556,0.6383,0.815
0.8,0.5517,0.6531,0.825
0.85,0.6296,0.7234,0.896
0.9,0.72,0.8,0.938
0.7,0.56,0.6222,0.8475
0.6,0.5455,0.5714,0.814
0.7619,0.5517,0.64,0.8528
0.7619,0.6154,0.6809,0.8484
0.85,0.5484,0.6667,0.8714
0.7,0.4516,0.549,0.8051
0.8,0.5333,0.64,0.821
0.65,0.5,0.5652,0.838
0.8,0.5,0.6154,0.8335
0.75,0.5,0.6,0.8345
0.8,0.5714,0.6667,0.838
0.9,0.6667,0.766,0.909
0.9048,0.6552,0.76,0.9223
0.6667,0.5185,0.5833,0.8134
0.85,0.5667,0.68,0.8592
0.8,0.5714,0.6667,0.8684
0.65,0.4333,0.52,0.74
0.75,0.5769,0.6522,0.8815
0.9,0.6923,0.7826,0.92
0.7,0.4667,0.56,0.762
0.65,0.5909,0.619,0.79
0.85,0.5152,0.6415,0.854
0.7619,0.5517,0.64,0.8168
0.7619,0.5333,0.6275,0.7979
0.9,0.6,0.72,0.8954
0.85,0.5862,0.6939,0.8995
0.8095,0.5667,0.6667,0.8824
0.9524,0.6061,0.7407,0.9057
0.75,0.6522,0.6977,0.8915
0.8,0.5,0.6154,0.783
0.85,0.5313,0.6538,0.845
0.75,0.625,0.6818,0.874
0.75,0.6,0.6667,0.829
0.7,0.6667,0.6829,0.879
0.85,0.6071,0.7083,0.8679
0.7,0.5185,0.5957,0.8173
0.85,0.6538,0.7391,0.9155
0.8,0.5517,0.6531,0.84
0.75,0.4412,0.5556,0.785
0.8,0.4848,0.6038,0.872
0.6,0.4138,0.4898,0.7225
0.85,0.6296,0.7234,0.8745
0.8095,0.5484,0.6538,0.8717
0.619,0.619,0.619,0.845
0.8,0.6154,0.6957,0.9265
0.75,0.5357,0.625,0.8173
0.7,0.5,0.5833,0.811
0.75,0.6,0.6667,0.8715
0.95,0.5758,0.717,0.898
0.8,0.6154,0.6957,0.89
0.75,0.5556,0.6383,0.819
0.5,0.4762,0.4878,0.796
0.9524,0.5714,0.7143,0.8834
0.7143,0.5,0.5882,0.8124
0.8,0.5714,0.6667,0.8908
0.85,0.5313,0.6538,0.7959
0.7619,0.4848,0.5926,0.8256
0.8571,0.5455,0.6667,0.8941
0.8,0.5926,0.6809,0.865
0.85,0.6296,0.7234,0.906
0.65,0.5909,0.619,0.8165
0.65,0.5652,0.6047,0.783
0.75,0.5556,0.6383,0.833
0.85,0.5862,0.6939,0.863
0.65,0.52,0.5778,0.8036
0.8,0.64,0.7111,0.8612
0.7,0.5833,0.6364,0.8565
0.7,0.5385,0.6087,0.853
0.9,0.5,0.6429,0.822
0.8,0.5333,0.64,0.8615
0.8,0.5161,0.6275,0.8575
0.6,0.5455,0.5714,0.788
0.7143,0.5769,0.6383,0.8576
0.8571,0.6207,0.72,0.8912
0.75,0.5,0.6,0.85
0.6,0.48,0.5333,0.8077
0.8,0.5161,0.6275,0.844
0.75,0.5172,0.6122,0.867
0.8,0.5,0.6154,0.823
0.7,0.5185,0.5957,0.8355
0.75,0.75,0.75,0.8475
0.7,0.4667,0.56,0.7995
0.9048,0.5938,0.717,0.9329
0.8095,0.6538,0.7234,0.898
0.65,0.52,0.5778,0.8102
0.6,0.4286,0.5,0.7209
0.7143,0.5357,0.6122,0.8183
0.7619,0.64,0.6957,0.8115
0.75,0.5172,0.6122,0.8355
0.75,0.5769,0.6522,0.846
0.65,0.5909,0.619,0.86
0.7,0.4242,0.5283,0.77
0.8,0.64,0.7111,0.85
0.75,0.7143,0.7317,0.895
0.95,0.5429,0.6909,0.8719
0.9,0.5294,0.6667,0.8633
0.95,0.6333,0.76,0.9095
0.8,0.6154,0.6957,0.844
0.8,0.8,0.8,0.9155
0.8,0.5926,0.6809,0.871
0.8,0.4571,0.5818,0.7925
0.6,0.4286,0.5,0.7585
0.619,0.5417,0.5778,0.7847
0.7619,0.5333,0.6275,0.8669
0.9,0.6429,0.75,0.8949
0.6,0.5455,0.5714,0.8235
0.8095,0.5313,0.6415,0.8372
0.8095,0.7083,0.7556,0.9461
0.65,0.5417,0.5909,0.852
0.7,0.56,0.6222,0.814
0.75,0.4545,0.566,0.8425
0.85,0.5313,0.6538,0.836
0.9,0.6429,0.75,0.923
0.8,0.5926,0.6809,0.865
0.8,0.5926,0.6809,0.8546
0.75,0.5357,0.625,0.7821
0.95,0.6129,0.7451,0.9375
0.9,0.6,0.72,0.884
0.95,0.5938,0.7308,0.912
0.8,0.4848,0.6038,0.835
0.75,0.5,0.6,0.828
0.65,0.5652,0.6047,0.793
0.5238,0.4783,0.5,0.7668
0.7143,0.5769,0.6383,0.828
0.75,0.5357,0.625,0.8577
0.6,0.4615,0.5217,0.7541
0.7619,0.6154,0.6809,0.8328
0.7143,0.5769,0.6383,0.8124
0.8,0.6154,0.6957,0.8695
0.85,0.5313,0.6538,0.827
0.7,0.4828,0.5714,0.7815
0.8,0.5161,0.6275,0.8505
0.65,0.4815,0.5532,0.777
0.75,0.5556,0.6383,0.834
0.9,0.6207,0.7347,0.927
0.85,0.5862,0.6939,0.8969
0.8571,0.6923,0.766,0.9257
0.8095,0.6538,0.7234,0.8848
0.7,0.56,0.6222,0.863
0.6,0.5455,0.5714,0.8135
0.65,0.4483,0.5306,0.77
0.7,0.4828,0.5714,0.802
0.7,0.56,0.6222,0.8105
0.8,0.5517,0.6531,0.861
0.75,0.5357,0.625,0.8668
0.85,0.5862,0.6939,0.8235
0.7619,0.5517,0.64,0.862
0.9048,0.5429,0.6786,0.8474
0.6,0.5217,0.5581,0.761
0.75,0.5556,0.6383,0.884
0.65,0.5,0.5652,0.77
0.7,0.4667,0.56,0.8045
0.8,0.6957,0.7442,0.894
1.0,0.6452,0.7843,0.9185
0.6,0.5714,0.5854,0.7694
0.75,0.5357,0.625,0.8015
0.75,0.6,0.6667,0.8425
0.7,0.5,0.5833,0.786
0.9,0.5,0.6429,0.887
0.8,0.5333,0.64,0.845
0.8,0.5517,0.6531,0.897
0.8,0.5333,0.64,0.853
0.7143,0.5172,0.6,0.7949
0.6667,0.4828,0.56,0.7677
0.85,0.6071,0.7083,0.8959
0.75,0.5769,0.6522,0.8878
0.8571,0.6207,0.72,0.8455
0.8571,0.6429,0.7347,0.8863
0.75,0.4545,0.566,0.8145
0.8,0.6667,0.7273,0.8855
0.55,0.55,0.55,0.805
0.8,0.5714,0.6667,0.861
0.8,0.5333,0.64,0.88
0.65,0.52,0.5778,0.776
0.75,0.5556,0.6383,0.8061
0.9,0.6,0.72,0.8918
0.65,0.5652,0.6047,0.822
0.8,0.64,0.7111,0.846
0.75,0.5,0.6,0.803
0.8,0.5517,0.6531,0.8675
0.85,0.4857,0.6182,0.831
0.85,0.6296,0.7234,0.897
0.8095,0.5862,0.68,0.8547
0.7619,0.5926,0.6667,0.8314
0.6,0.5714,0.5854,0.7653
0.75,0.625,0.6818,0.8617
0.75,0.5357,0.625,0.852
0.65,0.52,0.5778,0.7275
0.8,0.5517,0.6531,0.879
0.9,0.5455,0.6792,0.869
0.7,0.4828,0.5714,0.77
0.65,0.5652,0.6047,0.797
0.8095,0.5862,0.68,0.8717
0.8095,0.6538,0.7234,0.9086
0.85,0.5152,0.6415,0.8265
0.8,0.5926,0.6809,0.8638
0.8,0.4706,0.5926,0.835
0.7,0.5185,0.5957,0.769
0.8,0.6154,0.6957,0.887
0.7,0.5,0.5833,0.829
0.7,0.6364,0.6667,0.868
0.65,0.4483,0.5306,0.722
0.8571,0.6,0.7059,0.8542
0.8571,0.6207,0.72,0.9155
0.75,0.4688,0.5769,0.774
0.85,0.6296,0.7234,0.8857
0.75,0.5357,0.625,0.805
0.85,0.5667,0.68,0.898
0.8,0.6154,0.6957,0.8265
0.65,0.52,0.5778,0.806
0.75,0.5357,0.625,0.856
0.8,0.5,0.6154,0.828
0.7619,0.5,0.6038,0.8639
0.8095,0.5667,0.6667,0.8605
0.6,0.5714,0.5854,0.8745
0.7,0.5833,0.6364,0.8571
0.65,0.5909,0.619,0.8315
0.9,0.5,0.6429,0.897
0.75,0.5357,0.625,0.8225
0.85,0.5484,0.6667,0.862
0.8,0.5714,0.6667,0.857
0.9,0.5,0.6429,0.8835
0.6667,0.5833,0.6222,0.8552
0.5238,0.55,0.5366,0.7969
0.75,0.5357,0.625,0.8143
0.85,0.5862,0.6939,0.8969
0.8,0.6957,0.7442,0.892
0.9,0.5806,0.7059,0.9
0.75,0.5556,0.6383,0.823
0.7,0.4667,0.56,0.7315
0.65,0.4643,0.5417,0.821
0.7,0.5,0.5833,0.789
0.8571,0.6923,0.766,0.9135
0.8571,0.75,0.8,0.9461
0.75,0.4688,0.5769,0.7612
0.85,0.6538,0.7391,0.8735
0.7143,0.6,0.6522,0.8518
0.6667,0.6364,0.6512,0.8547
0.8,0.5161,0.6275,0.87
0.75,0.5769,0.6522,0.855
0.7,0.5185,0.5957,0.846
0.85,0.5484,0.6667,0.907
0.8,0.5,0.6154,0.7395
0.75,0.5172,0.6122,0.8225
0.85,0.5667,0.68,0.8867
0.7,0.5833,0.6364,0.8551
0.75,0.5,0.6,0.814
0.8,0.5161,0.6275,0.845
0.65,0.5652,0.6047,0.7975
0.7,0.5833,0.6364,0.83
0.9,0.72,0.8,0.914
0.85,0.5484,0.6667,0.841
0.8095,0.5152,0.6296,0.8688
0.8095,0.5313,0.6415,0.8353
0.8,0.64,0.7111,0.8551
0.9,0.6429,0.75,0.924
0.8571,0.72,0.7826,0.8372
0.8095,0.6296,0.7083,0.8737
0.85,0.6296,0.7234,0.891
0.75,0.5,0.6,0.815
0.6,0.5455,0.5714,0.758
0.75,0.5357,0.625,0.8135
0.85,0.68,0.7556,0.906
0.85,0.6071,0.7083,0.892
0.8,0.5,0.6154,0.8209
0.7,0.4828,0.5714,0.7959
0.85,0.6538,0.7391,0.948
0.75,0.4839,0.5882,0.795
0.55,0.44,0.4889,0.7245
0.7,0.5,0.5833,0.835
0.75,0.5769,0.6522,0.797
0.85,0.5313,0.6538,0.86
0.7143,0.4545,0.5556,0.794
0.9524,0.6897,0.8,0.9602
0.8,0.6957,0.7442,0.9061
0.75,0.5,0.6,0.8143
0.8,0.4571,0.5818,0.8285
0.65,0.5652,0.6047,0.866
0.9,0.6429,0.75,0.905
0.8,0.4324,0.5614,0.8
0.85,0.5667,0.68,0.82
0.4,0.4211,0.4103,0.702
0.8095,0.5862,0.68,0.8605
0.9048,0.6129,0.7308,0.8591
0.85,0.5862,0.6939,0.899
0.9,0.6,0.72,0.8852
0.8571,0.6207,0.72,0.861
0.5714,0.4138,0.48,0.7561
0.85,0.5152,0.6415,0.8515
0.65,0.5417,0.5909,0.829
0.75,0.5556,0.6383,0.809
0.9,0.6429,0.75,0.922
0.9,0.6207,0.7347,0.8615
0.75,0.5,0.6,0.802
0.65,0.52,0.5778,0.8265
0.8,0.64,0.7111,0.8684
0.75,0.4839,0.5882,0.799
0.75,0.75,0.75,0.8445
0.85,0.6071,0.7083,0.898
0.85,0.4722,0.6071,0.83
0.8,0.6667,0.7273,0.935
0.8,0.5,0.6154,0.845
0.5714,0.48,0.5217,0.7668
0.8095,0.5667,0.6667,0.8513
0.65,0.5909,0.619,0.7908
0.85,0.5667,0.68,0.8867
0.6667,0.6087,0.6364,0.8912
0.7619,0.5333,0.6275,0.8542
0.75,0.4688,0.5769,0.8475
0.75,0.6522,0.6977,0.856
0.75,0.5172,0.6122,0.871
0.75,0.5769,0.6522,0.8385
0.8,0.5926,0.6809,0.858
0.7,0.4516,0.549,0.756
0.9,0.6923,0.7826,0.9005
0.65,0.5909,0.619,0.8352
0.7,0.56,0.6222,0.878
0.75,0.5769,0.6522,0.873
0.75,0.6818,0.7143,0.871
0.75,0.5,0.6,0.817
0.6,0.4615,0.5217,0.766
0.75,0.5172,0.6122,0.838
0.8095,0.5667,0.6667,0.8328
0.7619,0.5926,0.6667,0.8484
0.7,0.6364,0.6667,0.8347
0.75,0.5556,0.6383,0.7959
0.6,0.48,0.5333,0.817
0.9,0.5,0.6429,0.875
0.85,0.5667,0.68,0.869
0.75,0.5769,0.6522,0.871
0.8,0.4571,0.5818,0.8135
0.9,0.5625,0.6923,0.853
0.7619,0.5926,0.6667,0.8372
0.5714,0.5,0.5333,0.7881
0.8,0.6667,0.7273,0.9163
0.85,0.6071,0.7083,0.8776
0.8095,0.5862,0.68,0.8601
0.8095,0.5667,0.6667,0.8659
0.85,0.5667,0.68,0.856
0.5,0.5882,0.5405,0.767
0.85,0.5862,0.6939,0.875
0.8,0.5517,0.6531,0.894
0.75,0.6,0.6667,0.867
0.75,0.5,0.6,0.802
0.85,0.6296,0.7234,0.8806
0.7,0.56,0.6222,0.8418
0.8095,0.4722,0.5965,0.8591
0.619,0.4333,0.5098,0.7512
0.85,0.7727,0.8095,0.907
0.75,0.5357,0.625,0.8535
0.7,0.5385,0.6087,0.8315
1.0,0.6897,0.8163,0.979
0.8,0.4848,0.6038,0.8
0.7,0.56,0.6222,0.801
0.75,0.6818,0.7143,0.8485
0.8,0.6154,0.6957,0.8077
0.95,0.5758,0.717,0.926
0.85,0.6296,0.7234,0.86
0.75,0.5769,0.6522,0.8545
0.5,0.5,0.5,0.772
0.9,0.6207,0.7347,0.917
0.8,0.5714,0.6667,0.8535
0.8571,0.6,0.7059,0.8868
0.7143,0.5357,0.6122,0.7988
0.7,0.5,0.5833,0.827
0.8,0.6667,0.7273,0.8582
0.8571,0.6207,0.72,0.8518
0.8095,0.6071,0.6939,0.8144
0.75,0.6818,0.7143,0.8775
0.7,0.5385,0.6087,0.745
0.8,0.5161,0.6275,0.817
0.85,0.5862,0.6939,0.877
0.65,0.5909,0.619,0.801
0.9,0.5143,0.6545,0.85
0.95,0.6786,0.7917,0.9622
0.8,0.5,0.6154,0.8158
0.7,0.56,0.6222,0.852
0.9,0.6207,0.7347,0.9045
0.8,0.5333,0.64,0.868
0.65,0.52,0.5778,0.823
0.8,0.5333,0.64,0.836
0.6,0.5,0.5455,0.779
0.7619,0.5333,0.6275,0.8231
0.8571,0.6,0.7059,0.9281
0.7,0.5,0.5833,0.801
0.55,0.4783,0.5116,0.7571
0.9,0.6207,0.7347,0.914
0.75,0.5357,0.625,0.832
0.8,0.5517,0.6531,0.828
0.75,0.6,0.6667,0.821
0.8,0.5714,0.6667,0.8575
0.65,0.5,0.5652,0.774
0.8571,0.5,0.6316,0.8737
0.8095,0.5667,0.6667,0.8649
0.65,0.619,0.6341,0.8566
0.8,0.5714,0.6667,0.851
0.7,0.5833,0.6364,0.8475
0.7,0.4516,0.549,0.795
0.8,0.5714,0.6667,0.844
0.7,0.5,0.5833,0.79
0.8,0.5161,0.6275,0.843
0.8,0.5161,0.6275,0.8
0.7619,0.5926,0.6667,0.8805
0.619,0.52,0.5652,0.8265
0.65,0.5417,0.5909,0.8337
0.8,0.6154,0.6957,0.9071
0.7619,0.5926,0.6667,0.8707
0.7143,0.5556,0.625,0.7857
0.7,0.5833,0.6364,0.878
0.8,0.5,0.6154,0.8715
0.7,0.5,0.5833,0.808
0.7,0.6087,0.6512,0.818
0.85,0.5313,0.6538,0.8425
0.75,0.5556,0.6383,0.879
0.8,0.5333,0.64,0.8408
0.85,0.5862,0.6939,0.848
0.8571,0.5143,0.6429,0.8523
0.6667,0.5833,0.6222,0.8173
0.65,0.4194,0.5098,0.788
0.7,0.5185,0.5957,0.8145
0.85,0.4722,0.6071,0.8355
0.8,0.6154,0.6957,0.905
0.85,0.6296,0.7234,0.936
0.75,0.5556,0.6383,0.842
0.8,0.5926,0.6809,0.8434
0.75,0.6522,0.6977,0.8408
0.619,0.4815,0.5417,0.7687
0.7619,0.4706,0.5818,0.8149
0.9,0.6207,0.7347,0.893
0.7,0.6667,0.6829,0.821
0.8,0.5517,0.6531,0.845
0.7,0.56,0.6222,0.804
0.85,0.5862,0.6939,0.915
0.75,0.4839,0.5882,0.765
0.8,0.6667,0.7273,0.9143
0.8,0.5161,0.6275,0.8337
0.55,0.44,0.4889,0.7185
0.8,0.4444,0.5714,0.8395
0.8,0.5714,0.6667,0.842
0.8,0.5926,0.6809,0.8585
0.85,0.6296,0.7234,0.914
0.75,0.625,0.6818,0.8565
0.8571,0.7826,0.8182,0.8941
0.7143,0.4688,0.566,0.7983
0.85,0.6071,0.7083,0.8974
0.85,0.5313,0.6538,0.8867
0.85,0.4595,0.5965,0.808
0.8,0.6154,0.6957,0.8625
0.9,0.4865,0.6316,0.851
0.7,0.5,0.5833,0.759
0.8,0.5333,0.64,0.8735
0.75,0.5556,0.6383,0.8205
0.8095,0.6296,0.7083,0.8853
0.8095,0.6296,0.7083,0.862
0.75,0.6818,0.7143,0.8913
0.75,0.5172,0.6122,0.8321
0.619,0.5652,0.5909,0.7935
0.6667,0.5,0.5714,0.8299
0.85,0.6071,0.7083,0.8885
0.65,0.4483,0.5306,0.797
0.75,0.5357,0.625,0.879
0.7,0.5833,0.6364,0.817
0.95,0.6129,0.7451,0.9175
0.75,0.4839,0.5882,0.778
0.7,0.4828,0.5714,0.8684
0.85,0.5667,0.68,0.8663
0.6667,0.5385,0.5957,0.8222
0.8571,0.5625,0.6792,0.8727
0.8,0.5333,0.64,0.835
0.8,0.64,0.7111,0.892
0.75,0.7143,0.7317,0.897
0.75,0.5172,0.6122,0.771
0.7,0.5385,0.6087,0.8105
0.85,0.6296,0.7234,0.907
0.75,0.5357,0.625,0.7893
0.75,0.5,0.6,0.8311
0.5,0.5,0.5,0.7765
0.75,0.5172,0.6122,0.826
0.8,0.5714,0.6667,0.846
0.8,0.5,0.6154,0.866
0.85,0.6071,0.7083,0.879
0.8,0.5517,0.6531,0.843
0.8571,0.72,0.7826,0.9461
0.619,0.5652,0.5909,0.8129
0.65,0.4483,0.5306,0.7561
0.9,0.5294,0.6667,0.8755
0.619,0.4643,0.5306,0.7289
0.7143,0.5357,0.6122,0.8406
0.7,0.4828,0.5714,0.809
0.75,0.4545,0.566,0.753
0.75,0.625,0.6818,0.8525
0.9,0.5806,0.7059,0.91
0.65,0.4815,0.5532,0.783
0.85,0.6296,0.7234,0.9235
0.65,0.619,0.6341,0.8939
0.85,0.5667,0.68,0.8842
0.7143,0.6,0.6522,0.8562
0.7143,0.5172,0.6,0.8042
0.6,0.6667,0.6316,0.8785
0.85,0.5313,0.6538,0.879
0.7,0.5833,0.6364,0.864
0.75,0.4545,0.566,0.812
0.85,0.5667,0.68,0.8975
0.6,0.5217,0.5581,0.784
0.75,0.5172,0.6122,0.8327
0.65,0.5417,0.5909,0.8408
0.85,0.6071,0.7083,0.889
0.75,0.6,0.6667,0.913
0.75,0.6818,0.7143,0.884
0.85,0.5667,0.68,0.895
0.55,0.5,0.5238,0.785
0.75,0.5769,0.6522,0.837
0.7619,0.5517,0.64,0.8139
0.7143,0.625,0.6667,0.8639
0.55,0.4231,0.4783,0.6913
0.95,0.5758,0.717,0.9077
0.8571,0.5455,0.6667,0.8338
0.5714,0.48,0.5217,0.724
0.65,0.52,0.5778,0.815
0.75,0.5769,0.6522,0.8925
0.85,0.6071,0.7083,0.8665
0.8,0.5714,0.6667,0.837
0.85,0.5313,0.6538,0.842
0.7,0.56,0.6222,0.764
0.8,0.5517,0.6531,0.8949
0.75,0.5,0.6,0.848
0.65,0.4063,0.5,0.7485
0.85,0.6538,0.7391,0.9035
0.8,0.5926,0.6809,0.885
0.75,0.6,0.6667,0.887
0.7,0.5,0.5833,0.74
0.6,0.6,0.6,0.819
0.8095,0.85,0.8293,0.9125
0.9048,0.5938,0.717,0.8596
0.85,0.6296,0.7234,0.8969
0.9,0.5294,0.6667,0.8219
0.9048,0.6129,0.7308,0.8358
0.7619,0.5714,0.6531,0.8669
0.7,0.5833,0.6364,0.8135
0.8,0.6154,0.6957,0.879
0.8,0.64,0.7111,0.897
0.7,0.56,0.6222,0.844
0.85,0.5313,0.6538,0.847
0.5,0.4762,0.4878,0.7585
0.75,0.6,0.6667,0.8378
0.95,0.5758,0.717,0.9224
0.7143,0.6522,0.6818,0.829
0.7619,0.5517,0.64,0.8047
0.75,0.625,0.6818,0.853
0.8,0.5,0.6154,0.8085
0.75,0.6,0.6667,0.7985
0.85,0.4857,0.6182,0.894
0.7,0.5,0.5833,0.791
0.7,0.4828,0.5714,0.77
0.9,0.5625,0.6923,0.9306
0.65,0.5417,0.5909,0.8449
0.85,0.5667,0.68,0.859
0.65,0.4333,0.52,0.7365
0.8,0.64,0.7111,0.8845
0.7,0.5385,0.6087,0.843
0.95,0.6552,0.7755,0.947
0.75,0.5172,0.6122,0.813
0.8095,0.5484,0.6538,0.8571
0.8095,0.6071,0.6939,0.8746
0.7,0.7778,0.7368,0.8827
0.7,0.5385,0.6087,0.776
0.8,0.5161,0.6275,0.8075
0.85,0.6538,0.7391,0.918
0.8,0.4706,0.5926,0.784
0.75,0.6522,0.6977,0.887
0.55,0.3667,0.44,0.6825
0.7,0.5185,0.5957,0.8385
0.6667,0.6087,0.6364,0.845
0.9524,0.6897,0.8,0.9495
0.65,0.619,0.6341,0.8179
0.7,0.5,0.5833,0.8444
0.8095,0.5862,0.68,0.8455
0.9048,0.5758,0.7037,0.8873
0.95,0.6552,0.7755,0.944
0.7,0.5833,0.6364,0.8295
0.8,0.5,0.6154,0.85
0.8,0.6957,0.7442,0.909
0.75,0.6,0.6667,0.8555
0.45,0.3913,0.4186,0.693
0.75,0.5172,0.6122,0.8429
0.85,0.6071,0.7083,0.8704
0.75,0.6818,0.7143,0.8525
0.7,0.5,0.5833,0.729
0.85,0.5667,0.68,0.8365
0.9,0.6207,0.7347,0.897
0.7,0.56,0.6222,0.832
0.8,0.5517,0.6531,0.873
0.8095,0.5862,0.68,0.8941
0.8571,0.5806,0.6923,0.8639
0.7,0.5385,0.6087,0.8306
0.75,0.5556,0.6383,0.8383
0.75,0.4839,0.5882,0.8085
0.85,0.4595,0.5965,0.8145
0.75,0.5,0.6,0.834
0.65,0.4815,0.5532,0.765
0.8,0.5517,0.6531,0.8695
0.8,0.5926,0.6809,0.855
0.8095,0.6296,0.7083,0.8387
0.6667,0.5833,0.6222,0.8397
0.75,0.5357,0.625,0.827
0.8,0.5333,0.64,0.8316
0.7,0.6364,0.6667,0.8295
0.8,0.5926,0.6809,0.8475
0.85,0.5862,0.6939,0.856
0.8,0.5926,0.6809,0.8485
0.6,0.4615,0.5217,0.7065
0.65,0.4333,0.52,0.7695
0.7619,0.5333,0.6275,0.7896
0.8095,0.7083,0.7556,0.8999
0.8,0.6667,0.7273,0.8699
0.9,0.5806,0.7059,0.948
0.65,0.619,0.6341,0.8345
0.6,0.4615,0.5217,0.7615
0.75,0.5556,0.6383,0.826
0.8,0.5161,0.6275,0.849
0.85,0.4722,0.6071,0.813
0.8,0.5714,0.6667,0.867
0.7619,0.64,0.6957,0.8912
0.7143,0.4688,0.566,0.7901
0.85,0.6296,0.7234,0.9066
0.85,0.5667,0.68,0.8582
0.7143,0.5357,0.6122,0.7886
0.8095,0.6071,0.6939,0.8149
0.9,0.6429,0.75,0.933
0.75,0.5357,0.625,0.831
0.9,0.6923,0.7826,0.921
0.9,0.6,0.72,0.884
0.8,0.6667,0.7273,0.878
0.7,0.5,0.5833,0.7975
0.8,0.5161,0.6275,0.8367
0.5,0.4167,0.4545,0.7036
0.9,0.6667,0.766,0.9235
0.75,0.4286,0.5455,0.861
0.7,0.4667,0.56,0.7975
0.6,0.5,0.5455,0.771
0.85,0.5862,0.6939,0.834
0.85,0.5667,0.68,0.842
0.8095,0.6538,0.7234,0.8503
0.8095,0.6296,0.7083,0.862
0.85,0.6071,0.7083,0.9117
0.75,0.5769,0.6522,0.8316
0.7143,0.4839,0.5769,0.7872
0.8095,0.6538,0.7234,0.8776
0.75,0.5,0.6,0.7695
0.8,0.5714,0.6667,0.844
0.85,0.6296,0.7234,0.874
0.7,0.56,0.6222,0.821
0.85,0.5667,0.68,0.867
0.7,0.4828,0.5714,0.7835
0.8,0.5161,0.6275,0.8469
0.9,0.6,0.72,0.9276
0.65,0.5652,0.6047,0.823
0.8,0.5926,0.6809,0.876
0.8,0.5714,0.6667,0.847
0.75,0.5172,0.6122,0.834
0.9,0.6207,0.7347,0.9105
0.75,0.4286,0.5455,0.79
0.8095,0.6071,0.6939,0.8717
0.7619,0.5333,0.6275,0.8071
0.8,0.5517,0.6531,0.8571
0.8,0.5926,0.6809,0.9
0.75,0.5172,0.6122,0.8235
0.85,0.5667,0.68,0.875
0.85,0.5667,0.68,0.886
0.8,0.6154,0.6957,0.853
0.85,0.6538,0.7391,0.8795
0.65,0.5909,0.619,0.829
0.8095,0.5313,0.6415,0.8168
0.8095,0.5862,0.68,0.8678
0.65,0.52,0.5778,0.8209
0.75,0.5,0.6,0.8296
0.8,0.5333,0.64,0.824
0.6,0.8,0.6857,0.829
0.6,0.48,0.5333,0.776
0.65,0.5417,0.5909,0.824
0.9,0.6207,0.7347,0.8865
1.0,0.5556,0.7143,0.9115
0.7619,0.5333,0.6275,0.8251
0.8571,0.5625,0.6792,0.8698
0.75,0.4839,0.5882,0.7709
0.65,0.5909,0.619,0.8148
0.65,0.4815,0.5532,0.778
0.65,0.52,0.5778,0.82
0.95,0.5938,0.7308,0.92
0.9,0.6,0.72,0.89
0.7,0.4516,0.549,0.7875
0.75,0.6522,0.6977,0.896
0.5238,0.4583,0.4889,0.759
0.7143,0.5357,0.6122,0.8188
0.75,0.6522,0.6977,0.8551
0.65,0.52,0.5778,0.8031
0.65,0.65,0.65,0.83
0.8,0.5926,0.6809,0.859
0.75,0.75,0.75,0.8435
0.8,0.5926,0.6809,0.893
0.9,0.5,0.6429,0.8025
0.85,0.6071,0.7083,0.8795
0.8095,0.68,0.7391,0.9135
0.8571,0.5455,0.6667,0.8392
0.7,0.5385,0.6087,0.8316
0.7,0.4118,0.5185,0.7929
0.8571,0.5,0.6316,0.829
0.7619,0.5,0.6038,0.8081
0.6,0.5217,0.5581,0.8015
0.85,0.6071,0.7083,0.901
0.85,0.4595,0.5965,0.824
0.8,0.7273,0.7619,0.915
0.65,0.5652,0.6047,0.844
0.7,0.6087,0.6512,0.867
0.7,0.5185,0.5957,0.7837
0.8,0.64,0.7111,0.848
0.75,0.6,0.6667,0.8135
0.6,0.5,0.5455,0.8125
0.8,0.5714,0.6667,0.902
0.65,0.4643,0.5417,0.7955
0.7,0.5833,0.6364,0.843
0.75,0.5172,0.6122,0.872
0.7619,0.5926,0.6667,0.8246
0.9048,0.6786,0.7755,0.9086
0.9,0.6,0.72,0.8995
0.75,0.4286,0.5455,0.7883
0.8571,0.5143,0.6429,0.8392
0.7619,0.5333,0.6275,0.8338
0.7,0.5833,0.6364,0.868
0.7,0.5185,0.5957,0.837
0.9,0.5806,0.7059,0.916
0.8,0.5926,0.6809,0.845
0.65,0.5909,0.619,0.79
0.8,0.5517,0.6531,0.86
0.85,0.6538,0.7391,0.8837
0.9,0.5625,0.6923,0.8898
0.7143,0.5357,0.6122,0.8251
0.7143,0.5172,0.6,0.8372
0.75,0.5556,0.6383,0.853
0.85,0.5862,0.6939,0.872
0.85,0.68,0.7556,0.9305
0.8,0.64,0.7111,0.8975
0.7,0.4242,0.5283,0.737
0.7,0.4667,0.56,0.7825
0.75,0.5556,0.6383,0.8495
0.7,0.5833,0.6364,0.8306
0.55,0.44,0.4889,0.7375
0.95,0.6129,0.7451,0.95
0.75,0.5357,0.625,0.7945
0.8,0.5517,0.6531,0.846
0.7,0.56,0.6222,0.818
0.85,0.7391,0.7907,0.908
0.8095,0.6071,0.6939,0.897
0.8095,0.68,0.7391,0.881
0.65,0.52,0.5778,0.7995
0.9,0.5294,0.6667,0.8582
0.6667,0.6087,0.6364,0.7998
0.8095,0.5667,0.6667,0.8154
0.9,0.5294,0.6667,0.833
0.7,0.7,0.7,0.8315
0.7,0.5185,0.5957,0.79
0.85,0.6071,0.7083,0.903
0.7,0.4667,0.56,0.791
0.85,0.7391,0.7907,0.928
0.6,0.5,0.5455,0.8143
0.75,0.6,0.6667,0.8663
0.8,0.5926,0.6809,0.846
0.9,0.4737,0.6207,0.883
0.8,0.5714,0.6667,0.844
0.8,0.6154,0.6957,0.86
0.7,0.5833,0.6364,0.879
0.85,0.5667,0.68,0.879
0.619,0.5417,0.5778,0.775
0.7143,0.6818,0.6977,0.844
0.85,0.5152,0.6415,0.8684
0.7,0.5385,0.6087,0.8633
0.8571,0.6923,0.766,0.8921
0.7143,0.625,0.6667,0.8367
0.85,0.6538,0.7391,0.9125
0.8,0.5,0.6154,0.8475
0.55,0.5,0.5238,0.822
0.8,0.5714,0.6667,0.8155
0.85,0.5667,0.68,0.861
0.65,0.4815,0.5532,0.792
1.0,0.5714,0.7273,0.9163
0.7,0.56,0.6222,0.8357
0.8571,0.6667,0.75,0.9252
0.7619,0.4848,0.5926,0.8144
0.8,0.5926,0.6809,0.8335
0.65,0.5909,0.619,0.772
0.75,0.4688,0.5769,0.796
0.9,0.5625,0.6923,0.8855
0.8,0.4706,0.5926,0.81
0.8,0.6667,0.7273,0.914
0.85,0.4722,0.6071,0.7867
0.7,0.6087,0.6512,0.8898
0.75,0.5357,0.625,0.7985
1.0,0.5714,0.7273,0.904
0.8,0.64,0.7111,0.8915
0.65,0.5909,0.619,0.771
0.7,0.5185,0.5957,0.8565
0.8,0.6957,0.7442,0.851
0.619,0.4815,0.5417,0.759
0.8571,0.5294,0.6545,0.8941
0.9,0.6429,0.75,0.8939
0.6,0.48,0.5333,0.7724
0.7,0.5,0.5833,0.841
0.8,0.5926,0.6809,0.857
0.4,0.5,0.4444,0.7735
0.8,0.5517,0.6531,0.8255
0.8,0.5926,0.6809,0.866
0.65,0.5417,0.5909,0.8085
0.8571,0.5294,0.6545,0.8299
0.8095,0.5152,0.6296,0.8226
0.95,0.6333,0.76,0.9408
0.65,0.4815,0.5532,0.7551
0.8571,0.6923,0.766,0.8795
0.7143,0.625,0.6667,0.8562
0.8,0.4848,0.6038,0.8455
0.85,0.5313,0.6538,0.894
0.6,0.4444,0.5106,0.7365
0.6,0.5,0.5455,0.7545
1.0,0.7143,0.8333,0.964
0.85,0.5152,0.6415,0.859
0.75,0.6522,0.6977,0.8485
0.75,0.5,0.6,0.7898
0.85,0.5313,0.6538,0.849
0.7,0.5,0.5833,0.8105
0.6,0.5455,0.5714,0.77
0.85,0.6071,0.7083,0.916
0.85,0.5152,0.6415,0.886
0.75,0.5,0.6,0.746
0.8571,0.5806,0.6923,0.8372
0.9048,0.7037,0.7917,0.9339
0.7,0.5385,0.6087,0.7806
0.75,0.7143,0.7317,0.9224
0.95,0.6333,0.76,0.91
0.7,0.4828,0.5714,0.79
0.9,0.5806,0.7059,0.896
0.8,0.64,0.7111,0.87
0.75,0.625,0.6818,0.872
0.8,0.6957,0.7442,0.899
0.7143,0.5556,0.625,0.8236
0.7143,0.5,0.5882,0.8105
0.65,0.5652,0.6047,0.8148
0.75,0.5,0.6,0.8311
0.85,0.5484,0.6667,0.873
0.7,0.4375,0.5385,0.767
0.65,0.619,0.6341,0.881
0.8,0.5714,0.6667,0.832
0.8,0.6667,0.7273,0.8855
0.75,0.5,0.6,0.8155
0.8095,0.7391,0.7727,0.8431
0.7619,0.5,0.6038,0.8124
0.9,0.6,0.72,0.9092
0.8,0.5333,0.64,0.8755
0.8,0.4848,0.6038,0.801
0.8,0.6154,0.6957,0.871
0.8,0.5333,0.64,0.887
0.9,0.6207,0.7347,0.921
0.7,0.56,0.6222,0.8325
0.65,0.5652,0.6047,0.813
0.7619,0.5517,0.64,0.8382
0.8571,0.6207,0.72,0.8601
0.8,0.5333,0.64,0.8413
0.75,0.6522,0.6977,0.849
0.8095,0.4857,0.6071,0.7575
0.7619,0.5926,0.6667,0.8635
0.7,0.4828,0.5714,0.8205
0.9,0.5806,0.7059,0.909
0.65,0.4643,0.5417,0.7705
0.85,0.5484,0.6667,0.833
0.65,0.619,0.6341,0.8405
0.8,0.6667,0.7273,0.92
0.7,0.56,0.6222,0.8163
0.95,0.5588,0.7037,0.9408
0.8095,0.7083,0.7556,0.9111
0.7619,0.5161,0.6154,0.8319
0.75,0.6818,0.7143,0.887
0.75,0.4545,0.566,0.7395
0.7,0.4516,0.549,0.727
0.9,0.5625,0.6923,0.87
0.65,0.5417,0.5909,0.817
0.95,0.6786,0.7917,0.932
0.65,0.52,0.5778,0.7929
0.75,0.6522,0.6977,0.8633
0.6,0.5,0.5455,0.7895
0.7,0.6364,0.6667,0.872
0.7,0.6087,0.6512,0.8005
0.65,0.5652,0.6047,0.844
0.8,0.6154,0.6957,0.898
0.9,0.5625,0.6923,0.874
0.6667,0.5833,0.6222,0.8455
0.8095,0.5152,0.6296,0.8416
0.75,0.625,0.6818,0.8505
0.8,0.5517,0.6531,0.8959
0.7619,0.5926,0.6667,0.8824
0.6667,0.7368,0.7,0.8212
0.85,0.5667,0.68,0.8275
0.8,0.64,0.7111,0.917
0.85,0.6296,0.7234,0.9085
0.75,0.4412,0.5556,0.8035
0.8,0.5333,0.64,0.8285
0.65,0.5,0.5652,0.8245
0.75,0.5357,0.625,0.8612
0.85,0.5862,0.6939,0.8531
0.7,0.7368,0.7179,0.8615
0.75,0.4839,0.5882,0.839
0.9,0.6667,0.766,0.966
0.5,0.4,0.4444,0.7075
0.75,0.4688,0.5769,0.81
0.8,0.6957,0.7442,0.903
0.8095,0.5667,0.6667,0.8489
0.7143,0.6522,0.6818,0.8766
0.75,0.5172,0.6122,0.8158
0.5,0.4167,0.4545,0.727
0.8095,0.4722,0.5965,0.845
0.7619,0.6667,0.7111,0.8542
0.95,0.6552,0.7755,0.915
0.65,0.4815,0.5532,0.788
0.65,0.5417,0.5909,0.808
0.8,0.5517,0.6531,0.866
0.9,0.5294,0.6667,0.912
0.75,0.7143,0.7317,0.858
0.65,0.5,0.5652,0.7311
0.75,0.625,0.6818,0.8622
0.85,0.5313,0.6538,0.894
0.7,0.5,0.5833,0.772
0.7,0.6364,0.6667,0.849
0.7,0.6087,0.6512,0.866
0.7,0.56,0.6222,0.822
0.75,0.5172,0.6122,0.803
0.8095,0.6296,0.7083,0.8591
0.8095,0.5862,0.68,0.7964
0.8,0.5161,0.6275,0.8806
0.85,0.5484,0.6667,0.8847
0.85,0.6071,0.7083,0.873
0.8,0.5517,0.6531,0.827
0.55,0.4583,0.5,0.7995
0.85,0.6071,0.7083,0.88
0.65,0.5,0.5652,0.761
0.65,0.4483,0.5306,0.7845
0.7143,0.6818,0.6977,0.9014
0.9048,0.6333,0.7451,0.9077
0.8,0.5,0.6154,0.8439
0.8,0.6957,0.7442,0.9337
0.8,0.5161,0.6275,0.843
0.75,0.6,0.6667,0.8105
0.9,0.5455,0.6792,0.8905
0.85,0.5862,0.6939,0.911
0.85,0.4857,0.6182,0.789
0.75,0.6522,0.6977,0.8675
0.6667,0.56,0.6087,0.8134
0.7143,0.7143,0.7143,0.863
0.85,0.5313,0.6538,0.8827
0.75,0.625,0.6818,0.877
RUSMaxBag
0.5714,0.5455,0.5581,0.809
0.3333,0.6364,0.4375,0.6876
0.6,0.5714,0.5854,0.8295
0.45,0.8182,0.5806,0.823
0.65,0.5652,0.6047,0.8
0.45,0.6923,0.5455,0.858
0.6,0.5217,0.5581,0.8105
0.45,0.5,0.4737,0.735
0.35,0.5,0.4118,0.7357
0.6,0.6316,0.6154,0.824
0.45,0.3913,0.4186,0.7355
0.35,0.7,0.4667,0.7725
0.5,0.9091,0.6452,0.8045
0.65,0.5909,0.619,0.8405
0.3,0.375,0.3333,0.7365
0.4,0.7273,0.5161,0.8385
0.4286,0.4737,0.45,0.7075
0.619,0.7222,0.6667,0.8552
0.55,0.55,0.55,0.8112
0.3,0.375,0.3333,0.6709
0.6,0.6,0.6,0.8045
0.35,0.4667,0.4,0.686
0.2,0.3636,0.2581,0.7255
0.55,0.5,0.5238,0.811
0.55,0.8462,0.6667,0.8755
0.55,0.4783,0.5116,0.7815
0.381,0.4706,0.4211,0.7425
0.3333,0.7778,0.4667,0.7901
0.5,0.5556,0.5263,0.7684
0.75,0.6,0.6667,0.8689
0.7619,0.8889,0.8205,0.9048
0.5238,0.6111,0.5641,0.8212
0.45,0.6923,0.5455,0.819
0.5,0.4545,0.4762,0.764
0.35,0.3182,0.3333,0.6435
0.3,0.3333,0.3158,0.716
0.6,0.6316,0.6154,0.838
0.35,0.4118,0.3784,0.715
0.35,0.5385,0.4242,0.7179
0.45,0.5,0.4737,0.7566
0.4,0.5714,0.4706,0.823
0.4,0.5714,0.4706,0.756
0.5,0.6667,0.5714,0.821
0.45,0.6923,0.5455,0.8475
0.45,0.6429,0.5294,0.802
0.4,0.5333,0.4571,0.7535
0.4762,0.625,0.5405,0.7925
0.2857,0.4286,0.3429,0.7162
0.65,0.5909,0.619,0.8107
0.55,0.4783,0.5116,0.7949
0.6,0.5455,0.5714,0.779
0.75,0.625,0.6818,0.844
0.55,0.44,0.4889,0.799
0.5,0.5556,0.5263,0.8145
0.55,0.5238,0.5366,0.755
0.5,0.625,0.5556,0.7975
0.5714,0.6667,0.6154,0.8766
0.5714,0.5714,0.5714,0.7969
0.5,0.7143,0.5882,0.8209
0.4,0.5714,0.4706,0.7837
0.4,0.4211,0.4103,0.6975
0.55,0.5789,0.5641,0.807
0.6,0.7059,0.6486,0.855
0.35,0.3684,0.359,0.666
0.45,0.6,0.5143,0.7735
0.6,0.6,0.6,0.807
0.4762,0.625,0.5405,0.7949
0.4762,0.5,0.4878,0.7532
0.7,0.56,0.6222,0.8571
0.45,0.6429,0.5294,0.8138
0.4286,0.75,0.5455,0.7949
0.5714,0.6316,0.6,0.8285
0.5,0.5263,0.5128,0.825
0.55,0.4783,0.5116,0.728
0.8,0.6667,0.7273,0.874
0.6,0.6316,0.6154,0.8575
0.65,0.5909,0.619,0.8045
0.45,0.6429,0.5294,0.82
0.6,0.6316,0.6154,0.8352
0.4,0.4,0.4,0.7143
0.5,0.5882,0.5405,0.777
0.45,0.6429,0.5294,0.8285
0.5,0.4348,0.4651,0.724
0.65,0.5909,0.619,0.825
0.35,0.4667,0.4,0.6575
0.6,0.5714,0.5854,0.8215
0.5238,0.55,0.5366,0.7988
0.2857,0.6,0.3871,0.7881
0.45,0.4737,0.4615,0.8189
0.5,0.3846,0.4348,0.7582
0.3,0.3529,0.3243,0.7115
0.45,0.6,0.5143,0.815
0.45,0.4737,0.4615,0.756
0.3,0.5455,0.3871,0.785
0.5,0.3571,0.4167,0.7175
0.3,0.4615,0.3636,0.7195
0.5238,0.5789,0.55,0.7852
0.5238,0.5789,0.55,0.7784
0.55,0.6875,0.6111,0.873
0.55,0.6111,0.5789,0.7648
0.5238,0.4231,0.4681,0.7867
0.7143,0.5556,0.625,0.8411
0.5,0.4762,0.4878,0.796
0.55,0.6875,0.6111,0.847
0.45,0.5,0.4737,0.763
0.3,0.4615,0.3636,0.748
0.65,0.5417,0.5909,0.8115
0.5,0.5,0.5,0.7835
0.55,0.5238,0.5366,0.7673
0.4,0.4444,0.4211,0.7286
0.6,0.6,0.6,0.812
0.55,0.55,0.55,0.7885
0.6,0.5455,0.5714,0.772
0.6,0.5714,0.5854,0.8095
0.35,0.4667,0.4,0.775
0.4,0.5333,0.4571,0.7085
0.5714,0.5714,0.5714,0.8586
0.6667,0.7368,0.7,0.8644
0.45,0.5,0.4737,0.7587
0.6,0.6,0.6,0.7969
0.35,0.5833,0.4375,0.7585
0.55,0.6111,0.5789,0.804
0.4,0.4444,0.4211,0.71
0.35,0.5833,0.4375,0.7455
0.3,0.75,0.4286,0.7445
0.5,0.4348,0.4651,0.7495
0.619,0.5,0.5532,0.8246
0.4762,0.7143,0.5714,0.8343
0.35,0.4667,0.4,0.7668
0.4,0.4706,0.4324,0.7393
0.5238,0.5,0.5116,0.758
0.381,0.4706,0.4211,0.6948
0.7,0.56,0.6222,0.815
0.5,0.7143,0.5882,0.802
0.5,0.6667,0.5714,0.848
0.45,0.5,0.4737,0.762
0.55,0.5,0.5238,0.778
0.25,0.625,0.3571,0.8075
0.65,0.52,0.5778,0.7893
0.4,0.5714,0.4706,0.7643
0.7,0.6667,0.6829,0.865
0.4,0.6667,0.5,0.7565
0.3,0.4286,0.3529,0.783
0.6,0.6667,0.6316,0.8435
0.6,0.6667,0.6316,0.805
0.65,0.5,0.5652,0.7695
0.4286,0.5625,0.4865,0.7619
0.4286,0.5625,0.4865,0.7799
0.65,0.65,0.65,0.8668
0.3,0.3529,0.3243,0.7143
0.4286,0.6,0.5,0.7609
0.5714,0.6316,0.6,0.8722
0.75,0.75,0.75,0.8915
0.5,0.5882,0.5405,0.7515
0.5,0.4762,0.4878,0.7615
0.5,0.5882,0.5405,0.746
0.55,0.55,0.55,0.8165
0.35,0.4375,0.3889,0.7515
0.55,0.6111,0.5789,0.8107
0.35,0.6364,0.4516,0.7214
0.65,0.5417,0.5909,0.878
0.35,0.4375,0.3889,0.764
0.75,0.625,0.6818,0.8685
0.45,0.75,0.5625,0.785
0.45,0.5625,0.5,0.7665
0.4,0.5333,0.4571,0.748
0.3333,0.5385,0.4118,0.7211
0.4286,0.75,0.5455,0.794
0.6,0.5217,0.5581,0.7495
0.5,0.4167,0.4545,0.699
0.3333,0.5385,0.4118,0.8149
0.619,0.619,0.619,0.8095
0.55,0.6875,0.6111,0.7805
0.55,0.55,0.55,0.8085
0.6,0.5,0.5455,0.7645
0.55,0.6111,0.5789,0.815
0.5,0.5263,0.5128,0.7825
0.35,0.6364,0.4516,0.77
0.7,0.6667,0.6829,0.8974
0.4,0.6154,0.4848,0.7653
0.619,0.7647,0.6842,0.8844
0.5714,0.8571,0.6857,0.8431
0.65,0.65,0.65,0.8625
0.2,0.4444,0.2759,0.7095
0.5,0.5556,0.5263,0.759
0.5,0.5,0.5,0.755
0.4,0.5714,0.4706,0.759
0.5,0.6667,0.5714,0.8185
0.6,0.5714,0.5854,0.8469
0.25,0.3125,0.2778,0.7036
0.5714,0.6667,0.6154,0.8081
0.619,0.4815,0.5417,0.7945
0.25,0.3125,0.2778,0.673
0.65,0.619,0.6341,0.8705
0.4,0.4706,0.4324,0.683
0.55,0.4231,0.4783,0.7245
0.25,0.4167,0.3125,0.7335
0.6,0.6316,0.6154,0.8725
0.35,0.5,0.4118,0.7005
0.4,0.7273,0.5161,0.752
0.4,0.4444,0.4211,0.768
0.4,0.4706,0.4324,0.7665
0.7,0.7,0.7,0.841
0.45,0.5,0.4737,0.779
0.45,0.6,0.5143,0.776
0.75,0.625,0.6818,0.8645
0.4762,0.625,0.5405,0.7634
0.3333,0.5,0.4,0.7313
0.5,0.625,0.5556,0.7908
0.45,0.75,0.5625,0.8071
0.4286,0.5625,0.4865,0.7672
0.6667,0.8235,0.7368,0.8644
0.7,0.4828,0.5714,0.7775
0.65,0.619,0.6341,0.847
0.25,0.8333,0.3846,0.783
0.5,0.625,0.5556,0.83
0.55,0.6471,0.5946,0.8065
0.25,0.4167,0.3125,0.652
0.3,0.375,0.3333,0.7347
0.55,0.7333,0.6286,0.8653
0.45,0.5294,0.4865,0.744
0.2,0.2667,0.2286,0.6075
0.6,0.48,0.5333,0.7605
0.55,0.5789,0.5641,0.8085
0.5,0.6667,0.5714,0.754
0.4,0.5,0.4444,0.8105
0.5714,0.5217,0.5455,0.8071
0.5238,0.7857,0.6286,0.81
0.45,0.5625,0.5,0.7133
0.5,0.5,0.5,0.776
0.45,0.6923,0.5455,0.7635
0.4,0.5714,0.4706,0.654
0.6,0.6667,0.6316,0.857
0.55,0.5238,0.5366,0.816
0.35,0.4667,0.4,0.6785
0.45,0.45,0.45,0.698
0.5714,0.6316,0.6,0.826
0.381,0.6154,0.4706,0.8518
0.4,0.4211,0.4103,0.7204
0.7,0.6667,0.6829,0.8444
0.6,0.7059,0.6486,0.8485
0.4,0.5,0.4444,0.742
0.55,0.7857,0.6471,0.878
0.6,0.5217,0.5581,0.7765
0.45,0.5625,0.5,0.7765
0.2,0.2857,0.2353,0.7
0.5238,0.5789,0.55,0.794
0.5238,0.55,0.5366,0.8513
0.65,0.52,0.5778,0.7653
0.6,0.5217,0.5581,0.7883
0.55,0.4783,0.5116,0.7605
0.7,0.6087,0.6512,0.852
0.4,0.6154,0.4848,0.7495
0.5,0.4348,0.4651,0.753
0.5,0.5263,0.5128,0.8015
0.5,0.4762,0.4878,0.754
0.4286,0.6923,0.5294,0.7988
0.5238,0.7333,0.6111,0.8154
0.4,0.6154,0.4848,0.7878
0.45,0.6429,0.5294,0.8041
0.3,0.5,0.375,0.7885
0.55,0.5789,0.5641,0.806
0.5,0.4762,0.4878,0.7375
0.65,0.5909,0.619,0.824
0.4,0.4706,0.4324,0.7435
0.65,0.5,0.5652,0.8145
0.4762,0.5263,0.5,0.8134
0.3333,0.6364,0.4375,0.7672
0.45,0.5625,0.5,0.7454
0.6,0.6667,0.6316,0.8643
0.3,0.4615,0.3636,0.7505
0.65,0.5909,0.619,0.854
0.55,0.5789,0.5641,0.7775
0.5,0.4,0.4444,0.672
0.55,0.7333,0.6286,0.8085
0.45,0.6429,0.5294,0.751
0.4762,0.5,0.4878,0.7663
0.619,0.619,0.619,0.8435
0.35,0.3889,0.3684,0.6561
0.8,0.6154,0.6957,0.8556
0.3333,0.5833,0.4242,0.7702
0.4762,0.8333,0.6061,0.8285
0.6,0.5714,0.5854,0.8355
0.45,0.6,0.5143,0.805
0.6,0.6316,0.6154,0.803
0.8,0.7619,0.7805,0.924
0.6,0.4286,0.5,0.727
0.4,0.5333,0.4571,0.7495
0.4,0.5,0.4444,0.7801
0.4,0.6154,0.4848,0.7852
0.55,0.6111,0.5789,0.7845
0.6,0.6,0.6,0.8275
0.45,0.6,0.5143,0.7805
0.35,0.5833,0.4375,0.7625
0.4,0.5714,0.4706,0.8225
0.35,0.6364,0.4516,0.734
0.5238,0.55,0.5366,0.7692
0.4286,0.4737,0.45,0.7614
0.55,0.6875,0.6111,0.8372
0.65,0.7222,0.6842,0.8633
0.4286,0.6,0.5,0.7498
0.5238,0.6111,0.5641,0.8081
0.55,0.6875,0.6111,0.8255
0.6,0.6316,0.6154,0.8045
0.45,0.75,0.5625,0.718
0.4,0.5714,0.4706,0.7665
0.45,0.6429,0.5294,0.8055
0.6,0.6,0.6,0.83
0.6,0.5217,0.5581,0.7842
0.5,0.5,0.5,0.7046
0.55,0.7857,0.6471,0.882
0.5,0.4762,0.4878,0.719
0.4,0.4706,0.4324,0.7125
0.6,0.5217,0.5581,0.798
0.45,0.5,0.4737,0.731
0.55,0.5789,0.5641,0.852
0.619,0.52,0.5652,0.8192
0.619,0.7222,0.6667,0.8751
0.35,0.7,0.4667,0.8056
0.55,0.6875,0.6111,0.7842
0.55,0.6875,0.6111,0.7815
0.7,0.7,0.7,0.8985
0.7,0.56,0.6222,0.849
0.4,0.5333,0.4571,0.7275
0.4,0.5714,0.4706,0.7475
0.35,0.35,0.35,0.681
0.4762,0.625,0.5405,0.828
0.5238,0.5,0.5116,0.7838
0.7,0.7778,0.7368,0.898
0.55,0.55,0.55,0.802
0.381,0.5714,0.4571,0.8076
0.4286,0.4091,0.4186,0.6783
0.55,0.4583,0.5,0.7765
0.5,0.4762,0.4878,0.7625
0.65,0.5,0.5652,0.7945
0.5,0.6667,0.5714,0.84
0.55,0.5238,0.5366,0.7775
0.55,0.6875,0.6111,0.7795
0.45,0.5625,0.5,0.7888
0.55,0.6471,0.5946,0.8306
0.4,0.4211,0.4103,0.7505
0.5,0.625,0.5556,0.769
0.55,0.5,0.5238,0.7965
0.6,0.5714,0.5854,0.762
0.65,0.7222,0.6842,0.8935
0.55,0.6111,0.5789,0.825
0.3333,0.4375,0.3784,0.7187
0.5714,0.6316,0.6,0.8003
0.35,0.5,0.4118,0.724
0.5,0.4762,0.4878,0.7745
0.381,0.6154,0.4706,0.8188
0.5714,0.6667,0.6154,0.8256
0.65,0.619,0.6341,0.86
0.45,0.45,0.45,0.7435
0.5,0.7143,0.5882,0.8195
0.4,0.5,0.4444,0.7695
0.3,0.4,0.3429,0.703
0.3,0.4,0.3429,0.6955
0.5,0.6667,0.5714,0.8306
0.6,0.5714,0.5854,0.8046
0.3,0.4,0.3429,0.765
0.45,0.6,0.5143,0.78
0.35,0.4667,0.4,0.779
0.6,0.4286,0.5,0.7595
0.35,0.4667,0.4,0.7115
0.65,0.5909,0.619,0.819
0.4286,0.6429,0.5143,0.7915
0.4286,0.5,0.4615,0.7546
0.5,0.7692,0.6061,0.8061
0.45,0.5294,0.4865,0.7633
0.45,0.6923,0.5455,0.7825
0.65,0.619,0.6341,0.8435
0.5,0.625,0.5556,0.774
0.55,0.6471,0.5946,0.8665
0.65,0.52,0.5778,0.8095
0.35,0.35,0.35,0.6935
0.4286,0.5294,0.4737,0.7993
0.381,0.5,0.4324,0.7624
0.45,0.5294,0.4865,0.8327
0.65,0.65,0.65,0.8015
0.6667,0.6667,0.6667,0.828
0.381,0.4706,0.4211,0.6846
0.55,0.4783,0.5116,0.739
0.4,0.4444,0.4211,0.74
0.45,0.4737,0.4615,0.7905
0.4,0.5714,0.4706,0.784
0.4,0.7273,0.5161,0.814
0.65,0.619,0.6341,0.8475
0.65,0.619,0.6341,0.8372
0.6,0.6316,0.6154,0.824
0.4286,0.5294,0.4737,0.7668
0.5238,0.5238,0.5238,0.7522
0.35,0.6364,0.4516,0.7585
0.45,0.8182,0.5806,0.783
0.6,0.75,0.6667,0.8365
0.7,0.6364,0.6667,0.914
0.35,0.4375,0.3889,0.7405
0.45,0.75,0.5625,0.793
0.5,0.7143,0.5882,0.8184
0.2,0.5,0.2857,0.7214
0.6,0.5714,0.5854,0.84
0.6,0.6667,0.6316,0.849
0.6,0.6316,0.6154,0.818
0.15,0.75,0.25,0.7105
0.7,0.6364,0.6667,0.845
0.55,0.55,0.55,0.7945
0.619,0.6842,0.65,0.8523
0.4762,0.5,0.4878,0.7094
0.5,0.6667,0.5714,0.8133
0.45,0.5625,0.5,0.7995
0.2857,0.8571,0.4286,0.7726
0.2857,0.4615,0.3529,0.7318
0.5,0.5882,0.5405,0.7745
0.35,0.4667,0.4,0.6835
0.3,0.375,0.3333,0.7225
0.5,0.7692,0.6061,0.87
0.35,0.6364,0.4516,0.717
0.5,0.5263,0.5128,0.7615
0.55,0.9167,0.6875,0.8577
0.5,0.4545,0.4762,0.7306
0.5,0.6667,0.5714,0.803
0.75,0.75,0.75,0.8855
0.75,0.5769,0.6522,0.8415
0.45,0.6923,0.5455,0.812
0.35,0.5,0.4118,0.7605
0.3,0.6,0.4,0.687
0.4286,0.6,0.5,0.7687
0.6667,0.56,0.6087,0.8649
0.45,0.6,0.5143,0.7862
0.35,0.4667,0.4,0.6786
0.5,0.5556,0.5263,0.7905
0.45,0.5,0.4737,0.8035
0.5,0.625,0.5556,0.794
0.25,0.3846,0.303,0.7235
0.55,0.6875,0.6111,0.797
0.45,0.6923,0.5455,0.7535
0.619,0.619,0.619,0.8377
0.5238,0.5,0.5116,0.7843
0.45,0.6429,0.5294,0.8015
0.5,0.5882,0.5405,0.7878
0.45,0.5294,0.4865,0.781
0.3,0.5,0.375,0.751
0.45,0.5625,0.5,0.7725
0.5,0.5556,0.5263,0.7455
0.55,0.6471,0.5946,0.788
0.25,0.4167,0.3125,0.6655
0.6667,0.7778,0.7179,0.8882
0.3333,0.6364,0.4375,0.7959
0.5,0.5263,0.5128,0.7939
0.6,0.75,0.6667,0.8969
0.4286,0.5625,0.4865,0.8304
0.5238,0.5789,0.55,0.759
0.6,0.5455,0.5714,0.8255
0.55,0.7333,0.6286,0.828
0.6,0.5,0.5455,0.7935
0.4,0.6667,0.5,0.7395
0.45,0.6,0.5143,0.758
0.55,0.5,0.5238,0.8115
0.4,0.4706,0.4324,0.6699
0.7,0.6667,0.6829,0.8342
0.5714,0.4615,0.5106,0.7512
0.4286,0.6923,0.5294,0.8367
0.4,0.4211,0.4103,0.6955
0.45,0.4737,0.4615,0.743
0.5,0.5,0.5,0.7435
0.7,0.6364,0.6667,0.843
0.75,0.6522,0.6977,0.9145
0.6,0.5217,0.5581,0.817
0.5,0.5882,0.5405,0.8015
0.35,0.4375,0.3889,0.7128
0.381,0.4444,0.4103,0.6812
0.7619,0.5,0.6038,0.7925
0.5,0.5556,0.5263,0.8085
0.35,0.4375,0.3889,0.7245
0.4,0.5333,0.4571,0.7675
0.4,0.5,0.4444,0.765
0.7,0.6087,0.6512,0.8865
0.35,0.4118,0.3784,0.7015
0.65,0.6842,0.6667,0.8454
0.55,0.6875,0.6111,0.8005
0.4,0.4211,0.4103,0.703
0.5,0.5882,0.5405,0.738
0.7,0.5385,0.6087,0.825
0.35,0.4667,0.4,0.756
0.7,0.7,0.7,0.874
0.4,0.6154,0.4848,0.758
0.5238,0.6111,0.5641,0.775
0.5238,0.5,0.5116,0.7449
0.55,0.6471,0.5946,0.8469
0.35,0.4667,0.4,0.7393
0.6,0.48,0.5333,0.7915
0.6,0.6,0.6,0.812
0.5,0.7143,0.5882,0.801
0.35,0.4667,0.4,0.6915
0.65,0.5909,0.619,0.8065
0.55,0.6875,0.6111,0.775
0.619,0.6842,0.65,0.8406
0.3333,0.3889,0.359,0.7182
0.45,0.75,0.5625,0.8066
0.45,0.6,0.5143,0.7776
0.6667,0.6667,0.6667,0.8149
0.5714,0.5455,0.5581,0.812
0.35,0.5,0.4118,0.76
0.6,0.6,0.6,0.798
0.55,0.55,0.55,0.845
0.3,0.5,0.375,0.761
0.75,0.7895,0.7692,0.8995
0.35,0.3889,0.3684,0.694
0.65,0.5909,0.619,0.8388
0.55,0.55,0.55,0.8148
0.2857,0.5455,0.375,0.7857
0.6667,0.5833,0.6222,0.8343
0.55,0.44,0.4889,0.7455
0.55,0.6111,0.5789,0.848
0.55,0.7333,0.6286,0.8785
0.5,0.5263,0.5128,0.746
0.4,0.6154,0.4848,0.76
0.6,0.6316,0.6154,0.837
0.45,0.45,0.45,0.7383
0.5,0.5882,0.5405,0.7796
0.4,0.4706,0.4324,0.733
0.5,0.5882,0.5405,0.7675
0.5,0.6667,0.5714,0.8115
0.6,0.5217,0.5581,0.8165
0.5,0.5882,0.5405,0.783
0.45,0.6429,0.5294,0.793
0.5714,0.6,0.5854,0.8712
0.3333,0.5833,0.4242,0.7541
0.45,0.6429,0.5294,0.7602
0.8,0.5333,0.64,0.8566
0.2857,0.375,0.3243,0.6574
0.4286,0.5294,0.4737,0.7702
0.35,0.4667,0.4,0.7265
0.4,0.5333,0.4571,0.7005
0.6,0.8,0.6857,0.8345
0.6,0.5217,0.5581,0.811
0.35,0.4118,0.3784,0.6995
0.45,0.75,0.5625,0.8555
0.5,0.7143,0.5882,0.8388
0.6,0.6,0.6,0.8464
0.4286,0.75,0.5455,0.777
0.4286,0.6,0.5,0.792
0.45,0.6429,0.5294,0.8075
0.6,0.5455,0.5714,0.791
0.5,0.7143,0.5882,0.7985
0.5,0.5882,0.5405,0.766
0.5,0.625,0.5556,0.8135
0.35,0.5,0.4118,0.739
0.55,0.6111,0.5789,0.8352
0.3,0.4286,0.3529,0.7429
0.65,0.7222,0.6842,0.839
0.55,0.6875,0.6111,0.888
0.7,0.7,0.7,0.88
0.55,0.5,0.5238,0.785
0.4,0.4211,0.4103,0.7055
0.4,0.5,0.4444,0.768
0.4762,0.6667,0.5556,0.7862
0.5238,0.6875,0.5946,0.8367
0.3,0.3158,0.3077,0.6719
0.7,0.6667,0.6829,0.8582
0.4762,0.5556,0.5128,0.794
0.2857,0.4,0.3333,0.6467
0.45,0.6923,0.5455,0.826
0.7,0.7,0.7,0.8855
0.5,0.7143,0.5882,0.861
0.45,0.6429,0.5294,0.8115
0.5,0.5882,0.5405,0.7625
0.05,0.125,0.0714,0.599
0.5,0.5556,0.5263,0.7806
0.6,0.5714,0.5854,0.799
0.4,0.4211,0.4103,0.672
0.5,0.5882,0.5405,0.8145
0.45,0.5294,0.4865,0.766
0.7,0.875,0.7778,0.911
0.35,0.6364,0.4516,0.767
0.45,0.5625,0.5,0.7565
0.5238,0.6875,0.5946,0.8552
0.4762,0.5882,0.5263,0.7741
0.55,0.6471,0.5946,0.8372
0.65,0.52,0.5778,0.7709
0.7143,0.5172,0.6,0.7959
0.3333,0.5,0.4,0.7624
0.4,0.5333,0.4571,0.782
0.55,0.5789,0.5641,0.822
0.6,0.8,0.6857,0.876
0.5,0.5556,0.5263,0.805
0.65,0.5417,0.5909,0.7865
0.6,0.6,0.6,0.802
0.55,0.6471,0.5946,0.8087
0.65,0.6842,0.6667,0.8893
0.3333,0.5385,0.4118,0.7638
0.381,0.4706,0.4211,0.7775
0.4,0.6667,0.5,0.768
0.5,0.5,0.5,0.782
0.55,0.6471,0.5946,0.7705
0.6,0.6316,0.6154,0.8225
0.4,0.4706,0.4324,0.759
0.45,0.45,0.45,0.7135
0.6,0.6,0.6,0.8316
0.45,0.6,0.5143,0.7362
0.5,0.4348,0.4651,0.773
0.55,0.5789,0.5641,0.744
0.5,0.625,0.5556,0.817
0.4,0.6154,0.4848,0.798
0.55,0.6875,0.6111,0.883
0.5,0.7143,0.5882,0.7855
0.5714,0.5455,0.5581,0.8042
0.381,0.6667,0.4848,0.7794
0.45,0.6923,0.5455,0.7934
0.15,0.25,0.1875,0.674
0.3,0.6,0.4,0.73
0.5,0.5882,0.5405,0.823
0.65,0.5,0.5652,0.7725
0.55,0.7333,0.6286,0.8895
0.4,0.5333,0.4571,0.7265
0.4,0.5,0.4444,0.7545
0.619,0.7647,0.6842,0.8683
0.7619,0.8421,0.8,0.9198
0.2,0.5,0.2857,0.7077
0.4,0.5714,0.4706,0.7413
0.4762,0.5,0.4878,0.7342
0.4762,0.625,0.5405,0.8168
0.55,0.7333,0.6286,0.8555
0.45,0.6,0.5143,0.779
0.6,0.4286,0.5,0.79
0.6,0.7059,0.6486,0.8545
0.55,0.4583,0.5,0.7925
0.35,0.5833,0.4375,0.66
0.45,0.6,0.5143,0.8026
0.6,0.7059,0.6486,0.8367
0.45,0.6429,0.5294,0.764
0.35,0.3889,0.3684,0.636
0.55,0.44,0.4889,0.754
0.6,0.6,0.6,0.833
0.5,0.5556,0.5263,0.7965
0.45,0.6,0.5143,0.7975
0.619,0.7647,0.6842,0.8863
0.5238,0.44,0.4783,0.7658
0.4,0.6154,0.4848,0.7546
0.45,0.5294,0.4865,0.7668
0.6,0.6,0.6,0.7765
0.4,0.4444,0.4211,0.718
0.65,0.619,0.6341,0.7885
0.5,0.5263,0.5128,0.7675
0.65,0.6842,0.6667,0.863
0.4,0.4706,0.4324,0.7745
0.4286,0.4737,0.45,0.74
0.3333,0.6364,0.4375,0.7371
0.35,0.5833,0.4375,0.751
0.35,0.3684,0.359,0.7327
0.45,0.5294,0.4865,0.7335
0.65,0.65,0.65,0.8295
0.55,0.5,0.5238,0.799
0.65,0.6842,0.6667,0.829
0.4,0.381,0.3902,0.6225
0.45,0.45,0.45,0.7315
0.3333,0.4118,0.3684,0.6968
0.5238,0.6471,0.5789,0.8047
0.35,0.5833,0.4375,0.7913
0.7,0.6087,0.6512,0.875
0.35,0.4375,0.3889,0.6935
0.45,0.45,0.45,0.713
0.4,0.6667,0.5,0.774
0.3,0.4615,0.3636,0.7415
0.55,0.55,0.55,0.783
0.4,0.5714,0.4706,0.7675
0.4286,0.5294,0.4737,0.7901
0.5714,0.7059,0.6316,0.7857
0.6,0.6667,0.6316,0.8561
0.65,0.52,0.5778,0.8194
0.5238,0.5,0.5116,0.7206
0.3333,0.4667,0.3889,0.7138
0.75,0.625,0.6818,0.897
0.45,0.5,0.4737,0.778
0.45,0.6,0.5143,0.8145
0.6,0.6316,0.6154,0.8375
0.6,0.75,0.6667,0.847
0.55,0.55,0.55,0.7805
0.65,0.7647,0.7027,0.824
0.25,0.5556,0.3448,0.6867
0.4,0.7273,0.5161,0.824
0.7,0.5185,0.5957,0.84
0.2,0.3077,0.2424,0.687
0.25,0.3571,0.2941,0.676
0.4,0.5333,0.4571,0.7475
0.5,0.5882,0.5405,0.779
0.4286,0.5,0.4615,0.7566
0.2857,0.4615,0.3529,0.723
0.7,0.7,0.7,0.8689
0.4,0.4211,0.4103,0.7306
0.5238,0.6111,0.5641,0.7721
0.381,0.5,0.4324,0.7998
0.5,0.5882,0.5405,0.7125
0.5,0.5556,0.5263,0.781
0.5,0.5882,0.5405,0.8035
0.5,0.5882,0.5405,0.8085
0.55,0.5238,0.5366,0.8125
0.3,0.3,0.3,0.66
0.4,0.5714,0.4706,0.7526
0.65,0.6842,0.6667,0.8316
0.3,0.4615,0.3636,0.7175
0.6,0.5714,0.5854,0.8415
0.5,0.5882,0.5405,0.802
0.75,0.6522,0.6977,0.8435
0.6,0.5714,0.5854,0.8385
0.45,0.4737,0.4615,0.722
0.7619,0.5517,0.64,0.863
0.4286,0.6429,0.5143,0.7342
0.4,0.5,0.4444,0.7602
0.55,0.6111,0.5789,0.849
0.45,0.5625,0.5,0.7875
0.5,0.625,0.5556,0.7805
0.65,0.4815,0.5532,0.7995
0.55,0.5789,0.5641,0.7835
0.4,0.5333,0.4571,0.7875
0.5,0.5882,0.5405,0.781
0.5714,0.5714,0.5714,0.7891
0.4762,0.5882,0.5263,0.8367
0.5,0.6667,0.5714,0.8235
0.6,0.5455,0.5714,0.7796
0.4,0.5,0.4444,0.7945
0.35,0.5833,0.4375,0.7275
0.5,0.5263,0.5128,0.767
0.4,0.4706,0.4324,0.7715
0.35,0.7778,0.4828,0.79
0.6,0.6,0.6,0.8175
0.4286,0.4737,0.45,0.7721
0.5238,0.6875,0.5946,0.8479
0.5,0.5,0.5,0.7092
0.4,0.5333,0.4571,0.752
0.6,0.5,0.5455,0.768
0.5,0.4348,0.4651,0.721
0.55,0.6111,0.5789,0.82
0.65,0.5,0.5652,0.832
0.4,0.5714,0.4706,0.7495
0.6,0.6316,0.6154,0.8545
0.2857,0.3529,0.3158,0.6715
0.5238,0.55,0.5366,0.7891
0.55,0.6875,0.6111,0.8077
0.35,0.6364,0.4516,0.8056
0.4,0.6154,0.4848,0.7725
0.4,0.6154,0.4848,0.7655
0.4,0.6154,0.4848,0.715
0.65,0.619,0.6341,0.8525
0.55,0.5,0.5238,0.748
0.6,0.5217,0.5581,0.803
0.4286,0.6923,0.5294,0.8348
0.7619,0.5161,0.6154,0.7886
0.45,0.6923,0.5455,0.7867
0.4,0.381,0.3902,0.6755
0.5238,0.4583,0.4889,0.7823
0.4762,0.4762,0.4762,0.7614
0.5,0.625,0.5556,0.793
0.5,0.5,0.5,0.814
0.4,0.5,0.4444,0.72
0.55,0.8462,0.6667,0.847
0.55,0.6875,0.6111,0.786
0.45,0.5294,0.4865,0.7865
0.6,0.5455,0.5714,0.775
0.65,0.4483,0.5306,0.7454
0.55,0.6875,0.6111,0.78
0.55,0.6471,0.5946,0.795
0.55,0.7333,0.6286,0.859
0.4,0.6154,0.4848,0.74
0.55,0.5789,0.5641,0.811
0.5,0.5882,0.5405,0.7965
0.5238,0.6111,0.5641,0.8042
0.619,0.65,0.6341,0.8649
0.4,0.4706,0.4324,0.7168
0.55,0.5238,0.5366,0.7648
0.619,0.5417,0.5778,0.8129
0.5238,0.4783,0.5,0.7464
0.4,0.5714,0.4706,0.768
0.5,0.5556,0.5263,0.8105
0.55,0.6875,0.6111,0.842
0.45,0.5294,0.4865,0.772
0.45,0.6429,0.5294,0.747
0.55,0.5,0.5238,0.7615
0.55,0.6471,0.5946,0.8224
0.45,0.6429,0.5294,0.7617
0.5238,0.6111,0.5641,0.7527
0.6667,0.7,0.6829,0.8275
0.45,0.6429,0.5294,0.7965
0.55,0.6875,0.6111,0.824
0.65,0.7222,0.6842,0.859
0.5,0.5263,0.5128,0.8245
0.45,0.3913,0.4186,0.674
0.3,0.3529,0.3243,0.705
0.45,0.6923,0.5455,0.8255
0.45,0.6429,0.5294,0.7934
0.4,0.5,0.4444,0.6815
0.7,0.5833,0.6364,0.865
0.5,0.4762,0.4878,0.755
0.55,0.6875,0.6111,0.808
0.55,0.5238,0.5366,0.7865
0.35,0.5833,0.4375,0.8145
0.6667,0.5833,0.6222,0.8562
0.5714,0.6667,0.6154,0.8528
0.3,0.4615,0.3636,0.7316
0.65,0.5652,0.6047,0.8286
0.4286,0.6923,0.5294,0.757
0.5238,0.5,0.5116,0.7638
0.45,0.45,0.45,0.745
0.35,0.4375,0.3889,0.722
0.45,0.5294,0.4865,0.7665
0.7,0.6667,0.6829,0.865
0.55,0.5238,0.5366,0.79
0.45,0.6429,0.5294,0.8315
0.55,0.6471,0.5946,0.7888
0.45,0.6,0.5143,0.8184
0.5,0.5263,0.5128,0.781
0.75,0.6522,0.6977,0.88
0.6,0.6667,0.6316,0.8345
0.6,0.5714,0.5854,0.813
0.55,0.7857,0.6471,0.8635
0.65,0.6842,0.6667,0.814
0.381,0.5714,0.4571,0.7425
0.4286,0.6,0.5,0.7575
0.6,0.5,0.5455,0.8015
0.3,0.3529,0.3243,0.7281
0.5238,0.6111,0.5641,0.844
0.4286,0.6429,0.5143,0.7901
0.7,0.6667,0.6829,0.85
0.6,0.5217,0.5581,0.796
0.25,0.5,0.3333,0.735
0.6,0.6,0.6,0.7795
0.6,0.6,0.6,0.8385
0.55,0.6471,0.5946,0.7945
0.6,0.6,0.6,0.8005
0.45,0.5294,0.4865,0.7745
0.7143,0.6522,0.6818,0.8737
0.5238,0.6471,0.5789,0.794
0.4,0.5714,0.4706,0.7705
0.3,0.5,0.375,0.706
0.55,0.6111,0.5789,0.814
0.55,0.44,0.4889,0.759
0.45,0.3913,0.4186,0.743
0.55,0.7333,0.6286,0.8755
0.55,0.44,0.4889,0.776
0.4,0.5,0.4444,0.7531
0.4,0.4,0.4,0.7175
0.6,0.5714,0.5854,0.845
0.4,0.5714,0.4706,0.789
0.3,0.4615,0.3636,0.691
0.45,0.6,0.5143,0.7895
0.7,0.6364,0.6667,0.821
0.381,0.3333,0.3556,0.6268
0.6667,0.5185,0.5833,0.7818
0.6,0.7059,0.6486,0.849
0.35,0.3889,0.3684,0.6776
0.6,0.5714,0.5854,0.826
0.65,0.619,0.6341,0.8315
0.4,0.5,0.4444,0.7585
0.3,0.5,0.375,0.764
0.5,0.5882,0.5405,0.7915
0.45,0.4737,0.4615,0.7585
0.3333,0.4667,0.3889,0.7493
0.4762,0.625,0.5405,0.7609
0.65,0.65,0.65,0.8474
0.4,0.4444,0.4211,0.7
0.4762,0.6667,0.5556,0.8158
0.4762,0.5556,0.5128,0.8017
0.65,0.4815,0.5532,0.7935
0.5,0.6667,0.5714,0.8195
0.25,0.4167,0.3125,0.6865
0.25,0.5,0.3333,0.694
0.7,0.7368,0.7179,0.8965
0.55,0.6875,0.6111,0.8065
0.5,0.5556,0.5263,0.7776
0.5,0.4545,0.4762,0.7434
0.45,0.5294,0.4865,0.7485
0.5,0.7692,0.6061,0.802
0.4,0.6154,0.4848,0.7225
0.6,0.5714,0.5854,0.8525
0.65,0.4815,0.5532,0.804
0.35,0.5,0.4118,0.7435
0.4762,0.5882,0.5263,0.7964
0.619,0.65,0.6341,0.8474
0.35,0.5,0.4118,0.6985
0.7,0.6364,0.6667,0.8832
0.65,0.65,0.65,0.853
0.5,0.4348,0.4651,0.732
0.35,0.3889,0.3684,0.712
0.45,0.5294,0.4865,0.7945
0.35,0.6364,0.4516,0.8205
0.65,0.5652,0.6047,0.8575
0.4286,0.4737,0.45,0.7687
0.4286,0.5625,0.4865,0.6968
0.55,0.5,0.5238,0.7495
0.45,0.5294,0.4865,0.7628
0.25,0.4167,0.3125,0.7325
0.55,0.5,0.5238,0.7335
0.7,0.7,0.7,0.903
0.4,0.4,0.4,0.7365
0.65,0.6842,0.6667,0.837
0.65,0.65,0.65,0.839
0.4286,0.5294,0.4737,0.7736
0.3333,0.4667,0.3889,0.6924
0.75,0.625,0.6818,0.8673
0.55,0.7333,0.6286,0.8505
0.3,0.4615,0.3636,0.706
0.5,0.7143,0.5882,0.826
0.65,0.6842,0.6667,0.872
0.6,0.6316,0.6154,0.882
0.2,0.3333,0.25,0.7235
0.5,0.4762,0.4878,0.7495
0.4762,0.5263,0.5,0.7604
0.2857,0.6,0.3871,0.7498
0.45,0.4091,0.4286,0.7245
0.6,0.8571,0.7059,0.8418
0.2857,0.3529,0.3158,0.6438
0.4762,0.625,0.5405,0.8212
0.4,0.4444,0.4211,0.746
0.7,0.6087,0.6512,0.866
0.45,0.6,0.5143,0.726
0.65,0.5417,0.5909,0.806
0.6,0.7059,0.6486,0.8275
0.6,0.6316,0.6154,0.8595
0.4,0.5714,0.4706,0.7781
0.8,0.6154,0.6957,0.8949
0.4762,0.6667,0.5556,0.8469
0.4762,0.5263,0.5,0.7823
0.6,0.6316,0.6154,0.82
0.3,0.3529,0.3243,0.6385
0.4,0.5333,0.4571,0.7125
0.5,0.5,0.5,0.784
0.45,0.9,0.6,0.808
0.5,0.4348,0.4651,0.77
0.4,0.6154,0.4848,0.725
0.55,0.5789,0.5641,0.8026
0.6,0.7059,0.6486,0.8165
0.35,0.6364,0.4516,0.7685
0.35,0.4667,0.4,0.7255
0.4,0.6154,0.4848,0.8015
0.45,0.75,0.5625,0.8385
0.45,0.5625,0.5,0.7905
0.5714,0.6316,0.6,0.8222
0.619,0.52,0.5652,0.8231
0.4,0.4444,0.4211,0.7128
0.55,0.7333,0.6286,0.8571
0.5238,0.6471,0.5789,0.8537
0.6667,0.6667,0.6667,0.7906
0.4,0.5333,0.4571,0.786
0.5,0.6667,0.5714,0.8525
0.6,0.5714,0.5854,0.854
0.5,0.625,0.5556,0.794
0.4,0.5,0.4444,0.7295
0.4,0.5714,0.4706,0.767
0.5,0.5882,0.5405,0.7969
0.6,0.5,0.5455,0.7898
0.45,0.6,0.5143,0.815
0.55,0.5238,0.5366,0.798
0.6,0.6,0.6,0.855
0.4,0.4,0.4,0.6605
0.55,0.5238,0.5366,0.781
0.4,0.8889,0.5517,0.8455
0.381,0.4706,0.4211,0.7449
0.381,0.5714,0.4571,0.7755
0.35,0.4667,0.4,0.7474
0.2,0.3636,0.2581,0.6755
0.381,0.3077,0.3404,0.6025
0.381,0.5714,0.4571,0.7376
0.75,0.6,0.6667,0.889
0.4,0.4,0.4,0.73
0.5,0.625,0.5556,0.756
0.45,0.5625,0.5,0.79
0.65,0.52,0.5778,0.83
0.45,0.4286,0.439,0.7225
0.45,0.5,0.4737,0.6832
0.5,0.3846,0.4348,0.748
0.7,0.56,0.6222,0.8265
0.45,0.5294,0.4865,0.748
0.5,0.625,0.5556,0.8155
0.5,0.5,0.5,0.784
0.55,0.5789,0.5641,0.803
0.4,0.5,0.4444,0.746
0.381,0.6154,0.4706,0.7595
0.5714,0.6316,0.6,0.7692
0.6,0.6667,0.6316,0.8612
0.55,0.5238,0.5366,0.8163
0.65,0.7222,0.6842,0.852
0.5,0.4167,0.4545,0.745
0.55,0.7333,0.6286,0.828
0.55,0.55,0.55,0.8435
0.3,0.4286,0.3529,0.7035
0.5,0.4348,0.4651,0.748
0.7143,0.7895,0.75,0.8829
0.619,0.7222,0.6667,0.88
0.65,0.5652,0.6047,0.7969
0.55,0.7857,0.6471,0.8776
0.7,0.6364,0.6667,0.845
0.4,0.5333,0.4571,0.751
0.6,0.7059,0.6486,0.837
0.75,0.6522,0.6977,0.89
0.45,0.375,0.4091,0.686
0.6,0.75,0.6667,0.829
0.4286,0.4737,0.45,0.7235
0.4762,0.7143,0.5714,0.8115
0.65,0.5417,0.5909,0.8117
0.45,0.5,0.4737,0.7679
RUSVoteBag
0.8571,0.5,0.6316,0.8669
0.5714,0.5,0.5333,0.7216
0.8,0.6667,0.7273,0.8265
0.9,0.72,0.8,0.9455
0.75,0.5172,0.6122,0.7755
0.55,0.6471,0.5946,0.8855
0.7,0.56,0.6222,0.8435
0.75,0.5,0.6,0.814
0.85,0.5484,0.6667,0.8495
0.7,0.6667,0.6829,0.8546
0.85,0.5484,0.6667,0.8425
0.9,0.75,0.8182,0.8685
0.65,0.6842,0.6667,0.805
0.95,0.4872,0.6441,0.8245
0.45,0.4737,0.4615,0.782
0.85,0.6296,0.7234,0.901
0.5238,0.44,0.4783,0.6817
0.7143,0.6522,0.6818,0.9111
0.85,0.68,0.7556,0.9255
0.7,0.5,0.5833,0.777
0.85,0.6071,0.7083,0.8555
0.75,0.625,0.6818,0.825
0.5,0.6667,0.5714,0.773
0.85,0.6538,0.7391,0.8915
0.8,0.6957,0.7442,0.9285
0.85,0.6538,0.7391,0.861
0.7143,0.6,0.6522,0.8178
0.8571,0.6207,0.72,0.8644
0.75,0.625,0.6818,0.8337
0.85,0.5862,0.6939,0.8918
0.7619,0.8,0.7805,0.9451
0.8571,0.5806,0.6923,0.9247
0.6,0.6,0.6,0.8595
0.8,0.5517,0.6531,0.8355
0.7,0.4667,0.56,0.732
0.55,0.6875,0.6111,0.7985
0.85,0.5862,0.6939,0.8575
0.8,0.6154,0.6957,0.839
0.65,0.5909,0.619,0.7852
0.8,0.5517,0.6531,0.8526
0.75,0.5556,0.6383,0.7935
0.8,0.5714,0.6667,0.8035
0.85,0.6296,0.7234,0.9035
0.8,0.7273,0.7619,0.9405
0.65,0.5652,0.6047,0.847
0.55,0.6111,0.5789,0.803
0.7143,0.6,0.6522,0.8557
0.7619,0.64,0.6957,0.8484
0.8,0.5714,0.6667,0.8633
0.6,0.4615,0.5217,0.7827
0.75,0.6,0.6667,0.812
0.65,0.5417,0.5909,0.819
0.8,0.5333,0.64,0.837
0.75,0.5556,0.6383,0.8315
0.7,0.6087,0.6512,0.825
0.9,0.72,0.8,0.912
0.8571,0.6667,0.75,0.9048
0.619,0.619,0.619,0.8017
0.7,0.6667,0.6829,0.8372
0.8,0.5926,0.6809,0.8531
0.65,0.4643,0.5417,0.7055
0.7,0.56,0.6222,0.8675
0.8,0.6667,0.7273,0.908
0.65,0.52,0.5778,0.753
0.6,0.6,0.6,0.7675
0.8,0.5333,0.64,0.8455
0.7143,0.6,0.6522,0.7945
0.7143,0.5357,0.6122,0.7891
0.85,0.6071,0.7083,0.8959
0.8,0.6154,0.6957,0.902
0.7619,0.6667,0.7111,0.8707
0.9048,0.6129,0.7308,0.8931
0.75,0.6818,0.7143,0.8695
0.75,0.4839,0.5882,0.77
0.7,0.56,0.6222,0.8405
0.7,0.6364,0.6667,0.856
0.75,0.6522,0.6977,0.8255
0.7,0.6667,0.6829,0.869
0.75,0.7143,0.7317,0.874
0.65,0.5417,0.5909,0.8163
0.85,0.6538,0.7391,0.9075
0.8,0.5517,0.6531,0.829
0.7,0.4828,0.5714,0.771
0.8,0.5714,0.6667,0.866
0.6,0.5,0.5455,0.7165
0.85,0.6538,0.7391,0.888
0.7619,0.5714,0.6531,0.8737
0.619,0.619,0.619,0.8362
0.75,0.7143,0.7317,0.9291
0.65,0.5417,0.5909,0.8214
0.7,0.56,0.6222,0.805
0.75,0.6,0.6667,0.8725
0.9,0.6,0.72,0.8835
0.8,0.6667,0.7273,0.882
0.7,0.6087,0.6512,0.795
0.5,0.5882,0.5405,0.7855
0.9524,0.5714,0.7143,0.8785
0.7143,0.5357,0.6122,0.8246
0.8,0.6667,0.7273,0.8923
0.8,0.5714,0.6667,0.7903
0.7143,0.5556,0.625,0.8105
0.8571,0.6,0.7059,0.8873
0.8,0.6154,0.6957,0.8575
0.8,0.6957,0.7442,0.892
0.6,0.6667,0.6316,0.8105
0.65,0.5909,0.619,0.785
0.7,0.6364,0.6667,0.8215
0.7,0.5385,0.6087,0.845
0.5,0.5,0.5,0.7995
0.8,0.6667,0.7273,0.8582
0.7,0.6667,0.6829,0.8645
0.65,0.5652,0.6047,0.8365
0.9,0.5,0.6429,0.8135
0.8,0.5926,0.6809,0.854
0.75,0.5357,0.625,0.8475
0.55,0.5789,0.5641,0.7905
0.6667,0.56,0.6087,0.8552
0.8571,0.6923,0.766,0.8732
0.7,0.5385,0.6087,0.8403
0.6,0.5217,0.5581,0.798
0.8,0.5517,0.6531,0.8425
0.65,0.5417,0.5909,0.847
0.8,0.5517,0.6531,0.8115
0.7,0.5833,0.6364,0.8555
0.6,0.7059,0.6486,0.845
0.7,0.4828,0.5714,0.793
0.9048,0.6333,0.7451,0.9266
0.6667,0.7368,0.7,0.8814
0.6,0.5,0.5455,0.798
0.6,0.4286,0.5,0.7138
0.619,0.52,0.5652,0.8163
0.619,0.619,0.619,0.794
0.75,0.5556,0.6383,0.828
0.75,0.6522,0.6977,0.8375
0.55,0.6111,0.5789,0.8575
0.65,0.4643,0.5417,0.7605
0.8,0.6667,0.7273,0.8355
0.75,0.7895,0.7692,0.8985
0.9,0.6207,0.7347,0.8607
0.85,0.5484,0.6667,0.8383
0.95,0.6333,0.76,0.901
0.7,0.5833,0.6364,0.8295
0.7,0.7778,0.7368,0.916
0.7,0.5833,0.6364,0.864
0.75,0.4688,0.5769,0.7775
0.55,0.4583,0.5,0.747
0.5714,0.5714,0.5714,0.7818
0.7619,0.5714,0.6531,0.8601
0.9,0.6667,0.766,0.8913
0.6,0.6,0.6,0.823
0.7143,0.5357,0.6122,0.8304
0.8095,0.8095,0.8095,0.9334
0.65,0.5909,0.619,0.8355
0.6,0.5217,0.5581,0.8065
0.75,0.4545,0.566,0.846
0.85,0.5484,0.6667,0.8375
0.85,0.7083,0.7727,0.9095
0.65,0.6842,0.6667,0.8715
0.8,0.6957,0.7442,0.8474
0.65,0.52,0.5778,0.7638
0.95,0.6552,0.7755,0.934
0.85,0.6071,0.7083,0.8815
0.95,0.6129,0.7451,0.903
0.7,0.5,0.5833,0.827
0.7,0.5833,0.6364,0.8145
0.55,0.6111,0.5789,0.782
0.5238,0.55,0.5366,0.7619
0.7143,0.625,0.6667,0.8032
0.75,0.5769,0.6522,0.852
0.6,0.48,0.5333,0.7281
0.6667,0.5833,0.6222,0.8197
0.619,0.619,0.619,0.809
0.8,0.6957,0.7442,0.8525
0.75,0.5357,0.625,0.8315
0.65,0.4815,0.5532,0.7655
0.7,0.5385,0.6087,0.8335
0.55,0.4583,0.5,0.7765
0.7,0.5833,0.6364,0.8195
0.9,0.6667,0.766,0.9153
0.8,0.6154,0.6957,0.8934
0.7619,0.7619,0.7619,0.914
0.7619,0.6957,0.7273,0.8805
0.7,0.5385,0.6087,0.841
0.6,0.5714,0.5854,0.806
0.6,0.4444,0.5106,0.759
0.65,0.52,0.5778,0.7985
0.65,0.5909,0.619,0.803
0.8,0.6154,0.6957,0.864
0.75,0.6,0.6667,0.851
0.75,0.5556,0.6383,0.8214
0.7619,0.6154,0.6809,0.8562
0.9048,0.5758,0.7037,0.8348
0.55,0.5789,0.5641,0.765
0.7,0.5385,0.6087,0.874
0.65,0.5417,0.5909,0.728
0.6,0.4615,0.5217,0.79
0.75,0.6818,0.7143,0.8965
0.9,0.6207,0.7347,0.9135
0.55,0.5789,0.5641,0.7474
0.65,0.5417,0.5909,0.8026
0.65,0.5652,0.6047,0.842
0.75,0.5172,0.6122,0.758
0.9,0.5,0.6429,0.877
0.75,0.5556,0.6383,0.832
0.8,0.7273,0.7619,0.8955
0.75,0.5556,0.6383,0.8265
0.619,0.5652,0.5909,0.7935
0.619,0.5,0.5532,0.7702
0.85,0.6538,0.7391,0.8791
0.75,0.5769,0.6522,0.8821
0.8571,0.6667,0.75,0.8406
0.8095,0.6538,0.7234,0.8771
0.7,0.5385,0.6087,0.8175
0.75,0.7143,0.7317,0.8825
0.5,0.5556,0.5263,0.7905
0.8,0.6154,0.6957,0.86
0.8,0.6154,0.6957,0.873
0.65,0.5652,0.6047,0.7795
0.75,0.5769,0.6522,0.7954
0.75,0.5769,0.6522,0.8857
0.65,0.619,0.6341,0.8285
0.75,0.6818,0.7143,0.841
0.7,0.4828,0.5714,0.78
0.8,0.5926,0.6809,0.871
0.85,0.5152,0.6415,0.831
0.75,0.625,0.6818,0.889
0.7143,0.6,0.6522,0.8528
0.7143,0.625,0.6667,0.8319
0.6,0.5714,0.5854,0.7582
0.7,0.6364,0.6667,0.8444
0.7,0.5833,0.6364,0.841
0.6,0.5217,0.5581,0.692
0.75,0.5769,0.6522,0.882
0.8,0.5517,0.6531,0.8675
0.7,0.5185,0.5957,0.7725
0.6,0.5714,0.5854,0.7895
0.7619,0.6154,0.6809,0.862
0.7619,0.7273,0.7442,0.9057
0.85,0.5862,0.6939,0.8291
0.75,0.625,0.6818,0.8393
0.75,0.5172,0.6122,0.845
0.7,0.5385,0.6087,0.7775
0.8,0.6957,0.7442,0.895
0.7,0.5,0.5833,0.8175
0.7,0.7,0.7,0.86
0.45,0.375,0.4091,0.727
0.8095,0.6071,0.6939,0.8533
0.8571,0.72,0.7826,0.9155
0.75,0.5172,0.6122,0.7566
0.8,0.64,0.7111,0.8755
0.75,0.5357,0.625,0.8015
0.8,0.5714,0.6667,0.887
0.75,0.625,0.6818,0.821
0.65,0.5652,0.6047,0.81
0.75,0.5769,0.6522,0.848
0.8,0.5,0.6154,0.83
0.7619,0.5926,0.6667,0.844
0.7619,0.64,0.6957,0.8625
0.6,0.75,0.6667,0.8689
0.65,0.5652,0.6047,0.852
0.55,0.5789,0.5641,0.8215
0.9,0.5625,0.6923,0.89
0.7,0.5385,0.6087,0.807
0.7,0.5833,0.6364,0.8565
0.8,0.64,0.7111,0.849
0.9,0.5294,0.6667,0.88
0.619,0.619,0.619,0.8494
0.5238,0.55,0.5366,0.7886
0.65,0.5652,0.6047,0.802
0.85,0.6538,0.7391,0.9077
0.75,0.7143,0.7317,0.895
0.9,0.5806,0.7059,0.886
0.7,0.6087,0.6512,0.827
0.6,0.4615,0.5217,0.721
0.65,0.52,0.5778,0.7945
0.7,0.5,0.5833,0.781
0.8571,0.75,0.8,0.9038
0.8571,0.75,0.8,0.9315
0.65,0.4643,0.5417,0.7434
0.85,0.6538,0.7391,0.8837
0.7143,0.6,0.6522,0.8469
0.6667,0.6364,0.6512,0.8552
0.75,0.5556,0.6383,0.8675
0.7,0.6087,0.6512,0.8375
0.7,0.5833,0.6364,0.824
0.85,0.5862,0.6939,0.8995
0.8,0.5333,0.64,0.742
0.75,0.5357,0.625,0.83
0.85,0.6296,0.7234,0.8893
0.7,0.6087,0.6512,0.8571
0.7,0.5185,0.5957,0.799
0.8,0.5714,0.6667,0.8365
0.6,0.5714,0.5854,0.804
0.7,0.6087,0.6512,0.84
0.75,0.6818,0.7143,0.9055
0.8,0.6154,0.6957,0.8255
0.8095,0.5862,0.68,0.8586
0.8095,0.6071,0.6939,0.8158
0.8,0.6957,0.7442,0.8643
0.9,0.6667,0.766,0.9158
0.8095,0.7083,0.7556,0.8426
0.7619,0.64,0.6957,0.8639
0.8,0.6667,0.7273,0.883
0.75,0.5357,0.625,0.779
0.6,0.6,0.6,0.738
0.65,0.5652,0.6047,0.813
0.85,0.7083,0.7727,0.9055
0.8,0.6667,0.7273,0.8855
0.6,0.48,0.5333,0.8112
0.6,0.4444,0.5106,0.774
0.85,0.7391,0.7907,0.9525
0.7,0.4828,0.5714,0.7825
0.4,0.4,0.4,0.6835
0.7,0.6087,0.6512,0.8345
0.7,0.6087,0.6512,0.788
0.75,0.5,0.6,0.8475
0.7143,0.5,0.5882,0.7799
0.9524,0.8333,0.8889,0.9621
0.8,0.7273,0.7619,0.9
0.7,0.5185,0.5957,0.8005
0.8,0.5333,0.64,0.81
0.65,0.5909,0.619,0.87
0.85,0.7083,0.7727,0.898
0.8,0.4706,0.5926,0.806
0.85,0.6071,0.7083,0.805
0.4,0.4444,0.4211,0.7035
0.8095,0.6071,0.6939,0.8469
0.8571,0.6923,0.766,0.8552
0.75,0.6522,0.6977,0.9005
0.85,0.5862,0.6939,0.8898
0.8095,0.6296,0.7083,0.8552
0.5714,0.5,0.5333,0.724
0.8,0.5517,0.6531,0.834
0.6,0.6,0.6,0.8415
0.75,0.5769,0.6522,0.793
0.85,0.7083,0.7727,0.918
0.8,0.6154,0.6957,0.8565
0.7,0.5,0.5833,0.811
0.65,0.619,0.6341,0.8321
0.8,0.6667,0.7273,0.851
0.7,0.4828,0.5714,0.7925
0.7,0.7368,0.7179,0.8405
0.8,0.64,0.7111,0.892
0.85,0.4857,0.6182,0.815
0.8,0.7619,0.7805,0.934
0.75,0.5,0.6,0.834
0.5238,0.55,0.5366,0.757
0.7619,0.6154,0.6809,0.846
0.6,0.6316,0.6154,0.7923
0.85,0.6538,0.7391,0.8923
0.6667,0.6667,0.6667,0.8887
0.7143,0.5357,0.6122,0.8547
0.75,0.5,0.6,0.835
0.75,0.75,0.75,0.8475
0.75,0.6,0.6667,0.8665
0.75,0.625,0.6818,0.84
0.8,0.64,0.7111,0.8495
0.65,0.4194,0.5098,0.7445
0.9,0.6923,0.7826,0.8893
0.6,0.6,0.6,0.8316
0.6,0.5714,0.5854,0.8745
0.75,0.5769,0.6522,0.866
0.75,0.7143,0.7317,0.8735
0.75,0.5357,0.625,0.8045
0.6,0.5217,0.5581,0.7645
0.75,0.6,0.6667,0.844
0.8095,0.5152,0.6296,0.8188
0.6667,0.6087,0.6364,0.8309
0.7,0.7368,0.7179,0.8311
0.5,0.5,0.5,0.7883
0.6,0.5455,0.5714,0.806
0.85,0.5313,0.6538,0.862
0.85,0.6071,0.7083,0.8525
0.65,0.65,0.65,0.8725
0.75,0.4839,0.5882,0.807
0.85,0.6071,0.7083,0.83
0.7143,0.625,0.6667,0.8362
0.5714,0.5455,0.5581,0.794
0.75,0.7143,0.7317,0.9199
0.85,0.6538,0.7391,0.8663
0.7619,0.64,0.6957,0.8469
0.7143,0.6,0.6522,0.8873
0.85,0.5862,0.6939,0.834
0.45,0.5625,0.5,0.733
0.8,0.5926,0.6809,0.874
0.75,0.6,0.6667,0.898
0.65,0.5652,0.6047,0.863
0.65,0.4815,0.5532,0.794
0.8,0.6957,0.7442,0.8474
0.7,0.56,0.6222,0.8224
0.8095,0.5,0.6182,0.8741
0.619,0.4643,0.5306,0.723
0.75,0.75,0.75,0.9
0.75,0.6,0.6667,0.847
0.65,0.5417,0.5909,0.823
0.95,0.7917,0.8636,0.9615
0.75,0.4688,0.5769,0.7865
0.7,0.5833,0.6364,0.779
0.7,0.7,0.7,0.8281
0.7,0.5833,0.6364,0.7913
0.9,0.72,0.8,0.9165
0.8,0.64,0.7111,0.859
0.75,0.625,0.6818,0.8365
0.5,0.5,0.5,0.7515
0.9,0.6667,0.766,0.9135
0.8,0.5926,0.6809,0.852
0.8571,0.6429,0.7347,0.8771
0.6667,0.56,0.6087,0.7779
0.7,0.5385,0.6087,0.8168
0.7,0.6667,0.6829,0.8408
0.8095,0.6296,0.7083,0.8426
0.8095,0.6538,0.7234,0.8222
0.75,0.7143,0.7317,0.883
0.65,0.52,0.5778,0.7155
0.75,0.5556,0.6383,0.829
0.8,0.5926,0.6809,0.8635
0.65,0.619,0.6341,0.7545
0.9,0.5294,0.6667,0.834
0.95,0.7037,0.8085,0.9561
0.8,0.5333,0.64,0.8005
0.65,0.5909,0.619,0.848
0.8,0.64,0.7111,0.8985
0.8,0.5926,0.6809,0.842
0.65,0.52,0.5778,0.82
0.75,0.5357,0.625,0.8365
0.6,0.5,0.5455,0.772
0.7143,0.6,0.6522,0.829
0.8571,0.6923,0.766,0.9276
0.65,0.5652,0.6047,0.7883
0.55,0.5238,0.5366,0.7383
0.85,0.68,0.7556,0.911
0.75,0.5172,0.6122,0.8285
0.75,0.5556,0.6383,0.817
0.65,0.619,0.6341,0.8155
0.75,0.6,0.6667,0.8465
0.6,0.5217,0.5581,0.754
0.8095,0.5152,0.6296,0.8469
0.7619,0.5517,0.64,0.8562
0.65,0.619,0.6341,0.8551
0.75,0.6,0.6667,0.8327
0.6,0.6,0.6,0.8455
0.6,0.48,0.5333,0.789
0.8,0.64,0.7111,0.859
0.7,0.5833,0.6364,0.7745
0.8,0.6154,0.6957,0.827
0.75,0.5,0.6,0.782
0.7143,0.6,0.6522,0.8722
0.5714,0.6,0.5854,0.8183
0.6,0.5714,0.5854,0.8133
0.75,0.6,0.6667,0.9026
0.7143,0.5769,0.6383,0.8683
0.7143,0.6,0.6522,0.7755
0.65,0.5909,0.619,0.888
0.8,0.5333,0.64,0.8565
0.7,0.5385,0.6087,0.7995
0.7,0.6667,0.6829,0.8075
0.8,0.5517,0.6531,0.8315
0.75,0.5556,0.6383,0.874
0.8,0.5517,0.6531,0.8378
0.8,0.64,0.7111,0.8515
0.8095,0.5667,0.6667,0.8469
0.619,0.65,0.6341,0.7988
0.6,0.5,0.5455,0.798
0.7,0.5185,0.5957,0.798
0.8,0.4848,0.6038,0.839
0.75,0.6818,0.7143,0.892
0.85,0.7083,0.7727,0.9355
0.65,0.52,0.5778,0.8265
0.7,0.5833,0.6364,0.8429
0.7,0.6364,0.6667,0.8219
0.5714,0.5217,0.5455,0.7498
0.7143,0.5769,0.6383,0.8013
0.8,0.64,0.7111,0.883
0.7,0.7778,0.7368,0.807
0.75,0.5556,0.6383,0.852
0.55,0.55,0.55,0.7805
0.85,0.5862,0.6939,0.916
0.75,0.5357,0.625,0.742
0.8,0.7619,0.7805,0.8974
0.75,0.5556,0.6383,0.8296
0.5,0.4348,0.4651,0.709
0.75,0.5769,0.6522,0.829
0.75,0.625,0.6818,0.8455
0.8,0.64,0.7111,0.854
0.85,0.68,0.7556,0.905
0.7,0.7,0.7,0.8475
0.7619,0.8,0.7805,0.8771
0.6667,0.4828,0.56,0.7731
0.85,0.6296,0.7234,0.8862
0.8,0.5517,0.6531,0.8852
0.85,0.4722,0.6071,0.8065
0.75,0.625,0.6818,0.857
0.9,0.5143,0.6545,0.8415
0.65,0.5417,0.5909,0.77
0.8,0.5926,0.6809,0.853
0.7,0.5833,0.6364,0.7965
0.7619,0.6667,0.7111,0.8878
0.8095,0.6296,0.7083,0.8348
0.7,0.6667,0.6829,0.877
0.7,0.5185,0.5957,0.8332
0.619,0.619,0.619,0.7711
0.619,0.619,0.619,0.8222
0.85,0.68,0.7556,0.8895
0.7,0.5,0.5833,0.7815
0.65,0.5909,0.619,0.868
0.6,0.6,0.6,0.8085
0.9,0.6923,0.7826,0.9185
0.7,0.5385,0.6087,0.7745
0.7,0.56,0.6222,0.8643
0.85,0.5862,0.6939,0.8556
0.6667,0.6364,0.6512,0.8061
0.8571,0.6207,0.72,0.8557
0.8,0.5517,0.6531,0.8445
0.75,0.6522,0.6977,0.8865
0.75,0.7143,0.7317,0.884
0.6,0.48,0.5333,0.7565
0.7,0.6087,0.6512,0.8065
0.8,0.6667,0.7273,0.8895
0.55,0.5238,0.5366,0.7689
0.75,0.5556,0.6383,0.8219
0.45,0.5,0.4737,0.7635
0.75,0.5357,0.625,0.8215
0.75,0.5556,0.6383,0.847
0.75,0.5357,0.625,0.861
0.75,0.6522,0.6977,0.863
0.7,0.5185,0.5957,0.8325
0.8571,0.75,0.8,0.9451
0.5238,0.55,0.5366,0.7906
0.65,0.5417,0.5909,0.7505
0.85,0.5667,0.68,0.8776
0.619,0.4643,0.5306,0.7284
0.6667,0.6364,0.6512,0.8343
0.6,0.6,0.6,0.7835
0.7,0.5185,0.5957,0.7535
0.75,0.6818,0.7143,0.8485
0.85,0.6296,0.7234,0.9045
0.65,0.4815,0.5532,0.7715
0.8,0.7273,0.7619,0.9215
0.65,0.6842,0.6667,0.8827
0.85,0.6071,0.7083,0.8913
0.7143,0.625,0.6667,0.8571
0.6667,0.5385,0.5957,0.7969
0.55,0.7333,0.6286,0.8805
0.8,0.5517,0.6531,0.8855
0.7,0.6667,0.6829,0.8635
0.75,0.4839,0.5882,0.8205
0.85,0.5862,0.6939,0.897
0.6,0.5714,0.5854,0.782
0.75,0.625,0.6818,0.8112
0.65,0.6842,0.6667,0.8332
0.75,0.5769,0.6522,0.89
0.75,0.625,0.6818,0.9075
0.75,0.6818,0.7143,0.889
0.85,0.6071,0.7083,0.896
0.55,0.5789,0.5641,0.787
0.75,0.625,0.6818,0.8215
0.7143,0.5357,0.6122,0.7779
0.619,0.619,0.619,0.8503
0.5,0.4348,0.4651,0.6806
0.9,0.6207,0.7347,0.9179
0.8095,0.5667,0.6667,0.8333
0.5238,0.5,0.5116,0.6953
0.65,0.5417,0.5909,0.8035
0.7,0.6667,0.6829,0.8895
0.75,0.625,0.6818,0.864
0.75,0.5556,0.6383,0.838
0.75,0.5769,0.6522,0.8295
0.65,0.5909,0.619,0.758
0.8,0.5714,0.6667,0.8857
0.75,0.5556,0.6383,0.8505
0.6,0.4444,0.5106,0.745
0.85,0.7391,0.7907,0.8985
0.8,0.64,0.7111,0.8645
0.75,0.6818,0.7143,0.887
0.65,0.5,0.5652,0.7275
0.6,0.6,0.6,0.8245
0.7619,0.8889,0.8205,0.8916
0.8571,0.6923,0.766,0.8649
0.85,0.7083,0.7727,0.8918
0.9,0.5143,0.6545,0.8204
0.7143,0.5769,0.6383,0.8202
0.7143,0.6522,0.6818,0.862
0.55,0.6111,0.5789,0.8115
0.75,0.625,0.6818,0.8525
0.8,0.64,0.7111,0.881
0.6,0.5714,0.5854,0.8425
0.85,0.5862,0.6939,0.8315
0.45,0.5294,0.4865,0.73
0.7,0.6087,0.6512,0.8403
0.95,0.5938,0.7308,0.9189
0.5714,0.6,0.5854,0.8071
0.7619,0.5517,0.64,0.8027
0.75,0.6522,0.6977,0.828
0.8,0.5161,0.6275,0.8015
0.7,0.6364,0.6667,0.7665
0.85,0.5152,0.6415,0.8895
0.65,0.52,0.5778,0.812
0.65,0.52,0.5778,0.755
0.9,0.5806,0.7059,0.9235
0.65,0.5417,0.5909,0.8367
0.75,0.5556,0.6383,0.8425
0.6,0.5,0.5455,0.7265
0.8,0.6957,0.7442,0.884
0.7,0.5385,0.6087,0.815
0.9,0.72,0.8,0.9445
0.75,0.5556,0.6383,0.798
0.8095,0.5862,0.68,0.8528
0.7143,0.6522,0.6818,0.8703
0.55,0.8462,0.6667,0.8735
0.7,0.56,0.6222,0.7648
0.7,0.5385,0.6087,0.8
0.8,0.64,0.7111,0.9145
0.8,0.5,0.6154,0.7815
0.65,0.6842,0.6667,0.889
0.55,0.3667,0.44,0.6865
0.7,0.6087,0.6512,0.8275
0.619,0.65,0.6341,0.8387
0.9048,0.7308,0.8085,0.9431
0.6,0.6316,0.6154,0.7898
0.7,0.5833,0.6364,0.8383
0.8095,0.6071,0.6939,0.8499
0.9048,0.6129,0.7308,0.8858
0.95,0.7917,0.8636,0.941
0.7,0.6667,0.6829,0.823
0.8,0.5,0.6154,0.8285
0.75,0.7143,0.7317,0.895
0.55,0.55,0.55,0.8415
0.4,0.4,0.4,0.6655
0.6,0.5714,0.5854,0.8163
0.75,0.625,0.6818,0.8694
0.6,0.75,0.6667,0.8575
0.55,0.4783,0.5116,0.7275
0.7,0.56,0.6222,0.806
0.85,0.68,0.7556,0.8815
0.65,0.5652,0.6047,0.815
0.8,0.5926,0.6809,0.873
0.7619,0.64,0.6957,0.8863
0.7143,0.6,0.6522,0.8586
0.7,0.56,0.6222,0.8276
0.7,0.56,0.6222,0.8413
0.75,0.5357,0.625,0.7985
0.85,0.5152,0.6415,0.826
0.7,0.6087,0.6512,0.8185
0.6,0.48,0.5333,0.7625
0.75,0.5556,0.6383,0.869
0.7,0.5833,0.6364,0.8465
0.7143,0.6,0.6522,0.8299
0.5714,0.6,0.5854,0.8163
0.7,0.56,0.6222,0.8046
0.8,0.64,0.7111,0.8357
0.7,0.6364,0.6667,0.819
0.8,0.5926,0.6809,0.842
0.7,0.6087,0.6512,0.8395
0.75,0.6,0.6667,0.833
0.55,0.4583,0.5,0.6715
0.65,0.5,0.5652,0.759
0.7143,0.5357,0.6122,0.7789
0.8095,0.7727,0.7907,0.895
0.75,0.75,0.75,0.8704
0.9,0.6429,0.75,0.9464
0.6,0.6316,0.6154,0.8255
0.6,0.48,0.5333,0.749
0.65,0.5417,0.5909,0.828
0.8,0.5926,0.6809,0.831
0.75,0.4839,0.5882,0.797
0.7,0.5833,0.6364,0.87
0.7619,0.7273,0.7442,0.8965
0.6667,0.4667,0.549,0.7726
0.8,0.6957,0.7442,0.9143
0.75,0.5769,0.6522,0.8536
0.7143,0.5769,0.6383,0.7721
0.7143,0.625,0.6667,0.7906
0.85,0.68,0.7556,0.925
0.7,0.5385,0.6087,0.8275
0.9,0.72,0.8,0.9225
0.85,0.6538,0.7391,0.8675
0.8,0.7273,0.7619,0.8605
0.7,0.56,0.6222,0.7635
0.8,0.5,0.6154,0.824
0.45,0.4737,0.4615,0.6893
0.85,0.6538,0.7391,0.916
0.75,0.4839,0.5882,0.8605
0.7,0.5,0.5833,0.794
0.55,0.5238,0.5366,0.7555
0.75,0.5357,0.625,0.8135
0.8,0.6154,0.6957,0.8325
0.8095,0.7083,0.7556,0.8397
0.8095,0.6296,0.7083,0.8421
0.8,0.6667,0.7273,0.9158
0.75,0.6,0.6667,0.8393
0.619,0.52,0.5652,0.7906
0.7143,0.7895,0.75,0.8746
0.7,0.4828,0.5714,0.7565
0.75,0.625,0.6818,0.839
0.75,0.6522,0.6977,0.868
0.6,0.6316,0.6154,0.8395
0.85,0.6071,0.7083,0.847
0.7,0.5185,0.5957,0.779
0.7,0.56,0.6222,0.8577
0.9,0.6667,0.766,0.9214
0.65,0.7222,0.6842,0.8205
0.75,0.5769,0.6522,0.8655
0.65,0.5652,0.6047,0.8335
0.75,0.5556,0.6383,0.8215
0.9,0.6667,0.766,0.9105
0.7,0.5,0.5833,0.7885
0.7143,0.625,0.6667,0.8547
0.7143,0.625,0.6667,0.8163
0.7,0.5833,0.6364,0.8602
0.8,0.6667,0.7273,0.8939
0.7,0.5385,0.6087,0.803
0.8,0.5714,0.6667,0.874
0.8,0.5714,0.6667,0.871
0.75,0.7143,0.7317,0.849
0.85,0.6538,0.7391,0.862
0.55,0.5789,0.5641,0.808
0.7143,0.5556,0.625,0.81
0.619,0.619,0.619,0.8717
0.6,0.5714,0.5854,0.7959
0.75,0.5556,0.6383,0.802
0.7,0.5,0.5833,0.8215
0.6,0.8,0.6857,0.789
0.6,0.6,0.6,0.7645
0.65,0.619,0.6341,0.8215
0.9,0.6429,0.75,0.8655
0.95,0.5429,0.6909,0.9005
0.6667,0.5385,0.5957,0.8188
0.8571,0.6429,0.7347,0.8615
0.75,0.5,0.6,0.7372
0.6,0.5714,0.5854,0.8056
0.6,0.48,0.5333,0.784
0.6,0.5714,0.5854,0.8
0.9,0.6667,0.766,0.928
0.85,0.6296,0.7234,0.8675
0.7,0.5,0.5833,0.7795
0.75,0.7143,0.7317,0.8775
0.5238,0.55,0.5366,0.7721
0.619,0.5417,0.5778,0.8037
0.6,0.6667,0.6316,0.852
0.6,0.5217,0.5581,0.7954
0.6,0.7059,0.6486,0.814
0.75,0.5769,0.6522,0.849
0.7,0.7778,0.7368,0.8245
0.75,0.625,0.6818,0.892
0.8,0.5,0.6154,0.797
0.8,0.6154,0.6957,0.8655
0.8095,0.68,0.7391,0.9135
0.8571,0.5806,0.6923,0.8372
0.7,0.6364,0.6667,0.8148
0.6,0.4138,0.4898,0.7862
0.8095,0.5,0.6182,0.8299
0.7143,0.5172,0.6,0.7959
0.55,0.6111,0.5789,0.7875
0.8,0.64,0.7111,0.8955
0.8,0.5161,0.6275,0.8155
0.75,0.7895,0.7692,0.9075
0.6,0.5714,0.5854,0.842
0.65,0.619,0.6341,0.8705
0.65,0.52,0.5778,0.7684
0.8,0.6667,0.7273,0.8439
0.7,0.7,0.7,0.7905
0.6,0.5,0.5455,0.7805
0.8,0.5714,0.6667,0.899
0.6,0.5217,0.5581,0.7775
0.65,0.5909,0.619,0.8125
0.75,0.625,0.6818,0.8775
0.7619,0.6154,0.6809,0.8144
0.8571,0.6667,0.75,0.9121
0.9,0.6429,0.75,0.901
0.7,0.5,0.5833,0.7908
0.8095,0.5313,0.6415,0.8212
0.7143,0.625,0.6667,0.8338
0.65,0.65,0.65,0.8765
0.65,0.5652,0.6047,0.8295
0.75,0.5556,0.6383,0.9075
0.7,0.6087,0.6512,0.835
0.65,0.5909,0.619,0.761
0.75,0.5769,0.6522,0.8535
0.75,0.625,0.6818,0.8658
0.85,0.5484,0.6667,0.8888
0.7143,0.6818,0.6977,0.812
0.7143,0.5172,0.6,0.8251
0.65,0.5909,0.619,0.8525
0.65,0.5652,0.6047,0.865
0.85,0.7083,0.7727,0.9225
0.75,0.6522,0.6977,0.888
0.65,0.4815,0.5532,0.7265
0.7,0.5,0.5833,0.786
0.7,0.6364,0.6667,0.8648
0.65,0.5652,0.6047,0.8265
0.6,0.4615,0.5217,0.724
0.95,0.6129,0.7451,0.9405
0.7,0.56,0.6222,0.7795
0.75,0.6522,0.6977,0.83
0.6,0.6,0.6,0.8075
0.75,0.75,0.75,0.895
0.8095,0.6296,0.7083,0.8829
0.7619,0.7273,0.7442,0.8717
0.65,0.5909,0.619,0.8122
0.85,0.5152,0.6415,0.8495
0.5714,0.6316,0.6,0.7979
0.7619,0.5517,0.64,0.7988
0.85,0.6071,0.7083,0.839
0.7,0.8235,0.7568,0.8025
0.7,0.56,0.6222,0.7845
0.85,0.6296,0.7234,0.8955
0.55,0.4583,0.5,0.7645
0.85,0.8095,0.8293,0.9185
0.6,0.5714,0.5854,0.7842
0.75,0.625,0.6818,0.8663
0.6,0.5455,0.5714,0.8415
0.9,0.5143,0.6545,0.8605
0.8,0.5926,0.6809,0.8405
0.75,0.6522,0.6977,0.859
0.7,0.6667,0.6829,0.859
0.8,0.5517,0.6531,0.863
0.5714,0.6,0.5854,0.7473
0.6667,0.6667,0.6667,0.8348
0.8,0.5161,0.6275,0.8602
0.65,0.5652,0.6047,0.8679
0.8095,0.7391,0.7727,0.878
0.619,0.65,0.6341,0.8212
0.85,0.7083,0.7727,0.906
0.8,0.5161,0.6275,0.8335
0.55,0.6875,0.6111,0.802
0.8,0.5926,0.6809,0.793
0.75,0.5357,0.625,0.851
0.6,0.48,0.5333,0.775
1.0,0.625,0.7692,0.9168
0.6,0.6,0.6,0.825
0.8095,0.7083,0.7556,0.9252
0.7143,0.5357,0.6122,0.809
0.65,0.5652,0.6047,0.8275
0.55,0.6111,0.5789,0.74
0.7,0.5185,0.5957,0.798
0.9,0.6207,0.7347,0.866
0.8,0.5161,0.6275,0.8245
0.8,0.6957,0.7442,0.898
0.8,0.4848,0.6038,0.7878
0.7,0.6364,0.6667,0.8837
0.75,0.5357,0.625,0.7765
0.9,0.6,0.72,0.895
0.7,0.7368,0.7179,0.8995
0.65,0.5909,0.619,0.738
0.65,0.5652,0.6047,0.849
0.65,0.65,0.65,0.827
0.4762,0.4545,0.4651,0.7464
0.8571,0.6429,0.7347,0.897
0.8,0.6154,0.6957,0.876
0.5,0.4545,0.4762,0.7663
0.7,0.5185,0.5957,0.829
0.75,0.5769,0.6522,0.848
0.4,0.5,0.4444,0.772
0.75,0.5769,0.6522,0.8245
0.7,0.7368,0.7179,0.854
0.65,0.6842,0.6667,0.8035
0.8095,0.5862,0.68,0.8362
0.7143,0.5,0.5882,0.8222
0.95,0.6786,0.7917,0.9342
0.55,0.55,0.55,0.7474
0.8571,0.72,0.7826,0.8669
0.7143,0.6522,0.6818,0.8387
0.8,0.5161,0.6275,0.8255
0.85,0.5313,0.6538,0.885
0.6,0.48,0.5333,0.721
0.6,0.5217,0.5581,0.736
1.0,0.7407,0.8511,0.969
0.75,0.5357,0.625,0.8445
0.65,0.65,0.65,0.8418
0.7,0.5385,0.6087,0.777
0.8,0.5714,0.6667,0.842
0.6,0.48,0.5333,0.8035
0.55,0.6111,0.5789,0.765
0.75,0.6,0.6667,0.907
0.85,0.5313,0.6538,0.894
0.6,0.5,0.5455,0.7415
0.8095,0.6296,0.7083,0.8202
0.9048,0.76,0.8261,0.9223
0.65,0.52,0.5778,0.7714
0.75,0.7143,0.7317,0.9158
0.95,0.6333,0.76,0.915
0.65,0.5,0.5652,0.785
0.9,0.5806,0.7059,0.8775
0.65,0.5909,0.619,0.861
0.6,0.6316,0.6154,0.8645
0.75,0.6818,0.7143,0.8785
0.7143,0.6522,0.6818,0.8081
0.7143,0.5,0.5882,0.8324
0.65,0.5652,0.6047,0.7985
0.75,0.5769,0.6522,0.8265
0.75,0.6,0.6667,0.863
0.6,0.4615,0.5217,0.7485
0.65,0.619,0.6341,0.8815
0.8,0.6154,0.6957,0.8325
0.8,0.6957,0.7442,0.869
0.75,0.5172,0.6122,0.8045
0.7619,0.7273,0.7442,0.8163
0.7143,0.5556,0.625,0.793
0.8,0.6154,0.6957,0.9082
0.8,0.5333,0.64,0.8679
0.8,0.5333,0.64,0.8055
0.75,0.6818,0.7143,0.855
0.8,0.64,0.7111,0.8725
0.85,0.6296,0.7234,0.9155
0.55,0.5238,0.5366,0.8325
0.65,0.5652,0.6047,0.82
0.7619,0.5926,0.6667,0.8246
0.8571,0.6667,0.75,0.8387
0.75,0.5357,0.625,0.8286
0.75,0.7143,0.7317,0.8464
0.7619,0.4848,0.5926,0.7366
0.619,0.65,0.6341,0.8547
0.65,0.5,0.5652,0.8315
0.85,0.5667,0.68,0.908
0.65,0.52,0.5778,0.7635
0.7,0.5185,0.5957,0.825
0.6,0.6316,0.6154,0.815
0.7,0.6667,0.6829,0.906
0.6,0.5455,0.5714,0.798
0.9,0.6207,0.7347,0.9245
0.7619,0.8,0.7805,0.9018
0.7143,0.5556,0.625,0.8173
0.75,0.75,0.75,0.891
0.65,0.4643,0.5417,0.7395
0.65,0.4483,0.5306,0.72
0.9,0.5806,0.7059,0.879
0.65,0.619,0.6341,0.8
0.9,0.72,0.8,0.9255
0.6,0.5,0.5455,0.799
0.75,0.6818,0.7143,0.8474
0.6,0.6,0.6,0.787
0.65,0.7222,0.6842,0.8645
0.7,0.6667,0.6829,0.79
0.55,0.5789,0.5641,0.8505
0.75,0.625,0.6818,0.8835
0.9,0.5806,0.7059,0.856
0.6667,0.6087,0.6364,0.8494
0.7619,0.5161,0.6154,0.8455
0.75,0.6522,0.6977,0.8724
0.8,0.5714,0.6667,0.8949
0.7143,0.5769,0.6383,0.8858
0.619,0.7647,0.6842,0.8129
0.8,0.6154,0.6957,0.827
0.8,0.6667,0.7273,0.9135
0.8,0.7273,0.7619,0.9035
0.75,0.4545,0.566,0.806
0.75,0.5769,0.6522,0.806
0.55,0.5789,0.5641,0.8105
0.7,0.5385,0.6087,0.8592
0.75,0.6,0.6667,0.849
0.7,0.7368,0.7179,0.853
0.75,0.6,0.6667,0.8235
0.9,0.75,0.8182,0.9615
0.5,0.4348,0.4651,0.7145
0.6,0.48,0.5333,0.8045
0.8,0.7619,0.7805,0.897
0.6667,0.5385,0.5957,0.829
0.7143,0.75,0.7317,0.8814
0.65,0.5417,0.5909,0.8107
0.45,0.4286,0.439,0.7352
0.8095,0.5313,0.6415,0.8397
0.7619,0.6957,0.7273,0.8562
0.9,0.6923,0.7826,0.908
0.65,0.5,0.5652,0.7775
0.65,0.5417,0.5909,0.7915
0.8,0.5926,0.6809,0.878
0.85,0.5862,0.6939,0.9075
0.75,0.7143,0.7317,0.849
0.65,0.5,0.5652,0.7138
0.75,0.6818,0.7143,0.8673
0.85,0.5667,0.68,0.8925
0.5,0.5,0.5,0.7635
0.7,0.7,0.7,0.8425
0.7,0.7,0.7,0.8625
0.65,0.5652,0.6047,0.8015
0.65,0.5417,0.5909,0.777
0.8095,0.68,0.7391,0.8596
0.7619,0.6154,0.6809,0.794
0.8,0.5926,0.6809,0.875
0.85,0.5484,0.6667,0.8668
0.85,0.6071,0.7083,0.863
0.75,0.5769,0.6522,0.8115
0.55,0.5,0.5238,0.7815
0.8,0.64,0.7111,0.872
0.65,0.5417,0.5909,0.744
0.65,0.4815,0.5532,0.768
0.7143,0.8333,0.7692,0.8887
0.9048,0.7037,0.7917,0.9227
0.8,0.5714,0.6667,0.8449
0.8,0.8,0.8,0.9362
0.75,0.5,0.6,0.822
0.65,0.5652,0.6047,0.7935
0.8,0.5161,0.6275,0.887
0.8,0.6154,0.6957,0.904
0.8,0.4848,0.6038,0.7805
0.7,0.7368,0.7179,0.856
0.6667,0.6087,0.6364,0.8202
0.7143,0.75,0.7317,0.8401
0.8,0.5517,0.6531,0.8643
0.75,0.625,0.6818,0.8684
