RUSBag
0.8704,0.4653,0.6065,0.9143
0.8519,0.5111,0.6389,0.9141
0.8333,0.5488,0.6618,0.9162
0.8,0.4835,0.6027,0.8655
0.9273,0.5543,0.6939,0.9348
0.8545,0.5165,0.6438,0.903
0.8182,0.5172,0.6338,0.8773
0.8545,0.4312,0.5732,0.8895
0.7636,0.525,0.6222,0.8977
0.8519,0.4894,0.6216,0.8981
0.8889,0.4848,0.6275,0.8974
0.7778,0.5385,0.6364,0.9032
0.8704,0.5165,0.6483,0.9254
0.8545,0.4434,0.5839,0.8764
0.7818,0.5375,0.637,0.8887
0.7818,0.5375,0.637,0.919
0.8545,0.4947,0.6267,0.9065
0.7818,0.5658,0.6565,0.894
0.8,0.5,0.6154,0.8912
0.9074,0.5158,0.6577,0.9326
0.963,0.5532,0.7027,0.9556
0.8704,0.5281,0.6573,0.9034
0.8148,0.449,0.5789,0.8687
0.8,0.5301,0.6377,0.9069
0.8364,0.5679,0.6765,0.9365
0.8727,0.5517,0.6761,0.9129
0.8545,0.4796,0.6144,0.9002
0.7455,0.5,0.5985,0.8701
0.8545,0.4653,0.6026,0.8886
0.8148,0.4889,0.6111,0.8913
0.8333,0.5114,0.6338,0.8989
0.7778,0.4375,0.56,0.878
0.7593,0.5062,0.6074,0.8767
0.9091,0.4587,0.6098,0.9136
0.8364,0.5,0.6259,0.9077
0.8182,0.5056,0.625,0.8762
1.0,0.5612,0.719,0.9431
0.8545,0.5109,0.6395,0.9112
0.8,0.5116,0.6241,0.9072
0.8889,0.5106,0.6486,0.9187
0.8333,0.5294,0.6475,0.9124
0.7778,0.4719,0.5874,0.8728
0.8889,0.5106,0.6486,0.9267
0.6909,0.4176,0.5205,0.8572
0.8364,0.4842,0.6133,0.8968
0.8364,0.5349,0.6525,0.9104
0.8545,0.5,0.6309,0.8992
0.8727,0.5,0.6358,0.914
0.8909,0.5698,0.695,0.9282
0.9259,0.4902,0.641,0.9297
0.8148,0.4944,0.6154,0.9188
0.7963,0.5443,0.6466,0.9082
0.8889,0.4948,0.6358,0.8953
0.8545,0.5281,0.6528,0.9097
0.7636,0.4773,0.5874,0.8627
0.8,0.4314,0.5605,0.89
0.8,0.5057,0.6197,0.8888
0.8727,0.48,0.6194,0.9185
0.9273,0.5426,0.6846,0.9383
0.8519,0.5412,0.6619,0.9286
0.8333,0.5056,0.6294,0.8834
0.8333,0.4639,0.596,0.9032
0.8889,0.5926,0.7111,0.9269
0.8182,0.5233,0.6383,0.8995
0.8,0.4889,0.6069,0.8842
0.8727,0.5106,0.6443,0.9165
0.7091,0.5493,0.619,0.889
0.8364,0.451,0.586,0.8868
0.8545,0.5109,0.6395,0.923
0.8333,0.4839,0.6122,0.8962
0.8727,0.5161,0.6486,0.9114
0.8,0.449,0.5752,0.8709
0.8909,0.5326,0.6667,0.9022
0.9273,0.5795,0.7133,0.9516
0.8545,0.4519,0.5912,0.887
0.8182,0.5556,0.6618,0.8835
0.8148,0.5116,0.6286,0.9031
0.8333,0.4639,0.596,0.9004
0.7963,0.4831,0.6014,0.8888
0.7778,0.506,0.6131,0.8792
0.9259,0.4808,0.6329,0.9194
0.8704,0.5732,0.6912,0.9285
0.8889,0.4615,0.6076,0.8804
0.7273,0.4444,0.5517,0.8598
0.7455,0.5,0.5985,0.8688
0.8182,0.5294,0.6429,0.9142
0.8,0.4835,0.6027,0.8864
0.8364,0.5823,0.6866,0.9323
0.8727,0.5333,0.6621,0.9084
0.7963,0.4886,0.6056,0.9025
0.7963,0.4778,0.5972,0.9031
0.7963,0.5513,0.6515,0.8955
0.8148,0.557,0.6617,0.899
0.7818,0.4778,0.5931,0.8684
0.8364,0.561,0.6715,0.9344
0.8545,0.5465,0.6667,0.9026
0.7818,0.4479,0.5695,0.888
0.8909,0.4804,0.6242,0.915
0.8,0.5057,0.6197,0.8873
0.8148,0.4783,0.6027,0.8843
0.8333,0.4891,0.6164,0.8968
0.8889,0.5714,0.6957,0.9409
0.8519,0.5169,0.6434,0.9237
0.7818,0.4433,0.5658,0.8735
0.9273,0.593,0.7234,0.9163
0.8,0.5057,0.6197,0.8849
0.8182,0.5233,0.6383,0.902
0.7091,0.52,0.6,0.8788
0.7455,0.4556,0.5655,0.883
0.8704,0.4845,0.6225,0.9124
0.8889,0.5106,0.6486,0.9062
0.7778,0.4828,0.5957,0.8816
0.8704,0.4434,0.5875,0.9234
0.8727,0.5275,0.6575,0.9153
0.8182,0.45,0.5806,0.8913
0.8364,0.5169,0.6389,0.9079
0.8182,0.5,0.6207,0.8855
0.7818,0.4886,0.6014,0.8798
0.8364,0.561,0.6715,0.9286
0.8333,0.5921,0.6923,0.9208
0.8704,0.4896,0.6267,0.8901
0.7222,0.5065,0.5954,0.8534
0.8519,0.5542,0.6715,0.9085
0.7273,0.4255,0.5369,0.8578
0.8364,0.5,0.6259,0.9088
0.9455,0.4815,0.638,0.9282
0.8545,0.4845,0.6184,0.9095
0.8727,0.5517,0.6761,0.9244
0.8727,0.5517,0.6761,0.9293
0.8148,0.4681,0.5946,0.8751
0.7963,0.4343,0.5621,0.8787
0.7963,0.5309,0.637,0.892
0.7778,0.5385,0.6364,0.9081
0.8909,0.4804,0.6242,0.9008
0.8727,0.5053,0.64,0.9174
0.8727,0.6,0.7111,0.9407
0.9091,0.4902,0.6369,0.9277
0.7636,0.525,0.6222,0.9038
0.7818,0.4943,0.6056,0.9001
0.8519,0.4946,0.6259,0.8981
0.8333,0.5114,0.6338,0.8963
0.8333,0.5696,0.6767,0.9065
0.7593,0.4457,0.5616,0.8854
0.8545,0.5165,0.6438,0.9149
0.9091,0.4673,0.6173,0.9047
0.8545,0.5,0.6309,0.9092
0.8727,0.5161,0.6486,0.9103
0.8909,0.5213,0.6577,0.911
0.8364,0.4792,0.6093,0.8943
0.8889,0.5647,0.6906,0.9272
0.8333,0.5,0.625,0.8938
0.8519,0.5055,0.6345,0.8955
0.8333,0.5172,0.6383,0.9033
0.8545,0.5,0.6309,0.8973
0.8,0.4835,0.6027,0.892
0.8,0.4632,0.5867,0.865
0.9091,0.5102,0.6536,0.928
0.9091,0.5155,0.6579,0.934
0.8,0.5116,0.6241,0.9135
0.8704,0.5465,0.6714,0.9339
0.8148,0.4783,0.6027,0.8969
0.9259,0.5051,0.6536,0.9303
0.8333,0.4839,0.6122,0.8987
0.8727,0.5,0.6358,0.9246
0.7818,0.5119,0.6187,0.8921
0.8,0.5432,0.6471,0.8939
0.8,0.5641,0.6617,0.9121
0.8545,0.5054,0.6351,0.904
0.8,0.5057,0.6197,0.8816
0.8704,0.5465,0.6714,0.9214
0.8333,0.4945,0.6207,0.9078
0.7963,0.4674,0.589,0.9089
0.8704,0.5222,0.6528,0.9119
0.8,0.4632,0.5867,0.8893
0.8,0.5714,0.6667,0.9001
0.8545,0.4796,0.6144,0.888
0.8727,0.5714,0.6906,0.9135
0.7818,0.5244,0.6277,0.8866
0.8727,0.5275,0.6575,0.9128
0.7778,0.4667,0.5833,0.8887
0.7963,0.4674,0.589,0.8998
0.7778,0.4941,0.6043,0.9008
0.8889,0.4706,0.6154,0.903
0.8727,0.5,0.6358,0.8901
0.8364,0.5287,0.6479,0.9084
0.8545,0.5,0.6309,0.9096
0.8364,0.5,0.6259,0.8981
0.8545,0.5222,0.6483,0.921
0.7818,0.4624,0.5811,0.8858
0.7593,0.5325,0.626,0.886
0.8333,0.4945,0.6207,0.914
0.8148,0.5,0.6197,0.891
0.7222,0.5,0.5909,0.865
0.8727,0.466,0.6076,0.8958
0.8182,0.5488,0.6569,0.9235
0.8727,0.4486,0.5926,0.8987
0.7636,0.5122,0.6131,0.8696
0.8545,0.5402,0.662,0.9299
0.8364,0.5169,0.6389,0.9069
0.8889,0.5647,0.6906,0.9216
0.9091,0.5263,0.6667,0.932
0.8364,0.5349,0.6525,0.9006
0.8182,0.4688,0.596,0.889
0.8727,0.5,0.6358,0.9138
0.7818,0.4674,0.585,0.8831
0.8,0.5301,0.6377,0.8784
0.8333,0.4891,0.6164,0.8923
0.9444,0.4857,0.6415,0.9499
0.8148,0.4944,0.6154,0.9015
0.7963,0.5059,0.6187,0.8882
0.7407,0.4651,0.5714,0.8761
0.8889,0.5333,0.6667,0.9392
0.8889,0.5455,0.6761,0.9235
0.7636,0.4286,0.549,0.8667
0.8909,0.5,0.6405,0.9149
0.7455,0.4881,0.5899,0.8432
0.8,0.5116,0.6241,0.8948
0.8545,0.4896,0.6225,0.9061
0.8545,0.5732,0.6861,0.9295
0.7963,0.5119,0.6232,0.9155
0.8545,0.4563,0.5949,0.9115
0.7818,0.4725,0.589,0.8864
0.8545,0.4947,0.6267,0.916
0.7818,0.4674,0.585,0.8802
0.8364,0.5823,0.6866,0.9212
0.7636,0.4719,0.5833,0.8842
0.8519,0.4554,0.5935,0.884
0.8333,0.4945,0.6207,0.9038
0.7593,0.4824,0.5899,0.8805
0.9074,0.5632,0.695,0.9425
0.8519,0.4842,0.6174,0.9174
0.8333,0.5,0.625,0.8829
0.7778,0.4615,0.5793,0.8836
0.8364,0.4842,0.6133,0.9237
0.7091,0.52,0.6,0.8764
0.8727,0.5275,0.6575,0.9203
0.7818,0.5119,0.6187,0.894
0.8182,0.4688,0.596,0.9095
0.8909,0.5104,0.649,0.9246
0.8333,0.4545,0.5882,0.8862
0.8182,0.625,0.7087,0.9047
0.8727,0.5333,0.6621,0.9076
0.7636,0.4421,0.56,0.8458
0.8364,0.5227,0.6434,0.9022
0.8,0.4783,0.5986,0.8831
0.8545,0.5465,0.6667,0.9259
0.7778,0.4421,0.5638,0.8844
0.8333,0.4286,0.566,0.8978
0.8704,0.4796,0.6184,0.9167
0.8704,0.5595,0.6812,0.9019
0.8727,0.5393,0.6667,0.9159
0.8545,0.47,0.6065,0.9042
0.8,0.4944,0.6111,0.892
0.9455,0.5417,0.6887,0.9473
0.8182,0.5357,0.6475,0.9162
0.8182,0.5488,0.6569,0.919
0.7963,0.4778,0.5972,0.8646
0.9074,0.4712,0.6203,0.8978
0.7963,0.4674,0.589,0.8915
0.8333,0.5769,0.6818,0.9042
0.8333,0.5172,0.6383,0.9012
0.8889,0.5517,0.6809,0.9231
0.8148,0.5116,0.6286,0.9061
0.7818,0.4886,0.6014,0.8646
0.8364,0.4466,0.5823,0.9099
0.8364,0.5679,0.6765,0.9203
0.8,0.4583,0.5828,0.877
0.8727,0.5275,0.6575,0.901
0.8364,0.4646,0.5974,0.8817
0.8704,0.5595,0.6812,0.9226
0.8519,0.5,0.6301,0.9246
0.8519,0.4646,0.6013,0.8754
0.7963,0.4886,0.6056,0.8874
0.8727,0.4324,0.5783,0.8824
0.8182,0.4945,0.6164,0.8949
0.8545,0.4947,0.6267,0.8915
0.8727,0.5783,0.6957,0.9431
0.8182,0.5233,0.6383,0.8857
0.8727,0.5393,0.6667,0.8973
0.7963,0.5059,0.6187,0.904
0.7407,0.4348,0.5479,0.8632
0.7593,0.4556,0.5694,0.8896
0.8704,0.5875,0.7015,0.94
0.7818,0.5059,0.6143,0.9011
0.7636,0.5,0.6043,0.895
0.8182,0.4787,0.604,0.8831
0.9455,0.5049,0.6582,0.9469
0.7455,0.4659,0.5734,0.8602
0.9273,0.5368,0.68,0.9358
0.8889,0.5517,0.6809,0.9108
0.8519,0.5055,0.6345,0.9177
0.7963,0.4257,0.5548,0.8848
0.7963,0.5119,0.6232,0.8932
0.8727,0.5217,0.6531,0.9087
0.8364,0.5111,0.6345,0.9132
0.8545,0.4476,0.5875,0.889
0.8364,0.5542,0.6667,0.9102
0.7818,0.5658,0.6565,0.9005
0.7455,0.4713,0.5775,0.878
0.8704,0.4747,0.6144,0.9298
0.8148,0.5,0.6197,0.9168
0.8519,0.4946,0.6259,0.9112
0.9074,0.5104,0.6533,0.9272
0.8,0.55,0.6519,0.8989
0.8545,0.4947,0.6267,0.8809
0.8364,0.5,0.6259,0.9013
0.9091,0.5495,0.6849,0.9414
0.8182,0.5056,0.625,0.9163
0.8364,0.5111,0.6345,0.8811
0.8519,0.5055,0.6345,0.9127
0.7778,0.4719,0.5874,0.8888
0.9074,0.5506,0.6853,0.9411
0.7778,0.4565,0.5753,0.8939
0.7818,0.4674,0.585,0.8701
0.8182,0.5294,0.6429,0.8987
0.7818,0.5181,0.6232,0.9079
0.8545,0.5663,0.6812,0.9203
0.8182,0.5056,0.625,0.8819
0.8909,0.5158,0.6533,0.9118
0.7963,0.4526,0.5772,0.8856
0.8,0.5301,0.6377,0.9023
0.8909,0.5506,0.6806,0.9244
0.8182,0.4891,0.6122,0.8968
0.8545,0.4653,0.6026,0.8924
0.8,0.5301,0.6377,0.8936
0.8545,0.4796,0.6144,0.8927
0.7778,0.5833,0.6667,0.9069
0.8519,0.4466,0.586,0.8768
0.9259,0.5882,0.7194,0.9496
0.8148,0.557,0.6617,0.9209
0.7778,0.4667,0.5833,0.8663
0.8333,0.4839,0.6122,0.8951
0.8148,0.5301,0.6423,0.9065
0.7818,0.4388,0.5621,0.834
0.8727,0.5,0.6358,0.8854
0.8727,0.5783,0.6957,0.9335
0.9091,0.6098,0.7299,0.9446
0.9273,0.6,0.7286,0.9559
0.7818,0.4624,0.5811,0.8764
0.8333,0.5114,0.6338,0.9044
0.8148,0.5301,0.6423,0.8965
0.8333,0.5056,0.6294,0.9113
0.8333,0.5,0.625,0.8889
0.7818,0.5244,0.6277,0.8613
0.8182,0.5114,0.6294,0.8968
0.7818,0.5443,0.6418,0.8963
0.8182,0.5056,0.625,0.9123
0.8364,0.4792,0.6093,0.9023
0.8182,0.4455,0.5769,0.9014
0.8519,0.4554,0.5935,0.9065
0.7963,0.4574,0.5811,0.8843
0.8333,0.5422,0.6569,0.9103
0.7963,0.5119,0.6232,0.8866
0.8364,0.5,0.6259,0.8976
0.8182,0.5556,0.6618,0.9327
0.8727,0.48,0.6194,0.8957
0.8909,0.5385,0.6712,0.9288
0.8,0.5057,0.6197,0.9018
0.8727,0.5275,0.6575,0.9063
0.8704,0.4796,0.6184,0.8959
0.8519,0.5,0.6301,0.9141
0.7778,0.433,0.5563,0.8856
0.7963,0.5513,0.6515,0.9129
0.8909,0.5506,0.6806,0.9257
0.8727,0.5393,0.6667,0.9038
0.8364,0.4894,0.6174,0.8899
0.8182,0.5114,0.6294,0.9047
0.8545,0.5465,0.6667,0.9157
0.7818,0.4778,0.5931,0.8824
0.8148,0.4632,0.5906,0.899
0.7407,0.4819,0.5839,0.8508
0.9444,0.51,0.6623,0.9483
0.7778,0.5,0.6087,0.9125
0.8727,0.4752,0.6154,0.9198
0.8364,0.5055,0.6301,0.8995
0.6909,0.4935,0.5758,0.8682
0.8727,0.6316,0.7328,0.9252
0.8727,0.5053,0.64,0.9106
0.7818,0.4778,0.5931,0.8804
0.7778,0.4242,0.549,0.8621
0.8148,0.4783,0.6027,0.8872
0.7963,0.5119,0.6232,0.8959
0.8148,0.5238,0.6377,0.8921
0.8182,0.5556,0.6618,0.9113
0.8,0.4889,0.6069,0.8917
0.9091,0.5376,0.6757,0.9143
0.8545,0.4845,0.6184,0.9005
0.8909,0.4851,0.6282,0.8978
0.8545,0.5341,0.6573,0.91
0.8148,0.4889,0.6111,0.9076
0.8519,0.5476,0.6667,0.9268
0.8704,0.5109,0.6438,0.9171
0.8333,0.4688,0.6,0.8879
0.8545,0.4352,0.5767,0.8802
0.8,0.5,0.6154,0.9142
0.8727,0.5217,0.6531,0.9393
0.8364,0.5169,0.6389,0.905
0.8,0.557,0.6567,0.8849
0.8727,0.5275,0.6575,0.9006
0.7963,0.5181,0.6277,0.8851
0.8909,0.4495,0.5976,0.9012
0.8545,0.5465,0.6667,0.9162
0.8182,0.4891,0.6122,0.9023
0.8,0.4583,0.5828,0.8977
0.7455,0.494,0.5942,0.8625
0.8182,0.5233,0.6383,0.8926
0.8519,0.4894,0.6216,0.8972
0.8889,0.5333,0.6667,0.9217
0.8889,0.5217,0.6575,0.9238
0.8519,0.4946,0.6259,0.9011
0.8333,0.4545,0.5882,0.9012
0.7778,0.4565,0.5753,0.8754
0.7778,0.506,0.6131,0.8813
0.8545,0.4845,0.6184,0.9112
0.8182,0.5172,0.6338,0.8958
0.7636,0.506,0.6087,0.8878
0.8182,0.5844,0.6818,0.9103
0.9091,0.4587,0.6098,0.909
0.8545,0.5281,0.6528,0.9148
0.8333,0.4688,0.6,0.8888
0.7455,0.5062,0.6029,0.8778
0.9091,0.5747,0.7042,0.9088
0.9091,0.4854,0.6329,0.9207
0.8364,0.5349,0.6525,0.8958
0.8364,0.4842,0.6133,0.883
0.8364,0.4694,0.6013,0.9012
0.6852,0.5,0.5781,0.8746
0.7963,0.5244,0.6324,0.8836
0.9259,0.4545,0.6098,0.9359
0.8148,0.55,0.6567,0.9024
0.9444,0.5484,0.6939,0.9514
0.9074,0.4757,0.6242,0.9132
0.7963,0.5375,0.6418,0.8945
0.8,0.4783,0.5986,0.8898
0.8727,0.5217,0.6531,0.9395
0.7455,0.5062,0.6029,0.891
0.7273,0.4444,0.5517,0.8573
0.8364,0.4842,0.6133,0.8957
0.8,0.5,0.6154,0.8742
0.9259,0.5618,0.6993,0.9376
0.8333,0.45,0.5844,0.8807
0.8519,0.5227,0.6479,0.9041
0.9259,0.5102,0.6579,0.91
0.7636,0.5316,0.6269,0.8947
0.8727,0.4948,0.6316,0.9084
0.8182,0.4945,0.6164,0.911
0.8,0.4944,0.6111,0.8774
0.8727,0.466,0.6076,0.9093
0.8182,0.5422,0.6522,0.9189
0.7778,0.5833,0.6667,0.9018
0.8704,0.5465,0.6714,0.9291
0.8148,0.4632,0.5906,0.8894
0.7963,0.5,0.6143,0.8918
0.8364,0.5287,0.6479,0.9057
0.7273,0.4651,0.5674,0.8672
0.7818,0.5059,0.6143,0.9102
0.8182,0.5294,0.6429,0.8981
0.8364,0.4792,0.6093,0.8892
0.8545,0.4653,0.6026,0.8986
0.9074,0.5506,0.6853,0.9477
0.8,0.5238,0.6331,0.8989
0.9455,0.5049,0.6582,0.925
0.8,0.4944,0.6111,0.869
0.8182,0.4839,0.6081,0.9011
0.8909,0.5269,0.6622,0.9075
0.8182,0.5056,0.625,0.9112
0.8333,0.5172,0.6383,0.8912
0.8148,0.4731,0.5986,0.8855
0.7778,0.4828,0.5957,0.8802
0.8704,0.5402,0.6667,0.9155
0.8889,0.5217,0.6575,0.9135
0.8333,0.4592,0.5921,0.8833
0.8889,0.5333,0.6667,0.9267
0.8364,0.5542,0.6667,0.9236
0.8545,0.5165,0.6438,0.9162
0.8364,0.5542,0.6667,0.9032
0.8545,0.5595,0.6763,0.9069
0.9273,0.5258,0.6711,0.935
0.7818,0.4674,0.585,0.884
0.7963,0.5309,0.637,0.8916
0.8333,0.5114,0.6338,0.902
0.9074,0.5158,0.6577,0.9278
0.6852,0.5286,0.5968,0.8879
0.8545,0.5054,0.6351,0.9063
0.9091,0.463,0.6135,0.9185
0.8,0.5789,0.6718,0.9247
0.7455,0.5,0.5985,0.8721
0.8545,0.5165,0.6438,0.9074
0.7818,0.4943,0.6056,0.8421
0.9074,0.5158,0.6577,0.9476
0.8704,0.4608,0.6026,0.904
0.8333,0.4787,0.6081,0.9106
0.8333,0.4839,0.6122,0.8921
0.8909,0.5444,0.6759,0.9209
0.8364,0.5169,0.6389,0.9112
0.7818,0.5584,0.6515,0.9146
0.9455,0.5098,0.6624,0.9478
0.6364,0.4605,0.5344,0.8469
0.8545,0.5341,0.6573,0.9137
0.7778,0.4565,0.5753,0.8734
0.8,0.4835,0.6027,0.8847
0.8364,0.5,0.6259,0.9066
0.9091,0.4854,0.6329,0.9167
0.8182,0.5357,0.6475,0.8959
0.8182,0.5488,0.6569,0.9162
0.7455,0.4881,0.5899,0.899
0.7037,0.413,0.5205,0.8287
0.8889,0.5517,0.6809,0.9145
0.7963,0.5375,0.6418,0.8989
0.8519,0.561,0.6765,0.9186
0.9259,0.4762,0.6289,0.9257
0.8519,0.5227,0.6479,0.9047
0.7778,0.4941,0.6043,0.9007
0.8,0.5867,0.6769,0.9197
0.8364,0.4946,0.6216,0.8854
0.8,0.449,0.5752,0.8844
0.8545,0.4896,0.6225,0.9285
0.8182,0.5,0.6207,0.8877
0.8364,0.5349,0.6525,0.8978
0.8519,0.5,0.6301,0.9021
0.8519,0.4894,0.6216,0.9042
0.8148,0.4731,0.5986,0.8855
0.7407,0.4878,0.5882,0.8917
0.8545,0.4947,0.6267,0.9205
0.8182,0.5294,0.6429,0.9063
0.8182,0.5172,0.6338,0.9158
0.8,0.55,0.6519,0.9216
0.8545,0.4896,0.6225,0.8993
0.8545,0.4653,0.6026,0.9036
0.7778,0.525,0.6269,0.9033
0.8333,0.5556,0.6667,0.9317
0.7963,0.4725,0.5931,0.8961
0.7963,0.4725,0.5931,0.8691
0.8545,0.4896,0.6225,0.8746
0.8182,0.4891,0.6122,0.8927
0.8909,0.5269,0.6622,0.9254
0.8182,0.5625,0.6667,0.9053
0.8364,0.4946,0.6216,0.9049
0.8727,0.5581,0.6809,0.9134
0.8519,0.5055,0.6345,0.8877
0.7963,0.5,0.6143,0.903
0.8704,0.4896,0.6267,0.9169
0.8148,0.4944,0.6154,0.8977
0.8182,0.5172,0.6338,0.9153
0.9636,0.53,0.6839,0.9439
0.8364,0.5287,0.6479,0.8935
0.7636,0.56,0.6462,0.8979
0.8545,0.5281,0.6528,0.9075
0.7273,0.5,0.5926,0.8633
0.8704,0.5222,0.6528,0.917
0.7407,0.4545,0.5634,0.8552
0.8333,0.5056,0.6294,0.9039
0.8704,0.4947,0.6309,0.8988
0.8182,0.5233,0.6383,0.9067
0.8364,0.4792,0.6093,0.918
0.8909,0.5213,0.6577,0.9195
0.7818,0.4257,0.5513,0.843
0.8545,0.4845,0.6184,0.9002
0.8727,0.5783,0.6957,0.9321
0.8148,0.5714,0.6718,0.9293
0.9259,0.4808,0.6329,0.9346
0.8148,0.4731,0.5986,0.8866
0.7222,0.4021,0.5166,0.843
0.8,0.5366,0.6423,0.9
0.8909,0.4949,0.6364,0.9323
0.8364,0.4554,0.5897,0.8922
0.8364,0.5476,0.6619,0.9236
0.9091,0.5319,0.6711,0.9044
0.7273,0.4762,0.5755,0.871
0.8333,0.5,0.625,0.8998
0.8519,0.5055,0.6345,0.8942
0.7778,0.433,0.5563,0.8767
0.8519,0.5169,0.6434,0.9225
0.8364,0.5111,0.6345,0.897
0.7091,0.4815,0.5735,0.8688
0.8182,0.5056,0.625,0.9042
0.8909,0.5444,0.6759,0.9313
0.8545,0.5402,0.662,0.9227
0.7818,0.4479,0.5695,0.8866
0.8704,0.5054,0.6395,0.9019
0.7963,0.4831,0.6014,0.8983
0.7963,0.4943,0.6099,0.8829
0.8148,0.5366,0.6471,0.9174
0.8,0.5176,0.6286,0.907
0.8727,0.5275,0.6575,0.9219
0.8727,0.48,0.6194,0.9143
0.8,0.4889,0.6069,0.8652
0.6727,0.4458,0.5362,0.8578
0.8364,0.5287,0.6479,0.9123
0.7963,0.5309,0.637,0.903
0.8704,0.5165,0.6483,0.9088
0.8889,0.5217,0.6575,0.9355
0.7963,0.5059,0.6187,0.9107
0.8,0.449,0.5752,0.8482
0.7818,0.5181,0.6232,0.8925
0.8545,0.5109,0.6395,0.923
0.8182,0.5488,0.6569,0.9261
0.7818,0.5244,0.6277,0.8863
0.8545,0.5109,0.6395,0.9007
0.7963,0.4624,0.585,0.8887
0.7593,0.4607,0.5734,0.8784
0.8704,0.5465,0.6714,0.9227
0.9444,0.4904,0.6456,0.939
0.8727,0.5333,0.6621,0.9413
0.8182,0.5056,0.625,0.9227
0.8545,0.5165,0.6438,0.9153
0.7636,0.4516,0.5676,0.8627
0.6727,0.5211,0.5873,0.8625
0.8182,0.4839,0.6081,0.8707
0.8704,0.5595,0.6812,0.9279
0.8148,0.5116,0.6286,0.9178
0.8333,0.5056,0.6294,0.9111
0.8148,0.5,0.6197,0.9056
0.8545,0.5402,0.662,0.9244
0.7636,0.5,0.6043,0.8749
0.8545,0.4747,0.6104,0.8803
0.9273,0.5258,0.6711,0.926
0.8,0.4783,0.5986,0.8596
0.8545,0.5054,0.6351,0.8922
0.8148,0.5057,0.6241,0.9225
0.7963,0.5,0.6143,0.8933
0.8704,0.5529,0.6763,0.8997
0.8519,0.575,0.6866,0.918
0.8545,0.4845,0.6184,0.8986
0.8364,0.4792,0.6093,0.8908
0.9273,0.5426,0.6846,0.9326
0.7636,0.5185,0.6176,0.8874
0.8364,0.451,0.586,0.9133
0.8182,0.4688,0.596,0.88
0.8148,0.5116,0.6286,0.8981
0.9074,0.5158,0.6577,0.9214
0.8148,0.5238,0.6377,0.917
0.8148,0.5057,0.6241,0.8991
0.8364,0.5227,0.6434,0.9068
0.8909,0.5568,0.6853,0.9275
0.8182,0.5,0.6207,0.9122
0.8545,0.5165,0.6438,0.9119
0.7273,0.4819,0.5797,0.8544
0.8364,0.5287,0.6479,0.9099
0.8519,0.4646,0.6013,0.862
0.8545,0.5,0.6309,0.9191
0.7818,0.5119,0.6187,0.8855
0.7818,0.5,0.6099,0.8897
0.7818,0.4343,0.5584,0.8712
0.8,0.5641,0.6617,0.9152
0.8364,0.5412,0.6571,0.8965
0.8333,0.5172,0.6383,0.9042
0.7963,0.5059,0.6187,0.887
0.9259,0.5155,0.6623,0.9204
0.8889,0.5217,0.6575,0.9158
0.8889,0.5,0.64,0.9178
0.8519,0.4894,0.6216,0.9096
0.8704,0.5109,0.6438,0.933
0.7818,0.5244,0.6277,0.889
0.8,0.5116,0.6241,0.8628
0.8545,0.4896,0.6225,0.9253
0.8545,0.5281,0.6528,0.9243
0.8,0.5,0.6154,0.8584
0.8182,0.5422,0.6522,0.8888
0.8889,0.4898,0.6316,0.9161
0.7818,0.5375,0.637,0.8868
0.8909,0.5269,0.6622,0.9113
0.8,0.5116,0.6241,0.9159
0.9091,0.5208,0.6623,0.9148
0.8364,0.5476,0.6619,0.9089
0.8909,0.5385,0.6712,0.9262
0.8889,0.5106,0.6486,0.9305
0.7778,0.4667,0.5833,0.8784
0.7593,0.4767,0.5857,0.8599
0.8519,0.4423,0.5823,0.9128
0.8545,0.5,0.6309,0.9088
0.8364,0.5,0.6259,0.9081
0.7818,0.4725,0.589,0.8798
0.7818,0.5119,0.6187,0.897
0.7818,0.5513,0.6466,0.8822
0.9273,0.5484,0.6892,0.9301
0.8704,0.5054,0.6395,0.9061
0.8519,0.5111,0.6389,0.8981
0.8333,0.5114,0.6338,0.9076
0.8704,0.5054,0.6395,0.9129
0.8704,0.5341,0.662,0.9266
0.7778,0.4565,0.5753,0.8885
0.8333,0.5,0.625,0.8841
0.8727,0.4898,0.6275,0.9013
0.7091,0.527,0.6047,0.8579
0.8727,0.5106,0.6443,0.9214
0.8364,0.5055,0.6301,0.9125
0.8182,0.4412,0.5732,0.8989
0.8,0.5366,0.6423,0.894
0.7778,0.525,0.6269,0.9182
0.8333,0.5233,0.6429,0.9138
0.7593,0.5395,0.6308,0.8945
0.8519,0.5055,0.6345,0.9069
0.8364,0.4792,0.6093,0.8844
0.8364,0.4423,0.5786,0.889
0.9455,0.5306,0.6797,0.9533
0.7273,0.5128,0.6015,0.8846
0.8545,0.5281,0.6528,0.9188
0.8,0.5,0.6154,0.89
0.8704,0.4947,0.6309,0.8988
0.8519,0.5227,0.6479,0.9046
0.7407,0.4255,0.5405,0.8519
0.8519,0.5476,0.6667,0.9257
0.8909,0.5104,0.649,0.9274
0.8364,0.5227,0.6434,0.8987
0.8,0.4783,0.5986,0.8882
0.8182,0.5294,0.6429,0.898
0.8727,0.5333,0.6621,0.9049
0.7455,0.5325,0.6212,0.8882
0.9074,0.4804,0.6282,0.9155
0.8889,0.5217,0.6575,0.8938
0.8148,0.5057,0.6241,0.9079
0.7963,0.5972,0.6825,0.9131
0.8545,0.4947,0.6267,0.8978
0.9636,0.5824,0.726,0.951
0.8182,0.5357,0.6475,0.8989
0.8,0.5,0.6154,0.8885
0.8,0.4731,0.5946,0.8907
0.7455,0.4316,0.5467,0.8861
0.8704,0.5402,0.6667,0.8973
0.8545,0.5222,0.6483,0.9222
0.7818,0.4388,0.5621,0.8696
0.8364,0.5,0.6259,0.9234
0.8182,0.5114,0.6294,0.894
0.8364,0.5679,0.6765,0.9126
0.8364,0.5542,0.6667,0.9235
0.7222,0.4194,0.5306,0.847
0.8519,0.5476,0.6667,0.9204
0.7963,0.4943,0.6099,0.8917
0.8889,0.5455,0.6761,0.9141
0.8889,0.5275,0.6621,0.9238
0.8333,0.4737,0.604,0.9072
0.7407,0.4706,0.5755,0.8846
0.8727,0.5714,0.6906,0.9166
0.7636,0.4941,0.6,0.8887
0.8545,0.5341,0.6573,0.9173
0.8727,0.4528,0.5963,0.9038
0.8364,0.5,0.6259,0.9101
0.8182,0.5114,0.6294,0.9109
0.8704,0.5402,0.6667,0.9075
0.8727,0.5393,0.6667,0.9241
0.8545,0.4312,0.5732,0.8858
0.7091,0.4815,0.5735,0.8619
0.8727,0.5714,0.6906,0.9438
0.8727,0.5455,0.6713,0.936
0.8545,0.5054,0.6351,0.9191
0.7037,0.4935,0.5802,0.8819
0.7963,0.5309,0.637,0.8912
0.7593,0.4767,0.5857,0.8754
0.8704,0.4845,0.6225,0.9164
0.8148,0.4632,0.5906,0.8943
0.7963,0.5584,0.6565,0.8979
0.8333,0.5233,0.6429,0.8822
0.8182,0.5056,0.625,0.8987
0.8,0.5238,0.6331,0.9088
0.9273,0.5667,0.7034,0.9531
0.8,0.4681,0.5906,0.8549
0.9273,0.51,0.6581,0.9268
0.8727,0.5455,0.6713,0.9241
0.8148,0.5238,0.6377,0.9006
0.8333,0.5056,0.6294,0.9034
0.7963,0.4943,0.6099,0.8775
0.9074,0.5568,0.6901,0.9447
0.8727,0.6076,0.7164,0.9402
0.8364,0.4842,0.6133,0.9066
0.7455,0.4767,0.5816,0.8756
0.8545,0.5595,0.6763,0.8982
0.8727,0.4324,0.5783,0.8879
0.8545,0.47,0.6065,0.9182
0.8148,0.5176,0.6331,0.9069
0.8704,0.5109,0.6438,0.912
0.8889,0.4848,0.6275,0.9246
0.7963,0.5,0.6143,0.8855
0.7818,0.5119,0.6187,0.8924
0.8,0.4272,0.557,0.8805
0.8727,0.5053,0.64,0.906
0.8909,0.5904,0.7101,0.9407
0.7818,0.4725,0.589,0.8767
0.8545,0.4947,0.6267,0.8936
0.8148,0.5301,0.6423,0.9163
0.8333,0.5294,0.6475,0.9155
0.8519,0.5412,0.6619,0.922
0.9074,0.5506,0.6853,0.9446
0.8545,0.5341,0.6573,0.9228
0.8364,0.5,0.6259,0.889
0.8182,0.4737,0.6,0.8764
0.7636,0.4468,0.5638,0.874
0.8727,0.5,0.6358,0.9129
0.8364,0.5287,0.6479,0.9227
0.7593,0.4457,0.5616,0.8632
0.8727,0.466,0.6076,0.8798
0.8364,0.5287,0.6479,0.9316
0.9636,0.5638,0.7114,0.9559
0.7273,0.4706,0.5714,0.8534
0.8364,0.4646,0.5974,0.8983
0.8364,0.5679,0.6765,0.9174
0.8333,0.4839,0.6122,0.8879
0.8333,0.5,0.625,0.8943
0.7037,0.4318,0.5352,0.8527
0.8704,0.4352,0.5802,0.9133
0.7593,0.4607,0.5734,0.8515
0.8889,0.5053,0.6443,0.9112
0.8519,0.5542,0.6715,0.9327
0.7455,0.4713,0.5775,0.8655
0.8727,0.4948,0.6316,0.9219
0.8364,0.5412,0.6571,0.9137
0.9273,0.5484,0.6892,0.9202
0.8,0.5238,0.6331,0.8877
0.8727,0.5647,0.6857,0.9191
0.8519,0.4694,0.6053,0.9084
0.8889,0.5217,0.6575,0.9234
0.8333,0.5357,0.6522,0.915
0.8519,0.5111,0.6389,0.92
0.8,0.5116,0.6241,0.8981
0.9091,0.5102,0.6536,0.9337
0.7455,0.4824,0.5857,0.8765
0.8182,0.5294,0.6429,0.9017
0.8182,0.5056,0.625,0.8956
0.8,0.4889,0.6069,0.8817
0.7593,0.4556,0.5694,0.8763
0.7963,0.4674,0.589,0.8672
0.8333,0.4545,0.5882,0.8953
0.8704,0.4796,0.6184,0.885
0.8364,0.5055,0.6301,0.9036
0.7818,0.4943,0.6056,0.8984
0.7636,0.4565,0.5714,0.8572
0.8545,0.5663,0.6812,0.9328
0.8364,0.5055,0.6301,0.9175
0.8909,0.5269,0.6622,0.9293
0.9074,0.5698,0.7,0.9376
0.8333,0.5114,0.6338,0.9129
0.8333,0.45,0.5844,0.8899
0.7778,0.4941,0.6043,0.9058
0.8,0.4835,0.6027,0.8798
0.7818,0.5059,0.6143,0.8804
0.8727,0.4848,0.6234,0.9077
0.8364,0.4842,0.6133,0.9106
0.8909,0.5326,0.6667,0.9352
0.8364,0.575,0.6815,0.9249
0.8333,0.5625,0.6716,0.8957
0.8889,0.5,0.64,0.9222
0.8889,0.5581,0.6857,0.936
0.7963,0.4831,0.6014,0.9008
0.8182,0.4369,0.5696,0.879
0.8182,0.5357,0.6475,0.8962
0.8364,0.4842,0.6133,0.8959
0.8182,0.5114,0.6294,0.9118
0.8182,0.5056,0.625,0.9066
0.8545,0.5281,0.6528,0.9134
0.7963,0.4831,0.6014,0.886
0.8364,0.575,0.6815,0.9147
0.7818,0.5119,0.6187,0.913
0.8,0.5057,0.6197,0.9056
0.8909,0.4804,0.6242,0.8929
0.8545,0.5,0.6309,0.9066
0.8909,0.5,0.6405,0.9037
0.7963,0.4943,0.6099,0.9057
0.8333,0.5172,0.6383,0.9125
0.7778,0.4719,0.5874,0.8707
0.8704,0.4845,0.6225,0.9084
0.8364,0.4894,0.6174,0.8901
0.8727,0.4848,0.6234,0.919
0.9273,0.5795,0.7133,0.9334
0.8,0.5,0.6154,0.8767
0.7636,0.506,0.6087,0.9
0.7818,0.4886,0.6014,0.8759
0.7407,0.4396,0.5517,0.8661
0.7963,0.4886,0.6056,0.9047
0.8333,0.5357,0.6522,0.9218
0.9074,0.49,0.6364,0.9162
0.9074,0.4804,0.6282,0.8975
0.8148,0.4632,0.5906,0.8925
0.7407,0.4819,0.5839,0.8699
0.7636,0.4773,0.5874,0.8806
0.8909,0.5904,0.7101,0.9286
0.7818,0.4388,0.5621,0.8843
0.8727,0.5714,0.6906,0.9242
0.8364,0.5287,0.6479,0.9044
0.8182,0.5769,0.6767,0.9268
0.8519,0.4946,0.6259,0.9012
0.8704,0.4653,0.6065,0.8766
0.9259,0.4587,0.6135,0.9175
0.7778,0.5122,0.6176,0.9044
0.8727,0.5333,0.6621,0.9162
0.8182,0.5114,0.6294,0.8711
0.8,0.4783,0.5986,0.8833
0.8182,0.5625,0.6667,0.9315
0.8545,0.5595,0.6763,0.9276
0.8909,0.5213,0.6577,0.9226
0.7963,0.4886,0.6056,0.8988
0.8889,0.4898,0.6316,0.8987
0.8519,0.5897,0.697,0.9263
0.7963,0.4526,0.5772,0.8872
0.7455,0.4505,0.5616,0.8793
0.9455,0.52,0.671,0.9539
0.8364,0.4742,0.6053,0.8876
0.7455,0.4556,0.5655,0.8745
0.8909,0.5506,0.6806,0.9262
0.7273,0.5634,0.6349,0.8884
0.7037,0.5507,0.6179,0.8769
0.8148,0.4944,0.6154,0.8949
0.8889,0.5106,0.6486,0.9226
0.7963,0.5309,0.637,0.897
0.8545,0.4896,0.6225,0.9035
0.9273,0.5368,0.68,0.921
0.8364,0.4646,0.5974,0.8953
0.8,0.4944,0.6111,0.9007
0.8727,0.5217,0.6531,0.9092
0.7818,0.5,0.6099,0.8719
0.7593,0.5541,0.6406,0.9255
0.9259,0.5208,0.6667,0.9201
0.8333,0.5357,0.6522,0.8778
0.8148,0.5432,0.6519,0.9123
0.8,0.5,0.6154,0.8742
0.7636,0.5,0.6043,0.8655
0.9273,0.505,0.6538,0.9274
0.8182,0.5294,0.6429,0.8989
0.7818,0.5119,0.6187,0.8945
0.9091,0.5556,0.6897,0.9384
0.8148,0.4112,0.5466,0.8722
0.7778,0.4773,0.5915,0.8837
0.9074,0.4667,0.6164,0.9114
0.8148,0.55,0.6567,0.9137
0.8,0.5,0.6154,0.8922
0.8545,0.4845,0.6184,0.9201
0.8727,0.5,0.6358,0.9123
0.8182,0.5357,0.6475,0.9219
0.8,0.557,0.6567,0.8989
0.8364,0.4894,0.6174,0.898
0.8333,0.4737,0.604,0.8997
0.7593,0.5256,0.6212,0.8775
0.8333,0.5422,0.6569,0.9149
0.9074,0.5,0.6447,0.9199
0.9091,0.5618,0.6944,0.9271
0.7273,0.4598,0.5634,0.8694
0.8364,0.5055,0.6301,0.9033
0.8909,0.5506,0.6806,0.9396
0.8364,0.575,0.6815,0.9167
0.7818,0.4725,0.589,0.8753
0.7778,0.506,0.6131,0.8963
0.7963,0.5244,0.6324,0.8978
0.8704,0.5222,0.6528,0.912
0.8519,0.4946,0.6259,0.9222
0.7455,0.4556,0.5655,0.8645
0.8727,0.6076,0.7164,0.9281
0.8364,0.4842,0.6133,0.8985
0.7091,0.4483,0.5493,0.8428
0.8182,0.5556,0.6618,0.9106
0.8909,0.5269,0.6622,0.94
0.8519,0.4894,0.6216,0.895
0.8704,0.6267,0.7287,0.9281
0.8889,0.5393,0.6713,0.9164
0.8333,0.4688,0.6,0.9092
0.8545,0.4563,0.5949,0.8897
0.8545,0.5529,0.6714,0.9315
0.8727,0.4528,0.5963,0.8924
0.8727,0.5581,0.6809,0.9208
0.7455,0.4713,0.5775,0.8575
0.7818,0.5059,0.6143,0.8892
0.8333,0.5294,0.6475,0.9011
0.7636,0.4667,0.5793,0.8749
0.8909,0.5444,0.6759,0.9205
0.7818,0.5119,0.6187,0.8893
0.7818,0.5059,0.6143,0.883
0.8909,0.5765,0.7,0.9272
0.8182,0.5422,0.6522,0.9279
0.8519,0.46,0.5974,0.869
0.8889,0.5517,0.6809,0.9158
0.8333,0.5,0.625,0.8918
0.8704,0.5341,0.662,0.9235
0.9074,0.5385,0.6759,0.9459
0.7963,0.4433,0.5695,0.8694
0.8889,0.5053,0.6443,0.9284
0.7636,0.5185,0.6176,0.8928
0.8182,0.5056,0.625,0.8827
0.8364,0.561,0.6715,0.9107
0.7636,0.525,0.6222,0.8803
0.7636,0.4884,0.5957,0.8882
0.8,0.5,0.6154,0.9016
0.9074,0.5052,0.649,0.9277
0.7593,0.4767,0.5857,0.8568
0.8704,0.4845,0.6225,0.899
0.963,0.4685,0.6303,0.9201
0.8364,0.5679,0.6765,0.9386
0.8364,0.5227,0.6434,0.9052
0.7455,0.5,0.5985,0.8856
0.8182,0.5233,0.6383,0.9024
0.8545,0.5949,0.7015,0.9231
0.8364,0.5055,0.6301,0.9096
0.7963,0.4526,0.5772,0.8776
0.7963,0.4479,0.5733,0.8864
0.8333,0.5357,0.6522,0.907
0.7963,0.4725,0.5931,0.8691
0.9273,0.5313,0.6755,0.9383
0.9273,0.5313,0.6755,0.9281
0.7273,0.5479,0.625,0.8691
0.8364,0.5349,0.6525,0.8952
0.8,0.5116,0.6241,0.9106
0.8364,0.5679,0.6765,0.9167
0.7963,0.5119,0.6232,0.9034
RUSMaxBag
0.7222,0.5571,0.629,0.9071
0.6296,0.5484,0.5862,0.8884
0.6481,0.5072,0.5691,0.879
0.6,0.4286,0.5,0.829
0.7818,0.5513,0.6466,0.9164
0.6364,0.5,0.56,0.8678
0.6,0.4648,0.5238,0.836
0.7455,0.4141,0.5325,0.879
0.6182,0.5231,0.5667,0.8611
0.8519,0.5349,0.6571,0.8996
0.6111,0.3976,0.4818,0.8437
0.6667,0.5294,0.5902,0.8882
0.7778,0.6087,0.6829,0.9059
0.6364,0.4605,0.5344,0.8413
0.6,0.4925,0.541,0.846
0.7455,0.6212,0.6777,0.9107
0.7455,0.4713,0.5775,0.8854
0.6364,0.5738,0.6034,0.8744
0.6727,0.5692,0.6167,0.8888
0.7963,0.5059,0.6187,0.9122
0.7222,0.5417,0.619,0.9177
0.6296,0.5397,0.5812,0.8699
0.5556,0.411,0.4724,0.8179
0.6727,0.5441,0.6016,0.8907
0.6727,0.5211,0.5873,0.9044
0.8182,0.5172,0.6338,0.8988
0.6727,0.4405,0.5324,0.8639
0.6909,0.5758,0.6281,0.8683
0.6545,0.4737,0.5496,0.8704
0.7037,0.4872,0.5758,0.8725
0.7037,0.481,0.5714,0.878
0.7037,0.4691,0.563,0.8758
0.6667,0.5625,0.6102,0.8575
0.7455,0.4881,0.5899,0.8861
0.6545,0.4932,0.5625,0.8669
0.6545,0.4865,0.5581,0.8522
0.7636,0.56,0.6462,0.9213
0.8,0.6111,0.6929,0.9066
0.6364,0.473,0.5426,0.8771
0.7037,0.5429,0.6129,0.8925
0.5741,0.5082,0.5391,0.8621
0.6296,0.5,0.5574,0.861
0.8333,0.5488,0.6618,0.9209
0.5818,0.4776,0.5246,0.8525
0.6364,0.473,0.5426,0.8601
0.6727,0.4512,0.5401,0.8728
0.7636,0.525,0.6222,0.887
0.7273,0.5333,0.6154,0.8964
0.6727,0.4684,0.5522,0.8695
0.7778,0.5122,0.6176,0.9106
0.7593,0.5942,0.6667,0.9159
0.6111,0.541,0.5739,0.8738
0.6667,0.48,0.5581,0.8673
0.6,0.5077,0.55,0.8753
0.5818,0.4706,0.5203,0.8427
0.7636,0.4565,0.5714,0.8796
0.6909,0.5352,0.6032,0.882
0.7636,0.4884,0.5957,0.895
0.7636,0.5676,0.6512,0.9216
0.7222,0.5342,0.6142,0.9033
0.6111,0.5077,0.5546,0.8497
0.7037,0.481,0.5714,0.8781
0.6111,0.5238,0.5641,0.8924
0.7273,0.5556,0.6299,0.8864
0.6364,0.5303,0.5785,0.867
0.7455,0.5541,0.6357,0.8972
0.6,0.5893,0.5946,0.8653
0.7818,0.4674,0.585,0.8662
0.7273,0.5634,0.6349,0.8997
0.7037,0.5067,0.5891,0.8703
0.6545,0.507,0.5714,0.8871
0.6727,0.5139,0.5827,0.868
0.7636,0.4828,0.5915,0.8709
0.7818,0.589,0.6719,0.9231
0.6909,0.475,0.563,0.8789
0.6182,0.5484,0.5812,0.8488
0.7593,0.519,0.6165,0.8891
0.7407,0.5,0.597,0.8901
0.6852,0.5,0.5781,0.8711
0.7222,0.5493,0.624,0.8748
0.7778,0.5,0.6087,0.9041
0.7037,0.5938,0.6441,0.9157
0.6852,0.4353,0.5324,0.8534
0.6364,0.3977,0.4895,0.8503
0.6182,0.5075,0.5574,0.8518
0.8545,0.5341,0.6573,0.9152
0.6545,0.507,0.5714,0.8653
0.7273,0.5797,0.6452,0.9058
0.7636,0.4667,0.5793,0.8901
0.7037,0.5135,0.5938,0.8747
0.7037,0.5205,0.5984,0.8859
0.7222,0.5132,0.6,0.8946
0.6481,0.5932,0.6195,0.875
0.7273,0.5,0.5926,0.8617
0.7091,0.65,0.6783,0.9164
0.6364,0.5147,0.5691,0.8715
0.7636,0.5,0.6043,0.884
0.7273,0.4819,0.5797,0.8779
0.7273,0.4938,0.5882,0.8718
0.6296,0.4928,0.5528,0.8559
0.6111,0.4459,0.5156,0.8665
0.7407,0.5797,0.6504,0.9181
0.6481,0.5147,0.5738,0.881
0.7455,0.5616,0.6406,0.8821
0.5636,0.4559,0.5041,0.8474
0.6909,0.4634,0.5547,0.8534
0.7091,0.6393,0.6724,0.9067
0.6545,0.6,0.6261,0.8718
0.7455,0.5467,0.6308,0.8925
0.7222,0.5,0.5909,0.8866
0.7593,0.5857,0.6613,0.8979
0.537,0.4677,0.5,0.8518
0.7593,0.5541,0.6406,0.9031
0.7818,0.6232,0.6935,0.917
0.6545,0.4737,0.5496,0.8613
0.7273,0.5479,0.625,0.895
0.6727,0.4512,0.5401,0.8462
0.4909,0.551,0.5192,0.8397
0.7273,0.597,0.6557,0.9026
0.7407,0.6154,0.6723,0.911
0.6481,0.5556,0.5983,0.8698
0.6296,0.5313,0.5763,0.8636
0.7222,0.527,0.6094,0.8961
0.5455,0.5263,0.5357,0.8566
0.6727,0.5692,0.6167,0.8853
0.8545,0.5054,0.6351,0.9222
0.7455,0.5062,0.6029,0.895
0.7091,0.5652,0.629,0.8928
0.6909,0.5846,0.6333,0.8906
0.6852,0.5,0.5781,0.8725
0.7037,0.475,0.5672,0.8616
0.6481,0.5385,0.5882,0.8657
0.6852,0.5139,0.5873,0.8822
0.6,0.5238,0.5593,0.8752
0.7091,0.5417,0.6142,0.8969
0.7636,0.6462,0.7,0.9162
0.8182,0.5625,0.6667,0.9179
0.6545,0.6667,0.6606,0.883
0.6364,0.5072,0.5645,0.8699
0.8333,0.5556,0.6667,0.9214
0.6852,0.5968,0.6379,0.8933
0.7222,0.5493,0.624,0.8811
0.5926,0.4384,0.5039,0.8494
0.7455,0.5256,0.6165,0.9
0.8182,0.5,0.6207,0.9016
0.7091,0.5652,0.629,0.9025
0.7273,0.4598,0.5634,0.8824
0.6727,0.5781,0.6218,0.8875
0.6727,0.5362,0.5968,0.8742
0.7963,0.6232,0.6992,0.918
0.6481,0.5738,0.6087,0.8864
0.7593,0.5541,0.6406,0.8807
0.6296,0.5667,0.5965,0.8791
0.7273,0.5479,0.625,0.8924
0.6364,0.5147,0.5691,0.8641
0.6,0.4648,0.5238,0.85
0.8182,0.5488,0.6569,0.9164
0.8,0.4583,0.5828,0.9109
0.6909,0.5205,0.5938,0.8931
0.7407,0.5714,0.6452,0.9056
0.6667,0.4675,0.5496,0.8567
0.7593,0.5062,0.6074,0.903
0.6852,0.5211,0.592,0.8692
0.8,0.5432,0.6471,0.9099
0.6545,0.5,0.5669,0.8636
0.7091,0.5132,0.5954,0.8863
0.6727,0.5441,0.6016,0.8881
0.7455,0.494,0.5942,0.8858
0.6364,0.5147,0.5691,0.8634
0.7037,0.6441,0.6726,0.9173
0.7222,0.5342,0.6142,0.889
0.6852,0.5781,0.6271,0.9032
0.7778,0.4828,0.5957,0.8958
0.6364,0.5147,0.5691,0.8688
0.6727,0.5139,0.5827,0.8789
0.6727,0.5441,0.6016,0.8756
0.6909,0.5758,0.6281,0.8912
0.7273,0.6349,0.678,0.8823
0.7455,0.519,0.6119,0.8863
0.6852,0.5068,0.5827,0.8662
0.7222,0.5132,0.6,0.8867
0.6481,0.625,0.6364,0.8857
0.7963,0.5244,0.6324,0.8971
0.6182,0.5484,0.5812,0.863
0.6909,0.5278,0.5984,0.8877
0.7455,0.5541,0.6357,0.8959
0.6182,0.4533,0.5231,0.8591
0.7636,0.5455,0.6364,0.9089
0.6909,0.4691,0.5588,0.8538
0.5926,0.64,0.6154,0.8895
0.7037,0.5672,0.6281,0.9036
0.6111,0.5,0.55,0.8683
0.5741,0.4429,0.5,0.8284
0.6727,0.5211,0.5873,0.8676
0.7818,0.5244,0.6277,0.8984
0.7273,0.5479,0.625,0.8789
0.6364,0.5224,0.5738,0.8515
0.6727,0.5606,0.6116,0.9118
0.8,0.5714,0.6667,0.9079
0.7037,0.5758,0.6333,0.897
0.8,0.5366,0.6423,0.9106
0.6545,0.4932,0.5625,0.859
0.6182,0.4857,0.544,0.8611
0.7818,0.5972,0.6772,0.9038
0.6364,0.493,0.5556,0.8716
0.5818,0.5161,0.547,0.8436
0.6667,0.5294,0.5902,0.8662
0.8889,0.4898,0.6316,0.9297
0.7778,0.5526,0.6462,0.8954
0.6111,0.5323,0.569,0.8724
0.6296,0.4857,0.5484,0.8633
0.8519,0.5349,0.6571,0.9296
0.6667,0.5455,0.6,0.9034
0.6727,0.4744,0.5564,0.8454
0.7273,0.5063,0.597,0.897
0.6,0.569,0.5841,0.8427
0.7091,0.5065,0.5909,0.8702
0.6182,0.4304,0.5075,0.854
0.7455,0.6406,0.6891,0.9145
0.7037,0.5507,0.6179,0.9005
0.7455,0.5541,0.6357,0.8957
0.6545,0.5806,0.6154,0.8755
0.7455,0.4505,0.5616,0.877
0.7091,0.5132,0.5954,0.8781
0.7091,0.5132,0.5954,0.8957
0.6,0.4853,0.5366,0.8565
0.5926,0.4848,0.5333,0.8526
0.6481,0.4667,0.5426,0.8535
0.7593,0.5857,0.6613,0.899
0.7407,0.6154,0.6723,0.932
0.7037,0.6032,0.6496,0.9053
0.6852,0.5,0.5781,0.8506
0.6667,0.4865,0.5625,0.8743
0.8,0.55,0.6519,0.906
0.6,0.5156,0.5546,0.866
0.7455,0.5857,0.656,0.9036
0.7273,0.5405,0.6202,0.8961
0.7273,0.5882,0.6504,0.9049
0.7273,0.5263,0.6107,0.8933
0.7222,0.5571,0.629,0.8773
0.6364,0.5932,0.614,0.874
0.7091,0.5417,0.6142,0.8828
0.6,0.4583,0.5197,0.8219
0.6364,0.4667,0.5385,0.8664
0.6364,0.4667,0.5385,0.8482
0.7273,0.6061,0.6612,0.906
0.6667,0.5373,0.595,0.867
0.7407,0.4762,0.5797,0.8776
0.6852,0.5068,0.5827,0.8814
0.6481,0.5,0.5645,0.8713
0.6727,0.5211,0.5873,0.8784
0.6364,0.493,0.5556,0.8628
0.5636,0.4493,0.5,0.8513
0.8545,0.5949,0.7015,0.9375
0.6364,0.5147,0.5691,0.8819
0.6909,0.4872,0.5714,0.891
0.6481,0.5,0.5645,0.8524
0.7222,0.52,0.6047,0.8791
0.6852,0.5606,0.6167,0.8829
0.6852,0.5606,0.6167,0.8827
0.6852,0.5781,0.6271,0.8882
0.6852,0.5522,0.6116,0.8881
0.6852,0.5211,0.592,0.8756
0.6,0.4925,0.541,0.8476
0.8,0.4889,0.6069,0.8979
0.7636,0.6269,0.6885,0.9104
0.6364,0.5469,0.5882,0.8503
0.6182,0.5075,0.5574,0.8468
0.6909,0.4578,0.5507,0.8606
0.6852,0.5362,0.6016,0.8789
0.7778,0.5753,0.6614,0.9155
0.6296,0.4722,0.5397,0.8516
0.6296,0.4658,0.5354,0.8445
0.6909,0.4634,0.5547,0.8517
0.7455,0.5395,0.626,0.8914
0.8909,0.5506,0.6806,0.908
0.7818,0.5513,0.6466,0.9258
0.6364,0.5645,0.5983,0.8588
0.6545,0.5294,0.5854,0.8828
0.6852,0.5068,0.5827,0.8908
0.7593,0.494,0.5985,0.8718
0.6852,0.4684,0.5564,0.8534
0.7778,0.56,0.6512,0.9196
0.6545,0.507,0.5714,0.8779
0.5818,0.5161,0.547,0.8577
0.6909,0.5429,0.608,0.8514
0.7636,0.56,0.6462,0.9153
0.6182,0.5231,0.5667,0.8455
0.7273,0.5882,0.6504,0.9067
0.7593,0.5616,0.6457,0.8918
0.6667,0.5294,0.5902,0.8964
0.7778,0.4719,0.5874,0.8935
0.7778,0.5753,0.6614,0.8896
0.7818,0.5443,0.6418,0.8968
0.6727,0.4933,0.5692,0.8924
0.7091,0.4937,0.5821,0.8622
0.6364,0.4605,0.5344,0.8667
0.6364,0.5738,0.6034,0.8759
0.5455,0.4615,0.5,0.8447
0.7963,0.6324,0.7049,0.9338
0.7778,0.56,0.6512,0.8966
0.7593,0.5467,0.6357,0.9088
0.7407,0.5195,0.6107,0.9026
0.6727,0.5781,0.6218,0.876
0.6727,0.5522,0.6066,0.8771
0.7455,0.4881,0.5899,0.8841
0.6727,0.5068,0.5781,0.9053
0.7091,0.5342,0.6094,0.9006
0.6909,0.4872,0.5714,0.8598
0.7778,0.5455,0.6412,0.9019
0.6667,0.5143,0.5806,0.8823
0.7407,0.6154,0.6723,0.9138
0.7222,0.4382,0.5455,0.8717
0.5455,0.5,0.5217,0.8489
0.6,0.4925,0.541,0.8739
0.6364,0.5556,0.5932,0.882
0.6364,0.5556,0.5932,0.8878
0.6364,0.4605,0.5344,0.8381
0.6364,0.4545,0.5303,0.8718
0.7037,0.4872,0.5758,0.8663
0.6,0.55,0.5739,0.8767
0.8182,0.5056,0.625,0.9096
0.6545,0.4932,0.5625,0.8808
0.7818,0.4886,0.6014,0.8804
0.7455,0.5467,0.6308,0.8767
0.6727,0.5781,0.6218,0.8664
0.7037,0.6129,0.6552,0.8972
0.6111,0.4583,0.5238,0.8507
0.7593,0.5395,0.6308,0.9134
0.6481,0.5147,0.5738,0.8708
0.7222,0.4937,0.5865,0.8574
0.6296,0.5,0.5574,0.8619
0.7222,0.5735,0.6393,0.8935
0.5636,0.4429,0.496,0.8173
0.6,0.44,0.5077,0.8377
0.7273,0.5882,0.6504,0.9025
0.7636,0.5833,0.6614,0.9221
0.8,0.6111,0.6929,0.9439
0.6909,0.5135,0.5891,0.8497
0.7222,0.5342,0.6142,0.8832
0.7407,0.5405,0.625,0.8789
0.7222,0.5342,0.6142,0.8909
0.537,0.5472,0.5421,0.871
0.6909,0.5278,0.5984,0.8515
0.6909,0.5205,0.5938,0.8772
0.6182,0.4928,0.5484,0.8626
0.6364,0.5385,0.5833,0.8734
0.7455,0.5325,0.6212,0.895
0.6364,0.5385,0.5833,0.8688
0.7778,0.5526,0.6462,0.9029
0.7037,0.4935,0.5802,0.88
0.7963,0.5972,0.6825,0.9186
0.6667,0.4557,0.5414,0.8598
0.6364,0.5,0.56,0.8715
0.6727,0.5362,0.5968,0.8915
0.8,0.5176,0.6286,0.9021
0.6545,0.5538,0.6,0.8899
0.5636,0.4697,0.5124,0.8482
0.7273,0.5333,0.6154,0.8758
0.7037,0.5507,0.6179,0.8792
0.5926,0.4571,0.5161,0.8684
0.7037,0.5672,0.6281,0.8781
0.7407,0.5714,0.6452,0.9041
0.7455,0.5616,0.6406,0.9003
0.7091,0.5735,0.6341,0.8919
0.7091,0.5417,0.6142,0.8749
0.6727,0.5211,0.5873,0.8695
0.7273,0.5479,0.625,0.8997
0.7091,0.619,0.661,0.8773
0.6852,0.5522,0.6116,0.8775
0.5926,0.4444,0.5079,0.829
0.8889,0.5581,0.6857,0.9444
0.7222,0.6724,0.6964,0.9219
0.7091,0.5132,0.5954,0.8763
0.6545,0.4737,0.5496,0.8793
0.6364,0.5556,0.5932,0.8703
0.6545,0.5455,0.595,0.8877
0.7091,0.4756,0.5693,0.8792
0.7091,0.5065,0.5909,0.8622
0.6667,0.4865,0.5625,0.8544
0.6852,0.4568,0.5481,0.8597
0.7593,0.4505,0.5655,0.8827
0.6667,0.507,0.576,0.8605
0.7273,0.5634,0.6349,0.8942
0.6545,0.5294,0.5854,0.8841
0.7273,0.6154,0.6667,0.9147
0.7273,0.5128,0.6015,0.8855
0.6545,0.5714,0.6102,0.8718
0.7455,0.5256,0.6165,0.883
0.7222,0.619,0.6667,0.9102
0.7037,0.5846,0.6387,0.9016
0.7222,0.52,0.6047,0.9031
0.6667,0.4675,0.5496,0.8703
0.7455,0.4457,0.5578,0.8558
0.7455,0.5942,0.6613,0.9204
0.7636,0.5915,0.6667,0.916
0.7636,0.5833,0.6614,0.8944
0.6909,0.5846,0.6333,0.8766
0.8182,0.4891,0.6122,0.8885
0.6481,0.5303,0.5833,0.8596
0.7273,0.4878,0.5839,0.8894
0.7273,0.5,0.5926,0.8879
0.6909,0.481,0.5672,0.8721
0.7273,0.5714,0.64,0.8902
0.5636,0.5345,0.5487,0.8436
0.6909,0.5507,0.6129,0.877
0.6111,0.5077,0.5546,0.8811
0.6296,0.5484,0.5862,0.8867
0.7778,0.4884,0.6,0.9157
0.6852,0.5068,0.5827,0.8763
0.6481,0.4605,0.5385,0.8635
0.6667,0.5373,0.595,0.855
0.6667,0.5217,0.5854,0.8724
0.7818,0.5733,0.6615,0.9064
0.6182,0.5,0.5528,0.8698
0.5091,0.4746,0.4912,0.8501
0.7091,0.5735,0.6341,0.893
0.7091,0.4643,0.5612,0.8705
0.7818,0.5658,0.6565,0.9145
0.7407,0.4651,0.5714,0.8853
0.5818,0.4444,0.5039,0.8333
0.6909,0.6129,0.6496,0.9029
0.7273,0.5479,0.625,0.8953
0.7273,0.5479,0.625,0.9013
0.6909,0.4691,0.5588,0.8611
0.6909,0.5,0.5802,0.8714
0.537,0.5472,0.5421,0.8664
0.7037,0.5507,0.6179,0.8716
0.7778,0.4667,0.5833,0.9091
0.7222,0.5652,0.6341,0.8881
0.7963,0.6143,0.6935,0.9409
0.7222,0.52,0.6047,0.8917
0.5556,0.5263,0.5405,0.8735
0.5818,0.4848,0.5289,0.8578
0.8545,0.6184,0.7176,0.939
0.6909,0.5135,0.5891,0.8761
0.6545,0.4557,0.5373,0.8407
0.6727,0.5441,0.6016,0.8801
0.6545,0.5455,0.595,0.8537
0.7407,0.5797,0.6504,0.9218
0.7037,0.4578,0.5547,0.8635
0.7593,0.5616,0.6457,0.8871
0.7778,0.506,0.6131,0.8843
0.6182,0.5667,0.5913,0.8693
0.7273,0.4938,0.5882,0.8745
0.6364,0.614,0.625,0.8972
0.7091,0.5652,0.629,0.8792
0.8,0.5432,0.6471,0.8997
0.6727,0.5286,0.592,0.8972
0.6111,0.55,0.5789,0.8676
0.6852,0.5,0.5781,0.8915
0.6667,0.5,0.5714,0.8685
0.5926,0.4706,0.5246,0.8564
0.7273,0.5714,0.64,0.897
0.7636,0.5455,0.6364,0.8753
0.6909,0.5846,0.6333,0.8951
0.7455,0.5467,0.6308,0.8838
0.6909,0.5,0.5802,0.8714
0.6727,0.4253,0.5211,0.8597
0.7963,0.5375,0.6418,0.9239
0.7091,0.5065,0.5909,0.8794
0.7273,0.5333,0.6154,0.9045
0.6182,0.4533,0.5231,0.836
0.6909,0.475,0.563,0.8699
0.7455,0.5325,0.6212,0.88
0.7818,0.5584,0.6515,0.8916
0.7222,0.52,0.6047,0.8875
0.6481,0.5224,0.5785,0.8757
0.5926,0.4507,0.512,0.8395
0.7037,0.5938,0.6441,0.9084
0.7222,0.619,0.6667,0.8832
0.7222,0.4756,0.5735,0.8649
0.7407,0.597,0.6612,0.9099
0.7455,0.5395,0.626,0.8964
0.7455,0.6119,0.6721,0.9135
0.6364,0.5072,0.5645,0.8789
0.6364,0.5833,0.6087,0.8756
0.7818,0.5181,0.6232,0.9139
0.6909,0.481,0.5672,0.8713
0.6296,0.5152,0.5667,0.8511
0.6111,0.5,0.55,0.8658
0.6667,0.5373,0.595,0.8975
0.537,0.6444,0.5859,0.8631
0.8,0.5641,0.6617,0.9106
0.7818,0.4624,0.5811,0.8991
0.7091,0.5909,0.6446,0.9115
0.6364,0.493,0.5556,0.8417
0.8,0.5789,0.6718,0.8965
0.6,0.4583,0.5197,0.8143
0.7963,0.5375,0.6418,0.9329
0.7963,0.5181,0.6277,0.8868
0.7222,0.52,0.6047,0.8964
0.6852,0.5,0.5781,0.8534
0.7091,0.5417,0.6142,0.8804
0.6727,0.5,0.5736,0.8858
0.5818,0.64,0.6095,0.9024
0.8364,0.5227,0.6434,0.9341
0.6,0.4925,0.541,0.8439
0.7455,0.5541,0.6357,0.9054
0.7037,0.481,0.5714,0.8526
0.6909,0.5278,0.5984,0.871
0.6727,0.5286,0.592,0.8807
0.7818,0.4831,0.5972,0.8904
0.7455,0.4881,0.5899,0.8722
0.7091,0.629,0.6667,0.9008
0.6364,0.5932,0.614,0.8918
0.6111,0.4074,0.4889,0.8173
0.7407,0.5556,0.6349,0.8915
0.6481,0.5072,0.5691,0.8743
0.7963,0.6056,0.688,0.9101
0.7778,0.506,0.6131,0.908
0.8148,0.55,0.6567,0.8979
0.7407,0.4938,0.5926,0.8861
0.8364,0.6479,0.7302,0.9197
0.7091,0.4756,0.5693,0.8622
0.6545,0.4615,0.5414,0.8555
0.7273,0.4819,0.5797,0.8981
0.6909,0.6333,0.6609,0.8786
0.7455,0.5395,0.626,0.8892
0.6111,0.4648,0.528,0.8674
0.6481,0.473,0.5469,0.867
0.6481,0.5224,0.5785,0.8452
0.6667,0.5373,0.595,0.8714
0.6364,0.5303,0.5785,0.8877
0.6909,0.5846,0.6333,0.8711
0.7455,0.5942,0.6613,0.9
0.6727,0.5441,0.6016,0.8963
0.6727,0.5606,0.6116,0.881
0.8364,0.5111,0.6345,0.9064
0.7222,0.527,0.6094,0.8988
0.7593,0.5616,0.6457,0.9242
0.6667,0.5373,0.595,0.875
0.7222,0.4382,0.5455,0.8494
0.6182,0.4658,0.5312,0.8501
0.6727,0.5362,0.5968,0.8683
0.7273,0.5195,0.6061,0.8974
0.7455,0.5467,0.6308,0.8808
0.7091,0.5132,0.5954,0.8847
0.6909,0.5938,0.6387,0.9014
0.6481,0.4795,0.5512,0.8603
0.6481,0.4667,0.5426,0.8642
0.7963,0.5119,0.6232,0.9014
0.6667,0.4737,0.5538,0.8571
0.7636,0.5915,0.6667,0.9104
0.7273,0.4762,0.5755,0.8884
0.7273,0.5556,0.6299,0.8869
0.5636,0.5741,0.5688,0.869
0.7455,0.5616,0.6406,0.8926
0.5818,0.4384,0.5,0.846
0.6481,0.5469,0.5932,0.8994
0.6667,0.5455,0.6,0.849
0.7037,0.5507,0.6179,0.892
0.6481,0.5,0.5645,0.8662
0.6182,0.5397,0.5763,0.8701
0.8,0.5714,0.6667,0.9072
0.6909,0.5588,0.6179,0.8825
0.6909,0.5,0.5802,0.8339
0.6909,0.5846,0.6333,0.8865
0.6727,0.6167,0.6435,0.9006
0.6852,0.5211,0.592,0.907
0.8889,0.5783,0.7007,0.9305
0.6481,0.4217,0.5109,0.8594
0.6481,0.4217,0.5109,0.8301
0.7818,0.5513,0.6466,0.9087
0.8364,0.5227,0.6434,0.9217
0.7818,0.4886,0.6014,0.8983
0.7273,0.5195,0.6061,0.9071
0.6545,0.5294,0.5854,0.8728
0.6182,0.4789,0.5397,0.8469
0.7037,0.4872,0.5758,0.8771
0.7407,0.5333,0.6202,0.8741
0.7222,0.4643,0.5652,0.8527
0.6852,0.5362,0.6016,0.882
0.6364,0.5224,0.5738,0.8792
0.6182,0.4857,0.544,0.8588
0.6909,0.5352,0.6032,0.8737
0.6909,0.6552,0.6726,0.9164
0.8,0.5714,0.6667,0.9187
0.7636,0.4941,0.6,0.877
0.6852,0.4405,0.5362,0.8747
0.6667,0.5455,0.6,0.884
0.5185,0.4912,0.5045,0.8504
0.7778,0.5676,0.6563,0.9111
0.6727,0.4868,0.5649,0.8746
0.7273,0.5263,0.6107,0.8898
0.6909,0.481,0.5672,0.8836
0.7091,0.5342,0.6094,0.8772
0.5636,0.5,0.5299,0.8635
0.5818,0.4571,0.512,0.8442
0.6111,0.4853,0.541,0.8718
0.7222,0.52,0.6047,0.8883
0.7407,0.5556,0.6349,0.9252
0.6667,0.5455,0.6,0.8857
0.6364,0.5147,0.5691,0.8435
0.5818,0.5333,0.5565,0.8704
0.7273,0.5063,0.597,0.8768
0.7455,0.5325,0.6212,0.8989
0.6545,0.5625,0.605,0.8668
0.6909,0.5067,0.5846,0.8623
0.6296,0.4928,0.5528,0.8691
0.6852,0.5441,0.6066,0.8834
0.6481,0.5833,0.614,0.8862
0.8148,0.5789,0.6769,0.9282
0.8,0.5867,0.6769,0.9222
0.7091,0.5652,0.629,0.9036
0.8,0.557,0.6567,0.9063
0.6182,0.4857,0.544,0.8403
0.6182,0.5574,0.5862,0.8431
0.5636,0.4429,0.496,0.8272
0.7593,0.5775,0.656,0.9168
0.8148,0.5176,0.6331,0.9159
0.7407,0.5195,0.6107,0.8984
0.6481,0.5385,0.5882,0.8861
0.6909,0.6441,0.6667,0.8945
0.6727,0.5286,0.592,0.858
0.7091,0.5065,0.5909,0.864
0.7818,0.5733,0.6615,0.913
0.6727,0.5781,0.6218,0.8553
0.7091,0.527,0.6047,0.8821
0.6852,0.5606,0.6167,0.9046
0.6667,0.5,0.5714,0.86
0.6111,0.569,0.5893,0.8548
0.7407,0.5797,0.6504,0.9029
0.6727,0.5211,0.5873,0.8734
0.7273,0.5479,0.625,0.8729
0.7636,0.56,0.6462,0.9113
0.6182,0.6071,0.6126,0.8773
0.7455,0.4881,0.5899,0.8921
0.6727,0.5606,0.6116,0.8653
0.6852,0.5606,0.6167,0.8874
0.6667,0.4444,0.5333,0.8662
0.7037,0.5205,0.5984,0.8833
0.6852,0.5522,0.6116,0.883
0.8,0.55,0.6519,0.905
0.8,0.5946,0.6822,0.9174
0.7273,0.597,0.6557,0.897
0.7818,0.5513,0.6466,0.8994
0.6545,0.6207,0.6372,0.8586
0.7636,0.5455,0.6364,0.9101
0.5926,0.4848,0.5333,0.8127
0.7455,0.519,0.6119,0.9023
0.7091,0.5132,0.5954,0.8763
0.7273,0.6154,0.6667,0.8875
0.6545,0.5373,0.5902,0.844
0.5818,0.5333,0.5565,0.8808
0.6727,0.5,0.5736,0.8665
0.7037,0.5672,0.6281,0.894
0.6667,0.5217,0.5854,0.8758
0.8148,0.5641,0.6667,0.9243
0.7778,0.4667,0.5833,0.8939
0.7407,0.5714,0.6452,0.9077
0.6481,0.473,0.5469,0.8633
0.8148,0.6111,0.6984,0.9344
0.6545,0.5373,0.5902,0.8636
0.6,0.4521,0.5156,0.8242
0.7091,0.5571,0.624,0.8773
0.7636,0.5385,0.6316,0.9045
0.6,0.5238,0.5593,0.8556
0.6545,0.6,0.6261,0.8858
0.7593,0.5325,0.626,0.8989
0.7091,0.4875,0.5778,0.8649
0.7273,0.597,0.6557,0.8928
0.7091,0.5342,0.6094,0.8863
0.7091,0.5417,0.6142,0.904
0.6727,0.5606,0.6116,0.8821
0.7455,0.5541,0.6357,0.9096
0.7593,0.6119,0.6777,0.9069
0.5185,0.4242,0.4667,0.8221
0.7037,0.5205,0.5984,0.8577
0.7778,0.5455,0.6412,0.9083
0.7091,0.5417,0.6142,0.8808
0.7636,0.6087,0.6774,0.8951
0.6545,0.4865,0.5581,0.8686
0.7455,0.5395,0.626,0.9031
0.6545,0.507,0.5714,0.8401
0.7818,0.5658,0.6565,0.9216
0.6667,0.4865,0.5625,0.8734
0.6852,0.5522,0.6116,0.8799
0.6111,0.5077,0.5546,0.8728
0.7222,0.4756,0.5735,0.8909
0.6481,0.5932,0.6195,0.8923
0.7222,0.5132,0.6,0.8921
0.6852,0.5781,0.6271,0.8583
0.8182,0.5056,0.625,0.8963
0.6182,0.5667,0.5913,0.8429
0.7636,0.5915,0.6667,0.9109
0.7818,0.4886,0.6014,0.9025
0.7455,0.4659,0.5734,0.8806
0.6182,0.5484,0.5812,0.8695
0.6481,0.5556,0.5983,0.9
0.7593,0.5395,0.6308,0.9211
0.7222,0.5821,0.6446,0.8942
0.6667,0.5217,0.5854,0.8789
0.6909,0.5429,0.608,0.8597
0.6909,0.5,0.5802,0.8571
0.8909,0.5385,0.6712,0.9464
0.6727,0.5211,0.5873,0.8873
0.8909,0.5698,0.695,0.9414
0.6,0.5323,0.5641,0.8554
0.6667,0.507,0.576,0.855
0.7407,0.5263,0.6154,0.8867
0.5926,0.5079,0.547,0.8248
0.7037,0.5588,0.623,0.9057
0.8,0.5301,0.6377,0.9058
0.7091,0.527,0.6047,0.878
0.5818,0.5246,0.5517,0.8417
0.7636,0.5,0.6043,0.8792
0.7273,0.5479,0.625,0.8923
0.6545,0.507,0.5714,0.8754
0.7778,0.506,0.6131,0.8865
0.7037,0.5588,0.623,0.9028
0.7222,0.5652,0.6341,0.8942
0.7407,0.5479,0.6299,0.9017
0.6545,0.4615,0.5414,0.8758
0.8,0.5789,0.6718,0.9168
0.6364,0.5147,0.5691,0.876
0.7273,0.5882,0.6504,0.8846
0.6909,0.4935,0.5758,0.8677
0.6545,0.4444,0.5294,0.8584
0.7222,0.5065,0.5954,0.8819
0.8182,0.5556,0.6618,0.9178
0.7091,0.5132,0.5954,0.8804
0.7636,0.6,0.672,0.9134
0.7091,0.5652,0.629,0.8749
0.7091,0.5909,0.6446,0.9013
0.6909,0.5588,0.6179,0.8984
0.5741,0.4306,0.4921,0.8288
0.7037,0.5135,0.5938,0.8997
0.6481,0.5224,0.5785,0.8794
0.6852,0.5068,0.5827,0.8816
0.7037,0.4935,0.5802,0.8792
0.7407,0.5263,0.6154,0.8797
0.7407,0.5556,0.6349,0.8883
0.7455,0.5616,0.6406,0.9057
0.7091,0.527,0.6047,0.8784
0.6727,0.5068,0.5781,0.87
0.7636,0.5455,0.6364,0.8898
0.7455,0.519,0.6119,0.8933
0.6182,0.6182,0.6182,0.898
0.5741,0.4627,0.5124,0.8583
0.6545,0.5,0.5669,0.8775
0.7455,0.519,0.6119,0.8862
0.5091,0.4828,0.4956,0.8177
0.8182,0.625,0.7087,0.9433
0.8182,0.6164,0.7031,0.9318
0.6909,0.4872,0.5714,0.889
0.6296,0.5397,0.5812,0.8684
0.7407,0.5263,0.6154,0.88
0.6852,0.4868,0.5692,0.8545
0.6481,0.5,0.5645,0.8671
0.6481,0.5385,0.5882,0.8735
0.6667,0.5143,0.5806,0.8723
0.6852,0.5211,0.592,0.8685
0.6727,0.4933,0.5692,0.8759
0.6909,0.5278,0.5984,0.8847
0.7091,0.527,0.6047,0.8999
0.6182,0.5313,0.5714,0.8252
0.8,0.5176,0.6286,0.9101
0.7636,0.5753,0.6563,0.8986
0.6481,0.6364,0.6422,0.881
0.6481,0.493,0.56,0.8919
0.7037,0.475,0.5672,0.8611
0.7222,0.5821,0.6446,0.911
0.7091,0.6094,0.6555,0.9065
0.7818,0.589,0.6719,0.8991
0.5455,0.5085,0.5263,0.8655
0.6364,0.625,0.6306,0.8682
0.7091,0.527,0.6047,0.871
0.6909,0.4368,0.5352,0.8878
0.7407,0.5333,0.6202,0.8795
0.7037,0.5588,0.623,0.8898
0.7593,0.5,0.6029,0.8995
0.5556,0.5882,0.5714,0.8492
0.6364,0.5072,0.5645,0.8767
0.6,0.4714,0.528,0.8608
0.7273,0.5333,0.6154,0.8964
0.7091,0.5909,0.6446,0.9008
0.7091,0.5342,0.6094,0.877
0.7273,0.5405,0.6202,0.894
0.6852,0.5968,0.6379,0.8888
0.7037,0.5352,0.608,0.8854
0.7037,0.5672,0.6281,0.8994
0.6852,0.5286,0.5968,0.9019
0.8,0.5867,0.6769,0.9121
0.6909,0.5,0.5802,0.8622
0.6182,0.4857,0.544,0.8415
0.6182,0.4928,0.5484,0.861
0.7091,0.5735,0.6341,0.9063
0.7636,0.5676,0.6512,0.9022
0.6852,0.5,0.5781,0.8459
0.6727,0.5211,0.5873,0.8483
0.7455,0.5942,0.6613,0.9151
0.7455,0.5616,0.6406,0.9267
0.5818,0.4923,0.5333,0.8399
0.7091,0.527,0.6047,0.8791
0.7455,0.6406,0.6891,0.907
0.7593,0.5541,0.6406,0.8834
0.7222,0.4875,0.5821,0.8804
0.5926,0.4923,0.5378,0.8453
0.7593,0.494,0.5985,0.8873
0.5741,0.4559,0.5082,0.8327
0.6667,0.5714,0.6154,0.8768
0.7222,0.6094,0.661,0.9072
0.5091,0.5091,0.5091,0.8236
0.7273,0.5,0.5926,0.8989
0.6364,0.493,0.5556,0.8685
0.7818,0.5443,0.6418,0.9009
0.6364,0.5932,0.614,0.8716
0.7273,0.5405,0.6202,0.8982
0.7778,0.5915,0.672,0.9133
0.6667,0.5294,0.5902,0.8844
0.8519,0.5476,0.6667,0.9235
0.6852,0.4625,0.5522,0.8864
0.6727,0.5286,0.592,0.8793
0.8182,0.5844,0.6818,0.9079
0.5818,0.4848,0.5289,0.8548
0.6,0.55,0.5739,0.8509
0.6182,0.5231,0.5667,0.8531
0.5818,0.5246,0.5517,0.8402
0.7037,0.4419,0.5429,0.8632
0.6481,0.5072,0.5691,0.841
0.7037,0.4872,0.5758,0.877
0.7037,0.4524,0.5507,0.8611
0.6909,0.5135,0.5891,0.8882
0.6364,0.5224,0.5738,0.861
0.5455,0.4478,0.4918,0.8244
0.6909,0.5205,0.5938,0.8952
0.6909,0.5352,0.6032,0.8818
0.7273,0.5479,0.625,0.8978
0.7407,0.5714,0.6452,0.9182
0.7037,0.6032,0.6496,0.9102
0.7407,0.4545,0.5634,0.8683
0.6667,0.6,0.6316,0.889
0.6545,0.4675,0.5455,0.851
0.6545,0.5373,0.5902,0.8602
0.7455,0.5541,0.6357,0.8957
0.7091,0.6393,0.6724,0.8854
0.7818,0.5811,0.6667,0.9185
0.6545,0.5538,0.6,0.8902
0.7778,0.5455,0.6412,0.8901
0.7963,0.5244,0.6324,0.9151
0.7963,0.6615,0.7227,0.9412
0.6111,0.4342,0.5077,0.858
0.6545,0.4737,0.5496,0.8497
0.8182,0.5625,0.6667,0.9035
0.7455,0.5,0.5985,0.8772
0.7636,0.5316,0.6269,0.9076
0.7818,0.4943,0.6056,0.8849
0.7636,0.525,0.6222,0.9036
0.6667,0.5217,0.5854,0.8778
0.7091,0.6,0.65,0.9079
0.6909,0.4935,0.5758,0.8752
0.7091,0.6,0.65,0.8979
0.7091,0.5065,0.5909,0.8706
0.6364,0.493,0.5556,0.8898
0.7091,0.5065,0.5909,0.8792
0.6481,0.4545,0.5344,0.879
0.6852,0.5,0.5781,0.8884
0.5926,0.5424,0.5664,0.8493
0.7222,0.5735,0.6393,0.8971
0.7273,0.5405,0.6202,0.8956
0.7636,0.4941,0.6,0.8819
0.7455,0.5467,0.6308,0.9144
0.6,0.5789,0.5893,0.8564
0.6727,0.5,0.5736,0.8844
0.6545,0.5373,0.5902,0.8745
0.6852,0.4405,0.5362,0.8395
0.7222,0.4875,0.5821,0.895
0.7593,0.5467,0.6357,0.8998
0.6481,0.5303,0.5833,0.8737
0.6481,0.493,0.56,0.8598
0.6667,0.4337,0.5255,0.8738
0.6481,0.5556,0.5983,0.8644
0.5636,0.4921,0.5254,0.8404
0.7455,0.5256,0.6165,0.9066
0.7455,0.5395,0.626,0.8753
0.7455,0.6119,0.6721,0.9019
0.6909,0.5938,0.6387,0.8841
0.7636,0.6269,0.6885,0.9156
0.7037,0.5205,0.5984,0.8803
0.6481,0.4321,0.5185,0.8344
0.8148,0.5,0.6197,0.908
0.7037,0.5135,0.5938,0.8865
0.6909,0.623,0.6552,0.8998
0.6545,0.5,0.5669,0.8426
0.7091,0.5342,0.6094,0.8825
0.7818,0.6324,0.6992,0.9231
0.7273,0.5634,0.6349,0.9108
0.6545,0.5625,0.605,0.8918
0.6481,0.5303,0.5833,0.862
0.6667,0.5143,0.5806,0.8631
0.7222,0.52,0.6047,0.9079
0.6111,0.4521,0.5197,0.8422
0.6,0.4583,0.5197,0.8349
0.7818,0.5584,0.6515,0.9246
0.6727,0.4684,0.5522,0.8548
0.5455,0.4918,0.5172,0.8436
0.8182,0.5556,0.6618,0.907
0.6545,0.5217,0.5806,0.8515
0.6667,0.5714,0.6154,0.8692
0.7222,0.5417,0.619,0.8835
0.8519,0.5476,0.6667,0.9312
0.7407,0.5263,0.6154,0.8873
0.7818,0.5513,0.6466,0.8954
0.7636,0.4828,0.5915,0.8792
0.6545,0.4235,0.5143,0.8596
0.6727,0.5211,0.5873,0.894
0.6727,0.5139,0.5827,0.8739
0.6364,0.5645,0.5983,0.8671
0.6667,0.5373,0.595,0.9025
0.7407,0.5479,0.6299,0.8814
0.6667,0.6792,0.6729,0.8519
0.7037,0.5507,0.6179,0.9047
0.6909,0.481,0.5672,0.8619
0.5818,0.4571,0.512,0.8347
0.7818,0.5119,0.6187,0.8945
0.6909,0.5758,0.6281,0.8799
0.6545,0.4932,0.5625,0.8685
0.7636,0.6176,0.6829,0.9122
0.8148,0.5,0.6197,0.8797
0.6111,0.4648,0.528,0.8599
0.7593,0.4881,0.5942,0.8995
0.7593,0.5694,0.6508,0.9239
0.7273,0.5556,0.6299,0.8908
0.6545,0.5625,0.605,0.8971
0.7455,0.5616,0.6406,0.9025
0.6727,0.5968,0.6325,0.8953
0.6545,0.507,0.5714,0.8747
0.8,0.5432,0.6471,0.9025
0.7222,0.52,0.6047,0.8904
0.6667,0.5714,0.6154,0.8676
0.7037,0.5135,0.5938,0.8818
0.8148,0.5867,0.6822,0.909
0.7273,0.5714,0.64,0.8989
0.7273,0.5128,0.6015,0.8624
0.6545,0.4865,0.5581,0.8627
0.7273,0.5882,0.6504,0.9288
0.6727,0.5522,0.6066,0.8733
0.7091,0.5342,0.6094,0.8733
0.6852,0.5606,0.6167,0.8852
0.6667,0.5625,0.6102,0.8787
0.7222,0.5652,0.6341,0.8877
0.7407,0.5714,0.6452,0.9038
0.5818,0.4507,0.5079,0.83
0.6364,0.625,0.6306,0.9045
0.6909,0.4872,0.5714,0.8789
0.4727,0.4727,0.4727,0.8058
0.6727,0.4868,0.5649,0.8856
0.8,0.5057,0.6197,0.9101
0.7037,0.5507,0.6179,0.8769
0.6667,0.6,0.6316,0.8916
0.5926,0.4384,0.5039,0.8544
0.7407,0.5556,0.6349,0.903
0.7091,0.4699,0.5652,0.8737
0.8182,0.6,0.6923,0.9219
0.6727,0.5211,0.5873,0.865
0.7636,0.6364,0.6942,0.9143
0.5636,0.4627,0.5082,0.8299
0.6545,0.5625,0.605,0.8854
0.7407,0.5882,0.6557,0.8926
0.6909,0.4935,0.5758,0.859
0.6909,0.5205,0.5938,0.8912
0.6909,0.5352,0.6032,0.8904
0.6545,0.5538,0.6,0.8736
0.8364,0.6053,0.7023,0.9278
0.7273,0.5634,0.6349,0.8948
0.6481,0.5385,0.5882,0.8502
0.7037,0.5278,0.6032,0.8959
0.6852,0.5522,0.6116,0.8788
0.6481,0.5,0.5645,0.8933
0.7963,0.5658,0.6615,0.9398
0.6852,0.4805,0.5649,0.8592
0.7593,0.519,0.6165,0.9021
0.6,0.5593,0.5789,0.8756
0.5818,0.4923,0.5333,0.8421
0.7091,0.6,0.65,0.8885
0.6727,0.5522,0.6066,0.8707
0.6364,0.5645,0.5983,0.8753
0.6727,0.5362,0.5968,0.8849
0.7778,0.5526,0.6462,0.9111
0.5741,0.5082,0.5391,0.8204
0.7037,0.5588,0.623,0.8869
0.7222,0.527,0.6094,0.8918
0.8,0.55,0.6519,0.9303
0.6909,0.5846,0.6333,0.8795
0.5636,0.4627,0.5082,0.8484
0.7273,0.6061,0.6612,0.8903
0.6727,0.5873,0.6271,0.8976
0.7273,0.4819,0.5797,0.8918
0.6667,0.48,0.5581,0.8699
0.7963,0.4831,0.6014,0.8871
0.7222,0.5417,0.619,0.892
0.6852,0.5522,0.6116,0.8601
0.7273,0.5882,0.6504,0.912
0.7455,0.5541,0.6357,0.8967
0.5455,0.5455,0.5455,0.8439
0.7818,0.5584,0.6515,0.8806
0.6727,0.5211,0.5873,0.8938
0.7091,0.5735,0.6341,0.906
0.6852,0.5286,0.5968,0.8823
RUSVoteBag
0.8704,0.4796,0.6184,0.9061
0.8148,0.5301,0.6423,0.9059
0.8519,0.5897,0.697,0.8969
0.7636,0.4941,0.6,0.8634
0.9273,0.5667,0.7034,0.9241
0.8182,0.5422,0.6522,0.8919
0.8182,0.5172,0.6338,0.8586
0.8182,0.4592,0.5882,0.8833
0.6909,0.5507,0.6129,0.8932
0.8519,0.5,0.6301,0.8845
0.8519,0.4842,0.6174,0.8793
0.7778,0.5676,0.6563,0.8988
0.8704,0.5663,0.6861,0.9069
0.8182,0.4412,0.5732,0.8547
0.8,0.55,0.6519,0.8638
0.7636,0.56,0.6462,0.9036
0.8727,0.5053,0.64,0.9001
0.7636,0.6087,0.6774,0.8681
0.8182,0.5422,0.6522,0.879
0.9074,0.5269,0.6667,0.916
0.9444,0.5795,0.7183,0.954
0.8704,0.5402,0.6667,0.8894
0.7963,0.4624,0.585,0.8439
0.8,0.5366,0.6423,0.8983
0.8182,0.5844,0.6818,0.9329
0.8545,0.5875,0.6963,0.9071
0.8364,0.5,0.6259,0.8893
0.7091,0.527,0.6047,0.842
0.8364,0.4842,0.6133,0.8593
0.7222,0.5,0.5909,0.8748
0.7963,0.5,0.6143,0.8722
0.7593,0.4556,0.5694,0.857
0.7037,0.5507,0.6179,0.8561
0.9091,0.4673,0.6173,0.9019
0.8182,0.5556,0.6618,0.9084
0.8,0.5116,0.6241,0.8483
0.9273,0.5604,0.6986,0.9407
0.8364,0.5227,0.6434,0.8932
0.7818,0.5375,0.637,0.9047
0.8333,0.5488,0.6618,0.9114
0.8148,0.557,0.6617,0.9109
0.7778,0.5,0.6087,0.848
0.9074,0.5104,0.6533,0.9092
0.6364,0.4605,0.5344,0.8345
0.7818,0.5,0.6099,0.8783
0.8364,0.561,0.6715,0.8987
0.8364,0.5111,0.6345,0.8827
0.8364,0.5169,0.6389,0.9021
0.8727,0.6,0.7111,0.9252
0.9259,0.5051,0.6536,0.9146
0.8519,0.5055,0.6345,0.9047
0.7963,0.589,0.6772,0.8838
0.8889,0.5106,0.6486,0.8824
0.8364,0.5679,0.6765,0.9064
0.7636,0.5185,0.6176,0.8521
0.8,0.4583,0.5828,0.8747
0.8,0.557,0.6567,0.8858
0.8182,0.5,0.6207,0.9083
0.9273,0.5543,0.6939,0.9254
0.7963,0.5584,0.6565,0.9168
0.8148,0.55,0.6567,0.8691
0.8333,0.5,0.625,0.8843
0.8889,0.5854,0.7059,0.9225
0.8182,0.5488,0.6569,0.8827
0.7818,0.4831,0.5972,0.8693
0.8727,0.5393,0.6667,0.9055
0.6727,0.5781,0.6218,0.8856
0.7818,0.5181,0.6232,0.8654
0.8364,0.5055,0.6301,0.9118
0.7963,0.4831,0.6014,0.8599
0.8727,0.5106,0.6443,0.9045
0.8182,0.4592,0.5882,0.8573
0.8909,0.5444,0.6759,0.887
0.9091,0.641,0.7519,0.9454
0.7818,0.4526,0.5733,0.8874
0.8364,0.5897,0.6917,0.8652
0.7222,0.5132,0.6,0.8899
0.8148,0.4681,0.5946,0.8775
0.7963,0.4725,0.5931,0.8667
0.7778,0.5385,0.6364,0.8519
0.9074,0.5104,0.6533,0.909
0.8148,0.6027,0.6929,0.909
0.8333,0.4891,0.6164,0.8597
0.7455,0.4659,0.5734,0.8527
0.7273,0.5263,0.6107,0.8311
0.8,0.5867,0.6769,0.902
0.8,0.4944,0.6111,0.8646
0.8,0.6027,0.6875,0.9247
0.8364,0.561,0.6715,0.8883
0.7778,0.4941,0.6043,0.8867
0.7963,0.4778,0.5972,0.8928
0.7222,0.5571,0.629,0.8888
0.7593,0.5616,0.6457,0.8877
0.7455,0.5125,0.6074,0.8506
0.8,0.5789,0.6718,0.9218
0.8545,0.5663,0.6812,0.8912
0.7273,0.5,0.5926,0.8651
0.8909,0.5052,0.6447,0.9074
0.7818,0.5059,0.6143,0.8736
0.8148,0.5,0.6197,0.8645
0.8148,0.4944,0.6154,0.8764
0.8519,0.5679,0.6815,0.9267
0.8519,0.5476,0.6667,0.9032
0.7818,0.4674,0.585,0.8448
0.8364,0.5897,0.6917,0.9132
0.7818,0.5059,0.6143,0.8625
0.7636,0.5385,0.6316,0.899
0.6909,0.5278,0.5984,0.8552
0.6909,0.4872,0.5714,0.878
0.8704,0.5109,0.6438,0.903
0.7963,0.4831,0.6014,0.8854
0.7963,0.4943,0.6099,0.8681
0.8704,0.4563,0.5987,0.9097
0.8727,0.5217,0.6531,0.8975
0.8182,0.4688,0.596,0.8859
0.8182,0.5172,0.6338,0.8963
0.7818,0.5119,0.6187,0.8684
0.7636,0.4719,0.5833,0.8737
0.8545,0.6104,0.7121,0.9244
0.8333,0.625,0.7143,0.909
0.8519,0.5055,0.6345,0.8862
0.6667,0.4865,0.5625,0.8249
0.8148,0.55,0.6567,0.9024
0.7273,0.4255,0.5369,0.8447
0.8364,0.5227,0.6434,0.8978
0.8364,0.4842,0.6133,0.9163
0.8182,0.4839,0.6081,0.8951
0.8545,0.5875,0.6963,0.912
0.8,0.5366,0.6423,0.9191
0.8148,0.4444,0.5752,0.8464
0.7963,0.4886,0.6056,0.8695
0.7778,0.5526,0.6462,0.8774
0.7778,0.5676,0.6563,0.8923
0.8727,0.4948,0.6316,0.8937
0.8545,0.5109,0.6395,0.9091
0.8727,0.6076,0.7164,0.926
0.9091,0.5102,0.6536,0.9312
0.7636,0.5455,0.6364,0.89
0.7636,0.5122,0.6131,0.8961
0.8148,0.5057,0.6241,0.8838
0.7963,0.5059,0.6187,0.8751
0.8148,0.5789,0.6769,0.8724
0.7593,0.4881,0.5942,0.8885
0.8545,0.5341,0.6573,0.9142
0.8545,0.4896,0.6225,0.89
0.8364,0.5169,0.6389,0.8882
0.8182,0.5294,0.6429,0.8944
0.8727,0.5217,0.6531,0.9056
0.8182,0.4891,0.6122,0.8666
0.8704,0.5663,0.6861,0.9228
0.7407,0.5,0.597,0.8856
0.8519,0.5227,0.6479,0.8691
0.8333,0.5357,0.6522,0.8921
0.8,0.5057,0.6197,0.8801
0.7818,0.5059,0.6143,0.8762
0.7273,0.5263,0.6107,0.8578
0.8909,0.5326,0.6667,0.9263
0.8909,0.5213,0.6577,0.9228
0.7455,0.5325,0.6212,0.8962
0.8704,0.5802,0.6963,0.9174
0.8333,0.4787,0.6081,0.8873
0.8889,0.5161,0.6531,0.9148
0.8148,0.4889,0.6111,0.8836
0.8545,0.5165,0.6438,0.9165
0.7636,0.5676,0.6512,0.8795
0.7818,0.5513,0.6466,0.8687
0.7636,0.5676,0.6512,0.8874
0.8,0.5057,0.6197,0.8936
0.7818,0.5181,0.6232,0.8658
0.8519,0.5542,0.6715,0.9138
0.8333,0.4945,0.6207,0.8775
0.7963,0.4674,0.589,0.8937
0.8704,0.5109,0.6438,0.8982
0.7818,0.4886,0.6014,0.8854
0.7455,0.5942,0.6613,0.8815
0.8,0.4889,0.6069,0.8691
0.8727,0.6234,0.7273,0.9007
0.7636,0.5316,0.6269,0.8678
0.8545,0.5281,0.6528,0.9033
0.7778,0.4773,0.5915,0.8702
0.7778,0.4941,0.6043,0.8829
0.7778,0.5526,0.6462,0.8812
0.8704,0.4747,0.6144,0.8874
0.8727,0.5,0.6358,0.8882
0.8364,0.5542,0.6667,0.9013
0.8545,0.5402,0.662,0.9025
0.7636,0.5,0.6043,0.886
0.8545,0.5341,0.6573,0.9046
0.7636,0.4884,0.5957,0.8797
0.7407,0.5479,0.6299,0.8719
0.8333,0.5056,0.6294,0.8969
0.7963,0.5,0.6143,0.8878
0.7222,0.5493,0.624,0.8511
0.8727,0.4752,0.6154,0.8742
0.7818,0.6056,0.6825,0.9027
0.8909,0.4455,0.5939,0.8767
0.7273,0.5063,0.597,0.8491
0.8545,0.5529,0.6714,0.9274
0.8364,0.5,0.6259,0.8933
0.8333,0.5556,0.6667,0.9024
0.8727,0.5393,0.6667,0.9269
0.8364,0.561,0.6715,0.8766
0.8182,0.4839,0.6081,0.8648
0.8727,0.5275,0.6575,0.9028
0.7091,0.4875,0.5778,0.8747
0.8,0.5238,0.6331,0.8648
0.8333,0.5056,0.6294,0.8643
0.963,0.4952,0.6541,0.9383
0.7593,0.5256,0.6212,0.8743
0.7778,0.5185,0.6222,0.879
0.7407,0.4651,0.5714,0.8516
0.9074,0.5506,0.6853,0.9206
0.8889,0.5581,0.6857,0.9219
0.7636,0.4565,0.5714,0.855
0.8727,0.5275,0.6575,0.9099
0.7636,0.4828,0.5915,0.8351
0.8182,0.5556,0.6618,0.8627
0.8364,0.5055,0.6301,0.9053
0.8182,0.5769,0.6767,0.9162
0.7778,0.56,0.6512,0.8914
0.8364,0.4646,0.5974,0.9028
0.7818,0.5181,0.6232,0.8684
0.8727,0.5053,0.64,0.9034
0.8182,0.4787,0.604,0.8568
0.8182,0.5696,0.6716,0.8992
0.6727,0.5286,0.592,0.8696
0.7963,0.4479,0.5733,0.8706
0.8148,0.5116,0.6286,0.8897
0.7407,0.5,0.597,0.8581
0.8704,0.5949,0.7068,0.941
0.8889,0.5393,0.6713,0.9066
0.8148,0.4681,0.5946,0.8612
0.7407,0.5,0.597,0.8791
0.8364,0.5055,0.6301,0.9087
0.7091,0.52,0.6,0.8543
0.8909,0.5213,0.6577,0.9153
0.7818,0.5181,0.6232,0.8828
0.8,0.5057,0.6197,0.8983
0.8909,0.5385,0.6712,0.9052
0.8519,0.46,0.5974,0.86
0.7818,0.6324,0.6992,0.8809
0.8727,0.5333,0.6621,0.8793
0.7636,0.4773,0.5874,0.8254
0.7818,0.5513,0.6466,0.8971
0.7636,0.4941,0.6,0.8608
0.8364,0.561,0.6715,0.9189
0.7593,0.4362,0.5541,0.8682
0.8148,0.4583,0.5867,0.8796
0.8519,0.4742,0.6093,0.9032
0.8333,0.5625,0.6716,0.8989
0.8545,0.5529,0.6714,0.9104
0.8545,0.5341,0.6573,0.8916
0.8,0.4944,0.6111,0.8906
0.9091,0.5882,0.7143,0.9321
0.7273,0.5714,0.64,0.9057
0.8182,0.5625,0.6667,0.9082
0.7778,0.4884,0.6,0.834
0.9074,0.4757,0.6242,0.8826
0.7963,0.4831,0.6014,0.8793
0.7963,0.589,0.6772,0.8836
0.8333,0.5233,0.6429,0.8904
0.8704,0.5663,0.6861,0.9063
0.8148,0.5,0.6197,0.884
0.7091,0.4875,0.5778,0.8375
0.8182,0.4639,0.5921,0.8922
0.8364,0.5974,0.697,0.9151
0.8182,0.4688,0.596,0.8647
0.8182,0.5625,0.6667,0.8962
0.8,0.4889,0.6069,0.8674
0.8889,0.5783,0.7007,0.905
0.8148,0.5366,0.6471,0.8896
0.8148,0.4889,0.6111,0.8645
0.7778,0.5122,0.6176,0.8766
0.8364,0.451,0.586,0.8766
0.7818,0.5181,0.6232,0.8863
0.7636,0.56,0.6462,0.8734
0.8545,0.6104,0.7121,0.9409
0.8182,0.5422,0.6522,0.8694
0.8364,0.5679,0.6765,0.9039
0.7963,0.5244,0.6324,0.8884
0.7222,0.4535,0.5571,0.8449
0.7593,0.494,0.5985,0.8852
0.8519,0.6301,0.7244,0.9186
0.7818,0.5119,0.6187,0.8789
0.7091,0.5342,0.6094,0.8878
0.8182,0.5056,0.625,0.8646
0.9455,0.5417,0.6887,0.9439
0.7273,0.4762,0.5755,0.8405
0.9273,0.5258,0.6711,0.909
0.8704,0.5732,0.6912,0.8891
0.8333,0.5422,0.6569,0.9137
0.7778,0.4421,0.5638,0.8631
0.7963,0.5309,0.637,0.8687
0.8182,0.5294,0.6429,0.9061
0.8364,0.5227,0.6434,0.8978
0.8545,0.4608,0.5987,0.8794
0.8,0.5641,0.6617,0.9053
0.7818,0.5733,0.6615,0.8888
0.7455,0.4881,0.5899,0.8621
0.8704,0.4947,0.6309,0.9298
0.8148,0.5366,0.6471,0.9
0.8148,0.5,0.6197,0.8889
0.8889,0.5161,0.6531,0.9121
0.7455,0.5616,0.6406,0.8816
0.8,0.5,0.6154,0.8763
0.8,0.5,0.6154,0.8864
0.9091,0.5618,0.6944,0.9333
0.8182,0.5357,0.6475,0.9063
0.8182,0.5233,0.6383,0.8644
0.8333,0.4592,0.5921,0.8749
0.7778,0.4773,0.5915,0.8725
0.9074,0.5765,0.705,0.933
0.7222,0.5065,0.5954,0.8862
0.7273,0.4545,0.5594,0.8462
0.8,0.55,0.6519,0.8822
0.8,0.6027,0.6875,0.8974
0.8727,0.5926,0.7059,0.9112
0.8182,0.5294,0.6429,0.8624
0.8727,0.5333,0.6621,0.8946
0.7963,0.4725,0.5931,0.8726
0.8,0.557,0.6567,0.8939
0.8545,0.5054,0.6351,0.9016
0.8,0.5238,0.6331,0.8959
0.8182,0.4688,0.596,0.8713
0.7636,0.5385,0.6316,0.8582
0.8,0.4783,0.5986,0.8861
0.7222,0.6,0.6555,0.8914
0.8333,0.4455,0.5806,0.8495
0.9259,0.6098,0.7353,0.9426
0.8333,0.5696,0.6767,0.9168
0.7037,0.4524,0.5507,0.8253
0.8333,0.5056,0.6294,0.8724
0.7963,0.5309,0.637,0.9085
0.7636,0.4421,0.56,0.8153
0.8364,0.5287,0.6479,0.865
0.8364,0.6133,0.7077,0.9236
0.9091,0.6329,0.7463,0.9388
0.9273,0.6071,0.7338,0.9486
0.7455,0.4767,0.5816,0.8582
0.8519,0.5169,0.6434,0.8942
0.7593,0.5256,0.6212,0.8785
0.7963,0.5119,0.6232,0.8996
0.7778,0.506,0.6131,0.8734
0.6545,0.5714,0.6102,0.8445
0.8182,0.5172,0.6338,0.8704
0.7273,0.5714,0.64,0.8878
0.7273,0.5634,0.6349,0.9015
0.8182,0.4839,0.6081,0.8815
0.8364,0.4646,0.5974,0.8915
0.7963,0.4479,0.5733,0.893
0.7963,0.4831,0.6014,0.8788
0.8148,0.5641,0.6667,0.9067
0.7593,0.5125,0.6119,0.8679
0.8182,0.5114,0.6294,0.8852
0.8727,0.5926,0.7059,0.9299
0.8,0.4944,0.6111,0.8774
0.8182,0.5769,0.6767,0.9226
0.8,0.5238,0.6331,0.8848
0.8364,0.5349,0.6525,0.89
0.8333,0.4945,0.6207,0.8835
0.8519,0.5111,0.6389,0.9106
0.7778,0.4516,0.5714,0.8577
0.7593,0.5775,0.656,0.9013
0.8545,0.5802,0.6912,0.9135
0.8182,0.5422,0.6522,0.88
0.8364,0.5055,0.6301,0.8741
0.8364,0.5111,0.6345,0.8852
0.8364,0.5679,0.6765,0.9133
0.7636,0.5185,0.6176,0.8646
0.8333,0.4891,0.6164,0.8852
0.6481,0.5224,0.5785,0.8347
0.9259,0.5495,0.6897,0.9417
0.7778,0.5,0.6087,0.9034
0.8727,0.4898,0.6275,0.9136
0.8,0.5176,0.6286,0.892
0.6727,0.5211,0.5873,0.863
0.8,0.6197,0.6984,0.9146
0.8545,0.5054,0.6351,0.887
0.7636,0.4565,0.5714,0.8624
0.7963,0.4343,0.5621,0.8354
0.7593,0.4824,0.5899,0.8707
0.7778,0.5385,0.6364,0.879
0.8148,0.5714,0.6718,0.8736
0.8364,0.5679,0.6765,0.8988
0.7636,0.4828,0.5915,0.873
0.8545,0.5402,0.662,0.9005
0.8182,0.5,0.6207,0.8946
0.8909,0.4949,0.6364,0.8822
0.8,0.557,0.6567,0.8908
0.8148,0.4889,0.6111,0.8897
0.8519,0.5897,0.697,0.9189
0.8704,0.5465,0.6714,0.9109
0.7963,0.4624,0.585,0.8776
0.8364,0.4466,0.5823,0.866
0.8182,0.5056,0.625,0.906
0.8727,0.5106,0.6443,0.9262
0.8182,0.5294,0.6429,0.8898
0.7818,0.5658,0.6565,0.8674
0.8545,0.5529,0.6714,0.8835
0.8333,0.5114,0.6338,0.8742
0.8727,0.466,0.6076,0.8967
0.8545,0.5402,0.662,0.8928
0.8545,0.5281,0.6528,0.9019
0.8182,0.4737,0.6,0.8698
0.7455,0.5125,0.6074,0.8471
0.7818,0.5584,0.6515,0.885
0.8333,0.5056,0.6294,0.8818
0.8889,0.5517,0.6809,0.9182
0.8704,0.4896,0.6267,0.9164
0.7963,0.5,0.6143,0.8905
0.7963,0.4831,0.6014,0.8996
0.7593,0.4824,0.5899,0.8519
0.7593,0.494,0.5985,0.8573
0.8545,0.5054,0.6351,0.8946
0.8182,0.5488,0.6569,0.8888
0.6545,0.5,0.5669,0.8855
0.8182,0.5696,0.6716,0.8867
0.8909,0.4804,0.6242,0.9014
0.8182,0.5294,0.6429,0.9035
0.8333,0.5056,0.6294,0.8756
0.7455,0.5125,0.6074,0.8517
0.8909,0.5698,0.695,0.8992
0.8909,0.5,0.6405,0.9055
0.7818,0.5733,0.6615,0.8922
0.8545,0.5,0.6309,0.861
0.8545,0.5109,0.6395,0.8787
0.6667,0.4932,0.5669,0.851
0.8148,0.5116,0.6286,0.8711
0.9259,0.4762,0.6289,0.9258
0.7963,0.5972,0.6825,0.8817
0.9074,0.5506,0.6853,0.9412
0.9074,0.5052,0.649,0.9005
0.7778,0.5455,0.6412,0.8885
0.7273,0.4938,0.5882,0.8887
0.8545,0.5402,0.662,0.9185
0.7273,0.5063,0.597,0.8688
0.7273,0.4545,0.5594,0.8331
0.8,0.5,0.6154,0.88
0.7455,0.5256,0.6165,0.8609
0.9259,0.5618,0.6993,0.9318
0.7778,0.4516,0.5714,0.865
0.8519,0.5412,0.6619,0.8799
0.9074,0.4851,0.6323,0.8946
0.7091,0.5571,0.624,0.8734
0.8182,0.5556,0.6618,0.8994
0.8,0.4835,0.6027,0.8948
0.7818,0.5,0.6099,0.8689
0.9091,0.4902,0.6369,0.8959
0.8182,0.5488,0.6569,0.9017
0.7593,0.6119,0.6777,0.882
0.8333,0.6164,0.7087,0.9182
0.8148,0.4731,0.5986,0.8753
0.7778,0.5185,0.6222,0.8823
0.8364,0.5349,0.6525,0.8981
0.7091,0.4815,0.5735,0.8424
0.7818,0.5181,0.6232,0.9001
0.7818,0.5181,0.6232,0.8754
0.7818,0.4886,0.6014,0.8797
0.8545,0.4947,0.6267,0.8747
0.9074,0.5765,0.705,0.9356
0.8,0.5301,0.6377,0.8799
0.8909,0.5213,0.6577,0.9206
0.8,0.4889,0.6069,0.8593
0.8182,0.5,0.6207,0.8844
0.8364,0.5349,0.6525,0.8866
0.8182,0.5172,0.6338,0.8768
0.8333,0.5488,0.6618,0.888
0.7963,0.4725,0.5931,0.8643
0.7407,0.4819,0.5839,0.8626
0.8519,0.5476,0.6667,0.9041
0.8704,0.5281,0.6573,0.8851
0.8333,0.4891,0.6164,0.8686
0.8889,0.5581,0.6857,0.9138
0.8545,0.5875,0.6963,0.8998
0.8364,0.5055,0.6301,0.9079
0.7818,0.5513,0.6466,0.8872
0.8364,0.5412,0.6571,0.9047
0.9091,0.5263,0.6667,0.9151
0.7273,0.4938,0.5882,0.8777
0.7778,0.5676,0.6563,0.8738
0.8333,0.5233,0.6429,0.8857
0.9074,0.5269,0.6667,0.934
0.6481,0.5303,0.5833,0.8674
0.8545,0.5465,0.6667,0.8992
0.9091,0.4808,0.6289,0.9047
0.7455,0.6308,0.6833,0.9205
0.7091,0.4937,0.5821,0.8559
0.8364,0.5349,0.6525,0.893
0.7636,0.4615,0.5753,0.8219
0.9074,0.5568,0.6901,0.94
0.8704,0.4845,0.6225,0.9037
0.7963,0.4778,0.5972,0.9111
0.8333,0.4839,0.6122,0.8687
0.8909,0.5698,0.695,0.9117
0.8545,0.5529,0.6714,0.8882
0.7818,0.5658,0.6565,0.8986
0.9455,0.5149,0.6667,0.9474
0.6364,0.473,0.5426,0.8201
0.8364,0.5287,0.6479,0.9051
0.7963,0.4624,0.585,0.8565
0.8,0.4889,0.6069,0.879
0.8364,0.5111,0.6345,0.9023
0.9091,0.5435,0.6803,0.9178
0.8182,0.5696,0.6716,0.8845
0.7636,0.56,0.6462,0.9114
0.7455,0.5125,0.6074,0.8749
0.6481,0.4375,0.5224,0.7923
0.8333,0.5696,0.6767,0.9026
0.7593,0.5325,0.626,0.8833
0.8333,0.6,0.6977,0.9054
0.9074,0.4949,0.6405,0.9112
0.7963,0.5513,0.6515,0.8857
0.7593,0.5062,0.6074,0.8871
0.7818,0.6143,0.688,0.9039
0.8545,0.4747,0.6104,0.8674
0.8182,0.4545,0.5844,0.8608
0.8545,0.5165,0.6438,0.9234
0.7818,0.5309,0.6324,0.8612
0.7818,0.5733,0.6615,0.894
0.8148,0.5176,0.6331,0.8879
0.8333,0.5294,0.6475,0.9036
0.8333,0.4787,0.6081,0.8759
0.7407,0.5333,0.6202,0.8782
0.8182,0.5,0.6207,0.9118
0.8,0.5641,0.6617,0.8976
0.7818,0.5811,0.6667,0.8957
0.7818,0.5584,0.6515,0.9117
0.8364,0.4946,0.6216,0.8926
0.8182,0.4787,0.604,0.8851
0.7778,0.5316,0.6316,0.8885
0.8148,0.557,0.6617,0.9158
0.7778,0.5,0.6087,0.8668
0.7593,0.4881,0.5942,0.8639
0.8182,0.4945,0.6164,0.8663
0.8182,0.5233,0.6383,0.8898
0.8909,0.5632,0.6901,0.9184
0.8182,0.6081,0.6977,0.8811
0.8,0.5176,0.6286,0.8984
0.8364,0.5897,0.6917,0.9094
0.8148,0.5057,0.6241,0.8739
0.7963,0.5119,0.6232,0.8919
0.8704,0.5165,0.6483,0.9063
0.8148,0.5116,0.6286,0.8773
0.7818,0.5244,0.6277,0.8919
0.9455,0.5474,0.6933,0.9447
0.8182,0.5422,0.6522,0.8868
0.7818,0.5811,0.6667,0.8916
0.8545,0.5529,0.6714,0.8907
0.6909,0.5429,0.608,0.8583
0.8704,0.5281,0.6573,0.9098
0.7593,0.4824,0.5899,0.8197
0.8333,0.5357,0.6522,0.9013
0.7963,0.5059,0.6187,0.8952
0.8182,0.5769,0.6767,0.9024
0.8364,0.4742,0.6053,0.905
0.8727,0.5393,0.6667,0.9065
0.7818,0.4257,0.5513,0.8282
0.8364,0.4842,0.6133,0.8835
0.8909,0.5833,0.705,0.9194
0.7963,0.6232,0.6992,0.9224
0.8704,0.4947,0.6309,0.923
0.7963,0.5,0.6143,0.87
0.7593,0.4141,0.5359,0.8074
0.8,0.557,0.6567,0.8948
0.8727,0.5161,0.6486,0.9167
0.8,0.4632,0.5867,0.8815
0.8182,0.5844,0.6818,0.9159
0.8364,0.5169,0.6389,0.8915
0.7273,0.5063,0.597,0.8526
0.8333,0.4891,0.6164,0.8706
0.8519,0.5111,0.6389,0.8687
0.7963,0.43,0.5584,0.863
0.8333,0.5357,0.6522,0.9151
0.8,0.5789,0.6718,0.8895
0.6727,0.5211,0.5873,0.8589
0.8182,0.5233,0.6383,0.9039
0.8727,0.5647,0.6857,0.9264
0.8545,0.5595,0.6763,0.914
0.7636,0.4719,0.5833,0.8588
0.8333,0.5294,0.6475,0.8826
0.7963,0.5059,0.6187,0.8918
0.7407,0.5195,0.6107,0.8596
0.7593,0.5541,0.6406,0.9161
0.7818,0.5181,0.6232,0.8832
0.8545,0.5732,0.6861,0.9124
0.8727,0.4948,0.6316,0.9079
0.7818,0.4831,0.5972,0.8507
0.6727,0.4512,0.5401,0.8406
0.8364,0.561,0.6715,0.8973
0.7963,0.5309,0.637,0.8891
0.8519,0.5349,0.6571,0.8869
0.8889,0.5275,0.6621,0.9266
0.7778,0.525,0.6269,0.9045
0.7818,0.4343,0.5584,0.8072
0.7455,0.5395,0.626,0.8796
0.8727,0.5275,0.6575,0.9077
0.7818,0.5733,0.6615,0.9177
0.7818,0.5244,0.6277,0.8489
0.8,0.5432,0.6471,0.893
0.7222,0.5132,0.6,0.878
0.7222,0.5132,0.6,0.875
0.8519,0.6216,0.7187,0.9183
0.9259,0.5155,0.6623,0.9362
0.8545,0.5732,0.6861,0.9359
0.8182,0.5294,0.6429,0.9045
0.8182,0.5294,0.6429,0.88
0.7455,0.4505,0.5616,0.8259
0.6909,0.5429,0.608,0.8506
0.7455,0.494,0.5942,0.8487
0.8704,0.5732,0.6912,0.9205
0.7778,0.5526,0.6462,0.9066
0.7963,0.5244,0.6324,0.8977
0.7963,0.5309,0.637,0.9043
0.8545,0.5465,0.6667,0.9144
0.7636,0.4941,0.6,0.8545
0.8545,0.4747,0.6104,0.8489
0.8727,0.5393,0.6667,0.923
0.7455,0.4881,0.5899,0.8418
0.8,0.557,0.6567,0.8765
0.7778,0.4941,0.6043,0.909
0.7963,0.5181,0.6277,0.8689
0.8519,0.5823,0.6917,0.8838
0.8519,0.5823,0.6917,0.9157
0.8,0.4944,0.6111,0.881
0.7818,0.4943,0.6056,0.8739
0.9091,0.5682,0.6993,0.9323
0.7091,0.5342,0.6094,0.8804
0.8182,0.4639,0.5921,0.8992
0.7818,0.4778,0.5931,0.8556
0.7778,0.506,0.6131,0.8765
0.9074,0.5213,0.6622,0.9035
0.8148,0.5432,0.6519,0.9051
0.7593,0.5256,0.6212,0.8837
0.8545,0.5341,0.6573,0.9
0.8727,0.5393,0.6667,0.9011
0.8,0.5366,0.6423,0.9047
0.8364,0.5227,0.6434,0.8863
0.7273,0.4878,0.5839,0.8257
0.7818,0.5443,0.6418,0.9012
0.7963,0.4725,0.5931,0.8492
0.8364,0.5227,0.6434,0.898
0.7636,0.5,0.6043,0.8688
0.7273,0.5195,0.6061,0.8668
0.7636,0.4565,0.5714,0.8484
0.7455,0.5942,0.6613,0.9116
0.7455,0.5857,0.656,0.887
0.8333,0.5294,0.6475,0.8876
0.7593,0.5541,0.6406,0.8695
0.8519,0.5055,0.6345,0.9049
0.8704,0.5281,0.6573,0.8935
0.8519,0.5542,0.6715,0.909
0.8333,0.5294,0.6475,0.909
0.8704,0.5402,0.6667,0.9258
0.7636,0.5455,0.6364,0.8732
0.8,0.5176,0.6286,0.8343
0.8545,0.5054,0.6351,0.9184
0.8364,0.5476,0.6619,0.903
0.7636,0.5316,0.6269,0.8511
0.8182,0.5422,0.6522,0.8858
0.8519,0.5055,0.6345,0.9115
0.7636,0.5833,0.6614,0.8666
0.8545,0.4947,0.6267,0.9011
0.8182,0.5294,0.6429,0.9038
0.8364,0.5227,0.6434,0.9148
0.7455,0.5467,0.6308,0.8872
0.8727,0.5647,0.6857,0.9253
0.8333,0.5556,0.6667,0.9174
0.7963,0.5,0.6143,0.8648
0.7037,0.5135,0.5938,0.8243
0.8519,0.4466,0.586,0.8751
0.8364,0.4946,0.6216,0.9031
0.8545,0.5402,0.662,0.9024
0.7636,0.4941,0.6,0.8689
0.8,0.4944,0.6111,0.8967
0.7636,0.5526,0.6412,0.8661
0.8909,0.5833,0.705,0.9261
0.8333,0.5357,0.6522,0.8948
0.8148,0.5301,0.6423,0.8754
0.8519,0.5287,0.6525,0.8999
0.8519,0.5111,0.6389,0.8971
0.8519,0.5542,0.6715,0.9098
0.7222,0.4937,0.5865,0.8754
0.7963,0.5181,0.6277,0.8683
0.8727,0.4706,0.6115,0.8807
0.7091,0.5493,0.619,0.8353
0.8364,0.5349,0.6525,0.9064
0.8182,0.5357,0.6475,0.9027
0.8,0.5176,0.6286,0.8825
0.7818,0.5513,0.6466,0.86
0.7222,0.619,0.6667,0.9216
0.8148,0.5366,0.6471,0.9069
0.7593,0.519,0.6165,0.8779
0.8333,0.5294,0.6475,0.8957
0.8182,0.4737,0.6,0.8614
0.8,0.4536,0.5789,0.876
0.9091,0.5682,0.6993,0.9397
0.7091,0.527,0.6047,0.8574
0.8182,0.5294,0.6429,0.9152
0.7636,0.506,0.6087,0.876
0.8148,0.5238,0.6377,0.8825
0.8148,0.5366,0.6471,0.8708
0.7593,0.4607,0.5734,0.8514
0.8333,0.5696,0.6767,0.9248
0.8909,0.5213,0.6577,0.9162
0.7455,0.5395,0.626,0.8847
0.7818,0.5309,0.6324,0.8664
0.8182,0.5696,0.6716,0.8742
0.8,0.5432,0.6471,0.8888
0.7455,0.5541,0.6357,0.8783
0.9074,0.5104,0.6533,0.9009
0.8148,0.5366,0.6471,0.89
0.7778,0.5526,0.6462,0.8972
0.7963,0.5972,0.6825,0.8856
0.8545,0.4947,0.6267,0.8714
0.9636,0.6092,0.7465,0.9433
0.8,0.5301,0.6377,0.8822
0.7636,0.4884,0.5957,0.8601
0.8,0.4944,0.6111,0.896
0.7455,0.4713,0.5775,0.871
0.8704,0.5465,0.6714,0.8866
0.8182,0.5172,0.6338,0.9072
0.7818,0.4574,0.5772,0.842
0.8364,0.5476,0.6619,0.9078
0.8182,0.5172,0.6338,0.8851
0.8364,0.5679,0.6765,0.901
0.8182,0.5769,0.6767,0.9207
0.6667,0.4186,0.5143,0.8338
0.8148,0.557,0.6617,0.9105
0.7778,0.4941,0.6043,0.8736
0.8704,0.5802,0.6963,0.9192
0.8889,0.5393,0.6713,0.8989
0.8333,0.5,0.625,0.8923
0.7407,0.4819,0.5839,0.8634
0.8727,0.5783,0.6957,0.9019
0.7455,0.5467,0.6308,0.8775
0.8364,0.575,0.6815,0.9044
0.8727,0.4571,0.6,0.8954
0.8182,0.5357,0.6475,0.9027
0.7636,0.525,0.6222,0.9036
0.7593,0.5942,0.6667,0.9065
0.8182,0.5625,0.6667,0.9127
0.8545,0.4476,0.5875,0.8564
0.6727,0.4744,0.5564,0.8517
0.8909,0.5904,0.7101,0.9361
0.8909,0.5444,0.6759,0.9184
0.8182,0.5172,0.6338,0.9092
0.6852,0.5068,0.5827,0.861
0.8148,0.5057,0.6241,0.8663
0.7407,0.5263,0.6154,0.8658
0.8519,0.5,0.6301,0.8972
0.8148,0.4681,0.5946,0.8852
0.7963,0.5658,0.6615,0.877
0.7778,0.5316,0.6316,0.8634
0.7636,0.5316,0.6269,0.8837
0.8,0.55,0.6519,0.9044
0.9273,0.593,0.7234,0.9441
0.7636,0.4884,0.5957,0.8293
0.9091,0.5435,0.6803,0.9297
0.8545,0.5529,0.6714,0.9094
0.7778,0.525,0.6269,0.889
0.8889,0.5275,0.6621,0.9014
0.7407,0.4762,0.5797,0.8543
0.8704,0.5529,0.6763,0.9459
0.8727,0.6316,0.7328,0.9382
0.8364,0.4894,0.6174,0.8928
0.7091,0.4535,0.5532,0.8524
0.8,0.5641,0.6617,0.8795
0.8909,0.4414,0.5904,0.8716
0.8545,0.4947,0.6267,0.9014
0.8148,0.5238,0.6377,0.8947
0.8519,0.5287,0.6525,0.9053
0.8704,0.5,0.6351,0.9073
0.7593,0.5062,0.6074,0.8662
0.7636,0.5316,0.6269,0.876
0.8,0.449,0.5752,0.8597
0.8545,0.5465,0.6667,0.9006
0.8727,0.6154,0.7218,0.932
0.7455,0.4881,0.5899,0.8571
0.8,0.5057,0.6197,0.8803
0.7963,0.5181,0.6277,0.905
0.8519,0.5169,0.6434,0.9109
0.7963,0.5584,0.6565,0.9099
0.9074,0.5698,0.7,0.9327
0.8545,0.5465,0.6667,0.9014
0.8,0.5057,0.6197,0.8803
0.7636,0.525,0.6222,0.8614
0.7636,0.4615,0.5753,0.865
0.8727,0.4948,0.6316,0.8991
0.8182,0.5294,0.6429,0.9132
0.7037,0.4368,0.539,0.8394
0.8727,0.4752,0.6154,0.868
0.8364,0.5412,0.6571,0.913
0.9273,0.5795,0.7133,0.9436
0.7273,0.4651,0.5674,0.8264
0.8,0.4731,0.5946,0.8787
0.8364,0.5412,0.6571,0.9054
0.8148,0.5176,0.6331,0.8777
0.7778,0.5122,0.6176,0.8841
0.6852,0.4405,0.5362,0.8437
0.8704,0.4608,0.6026,0.9006
0.7037,0.4368,0.539,0.8237
0.8519,0.5227,0.6479,0.9098
0.8333,0.6081,0.7031,0.9243
0.7091,0.4937,0.5821,0.849
0.8545,0.5402,0.662,0.9209
0.8182,0.5625,0.6667,0.9015
0.8909,0.5698,0.695,0.9117
0.8,0.557,0.6567,0.8686
0.8727,0.5714,0.6906,0.903
0.8704,0.5,0.6351,0.8996
0.8148,0.5366,0.6471,0.9129
0.8148,0.557,0.6617,0.9008
0.8333,0.5,0.625,0.9018
0.7818,0.5513,0.6466,0.8847
0.9091,0.5155,0.6579,0.9132
0.7273,0.5,0.5926,0.8601
0.8364,0.5349,0.6525,0.8914
0.8,0.5176,0.6286,0.8762
0.7818,0.4943,0.6056,0.8671
0.7037,0.4872,0.5758,0.8642
0.7778,0.4615,0.5793,0.8368
0.8333,0.4839,0.6122,0.8803
0.8704,0.5109,0.6438,0.8659
0.8,0.5057,0.6197,0.8899
0.7636,0.4884,0.5957,0.8936
0.7455,0.4556,0.5655,0.8268
0.8364,0.5974,0.697,0.9258
0.8545,0.5281,0.6528,0.9084
0.9091,0.5495,0.6849,0.9273
0.8704,0.5875,0.7015,0.9245
0.8148,0.5301,0.6423,0.8966
0.8148,0.4731,0.5986,0.8572
0.7593,0.5,0.6029,0.8975
0.7636,0.4941,0.6,0.8738
0.7273,0.5333,0.6154,0.8647
0.8182,0.4945,0.6164,0.901
0.8545,0.4947,0.6267,0.8909
0.8727,0.5393,0.6667,0.9229
0.8364,0.5823,0.6866,0.9214
0.8148,0.5867,0.6822,0.8776
0.8148,0.5116,0.6286,0.9111
0.8148,0.55,0.6567,0.9329
0.7963,0.5059,0.6187,0.888
0.8,0.4889,0.6069,0.874
0.7636,0.5385,0.6316,0.8857
0.8,0.5057,0.6197,0.8717
0.7636,0.5385,0.6316,0.9012
0.8182,0.5172,0.6338,0.8967
0.8364,0.5412,0.6571,0.9044
0.7778,0.4667,0.5833,0.8747
0.8364,0.575,0.6815,0.9121
0.8364,0.5287,0.6479,0.9029
0.7455,0.5395,0.626,0.8893
0.8909,0.5104,0.649,0.8796
0.8364,0.5055,0.6301,0.8911
0.7818,0.4886,0.6014,0.8905
0.7778,0.5316,0.6316,0.9049
0.8333,0.5422,0.6569,0.8884
0.7593,0.4767,0.5857,0.8441
0.8704,0.4796,0.6184,0.8904
0.7455,0.494,0.5942,0.879
0.8727,0.5275,0.6575,0.8992
0.8545,0.5595,0.6763,0.9207
0.7455,0.4881,0.5899,0.8569
0.7455,0.5325,0.6212,0.8855
0.7455,0.4767,0.5816,0.8682
0.7222,0.4588,0.5612,0.8397
0.7407,0.4938,0.5926,0.8918
0.8333,0.5844,0.687,0.9165
0.8519,0.4792,0.6133,0.9099
0.8889,0.4898,0.6316,0.8951
0.7778,0.4719,0.5874,0.8822
0.7222,0.5132,0.6,0.8613
0.7636,0.4884,0.5957,0.8575
0.8182,0.5696,0.6716,0.9173
0.7455,0.4881,0.5899,0.8708
0.8364,0.6053,0.7023,0.904
0.8364,0.561,0.6715,0.8919
0.8182,0.5844,0.6818,0.9149
0.8889,0.5217,0.6575,0.9029
0.8333,0.4688,0.6,0.8618
0.8889,0.4528,0.6,0.8953
0.7407,0.5128,0.6061,0.8997
0.8364,0.5412,0.6571,0.9115
0.8,0.5238,0.6331,0.849
0.7091,0.4875,0.5778,0.8769
0.8182,0.5921,0.687,0.9294
0.8545,0.5802,0.6912,0.9185
0.8182,0.5625,0.6667,0.9126
0.7778,0.506,0.6131,0.8958
0.8519,0.4842,0.6174,0.8809
0.8148,0.6286,0.7097,0.9142
0.7963,0.4674,0.589,0.8728
0.7273,0.4651,0.5674,0.8588
0.9455,0.5474,0.6933,0.9323
0.8,0.4835,0.6027,0.8537
0.7636,0.4941,0.6,0.8585
0.8727,0.5581,0.6809,0.9184
0.6909,0.5938,0.6387,0.8845
0.7222,0.5821,0.6446,0.8436
0.8148,0.4835,0.6069,0.883
0.8333,0.5172,0.6383,0.9123
0.7963,0.5513,0.6515,0.8837
0.8364,0.4946,0.6216,0.8803
0.9273,0.5484,0.6892,0.9052
0.8364,0.4894,0.6174,0.8744
0.7636,0.5455,0.6364,0.8816
0.8545,0.5529,0.6714,0.8946
0.7091,0.52,0.6,0.8597
0.7407,0.5797,0.6504,0.9141
0.9074,0.5326,0.6712,0.9107
0.8148,0.557,0.6617,0.8658
0.7963,0.5443,0.6466,0.8992
0.7273,0.5128,0.6015,0.8635
0.7091,0.5065,0.5909,0.8475
0.9636,0.5196,0.6752,0.9168
0.8,0.5641,0.6617,0.8882
0.7636,0.525,0.6222,0.8722
0.8909,0.5765,0.7,0.9328
0.7593,0.4505,0.5655,0.8587
0.6852,0.4744,0.5606,0.8699
0.9074,0.4579,0.6087,0.8945
0.7963,0.6056,0.688,0.9072
0.7818,0.5119,0.6187,0.8747
0.8364,0.4946,0.6216,0.9179
0.8909,0.5158,0.6533,0.9033
0.8,0.5946,0.6822,0.9254
0.8,0.5714,0.6667,0.8862
0.8,0.4889,0.6069,0.8772
0.7778,0.4719,0.5874,0.8828
0.7222,0.527,0.6094,0.8577
0.8148,0.5641,0.6667,0.9041
0.8704,0.5109,0.6438,0.9118
0.8909,0.5765,0.7,0.9202
0.7273,0.4819,0.5797,0.8582
0.8364,0.5,0.6259,0.8783
0.8545,0.5663,0.6812,0.9312
0.7636,0.5915,0.6667,0.9015
0.7818,0.5,0.6099,0.8488
0.7593,0.5062,0.6074,0.8709
0.7778,0.5676,0.6563,0.8862
0.8333,0.5556,0.6667,0.9003
0.8333,0.5172,0.6383,0.9097
0.7091,0.4535,0.5532,0.8629
0.8727,0.6154,0.7218,0.9137
0.8364,0.4894,0.6174,0.8902
0.7273,0.4545,0.5594,0.8092
0.7818,0.5658,0.6565,0.9012
0.8545,0.5341,0.6573,0.9343
0.8704,0.5222,0.6528,0.8847
0.7778,0.6,0.6774,0.9231
0.8889,0.5581,0.6857,0.9116
0.7963,0.5181,0.6277,0.9002
0.8727,0.4706,0.6115,0.8817
0.8545,0.5341,0.6573,0.9167
0.8909,0.4414,0.5904,0.856
0.8182,0.5696,0.6716,0.9049
0.7273,0.5,0.5926,0.8477
0.7455,0.5541,0.6357,0.8778
0.8148,0.5176,0.6331,0.8812
0.7455,0.4824,0.5857,0.8645
0.8909,0.5385,0.6712,0.9101
0.7455,0.5256,0.6165,0.8681
0.7818,0.5584,0.6515,0.8658
0.8545,0.6026,0.7068,0.9216
0.8182,0.6081,0.6977,0.9079
0.7963,0.4574,0.5811,0.8481
0.8519,0.575,0.6866,0.9117
0.8148,0.5,0.6197,0.8745
0.8519,0.5412,0.6619,0.9178
0.8889,0.5783,0.7007,0.9393
0.7963,0.4343,0.5621,0.8373
0.9074,0.5269,0.6667,0.9225
0.7636,0.5385,0.6316,0.8881
0.7636,0.5122,0.6131,0.8811
0.8182,0.5625,0.6667,0.8868
0.7455,0.5395,0.626,0.862
0.8182,0.4945,0.6164,0.8879
0.7636,0.525,0.6222,0.8859
0.9074,0.5385,0.6759,0.9213
0.7593,0.5062,0.6074,0.8345
0.7963,0.4943,0.6099,0.889
0.9444,0.4811,0.6375,0.9098
0.8182,0.5696,0.6716,0.9235
0.8182,0.5422,0.6522,0.894
0.7091,0.52,0.6,0.8637
0.7818,0.5119,0.6187,0.8879
0.8545,0.6438,0.7344,0.9101
0.8182,0.5556,0.6618,0.8929
0.7963,0.4886,0.6056,0.8614
0.7593,0.4607,0.5734,0.8529
0.8333,0.5172,0.6383,0.8841
0.7963,0.4778,0.5972,0.8527
0.9273,0.5258,0.6711,0.9229
0.9091,0.5814,0.7092,0.9244
0.6545,0.5455,0.595,0.8575
0.8,0.55,0.6519,0.8808
0.7273,0.5556,0.6299,0.8966
0.8364,0.5823,0.6866,0.9173
0.7407,0.5405,0.625,0.8933
