RUSBag
0.9474,0.439,0.6,0.9678
0.6842,0.3824,0.4906,0.8136
0.7895,0.5357,0.6383,0.8743
0.8947,0.4048,0.5574,0.8749
0.6842,0.4643,0.5532,0.8794
0.7895,0.5,0.6122,0.9074
0.9474,0.3913,0.5538,0.9165
0.8889,0.4571,0.6038,0.8929
0.8333,0.4167,0.5556,0.9184
0.8947,0.4722,0.6182,0.9319
0.8947,0.5313,0.6667,0.9484
0.8947,0.425,0.5763,0.898
0.6316,0.3333,0.4364,0.8247
0.6842,0.4333,0.5306,0.8537
0.6842,0.325,0.4407,0.7924
0.6316,0.6,0.6154,0.9286
0.9474,0.4737,0.6316,0.946
0.9474,0.5143,0.6667,0.9243
0.7778,0.4828,0.5957,0.8784
0.7222,0.4063,0.52,0.9184
0.9474,0.3673,0.5294,0.8985
0.7895,0.4054,0.5357,0.8585
0.8421,0.4571,0.5926,0.881
0.7895,0.5172,0.625,0.9219
0.8947,0.4474,0.5965,0.9044
0.9474,0.5625,0.7059,0.9581
0.7895,0.3846,0.5172,0.8958
0.8333,0.4545,0.5882,0.9022
0.8333,0.4688,0.6,0.8863
0.6842,0.4063,0.5098,0.8749
0.8421,0.3902,0.5333,0.8542
0.7368,0.4667,0.5714,0.9173
0.5789,0.3793,0.4583,0.8515
0.8421,0.4211,0.5614,0.8934
0.6842,0.4194,0.52,0.8437
0.7368,0.4667,0.5714,0.8835
0.8947,0.4857,0.6296,0.9041
0.8333,0.5172,0.6383,0.9252
0.9444,0.4359,0.5965,0.9161
0.8947,0.5667,0.6939,0.9349
0.7368,0.4828,0.5833,0.8859
0.8421,0.4324,0.5714,0.8947
0.8421,0.3902,0.5333,0.8706
0.8421,0.4848,0.6154,0.9117
0.8421,0.4571,0.5926,0.8945
0.8421,0.3902,0.5333,0.8574
0.7368,0.4375,0.549,0.8719
0.7778,0.4118,0.5385,0.9076
0.8889,0.4211,0.5714,0.9229
0.6842,0.4333,0.5306,0.8573
0.7895,0.4545,0.5769,0.8682
0.9474,0.4737,0.6316,0.9278
0.8947,0.4595,0.6071,0.9186
0.9474,0.4865,0.6429,0.9568
0.7895,0.3947,0.5263,0.8542
0.8947,0.5313,0.6667,0.9205
0.7368,0.5185,0.6087,0.9302
0.7222,0.4483,0.5532,0.8639
0.8333,0.3261,0.4688,0.86
0.7895,0.4412,0.566,0.8671
0.8947,0.4359,0.5862,0.9044
0.8947,0.5152,0.6538,0.9581
0.9474,0.4286,0.5902,0.9455
0.7895,0.4412,0.566,0.906
0.7895,0.4545,0.5769,0.8743
0.6842,0.4333,0.5306,0.8743
0.8947,0.3953,0.5484,0.9052
1.0,0.5806,0.7347,0.96
0.6667,0.3636,0.4706,0.8098
0.7895,0.4688,0.5882,0.8768
0.7895,0.4688,0.5882,0.8985
0.6316,0.4,0.4898,0.8743
0.7368,0.4,0.5185,0.8456
0.8421,0.5,0.6275,0.9138
0.8421,0.4103,0.5517,0.9307
0.8947,0.4857,0.6296,0.9006
0.9474,0.5,0.6545,0.9288
0.7778,0.5,0.6087,0.9073
0.8333,0.4167,0.5556,0.9201
0.9474,0.4,0.5625,0.9021
0.7368,0.4,0.5185,0.8518
0.8947,0.4595,0.6071,0.9149
0.7368,0.4667,0.5714,0.8988
0.7895,0.4839,0.6,0.9103
0.8947,0.5,0.6415,0.9323
0.8421,0.4444,0.5818,0.9009
0.7368,0.3889,0.5091,0.8485
0.8889,0.5,0.64,0.8997
1.0,0.4865,0.6545,0.9456
0.7895,0.4688,0.5882,0.8763
0.9474,0.4615,0.6207,0.9447
0.8421,0.4103,0.5517,0.8902
0.7895,0.4412,0.566,0.8588
0.8421,0.4324,0.5714,0.9047
0.8947,0.425,0.5763,0.8939
0.6842,0.3714,0.4815,0.8437
0.9474,0.4865,0.6429,0.939
0.8333,0.4167,0.5556,0.8926
0.7778,0.4516,0.5714,0.9002
0.7895,0.5172,0.625,0.9094
0.9474,0.5294,0.6792,0.9549
0.7895,0.3571,0.4918,0.8743
0.8947,0.4048,0.5574,0.9345
0.7895,0.5357,0.6383,0.8824
0.7895,0.4412,0.566,0.9079
0.8421,0.4103,0.5517,0.8644
0.7895,0.3947,0.5263,0.8593
0.9444,0.4722,0.6296,0.9439
0.5556,0.303,0.3922,0.8024
0.7368,0.35,0.4746,0.8899
0.8421,0.4706,0.6038,0.9023
0.7368,0.3784,0.5,0.8792
1.0,0.4872,0.6552,0.9527
0.8421,0.4324,0.5714,0.9133
0.8421,0.4,0.5424,0.8716
0.7368,0.4375,0.549,0.8759
0.7368,0.3333,0.459,0.8537
0.8889,0.4848,0.6275,0.9257
0.8889,0.5517,0.6809,0.9433
0.7895,0.4545,0.5769,0.8812
0.7895,0.5,0.6122,0.9294
0.7895,0.375,0.5085,0.8896
0.8421,0.4848,0.6154,0.8824
0.9474,0.4615,0.6207,0.9194
0.9474,0.439,0.6,0.8977
0.7368,0.4375,0.549,0.8749
0.7895,0.5556,0.6522,0.899
0.8889,0.4,0.5517,0.8838
0.8333,0.4054,0.5455,0.8895
0.6842,0.3939,0.5,0.8391
0.7368,0.3784,0.5,0.8765
0.8421,0.4211,0.5614,0.8682
0.7895,0.3947,0.5263,0.8647
0.7368,0.4242,0.5385,0.8555
0.9474,0.4737,0.6316,0.9474
0.8947,0.4359,0.5862,0.9251
0.8947,0.5484,0.68,0.9533
0.9444,0.4595,0.6182,0.9184
0.7778,0.4375,0.56,0.8861
0.6842,0.4333,0.5306,0.8646
0.9474,0.4865,0.6429,0.9503
0.6316,0.48,0.5455,0.8588
0.6842,0.5652,0.619,0.9178
0.8421,0.4211,0.5614,0.8867
0.8947,0.425,0.5763,0.8789
0.8421,0.4103,0.5517,0.8776
0.7895,0.4286,0.5556,0.8939
0.9444,0.4359,0.5965,0.9651
0.7222,0.4194,0.5306,0.8776
0.8947,0.4595,0.6071,0.9023
0.8421,0.4,0.5424,0.8722
1.0,0.4043,0.5758,0.9294
0.8947,0.4595,0.6071,0.9232
0.6842,0.52,0.5909,0.8907
0.8421,0.5,0.6275,0.9221
0.8947,0.4474,0.5965,0.9057
0.7368,0.4242,0.5385,0.8195
0.7895,0.4545,0.5769,0.8771
0.8333,0.3846,0.5263,0.8577
0.7778,0.56,0.6512,0.9158
0.6842,0.4063,0.5098,0.8531
0.8421,0.5333,0.6531,0.9296
0.7368,0.3684,0.4912,0.8236
0.8947,0.4048,0.5574,0.9296
0.8421,0.5,0.6275,0.9189
0.7895,0.4412,0.566,0.8754
0.8421,0.4706,0.6038,0.8762
0.7778,0.4118,0.5385,0.9053
1.0,0.439,0.6102,0.9354
0.8947,0.4722,0.6182,0.9132
0.6842,0.4194,0.52,0.8751
0.7368,0.4375,0.549,0.8832
0.7895,0.4545,0.5769,0.8988
0.9474,0.4286,0.5902,0.8963
0.9474,0.5294,0.6792,0.9557
0.8947,0.3617,0.5152,0.8993
0.6316,0.3636,0.4615,0.7991
0.8333,0.4839,0.6122,0.9042
0.8889,0.4444,0.5926,0.9011
0.8947,0.5484,0.68,0.9555
0.8421,0.4444,0.5818,0.8875
0.9474,0.4615,0.6207,0.9629
0.9474,0.4865,0.6429,0.9396
0.8421,0.4,0.5424,0.8733
0.7368,0.4667,0.5714,0.8867
0.6842,0.3514,0.4643,0.8292
0.7368,0.4242,0.5385,0.8488
0.6667,0.4138,0.5106,0.8271
0.9444,0.4857,0.6415,0.9226
0.7895,0.4545,0.5769,0.8896
0.9474,0.5294,0.6792,0.9554
0.7895,0.4286,0.5556,0.8894
0.6842,0.4333,0.5306,0.8512
0.8947,0.4359,0.5862,0.8856
0.7368,0.3333,0.459,0.8445
0.7895,0.4839,0.6,0.8628
0.7895,0.4839,0.6,0.9138
0.7895,0.4054,0.5357,0.8983
0.9444,0.4857,0.6415,0.9297
0.7222,0.5,0.5909,0.8642
0.8947,0.4359,0.5862,0.9009
0.8947,0.5484,0.68,0.9597
0.8947,0.5,0.6415,0.9023
0.8421,0.4324,0.5714,0.931
0.7895,0.3488,0.4839,0.8856
0.8421,0.4571,0.5926,0.9047
0.6842,0.52,0.5909,0.8128
0.7222,0.4483,0.5532,0.9002
0.9444,0.425,0.5862,0.9294
0.8947,0.4474,0.5965,0.923
0.8421,0.381,0.5246,0.9205
0.9474,0.4865,0.6429,0.9305
0.7895,0.4412,0.566,0.8899
0.7895,0.4286,0.5556,0.8786
0.7895,0.4688,0.5882,0.906
0.5789,0.3548,0.44,0.7948
0.8947,0.4474,0.5965,0.9117
1.0,0.4419,0.6129,0.939
0.8333,0.5357,0.6522,0.909
0.7222,0.3824,0.5,0.8345
0.8421,0.3721,0.5161,0.8383
0.9474,0.439,0.6,0.9321
0.8421,0.4848,0.6154,0.8878
0.8421,0.4103,0.5517,0.8837
0.7895,0.4054,0.5357,0.8617
0.7368,0.4828,0.5833,0.9006
0.8421,0.4706,0.6038,0.92
0.8333,0.4839,0.6122,0.9076
0.6667,0.4615,0.5455,0.8954
0.7895,0.4688,0.5882,0.9012
0.7368,0.4242,0.5385,0.8598
0.8421,0.4,0.5424,0.8961
0.7895,0.5556,0.6522,0.91
0.7895,0.375,0.5085,0.8722
0.6842,0.4194,0.52,0.8802
1.0,0.4419,0.6129,0.9154
0.8947,0.4857,0.6296,0.9291
0.7778,0.4,0.5283,0.862
0.7778,0.5185,0.6222,0.9033
0.8947,0.4474,0.5965,0.9192
0.9474,0.3913,0.5538,0.8588
0.8947,0.4474,0.5965,0.9361
0.7368,0.56,0.6364,0.8722
0.7368,0.4667,0.5714,0.8953
0.7368,0.3415,0.4667,0.8784
1.0,0.5758,0.7308,0.9758
0.8421,0.4848,0.6154,0.9168
0.5556,0.4545,0.5,0.835
0.9444,0.3778,0.5397,0.9082
0.8947,0.4722,0.6182,0.8928
0.9474,0.4615,0.6207,0.9468
0.8947,0.4359,0.5862,0.9015
0.7368,0.5385,0.6222,0.9036
0.7368,0.4667,0.5714,0.884
0.9474,0.6207,0.75,0.9522
0.8421,0.4211,0.5614,0.9168
0.7368,0.3684,0.4912,0.8727
0.8889,0.4571,0.6038,0.9311
0.7222,0.3824,0.5,0.8467
0.7368,0.3415,0.4667,0.8166
0.8421,0.4571,0.5926,0.8902
0.7368,0.3784,0.5,0.9001
0.6842,0.5652,0.619,0.8974
0.9474,0.5625,0.7059,0.9608
0.7895,0.6,0.6818,0.8923
0.8947,0.4474,0.5965,0.9154
0.7895,0.3571,0.4918,0.8714
0.8333,0.3947,0.5357,0.875
0.7778,0.3684,0.5,0.8883
0.8421,0.4571,0.5926,0.879
0.8421,0.4848,0.6154,0.8851
0.7368,0.3684,0.4912,0.8537
0.8947,0.5152,0.6538,0.9181
0.8421,0.5517,0.6667,0.9033
0.9474,0.4091,0.5714,0.9369
0.7895,0.5769,0.6667,0.8929
0.6842,0.3514,0.4643,0.8265
0.9444,0.4722,0.6296,0.8909
0.8333,0.4167,0.5556,0.9249
0.7895,0.4167,0.5455,0.8915
1.0,0.5135,0.6786,0.9651
0.7895,0.5,0.6122,0.8937
0.6842,0.4483,0.5417,0.8214
0.8421,0.4103,0.5517,0.891
0.8421,0.3636,0.5079,0.8759
0.8421,0.3478,0.4923,0.852
0.8421,0.5926,0.6957,0.9296
0.7222,0.3939,0.5098,0.8529
0.8889,0.4848,0.6275,0.9008
0.7368,0.5,0.5957,0.8511
0.8421,0.4848,0.6154,0.9329
0.8421,0.4571,0.5926,0.9125
0.8947,0.4722,0.6182,0.9538
0.8421,0.3902,0.5333,0.8426
0.6316,0.3529,0.4528,0.7954
0.8947,0.5313,0.6667,0.9361
0.8421,0.4848,0.6154,0.8963
0.8333,0.3571,0.5,0.8741
0.8333,0.5172,0.6383,0.8965
0.7895,0.3947,0.5263,0.8768
0.7895,0.4167,0.5455,0.8716
0.8421,0.4324,0.5714,0.9186
0.8421,0.5333,0.6531,0.9084
0.8421,0.5333,0.6531,0.9259
0.7895,0.4545,0.5769,0.9232
0.6316,0.375,0.4706,0.8523
0.8421,0.4211,0.5614,0.8759
0.7895,0.5,0.6122,0.8581
0.9444,0.4722,0.6296,0.9235
0.9444,0.5862,0.7234,0.9419
0.8947,0.4359,0.5862,0.898
0.9474,0.5,0.6545,0.9031
0.7368,0.4375,0.549,0.8362
0.5789,0.3793,0.4583,0.7994
0.8421,0.5714,0.6809,0.9323
0.7895,0.3261,0.4615,0.7798
0.8421,0.4848,0.6154,0.9025
0.7778,0.5185,0.6222,0.9238
0.9444,0.4048,0.5667,0.9388
1.0,0.5588,0.717,0.9376
0.9474,0.439,0.6,0.9245
0.8947,0.4146,0.5667,0.8859
0.8421,0.4211,0.5614,0.935
0.8947,0.425,0.5763,0.8762
0.8421,0.3721,0.5161,0.8185
0.8947,0.425,0.5763,0.8757
0.7368,0.5185,0.6087,0.8547
0.8889,0.5926,0.7111,0.9552
0.8889,0.4848,0.6275,0.9144
0.7895,0.4412,0.566,0.8958
0.7895,0.4688,0.5882,0.9194
0.7368,0.4118,0.5283,0.8596
0.7895,0.4839,0.6,0.8966
0.7368,0.3684,0.4912,0.8426
0.9474,0.4615,0.6207,0.9506
0.8421,0.4103,0.5517,0.9041
0.9474,0.4186,0.5806,0.924
0.9444,0.5313,0.68,0.9529
0.8333,0.4688,0.6,0.8897
0.7368,0.3784,0.5,0.8492
0.7368,0.4375,0.549,0.9031
0.7895,0.4412,0.566,0.8931
1.0,0.4419,0.6129,0.9455
0.8947,0.5862,0.7083,0.9143
0.7368,0.4,0.5185,0.8593
0.7368,0.4375,0.549,0.884
0.8421,0.3556,0.5,0.8625
0.8333,0.4167,0.5556,0.8849
0.7222,0.4063,0.52,0.8849
0.7368,0.4118,0.5283,0.8785
0.7895,0.4412,0.566,0.8268
0.8421,0.4571,0.5926,0.8692
0.7895,0.4545,0.5769,0.9248
0.7895,0.4839,0.6,0.9052
0.7368,0.4375,0.549,0.8985
0.6316,0.3529,0.4528,0.8319
0.9474,0.6207,0.75,0.9439
0.8889,0.4444,0.5926,0.9405
0.7778,0.4,0.5283,0.8628
0.7895,0.4839,0.6,0.9067
0.8947,0.4595,0.6071,0.9501
0.8421,0.4571,0.5926,0.8647
0.7368,0.4242,0.5385,0.8657
0.7895,0.4286,0.5556,0.8751
0.8947,0.5313,0.6667,0.9084
0.8947,0.4146,0.5667,0.9377
0.7895,0.4286,0.5556,0.8805
0.6111,0.3793,0.4681,0.856
0.7778,0.3684,0.5,0.8832
0.8947,0.4722,0.6182,0.9121
0.8947,0.425,0.5763,0.9143
0.7895,0.4167,0.5455,0.8631
0.8947,0.4595,0.6071,0.9151
0.8947,0.5,0.6415,0.924
0.8947,0.4857,0.6296,0.9192
0.8421,0.4848,0.6154,0.8945
0.7368,0.5385,0.6222,0.8851
0.8333,0.4688,0.6,0.8798
0.8889,0.4211,0.5714,0.907
0.9474,0.4091,0.5714,0.9324
0.8421,0.4571,0.5926,0.899
0.8947,0.4722,0.6182,0.927
0.9474,0.4737,0.6316,0.9576
0.8421,0.4103,0.5517,0.8716
0.7895,0.4412,0.566,0.8663
0.7895,0.4054,0.5357,0.8579
0.7368,0.3684,0.4912,0.8727
0.8421,0.5333,0.6531,0.9002
0.8889,0.5926,0.7111,0.9365
0.8889,0.4211,0.5714,0.9286
0.8421,0.5517,0.6667,0.935
0.7368,0.3684,0.4912,0.8397
0.8947,0.4474,0.5965,0.8929
0.8421,0.4571,0.5926,0.8939
0.7895,0.4054,0.5357,0.8639
0.7895,0.4412,0.566,0.8977
0.7895,0.4688,0.5882,0.8878
0.9444,0.5313,0.68,0.9206
1.0,0.5143,0.6792,0.9515
0.8421,0.4444,0.5818,0.9031
0.8421,0.4706,0.6038,0.8947
0.8947,0.5152,0.6538,0.9036
1.0,0.5429,0.7037,0.9643
0.7895,0.4286,0.5556,0.8665
0.7895,0.3947,0.5263,0.8507
0.7368,0.4,0.5185,0.9028
0.6842,0.4333,0.5306,0.9076
0.7222,0.3824,0.5,0.8277
0.9444,0.4595,0.6182,0.9175
0.8421,0.4848,0.6154,0.9235
0.8421,0.4571,0.5926,0.8937
0.7895,0.4167,0.5455,0.8829
0.9474,0.3396,0.5,0.9143
0.8947,0.3864,0.5397,0.913
0.9474,0.5625,0.7059,0.9506
0.6316,0.4615,0.5333,0.8907
0.7368,0.4242,0.5385,0.8566
0.7778,0.359,0.4912,0.8571
0.8889,0.4444,0.5926,0.9005
0.8947,0.4857,0.6296,0.8939
0.8947,0.5313,0.6667,0.9509
0.8421,0.4211,0.5614,0.9039
0.7895,0.4412,0.566,0.8378
0.8421,0.4571,0.5926,0.8835
0.6842,0.4483,0.5417,0.8676
0.8421,0.5,0.6275,0.924
0.7368,0.3784,0.5,0.8461
0.8889,0.4324,0.5818,0.907
0.8889,0.4848,0.6275,0.9303
0.8421,0.4103,0.5517,0.8505
0.7895,0.4167,0.5455,0.866
0.7368,0.359,0.4828,0.8072
1.0,0.5588,0.717,0.9589
0.6316,0.3429,0.4444,0.7642
0.6842,0.4063,0.5098,0.8373
0.8947,0.4595,0.6071,0.8781
1.0,0.5278,0.6909,0.9678
0.8889,0.4324,0.5818,0.9402
0.9444,0.5862,0.7234,0.9768
0.8947,0.4359,0.5862,0.9159
0.8421,0.4444,0.5818,0.9087
0.6842,0.3939,0.5,0.9009
0.7895,0.4412,0.566,0.8612
0.8421,0.5714,0.6809,0.949
0.7895,0.5,0.6122,0.9366
0.6842,0.3939,0.5,0.8091
0.9474,0.4186,0.5806,0.8773
0.7778,0.5385,0.6364,0.9334
0.8889,0.381,0.5333,0.8756
0.6842,0.3824,0.4906,0.8315
0.9474,0.45,0.6102,0.9178
0.6316,0.48,0.5455,0.8931
0.9474,0.4286,0.5902,0.9568
0.8947,0.5152,0.6538,0.9141
0.7895,0.4839,0.6,0.8502
0.8421,0.3902,0.5333,0.8869
0.6842,0.4063,0.5098,0.8499
0.8889,0.3404,0.4923,0.8348
0.6667,0.4444,0.5333,0.8832
0.6842,0.3514,0.4643,0.8123
0.8421,0.4571,0.5926,0.8966
0.8947,0.5152,0.6538,0.9248
0.7895,0.5172,0.625,0.8963
0.8947,0.5484,0.68,0.964
0.6316,0.3243,0.4286,0.8244
0.9474,0.4737,0.6316,0.9315
0.7895,0.4839,0.6,0.8716
0.8333,0.4545,0.5882,0.8682
0.8889,0.4444,0.5926,0.8912
0.7895,0.4545,0.5769,0.8692
0.7895,0.4688,0.5882,0.9149
0.7368,0.4118,0.5283,0.8593
0.7895,0.5,0.6122,0.9076
0.8947,0.5152,0.6538,0.9364
0.8947,0.4595,0.6071,0.9108
0.7368,0.4667,0.5714,0.8477
0.8947,0.5313,0.6667,0.9023
0.9474,0.4737,0.6316,0.9262
0.8333,0.375,0.5172,0.8707
0.7222,0.3824,0.5,0.8676
0.8947,0.5152,0.6538,0.938
0.8947,0.5862,0.7083,0.9275
0.7895,0.375,0.5085,0.8504
0.7895,0.375,0.5085,0.8346
0.7895,0.5769,0.6667,0.9141
0.7368,0.4,0.5185,0.9098
0.8421,0.4444,0.5818,0.9211
0.7222,0.3939,0.5098,0.8387
0.8333,0.4054,0.5455,0.8946
0.6842,0.3421,0.4561,0.8709
0.7895,0.4054,0.5357,0.8757
0.7368,0.4118,0.5283,0.873
0.7895,0.4545,0.5769,0.9125
0.8421,0.4848,0.6154,0.906
0.6316,0.4286,0.5106,0.8609
0.8421,0.381,0.5246,0.8459
0.8947,0.425,0.5763,0.9098
0.7778,0.5,0.6087,0.9082
0.8333,0.3846,0.5263,0.8886
0.8947,0.4857,0.6296,0.9371
0.8947,0.4722,0.6182,0.9001
0.6842,0.4333,0.5306,0.8174
0.8421,0.4571,0.5926,0.8679
0.8421,0.4848,0.6154,0.913
0.8421,0.4,0.5424,0.9192
0.8421,0.4444,0.5818,0.9358
0.8947,0.5,0.6415,0.9082
0.8333,0.4167,0.5556,0.8767
0.7778,0.4118,0.5385,0.8702
0.8421,0.6154,0.7111,0.9305
0.7368,0.4828,0.5833,0.869
0.8947,0.4857,0.6296,0.9154
0.8947,0.4359,0.5862,0.8969
0.7895,0.3947,0.5263,0.8601
0.8421,0.5517,0.6667,0.9084
0.8947,0.4146,0.5667,0.9318
0.7368,0.4667,0.5714,0.8563
0.8333,0.4286,0.566,0.8914
0.8889,0.4444,0.5926,0.9269
0.8947,0.4722,0.6182,0.9221
0.6842,0.4483,0.5417,0.8767
0.7895,0.4839,0.6,0.8929
0.8421,0.5,0.6275,0.8969
0.8947,0.4359,0.5862,0.9068
0.8421,0.3721,0.5161,0.8558
0.8947,0.4722,0.6182,0.913
0.8421,0.4,0.5424,0.8904
0.8889,0.4,0.5517,0.8759
0.7778,0.5,0.6087,0.9019
0.6316,0.48,0.5455,0.8508
0.7895,0.625,0.6977,0.8931
0.8421,0.4571,0.5926,0.9364
0.8421,0.5,0.6275,0.9071
0.6842,0.4333,0.5306,0.8759
0.8947,0.3953,0.5484,0.8722
0.7895,0.4839,0.6,0.8695
0.8421,0.4444,0.5818,0.9221
0.8889,0.4706,0.6154,0.913
0.8889,0.4103,0.5614,0.89
0.8947,0.5313,0.6667,0.9316
0.8421,0.4706,0.6038,0.8781
0.8421,0.4324,0.5714,0.9031
0.6842,0.4815,0.5652,0.8716
0.8947,0.5484,0.68,0.9514
0.7895,0.4286,0.5556,0.8757
0.9474,0.5,0.6545,0.935
0.6842,0.4815,0.5652,0.8706
0.9444,0.5667,0.7083,0.9382
0.7778,0.3684,0.5,0.8262
0.7368,0.3784,0.5,0.8033
0.7895,0.5556,0.6522,0.9345
0.8421,0.381,0.5246,0.902
0.7368,0.4667,0.5714,0.8878
0.6842,0.5,0.5778,0.8558
0.8947,0.3864,0.5397,0.8934
0.8421,0.4706,0.6038,0.8719
0.8947,0.4857,0.6296,0.9119
0.8333,0.3846,0.5263,0.8903
0.8889,0.5161,0.6531,0.9382
0.8421,0.4444,0.5818,0.8985
0.8421,0.5161,0.64,0.9036
0.8421,0.4103,0.5517,0.8891
0.8947,0.425,0.5763,0.9066
0.8421,0.4103,0.5517,0.8682
0.7895,0.5769,0.6667,0.9329
0.8421,0.5,0.6275,0.9345
0.7895,0.3947,0.5263,0.8539
0.8333,0.3947,0.5357,0.8716
0.9444,0.4857,0.6415,0.9396
0.6842,0.3514,0.4643,0.8321
0.8947,0.4857,0.6296,0.9111
0.7895,0.4054,0.5357,0.8561
0.9474,0.5143,0.6667,0.9407
0.7368,0.3784,0.5,0.8671
0.7895,0.4839,0.6,0.9017
0.6842,0.4483,0.5417,0.8625
0.8947,0.4595,0.6071,0.891
0.6111,0.44,0.5116,0.8447
0.7778,0.3784,0.5091,0.841
1.0,0.5938,0.7451,0.962
0.9474,0.5,0.6545,0.9114
0.7368,0.5,0.5957,0.8963
0.8947,0.5152,0.6538,0.9578
0.7368,0.4118,0.5283,0.8139
0.8947,0.4359,0.5862,0.8915
0.7895,0.4688,0.5882,0.8762
0.8947,0.4722,0.6182,0.9283
0.7222,0.4063,0.52,0.8654
0.7778,0.4242,0.549,0.8543
1.0,0.5,0.6667,0.9636
0.7368,0.3889,0.5091,0.8537
0.7895,0.4412,0.566,0.8966
0.7895,0.4412,0.566,0.9168
0.8947,0.5,0.6415,0.9079
0.8421,0.4103,0.5517,0.9036
0.8947,0.4595,0.6071,0.9288
0.7368,0.4667,0.5714,0.8233
0.7368,0.4516,0.56,0.9021
0.6667,0.5217,0.5854,0.8254
0.9444,0.4048,0.5667,0.9493
0.8947,0.5484,0.68,0.9474
1.0,0.5,0.6667,0.9366
0.7895,0.4286,0.5556,0.8703
0.8947,0.5,0.6415,0.9294
0.7895,0.3846,0.5172,0.8657
0.8421,0.4706,0.6038,0.8802
0.8947,0.4722,0.6182,0.9165
0.7778,0.4118,0.5385,0.8784
0.7778,0.4242,0.549,0.8495
0.9474,0.4865,0.6429,0.9192
0.7895,0.3947,0.5263,0.9033
0.7368,0.3684,0.4912,0.8421
0.4737,0.3333,0.3913,0.8037
0.8421,0.4848,0.6154,0.9066
0.8947,0.4857,0.6296,0.928
0.9474,0.4737,0.6316,0.9525
0.9474,0.5294,0.6792,0.9237
0.8333,0.4054,0.5455,0.8985
0.7778,0.4,0.5283,0.8461
0.7368,0.5,0.5957,0.9007
0.9474,0.4286,0.5902,0.8864
0.8947,0.4595,0.6071,0.8883
0.8421,0.4706,0.6038,0.9106
0.8421,0.4444,0.5818,0.8974
0.8947,0.4595,0.6071,0.9347
0.8947,0.4595,0.6071,0.9361
0.7895,0.3846,0.5172,0.8829
0.7368,0.5,0.5957,0.8866
0.7222,0.4483,0.5532,0.8586
0.8889,0.381,0.5333,0.8781
0.7368,0.4375,0.549,0.8765
0.9474,0.4286,0.5902,0.9468
0.6842,0.3939,0.5,0.8365
0.8421,0.4706,0.6038,0.9071
0.8421,0.4444,0.5818,0.9017
0.7895,0.4167,0.5455,0.8641
0.7895,0.4286,0.5556,0.8598
0.7778,0.4118,0.5385,0.8614
0.8333,0.4688,0.6,0.8974
1.0,0.5135,0.6786,0.956
0.8421,0.4324,0.5714,0.898
0.9474,0.4865,0.6429,0.9237
0.6842,0.4194,0.52,0.8349
0.9474,0.3673,0.5294,0.8982
0.7895,0.4167,0.5455,0.8776
0.8947,0.4857,0.6296,0.9009
0.7895,0.4286,0.5556,0.8845
0.7778,0.3889,0.5185,0.8934
0.8333,0.4054,0.5455,0.9053
0.7368,0.4375,0.549,0.8489
0.8947,0.5313,0.6667,0.9452
0.8947,0.425,0.5763,0.9063
0.8421,0.4706,0.6038,0.902
0.7895,0.4286,0.5556,0.8867
0.8947,0.5,0.6415,0.9122
0.6316,0.4138,0.5,0.884
0.8947,0.5,0.6415,0.9186
0.7222,0.4333,0.5417,0.9056
0.8889,0.3902,0.5424,0.8767
0.8421,0.4444,0.5818,0.873
0.8947,0.425,0.5763,0.8682
0.7895,0.3947,0.5263,0.8985
0.9474,0.4865,0.6429,0.9211
0.7368,0.4516,0.56,0.8837
0.7895,0.5556,0.6522,0.9165
0.7368,0.4375,0.549,0.8424
0.8947,0.4722,0.6182,0.9251
0.8889,0.5,0.64,0.9433
0.7778,0.359,0.4912,0.8713
0.6842,0.3421,0.4561,0.8394
0.9474,0.5455,0.6923,0.956
0.8947,0.5,0.6415,0.8958
0.6842,0.3939,0.5,0.8448
0.8421,0.4706,0.6038,0.9533
0.6316,0.3158,0.4211,0.7884
0.7895,0.4545,0.5769,0.8886
0.5263,0.3846,0.4444,0.8131
0.8333,0.5,0.625,0.9104
0.8333,0.4167,0.5556,0.9331
0.8421,0.5333,0.6531,0.9392
0.8947,0.4359,0.5862,0.9106
0.7368,0.3889,0.5091,0.8711
0.8947,0.4359,0.5862,0.8853
0.8421,0.4571,0.5926,0.9017
0.8947,0.4722,0.6182,0.9337
0.9474,0.4286,0.5902,0.9125
0.8421,0.4444,0.5818,0.9484
0.8889,0.4103,0.5614,0.9042
0.7778,0.4242,0.549,0.8634
0.7368,0.5385,0.6222,0.9007
0.8421,0.5714,0.6809,0.8931
0.8947,0.5152,0.6538,0.9154
0.8947,0.5,0.6415,0.9382
0.7895,0.3659,0.5,0.8569
0.7895,0.4286,0.5556,0.8963
0.8421,0.4211,0.5614,0.8636
0.9474,0.4737,0.6316,0.9208
0.9444,0.4146,0.5763,0.9014
0.8889,0.381,0.5333,0.9391
0.4737,0.375,0.4186,0.7935
0.8947,0.4595,0.6071,0.9313
0.8421,0.4706,0.6038,0.8896
0.9474,0.439,0.6,0.9433
0.8947,0.5484,0.68,0.9149
0.7895,0.3947,0.5263,0.8327
0.8947,0.425,0.5763,0.9178
0.9474,0.5294,0.6792,0.9286
0.7222,0.4483,0.5532,0.8722
0.6667,0.375,0.48,0.8319
0.6842,0.3939,0.5,0.8654
0.7895,0.4286,0.5556,0.8673
0.7368,0.5185,0.6087,0.8757
0.8421,0.5161,0.64,0.9066
0.8947,0.4146,0.5667,0.8934
0.8421,0.3902,0.5333,0.8612
0.9474,0.4865,0.6429,0.9205
0.7895,0.5556,0.6522,0.9313
0.7222,0.3611,0.4815,0.8872
0.8889,0.5333,0.6667,0.911
0.8421,0.4848,0.6154,0.9069
0.8421,0.4848,0.6154,0.8945
0.6842,0.3421,0.4561,0.8671
0.8421,0.4571,0.5926,0.9202
0.8421,0.4848,0.6154,0.9388
0.6842,0.5,0.5778,0.8735
0.6316,0.3636,0.4615,0.8738
0.9474,0.439,0.6,0.9221
0.7778,0.4,0.5283,0.869
0.8333,0.5172,0.6383,0.9385
0.7368,0.4118,0.5283,0.8692
0.8421,0.4,0.5424,0.8389
0.8421,0.5714,0.6809,0.9388
0.6842,0.4194,0.52,0.8507
0.7895,0.5357,0.6383,0.8947
0.7895,0.4286,0.5556,0.9017
0.9474,0.5,0.6545,0.9143
0.8947,0.4359,0.5862,0.9176
0.8889,0.3902,0.5424,0.8699
0.8333,0.3947,0.5357,0.8716
0.8947,0.4722,0.6182,0.9506
0.8947,0.4474,0.5965,0.8708
0.7895,0.4545,0.5769,0.8727
0.7368,0.3684,0.4912,0.8383
0.8421,0.4211,0.5614,0.8574
0.9474,0.4186,0.5806,0.928
0.8947,0.5484,0.68,0.9595
0.8421,0.5333,0.6531,0.9181
0.8333,0.3846,0.5263,0.8824
0.5556,0.4167,0.4762,0.8464
0.8947,0.4722,0.6182,0.9069
0.7895,0.4412,0.566,0.8818
0.8947,0.4048,0.5574,0.8945
0.8421,0.6154,0.7111,0.9372
0.9474,0.5455,0.6923,0.9519
0.5789,0.4074,0.4783,0.8212
0.8421,0.4324,0.5714,0.9117
0.6842,0.5,0.5778,0.8706
0.7222,0.4063,0.52,0.8464
1.0,0.4737,0.6429,0.9291
0.8421,0.381,0.5246,0.8549
0.9474,0.45,0.6102,0.9318
0.7368,0.4516,0.56,0.8835
0.7895,0.375,0.5085,0.8644
0.8421,0.4103,0.5517,0.9057
0.8947,0.4146,0.5667,0.9339
0.6842,0.4815,0.5652,0.8383
0.8947,0.4359,0.5862,0.884
0.8333,0.4688,0.6,0.9172
0.8333,0.5357,0.6522,0.9232
0.6316,0.4286,0.5106,0.8646
0.7895,0.4688,0.5882,0.9133
0.8421,0.4444,0.5818,0.8958
0.8947,0.4474,0.5965,0.9205
0.8421,0.3265,0.4706,0.8921
0.7368,0.4118,0.5283,0.8485
0.8947,0.5,0.6415,0.9415
0.6316,0.4444,0.5217,0.8488
0.8889,0.4848,0.6275,0.9416
0.7778,0.3889,0.5185,0.892
0.7895,0.4545,0.5769,0.8519
0.7895,0.3846,0.5172,0.8818
0.7895,0.4286,0.5556,0.8612
0.6316,0.5714,0.6,0.8853
0.7368,0.4667,0.5714,0.8776
0.8947,0.4857,0.6296,0.9114
0.6842,0.3611,0.4727,0.7758
0.8421,0.4848,0.6154,0.92
1.0,0.45,0.6207,0.9538
0.8333,0.4688,0.6,0.9263
0.8947,0.4048,0.5574,0.8915
0.8421,0.4211,0.5614,0.928
0.6842,0.4063,0.5098,0.8802
0.8947,0.4359,0.5862,0.9345
0.7368,0.4375,0.549,0.8875
0.8421,0.4706,0.6038,0.9111
0.8421,0.4706,0.6038,0.9111
0.7368,0.359,0.4828,0.8625
0.9474,0.5143,0.6667,0.9387
0.6667,0.4138,0.5106,0.8209
0.9444,0.4146,0.5763,0.8875
0.8421,0.4,0.5424,0.9076
0.7895,0.4688,0.5882,0.8563
0.8947,0.425,0.5763,0.8663
0.8421,0.4103,0.5517,0.855
0.8947,0.5,0.6415,0.9181
0.7895,0.4167,0.5455,0.8765
0.8421,0.4706,0.6038,0.8746
0.9444,0.5152,0.6667,0.9524
0.7778,0.4,0.5283,0.8427
0.7895,0.4412,0.566,0.9056
0.7895,0.3947,0.5263,0.8622
0.8421,0.5926,0.6957,0.9243
0.6842,0.3824,0.4906,0.8655
0.8947,0.4722,0.6182,0.9087
0.8421,0.4103,0.5517,0.9178
0.8421,0.4211,0.5614,0.8676
0.6842,0.3714,0.4815,0.8883
0.8421,0.4103,0.5517,0.8782
0.8333,0.4167,0.5556,0.8892
0.9444,0.4857,0.6415,0.9399
0.7368,0.4242,0.5385,0.8502
0.9474,0.45,0.6102,0.9646
0.6842,0.4643,0.5532,0.8558
0.8947,0.3953,0.5484,0.8719
0.7895,0.4167,0.5455,0.8781
0.7895,0.3488,0.4839,0.8518
0.8947,0.5484,0.68,0.9076
0.8947,0.4857,0.6296,0.9447
0.8889,0.5517,0.6809,0.9147
0.8889,0.4103,0.5614,0.8991
0.7895,0.3,0.4348,0.8134
0.8421,0.5517,0.6667,0.9436
0.8421,0.4571,0.5926,0.8856
0.8421,0.381,0.5246,0.859
0.8947,0.4474,0.5965,0.9141
0.6842,0.5,0.5778,0.8955
0.7895,0.4412,0.566,0.8845
0.5556,0.4,0.4651,0.843
1.0,0.5806,0.7347,0.9524
0.8421,0.4706,0.6038,0.927
0.7895,0.4545,0.5769,0.8808
0.8421,0.4706,0.6038,0.9001
0.7368,0.4828,0.5833,0.8824
0.7368,0.4,0.5185,0.8926
0.9474,0.4186,0.5806,0.8921
1.0,0.5278,0.6909,0.9509
0.8947,0.5,0.6415,0.9275
0.8889,0.4,0.5517,0.9079
0.8333,0.4839,0.6122,0.9223
0.6842,0.3824,0.4906,0.828
0.8947,0.3864,0.5397,0.8553
0.8947,0.5484,0.68,0.9433
0.7895,0.4054,0.5357,0.8765
0.7895,0.4688,0.5882,0.8886
0.8947,0.5313,0.6667,0.9396
0.7368,0.5385,0.6222,0.8835
0.8947,0.4048,0.5574,0.9342
0.9444,0.4474,0.6071,0.9218
0.9444,0.425,0.5862,0.9371
0.6316,0.375,0.4706,0.8285
0.7368,0.35,0.4746,0.8469
0.7368,0.3784,0.5,0.8622
0.8421,0.5161,0.64,0.9398
0.9474,0.4737,0.6316,0.9398
0.9474,0.4615,0.6207,0.9015
0.7368,0.4118,0.5283,0.8706
0.7895,0.625,0.6977,0.9321
0.7778,0.4828,0.5957,0.8937
0.9444,0.5484,0.6939,0.9393
0.7368,0.3784,0.5,0.8288
0.7368,0.4667,0.5714,0.8837
0.8947,0.4722,0.6182,0.9165
0.7895,0.4054,0.5357,0.862
0.9474,0.4091,0.5714,0.9184
0.8947,0.5,0.6415,0.9189
0.8947,0.5313,0.6667,0.9345
0.9474,0.4615,0.6207,0.9186
0.8333,0.4054,0.5455,0.8498
0.8333,0.4545,0.5882,0.9252
0.6842,0.3514,0.4643,0.8405
0.7368,0.4118,0.5283,0.8579
0.8947,0.4359,0.5862,0.935
0.8947,0.3778,0.5313,0.9117
0.9474,0.4286,0.5902,0.9262
0.8947,0.4595,0.6071,0.8757
0.6842,0.3421,0.4561,0.8459
0.7895,0.4167,0.5455,0.8424
0.7778,0.5,0.6087,0.9303
0.8333,0.4412,0.5769,0.9076
0.8421,0.5161,0.64,0.9571
0.8947,0.4474,0.5965,0.9412
0.7368,0.5385,0.6222,0.9146
1.0,0.5429,0.7037,0.978
0.6842,0.4815,0.5652,0.859
0.7368,0.5,0.5957,0.873
0.8421,0.4848,0.6154,0.92
0.6842,0.4643,0.5532,0.8561
0.8889,0.4,0.5517,0.8237
0.8889,0.4211,0.5714,0.9138
0.8421,0.3902,0.5333,0.8871
0.8421,0.4848,0.6154,0.8937
0.8421,0.4211,0.5614,0.891
0.8947,0.4857,0.6296,0.9006
0.6316,0.375,0.4706,0.8177
0.7368,0.5,0.5957,0.8907
0.8421,0.4211,0.5614,0.9133
0.8421,0.4848,0.6154,0.9076
0.7778,0.4242,0.549,0.8872
0.7778,0.4,0.5283,0.8656
0.8421,0.5926,0.6957,0.9251
0.8947,0.4722,0.6182,0.9229
0.7895,0.3947,0.5263,0.9028
0.7368,0.4828,0.5833,0.8818
0.8421,0.3902,0.5333,0.909
0.6842,0.3714,0.4815,0.8166
0.8421,0.4444,0.5818,0.8837
0.9474,0.4615,0.6207,0.9514
0.7778,0.5185,0.6222,0.9022
0.6111,0.3438,0.44,0.8651
0.9474,0.5455,0.6923,0.9436
0.9474,0.4615,0.6207,0.9487
0.8947,0.5152,0.6538,0.9307
0.6316,0.4444,0.5217,0.8453
0.8947,0.3953,0.5484,0.916
0.7895,0.3947,0.5263,0.8639
0.6842,0.3514,0.4643,0.8212
0.8421,0.5161,0.64,0.92
0.8333,0.4286,0.566,0.9065
0.9444,0.4474,0.6071,0.9391
0.8421,0.5,0.6275,0.8931
0.8947,0.4722,0.6182,0.9374
0.8421,0.4444,0.5818,0.9264
0.8421,0.5333,0.6531,0.9216
0.9474,0.5143,0.6667,0.9404
0.6842,0.4333,0.5306,0.8303
0.7895,0.5357,0.6383,0.8818
0.8421,0.4211,0.5614,0.8797
0.7368,0.4375,0.549,0.8554
0.8333,0.4286,0.566,0.9257
0.7222,0.3714,0.4906,0.8424
0.7895,0.4286,0.5556,0.9082
0.8421,0.4571,0.5926,0.9232
0.6842,0.4643,0.5532,0.8596
0.6842,0.4815,0.5652,0.899
0.7368,0.4,0.5185,0.8437
0.8947,0.4474,0.5965,0.9275
0.8421,0.4444,0.5818,0.8778
0.8333,0.4839,0.6122,0.894
1.0,0.45,0.6207,0.9535
0.6842,0.3095,0.4262,0.7933
0.8421,0.5926,0.6957,0.9125
0.6842,0.4643,0.5532,0.8512
0.8947,0.34,0.4928,0.8566
0.8421,0.4211,0.5614,0.9092
0.7368,0.4516,0.56,0.8507
0.7368,0.4828,0.5833,0.8574
0.7895,0.4167,0.5455,0.8469
0.9444,0.4722,0.6296,0.9141
0.8889,0.4324,0.5818,0.9118
0.9474,0.3913,0.5538,0.9324
0.8947,0.4048,0.5574,0.9149
0.7368,0.4828,0.5833,0.8636
0.8421,0.5,0.6275,0.92
0.6316,0.4444,0.5217,0.8233
0.8421,0.4706,0.6038,0.9063
0.8947,0.5,0.6415,0.9441
0.8947,0.4048,0.5574,0.8714
0.8333,0.3947,0.5357,0.8719
0.8333,0.5357,0.6522,0.9255
0.8947,0.425,0.5763,0.9219
0.7895,0.4412,0.566,0.8786
0.8947,0.5313,0.6667,0.9291
0.7895,0.4412,0.566,0.898
0.9474,0.3673,0.5294,0.8663
0.6842,0.3611,0.4727,0.8612
0.8947,0.4722,0.6182,0.9415
0.7368,0.4118,0.5283,0.8931
0.8333,0.4167,0.5556,0.9314
0.8333,0.4839,0.6122,0.8739
0.7895,0.5357,0.6383,0.9078
0.8421,0.4848,0.6154,0.9168
0.7368,0.3889,0.5091,0.8561
0.5789,0.5,0.5366,0.8357
0.8947,0.425,0.5763,0.9015
0.8421,0.4211,0.5614,0.9275
0.8421,0.5714,0.6809,0.9484
0.9474,0.45,0.6102,0.9079
0.8333,0.5172,0.6383,0.8977
0.7778,0.4375,0.56,0.858
0.8421,0.4571,0.5926,0.9061
0.9474,0.5143,0.6667,0.9323
0.9474,0.4286,0.5902,0.9098
0.7895,0.4054,0.5357,0.884
0.8421,0.5,0.6275,0.9006
0.6842,0.3421,0.4561,0.7911
0.8947,0.4146,0.5667,0.8614
0.7895,0.5,0.6122,0.9189
0.8333,0.4839,0.6122,0.8991
0.9444,0.4722,0.6296,0.9467
0.7368,0.4375,0.549,0.9007
RUSMaxBag
0.6316,0.6316,0.6316,0.927
0.4211,0.4706,0.4444,0.812
0.4211,0.3478,0.381,0.7975
0.4737,0.375,0.4186,0.79
0.4737,0.4091,0.439,0.8523
0.5263,0.5,0.5128,0.8679
0.6316,0.5,0.5581,0.8706
0.5,0.4091,0.45,0.8764
0.6667,0.5714,0.6154,0.9011
0.7368,0.4667,0.5714,0.92
0.7368,0.6087,0.6667,0.9307
0.4211,0.4706,0.4444,0.8268
0.4211,0.3636,0.3902,0.7983
0.5263,0.4762,0.5,0.8504
0.4737,0.3,0.3673,0.7554
0.5789,0.6111,0.5946,0.9149
0.7895,0.6,0.6818,0.9219
0.5789,0.4783,0.5238,0.8654
0.5,0.3913,0.439,0.8251
0.6667,0.48,0.5581,0.8997
0.7895,0.4286,0.5556,0.87
0.5789,0.5,0.5366,0.8324
0.6316,0.5,0.5581,0.8743
0.8421,0.5333,0.6531,0.9323
0.5789,0.44,0.5,0.8464
0.6842,0.5417,0.6047,0.9181
0.5789,0.5238,0.55,0.8845
0.6111,0.44,0.5116,0.8622
0.6111,0.4783,0.5366,0.8634
0.3158,0.3529,0.3333,0.796
0.6842,0.3939,0.5,0.8614
0.6842,0.5,0.5778,0.899
0.3684,0.4118,0.3889,0.8107
0.5263,0.4,0.4545,0.8585
0.4737,0.4091,0.439,0.8222
0.4737,0.4737,0.4737,0.8469
0.5263,0.4348,0.4762,0.8405
0.7222,0.6842,0.7027,0.9187
0.6111,0.6111,0.6111,0.8841
0.6316,0.5714,0.6,0.8844
0.5263,0.5882,0.5556,0.8776
0.6316,0.5,0.5581,0.8652
0.4737,0.4286,0.45,0.8424
0.6316,0.48,0.5455,0.8864
0.3684,0.3889,0.3784,0.8351
0.5263,0.4545,0.4878,0.8252
0.3158,0.4286,0.3636,0.7838
0.5556,0.4762,0.5128,0.8872
0.6111,0.4074,0.4889,0.8634
0.4211,0.4706,0.4444,0.8397
0.5263,0.625,0.5714,0.8566
0.7368,0.4667,0.5714,0.9009
0.6316,0.48,0.5455,0.8711
0.5263,0.4762,0.5,0.8778
0.6316,0.4615,0.5333,0.8287
0.6316,0.48,0.5455,0.877
0.5789,0.5789,0.5789,0.8961
0.3333,0.375,0.3529,0.841
0.6667,0.4615,0.5455,0.8696
0.6316,0.5217,0.5714,0.844
0.5263,0.4,0.4545,0.8472
0.7895,0.6,0.6818,0.9474
0.5789,0.3667,0.449,0.8577
0.5789,0.55,0.5641,0.8792
0.5263,0.4762,0.5,0.8596
0.4737,0.5,0.4865,0.8749
0.6842,0.4333,0.5306,0.8786
0.6111,0.5,0.55,0.8957
0.4444,0.4706,0.4571,0.8013
0.5789,0.4583,0.5116,0.8554
0.5263,0.5556,0.5405,0.8609
0.4737,0.36,0.4091,0.823
0.5263,0.5263,0.5263,0.8528
0.6842,0.52,0.5909,0.9084
0.6842,0.4815,0.5652,0.9004
0.4211,0.3478,0.381,0.8169
0.5789,0.4583,0.5116,0.8888
0.5556,0.5882,0.5714,0.869
0.7222,0.4815,0.5778,0.8977
0.7368,0.4516,0.56,0.8679
0.5789,0.44,0.5,0.8367
0.5789,0.5789,0.5789,0.8738
0.5789,0.5238,0.55,0.8781
0.4211,0.5714,0.4848,0.8502
0.6842,0.619,0.65,0.9135
0.7368,0.5833,0.6512,0.8988
0.5789,0.3793,0.4583,0.8284
0.4444,0.381,0.4103,0.8197
0.6667,0.4615,0.5455,0.8999
0.5789,0.4231,0.4889,0.8521
0.4737,0.3214,0.383,0.8416
0.4737,0.5625,0.5143,0.8612
0.4737,0.3462,0.4,0.8166
0.4737,0.3462,0.4,0.8155
0.5789,0.5,0.5366,0.8451
0.4737,0.36,0.4091,0.8099
0.7368,0.5833,0.6512,0.9205
0.4444,0.3333,0.381,0.8257
0.5556,0.5263,0.5405,0.873
0.5789,0.4783,0.5238,0.8524
0.5263,0.3846,0.4444,0.8741
0.7368,0.3111,0.4375,0.7965
0.5789,0.5238,0.55,0.8794
0.3158,0.375,0.3429,0.8367
0.5789,0.5238,0.55,0.891
0.5789,0.5238,0.55,0.851
0.6842,0.3824,0.4906,0.8362
0.7778,0.56,0.6512,0.9048
0.3889,0.35,0.3684,0.7724
0.6316,0.4444,0.5217,0.8589
0.3684,0.3889,0.3784,0.8448
0.4737,0.4286,0.45,0.8247
0.7895,0.5172,0.625,0.9173
0.7368,0.4667,0.5714,0.9135
0.5789,0.44,0.5,0.8373
0.5789,0.4583,0.5116,0.8671
0.4737,0.375,0.4186,0.7956
0.6667,0.48,0.5581,0.8807
0.6111,0.6471,0.6286,0.8832
0.7368,0.5385,0.6222,0.8714
0.6316,0.4615,0.5333,0.8888
0.5789,0.44,0.5,0.8303
0.4211,0.5,0.4571,0.8418
0.6842,0.619,0.65,0.9076
0.6316,0.4444,0.5217,0.8485
0.6316,0.6,0.6154,0.8743
0.6842,0.5417,0.6047,0.8722
0.6111,0.3793,0.4681,0.8316
0.6111,0.4783,0.5366,0.8756
0.1579,0.2308,0.1875,0.7594
0.6316,0.5,0.5581,0.8628
0.5789,0.4783,0.5238,0.873
0.6316,0.4286,0.5106,0.8523
0.5263,0.5,0.5128,0.8316
0.6842,0.52,0.5909,0.9001
0.6842,0.4483,0.5417,0.8657
0.5263,0.4762,0.5,0.8896
0.5556,0.3846,0.4545,0.8608
0.5556,0.3846,0.4545,0.8441
0.5789,0.44,0.5,0.8492
0.7368,0.4828,0.5833,0.9087
0.5263,0.4545,0.4878,0.833
0.5789,0.6471,0.6111,0.9036
0.5789,0.4231,0.4889,0.8389
0.5263,0.3448,0.4167,0.808
0.5263,0.3846,0.4444,0.8322
0.5789,0.4783,0.5238,0.8789
0.8333,0.625,0.7143,0.93
0.5,0.375,0.4286,0.8342
0.6316,0.5217,0.5714,0.8969
0.5789,0.4783,0.5238,0.8545
0.5263,0.3704,0.4348,0.8563
0.8421,0.64,0.7273,0.9192
0.3684,0.5385,0.4375,0.8292
0.7368,0.5833,0.6512,0.9184
0.7368,0.56,0.6364,0.8969
0.6316,0.5,0.5581,0.8037
0.4211,0.4444,0.4324,0.8201
0.3889,0.3333,0.359,0.7917
0.5556,0.5,0.5263,0.8827
0.5263,0.5,0.5128,0.8314
0.6842,0.5909,0.6341,0.9111
0.5789,0.3929,0.4681,0.8187
0.7895,0.4839,0.6,0.9079
0.5789,0.4783,0.5238,0.8673
0.5789,0.4231,0.4889,0.8475
0.2632,0.3846,0.3125,0.8357
0.5556,0.3704,0.4444,0.8501
0.6111,0.4583,0.5238,0.8614
0.8421,0.5161,0.64,0.9083
0.5263,0.5,0.5128,0.8821
0.4737,0.4286,0.45,0.8394
0.6316,0.5,0.5581,0.8792
0.5789,0.5,0.5366,0.8816
0.7368,0.7,0.7179,0.9262
0.5263,0.4167,0.4651,0.8394
0.1579,0.2,0.1765,0.7342
0.6111,0.5789,0.5946,0.8761
0.7222,0.4483,0.5532,0.8849
0.6842,0.5909,0.6341,0.892
0.4737,0.36,0.4091,0.8075
0.7895,0.5769,0.6667,0.9356
0.6316,0.5,0.5581,0.8821
0.6316,0.4286,0.5106,0.8724
0.6316,0.4444,0.5217,0.8778
0.5263,0.3704,0.4348,0.8085
0.5263,0.5263,0.5263,0.8201
0.3333,0.3529,0.3429,0.7951
0.7222,0.619,0.6667,0.9045
0.7368,0.56,0.6364,0.898
0.5789,0.5789,0.5789,0.9135
0.4211,0.3478,0.381,0.83
0.6316,0.5,0.5581,0.8735
0.5789,0.3793,0.4583,0.8308
0.6842,0.3714,0.4815,0.8255
0.6316,0.3429,0.4444,0.8217
0.5263,0.4348,0.4762,0.8451
0.5789,0.55,0.5641,0.8825
0.5,0.6,0.5455,0.8634
0.6667,0.5714,0.6154,0.8707
0.6842,0.52,0.5909,0.8743
0.5789,0.5238,0.55,0.8947
0.6316,0.5455,0.5854,0.9009
0.6842,0.5417,0.6047,0.891
0.4211,0.4211,0.4211,0.8187
0.6842,0.52,0.5909,0.8751
0.4211,0.4706,0.4444,0.7911
0.5,0.6,0.5455,0.8912
0.6667,0.4138,0.5106,0.877
0.7368,0.6087,0.6667,0.8953
0.6842,0.52,0.5909,0.8848
0.6316,0.5455,0.5854,0.8894
0.5789,0.5789,0.5789,0.877
0.5789,0.55,0.5641,0.859
0.5263,0.5,0.5128,0.8383
0.4737,0.45,0.4615,0.7903
0.7368,0.4516,0.56,0.8899
0.7895,0.4839,0.6,0.9308
0.7222,0.619,0.6667,0.9101
0.6111,0.4783,0.5366,0.8226
0.5263,0.3704,0.4348,0.8252
0.7895,0.5172,0.625,0.9189
0.4737,0.5,0.4865,0.8622
0.5263,0.4545,0.4878,0.87
0.3684,0.4118,0.3889,0.8136
0.6316,0.5714,0.6,0.8786
0.6316,0.5217,0.5714,0.8966
0.5,0.6,0.5455,0.8781
0.3889,0.5385,0.4516,0.8739
0.5789,0.5,0.5366,0.8597
0.5789,0.55,0.5641,0.8472
0.7895,0.5357,0.6383,0.9095
0.5263,0.4762,0.5,0.873
0.4211,0.4,0.4103,0.8195
0.5789,0.5789,0.5789,0.8773
0.5263,0.5,0.5128,0.8644
0.5789,0.5238,0.55,0.8845
0.6111,0.55,0.5789,0.8696
0.4444,0.4706,0.4571,0.8722
0.7368,0.6364,0.6829,0.9186
0.5263,0.2941,0.3774,0.782
0.7368,0.5385,0.6222,0.9106
0.5789,0.4231,0.4889,0.8507
0.5789,0.44,0.5,0.8633
0.6316,0.4444,0.5217,0.8569
0.7895,0.625,0.6977,0.9455
0.7368,0.5185,0.6087,0.8851
0.4444,0.4706,0.4571,0.8319
0.6111,0.5238,0.5641,0.8863
0.6316,0.5217,0.5714,0.8663
0.5789,0.3438,0.4314,0.8408
0.5789,0.3929,0.4681,0.8461
0.4737,0.3913,0.4286,0.8263
0.4211,0.3478,0.381,0.8241
0.5789,0.5,0.5366,0.8934
0.4737,0.5,0.4865,0.859
0.5263,0.4762,0.5,0.8289
0.5556,0.4545,0.5,0.8387
0.6111,0.7333,0.6667,0.8532
0.5263,0.3448,0.4167,0.7922
0.4737,0.4286,0.45,0.8789
0.6316,0.48,0.5455,0.8609
0.6316,0.5455,0.5854,0.8577
0.5789,0.55,0.5641,0.8859
0.5789,0.55,0.5641,0.8843
0.6842,0.5909,0.6341,0.884
0.5789,0.4074,0.4783,0.8378
0.6667,0.3871,0.4898,0.8628
0.6111,0.5238,0.5641,0.8722
0.4737,0.5294,0.5,0.8709
0.6316,0.48,0.5455,0.8596
0.6316,0.4286,0.5106,0.8671
0.6316,0.4444,0.5217,0.8738
0.6316,0.5714,0.6,0.8867
0.6316,0.48,0.5455,0.8818
0.7368,0.5833,0.6512,0.8934
0.6316,0.4615,0.5333,0.848
0.7222,0.4643,0.5652,0.8705
0.7778,0.56,0.6512,0.8974
0.4737,0.4737,0.4737,0.8264
0.7368,0.6087,0.6667,0.9396
0.3684,0.4375,0.4,0.8142
0.4211,0.5714,0.4848,0.8319
0.4737,0.4737,0.4737,0.7954
0.6316,0.4138,0.5,0.8429
0.5789,0.4583,0.5116,0.8588
0.5789,0.6471,0.6111,0.9063
0.3889,0.5,0.4375,0.8362
0.6111,0.4074,0.4889,0.8529
0.5789,0.4583,0.5116,0.8337
0.6842,0.5417,0.6047,0.9079
0.4737,0.36,0.4091,0.8287
0.7368,0.6667,0.7,0.9396
0.3158,0.375,0.3429,0.7712
0.5263,0.3846,0.4444,0.7809
0.4211,0.5,0.4571,0.8773
0.7895,0.5357,0.6383,0.8896
0.6111,0.4231,0.5,0.8481
0.5556,0.4762,0.5128,0.8818
0.5789,0.3548,0.44,0.8125
0.5263,0.5,0.5128,0.83
0.5263,0.5263,0.5263,0.8859
0.5789,0.5789,0.5789,0.8684
0.5263,0.4762,0.5,0.8808
0.7895,0.6522,0.7143,0.9428
0.5789,0.3929,0.4681,0.8432
0.6842,0.5,0.5778,0.8714
0.5263,0.5556,0.5405,0.8321
0.6111,0.4783,0.5366,0.8852
0.7222,0.4815,0.5778,0.9045
0.6316,0.3636,0.4615,0.8614
0.5789,0.3667,0.449,0.8311
0.6316,0.48,0.5455,0.8405
0.3684,0.5,0.4242,0.7871
0.7368,0.5185,0.6087,0.916
0.5789,0.5238,0.55,0.808
0.7368,0.5385,0.6222,0.8929
0.5556,0.3704,0.4444,0.8676
0.7778,0.56,0.6512,0.9201
0.5789,0.5,0.5366,0.8844
0.7368,0.4516,0.56,0.9028
0.7895,0.5172,0.625,0.8837
0.5789,0.44,0.5,0.8601
0.4737,0.375,0.4186,0.7892
0.4211,0.4444,0.4324,0.8273
0.4737,0.45,0.4615,0.8408
0.4737,0.75,0.5806,0.8426
0.6667,0.7059,0.6857,0.9385
0.5,0.5625,0.5294,0.877
0.5789,0.5,0.5366,0.8709
0.5789,0.5,0.5366,0.9173
0.5263,0.5263,0.5263,0.8539
0.4211,0.3636,0.3902,0.8161
0.5789,0.44,0.5,0.852
0.6842,0.5652,0.619,0.8974
0.8421,0.4444,0.5818,0.913
0.7368,0.4667,0.5714,0.8931
0.7222,0.619,0.6667,0.9002
0.7222,0.4333,0.5417,0.856
0.6316,0.4,0.4898,0.8413
0.6316,0.5217,0.5714,0.8851
0.5789,0.44,0.5,0.8743
0.5789,0.5,0.5366,0.8746
0.4737,0.45,0.4615,0.8553
0.6316,0.4286,0.5106,0.8469
0.4211,0.4,0.4103,0.8392
0.4737,0.5625,0.5143,0.8252
0.4444,0.5,0.4706,0.8489
0.6667,0.48,0.5581,0.8824
0.6842,0.52,0.5909,0.869
0.3684,0.3889,0.3784,0.8115
0.7895,0.5172,0.625,0.8547
0.5263,0.5556,0.5405,0.8821
0.5789,0.4074,0.4783,0.8692
0.4211,0.5333,0.4706,0.8577
0.4211,0.4444,0.4324,0.8158
0.5789,0.6111,0.5946,0.9017
0.6667,0.5217,0.5854,0.9147
0.6667,0.375,0.48,0.8268
0.8421,0.5333,0.6531,0.9137
0.6316,0.5455,0.5854,0.8902
0.5789,0.4583,0.5116,0.8247
0.6842,0.4643,0.5532,0.8604
0.5263,0.4762,0.5,0.8236
0.6316,0.5217,0.5714,0.8708
0.7368,0.4375,0.549,0.8899
0.6316,0.5,0.5581,0.8733
0.3333,0.3158,0.3243,0.7749
0.6667,0.4615,0.5455,0.8727
0.6316,0.5455,0.5854,0.8657
0.6316,0.5714,0.6,0.8867
0.5263,0.625,0.5714,0.8491
0.6842,0.4643,0.5532,0.8757
0.6842,0.5,0.5778,0.8867
0.5789,0.4231,0.4889,0.8759
0.4211,0.5,0.4571,0.8585
0.5263,0.5556,0.5405,0.844
0.6111,0.55,0.5789,0.845
0.7222,0.3611,0.4815,0.8821
0.7895,0.5769,0.6667,0.924
0.5789,0.4583,0.5116,0.8711
0.6316,0.5,0.5581,0.8837
0.6316,0.7059,0.6667,0.9117
0.3158,0.3529,0.3333,0.8163
0.6842,0.4333,0.5306,0.8711
0.6842,0.52,0.5909,0.8343
0.6316,0.4615,0.5333,0.8528
0.5263,0.4545,0.4878,0.8592
0.5,0.5,0.5,0.8631
0.6111,0.6875,0.6471,0.9133
0.6316,0.5714,0.6,0.9052
0.5789,0.4583,0.5116,0.8488
0.4211,0.3333,0.3721,0.8198
0.6842,0.52,0.5909,0.8733
0.4737,0.3913,0.4286,0.844
0.6842,0.5652,0.619,0.8996
0.6842,0.4815,0.5652,0.8902
0.5,0.4737,0.4865,0.8455
0.6667,0.4,0.5,0.869
0.4737,0.45,0.4615,0.8364
0.5789,0.4231,0.4889,0.8636
0.4737,0.375,0.4186,0.8453
0.6842,0.5417,0.6047,0.9068
0.6316,0.5455,0.5854,0.8633
0.5263,0.4167,0.4651,0.8276
0.6316,0.48,0.5455,0.8711
0.5263,0.4,0.4545,0.8569
0.3333,0.4615,0.3871,0.7775
0.7222,0.4333,0.5417,0.8875
0.4737,0.6,0.5294,0.8755
0.5789,0.5238,0.55,0.8813
0.6316,0.48,0.5455,0.8706
0.7368,0.5185,0.6087,0.9017
0.7895,0.4286,0.5556,0.8972
0.6316,0.5455,0.5854,0.9119
0.4211,0.3636,0.3902,0.8628
0.4737,0.4286,0.45,0.8201
0.6111,0.55,0.5789,0.8716
0.6111,0.4074,0.4889,0.8438
0.5789,0.3793,0.4583,0.8557
0.7895,0.6522,0.7143,0.9329
0.7368,0.4828,0.5833,0.8955
0.6842,0.4483,0.5417,0.8265
0.4737,0.3913,0.4286,0.8222
0.3684,0.5833,0.4516,0.8437
0.7368,0.7,0.7179,0.9264
0.4737,0.3103,0.375,0.7672
0.2778,0.25,0.2632,0.7769
0.6667,0.48,0.5581,0.894
0.5789,0.44,0.5,0.8437
0.6316,0.4138,0.5,0.8485
0.5263,0.4762,0.5,0.7844
0.7895,0.6818,0.7317,0.9482
0.2105,0.2353,0.2222,0.7371
0.3684,0.3333,0.35,0.7876
0.6316,0.5,0.5581,0.862
0.7368,0.5,0.5957,0.9189
0.7778,0.4828,0.5957,0.8999
0.5556,0.7143,0.625,0.9138
0.6842,0.52,0.5909,0.92
0.7368,0.5185,0.6087,0.9108
0.6316,0.5455,0.5854,0.8749
0.5789,0.4783,0.5238,0.8408
0.5263,0.6667,0.5882,0.9009
0.7895,0.6,0.6818,0.9361
0.4211,0.4211,0.4211,0.7642
0.5789,0.44,0.5,0.8434
0.6111,0.5238,0.5641,0.9076
0.7222,0.4333,0.5417,0.8767
0.4211,0.4211,0.4211,0.7767
0.7895,0.5769,0.6667,0.9071
0.5263,0.5556,0.5405,0.8671
0.7368,0.5833,0.6512,0.9219
0.5263,0.4,0.4545,0.8491
0.4737,0.5625,0.5143,0.8045
0.4737,0.3214,0.383,0.8281
0.4211,0.4,0.4103,0.8158
0.6111,0.3548,0.449,0.8209
0.6111,0.55,0.5789,0.8895
0.5263,0.3704,0.4348,0.7973
0.5263,0.5556,0.5405,0.8625
0.6316,0.5455,0.5854,0.8934
0.4737,0.5294,0.5,0.8553
0.6316,0.75,0.6857,0.9342
0.4737,0.3333,0.3913,0.7973
0.6842,0.5652,0.619,0.8872
0.6316,0.5455,0.5854,0.8582
0.5556,0.5263,0.5405,0.8481
0.7222,0.5652,0.6341,0.8798
0.5789,0.5,0.5366,0.8481
0.5789,0.6111,0.5946,0.8802
0.6316,0.48,0.5455,0.8571
0.5789,0.5,0.5366,0.8853
0.6316,0.5455,0.5854,0.8818
0.6316,0.4,0.4898,0.8784
0.3684,0.35,0.359,0.782
0.5263,0.4762,0.5,0.8338
0.5263,0.5,0.5128,0.8652
0.6111,0.4783,0.5366,0.843
0.3889,0.4375,0.4118,0.8211
0.6842,0.4643,0.5532,0.8937
0.5789,0.55,0.5641,0.8875
0.5263,0.5263,0.5263,0.8222
0.5263,0.4348,0.4762,0.8222
0.6316,0.6,0.6154,0.8993
0.6316,0.375,0.4706,0.8574
0.7368,0.5385,0.6222,0.9125
0.5556,0.4,0.4651,0.8274
0.4444,0.4706,0.4571,0.8427
0.5263,0.625,0.5714,0.8931
0.5263,0.4167,0.4651,0.8263
0.4737,0.4737,0.4737,0.8429
0.5789,0.5789,0.5789,0.8784
0.5263,0.4348,0.4762,0.8708
0.5263,0.4167,0.4651,0.8528
0.3684,0.3889,0.3784,0.7981
0.6842,0.6842,0.6842,0.8947
0.5556,0.5,0.5263,0.8716
0.5,0.3913,0.439,0.8206
0.6842,0.7222,0.7027,0.9232
0.7895,0.6522,0.7143,0.8923
0.5263,0.5556,0.5405,0.7959
0.7368,0.4828,0.5833,0.8665
0.4737,0.45,0.4615,0.8698
0.5789,0.5,0.5366,0.8835
0.7368,0.56,0.6364,0.909
0.3158,0.375,0.3429,0.8034
0.4444,0.381,0.4103,0.8073
0.3889,0.5385,0.4516,0.8469
0.5789,0.5789,0.5789,0.8863
0.4211,0.4444,0.4324,0.833
0.6316,0.5714,0.6,0.9087
0.5263,0.4545,0.4878,0.8604
0.5789,0.3333,0.4231,0.8322
0.5789,0.6875,0.6286,0.8743
0.6316,0.5714,0.6,0.8751
0.5263,0.3333,0.4082,0.8308
0.6111,0.44,0.5116,0.8322
0.5556,0.4167,0.4762,0.8815
0.5263,0.4545,0.4878,0.8709
0.5789,0.5,0.5366,0.8657
0.7368,0.6667,0.7,0.8853
0.4737,0.6,0.5294,0.8596
0.6842,0.4643,0.5532,0.8628
0.4211,0.4211,0.4211,0.8206
0.5789,0.4783,0.5238,0.8649
0.6316,0.5455,0.5854,0.8784
0.3889,0.4118,0.4,0.8359
0.7222,0.5417,0.619,0.8869
0.4737,0.5625,0.5143,0.8074
0.6316,0.48,0.5455,0.8899
0.5263,0.625,0.5714,0.8921
0.5789,0.44,0.5,0.8743
0.4211,0.6154,0.5,0.8421
0.5263,0.4762,0.5,0.8255
0.3684,0.3333,0.35,0.7876
0.5789,0.4783,0.5238,0.8762
0.7778,0.6087,0.6829,0.9031
0.6111,0.5238,0.5641,0.8756
0.5789,0.44,0.5,0.879
0.6316,0.4444,0.5217,0.8657
0.6842,0.4643,0.5532,0.8598
0.5789,0.44,0.5,0.8426
0.7895,0.7143,0.75,0.9441
0.6316,0.48,0.5455,0.8622
0.5263,0.4762,0.5,0.8558
0.5263,0.4545,0.4878,0.8142
0.6111,0.7333,0.6667,0.8977
0.5556,0.4348,0.4878,0.8067
0.3684,0.3889,0.3784,0.7661
0.5789,0.55,0.5641,0.8899
0.6316,0.5217,0.5714,0.8945
0.5789,0.44,0.5,0.869
0.5263,0.625,0.5714,0.8668
0.7368,0.4828,0.5833,0.8851
0.5263,0.5,0.5128,0.812
0.8947,0.5313,0.6667,0.9235
0.5,0.3913,0.439,0.8322
0.4444,0.3478,0.3902,0.8656
0.5789,0.6111,0.5946,0.8858
0.5263,0.5882,0.5556,0.8649
0.7368,0.5,0.5957,0.899
0.5789,0.4074,0.4783,0.8515
0.5263,0.5,0.5128,0.8469
0.3684,0.4375,0.4,0.8687
0.6316,0.6667,0.6486,0.9047
0.3158,0.4286,0.3636,0.775
0.4444,0.3478,0.3902,0.8013
0.7778,0.4667,0.5833,0.9141
0.4211,0.4444,0.4324,0.8001
0.6316,0.3871,0.48,0.8547
0.4211,0.4444,0.4324,0.8279
0.7368,0.5185,0.6087,0.9173
0.7895,0.4688,0.5882,0.8867
0.5263,0.5556,0.5405,0.8655
0.3684,0.3043,0.3333,0.8193
0.6316,0.6667,0.6486,0.8655
0.3333,0.4,0.3636,0.7931
0.4444,0.4444,0.4444,0.8393
0.6316,0.75,0.6857,0.9403
0.6842,0.4194,0.52,0.8886
0.3684,0.5385,0.4375,0.8496
0.6316,0.5714,0.6,0.9329
0.5263,0.3333,0.4082,0.783
0.5263,0.4545,0.4878,0.8585
0.5263,0.3571,0.4255,0.815
0.4211,0.4444,0.4324,0.8604
0.5556,0.5556,0.5556,0.8543
0.5556,0.625,0.5882,0.8279
0.7895,0.5769,0.6667,0.933
0.5263,0.4,0.4545,0.8099
0.4737,0.375,0.4186,0.851
0.6316,0.5714,0.6,0.8958
0.7895,0.625,0.6977,0.9192
0.4737,0.5294,0.5,0.8657
0.6316,0.5714,0.6,0.8937
0.6316,0.6,0.6154,0.8126
0.5263,0.5,0.5128,0.8663
0.3333,0.4286,0.375,0.801
0.7778,0.4667,0.5833,0.9135
0.5263,0.5263,0.5263,0.8867
0.7368,0.4828,0.5833,0.8963
0.6316,0.4286,0.5106,0.8475
0.5789,0.5238,0.55,0.8883
0.4737,0.3103,0.375,0.8212
0.5789,0.6471,0.6111,0.859
0.5263,0.8333,0.6452,0.8711
0.4444,0.4,0.4211,0.8458
0.5556,0.4167,0.4762,0.8092
0.6842,0.4815,0.5652,0.8877
0.7368,0.5,0.5957,0.8996
0.5263,0.5263,0.5263,0.8107
0.4211,0.381,0.4,0.8115
0.7895,0.5172,0.625,0.9074
0.5263,0.5,0.5128,0.8792
0.5789,0.44,0.5,0.8851
0.3684,0.5,0.4242,0.8448
0.7778,0.5185,0.6222,0.8886
0.5,0.5625,0.5294,0.8399
0.4737,0.45,0.4615,0.8638
0.4737,0.3,0.3673,0.8085
0.6842,0.4483,0.5417,0.8558
0.4737,0.5294,0.5,0.8249
0.5263,0.4,0.4545,0.8494
0.7895,0.6522,0.7143,0.9227
0.6316,0.5714,0.6,0.9114
0.6842,0.5417,0.6047,0.8733
0.7368,0.5833,0.6512,0.8774
0.3889,0.3333,0.359,0.7786
0.5556,0.4348,0.4878,0.8478
0.5789,0.44,0.5,0.8483
0.6316,0.4286,0.5106,0.8802
0.5263,0.4348,0.4762,0.8241
0.6842,0.52,0.5909,0.8687
0.6316,0.6,0.6154,0.8805
0.6842,0.5417,0.6047,0.8679
0.4737,0.3214,0.383,0.7956
0.5,0.4091,0.45,0.8271
0.5,0.4091,0.45,0.8486
0.7368,0.6364,0.6829,0.924
0.4211,0.3478,0.381,0.8161
0.7368,0.5185,0.6087,0.9039
0.5789,0.4074,0.4783,0.8292
0.7895,0.4412,0.566,0.8655
0.6316,0.48,0.5455,0.8904
0.5789,0.4783,0.5238,0.8711
0.5263,0.4545,0.4878,0.8392
0.6111,0.4583,0.5238,0.8671
0.5,0.45,0.4737,0.875
0.3684,0.4375,0.4,0.8388
0.6842,0.5,0.5778,0.9157
0.6316,0.5217,0.5714,0.8754
0.5789,0.6111,0.5946,0.8899
0.6842,0.4483,0.5417,0.8714
0.6842,0.4063,0.5098,0.8494
0.3158,0.4286,0.3636,0.8459
0.6842,0.4483,0.5417,0.8859
0.6111,0.6875,0.6471,0.8977
0.6667,0.4138,0.5106,0.8546
0.7368,0.56,0.6364,0.8559
0.5263,0.5,0.5128,0.8553
0.5263,0.4762,0.5,0.8668
0.6316,0.5714,0.6,0.8845
0.4737,0.5,0.4865,0.8652
0.5263,0.6667,0.5882,0.8776
0.5263,0.5263,0.5263,0.8276
0.7895,0.5556,0.6522,0.9082
0.5556,0.5556,0.5556,0.8849
0.5,0.36,0.4186,0.8169
0.3684,0.3684,0.3684,0.7802
0.5789,0.55,0.5641,0.9117
0.5263,0.4545,0.4878,0.8553
0.5789,0.3929,0.4681,0.8327
0.8421,0.64,0.7273,0.9409
0.4737,0.36,0.4091,0.782
0.5789,0.6875,0.6286,0.8469
0.6316,0.5,0.5581,0.8198
0.6111,0.4783,0.5366,0.8886
0.7222,0.52,0.6047,0.9291
0.5263,0.4348,0.4762,0.8855
0.5789,0.55,0.5641,0.8706
0.6316,0.48,0.5455,0.8582
0.5789,0.5,0.5366,0.8545
0.7368,0.56,0.6364,0.917
0.5263,0.4348,0.4762,0.8781
0.4211,0.4211,0.4211,0.8099
0.6842,0.5652,0.619,0.9305
0.6111,0.5,0.55,0.8605
0.6667,0.5217,0.5854,0.8773
0.4737,0.4737,0.4737,0.8842
0.6842,0.5909,0.6341,0.8827
0.5263,0.5882,0.5556,0.8998
0.6316,0.6316,0.6316,0.8958
0.6842,0.4483,0.5417,0.8523
0.5789,0.4583,0.5116,0.8523
0.4737,0.6,0.5294,0.8292
0.6316,0.5714,0.6,0.8735
0.7222,0.4333,0.5417,0.8863
0.6111,0.6111,0.6111,0.8798
0.4737,0.3333,0.3913,0.7626
0.6316,0.6,0.6154,0.8789
0.5789,0.3438,0.4314,0.8375
0.5789,0.4231,0.4889,0.8829
0.5789,0.6111,0.5946,0.8687
0.6842,0.5652,0.619,0.8343
0.5789,0.3667,0.449,0.8724
0.8421,0.5333,0.6531,0.9243
0.3889,0.5833,0.4667,0.8526
0.6667,0.4444,0.5333,0.8339
0.4211,0.3636,0.3902,0.7881
0.6316,0.5,0.5581,0.859
0.5789,0.3793,0.4583,0.8174
0.5789,0.4783,0.5238,0.8528
0.4737,0.375,0.4186,0.8241
0.5789,0.44,0.5,0.8142
0.4737,0.5294,0.5,0.8531
0.3684,0.4375,0.4,0.8316
0.6111,0.5789,0.5946,0.9084
0.3889,0.3889,0.3889,0.8393
0.5789,0.5,0.5366,0.879
0.7895,0.6,0.6818,0.9004
0.5263,0.4545,0.4878,0.8077
0.7368,0.6087,0.6667,0.917
0.7368,0.56,0.6364,0.9302
0.4211,0.4,0.4103,0.822
0.6842,0.65,0.6667,0.9068
0.3684,0.35,0.359,0.8518
0.5556,0.3846,0.4545,0.8311
0.6667,0.5455,0.6,0.8912
0.5263,0.4167,0.4651,0.8359
0.4737,0.5,0.4865,0.8306
0.7368,0.5833,0.6512,0.91
0.3158,0.4286,0.3636,0.7983
0.3684,0.5,0.4242,0.8276
0.6316,0.6316,0.6316,0.9076
0.4737,0.45,0.4615,0.834
0.5789,0.4583,0.5116,0.8816
0.7222,0.3714,0.4906,0.8537
0.6667,0.5,0.5714,0.8707
0.7368,0.5185,0.6087,0.8901
0.7368,0.5185,0.6087,0.8733
0.5263,0.4348,0.4762,0.8252
0.4737,0.3913,0.4286,0.8214
0.4737,0.3333,0.3913,0.8059
0.7368,0.4828,0.5833,0.8891
0.7368,0.6364,0.6829,0.9224
0.4211,0.5,0.4571,0.877
0.6667,0.48,0.5581,0.8668
0.3333,0.2609,0.2927,0.7891
0.4737,0.36,0.4091,0.8112
0.4737,0.4286,0.45,0.8418
0.5789,0.4231,0.4889,0.8386
0.6316,0.7059,0.6667,0.927
0.7895,0.5769,0.6667,0.9326
0.4211,0.32,0.3636,0.776
0.6842,0.619,0.65,0.899
0.5263,0.4348,0.4762,0.834
0.5,0.4091,0.45,0.854
0.7222,0.4815,0.5778,0.8917
0.5789,0.4074,0.4783,0.8174
0.6316,0.5455,0.5854,0.9082
0.4211,0.5,0.4571,0.8279
0.4737,0.375,0.4186,0.811
0.6316,0.5217,0.5714,0.8684
0.7368,0.4828,0.5833,0.9009
0.4737,0.3913,0.4286,0.8247
0.6316,0.6667,0.6486,0.8647
0.4444,0.4211,0.4324,0.8495
0.7222,0.5652,0.6341,0.8914
0.3158,0.375,0.3429,0.8163
0.7368,0.7,0.7179,0.906
0.6316,0.6667,0.6486,0.8792
0.5789,0.5238,0.55,0.8719
0.7368,0.4516,0.56,0.8937
0.5789,0.3929,0.4681,0.8614
0.4737,0.5,0.4865,0.8789
0.6316,0.6,0.6154,0.8776
0.6111,0.5789,0.5946,0.8957
0.6111,0.44,0.5116,0.8401
0.4211,0.4706,0.4444,0.8242
0.6842,0.4333,0.5306,0.8861
0.4737,0.5,0.4865,0.837
0.4737,0.5625,0.5143,0.8714
0.5263,0.5263,0.5263,0.8784
0.6316,0.4444,0.5217,0.8636
0.5263,0.3333,0.4082,0.7253
0.6842,0.65,0.6667,0.9004
0.7778,0.4375,0.56,0.8844
0.6667,0.5455,0.6,0.9042
0.7895,0.5357,0.6383,0.9156
0.6316,0.5,0.5581,0.8988
0.4737,0.5,0.4865,0.8553
0.5263,0.5263,0.5263,0.8786
0.6316,0.48,0.5455,0.8424
0.7895,0.6,0.6818,0.9023
0.6316,0.4286,0.5106,0.8612
0.6316,0.4286,0.5106,0.8375
0.7895,0.6,0.6818,0.9211
0.6111,0.4074,0.4889,0.807
0.7222,0.65,0.6842,0.8909
0.6316,0.4444,0.5217,0.8668
0.6316,0.4286,0.5106,0.834
0.3158,0.3,0.3077,0.7688
0.5789,0.4231,0.4889,0.8464
0.8421,0.5333,0.6531,0.91
0.4737,0.5,0.4865,0.8185
0.5789,0.4583,0.5116,0.8485
0.8333,0.6,0.6977,0.9399
0.5556,0.4762,0.5128,0.8529
0.5789,0.44,0.5,0.8399
0.5263,0.5556,0.5405,0.8547
0.4737,0.6,0.5294,0.8797
0.6842,0.4815,0.5652,0.8504
0.6316,0.5714,0.6,0.8722
0.6842,0.5417,0.6047,0.9079
0.4737,0.5,0.4865,0.811
0.4737,0.36,0.4091,0.8456
0.4737,0.36,0.4091,0.8106
0.5556,0.4348,0.4878,0.852
0.7222,0.5417,0.619,0.9093
0.5263,0.4545,0.4878,0.8112
0.7895,0.625,0.6977,0.9259
0.4211,0.4211,0.4211,0.7978
0.5263,0.4167,0.4651,0.8236
0.5263,0.3846,0.4444,0.8437
0.5263,0.4167,0.4651,0.7946
0.6316,0.5455,0.5854,0.8757
0.7368,0.7368,0.7368,0.9257
0.5556,0.5,0.5263,0.8651
0.5,0.45,0.4737,0.8342
0.5263,0.3333,0.4082,0.7927
0.6842,0.5,0.5778,0.91
0.4737,0.5625,0.5143,0.8316
0.5263,0.4,0.4545,0.8351
0.5789,0.5,0.5366,0.8808
0.4211,0.4444,0.4324,0.8655
0.5789,0.4231,0.4889,0.8303
0.3889,0.3889,0.3889,0.8115
0.6667,0.7059,0.6857,0.911
0.7368,0.4828,0.5833,0.9113
0.5263,0.5556,0.5405,0.8813
0.5263,0.4,0.4545,0.852
0.5263,0.5882,0.5556,0.8703
0.6316,0.4138,0.5,0.8614
0.5263,0.4348,0.4762,0.8354
0.6842,0.52,0.5909,0.9015
0.6842,0.5652,0.619,0.8923
0.7778,0.5,0.6087,0.8926
0.7222,0.4643,0.5652,0.8937
0.4737,0.3462,0.4,0.7933
0.6842,0.3939,0.5,0.8268
0.5789,0.6111,0.5946,0.906
0.5263,0.5882,0.5556,0.8488
0.6316,0.3529,0.4528,0.8432
0.6842,0.65,0.6667,0.8963
0.3158,0.3333,0.3243,0.8072
0.7368,0.4667,0.5714,0.8864
0.6111,0.5238,0.5641,0.89
0.7222,0.52,0.6047,0.9087
0.3684,0.4375,0.4,0.8036
0.6316,0.4286,0.5106,0.8287
0.6316,0.5,0.5581,0.84
0.6842,0.5909,0.6341,0.8945
0.6842,0.4815,0.5652,0.8711
0.7895,0.4839,0.6,0.8845
0.4211,0.381,0.4,0.8298
0.4211,0.5,0.4571,0.8824
0.5556,0.5882,0.5714,0.8912
0.6111,0.5238,0.5641,0.9067
0.5263,0.3571,0.4255,0.8098
0.4211,0.2963,0.3478,0.815
0.4737,0.5,0.4865,0.8631
0.7368,0.5,0.5957,0.8859
0.8421,0.5333,0.6531,0.9052
0.5263,0.7692,0.625,0.8724
0.6842,0.5,0.5778,0.8923
0.6842,0.5,0.5778,0.8789
0.3889,0.3889,0.3889,0.8078
0.5556,0.625,0.5882,0.8912
0.6316,0.6,0.6154,0.8611
0.5789,0.5789,0.5789,0.8434
0.5263,0.4167,0.4651,0.8526
0.7368,0.5833,0.6512,0.8915
0.7895,0.5,0.6122,0.9074
0.5263,0.5882,0.5556,0.8588
0.6842,0.5417,0.6047,0.8574
0.5263,0.5556,0.5405,0.822
0.6111,0.5,0.55,0.8892
0.6111,0.5789,0.5946,0.9008
0.6842,0.6842,0.6842,0.9227
0.7895,0.5357,0.6383,0.9227
0.3684,0.3333,0.35,0.8577
0.6842,0.5909,0.6341,0.9256
0.5263,0.4348,0.4762,0.8281
0.6842,0.5652,0.619,0.8837
0.5789,0.4783,0.5238,0.8773
0.4737,0.4286,0.45,0.8034
0.5556,0.3333,0.4167,0.8189
0.3333,0.3529,0.3429,0.8075
0.5263,0.5882,0.5556,0.8633
0.3684,0.3333,0.35,0.7613
0.5789,0.44,0.5,0.8502
0.6842,0.4643,0.5532,0.8751
0.6316,0.5,0.5581,0.8249
0.6316,0.48,0.5455,0.8684
0.5789,0.55,0.5641,0.8961
0.7368,0.4667,0.5714,0.9063
0.7222,0.4815,0.5778,0.8827
0.5,0.3913,0.439,0.8472
0.5789,0.4583,0.5116,0.8663
0.5263,0.4762,0.5,0.8824
0.6842,0.4333,0.5306,0.8665
0.3158,0.5,0.3871,0.8225
0.4737,0.45,0.4615,0.8163
0.4211,0.4444,0.4324,0.782
0.6316,0.4286,0.5106,0.8617
0.7368,0.5185,0.6087,0.9146
0.5556,0.5882,0.5714,0.8951
0.5556,0.3448,0.4255,0.845
0.5263,0.5882,0.5556,0.8861
0.6316,0.5217,0.5714,0.92
0.5789,0.44,0.5,0.8776
0.5789,0.55,0.5641,0.859
0.6842,0.5,0.5778,0.9001
0.5263,0.4348,0.4762,0.8271
0.4211,0.381,0.4,0.8021
0.5263,0.625,0.5714,0.8861
0.7222,0.52,0.6047,0.9031
0.6667,0.48,0.5581,0.8971
0.5789,0.4231,0.4889,0.8619
0.7368,0.4667,0.5714,0.8926
0.4211,0.4,0.4103,0.8284
0.4737,0.5294,0.5,0.8869
0.5263,0.5,0.5128,0.899
0.4737,0.5,0.4865,0.8153
0.3684,0.5385,0.4375,0.8528
0.4737,0.375,0.4186,0.8182
0.5789,0.5789,0.5789,0.8581
0.7778,0.4828,0.5957,0.8934
0.5556,0.3704,0.4444,0.8231
0.7368,0.5,0.5957,0.9055
0.7368,0.56,0.6364,0.9071
0.5263,0.5,0.5128,0.8512
0.4737,0.4737,0.4737,0.8477
0.4737,0.4737,0.4737,0.8008
0.8421,0.64,0.7273,0.9305
0.4737,0.3333,0.3913,0.8048
0.5556,0.4545,0.5,0.8472
0.6111,0.4583,0.5238,0.8846
0.2632,0.2381,0.25,0.701
0.6842,0.5652,0.619,0.8942
0.4211,0.5333,0.4706,0.8421
0.5789,0.5,0.5366,0.8034
0.5789,0.44,0.5,0.8504
0.5789,0.3793,0.4583,0.8115
0.6316,0.6316,0.6316,0.8469
0.4737,0.45,0.4615,0.8107
0.4444,0.381,0.4103,0.8387
0.7778,0.56,0.6512,0.8903
0.5789,0.4583,0.5116,0.8923
0.6842,0.5,0.5778,0.8853
0.3158,0.2727,0.2927,0.7865
0.5263,0.5,0.5128,0.873
0.4737,0.45,0.4615,0.7997
0.5789,0.4783,0.5238,0.873
0.7895,0.4167,0.5455,0.9082
0.6316,0.5455,0.5854,0.8225
0.7222,0.52,0.6047,0.8577
0.2778,0.3333,0.303,0.8203
0.7368,0.56,0.6364,0.9097
0.6842,0.4815,0.5652,0.8792
0.7368,0.4667,0.5714,0.909
0.5789,0.5,0.5366,0.8534
0.5789,0.4231,0.4889,0.833
0.5263,0.4348,0.4762,0.8359
0.7895,0.6522,0.7143,0.9439
0.4737,0.5,0.4865,0.8759
0.6111,0.6471,0.6286,0.8912
0.5556,0.4348,0.4878,0.8529
0.4737,0.6,0.5294,0.8663
0.6842,0.4643,0.5532,0.8861
0.4211,0.5,0.4571,0.8166
0.4737,0.5294,0.5,0.8392
0.6316,0.48,0.5455,0.8776
0.7895,0.4688,0.5882,0.9146
0.6316,0.6,0.6154,0.8998
0.5789,0.4074,0.4783,0.8625
0.4444,0.4444,0.4444,0.8166
0.6111,0.4783,0.5366,0.8177
0.6316,0.4444,0.5217,0.8695
0.5789,0.55,0.5641,0.8813
0.5789,0.3793,0.4583,0.855
0.4737,0.4091,0.439,0.8416
0.4737,0.4737,0.4737,0.8657
0.3684,0.2593,0.3043,0.7304
0.6842,0.4643,0.5532,0.8502
0.6842,0.52,0.5909,0.9079
0.5,0.36,0.4186,0.8223
0.8333,0.6,0.6977,0.9277
0.6316,0.4615,0.5333,0.8776
RUSVoteBag
0.9474,0.4615,0.6207,0.9608
0.6316,0.3871,0.48,0.772
0.7895,0.5769,0.6667,0.8738
0.8947,0.4048,0.5574,0.8676
0.6316,0.48,0.5455,0.8663
0.7368,0.5185,0.6087,0.895
0.9474,0.439,0.6,0.9071
0.8333,0.4688,0.6,0.8895
0.8333,0.4545,0.5882,0.9036
0.8421,0.5517,0.6667,0.9254
0.8947,0.5667,0.6939,0.9423
0.8947,0.4595,0.6071,0.8926
0.6316,0.375,0.4706,0.8214
0.6842,0.4483,0.5417,0.8373
0.6842,0.3421,0.4561,0.7747
0.6316,0.6316,0.6316,0.9315
0.9474,0.4865,0.6429,0.9396
0.8947,0.5,0.6415,0.9243
0.7222,0.5,0.5909,0.8753
0.7222,0.4333,0.5417,0.9158
0.9474,0.36,0.5217,0.8762
0.7895,0.4545,0.5769,0.8389
0.8421,0.4848,0.6154,0.8692
0.7895,0.5556,0.6522,0.9157
0.8421,0.5,0.6275,0.8972
0.7895,0.5357,0.6383,0.9522
0.7895,0.4054,0.5357,0.8934
0.8333,0.4688,0.6,0.9016
0.8333,0.4688,0.6,0.8702
0.6842,0.4194,0.52,0.8798
0.7368,0.3684,0.4912,0.8332
0.7368,0.5385,0.6222,0.9149
0.5263,0.3846,0.4444,0.8445
0.7895,0.4688,0.5882,0.8929
0.6842,0.4643,0.5532,0.8464
0.7368,0.5,0.5957,0.8711
0.8421,0.4848,0.6154,0.9039
0.8333,0.5556,0.6667,0.9212
0.8889,0.4571,0.6038,0.9235
0.8947,0.5862,0.7083,0.9249
0.6842,0.5652,0.619,0.87
0.8421,0.4571,0.5926,0.8604
0.8421,0.4103,0.5517,0.8711
0.8421,0.5161,0.64,0.9095
0.8421,0.4848,0.6154,0.8953
0.8421,0.4,0.5424,0.8518
0.6842,0.4643,0.5532,0.8494
0.7778,0.4375,0.56,0.8988
0.8333,0.4286,0.566,0.913
0.5789,0.4231,0.4889,0.8361
0.6842,0.4643,0.5532,0.8488
0.8947,0.4722,0.6182,0.9211
0.8947,0.4722,0.6182,0.9125
0.8947,0.5313,0.6667,0.9522
0.7895,0.4286,0.5556,0.8217
0.8421,0.6154,0.7111,0.9076
0.6842,0.5417,0.6047,0.9189
0.6667,0.5,0.5714,0.8518
0.8333,0.3409,0.4839,0.8469
0.7895,0.4545,0.5769,0.8589
0.8421,0.4848,0.6154,0.9055
0.8947,0.5667,0.6939,0.9522
0.9474,0.4615,0.6207,0.9393
0.7368,0.4375,0.549,0.8958
0.7368,0.4375,0.549,0.8563
0.6842,0.4333,0.5306,0.8743
0.8947,0.4048,0.5574,0.9122
0.9444,0.6538,0.7727,0.9629
0.6667,0.4,0.5,0.8007
0.7895,0.4839,0.6,0.8606
0.7895,0.4839,0.6,0.8668
0.6316,0.4444,0.5217,0.8671
0.6842,0.4194,0.52,0.8343
0.7368,0.5,0.5957,0.9092
0.8421,0.4444,0.5818,0.9208
0.7895,0.4688,0.5882,0.8966
0.8421,0.5333,0.6531,0.9181
0.7222,0.5,0.5909,0.8994
0.8333,0.4412,0.5769,0.9158
0.9474,0.4186,0.5806,0.885
0.7368,0.4118,0.5283,0.8343
0.8421,0.4706,0.6038,0.9111
0.7368,0.4828,0.5833,0.8816
0.7895,0.5769,0.6667,0.906
0.8421,0.5517,0.6667,0.9329
0.7895,0.4688,0.5882,0.8902
0.7368,0.4,0.5185,0.8279
0.7222,0.5,0.5909,0.8875
1.0,0.5,0.6667,0.9345
0.7895,0.5,0.6122,0.8633
0.9474,0.5143,0.6667,0.939
0.8421,0.4571,0.5926,0.8593
0.7895,0.4412,0.566,0.855
0.8421,0.5517,0.6667,0.9098
0.8947,0.425,0.5763,0.8835
0.6316,0.3871,0.48,0.8174
0.8421,0.5517,0.6667,0.9361
0.8333,0.4545,0.5882,0.888
0.7778,0.4667,0.5833,0.9005
0.7895,0.5556,0.6522,0.914
0.9474,0.5625,0.7059,0.9573
0.7895,0.4054,0.5357,0.8773
0.8947,0.4857,0.6296,0.9353
0.6842,0.52,0.5909,0.8767
0.7895,0.4688,0.5882,0.9111
0.8421,0.4103,0.5517,0.8485
0.7368,0.4118,0.5283,0.8459
0.9444,0.4857,0.6415,0.926
0.5556,0.3448,0.4255,0.7826
0.6842,0.3939,0.5,0.8874
0.7895,0.4839,0.6,0.9017
0.6842,0.3939,0.5,0.8821
1.0,0.5135,0.6786,0.9468
0.7895,0.4839,0.6,0.9141
0.8421,0.4324,0.5714,0.834
0.6842,0.4815,0.5652,0.8596
0.7368,0.359,0.4828,0.8359
0.8889,0.5333,0.6667,0.9187
0.8889,0.5714,0.6957,0.9385
0.7895,0.5,0.6122,0.8649
0.7895,0.5769,0.6667,0.9291
0.7895,0.4054,0.5357,0.866
0.7368,0.4828,0.5833,0.8765
0.9474,0.4865,0.6429,0.9154
0.9474,0.45,0.6102,0.8942
0.7368,0.4375,0.549,0.8563
0.7895,0.6,0.6818,0.8851
0.8333,0.3947,0.5357,0.8671
0.8333,0.4286,0.566,0.8767
0.6842,0.4483,0.5417,0.8161
0.7368,0.4667,0.5714,0.8655
0.7895,0.4167,0.5455,0.8582
0.7895,0.4054,0.5357,0.8209
0.7368,0.4375,0.549,0.8418
0.9474,0.5455,0.6923,0.9452
0.8947,0.4857,0.6296,0.9076
0.8421,0.5926,0.6957,0.9498
0.8889,0.4571,0.6038,0.9201
0.7778,0.5185,0.6222,0.8776
0.6842,0.4483,0.5417,0.8524
0.9474,0.5294,0.6792,0.942
0.5789,0.5238,0.55,0.8459
0.6316,0.5455,0.5854,0.9117
0.8421,0.4324,0.5714,0.8765
0.8421,0.4444,0.5818,0.8687
0.8421,0.4324,0.5714,0.8733
0.7368,0.4516,0.56,0.8886
0.9444,0.4595,0.6182,0.9598
0.7222,0.4483,0.5532,0.8588
0.8421,0.4706,0.6038,0.8947
0.8421,0.4,0.5424,0.8676
1.0,0.4222,0.5938,0.9208
0.7895,0.4545,0.5769,0.9173
0.5789,0.5238,0.55,0.8671
0.7895,0.5,0.6122,0.9041
0.8947,0.4722,0.6182,0.9033
0.7368,0.4242,0.5385,0.8032
0.7368,0.4828,0.5833,0.8649
0.7778,0.4118,0.5385,0.8356
0.7778,0.5833,0.6667,0.9084
0.6842,0.4483,0.5417,0.8212
0.7895,0.5556,0.6522,0.9299
0.6842,0.3714,0.4815,0.8008
0.8947,0.4595,0.6071,0.9197
0.7368,0.4828,0.5833,0.9074
0.7368,0.4516,0.56,0.8609
0.7895,0.4545,0.5769,0.8604
0.7222,0.4194,0.5306,0.9002
0.8333,0.4688,0.6,0.9306
0.8421,0.5161,0.64,0.8885
0.6842,0.4194,0.52,0.8518
0.6842,0.4194,0.52,0.8698
0.7895,0.4839,0.6,0.8767
0.8947,0.425,0.5763,0.888
0.9474,0.5455,0.6923,0.9482
0.8421,0.3721,0.5161,0.899
0.5789,0.3929,0.4681,0.7852
0.8333,0.5172,0.6383,0.8776
0.8889,0.4444,0.5926,0.8912
0.8421,0.5926,0.6957,0.9574
0.7368,0.4375,0.549,0.8821
0.8947,0.4595,0.6071,0.9501
0.9474,0.5294,0.6792,0.9243
0.8421,0.4324,0.5714,0.8655
0.5789,0.44,0.5,0.8657
0.6842,0.3514,0.4643,0.8201
0.7368,0.4828,0.5833,0.8206
0.6667,0.4286,0.5217,0.8248
0.8889,0.5161,0.6531,0.9255
0.7895,0.4688,0.5882,0.8931
0.9474,0.5455,0.6923,0.9525
0.7368,0.4375,0.549,0.8816
0.6842,0.4333,0.5306,0.8507
0.8421,0.4444,0.5818,0.8644
0.7368,0.35,0.4746,0.8249
0.7895,0.4839,0.6,0.844
0.7895,0.6522,0.7143,0.9224
0.7895,0.4412,0.566,0.8966
0.9444,0.5,0.6538,0.9342
0.7222,0.5652,0.6341,0.8433
0.7895,0.4286,0.5556,0.8974
0.8947,0.5862,0.7083,0.9586
0.8421,0.5,0.6275,0.9114
0.8421,0.4571,0.5926,0.9184
0.7895,0.3947,0.5263,0.8832
0.8421,0.5,0.6275,0.898
0.6842,0.5417,0.6047,0.7916
0.7222,0.4643,0.5652,0.8926
0.8889,0.4571,0.6038,0.9257
0.8421,0.5161,0.64,0.9167
0.8421,0.4324,0.5714,0.9157
0.8947,0.5,0.6415,0.9286
0.7895,0.4412,0.566,0.8789
0.7895,0.4839,0.6,0.8631
0.6316,0.48,0.5455,0.8963
0.5263,0.3333,0.4082,0.7879
0.8421,0.4848,0.6154,0.8985
1.0,0.4524,0.623,0.9314
0.8333,0.5556,0.6667,0.9056
0.6667,0.375,0.48,0.7982
0.7895,0.3947,0.5263,0.8209
0.9474,0.45,0.6102,0.9235
0.7895,0.4839,0.6,0.8856
0.8421,0.4103,0.5517,0.8802
0.6842,0.4194,0.52,0.8579
0.6842,0.5,0.5778,0.8845
0.7895,0.4839,0.6,0.9146
0.7778,0.5185,0.6222,0.8988
0.6667,0.5,0.5714,0.8897
0.7895,0.5,0.6122,0.9069
0.7368,0.4375,0.549,0.8375
0.8421,0.4444,0.5818,0.8904
0.7895,0.6,0.6818,0.9009
0.7895,0.4286,0.5556,0.8679
0.6842,0.4483,0.5417,0.8829
1.0,0.475,0.6441,0.916
0.8947,0.5484,0.68,0.9114
0.7222,0.3939,0.5098,0.8645
0.7778,0.5185,0.6222,0.8994
0.8947,0.4474,0.5965,0.9059
0.9474,0.4286,0.5902,0.8528
0.8421,0.4848,0.6154,0.9256
0.7368,0.5833,0.6512,0.8609
0.7368,0.5385,0.6222,0.8939
0.7368,0.3684,0.4912,0.8703
1.0,0.5758,0.7308,0.9718
0.8421,0.5,0.6275,0.8996
0.4444,0.4211,0.4324,0.7925
0.9444,0.3953,0.5574,0.9084
0.8421,0.4848,0.6154,0.8709
0.8947,0.5,0.6415,0.9466
0.8421,0.4571,0.5926,0.8955
0.6842,0.5652,0.619,0.9108
0.6316,0.4444,0.5217,0.8706
0.9474,0.6429,0.766,0.9527
0.7895,0.5,0.6122,0.9205
0.7368,0.3889,0.5091,0.8426
0.8889,0.4706,0.6154,0.9331
0.7222,0.3824,0.5,0.8248
0.6842,0.325,0.4407,0.7987
0.6316,0.4,0.4898,0.8875
0.7368,0.4,0.5185,0.8937
0.6842,0.5909,0.6341,0.8969
0.9474,0.5806,0.72,0.9557
0.7895,0.6818,0.7317,0.9028
0.8947,0.4857,0.6296,0.9017
0.7895,0.4167,0.5455,0.8663
0.7778,0.3889,0.5185,0.8506
0.7778,0.4516,0.5714,0.875
0.8947,0.4722,0.6182,0.8646
0.8421,0.4848,0.6154,0.8875
0.7368,0.3784,0.5,0.8432
0.8947,0.5862,0.7083,0.909
0.7895,0.5556,0.6522,0.8958
0.9474,0.4286,0.5902,0.9224
0.6842,0.5652,0.619,0.8961
0.6316,0.3636,0.4615,0.7965
0.8889,0.4571,0.6038,0.8849
0.8333,0.4412,0.5769,0.9198
0.7895,0.4412,0.566,0.9059
0.9474,0.5455,0.6923,0.9557
0.7368,0.56,0.6364,0.8808
0.6316,0.4444,0.5217,0.8161
0.8421,0.4211,0.5614,0.8703
0.7895,0.3659,0.5,0.8765
0.6842,0.3333,0.4483,0.8488
0.8421,0.5926,0.6957,0.9272
0.7222,0.4063,0.52,0.8192
0.8889,0.4848,0.6275,0.8795
0.6842,0.5417,0.6047,0.8502
0.7895,0.4839,0.6,0.9224
0.8421,0.5517,0.6667,0.9106
0.8947,0.5862,0.7083,0.9519
0.8421,0.4103,0.5517,0.8134
0.6316,0.3429,0.4444,0.7712
0.8421,0.5926,0.6957,0.9364
0.8421,0.4848,0.6154,0.8738
0.7222,0.3611,0.4815,0.8639
0.7222,0.4815,0.5778,0.8934
0.7368,0.4118,0.5283,0.8644
0.7895,0.4286,0.5556,0.8727
0.8421,0.4706,0.6038,0.9049
0.8421,0.5714,0.6809,0.8985
0.7368,0.5,0.5957,0.9272
0.7895,0.4545,0.5769,0.9205
0.6316,0.375,0.4706,0.8402
0.7895,0.4167,0.5455,0.8682
0.7368,0.5185,0.6087,0.8443
0.8889,0.5161,0.6531,0.9235
0.9444,0.6296,0.7556,0.9427
0.8421,0.4706,0.6038,0.9036
0.7895,0.5,0.6122,0.8985
0.6842,0.4483,0.5417,0.811
0.5263,0.3846,0.4444,0.7854
0.8421,0.5714,0.6809,0.9342
0.7368,0.3111,0.4375,0.7675
0.8421,0.5161,0.64,0.8929
0.7778,0.5385,0.6364,0.9201
0.9444,0.425,0.5862,0.9331
0.8947,0.5484,0.68,0.9373
0.9474,0.45,0.6102,0.9036
0.8947,0.4722,0.6182,0.8953
0.8421,0.4706,0.6038,0.924
0.8421,0.4324,0.5714,0.8776
0.6842,0.3714,0.4815,0.7991
0.8421,0.4103,0.5517,0.848
0.7368,0.5833,0.6512,0.8174
0.8889,0.64,0.7442,0.9515
0.8333,0.5172,0.6383,0.9116
0.7895,0.4545,0.5769,0.8909
0.7895,0.5172,0.625,0.9216
0.7368,0.4667,0.5714,0.848
0.7895,0.5172,0.625,0.8942
0.7368,0.3784,0.5,0.8322
0.9474,0.5,0.6545,0.9511
0.8421,0.4211,0.5614,0.8939
0.9474,0.439,0.6,0.9262
0.9444,0.6071,0.7391,0.9408
0.8333,0.4688,0.6,0.8838
0.6842,0.3824,0.4906,0.8497
0.6842,0.4643,0.5532,0.902
0.7368,0.4375,0.549,0.8832
0.9474,0.45,0.6102,0.9471
0.7895,0.6,0.6818,0.8958
0.6842,0.4643,0.5532,0.8604
0.7368,0.4828,0.5833,0.881
0.8421,0.381,0.5246,0.855
0.8333,0.4545,0.5882,0.8722
0.7222,0.4194,0.5306,0.8804
0.7368,0.4242,0.5385,0.8736
0.7368,0.4516,0.56,0.8075
0.8421,0.4571,0.5926,0.8424
0.6842,0.5,0.5778,0.9235
0.7895,0.5,0.6122,0.8888
0.6316,0.4286,0.5106,0.8937
0.5789,0.3548,0.44,0.8153
0.8947,0.6538,0.7556,0.9264
0.8889,0.4571,0.6038,0.9402
0.7778,0.4118,0.5385,0.8299
0.6842,0.5,0.5778,0.8787
0.8947,0.5,0.6415,0.9492
0.7895,0.5357,0.6383,0.852
0.7368,0.4516,0.56,0.8461
0.7895,0.4412,0.566,0.8716
0.8947,0.5667,0.6939,0.91
0.8947,0.4595,0.6071,0.9323
0.7368,0.4375,0.549,0.8808
0.6111,0.4074,0.4889,0.8566
0.7222,0.3514,0.4727,0.8741
0.8421,0.5517,0.6667,0.9078
0.8421,0.4571,0.5926,0.8998
0.7368,0.4242,0.5385,0.8346
0.8947,0.4722,0.6182,0.9074
0.8947,0.5667,0.6939,0.9221
0.8947,0.5152,0.6538,0.9138
0.8421,0.5,0.6275,0.8918
0.7368,0.56,0.6364,0.8652
0.6667,0.4615,0.5455,0.8659
0.8889,0.4324,0.5818,0.8997
0.9474,0.4186,0.5806,0.9276
0.7368,0.4242,0.5385,0.88
0.8947,0.5,0.6415,0.9173
0.8947,0.4857,0.6296,0.9608
0.8421,0.4444,0.5818,0.8451
0.7895,0.4545,0.5769,0.8555
0.7895,0.4286,0.5556,0.8523
0.7368,0.4118,0.5283,0.8827
0.8421,0.5333,0.6531,0.8798
0.8889,0.5926,0.7111,0.9345
0.8889,0.4324,0.5818,0.9221
0.6842,0.52,0.5909,0.9202
0.7368,0.3889,0.5091,0.8123
0.8947,0.4474,0.5965,0.8827
0.7895,0.4545,0.5769,0.881
0.7368,0.4242,0.5385,0.8598
0.7895,0.4412,0.566,0.898
0.7368,0.4828,0.5833,0.8754
0.8333,0.5357,0.6522,0.9164
0.9444,0.5313,0.68,0.943
0.8421,0.4848,0.6154,0.8836
0.7895,0.5357,0.6383,0.8789
0.8947,0.5484,0.68,0.8942
1.0,0.5758,0.7308,0.9565
0.7895,0.4286,0.5556,0.8518
0.7368,0.3889,0.5091,0.7954
0.7368,0.4118,0.5283,0.8929
0.6842,0.4815,0.5652,0.902
0.6667,0.4138,0.5106,0.8129
0.8889,0.4848,0.6275,0.905
0.7895,0.5357,0.6383,0.9257
0.8421,0.4571,0.5926,0.8821
0.7368,0.4375,0.549,0.8773
0.8421,0.3478,0.4923,0.9031
0.8421,0.381,0.5246,0.9092
0.8947,0.5484,0.68,0.9431
0.6316,0.5217,0.5714,0.8835
0.6842,0.4483,0.5417,0.8155
0.6667,0.4138,0.5106,0.8537
0.8889,0.5,0.64,0.8804
0.8947,0.5313,0.6667,0.8831
0.8947,0.5667,0.6939,0.9326
0.8421,0.4324,0.5714,0.891
0.7368,0.4242,0.5385,0.8118
0.8421,0.5,0.6275,0.8724
0.6842,0.4815,0.5652,0.8534
0.8421,0.5161,0.64,0.9149
0.6842,0.3824,0.4906,0.834
0.8889,0.4571,0.6038,0.8912
0.8333,0.5172,0.6383,0.9198
0.8421,0.4324,0.5714,0.8562
0.7895,0.4412,0.566,0.869
0.5789,0.3235,0.4151,0.7836
1.0,0.5758,0.7308,0.9535
0.6316,0.3529,0.4528,0.7586
0.6842,0.4063,0.5098,0.8249
0.7368,0.4242,0.5385,0.8628
1.0,0.5588,0.717,0.9672
0.8889,0.4848,0.6275,0.9359
0.9444,0.5862,0.7234,0.977
0.8947,0.4722,0.6182,0.9219
0.8421,0.4848,0.6154,0.899
0.6842,0.4063,0.5098,0.8974
0.7895,0.4545,0.5769,0.837
0.8421,0.6154,0.7111,0.949
0.7895,0.5769,0.6667,0.931
0.6842,0.4333,0.5306,0.7817
0.9474,0.4186,0.5806,0.8738
0.7222,0.5417,0.619,0.9325
0.8333,0.375,0.5172,0.8642
0.6842,0.4194,0.52,0.815
0.7895,0.4688,0.5882,0.9157
0.6316,0.5,0.5581,0.8759
0.9474,0.4865,0.6429,0.9546
0.7895,0.5556,0.6522,0.913
0.6316,0.4615,0.5333,0.8537
0.7895,0.375,0.5085,0.8778
0.6842,0.4063,0.5098,0.8263
0.8333,0.3409,0.4839,0.8135
0.6667,0.4615,0.5455,0.8727
0.6316,0.3636,0.4615,0.803
0.7368,0.4242,0.5385,0.8754
0.8947,0.5862,0.7083,0.9216
0.7368,0.5833,0.6512,0.8749
0.8947,0.5862,0.7083,0.9592
0.6316,0.3429,0.4444,0.8123
0.9474,0.4865,0.6429,0.9275
0.7895,0.5,0.6122,0.8596
0.7778,0.4516,0.5714,0.8478
0.8333,0.4286,0.566,0.875
0.7895,0.4545,0.5769,0.8622
0.8421,0.5161,0.64,0.9192
0.7368,0.4375,0.549,0.848
0.7895,0.5,0.6122,0.9049
0.8421,0.5517,0.6667,0.9326
0.8947,0.4722,0.6182,0.9095
0.7368,0.4667,0.5714,0.8091
0.8421,0.5161,0.64,0.8912
0.9474,0.5143,0.6667,0.9259
0.8333,0.4286,0.566,0.8741
0.7222,0.4194,0.5306,0.8552
0.8947,0.5313,0.6667,0.935
0.8421,0.5926,0.6957,0.9186
0.7368,0.3889,0.5091,0.8343
0.7895,0.3947,0.5263,0.8115
0.7895,0.5769,0.6667,0.9176
0.7368,0.4242,0.5385,0.9143
0.7895,0.4545,0.5769,0.9213
0.7222,0.4194,0.5306,0.818
0.7778,0.3889,0.5185,0.8912
0.6842,0.3714,0.4815,0.8749
0.7368,0.4516,0.56,0.8716
0.7368,0.4242,0.5385,0.8542
0.7895,0.4688,0.5882,0.9149
0.8421,0.4848,0.6154,0.9028
0.5789,0.44,0.5,0.8679
0.7895,0.3659,0.5,0.8252
0.8421,0.4103,0.5517,0.9001
0.7778,0.5185,0.6222,0.896
0.8333,0.4688,0.6,0.8832
0.8947,0.4857,0.6296,0.9338
0.8947,0.4857,0.6296,0.8843
0.6842,0.4643,0.5532,0.8037
0.8421,0.4848,0.6154,0.8687
0.8421,0.4848,0.6154,0.8829
0.8421,0.4444,0.5818,0.9211
0.8421,0.4706,0.6038,0.9356
0.8421,0.4848,0.6154,0.9076
0.8333,0.4412,0.5769,0.8603
0.6111,0.3667,0.4583,0.8588
0.7895,0.6,0.6818,0.93
0.6842,0.5417,0.6047,0.8432
0.8421,0.4706,0.6038,0.913
0.8947,0.4474,0.5965,0.9063
0.7895,0.3947,0.5263,0.8512
0.8421,0.5517,0.6667,0.8963
0.8947,0.4474,0.5965,0.9321
0.5263,0.4348,0.4762,0.8281
0.7222,0.4483,0.5532,0.8688
0.8333,0.5172,0.6383,0.9238
0.8947,0.5,0.6415,0.9208
0.6842,0.4643,0.5532,0.8738
0.7895,0.5172,0.625,0.8714
0.7895,0.5357,0.6383,0.8961
0.8421,0.5,0.6275,0.9057
0.7895,0.3659,0.5,0.8469
0.8421,0.4848,0.6154,0.9141
0.7895,0.3947,0.5263,0.8813
0.7778,0.3889,0.5185,0.862
0.7778,0.5385,0.6364,0.8591
0.5789,0.4783,0.5238,0.8104
0.7368,0.6087,0.6667,0.881
0.7895,0.4839,0.6,0.9326
0.7895,0.5769,0.6667,0.8998
0.6842,0.4815,0.5652,0.87
0.8421,0.4211,0.5614,0.8515
0.7368,0.5,0.5957,0.8614
0.7895,0.5,0.6122,0.9049
0.8889,0.5161,0.6531,0.9011
0.8889,0.4211,0.5714,0.8855
0.7368,0.5185,0.6087,0.9227
0.7895,0.5172,0.625,0.8703
0.7895,0.4412,0.566,0.8741
0.6316,0.48,0.5455,0.8612
0.8947,0.5667,0.6939,0.9495
0.7368,0.4118,0.5283,0.8692
0.9474,0.5143,0.6667,0.9283
0.6842,0.5,0.5778,0.8579
0.9444,0.5667,0.7083,0.9223
0.7778,0.3684,0.5,0.805
0.6842,0.3714,0.4815,0.7876
0.7895,0.5769,0.6667,0.9229
0.8421,0.3902,0.5333,0.8904
0.6842,0.4643,0.5532,0.8757
0.6316,0.6,0.6154,0.855
0.8947,0.4048,0.5574,0.8872
0.8421,0.5161,0.64,0.8609
0.8947,0.5,0.6415,0.9033
0.8333,0.4054,0.5455,0.8815
0.8889,0.5333,0.6667,0.9393
0.7895,0.4545,0.5769,0.8996
0.8421,0.5333,0.6531,0.8939
0.8421,0.4324,0.5714,0.8792
0.8421,0.4324,0.5714,0.9015
0.7368,0.4118,0.5283,0.8571
0.7368,0.5833,0.6512,0.9307
0.8421,0.5161,0.64,0.9323
0.7368,0.3889,0.5091,0.8386
0.8333,0.4286,0.566,0.8651
0.8889,0.4706,0.6154,0.9297
0.6842,0.3714,0.4815,0.8022
0.8421,0.5,0.6275,0.9125
0.7895,0.4286,0.5556,0.833
0.8947,0.5,0.6415,0.9366
0.7368,0.4242,0.5385,0.8687
0.7895,0.4839,0.6,0.9017
0.6842,0.4643,0.5532,0.8698
0.8421,0.4444,0.5818,0.873
0.5556,0.4762,0.5128,0.8158
0.7222,0.3611,0.4815,0.8302
1.0,0.6129,0.76,0.9639
0.8421,0.4848,0.6154,0.895
0.6842,0.5417,0.6047,0.8955
0.8421,0.5161,0.64,0.9578
0.7368,0.4118,0.5283,0.7876
0.8421,0.4444,0.5818,0.8861
0.7895,0.4688,0.5882,0.8378
0.8947,0.4857,0.6296,0.9248
0.7222,0.4333,0.5417,0.854
0.7778,0.4242,0.549,0.8251
0.9474,0.5143,0.6667,0.9639
0.6842,0.3824,0.4906,0.8424
0.7368,0.4516,0.56,0.8886
0.7895,0.4545,0.5769,0.9157
0.7895,0.4688,0.5882,0.9041
0.8421,0.4444,0.5818,0.9025
0.8947,0.5,0.6415,0.9227
0.6842,0.5,0.5778,0.7927
0.7368,0.5185,0.6087,0.8804
0.6111,0.5,0.55,0.8234
0.8889,0.4571,0.6038,0.9444
0.8421,0.5517,0.6667,0.9492
0.8947,0.4722,0.6182,0.9339
0.6842,0.4063,0.5098,0.8464
0.8421,0.5,0.6275,0.9176
0.7368,0.4,0.5185,0.8671
0.8421,0.4571,0.5926,0.8883
0.8421,0.4848,0.6154,0.9055
0.6111,0.4074,0.4889,0.8673
0.7222,0.4483,0.5532,0.8135
0.9474,0.5,0.6545,0.898
0.7895,0.4286,0.5556,0.9057
0.6316,0.3871,0.48,0.8255
0.4737,0.3462,0.4,0.7688
0.8421,0.5,0.6275,0.9012
0.8947,0.5313,0.6667,0.917
0.9474,0.4865,0.6429,0.949
0.9474,0.5806,0.72,0.9219
0.7778,0.4118,0.5385,0.8861
0.7778,0.4,0.5283,0.8333
0.6842,0.5909,0.6341,0.8972
0.9474,0.4286,0.5902,0.8827
0.8947,0.4857,0.6296,0.8719
0.8421,0.5161,0.64,0.9076
0.8421,0.4571,0.5926,0.9001
0.8947,0.5152,0.6538,0.916
0.8947,0.4722,0.6182,0.9334
0.7895,0.3947,0.5263,0.8821
0.7368,0.5385,0.6222,0.8825
0.6667,0.4286,0.5217,0.8498
0.8333,0.3846,0.5263,0.8659
0.7368,0.4375,0.549,0.8722
0.9474,0.4615,0.6207,0.9474
0.5789,0.4074,0.4783,0.8177
0.8421,0.5,0.6275,0.8977
0.8421,0.4706,0.6038,0.8867
0.7895,0.4286,0.5556,0.8601
0.7895,0.4688,0.5882,0.8386
0.7778,0.4667,0.5833,0.8557
0.7778,0.4828,0.5957,0.9079
0.9474,0.5806,0.72,0.9547
0.7895,0.4545,0.5769,0.8988
0.8947,0.4857,0.6296,0.9049
0.6842,0.4815,0.5652,0.8241
0.9474,0.4286,0.5902,0.8853
0.6842,0.4063,0.5098,0.8724
0.7368,0.4516,0.56,0.8888
0.7895,0.4688,0.5882,0.8389
0.7778,0.4118,0.5385,0.8804
0.8333,0.4167,0.5556,0.8951
0.7368,0.4516,0.56,0.8429
0.8421,0.5714,0.6809,0.9441
0.8947,0.4474,0.5965,0.8888
0.8421,0.4848,0.6154,0.8974
0.7895,0.4839,0.6,0.8829
0.8947,0.5313,0.6667,0.9125
0.5789,0.4583,0.5116,0.8512
0.8947,0.5313,0.6667,0.9127
0.7222,0.4483,0.5532,0.8991
0.8889,0.3902,0.5424,0.8554
0.7895,0.4286,0.5556,0.8584
0.7895,0.4286,0.5556,0.8601
0.7895,0.4412,0.566,0.906
0.8947,0.5313,0.6667,0.9141
0.6842,0.4483,0.5417,0.8735
0.7895,0.5556,0.6522,0.9063
0.6316,0.4,0.4898,0.8244
0.8421,0.5161,0.64,0.9106
0.8889,0.5333,0.6667,0.9354
0.7778,0.4,0.5283,0.8532
0.6842,0.3714,0.4815,0.8402
0.8947,0.5862,0.7083,0.9501
0.8421,0.4848,0.6154,0.8942
0.6842,0.4063,0.5098,0.8316
0.8947,0.4857,0.6296,0.9527
0.6316,0.3333,0.4364,0.7723
0.7368,0.4828,0.5833,0.8754
0.5263,0.4167,0.4651,0.7938
0.7222,0.4815,0.5778,0.9076
0.8333,0.4839,0.6122,0.9334
0.7895,0.5769,0.6667,0.9392
0.8421,0.4444,0.5818,0.899
0.6842,0.4063,0.5098,0.8625
0.8947,0.4595,0.6071,0.88
0.7368,0.4667,0.5714,0.8955
0.8421,0.4848,0.6154,0.9302
0.8947,0.4722,0.6182,0.9111
0.7895,0.4286,0.5556,0.9401
0.8333,0.4286,0.566,0.8974
0.7222,0.4333,0.5417,0.854
0.6842,0.5417,0.6047,0.8863
0.7895,0.6,0.6818,0.8883
0.8947,0.5313,0.6667,0.9106
0.8421,0.5,0.6275,0.935
0.7895,0.3947,0.5263,0.8542
0.7895,0.5,0.6122,0.8864
0.7895,0.4545,0.5769,0.8437
0.8947,0.5,0.6415,0.9049
0.9444,0.4146,0.5763,0.8943
0.8889,0.4,0.5517,0.9235
0.4737,0.4091,0.439,0.7781
0.8947,0.4722,0.6182,0.9243
0.8421,0.5333,0.6531,0.8891
0.9474,0.4737,0.6316,0.9452
0.8947,0.6071,0.7234,0.91
0.7368,0.3889,0.5091,0.8158
0.8947,0.4474,0.5965,0.9151
0.8421,0.5161,0.64,0.9176
0.7222,0.5652,0.6341,0.8495
0.6667,0.3871,0.4898,0.7942
0.7368,0.4375,0.549,0.8559
0.7895,0.4286,0.5556,0.8308
0.7368,0.5185,0.6087,0.8649
0.8421,0.5161,0.64,0.891
0.8947,0.4359,0.5862,0.8953
0.8421,0.3902,0.5333,0.8322
0.7368,0.4516,0.56,0.9149
0.7895,0.6,0.6818,0.9361
0.7222,0.3939,0.5098,0.8804
0.8889,0.5714,0.6957,0.9274
0.7895,0.4839,0.6,0.905
0.8421,0.4848,0.6154,0.8829
0.6842,0.3824,0.4906,0.8636
0.7895,0.4688,0.5882,0.9205
0.8421,0.5517,0.6667,0.9342
0.6842,0.5,0.5778,0.8459
0.6316,0.3636,0.4615,0.8759
0.9474,0.439,0.6,0.9154
0.7222,0.3824,0.5,0.8452
0.8333,0.5769,0.6818,0.9223
0.7368,0.4516,0.56,0.8633
0.8421,0.4444,0.5818,0.8131
0.8421,0.5926,0.6957,0.9417
0.6842,0.4483,0.5417,0.8429
0.7368,0.6087,0.6667,0.881
0.7368,0.4828,0.5833,0.8888
0.8947,0.5,0.6415,0.9103
0.8947,0.425,0.5763,0.9049
0.8333,0.4054,0.5455,0.858
0.8333,0.3947,0.5357,0.8662
0.8947,0.5,0.6415,0.9517
0.8421,0.4324,0.5714,0.8636
0.7895,0.4839,0.6,0.8392
0.7368,0.4118,0.5283,0.8308
0.7895,0.4412,0.566,0.8437
0.9474,0.439,0.6,0.9248
0.8947,0.6071,0.7234,0.9565
0.8421,0.5714,0.6809,0.9087
0.8333,0.3846,0.5263,0.8702
0.5556,0.4545,0.5,0.8376
0.8421,0.4706,0.6038,0.901
0.7368,0.4516,0.56,0.8571
0.8421,0.4324,0.5714,0.8923
0.8421,0.6667,0.7442,0.9286
0.8947,0.5667,0.6939,0.9484
0.5789,0.4583,0.5116,0.7981
0.8421,0.4444,0.5818,0.9023
0.6842,0.52,0.5909,0.8459
0.6667,0.4,0.5,0.8376
1.0,0.4737,0.6429,0.9274
0.8421,0.3902,0.5333,0.8161
0.9474,0.4865,0.6429,0.9288
0.6842,0.4333,0.5306,0.8547
0.7368,0.3784,0.5,0.8593
0.7895,0.4286,0.5556,0.8934
0.8947,0.4722,0.6182,0.9358
0.5789,0.4783,0.5238,0.8287
0.8947,0.4359,0.5862,0.8741
0.8333,0.4688,0.6,0.9124
0.7778,0.56,0.6512,0.913
0.6316,0.4444,0.5217,0.8535
0.7895,0.4839,0.6,0.9023
0.7368,0.4242,0.5385,0.8789
0.8947,0.5313,0.6667,0.91
0.8421,0.3404,0.4848,0.8762
0.6842,0.4194,0.52,0.8472
0.8421,0.5161,0.64,0.9366
0.6316,0.48,0.5455,0.8265
0.8889,0.5517,0.6809,0.9345
0.7222,0.4815,0.5778,0.8793
0.7368,0.4828,0.5833,0.8342
0.7895,0.3947,0.5263,0.8746
0.7368,0.4516,0.56,0.8553
0.6316,0.6,0.6154,0.8604
0.6316,0.4286,0.5106,0.8569
0.7895,0.4839,0.6,0.8931
0.6316,0.4,0.4898,0.764
0.8421,0.4848,0.6154,0.8963
1.0,0.4865,0.6545,0.9425
0.8333,0.5,0.625,0.9243
0.8947,0.4048,0.5574,0.8882
0.8421,0.4848,0.6154,0.9173
0.6316,0.4138,0.5,0.8813
0.8947,0.4474,0.5965,0.9323
0.7368,0.4828,0.5833,0.8786
0.7895,0.5357,0.6383,0.8993
0.7895,0.4688,0.5882,0.8929
0.7368,0.3889,0.5091,0.841
0.9474,0.5455,0.6923,0.9392
0.6667,0.48,0.5581,0.807
0.9444,0.425,0.5862,0.8926
0.8421,0.4324,0.5714,0.9009
0.7895,0.5172,0.625,0.8392
0.8421,0.4444,0.5818,0.8596
0.7895,0.4054,0.5357,0.8389
0.8947,0.5152,0.6538,0.9119
0.7368,0.4828,0.5833,0.8636
0.7895,0.4545,0.5769,0.8445
0.8889,0.5161,0.6531,0.9487
0.7222,0.3824,0.5,0.8339
0.7895,0.4688,0.5882,0.9018
0.7895,0.4054,0.5357,0.8537
0.7895,0.6522,0.7143,0.9211
0.6842,0.4333,0.5306,0.8475
0.8947,0.5152,0.6538,0.8894
0.7895,0.4412,0.566,0.9149
0.8421,0.4324,0.5714,0.859
0.6842,0.4063,0.5098,0.8797
0.8421,0.4444,0.5818,0.8603
0.7778,0.4,0.5283,0.8773
0.8889,0.5333,0.6667,0.9402
0.7368,0.4375,0.549,0.8429
0.8947,0.4857,0.6296,0.9584
0.6842,0.4643,0.5532,0.8545
0.8421,0.4103,0.5517,0.8781
0.7368,0.4118,0.5283,0.8749
0.7895,0.3947,0.5263,0.8383
0.8947,0.5862,0.7083,0.9023
0.8947,0.5,0.6415,0.924
0.8333,0.5357,0.6522,0.917
0.8889,0.4444,0.5926,0.8818
0.7895,0.3261,0.4615,0.7978
0.8421,0.5714,0.6809,0.9428
0.7895,0.4545,0.5769,0.8687
0.8421,0.4,0.5424,0.8456
0.8947,0.4722,0.6182,0.8896
0.6842,0.619,0.65,0.8859
0.7368,0.4516,0.56,0.8902
0.5556,0.4545,0.5,0.8248
0.9444,0.5667,0.7083,0.9464
0.8421,0.5161,0.64,0.9178
0.7895,0.4688,0.5882,0.8813
0.7368,0.4516,0.56,0.8942
0.6842,0.4643,0.5532,0.8784
0.7368,0.4242,0.5385,0.8869
0.8421,0.4444,0.5818,0.8829
1.0,0.5429,0.7037,0.9568
0.8947,0.5313,0.6667,0.9125
0.8889,0.3902,0.5424,0.8892
0.8333,0.4839,0.6122,0.9096
0.6842,0.3939,0.5,0.8307
0.8421,0.4,0.5424,0.8434
0.8947,0.5667,0.6939,0.9441
0.7895,0.4545,0.5769,0.8724
0.7895,0.4839,0.6,0.8843
0.8947,0.5862,0.7083,0.9259
0.6842,0.52,0.5909,0.8767
0.8947,0.4146,0.5667,0.9345
0.8889,0.4571,0.6038,0.9201
0.9444,0.4359,0.5965,0.9297
0.4737,0.3214,0.383,0.8261
0.7368,0.359,0.4828,0.8539
0.7368,0.3889,0.5091,0.8381
0.8421,0.5333,0.6531,0.9361
0.8947,0.4722,0.6182,0.9393
0.8947,0.4595,0.6071,0.8716
0.7368,0.4242,0.5385,0.8727
0.7895,0.6522,0.7143,0.9286
0.6667,0.4444,0.5333,0.888
0.8333,0.5556,0.6667,0.9376
0.6842,0.3824,0.4906,0.818
0.6842,0.4643,0.5532,0.8706
0.8947,0.4722,0.6182,0.9111
0.7895,0.4167,0.5455,0.8349
0.9474,0.4186,0.5806,0.8888
0.8421,0.5333,0.6531,0.9079
0.8947,0.5484,0.68,0.9345
0.8947,0.4857,0.6296,0.9076
0.7222,0.3939,0.5098,0.8435
0.7778,0.4828,0.5957,0.9133
0.6842,0.3611,0.4727,0.8228
0.7368,0.4516,0.56,0.8268
0.8947,0.4857,0.6296,0.9307
0.8947,0.3864,0.5397,0.9098
0.9474,0.439,0.6,0.9092
0.8421,0.4444,0.5818,0.8604
0.6842,0.3824,0.4906,0.8144
0.7895,0.4412,0.566,0.8306
0.7778,0.5385,0.6364,0.934
0.8333,0.4412,0.5769,0.8818
0.8421,0.5517,0.6667,0.9552
0.8947,0.4857,0.6296,0.9267
0.7368,0.6364,0.6829,0.9165
1.0,0.5429,0.7037,0.9791
0.6842,0.4815,0.5652,0.8319
0.6842,0.5,0.5778,0.8483
0.8421,0.5161,0.64,0.9157
0.6842,0.4815,0.5652,0.837
0.8333,0.4054,0.5455,0.8209
0.8889,0.4706,0.6154,0.9079
0.7895,0.3947,0.5263,0.8823
0.8421,0.5,0.6275,0.8891
0.8421,0.4706,0.6038,0.884
0.8947,0.5152,0.6538,0.8947
0.6316,0.4,0.4898,0.7699
0.7368,0.56,0.6364,0.8878
0.8421,0.4324,0.5714,0.91
0.7895,0.4688,0.5882,0.8872
0.7222,0.4643,0.5652,0.89
0.7222,0.4063,0.52,0.8659
0.8421,0.5926,0.6957,0.933
0.8947,0.5313,0.6667,0.9071
0.7895,0.4286,0.5556,0.8955
0.7368,0.5385,0.6222,0.8931
0.8421,0.5,0.6275,0.9108
0.6842,0.4194,0.52,0.7884
0.8421,0.4571,0.5926,0.8754
0.9474,0.4865,0.6429,0.9597
0.7222,0.5417,0.619,0.9031
0.6111,0.3667,0.4583,0.8645
0.9474,0.6,0.7347,0.9463
0.8947,0.4595,0.6071,0.9452
0.8421,0.5333,0.6531,0.9248
0.5263,0.4545,0.4878,0.823
0.8947,0.4146,0.5667,0.9151
0.7368,0.4,0.5185,0.8641
0.6842,0.3714,0.4815,0.808
0.8421,0.5333,0.6531,0.9194
0.7778,0.5,0.6087,0.8999
0.8333,0.4545,0.5882,0.9405
0.8421,0.4848,0.6154,0.8956
0.8421,0.4848,0.6154,0.9377
0.8421,0.5,0.6275,0.9256
0.8421,0.5714,0.6809,0.9025
0.9474,0.5625,0.7059,0.9361
0.6316,0.4286,0.5106,0.8134
0.7368,0.56,0.6364,0.8859
0.7895,0.4167,0.5455,0.8526
0.6842,0.4333,0.5306,0.8551
0.8333,0.4545,0.5882,0.9187
0.7222,0.4063,0.52,0.8112
0.7895,0.4688,0.5882,0.9033
0.8421,0.4571,0.5926,0.9194
0.6842,0.5417,0.6047,0.8563
0.6316,0.5217,0.5714,0.8759
0.6842,0.4063,0.5098,0.8467
0.8421,0.4706,0.6038,0.9245
0.7895,0.4286,0.5556,0.8714
0.7778,0.4828,0.5957,0.8756
0.9444,0.4857,0.6415,0.9521
0.5789,0.3333,0.4231,0.7849
0.8421,0.5926,0.6957,0.9052
0.6316,0.4444,0.5217,0.8537
0.7895,0.3571,0.4918,0.8526
0.8421,0.4571,0.5926,0.9015
0.7368,0.4667,0.5714,0.7999
0.7368,0.5185,0.6087,0.8502
0.6316,0.3871,0.48,0.8359
0.8333,0.4839,0.6122,0.9209
0.8889,0.4444,0.5926,0.9118
0.9474,0.4091,0.5714,0.9254
0.8947,0.4048,0.5574,0.9154
0.7368,0.4828,0.5833,0.8622
0.7895,0.5,0.6122,0.9165
0.4737,0.4737,0.4737,0.7911
0.8421,0.5161,0.64,0.8985
0.8947,0.5667,0.6939,0.9374
0.8947,0.4474,0.5965,0.8644
0.8333,0.4167,0.5556,0.8628
0.8333,0.5769,0.6818,0.9328
0.8947,0.4359,0.5862,0.9026
0.7895,0.4412,0.566,0.8606
0.8947,0.5667,0.6939,0.9176
0.7368,0.4516,0.56,0.8977
0.8947,0.3778,0.5313,0.8545
0.6842,0.3824,0.4906,0.8464
0.8947,0.5,0.6415,0.942
0.6842,0.4063,0.5098,0.8937
0.8333,0.4412,0.5769,0.9263
0.7778,0.4828,0.5957,0.8682
0.6842,0.5909,0.6341,0.8931
0.8421,0.5,0.6275,0.9146
0.7368,0.3889,0.5091,0.8383
0.4737,0.5,0.4865,0.7879
0.8947,0.4359,0.5862,0.8969
0.8421,0.4211,0.5614,0.9119
0.8421,0.64,0.7273,0.9484
0.9474,0.4615,0.6207,0.9079
0.7778,0.5185,0.6222,0.8855
0.7778,0.4375,0.56,0.8418
0.8421,0.5,0.6275,0.8966
0.8947,0.5152,0.6538,0.9229
0.8947,0.4359,0.5862,0.898
0.7895,0.4688,0.5882,0.8851
0.8421,0.5333,0.6531,0.8829
0.6316,0.3429,0.4444,0.7624
0.8947,0.4474,0.5965,0.8528
0.7895,0.5357,0.6383,0.9135
0.8333,0.5357,0.6522,0.8804
0.9444,0.5313,0.68,0.9461
0.7368,0.4667,0.5714,0.889
