RUSBag
0.8421,0.3721,0.5161,0.8845
0.7368,0.4,0.5185,0.8742
0.8333,0.4839,0.6122,0.9513
0.7778,0.3684,0.5,0.8656
1.0,0.4737,0.6429,0.9545
0.6111,0.2973,0.4,0.8339
0.8333,0.4286,0.566,0.9349
0.8947,0.4474,0.5965,0.934
0.8421,0.4848,0.6154,0.9332
0.9474,0.5294,0.6792,0.9302
0.7368,0.4828,0.5833,0.9216
0.7895,0.4545,0.5769,0.9138
0.7895,0.3571,0.4918,0.8629
0.8947,0.5,0.6415,0.9195
0.8947,0.4359,0.5862,0.8925
0.7778,0.4,0.5283,0.8989
0.8333,0.3846,0.5263,0.8929
0.8889,0.4211,0.5714,0.9159
0.9444,0.4359,0.5965,0.9434
0.9444,0.4146,0.5763,0.9
0.7895,0.3947,0.5263,0.8812
0.9474,0.4865,0.6429,0.9564
0.8421,0.4444,0.5818,0.9165
0.7368,0.4,0.5185,0.8801
0.8947,0.425,0.5763,0.8836
0.7222,0.4063,0.52,0.9024
0.9444,0.3469,0.5075,0.8799
0.7222,0.4815,0.5778,0.9341
0.8889,0.3556,0.5079,0.931
0.8889,0.4848,0.6275,0.9243
0.9474,0.4865,0.6429,0.913
0.9474,0.4737,0.6316,0.9444
0.8333,0.4688,0.6,0.9259
0.8889,0.4,0.5517,0.9241
0.9444,0.3778,0.5397,0.914
0.8333,0.3947,0.5357,0.8905
0.8333,0.375,0.5172,0.9005
0.9474,0.439,0.6,0.9251
0.8421,0.4324,0.5714,0.9145
0.7368,0.4118,0.5283,0.8889
0.6842,0.3333,0.4483,0.8496
0.8947,0.4857,0.6296,0.9268
0.7778,0.4516,0.5714,0.9061
0.7778,0.3333,0.4667,0.8804
0.9444,0.3778,0.5397,0.9032
0.8889,0.4848,0.6275,0.9365
0.7778,0.3784,0.5091,0.9135
0.7895,0.4054,0.5357,0.8823
0.8947,0.4857,0.6296,0.8988
0.9474,0.5143,0.6667,0.9342
0.9474,0.3913,0.5538,0.9248
0.8947,0.3542,0.5075,0.8912
0.7895,0.4286,0.5556,0.9076
0.8421,0.4,0.5424,0.8823
0.6316,0.4,0.4898,0.8618
0.7778,0.3889,0.5185,0.8915
0.7778,0.4667,0.5833,0.8937
0.9444,0.4722,0.6296,0.9196
0.8889,0.5161,0.6531,0.9471
0.8333,0.4167,0.5556,0.9169
0.9474,0.5455,0.6923,0.9629
0.8947,0.4146,0.5667,0.886
0.8333,0.375,0.5172,0.8839
0.7222,0.3514,0.4727,0.8899
0.9444,0.4359,0.5965,0.9116
0.9444,0.4359,0.5965,0.9206
0.8333,0.4545,0.5882,0.9159
0.7895,0.5769,0.6667,0.9327
0.8947,0.4857,0.6296,0.9023
0.8421,0.4571,0.5926,0.8983
0.7895,0.4167,0.5455,0.893
0.7895,0.4167,0.5455,0.8862
0.8333,0.3571,0.5,0.8841
0.8889,0.381,0.5333,0.9069
0.7778,0.3784,0.5091,0.8926
0.7778,0.359,0.4912,0.8841
1.0,0.4286,0.6,0.9233
1.0,0.475,0.6441,0.9529
0.8421,0.5161,0.64,0.9403
0.8947,0.4048,0.5574,0.8646
0.8947,0.3696,0.5231,0.8942
0.7895,0.4054,0.5357,0.8704
0.8889,0.4,0.5517,0.9032
0.8333,0.4688,0.6,0.9415
0.8333,0.4054,0.5455,0.9011
0.8333,0.4688,0.6,0.9386
0.9444,0.4722,0.6296,0.931
0.8421,0.4444,0.5818,0.917
0.6842,0.3611,0.4727,0.8545
0.8421,0.4571,0.5926,0.9178
0.8947,0.4146,0.5667,0.9283
0.8421,0.4706,0.6038,0.914
0.7222,0.4063,0.52,0.8595
0.8889,0.3902,0.5424,0.9037
0.7778,0.5385,0.6364,0.918
0.7778,0.3889,0.5185,0.9
0.7778,0.4118,0.5385,0.9132
0.8947,0.3953,0.5484,0.9132
0.7895,0.4167,0.5455,0.8927
1.0,0.4419,0.6129,0.9666
0.7895,0.5,0.6122,0.9223
1.0,0.3519,0.5205,0.9018
0.7222,0.3514,0.4727,0.8606
0.8333,0.3947,0.5357,0.9188
0.8333,0.5,0.625,0.9336
0.7778,0.4828,0.5957,0.9101
0.8889,0.4211,0.5714,0.8974
0.8947,0.4048,0.5574,0.9021
0.9474,0.4737,0.6316,0.9618
0.7368,0.35,0.4746,0.9018
0.8421,0.381,0.5246,0.8717
0.7895,0.4167,0.5455,0.8764
0.7778,0.4242,0.549,0.9185
0.8889,0.5,0.64,0.9407
0.8889,0.4848,0.6275,0.9307
0.8889,0.3333,0.4848,0.8886
0.8333,0.3947,0.5357,0.8878
0.8421,0.4103,0.5517,0.8892
0.9474,0.4865,0.6429,0.9459
0.9474,0.4286,0.5902,0.9286
0.8947,0.4595,0.6071,0.9068
0.9474,0.4286,0.5902,0.9313
0.9444,0.4359,0.5965,0.9344
0.7778,0.4667,0.5833,0.9082
0.8333,0.4688,0.6,0.9103
0.7222,0.3611,0.4815,0.8717
0.7778,0.3784,0.5091,0.8648
0.8421,0.3556,0.5,0.8783
0.9474,0.4186,0.5806,0.9314
0.8421,0.4706,0.6038,0.9286
0.8947,0.4048,0.5574,0.8945
0.7368,0.3889,0.5091,0.8551
0.7222,0.3333,0.4561,0.8841
0.8333,0.4839,0.6122,0.9238
0.8889,0.5,0.64,0.9534
1.0,0.5143,0.6792,0.9487
0.8333,0.3191,0.4615,0.8675
0.8947,0.425,0.5763,0.8877
0.9474,0.4737,0.6316,0.9674
0.7368,0.3333,0.459,0.8768
0.7368,0.3684,0.4912,0.8852
1.0,0.4419,0.6129,0.9481
0.9444,0.4048,0.5667,0.9418
0.9444,0.3953,0.5574,0.9304
0.8889,0.3636,0.5161,0.904
0.7778,0.4242,0.549,0.8878
0.8889,0.4706,0.6154,0.9529
0.8421,0.4324,0.5714,0.9006
0.7368,0.3333,0.459,0.8424
0.7895,0.4167,0.5455,0.8669
0.6842,0.4483,0.5417,0.8732
0.7895,0.3846,0.5172,0.8872
0.9444,0.3542,0.5152,0.9339
0.9444,0.5862,0.7234,0.9659
0.9444,0.3953,0.5574,0.9376
0.8333,0.4412,0.5769,0.8984
0.8333,0.3659,0.5085,0.882
0.7895,0.3846,0.5172,0.8882
0.8947,0.5,0.6415,0.9238
0.8421,0.4211,0.5614,0.9124
0.8421,0.3636,0.5079,0.8915
0.7895,0.4054,0.5357,0.9028
0.8889,0.3636,0.5161,0.931
0.6667,0.4444,0.5333,0.8783
0.8889,0.4211,0.5714,0.9349
0.8889,0.4211,0.5714,0.8971
0.8333,0.3846,0.5263,0.9071
0.8947,0.425,0.5763,0.9155
0.8947,0.4048,0.5574,0.8672
0.9474,0.4737,0.6316,0.9319
0.7895,0.4167,0.5455,0.8704
0.7368,0.3784,0.5,0.9003
0.8333,0.4286,0.566,0.9101
0.7778,0.4242,0.549,0.9087
0.7222,0.3514,0.4727,0.8439
0.8889,0.3721,0.5246,0.9101
0.8333,0.5357,0.6522,0.9444
0.8421,0.3902,0.5333,0.9312
1.0,0.475,0.6441,0.9312
0.8947,0.425,0.5763,0.941
0.8947,0.3469,0.5,0.8712
0.7368,0.3889,0.5091,0.8767
0.8889,0.4324,0.5818,0.9063
0.8889,0.4103,0.5614,0.9087
0.6667,0.3636,0.4706,0.8643
0.8333,0.4167,0.5556,0.8931
0.8333,0.375,0.5172,0.8667
0.8421,0.4211,0.5614,0.879
0.9474,0.6,0.7347,0.955
1.0,0.475,0.6441,0.9519
0.8421,0.4103,0.5517,0.903
0.9474,0.3913,0.5538,0.8982
0.8889,0.381,0.5333,0.9116
0.8889,0.4,0.5517,0.9024
0.8333,0.4167,0.5556,0.9238
0.8333,0.4688,0.6,0.9111
0.8333,0.3659,0.5085,0.8958
0.7895,0.4545,0.5769,0.8887
0.8421,0.4211,0.5614,0.9109
0.4737,0.3103,0.375,0.8403
0.8947,0.4857,0.6296,0.9303
0.8421,0.4211,0.5614,0.919
0.9444,0.3617,0.5231,0.9175
0.7778,0.3684,0.5,0.8714
0.8889,0.4,0.5517,0.9201
0.7778,0.4242,0.549,0.8892
0.6667,0.3333,0.4444,0.8492
0.7895,0.4412,0.566,0.9041
0.7895,0.4412,0.566,0.9211
0.9474,0.4737,0.6316,0.9514
0.7895,0.4167,0.5455,0.8912
0.9474,0.4286,0.5902,0.9348
0.8333,0.5357,0.6522,0.9328
0.8333,0.3333,0.4762,0.9042
0.9444,0.3617,0.5231,0.9354
0.8889,0.5,0.64,0.9148
0.8333,0.4545,0.5882,0.8981
0.8947,0.4595,0.6071,0.9322
0.7368,0.4118,0.5283,0.8699
0.8947,0.4048,0.5574,0.9355
0.9474,0.4091,0.5714,0.8617
0.8421,0.4848,0.6154,0.9168
0.7222,0.325,0.4483,0.864
0.8333,0.4167,0.5556,0.9063
0.8889,0.4211,0.5714,0.9045
0.8889,0.4103,0.5614,0.9069
0.8333,0.3571,0.5,0.8862
0.7368,0.4828,0.5833,0.9099
0.9474,0.45,0.6102,0.9474
0.8421,0.3636,0.5079,0.9038
0.7368,0.4375,0.549,0.9045
0.7368,0.4667,0.5714,0.9088
0.7895,0.4688,0.5882,0.9152
0.8421,0.3636,0.5079,0.8765
0.7895,0.3409,0.4762,0.8846
0.8889,0.381,0.5333,0.8709
0.7778,0.4,0.5283,0.8934
0.6667,0.5217,0.5854,0.9243
0.8889,0.4103,0.5614,0.8876
0.8889,0.4324,0.5818,0.9201
0.8421,0.4211,0.5614,0.918
0.8421,0.4706,0.6038,0.9288
0.8889,0.4444,0.5926,0.9413
0.8889,0.4103,0.5614,0.909
0.7778,0.3415,0.4746,0.8688
0.7778,0.3889,0.5185,0.8585
0.9444,0.4048,0.5667,0.9323
0.8421,0.3636,0.5079,0.873
0.8947,0.3864,0.5397,0.9119
0.8421,0.4324,0.5714,0.9006
0.7368,0.3889,0.5091,0.8802
0.9474,0.439,0.6,0.9138
0.8333,0.4167,0.5556,0.891
0.7778,0.3684,0.5,0.8492
1.0,0.4286,0.6,0.9582
0.8889,0.4848,0.6275,0.9439
0.9444,0.4146,0.5763,0.9024
0.8947,0.4146,0.5667,0.8846
0.8421,0.4444,0.5818,0.9246
0.8947,0.4048,0.5574,0.9084
0.7895,0.3488,0.4839,0.8637
0.9474,0.5,0.6545,0.9336
0.8333,0.4054,0.5455,0.8868
0.8333,0.3571,0.5,0.9302
0.8333,0.3333,0.4762,0.8746
0.9444,0.4146,0.5763,0.9354
0.9444,0.4595,0.6182,0.9317
0.8421,0.3333,0.4776,0.8426
0.8947,0.4722,0.6182,0.9165
0.8947,0.4595,0.6071,0.9385
0.8947,0.4474,0.5965,0.9263
0.8947,0.4595,0.6071,0.9373
0.9444,0.4048,0.5667,0.914
0.9444,0.4048,0.5667,0.9259
0.7778,0.35,0.4828,0.8791
0.8889,0.4444,0.5926,0.9288
0.8333,0.4545,0.5882,0.9093
0.7895,0.4545,0.5769,0.9076
0.7895,0.4286,0.5556,0.8877
0.6316,0.4,0.4898,0.852
0.8947,0.5,0.6415,0.9441
0.6842,0.3939,0.5,0.8704
0.8333,0.4167,0.5556,0.9444
0.9444,0.4857,0.6415,0.9503
0.9444,0.5484,0.6939,0.9593
0.6667,0.3429,0.4528,0.8725
0.8889,0.3636,0.5161,0.8921
0.8947,0.3269,0.4789,0.879
0.7895,0.3333,0.4688,0.8704
0.7368,0.359,0.4828,0.8543
0.8421,0.5,0.6275,0.9368
0.9474,0.4286,0.5902,0.9446
0.7778,0.35,0.4828,0.8894
0.8333,0.3947,0.5357,0.8981
0.8889,0.4103,0.5614,0.9143
0.8889,0.4706,0.6154,0.9148
0.8889,0.4,0.5517,0.9153
0.8421,0.4324,0.5714,0.8947
0.8947,0.5152,0.6538,0.9393
0.8947,0.425,0.5763,0.8813
0.9474,0.4,0.5625,0.9228
0.8421,0.4,0.5424,0.8925
0.9444,0.425,0.5862,0.9328
0.8333,0.4412,0.5769,0.9085
0.8889,0.4848,0.6275,0.9331
0.7222,0.3714,0.4906,0.8463
0.8333,0.5357,0.6522,0.9204
1.0,0.4524,0.623,0.9421
0.7895,0.3488,0.4839,0.876
0.8947,0.425,0.5763,0.9261
0.9474,0.383,0.5455,0.9018
0.8421,0.4848,0.6154,0.9316
0.8421,0.3333,0.4776,0.8907
0.8421,0.381,0.5246,0.897
0.8421,0.4211,0.5614,0.916
0.9444,0.425,0.5862,0.9312
0.9444,0.5667,0.7083,0.9452
0.8333,0.3659,0.5085,0.8886
0.7222,0.4194,0.5306,0.909
0.6667,0.3636,0.4706,0.8767
0.8421,0.4444,0.5818,0.9348
0.8947,0.4146,0.5667,0.9303
1.0,0.4186,0.5902,0.9481
0.6111,0.4783,0.5366,0.8915
0.8889,0.3478,0.5,0.9045
0.7222,0.4643,0.5652,0.8847
0.8889,0.3902,0.5424,0.8831
0.7895,0.4054,0.5357,0.8444
0.8421,0.4211,0.5614,0.9006
0.7368,0.4,0.5185,0.8846
0.8421,0.4706,0.6038,0.9228
0.7368,0.3111,0.4375,0.8672
0.7778,0.3684,0.5,0.9063
0.9444,0.425,0.5862,0.9466
0.7778,0.5185,0.6222,0.9349
0.9444,0.4722,0.6296,0.9455
0.6667,0.3077,0.4211,0.8331
0.8947,0.5484,0.68,0.9297
0.7368,0.359,0.4828,0.8775
0.8421,0.4,0.5424,0.9135
0.8947,0.425,0.5763,0.893
0.9474,0.3462,0.507,0.9175
0.7778,0.359,0.4912,0.8619
0.8333,0.3409,0.4839,0.8632
0.9444,0.4048,0.5667,0.9614
0.8333,0.4054,0.5455,0.8836
0.7222,0.3333,0.4561,0.8426
0.8421,0.4324,0.5714,0.9124
0.7368,0.4118,0.5283,0.8836
0.9474,0.45,0.6102,0.9534
0.9474,0.375,0.5373,0.9208
0.8421,0.4103,0.5517,0.9203
0.8889,0.4103,0.5614,0.8939
0.9444,0.425,0.5862,0.9429
0.7778,0.4242,0.549,0.9209
0.9444,0.4146,0.5763,0.8974
0.7222,0.3421,0.4643,0.8468
0.9474,0.5294,0.6792,0.9453
0.7895,0.4054,0.5357,0.8672
0.7895,0.4545,0.5769,0.9254
0.7895,0.4054,0.5357,0.9115
0.8421,0.4211,0.5614,0.8607
0.9444,0.4048,0.5667,0.9577
0.7222,0.3824,0.5,0.8672
0.7778,0.3784,0.5091,0.8815
0.9444,0.3864,0.5484,0.9167
0.7778,0.4516,0.5714,0.9167
0.9474,0.4286,0.5902,0.9016
0.8421,0.3902,0.5333,0.875
0.9474,0.439,0.6,0.9205
0.8947,0.425,0.5763,0.9015
0.8421,0.3721,0.5161,0.8885
0.8889,0.3902,0.5424,0.9193
0.7778,0.4375,0.56,0.8804
0.8889,0.5517,0.6809,0.9339
0.8889,0.4571,0.6038,0.9146
0.7222,0.3714,0.4906,0.881
0.8947,0.4595,0.6071,0.9317
0.8421,0.3902,0.5333,0.8841
0.8421,0.4103,0.5517,0.9094
0.8421,0.4103,0.5517,0.9326
0.7368,0.35,0.4746,0.8506
0.8889,0.4848,0.6275,0.9243
0.9444,0.3953,0.5574,0.9312
0.7222,0.3939,0.5098,0.8796
0.9444,0.4722,0.6296,0.9294
0.8333,0.4412,0.5769,0.8812
0.9474,0.4286,0.5902,0.9165
0.9474,0.36,0.5217,0.9332
0.8421,0.4848,0.6154,0.919
0.9474,0.4091,0.5714,0.9449
0.7895,0.4054,0.5357,0.9058
0.8889,0.4324,0.5818,0.9463
0.8333,0.375,0.5172,0.8323
0.8889,0.3721,0.5246,0.9164
0.8333,0.3947,0.5357,0.9019
0.8889,0.3556,0.5079,0.9212
0.8421,0.5,0.6275,0.9099
0.8421,0.4324,0.5714,0.8849
0.8947,0.4857,0.6296,0.9309
0.8421,0.4,0.5424,0.8897
0.8421,0.4706,0.6038,0.9383
0.8333,0.4167,0.5556,0.9212
0.8333,0.3947,0.5357,0.8894
0.5556,0.2941,0.3846,0.8426
0.9444,0.5,0.6538,0.9516
0.7778,0.3684,0.5,0.8989
0.7368,0.4118,0.5283,0.899
0.6842,0.4194,0.52,0.8912
0.8947,0.3864,0.5397,0.9008
0.9474,0.4286,0.5902,0.919
0.9474,0.5455,0.6923,0.9466
0.8889,0.4,0.5517,0.9101
0.9444,0.5152,0.6667,0.9476
0.6667,0.2927,0.4068,0.8577
0.8333,0.4412,0.5769,0.9399
0.7778,0.4118,0.5385,0.9153
0.8947,0.4474,0.5965,0.9175
0.7895,0.4054,0.5357,0.9271
0.6842,0.3939,0.5,0.8788
0.9474,0.383,0.5455,0.896
0.8421,0.5161,0.64,0.9258
0.7222,0.3514,0.4727,0.8418
0.9444,0.4857,0.6415,0.946
0.8333,0.3125,0.4545,0.8706
0.7222,0.3333,0.4561,0.8862
0.7778,0.4,0.5283,0.8659
0.9474,0.5,0.6545,0.9481
0.9474,0.5,0.6545,0.9271
0.8421,0.3404,0.4848,0.8912
0.8947,0.4474,0.5965,0.9281
0.8421,0.5,0.6275,0.9499
0.8947,0.3696,0.5231,0.918
0.8421,0.4,0.5424,0.8735
0.8947,0.4595,0.6071,0.9142
1.0,0.4,0.5714,0.9124
0.7778,0.4242,0.549,0.8984
0.8333,0.4054,0.5455,0.8974
0.7778,0.3889,0.5185,0.8796
0.8889,0.4103,0.5614,0.9214
0.9474,0.383,0.5455,0.9221
0.9474,0.383,0.5455,0.9193
0.7222,0.4063,0.52,0.8958
0.8889,0.5161,0.6531,0.9624
1.0,0.4,0.5714,0.9228
0.8889,0.3333,0.4848,0.872
0.7778,0.4516,0.5714,0.8947
0.9474,0.375,0.5373,0.9246
0.8421,0.5517,0.6667,0.9347
0.7895,0.4286,0.5556,0.8879
0.7895,0.3659,0.5,0.8551
0.8421,0.4,0.5424,0.916
1.0,0.4615,0.6316,0.9439
0.8333,0.4054,0.5455,0.9307
0.8333,0.4286,0.566,0.9037
0.8333,0.4054,0.5455,0.8836
0.8333,0.3947,0.5357,0.9249
0.8947,0.4595,0.6071,0.9203
0.8947,0.425,0.5763,0.9251
0.9474,0.4091,0.5714,0.9243
0.9474,0.4737,0.6316,0.9404
0.8947,0.4595,0.6071,0.9125
0.7778,0.35,0.4828,0.8712
0.8889,0.5333,0.6667,0.9381
0.8889,0.381,0.5333,0.9085
0.6111,0.2973,0.4,0.8505
0.7778,0.4118,0.5385,0.8804
1.0,0.4419,0.6129,0.9388
1.0,0.3725,0.5429,0.9496
0.9474,0.4186,0.5806,0.9044
0.8947,0.3864,0.5397,0.9
0.8421,0.4211,0.5614,0.8945
0.8889,0.4444,0.5926,0.9116
0.7778,0.4375,0.56,0.8968
0.8889,0.4211,0.5714,0.928
0.8333,0.3488,0.4918,0.9016
0.8333,0.4839,0.6122,0.8968
0.6842,0.4483,0.5417,0.8882
0.7895,0.5357,0.6383,0.9519
0.8947,0.425,0.5763,0.9302
0.8947,0.4146,0.5667,0.897
0.8947,0.425,0.5763,0.9414
0.9444,0.4048,0.5667,0.9196
0.8889,0.4103,0.5614,0.9124
0.8333,0.3846,0.5263,0.9238
0.7222,0.4483,0.5532,0.8989
0.8889,0.4848,0.6275,0.9537
0.8947,0.4595,0.6071,0.9269
0.9474,0.439,0.6,0.8917
0.7895,0.4286,0.5556,0.8828
0.8947,0.4474,0.5965,0.9248
0.8421,0.4706,0.6038,0.892
0.7895,0.375,0.5085,0.8793
0.7895,0.4688,0.5882,0.9185
0.9474,0.36,0.5217,0.8932
0.8889,0.5714,0.6957,0.9429
0.7778,0.3684,0.5,0.8997
0.8889,0.4211,0.5714,0.9257
0.6667,0.4444,0.5333,0.8743
0.7778,0.3889,0.5185,0.8862
0.7895,0.4688,0.5882,0.9178
0.8947,0.3953,0.5484,0.884
0.8947,0.3542,0.5075,0.9155
0.7368,0.3784,0.5,0.8793
0.9474,0.5806,0.72,0.9661
0.7778,0.3415,0.4746,0.8876
0.8889,0.4571,0.6038,0.9026
0.8333,0.3571,0.5,0.8701
0.8889,0.4324,0.5818,0.9029
0.9444,0.3778,0.5397,0.9418
0.8421,0.4211,0.5614,0.9088
1.0,0.5,0.6667,0.9602
0.8889,0.4324,0.5818,0.9418
0.6667,0.3333,0.4444,0.8479
0.8889,0.381,0.5333,0.8947
0.8333,0.4412,0.5769,0.9106
0.8889,0.3556,0.5079,0.8844
0.7368,0.4,0.5185,0.8765
0.6842,0.3333,0.4483,0.8441
0.8947,0.4359,0.5862,0.9226
0.7368,0.4516,0.56,0.8534
0.9474,0.4737,0.6316,0.915
0.8333,0.3571,0.5,0.8984
0.8889,0.3404,0.4923,0.8905
0.9444,0.4146,0.5763,0.9349
0.7778,0.4,0.5283,0.864
0.8333,0.3947,0.5357,0.9079
0.8421,0.4,0.5424,0.9102
0.9474,0.3913,0.5538,0.9631
0.7368,0.5185,0.6087,0.9119
0.8421,0.4324,0.5714,0.9318
1.0,0.38,0.5507,0.9233
0.7895,0.3947,0.5263,0.9124
0.7368,0.3784,0.5,0.8363
1.0,0.4524,0.623,0.9256
0.8889,0.4324,0.5818,0.9164
0.7222,0.4063,0.52,0.8995
0.7778,0.35,0.4828,0.8616
0.8333,0.375,0.5172,0.9159
0.7222,0.5417,0.619,0.9228
0.8947,0.4359,0.5862,0.9115
0.8947,0.4474,0.5965,0.9484
0.8333,0.4545,0.5882,0.9423
0.8889,0.4848,0.6275,0.9323
0.7222,0.4063,0.52,0.8876
0.9444,0.4359,0.5965,0.9402
0.8889,0.3721,0.5246,0.8884
0.7368,0.3256,0.4516,0.8363
0.8421,0.4103,0.5517,0.8897
0.7895,0.4286,0.5556,0.8598
0.8421,0.381,0.5246,0.901
0.7895,0.3488,0.4839,0.8852
0.9444,0.4359,0.5965,0.9529
0.8889,0.4571,0.6038,0.9228
0.7778,0.3684,0.5,0.8852
0.7778,0.4118,0.5385,0.8865
0.7778,0.4118,0.5385,0.9323
0.7895,0.3571,0.4918,0.8436
0.7368,0.4516,0.56,0.8882
1.0,0.4524,0.623,0.9304
1.0,0.4634,0.6333,0.9579
0.8947,0.4857,0.6296,0.9173
0.7778,0.359,0.4912,0.8683
0.8889,0.4103,0.5614,0.9413
0.8889,0.3902,0.5424,0.9212
0.9444,0.4474,0.6071,0.9265
0.8889,0.4444,0.5926,0.914
0.8421,0.4,0.5424,0.8778
0.8421,0.4211,0.5614,0.8785
0.8421,0.3721,0.5161,0.8755
0.8947,0.4722,0.6182,0.9449
0.7368,0.4828,0.5833,0.9331
0.7368,0.3684,0.4912,0.8512
0.8947,0.4595,0.6071,0.9332
0.7368,0.4118,0.5283,0.9049
0.8889,0.3478,0.5,0.8476
0.8333,0.4412,0.5769,0.9106
0.8889,0.4324,0.5818,0.9206
0.8333,0.4286,0.566,0.9074
0.8333,0.4286,0.566,0.9026
0.8421,0.4,0.5424,0.8952
0.7368,0.4242,0.5385,0.8524
0.9474,0.4737,0.6316,0.9329
0.9474,0.5143,0.6667,0.958
0.7895,0.3659,0.5,0.8477
1.0,0.4186,0.5902,0.9466
0.8333,0.4839,0.6122,0.9487
0.9444,0.3864,0.5484,0.9016
0.8889,0.3902,0.5424,0.8836
0.7778,0.3889,0.5185,0.9095
0.8947,0.4722,0.6182,0.9048
0.7368,0.4242,0.5385,0.9078
0.9444,0.3953,0.5574,0.9249
0.8889,0.4706,0.6154,0.9397
1.0,0.439,0.6102,0.9524
0.6667,0.3429,0.4528,0.8452
0.8889,0.4103,0.5614,0.9249
0.8421,0.3478,0.4923,0.9006
0.7895,0.4167,0.5455,0.8773
0.9474,0.45,0.6102,0.9074
0.8421,0.381,0.5246,0.9193
0.8421,0.4211,0.5614,0.9118
0.8889,0.381,0.5333,0.913
0.8889,0.5,0.64,0.9431
0.8333,0.4839,0.6122,0.9288
0.9444,0.4359,0.5965,0.9095
0.8333,0.4167,0.5556,0.905
0.6842,0.4063,0.5098,0.8543
1.0,0.3585,0.5278,0.8732
0.7895,0.5357,0.6383,0.9147
0.9474,0.4615,0.6207,0.9083
0.8421,0.4444,0.5818,0.8985
0.9444,0.3469,0.5075,0.9066
0.8889,0.4848,0.6275,0.9238
0.8333,0.375,0.5172,0.9146
0.8889,0.4848,0.6275,0.9619
0.8889,0.3636,0.5161,0.8802
0.9474,0.4865,0.6429,0.9545
0.7368,0.4667,0.5714,0.9097
0.7368,0.4,0.5185,0.8745
0.7368,0.4375,0.549,0.9005
0.7368,0.35,0.4746,0.8461
0.8889,0.4,0.5517,0.9402
0.8333,0.375,0.5172,0.8995
0.8889,0.4,0.5517,0.9302
0.9444,0.3953,0.5574,0.9032
1.0,0.439,0.6102,0.9381
0.7368,0.4375,0.549,0.9023
0.9474,0.439,0.6,0.9375
0.6842,0.3171,0.4333,0.8386
0.9474,0.45,0.6102,0.9233
0.8947,0.4595,0.6071,0.9301
0.7368,0.3333,0.459,0.8522
0.7895,0.4167,0.5455,0.8892
0.6842,0.3421,0.4561,0.8849
0.9444,0.4474,0.6071,0.9402
0.8889,0.3636,0.5161,0.9087
0.7222,0.4063,0.52,0.8746
0.8333,0.375,0.5172,0.9082
0.9444,0.5484,0.6939,0.9704
0.8421,0.3636,0.5079,0.8737
0.8947,0.4595,0.6071,0.9243
0.8333,0.3846,0.5263,0.9333
0.7778,0.4242,0.549,0.895
0.8333,0.3333,0.4762,0.8765
0.7778,0.4,0.5283,0.8772
1.0,0.3913,0.5625,0.9725
0.9474,0.4615,0.6207,0.9302
1.0,0.4524,0.623,0.9514
0.6842,0.3939,0.5,0.8664
0.8421,0.5517,0.6667,0.9526
0.8421,0.3636,0.5079,0.9158
0.8889,0.3902,0.5424,0.8791
0.8333,0.375,0.5172,0.9021
0.7778,0.4242,0.549,0.8915
0.9444,0.4474,0.6071,0.9447
0.8333,0.3659,0.5085,0.8923
0.7368,0.35,0.4746,0.851
0.8421,0.4706,0.6038,0.916
0.9474,0.5,0.6545,0.9271
0.8947,0.4146,0.5667,0.9083
0.9474,0.4615,0.6207,0.9388
0.7778,0.4118,0.5385,0.9008
0.7778,0.4516,0.5714,0.914
0.7222,0.3714,0.4906,0.9053
0.8333,0.4412,0.5769,0.9331
0.7778,0.3415,0.4746,0.863
0.8947,0.3778,0.5313,0.9084
0.9474,0.45,0.6102,0.9122
0.8947,0.5,0.6415,0.9337
0.8421,0.3636,0.5079,0.8987
1.0,0.4872,0.6552,0.9584
0.8333,0.3846,0.5263,0.9161
0.7222,0.4483,0.5532,0.8889
0.8333,0.4167,0.5556,0.8899
0.9444,0.34,0.5,0.8783
0.8333,0.3659,0.5085,0.8791
0.8421,0.4706,0.6038,0.9383
0.8421,0.4324,0.5714,0.9302
0.7895,0.4412,0.566,0.9079
0.8947,0.5862,0.7083,0.9602
0.7895,0.375,0.5085,0.9093
0.8889,0.4,0.5517,0.9103
0.8333,0.4412,0.5769,0.9169
0.8889,0.4103,0.5614,0.9228
0.8889,0.3902,0.5424,0.9138
0.7778,0.4118,0.5385,0.9032
0.8947,0.3778,0.5313,0.8467
0.8421,0.3902,0.5333,0.8682
1.0,0.3878,0.5588,0.9195
0.7895,0.4286,0.5556,0.9208
0.7895,0.4839,0.6,0.9165
0.8889,0.3478,0.5,0.8894
0.8333,0.375,0.5172,0.8873
0.8333,0.3571,0.5,0.8698
0.6667,0.4444,0.5333,0.869
0.9444,0.4146,0.5763,0.9114
0.9474,0.5,0.6545,0.9289
1.0,0.3878,0.5588,0.9388
0.7895,0.4167,0.5455,0.9054
1.0,0.4634,0.6333,0.9273
0.9474,0.5,0.6545,0.9404
0.9444,0.4474,0.6071,0.9339
0.8333,0.3659,0.5085,0.9159
0.8889,0.3721,0.5246,0.8545
0.6111,0.3548,0.449,0.8106
0.8889,0.4,0.5517,0.9085
0.8947,0.5,0.6415,0.9294
0.8947,0.4595,0.6071,0.9256
0.8947,0.4722,0.6182,0.9157
0.6842,0.3714,0.4815,0.8832
0.8421,0.4706,0.6038,0.9336
0.8889,0.5,0.64,0.905
0.8889,0.4,0.5517,0.9066
1.0,0.439,0.6102,0.9392
0.8889,0.381,0.5333,0.9209
0.6667,0.2791,0.3934,0.8095
0.8421,0.4571,0.5926,0.9079
0.7895,0.375,0.5085,0.8864
0.8421,0.381,0.5246,0.8785
1.0,0.413,0.5846,0.9404
0.9474,0.5,0.6545,0.9614
0.9444,0.4474,0.6071,0.9074
0.7778,0.4375,0.56,0.895
0.7778,0.4516,0.5714,0.8989
0.8333,0.4286,0.566,0.9066
0.8889,0.3636,0.5161,0.9164
0.7895,0.3659,0.5,0.8507
1.0,0.4524,0.623,0.9236
0.7895,0.4167,0.5455,0.8866
0.9474,0.4865,0.6429,0.9291
0.8947,0.4048,0.5574,0.9266
0.7222,0.4483,0.5532,0.8984
0.9444,0.4048,0.5667,0.8791
0.8333,0.375,0.5172,0.8987
0.8889,0.4571,0.6038,0.9328
0.7222,0.3824,0.5,0.9108
0.9474,0.4286,0.5902,0.9119
0.8421,0.4706,0.6038,0.9294
0.7368,0.3889,0.5091,0.8765
0.7895,0.3061,0.4412,0.8218
0.8421,0.3556,0.5,0.8734
0.7222,0.4194,0.5306,0.9019
0.8333,0.4545,0.5882,0.9045
0.9444,0.4722,0.6296,0.9365
0.7222,0.4483,0.5532,0.9082
0.8889,0.4706,0.6154,0.9376
0.8947,0.4048,0.5574,0.92
0.7895,0.4286,0.5556,0.8704
0.8421,0.4103,0.5517,0.9221
0.9474,0.4091,0.5714,0.9048
0.7895,0.4286,0.5556,0.9078
0.8333,0.4054,0.5455,0.8548
0.9444,0.3542,0.5152,0.9204
0.9444,0.4359,0.5965,0.8944
0.9444,0.4359,0.5965,0.9259
0.8333,0.4839,0.6122,0.9323
0.7895,0.4688,0.5882,0.8783
0.8947,0.425,0.5763,0.9309
0.7895,0.4545,0.5769,0.917
0.8421,0.3556,0.5,0.9
0.8421,0.4,0.5424,0.9023
0.7778,0.3684,0.5,0.8968
0.8889,0.4,0.5517,0.9124
0.9444,0.3953,0.5574,0.9402
0.8333,0.3846,0.5263,0.8947
0.8889,0.3721,0.5246,0.8812
0.9474,0.4615,0.6207,0.8978
0.7368,0.4516,0.56,0.9147
0.7368,0.4242,0.5385,0.8866
0.8421,0.4324,0.5714,0.9095
0.8947,0.4722,0.6182,0.9348
0.7895,0.3488,0.4839,0.8725
0.7895,0.4286,0.5556,0.8877
0.9474,0.4,0.5625,0.8957
0.9444,0.4048,0.5667,0.9397
0.7778,0.3415,0.4746,0.8556
1.0,0.5455,0.7059,0.954
0.6667,0.2927,0.4068,0.8082
0.9444,0.4857,0.6415,0.9444
0.8947,0.3617,0.5152,0.9143
1.0,0.4634,0.6333,0.9236
0.7222,0.5,0.5909,0.9209
0.7222,0.3333,0.4561,0.8566
0.9444,0.4595,0.6182,0.922
0.9444,0.4722,0.6296,0.9376
0.6667,0.3871,0.4898,0.8717
0.8947,0.5,0.6415,0.9241
0.9474,0.4615,0.6207,0.9309
0.9474,0.4091,0.5714,0.9327
0.8421,0.5161,0.64,0.9311
1.0,0.475,0.6441,0.9296
0.8333,0.4054,0.5455,0.9159
0.6667,0.3333,0.4444,0.8455
0.7778,0.4242,0.549,0.9026
0.8333,0.4167,0.5556,0.9315
0.7778,0.3889,0.5185,0.8981
1.0,0.413,0.5846,0.8942
0.8421,0.4103,0.5517,0.8968
0.9474,0.439,0.6,0.9304
0.9474,0.4615,0.6207,0.9278
0.8421,0.381,0.5246,0.9088
0.6667,0.3636,0.4706,0.8563
0.9444,0.425,0.5862,0.9066
0.9444,0.425,0.5862,0.9291
0.8333,0.4688,0.6,0.9146
0.8333,0.4839,0.6122,0.9135
0.8947,0.425,0.5763,0.9135
0.8947,0.4722,0.6182,0.9114
0.8421,0.3636,0.5079,0.8849
0.9474,0.4186,0.5806,0.9078
0.8421,0.3721,0.5161,0.8719
0.9444,0.425,0.5862,0.8889
0.8333,0.3947,0.5357,0.9003
0.8889,0.4103,0.5614,0.9037
0.9444,0.4048,0.5667,0.8693
0.9444,0.5,0.6538,0.954
0.8421,0.5161,0.64,0.9367
0.7895,0.4286,0.5556,0.9038
1.0,0.4634,0.6333,0.9469
0.8947,0.4359,0.5862,0.9133
0.8421,0.4706,0.6038,0.9188
0.8889,0.4,0.5517,0.9296
0.8889,0.5161,0.6531,0.9405
0.8333,0.4167,0.5556,0.9053
0.8889,0.4324,0.5818,0.9116
0.7778,0.4118,0.5385,0.8788
0.9474,0.375,0.5373,0.9023
0.6316,0.375,0.4706,0.8444
0.8421,0.3721,0.5161,0.8806
0.8947,0.4474,0.5965,0.9238
0.7895,0.3061,0.4412,0.8203
0.8889,0.4324,0.5818,0.9153
0.9444,0.5152,0.6667,0.9333
0.8889,0.381,0.5333,0.8929
1.0,0.4286,0.6,0.9365
0.8889,0.4211,0.5714,0.945
0.7368,0.359,0.4828,0.8942
0.8421,0.4444,0.5818,0.9291
0.8421,0.5333,0.6531,0.9271
0.7368,0.3182,0.4444,0.814
0.8947,0.4722,0.6182,0.9323
0.9444,0.4359,0.5965,0.9209
0.9444,0.4048,0.5667,0.9167
0.7222,0.3095,0.4333,0.8757
1.0,0.4615,0.6316,0.9624
0.8333,0.4286,0.566,0.9209
0.9474,0.4286,0.5902,0.9044
0.7368,0.5,0.5957,0.8978
0.8947,0.3953,0.5484,0.8917
0.8947,0.4359,0.5862,0.9318
0.7368,0.3043,0.4308,0.8301
0.8333,0.4167,0.5556,0.9267
0.7778,0.4516,0.5714,0.9034
0.7778,0.4118,0.5385,0.9082
0.8889,0.4,0.5517,0.9116
0.8889,0.3721,0.5246,0.8709
0.8421,0.4848,0.6154,0.8912
0.7895,0.3947,0.5263,0.8998
0.7895,0.4412,0.566,0.9021
0.8421,0.381,0.5246,0.8972
0.8421,0.4444,0.5818,0.9306
0.7895,0.3947,0.5263,0.875
1.0,0.4524,0.623,0.9451
1.0,0.3519,0.5205,0.9226
0.8333,0.5,0.625,0.9328
0.9444,0.425,0.5862,0.9164
0.7778,0.4375,0.56,0.8794
0.8333,0.3947,0.5357,0.9106
0.9444,0.4857,0.6415,0.9331
0.9474,0.5,0.6545,0.8947
0.8421,0.3478,0.4923,0.895
0.7222,0.3939,0.5098,0.914
0.8333,0.4286,0.566,0.8944
0.8333,0.4412,0.5769,0.9063
0.8333,0.3571,0.5,0.8574
0.8333,0.5,0.625,0.9283
0.8947,0.425,0.5763,0.9145
0.9474,0.4615,0.6207,0.9195
0.8421,0.4444,0.5818,0.9104
0.8947,0.5667,0.6939,0.9539
0.7895,0.3846,0.5172,0.8644
0.8333,0.4545,0.5882,0.9127
0.9444,0.4474,0.6071,0.9148
0.7778,0.35,0.4828,0.8899
0.8333,0.4054,0.5455,0.8693
0.8889,0.4571,0.6038,0.9354
0.8421,0.4444,0.5818,0.9071
0.9474,0.3673,0.5294,0.9064
0.9474,0.3913,0.5538,0.8785
0.8947,0.3953,0.5484,0.8895
0.9474,0.45,0.6102,0.9361
0.8889,0.4444,0.5926,0.9167
0.8333,0.3947,0.5357,0.8807
0.9444,0.3778,0.5397,0.9116
0.8333,0.5,0.625,0.9127
0.7778,0.4375,0.56,0.9058
0.8947,0.4722,0.6182,0.9157
1.0,0.4043,0.5758,0.9405
0.5789,0.3143,0.4074,0.8155
0.7368,0.4118,0.5283,0.8794
0.9474,0.4737,0.6316,0.9281
0.5789,0.3929,0.4681,0.8537
0.8421,0.4103,0.5517,0.9238
0.7368,0.3415,0.4667,0.8664
0.8889,0.4324,0.5818,0.923
0.9444,0.5152,0.6667,0.9529
0.7778,0.4,0.5283,0.8929
0.8333,0.3333,0.4762,0.9005
0.7778,0.4118,0.5385,0.9079
0.8947,0.425,0.5763,0.9105
0.8421,0.4,0.5424,0.909
0.8333,0.3947,0.5357,0.8989
0.8889,0.3636,0.5161,0.9354
0.8333,0.4839,0.6122,0.9225
0.7778,0.4516,0.5714,0.8907
0.8889,0.4,0.5517,0.9085
0.8947,0.5152,0.6538,0.9117
0.9474,0.439,0.6,0.9319
0.8421,0.3556,0.5,0.8889
0.7895,0.4286,0.5556,0.9073
0.8947,0.4048,0.5574,0.9223
0.7778,0.3784,0.5091,0.8693
0.8889,0.4211,0.5714,0.8828
0.8333,0.4286,0.566,0.9304
0.8889,0.381,0.5333,0.922
0.8889,0.4,0.5517,0.8804
0.9474,0.5,0.6545,0.9335
0.8947,0.4359,0.5862,0.9188
0.6842,0.4333,0.5306,0.9021
0.9474,0.4286,0.5902,0.9511
0.9474,0.4615,0.6207,0.9133
0.8333,0.3846,0.5263,0.8931
0.7778,0.359,0.4912,0.8505
0.8889,0.4103,0.5614,0.9228
0.8889,0.5,0.64,0.9381
0.8889,0.3902,0.5424,0.8889
0.7895,0.5357,0.6383,0.9393
0.7895,0.4412,0.566,0.9094
0.8421,0.3902,0.5333,0.915
0.8421,0.4571,0.5926,0.9343
0.7368,0.4242,0.5385,0.8927
0.7222,0.3939,0.5098,0.8989
0.7778,0.4516,0.5714,0.9135
0.9444,0.425,0.5862,0.9413
0.7778,0.3889,0.5185,0.9026
0.8333,0.4054,0.5455,0.8619
0.8421,0.3404,0.4848,0.9016
0.7895,0.3846,0.5172,0.8512
0.8421,0.4324,0.5714,0.9289
0.8421,0.4706,0.6038,0.894
0.7895,0.375,0.5085,0.8774
0.8333,0.4545,0.5882,0.9286
0.8333,0.3409,0.4839,0.8302
0.9444,0.425,0.5862,0.9497
0.8889,0.4324,0.5818,0.9206
0.9444,0.4146,0.5763,0.9251
0.8421,0.4444,0.5818,0.9251
0.7368,0.4118,0.5283,0.878
0.9474,0.4091,0.5714,0.9145
1.0,0.4872,0.6552,0.9799
0.8947,0.5,0.6415,0.9348
0.6667,0.2927,0.4068,0.8262
0.9444,0.4857,0.6415,0.946
0.8333,0.3571,0.5,0.8831
0.7778,0.3889,0.5185,0.8963
0.8333,0.3409,0.4839,0.8788
0.7895,0.4286,0.5556,0.8985
0.7895,0.5172,0.625,0.9044
0.8947,0.3864,0.5397,0.8874
0.7895,0.4286,0.5556,0.8807
0.8421,0.3265,0.4706,0.8697
0.7778,0.3111,0.4444,0.8286
0.7222,0.3714,0.4906,0.8709
0.8333,0.4286,0.566,0.8783
0.8333,0.4054,0.5455,0.8733
0.8889,0.4444,0.5926,0.9206
0.9474,0.45,0.6102,0.96
0.8421,0.5517,0.6667,0.9274
1.0,0.4872,0.6552,0.9727
0.7895,0.4054,0.5357,0.8792
0.7895,0.4286,0.5556,0.9013
0.7778,0.4242,0.549,0.9111
0.9444,0.4359,0.5965,0.9418
0.8333,0.5769,0.6818,0.9365
0.9444,0.3696,0.5313,0.8892
0.8889,0.4103,0.5614,0.8931
0.8421,0.4706,0.6038,0.9307
0.8947,0.425,0.5763,0.9064
0.9474,0.5143,0.6667,0.9658
0.7368,0.4667,0.5714,0.9088
0.8947,0.3953,0.5484,0.9188
0.8333,0.3488,0.4918,0.8788
0.8333,0.4412,0.5769,0.9098
0.6111,0.4074,0.4889,0.8669
0.7778,0.35,0.4828,0.878
0.8889,0.3333,0.4848,0.8661
0.8947,0.5,0.6415,0.9213
0.8421,0.4848,0.6154,0.9259
0.8947,0.4474,0.5965,0.9312
RUSMaxBag
0.5789,0.4231,0.4889,0.8373
0.5263,0.4,0.4545,0.8396
0.6667,0.7059,0.6857,0.9378
0.5,0.36,0.4186,0.8452
0.7778,0.5385,0.6364,0.9381
0.5,0.3913,0.439,0.8095
0.6667,0.5,0.5714,0.9169
0.6316,0.5455,0.5854,0.9056
0.6842,0.65,0.6667,0.9246
0.6316,0.5714,0.6,0.914
0.4737,0.5294,0.5,0.8719
0.6842,0.5,0.5778,0.915
0.6316,0.3871,0.48,0.8322
0.5789,0.6875,0.6286,0.9028
0.6316,0.3636,0.4615,0.8439
0.7222,0.3611,0.4815,0.878
0.5556,0.5263,0.5405,0.8923
0.6667,0.4,0.5,0.8746
0.6111,0.5,0.55,0.9087
0.6667,0.3529,0.4615,0.8606
0.7368,0.4828,0.5833,0.9075
0.5263,0.5882,0.5556,0.9155
0.6316,0.6667,0.6486,0.9233
0.5789,0.4231,0.4889,0.8578
0.7368,0.4,0.5185,0.8416
0.6111,0.4074,0.4889,0.8788
0.5556,0.3448,0.4255,0.8394
0.6667,0.5,0.5714,0.9328
0.6111,0.4074,0.4889,0.886
0.5,0.3913,0.439,0.8362
0.5789,0.4783,0.5238,0.8637
0.6842,0.5417,0.6047,0.9033
0.6667,0.5714,0.6154,0.914
0.7222,0.5,0.5909,0.9063
0.5556,0.4545,0.5,0.8587
0.7222,0.4063,0.52,0.8783
0.6111,0.3793,0.4681,0.8532
0.7368,0.6667,0.7,0.9132
0.5263,0.6667,0.5882,0.8722
0.4211,0.4,0.4103,0.8573
0.8421,0.4706,0.6038,0.8774
0.3684,0.5833,0.4516,0.8757
0.5556,0.5,0.5263,0.873
0.5,0.36,0.4186,0.8325
0.6667,0.4286,0.5217,0.8706
0.6111,0.5789,0.5946,0.8902
0.7222,0.4643,0.5652,0.914
0.5789,0.4783,0.5238,0.8583
0.6316,0.4615,0.5333,0.8537
0.7368,0.5385,0.6222,0.9198
0.6316,0.48,0.5455,0.8764
0.6316,0.4615,0.5333,0.8624
0.6316,0.4,0.4898,0.8806
0.5789,0.4783,0.5238,0.8502
0.4737,0.4286,0.45,0.8401
0.6667,0.4444,0.5333,0.8971
0.4444,0.4,0.4211,0.85
0.6111,0.4783,0.5366,0.8913
0.6667,0.6,0.6316,0.9201
0.5556,0.4,0.4651,0.8648
0.7895,0.6,0.6818,0.9441
0.5263,0.3333,0.4082,0.8559
0.7222,0.4815,0.5778,0.8587
0.5556,0.4545,0.5,0.8608
0.4444,0.4211,0.4324,0.8894
0.7222,0.4063,0.52,0.8783
0.7222,0.4063,0.52,0.887
0.4737,0.6923,0.5625,0.8591
0.5263,0.4762,0.5,0.8666
0.5263,0.4,0.4545,0.8735
0.7368,0.4118,0.5283,0.8825
0.5263,0.5263,0.5263,0.8581
0.5556,0.3704,0.4444,0.8251
0.6667,0.4138,0.5106,0.8685
0.6111,0.3929,0.4783,0.8653
0.5556,0.4348,0.4878,0.8566
0.7222,0.3939,0.5098,0.8717
0.6316,0.5,0.5581,0.9016
0.5789,0.6111,0.5946,0.9114
0.3158,0.3333,0.3243,0.8403
0.4737,0.4091,0.439,0.8464
0.4737,0.3462,0.4,0.8464
0.5556,0.3704,0.4444,0.8635
0.7778,0.6087,0.6829,0.9325
0.4444,0.381,0.4103,0.8389
0.7222,0.52,0.6047,0.9148
0.5,0.4737,0.4865,0.8952
0.8421,0.5333,0.6531,0.915
0.4211,0.3636,0.3902,0.8302
0.6316,0.5714,0.6,0.8758
0.5263,0.5556,0.5405,0.8702
0.5263,0.4545,0.4878,0.8591
0.2222,0.3333,0.2667,0.7865
0.5,0.3333,0.4,0.8513
0.4444,0.5714,0.5,0.8772
0.6667,0.5455,0.6,0.9005
0.6111,0.5,0.55,0.8728
0.5789,0.4231,0.4889,0.8543
0.5789,0.4783,0.5238,0.8871
0.7895,0.6,0.6818,0.937
0.7368,0.5385,0.6222,0.9075
0.6842,0.3939,0.5,0.8799
0.5,0.375,0.4286,0.8164
0.5,0.45,0.4737,0.854
0.3889,0.4667,0.4242,0.8921
0.6667,0.5455,0.6,0.9029
0.4444,0.4,0.4211,0.8471
0.7368,0.4242,0.5385,0.8742
0.7368,0.5385,0.6222,0.9114
0.7368,0.5,0.5957,0.8902
0.5789,0.44,0.5,0.8662
0.6316,0.5455,0.5854,0.8677
0.6111,0.4783,0.5366,0.8997
0.5556,0.5882,0.5714,0.8865
0.7222,0.5,0.5909,0.9019
0.7778,0.4118,0.5385,0.8897
0.5556,0.3846,0.4545,0.8563
0.2632,0.2381,0.25,0.8163
0.7368,0.5,0.5957,0.9102
0.5263,0.4348,0.4762,0.8535
0.4737,0.5294,0.5,0.8734
0.6842,0.52,0.5909,0.9123
0.6111,0.4783,0.5366,0.8802
0.5556,0.5263,0.5405,0.8778
0.6111,0.55,0.5789,0.8783
0.6667,0.5217,0.5854,0.8661
0.5556,0.3448,0.4255,0.8312
0.7368,0.3889,0.5091,0.8684
0.6316,0.4615,0.5333,0.8887
0.5789,0.6875,0.6286,0.9107
0.5263,0.4545,0.4878,0.8521
0.3684,0.4375,0.4,0.8206
0.6111,0.55,0.5789,0.8728
0.5556,0.4545,0.5,0.8701
0.6111,0.55,0.5789,0.9119
0.6667,0.5714,0.6154,0.9148
0.6111,0.3548,0.449,0.8384
0.5789,0.55,0.5641,0.8677
0.7895,0.5769,0.6667,0.9365
0.5789,0.4074,0.4783,0.8517
0.5789,0.3793,0.4583,0.8747
0.7368,0.6087,0.6667,0.9223
0.6667,0.5,0.5714,0.9058
0.7222,0.52,0.6047,0.8979
0.6111,0.3548,0.449,0.8513
0.5,0.4286,0.4615,0.8561
0.6667,0.5714,0.6154,0.9132
0.7895,0.5172,0.625,0.9089
0.4737,0.4091,0.439,0.8211
0.5263,0.4,0.4545,0.8431
0.3158,0.3333,0.3243,0.8185
0.4737,0.4286,0.45,0.8684
0.7778,0.56,0.6512,0.928
0.6111,0.4783,0.5366,0.9151
0.8333,0.4545,0.5882,0.9108
0.7222,0.4815,0.5778,0.8725
0.3889,0.3182,0.35,0.8212
0.7368,0.4667,0.5714,0.8778
0.6842,0.52,0.5909,0.913
0.4737,0.5,0.4865,0.873
0.5789,0.4231,0.4889,0.8393
0.5263,0.5556,0.5405,0.8972
0.8333,0.6522,0.7317,0.9347
0.3889,0.5,0.4375,0.8566
0.7778,0.5385,0.6364,0.9288
0.6667,0.5,0.5714,0.873
0.5556,0.5,0.5263,0.8735
0.6842,0.4643,0.5532,0.8712
0.4737,0.3462,0.4,0.8343
0.7895,0.5172,0.625,0.917
0.4211,0.3478,0.381,0.8281
0.6316,0.5,0.5581,0.8835
0.5,0.36,0.4186,0.8593
0.3889,0.4118,0.4,0.8481
0.4444,0.3636,0.4,0.8122
0.8333,0.4167,0.5556,0.905
0.5,0.5,0.5,0.8997
0.7368,0.6364,0.6829,0.9216
0.8421,0.5161,0.64,0.9122
0.6842,0.65,0.6667,0.897
0.7368,0.4375,0.549,0.8679
0.5263,0.5,0.5128,0.8697
0.3333,0.375,0.3529,0.8672
0.3333,0.3333,0.3333,0.8571
0.5556,0.4348,0.4878,0.8556
0.5556,0.4,0.4651,0.8532
0.5556,0.3846,0.4545,0.8365
0.6316,0.4138,0.5,0.8555
0.7895,0.5357,0.6383,0.9302
0.7895,0.5769,0.6667,0.9352
0.5263,0.4,0.4545,0.8579
0.2632,0.3333,0.2941,0.8318
0.7222,0.3514,0.4727,0.8839
0.5556,0.3571,0.4348,0.8638
0.7222,0.5417,0.619,0.9193
0.6667,0.5714,0.6154,0.8881
0.3889,0.3182,0.35,0.7881
0.4737,0.3913,0.4286,0.8343
0.6316,0.5217,0.5714,0.8823
0.4211,0.2759,0.3333,0.7923
0.5789,0.5,0.5366,0.9005
0.5789,0.4583,0.5116,0.889
0.7222,0.3939,0.5098,0.8817
0.6111,0.4783,0.5366,0.8751
0.6667,0.4138,0.5106,0.8955
0.7222,0.4333,0.5417,0.8778
0.5,0.36,0.4186,0.8153
0.8947,0.4359,0.5862,0.9157
0.7368,0.5185,0.6087,0.9205
0.7368,0.5385,0.6222,0.9223
0.6316,0.4444,0.5217,0.8757
0.8421,0.4706,0.6038,0.9288
0.7222,0.6842,0.7027,0.8968
0.7222,0.3939,0.5098,0.8931
0.7778,0.4828,0.5957,0.9212
0.6667,0.5,0.5714,0.8791
0.5556,0.4545,0.5,0.8902
0.6842,0.6842,0.6842,0.9337
0.6842,0.4194,0.52,0.8598
0.6842,0.5417,0.6047,0.9038
0.5263,0.3448,0.4167,0.8033
0.5789,0.5238,0.55,0.8965
0.5556,0.4762,0.5128,0.855
0.3889,0.35,0.3684,0.8265
0.7222,0.4483,0.5532,0.8754
0.6667,0.4286,0.5217,0.8966
0.5556,0.3571,0.4348,0.8484
0.6316,0.6316,0.6316,0.9051
0.8947,0.5152,0.6538,0.9476
0.7895,0.3947,0.5263,0.8927
0.5789,0.4583,0.5116,0.8784
0.4737,0.4737,0.4737,0.8614
0.6316,0.6,0.6154,0.9071
0.6842,0.4333,0.5306,0.8467
0.6842,0.4483,0.5417,0.8742
0.4444,0.3077,0.3636,0.828
0.6111,0.4074,0.4889,0.869
0.5556,0.5556,0.5556,0.9079
0.6667,0.3529,0.4615,0.845
0.6111,0.44,0.5116,0.8712
0.8421,0.5333,0.6531,0.9218
0.7895,0.6,0.6818,0.9226
0.7222,0.5652,0.6341,0.9341
0.8333,0.4545,0.5882,0.905
0.3889,0.3043,0.3415,0.8143
0.3889,0.4118,0.4,0.8132
0.6111,0.5,0.55,0.8677
0.4737,0.2813,0.3529,0.8178
0.5789,0.4783,0.5238,0.8611
0.7895,0.5357,0.6383,0.9066
0.4211,0.3478,0.381,0.8484
0.3158,0.375,0.3429,0.8138
0.3889,0.3684,0.3784,0.8434
0.5556,0.4348,0.4878,0.8437
0.8333,0.5,0.625,0.9381
0.7222,0.5417,0.619,0.9228
0.6111,0.44,0.5116,0.8653
0.6316,0.4286,0.5106,0.8621
0.7368,0.6087,0.6667,0.9251
0.4211,0.4706,0.4444,0.8469
0.5263,0.3448,0.4167,0.8491
0.7368,0.4828,0.5833,0.8942
0.5556,0.5,0.5263,0.864
0.7222,0.619,0.6667,0.9082
0.7222,0.3514,0.4727,0.8471
0.8333,0.5172,0.6383,0.9156
0.5556,0.5556,0.5556,0.9063
0.5263,0.2778,0.3636,0.7943
0.6842,0.4483,0.5417,0.8763
0.8421,0.5,0.6275,0.9322
0.7368,0.5385,0.6222,0.918
0.7895,0.4688,0.5882,0.9193
0.6111,0.4783,0.5366,0.8897
0.7778,0.5,0.6087,0.8968
0.5,0.3913,0.439,0.8347
0.5,0.5625,0.5294,0.877
0.4444,0.4211,0.4324,0.8743
0.5789,0.4783,0.5238,0.9008
0.4211,0.2963,0.3478,0.8401
0.4737,0.4286,0.45,0.8163
0.6316,0.5455,0.5854,0.8847
0.4211,0.3478,0.381,0.8434
0.7222,0.5,0.5909,0.9352
0.6667,0.5217,0.5854,0.909
0.6111,0.5238,0.5641,0.9246
0.4444,0.4,0.4211,0.8574
0.8333,0.4054,0.5455,0.9032
0.6842,0.3421,0.4561,0.8608
0.5789,0.3929,0.4681,0.8454
0.5263,0.4,0.4545,0.8449
0.4737,0.6923,0.5625,0.887
0.7368,0.6087,0.6667,0.9231
0.4444,0.3636,0.4,0.845
0.6667,0.5,0.5714,0.8675
0.7222,0.619,0.6667,0.905
0.3889,0.5,0.4375,0.8778
0.7222,0.4063,0.52,0.8947
0.6842,0.4194,0.52,0.8821
0.6316,0.5714,0.6,0.9152
0.4737,0.375,0.4186,0.8302
0.6842,0.5909,0.6341,0.9008
0.6842,0.4333,0.5306,0.8789
0.7778,0.4375,0.56,0.9222
0.8333,0.5357,0.6522,0.9286
0.7222,0.4643,0.5652,0.9056
0.5,0.375,0.4286,0.8241
0.3889,0.5833,0.4667,0.882
0.6316,0.4615,0.5333,0.8639
0.5263,0.5,0.5128,0.8707
0.6842,0.5652,0.619,0.898
0.7368,0.4242,0.5385,0.882
0.6842,0.5652,0.619,0.9221
0.7895,0.3846,0.5172,0.8745
0.6316,0.4,0.4898,0.8535
0.6842,0.52,0.5909,0.9079
0.6111,0.4583,0.5238,0.8733
0.6111,0.55,0.5789,0.9138
0.4444,0.4211,0.4324,0.8487
0.5,0.5294,0.5143,0.9005
0.5556,0.3571,0.4348,0.8275
0.7368,0.56,0.6364,0.9343
0.6316,0.4444,0.5217,0.902
0.6111,0.5,0.55,0.9013
0.4444,0.6154,0.5161,0.8802
0.5,0.3913,0.439,0.8196
0.5,0.4737,0.4865,0.8701
0.3889,0.2917,0.3333,0.8172
0.7895,0.4286,0.5556,0.8563
0.5789,0.4583,0.5116,0.8737
0.5263,0.4545,0.4878,0.8765
0.5263,0.625,0.5714,0.891
0.5789,0.44,0.5,0.8479
0.7778,0.4828,0.5957,0.8992
0.7222,0.4815,0.5778,0.9101
0.5556,0.5882,0.5714,0.8683
0.6667,0.5217,0.5854,0.913
0.6111,0.3793,0.4681,0.8225
0.5263,0.4,0.4545,0.8834
0.5263,0.3125,0.3922,0.8312
0.5789,0.4583,0.5116,0.8798
0.6842,0.4483,0.5417,0.8764
0.7895,0.3659,0.5,0.89
0.4444,0.4211,0.4324,0.814
0.6667,0.4286,0.5217,0.8574
0.8889,0.5,0.64,0.9484
0.5556,0.4348,0.4878,0.8362
0.7222,0.4333,0.5417,0.8524
0.5789,0.4783,0.5238,0.8834
0.3684,0.35,0.359,0.8269
0.7368,0.4828,0.5833,0.9147
0.6842,0.52,0.5909,0.886
0.7895,0.4688,0.5882,0.9115
0.7222,0.5,0.5909,0.8931
0.7778,0.4667,0.5833,0.9296
0.7778,0.6087,0.6829,0.9172
0.4444,0.3478,0.3902,0.8489
0.4444,0.3636,0.4,0.8489
0.6842,0.619,0.65,0.9327
0.5263,0.5556,0.5405,0.8641
0.6316,0.5714,0.6,0.9071
0.7368,0.5185,0.6087,0.9008
0.5789,0.4074,0.4783,0.8221
0.7222,0.4333,0.5417,0.9085
0.3889,0.4118,0.4,0.8331
0.3889,0.5385,0.4516,0.8492
0.5,0.45,0.4737,0.8857
0.5556,0.5556,0.5556,0.8886
0.4737,0.3913,0.4286,0.8558
0.4737,0.3913,0.4286,0.8434
0.6316,0.4615,0.5333,0.8947
0.4737,0.3462,0.4,0.8361
0.5789,0.4074,0.4783,0.8524
0.6667,0.48,0.5581,0.9108
0.4444,0.4,0.4211,0.8201
0.6667,0.5714,0.6154,0.8989
0.6667,0.48,0.5581,0.8749
0.5556,0.3571,0.4348,0.8423
0.6316,0.5455,0.5854,0.9041
0.7368,0.4667,0.5714,0.8917
0.5263,0.4762,0.5,0.8497
0.7895,0.5769,0.6667,0.9288
0.5789,0.3929,0.4681,0.8333
0.8889,0.5333,0.6667,0.9394
0.6667,0.4286,0.5217,0.9032
0.6111,0.3793,0.4681,0.8558
0.5556,0.5,0.5263,0.864
0.3333,0.3,0.3158,0.8045
0.6316,0.48,0.5455,0.8849
0.6316,0.4615,0.5333,0.8715
0.6842,0.5652,0.619,0.9107
0.7895,0.5357,0.6383,0.9201
0.5789,0.4783,0.5238,0.8759
0.7778,0.4828,0.5957,0.9347
0.5,0.375,0.4286,0.8291
0.6667,0.4444,0.5333,0.8918
0.6111,0.55,0.5789,0.9069
0.6111,0.4074,0.4889,0.8725
0.6316,0.5217,0.5714,0.8732
0.6316,0.3871,0.48,0.8373
0.5263,0.4348,0.4762,0.8753
0.5789,0.4783,0.5238,0.8591
0.4737,0.4091,0.439,0.8865
0.5556,0.4348,0.4878,0.8526
0.6111,0.44,0.5116,0.8685
0.6667,0.3429,0.4528,0.8503
0.7778,0.56,0.6512,0.9399
0.7778,0.3889,0.5185,0.8915
0.5263,0.4545,0.4878,0.8598
0.5789,0.5,0.5366,0.8586
0.5263,0.4,0.4545,0.8606
0.6842,0.4483,0.5417,0.8754
0.5789,0.5789,0.5789,0.8967
0.6111,0.44,0.5116,0.8503
0.6667,0.5455,0.6,0.9122
0.6111,0.4783,0.5366,0.8757
0.7222,0.52,0.6047,0.9143
0.5,0.4737,0.4865,0.8892
0.6842,0.5417,0.6047,0.9185
0.7368,0.5385,0.6222,0.9264
0.5789,0.3929,0.4681,0.8578
0.7368,0.4375,0.549,0.8805
0.5789,0.6111,0.5946,0.8649
0.6667,0.3871,0.4898,0.85
0.5556,0.5556,0.5556,0.9021
0.7222,0.4063,0.52,0.8659
0.5556,0.5263,0.5405,0.8656
0.5556,0.5263,0.5405,0.8632
0.6316,0.6,0.6154,0.9302
0.7368,0.5185,0.6087,0.9147
0.5263,0.3704,0.4348,0.8565
0.6842,0.5909,0.6341,0.9193
0.5789,0.4783,0.5238,0.8887
0.6842,0.4815,0.5652,0.8578
0.5263,0.3704,0.4348,0.8474
0.5789,0.5789,0.5789,0.855
0.7222,0.4483,0.5532,0.9016
0.6667,0.48,0.5581,0.8841
0.9444,0.4474,0.6071,0.8971
0.3333,0.3158,0.3243,0.8085
0.5,0.45,0.4737,0.8701
0.6842,0.4643,0.5532,0.8882
0.7368,0.5185,0.6087,0.9123
0.5,0.375,0.4286,0.8632
0.6111,0.6471,0.6286,0.9228
0.6111,0.4074,0.4889,0.8857
0.4444,0.3333,0.381,0.8262
0.4444,0.4211,0.4324,0.8627
0.8421,0.5333,0.6531,0.9157
0.5789,0.6111,0.5946,0.896
0.5789,0.3793,0.4583,0.8651
0.4211,0.2963,0.3478,0.792
0.6842,0.3939,0.5,0.8759
0.6667,0.5714,0.6154,0.8939
0.6111,0.5789,0.5946,0.8963
0.6111,0.44,0.5116,0.8913
0.6111,0.5238,0.5641,0.869
0.5,0.4286,0.4615,0.8743
0.6842,0.5652,0.619,0.9114
0.5789,0.44,0.5,0.8839
0.7895,0.4839,0.6,0.915
0.5789,0.55,0.5641,0.8882
0.6842,0.52,0.5909,0.8942
0.5556,0.4,0.4651,0.8585
0.6667,0.6,0.6316,0.9071
0.6667,0.3529,0.4615,0.8704
0.5556,0.4762,0.5128,0.8534
0.4444,0.3636,0.4,0.8317
0.6316,0.3636,0.4615,0.8841
0.7895,0.4286,0.5556,0.9084
0.5789,0.4231,0.4889,0.8593
0.4737,0.4737,0.4737,0.8173
0.4211,0.381,0.4,0.8058
0.4444,0.4706,0.4571,0.8683
0.4444,0.4706,0.4571,0.8497
0.7778,0.5385,0.6364,0.9201
0.7778,0.4375,0.56,0.9095
0.4444,0.381,0.4103,0.8421
0.5263,0.625,0.5714,0.8434
0.7368,0.6667,0.7,0.9512
0.6842,0.4194,0.52,0.8816
0.6842,0.4194,0.52,0.8779
0.7368,0.5385,0.6222,0.9125
0.5556,0.4545,0.5,0.8656
0.6111,0.4783,0.5366,0.8701
0.8333,0.4688,0.6,0.9257
0.6111,0.5,0.55,0.8799
0.8333,0.5,0.625,0.9317
0.8947,0.5484,0.68,0.9446
0.7368,0.4667,0.5714,0.8821
0.5789,0.6875,0.6286,0.872
0.7895,0.6,0.6818,0.9173
0.4211,0.4444,0.4324,0.8531
0.5263,0.3846,0.4444,0.8332
0.5263,0.5,0.5128,0.8773
0.7895,0.3571,0.4918,0.8727
0.7222,0.65,0.6842,0.9159
0.6667,0.6,0.6316,0.9127
0.7222,0.619,0.6667,0.9196
0.3889,0.5,0.4375,0.8749
0.5556,0.4167,0.4762,0.8595
0.6842,0.52,0.5909,0.907
0.6842,0.4333,0.5306,0.8617
0.6316,0.375,0.4706,0.855
0.5789,0.4783,0.5238,0.8603
0.8421,0.6667,0.7442,0.9522
0.7222,0.4194,0.5306,0.8765
0.6667,0.4444,0.5333,0.8852
0.4444,0.4444,0.4444,0.8444
0.5556,0.4762,0.5128,0.8566
0.7222,0.52,0.6047,0.9172
0.6316,0.48,0.5455,0.8852
0.6842,0.5417,0.6047,0.9123
0.6111,0.7333,0.6667,0.9288
0.6667,0.4286,0.5217,0.8407
0.5556,0.4762,0.5128,0.8733
0.5556,0.4,0.4651,0.8659
0.5,0.36,0.4186,0.8026
0.4211,0.3478,0.381,0.8183
0.4737,0.3462,0.4,0.8239
0.5263,0.5,0.5128,0.873
0.4211,0.4211,0.4211,0.8236
0.4737,0.4286,0.45,0.8684
0.8333,0.4167,0.5556,0.9
0.5556,0.4,0.4651,0.8728
0.9444,0.4857,0.6415,0.9524
0.4444,0.4211,0.4324,0.8392
0.4444,0.381,0.4103,0.8508
0.7368,0.4118,0.5283,0.8963
0.8421,0.5714,0.6809,0.936
0.4737,0.4286,0.45,0.8704
0.8421,0.4848,0.6154,0.9303
0.6842,0.4643,0.5532,0.8797
0.6316,0.4444,0.5217,0.898
0.5263,0.4348,0.4762,0.8305
0.5789,0.44,0.5,0.8646
0.6111,0.44,0.5116,0.8929
0.6111,0.5238,0.5641,0.9048
0.6667,0.5,0.5714,0.854
0.5556,0.4167,0.4762,0.8767
0.4444,0.5333,0.4848,0.8728
0.6842,0.52,0.5909,0.8857
0.8421,0.6957,0.7619,0.9409
0.7222,0.5909,0.65,0.9172
0.6667,0.4,0.5,0.8839
0.5556,0.4348,0.4878,0.8598
0.7778,0.6087,0.6829,0.9336
0.6667,0.4615,0.5455,0.8836
0.4737,0.2903,0.36,0.789
0.3684,0.4375,0.4,0.8543
0.4211,0.381,0.4,0.8001
0.5263,0.3704,0.4348,0.8449
0.6842,0.4815,0.5652,0.8792
0.6667,0.5714,0.6154,0.9185
0.6667,0.5,0.5714,0.8979
0.5,0.6,0.5455,0.8817
0.6667,0.4615,0.5455,0.8624
0.6667,0.5,0.5714,0.9138
0.4211,0.32,0.3636,0.8009
0.4737,0.3214,0.383,0.8264
0.5789,0.3793,0.4583,0.8535
0.5789,0.6111,0.5946,0.9143
0.5263,0.4545,0.4878,0.8717
0.5556,0.4,0.4651,0.8389
0.7222,0.4643,0.5652,0.905
0.7778,0.3889,0.5185,0.9003
0.5,0.3462,0.4091,0.846
0.5,0.3913,0.439,0.8511
0.4211,0.381,0.4,0.8426
0.4737,0.3462,0.4,0.831
0.6316,0.4,0.4898,0.8694
0.6316,0.4286,0.5106,0.9003
0.5789,0.5238,0.55,0.8952
0.5789,0.44,0.5,0.8472
0.6316,0.5455,0.5854,0.897
0.7368,0.6667,0.7,0.9028
0.7222,0.3611,0.4815,0.8307
0.6111,0.4783,0.5366,0.8958
0.6111,0.4583,0.5238,0.8884
0.5556,0.5556,0.5556,0.8958
0.5556,0.4762,0.5128,0.8675
0.7368,0.4667,0.5714,0.901
0.5263,0.4,0.4545,0.8356
0.6842,0.3939,0.5,0.8732
0.6842,0.65,0.6667,0.9203
0.6842,0.5652,0.619,0.856
0.7778,0.3889,0.5185,0.9103
0.8889,0.6154,0.7273,0.9563
0.6667,0.4138,0.5106,0.8868
0.6667,0.5217,0.5854,0.8767
0.6111,0.4783,0.5366,0.8902
0.5789,0.4783,0.5238,0.8742
0.5789,0.5789,0.5789,0.8897
0.6111,0.44,0.5116,0.8889
0.7778,0.5185,0.6222,0.9331
0.6667,0.5217,0.5854,0.9066
0.4444,0.381,0.4103,0.8259
0.6667,0.4615,0.5455,0.9024
0.7895,0.3846,0.5172,0.8894
0.5789,0.44,0.5,0.8629
0.7368,0.5,0.5957,0.8965
0.5789,0.4074,0.4783,0.8677
0.4737,0.3913,0.4286,0.8659
0.7222,0.4333,0.5417,0.9056
0.6111,0.55,0.5789,0.9148
0.7222,0.4333,0.5417,0.9024
0.6111,0.4783,0.5366,0.8603
0.7222,0.4815,0.5778,0.9148
0.4737,0.375,0.4186,0.8355
0.7895,0.375,0.5085,0.8343
0.5263,0.4545,0.4878,0.8778
0.7368,0.56,0.6364,0.9023
0.6842,0.4333,0.5306,0.8654
0.7222,0.52,0.6047,0.8963
0.6667,0.4444,0.5333,0.8921
0.6111,0.3667,0.4583,0.8627
0.9444,0.5313,0.68,0.9577
0.7222,0.3421,0.4643,0.8534
0.7895,0.4839,0.6,0.9307
0.6842,0.65,0.6667,0.9001
0.5263,0.4762,0.5,0.8636
0.5789,0.5789,0.5789,0.8677
0.4737,0.3333,0.3913,0.8283
0.7778,0.4828,0.5957,0.9106
0.6667,0.4,0.5,0.8772
0.7222,0.5909,0.65,0.8931
0.5556,0.3571,0.4348,0.8685
0.6667,0.5217,0.5854,0.8989
0.4737,0.45,0.4615,0.8494
0.5263,0.5,0.5128,0.8803
0.4737,0.3913,0.4286,0.8398
0.5263,0.5556,0.5405,0.894
0.5789,0.5,0.5366,0.8872
0.5263,0.4348,0.4762,0.833
0.5263,0.4348,0.4762,0.8563
0.6316,0.3243,0.4286,0.8753
0.6667,0.5,0.5714,0.9098
0.7222,0.3714,0.4906,0.8704
0.4444,0.3478,0.3902,0.8413
0.6667,0.5217,0.5854,0.8907
0.8333,0.625,0.7143,0.9638
0.6842,0.4333,0.5306,0.8451
0.4211,0.3478,0.381,0.8591
0.6667,0.4615,0.5455,0.8894
0.5,0.3462,0.4091,0.8646
0.4444,0.4444,0.4444,0.8317
0.7222,0.4643,0.5652,0.8661
0.8333,0.5357,0.6522,0.9296
0.5789,0.4783,0.5238,0.8735
0.7895,0.5,0.6122,0.9208
0.6316,0.3529,0.4528,0.8446
0.6316,0.6667,0.6486,0.8932
0.5789,0.44,0.5,0.8717
0.5556,0.3846,0.4545,0.8418
0.6111,0.3793,0.4681,0.8683
0.5556,0.4348,0.4878,0.8556
0.3889,0.4375,0.4118,0.872
0.5556,0.3846,0.4545,0.8521
0.3158,0.25,0.2791,0.7589
0.3158,0.4615,0.375,0.8654
0.6842,0.5652,0.619,0.8854
0.5789,0.5,0.5366,0.8812
0.7895,0.5357,0.6383,0.9233
0.7222,0.4483,0.5532,0.8952
0.7222,0.65,0.6842,0.927
0.5,0.4091,0.45,0.8622
0.5,0.45,0.4737,0.8772
0.5,0.3333,0.4,0.8333
0.5789,0.3793,0.4583,0.8441
0.6842,0.619,0.65,0.913
0.5789,0.55,0.5641,0.8841
0.6316,0.4138,0.5,0.8845
0.6842,0.5,0.5778,0.906
0.5,0.5,0.5,0.8381
0.5556,0.5,0.5263,0.8762
0.3333,0.4,0.3636,0.8296
0.6667,0.3636,0.4706,0.8272
0.7222,0.4483,0.5532,0.8664
0.8421,0.4706,0.6038,0.94
0.7368,0.5,0.5957,0.9223
0.4211,0.381,0.4,0.8548
0.6842,0.5417,0.6047,0.9188
0.6842,0.5652,0.619,0.9088
0.8889,0.4324,0.5818,0.9135
0.5,0.4091,0.45,0.8698
0.6111,0.5,0.55,0.8907
0.6667,0.4286,0.5217,0.9063
0.7222,0.4483,0.5532,0.8947
0.5789,0.4074,0.4783,0.8505
0.4737,0.3462,0.4,0.8305
0.7368,0.5,0.5957,0.8904
0.6842,0.4643,0.5532,0.91
0.6316,0.5714,0.6,0.919
0.7222,0.4063,0.52,0.881
0.5,0.4091,0.45,0.8706
0.6667,0.4444,0.5333,0.8937
0.5,0.36,0.4186,0.8249
0.7222,0.4643,0.5652,0.8767
0.5263,0.5556,0.5405,0.8907
0.7368,0.5,0.5957,0.9241
0.4737,0.375,0.4186,0.8355
0.5263,0.3704,0.4348,0.8697
0.5263,0.5,0.5128,0.8566
0.4444,0.5333,0.4848,0.8738
0.7222,0.5,0.5909,0.8931
0.6667,0.4,0.5,0.8585
0.3333,0.3529,0.3429,0.7915
0.5,0.3333,0.4,0.8593
0.7368,0.6667,0.7,0.9289
0.4737,0.5294,0.5,0.8451
0.5789,0.4783,0.5238,0.8778
0.5263,0.3846,0.4444,0.8519
0.7368,0.5185,0.6087,0.9183
0.5,0.5,0.5,0.8622
0.6111,0.3548,0.449,0.8566
0.7778,0.6667,0.7179,0.9307
0.7222,0.4483,0.5532,0.8807
0.5556,0.3125,0.4,0.8225
0.5263,0.5263,0.5263,0.8727
0.5789,0.4583,0.5116,0.8565
0.5789,0.4074,0.4783,0.8545
0.7368,0.4,0.5185,0.9078
0.6842,0.52,0.5909,0.9263
0.7778,0.4667,0.5833,0.8944
0.5556,0.5,0.5263,0.8788
0.5,0.5,0.5,0.8799
0.6111,0.44,0.5116,0.8823
0.6667,0.4444,0.5333,0.8582
0.5789,0.3235,0.4151,0.8138
0.5789,0.5,0.5366,0.8573
0.5263,0.4762,0.5,0.8606
0.7895,0.4839,0.6,0.9216
0.8421,0.5161,0.64,0.9045
0.3333,0.4286,0.375,0.8394
0.3889,0.35,0.3684,0.8328
0.6111,0.4231,0.5,0.8646
0.6667,0.6667,0.6667,0.9357
0.6667,0.5714,0.6154,0.9106
0.5263,0.4762,0.5,0.871
0.6842,0.4643,0.5532,0.8899
0.4737,0.375,0.4186,0.854
0.4737,0.3462,0.4,0.784
0.4211,0.3333,0.3721,0.8123
0.4444,0.4444,0.4444,0.8783
0.6111,0.3667,0.4583,0.8706
0.7222,0.4815,0.5778,0.9103
0.6111,0.4231,0.5,0.9003
0.6667,0.5714,0.6154,0.919
0.7368,0.5385,0.6222,0.9026
0.5263,0.3704,0.4348,0.8049
0.6842,0.4194,0.52,0.8849
0.7368,0.4,0.5185,0.8787
0.7368,0.5833,0.6512,0.8992
0.2778,0.2174,0.2439,0.7481
0.8333,0.5357,0.6522,0.919
0.5,0.3913,0.439,0.8399
0.6667,0.4444,0.5333,0.8794
0.7222,0.65,0.6842,0.928
0.5263,0.4762,0.5,0.8295
0.7368,0.5,0.5957,0.9041
0.6316,0.5217,0.5714,0.898
0.5789,0.4583,0.5116,0.8659
0.6842,0.3939,0.5,0.8935
0.5556,0.4545,0.5,0.8415
0.7778,0.3889,0.5185,0.8955
0.7778,0.5,0.6087,0.9148
0.3333,0.3,0.3158,0.7844
0.7222,0.3611,0.4815,0.8741
0.7368,0.5,0.5957,0.876
0.5789,0.4583,0.5116,0.8839
0.6842,0.52,0.5909,0.874
0.5789,0.44,0.5,0.8516
0.7368,0.5833,0.6512,0.8977
0.5789,0.3929,0.4681,0.8421
0.5789,0.4783,0.5238,0.8677
0.6316,0.375,0.4706,0.8512
0.6111,0.3548,0.449,0.8894
0.5556,0.5,0.5263,0.8325
0.5556,0.5,0.5263,0.878
0.3889,0.3182,0.35,0.7802
0.6667,0.5,0.5714,0.9257
0.6842,0.5417,0.6047,0.9133
0.7368,0.4516,0.56,0.8887
0.4444,0.5333,0.4848,0.9016
0.3333,0.3333,0.3333,0.8119
0.7222,0.4643,0.5652,0.9103
0.8889,0.4324,0.5818,0.9272
0.4444,0.4211,0.4324,0.8651
0.5263,0.5882,0.5556,0.8785
0.7368,0.4828,0.5833,0.8773
0.5789,0.4074,0.4783,0.8517
0.7368,0.5385,0.6222,0.9276
0.4211,0.381,0.4,0.8434
0.5,0.45,0.4737,0.8775
0.3889,0.3684,0.3784,0.8278
0.5,0.3462,0.4091,0.8415
0.6111,0.5789,0.5946,0.909
0.6111,0.4231,0.5,0.8786
0.7368,0.4667,0.5714,0.8755
0.6842,0.4643,0.5532,0.8704
0.5263,0.3846,0.4444,0.8517
0.5263,0.4348,0.4762,0.8842
0.6316,0.5455,0.5854,0.9015
0.5,0.5625,0.5294,0.8667
0.5556,0.3571,0.4348,0.8839
0.7778,0.4516,0.5714,0.8934
0.6111,0.4074,0.4889,0.8823
0.5556,0.4762,0.5128,0.8831
0.7368,0.4242,0.5385,0.8823
0.7368,0.5185,0.6087,0.9016
0.6316,0.4,0.4898,0.8439
0.5263,0.5,0.5128,0.8366
0.7368,0.4667,0.5714,0.8727
0.4444,0.4706,0.4571,0.8484
0.6667,0.4444,0.5333,0.8939
0.7778,0.4667,0.5833,0.9071
0.5,0.36,0.4186,0.8159
0.7222,0.5,0.5909,0.9272
0.7368,0.6364,0.6829,0.9423
0.4737,0.3913,0.4286,0.8386
0.6842,0.4483,0.5417,0.8985
0.4211,0.5333,0.4706,0.8815
0.4211,0.4706,0.4444,0.8642
0.6667,0.5,0.5714,0.8979
0.7778,0.56,0.6512,0.9254
0.5556,0.4762,0.5128,0.8854
0.6667,0.5,0.5714,0.8913
0.4444,0.4,0.4211,0.8317
0.5789,0.4583,0.5116,0.852
0.5789,0.44,0.5,0.8368
0.6316,0.5217,0.5714,0.8651
0.7368,0.6087,0.6667,0.906
0.5789,0.3235,0.4151,0.8035
0.5556,0.4348,0.4878,0.8841
0.5556,0.4762,0.5128,0.881
0.7222,0.4194,0.5306,0.8471
0.7222,0.4643,0.5652,0.8947
0.5,0.5294,0.5143,0.864
0.5789,0.6111,0.5946,0.9061
0.6316,0.5217,0.5714,0.8965
0.5789,0.4783,0.5238,0.8839
0.5263,0.3448,0.4167,0.8105
0.5263,0.4545,0.4878,0.8825
0.7222,0.4333,0.5417,0.8701
0.5556,0.3846,0.4545,0.8534
0.7222,0.3824,0.5,0.8635
0.7222,0.65,0.6842,0.9426
0.6667,0.48,0.5581,0.8992
0.5789,0.4783,0.5238,0.8694
0.5263,0.4,0.4545,0.8732
0.4211,0.3636,0.3902,0.8171
0.7368,0.5,0.5957,0.9213
0.6842,0.3714,0.4815,0.8539
0.7222,0.5652,0.6341,0.9272
0.4444,0.4706,0.4571,0.8561
0.6667,0.4444,0.5333,0.8958
0.4444,0.3478,0.3902,0.8698
0.5,0.3333,0.4,0.8116
0.5789,0.4583,0.5116,0.8654
0.5263,0.5,0.5128,0.8674
0.6316,0.5217,0.5714,0.8963
0.6842,0.3939,0.5,0.8799
0.6842,0.5417,0.6047,0.9278
0.4737,0.4091,0.439,0.8292
0.7368,0.4667,0.5714,0.9036
0.8421,0.4103,0.5517,0.9054
0.6667,0.5455,0.6,0.9132
0.7222,0.52,0.6047,0.8955
0.4444,0.4,0.4211,0.8672
0.6111,0.4583,0.5238,0.863
0.6667,0.4444,0.5333,0.905
0.4211,0.4444,0.4324,0.8659
0.5789,0.4783,0.5238,0.8644
0.5556,0.6667,0.6061,0.8942
0.5556,0.4762,0.5128,0.8865
0.6667,0.4615,0.5455,0.8897
0.5,0.3913,0.439,0.8127
0.8333,0.5769,0.6818,0.9315
0.8421,0.4706,0.6038,0.9008
0.5789,0.44,0.5,0.8715
0.6842,0.5,0.5778,0.8917
0.5789,0.5789,0.5789,0.9268
0.6316,0.4138,0.5,0.8607
0.3889,0.35,0.3684,0.8526
0.6111,0.4583,0.5238,0.882
0.6667,0.5217,0.5854,0.8706
0.3889,0.28,0.3256,0.8235
0.6111,0.5,0.55,0.8929
0.5263,0.4762,0.5,0.8841
0.5789,0.5,0.5366,0.8818
0.5263,0.303,0.3846,0.8378
0.5263,0.5263,0.5263,0.8642
0.6842,0.4643,0.5532,0.9065
0.6667,0.375,0.48,0.8788
0.5,0.3214,0.3913,0.8098
0.5556,0.3448,0.4255,0.8601
0.6667,0.5217,0.5854,0.8997
0.6111,0.55,0.5789,0.904
0.7895,0.5172,0.625,0.9041
0.7895,0.4839,0.6,0.9046
0.3684,0.35,0.359,0.8193
0.6316,0.3871,0.48,0.8662
0.6842,0.5652,0.619,0.8907
0.5263,0.5556,0.5405,0.8755
0.5789,0.5789,0.5789,0.8773
0.5789,0.3929,0.4681,0.8431
0.5556,0.4762,0.5128,0.8783
0.6667,0.5455,0.6,0.9288
0.2778,0.2941,0.2857,0.8283
0.7222,0.4643,0.5652,0.9085
0.6111,0.4583,0.5238,0.8706
0.7895,0.4688,0.5882,0.8992
0.5789,0.5,0.5366,0.8799
0.7222,0.4063,0.52,0.8646
0.7778,0.5833,0.6667,0.923
0.4444,0.4444,0.4444,0.8653
0.5,0.3462,0.4091,0.8349
0.6111,0.3929,0.4783,0.8545
0.5263,0.5263,0.5263,0.8811
0.6842,0.5,0.5778,0.916
0.6842,0.4333,0.5306,0.8656
0.5789,0.4583,0.5116,0.8787
0.6842,0.4333,0.5306,0.9005
0.5556,0.3448,0.4255,0.8521
0.6667,0.4,0.5,0.8664
0.7222,0.5909,0.65,0.9116
0.6667,0.4286,0.5217,0.8754
0.4444,0.4211,0.4324,0.822
0.5789,0.4583,0.5116,0.8904
0.8421,0.5714,0.6809,0.9193
0.3684,0.4118,0.3889,0.8499
0.8421,0.5926,0.6957,0.9293
0.6316,0.5217,0.5714,0.8877
0.6111,0.5,0.55,0.8643
0.5556,0.3571,0.4348,0.8402
0.7778,0.5,0.6087,0.9066
0.6667,0.5,0.5714,0.8947
0.6111,0.3929,0.4783,0.8394
0.4211,0.6667,0.5161,0.9026
0.6316,0.6,0.6154,0.9203
0.7368,0.4828,0.5833,0.9102
0.6842,0.5652,0.619,0.9115
0.5263,0.625,0.5714,0.8652
0.7222,0.5,0.5909,0.9
0.5556,0.4545,0.5,0.8794
0.7222,0.5,0.5909,0.9003
0.7778,0.4118,0.5385,0.9013
0.6111,0.3929,0.4783,0.8452
0.7895,0.4688,0.5882,0.9013
0.3684,0.3333,0.35,0.7998
0.6316,0.4286,0.5106,0.8922
0.5789,0.4074,0.4783,0.8679
0.5789,0.3929,0.4681,0.8739
0.6667,0.5,0.5714,0.886
0.5,0.36,0.4186,0.809
0.8333,0.5769,0.6818,0.932
0.7778,0.4828,0.5957,0.8989
0.6667,0.5217,0.5854,0.9045
0.5789,0.5238,0.55,0.893
0.5263,0.5882,0.5556,0.8381
0.6316,0.48,0.5455,0.8874
0.9474,0.6923,0.8,0.9687
0.4737,0.6,0.5294,0.9175
0.3889,0.4118,0.4,0.8093
0.5556,0.5263,0.5405,0.8944
0.6667,0.4138,0.5106,0.8807
0.5,0.4091,0.45,0.8743
0.5556,0.4167,0.4762,0.8421
0.7895,0.375,0.5085,0.892
0.7368,0.5,0.5957,0.8912
0.5263,0.4,0.4545,0.8785
0.4211,0.381,0.4,0.8634
0.5789,0.3143,0.4074,0.796
0.5556,0.3846,0.4545,0.8222
0.6111,0.5,0.55,0.8635
0.5556,0.3846,0.4545,0.8368
0.5,0.36,0.4186,0.8307
0.7222,0.5,0.5909,0.9111
0.6316,0.5,0.5581,0.9031
0.6842,0.6842,0.6842,0.9044
0.5789,0.6111,0.5946,0.9203
0.5789,0.4074,0.4783,0.8586
0.6316,0.48,0.5455,0.8992
0.5556,0.5,0.5263,0.8913
0.6667,0.4,0.5,0.8804
0.4444,0.4706,0.4571,0.8638
0.6667,0.4,0.5,0.8622
0.6111,0.4783,0.5366,0.8579
0.6842,0.619,0.65,0.9097
0.5789,0.3667,0.449,0.8659
0.6842,0.5909,0.6341,0.9281
0.5263,0.5882,0.5556,0.8832
0.6842,0.4815,0.5652,0.8817
0.6111,0.3793,0.4681,0.8466
0.5556,0.4762,0.5128,0.8595
0.3889,0.4667,0.4242,0.8519
0.6667,0.4286,0.5217,0.8669
0.5,0.3214,0.3913,0.8024
0.7368,0.6087,0.6667,0.9028
0.6316,0.5714,0.6,0.9304
0.5789,0.4231,0.4889,0.898
RUSVoteBag
0.8421,0.4103,0.5517,0.8779
0.7368,0.4375,0.549,0.8664
0.8889,0.5333,0.6667,0.9511
0.7222,0.3611,0.4815,0.8553
1.0,0.5,0.6667,0.9452
0.6111,0.3235,0.4231,0.8169
0.7778,0.4828,0.5957,0.9299
0.8421,0.4324,0.5714,0.9198
0.7368,0.4828,0.5833,0.9329
0.8421,0.5161,0.64,0.9233
0.6842,0.4643,0.5532,0.9208
0.7368,0.4828,0.5833,0.9033
0.7368,0.4242,0.5385,0.8588
0.6316,0.48,0.5455,0.9097
0.8421,0.4571,0.5926,0.8846
0.7778,0.4242,0.549,0.8937
0.8333,0.3947,0.5357,0.8693
0.8333,0.4839,0.6122,0.8923
0.9444,0.4359,0.5965,0.9381
0.8889,0.4211,0.5714,0.8849
0.7368,0.4118,0.5283,0.8792
0.8947,0.5,0.6415,0.9571
0.8421,0.4571,0.5926,0.9094
0.6842,0.4063,0.5098,0.877
0.8421,0.4444,0.5818,0.8788
0.7222,0.4483,0.5532,0.8847
0.8333,0.3409,0.4839,0.8542
0.7222,0.4815,0.5778,0.9315
0.8889,0.3721,0.5246,0.9238
0.8889,0.5517,0.6809,0.9188
0.9474,0.5294,0.6792,0.8892
0.8421,0.4571,0.5926,0.9401
0.7778,0.4828,0.5957,0.9069
0.8889,0.4848,0.6275,0.904
0.9444,0.4048,0.5667,0.9034
0.7222,0.3939,0.5098,0.8894
0.7222,0.4483,0.5532,0.8926
0.9474,0.4737,0.6316,0.9223
0.7368,0.4667,0.5714,0.9119
0.7368,0.4242,0.5385,0.8803
0.6842,0.3714,0.4815,0.8331
0.8421,0.4571,0.5926,0.9168
0.7222,0.4815,0.5778,0.8995
0.7778,0.35,0.4828,0.8328
0.9444,0.3864,0.5484,0.9021
0.7778,0.5,0.6087,0.9312
0.7778,0.4,0.5283,0.8807
0.6316,0.375,0.4706,0.8707
0.8421,0.5333,0.6531,0.8806
0.8421,0.5517,0.6667,0.9289
0.9474,0.4286,0.5902,0.9175
0.8421,0.3478,0.4923,0.8579
0.7895,0.4545,0.5769,0.8985
0.8421,0.4444,0.5818,0.8793
0.5789,0.4074,0.4783,0.8426
0.7778,0.4,0.5283,0.8587
0.7222,0.4815,0.5778,0.8881
0.8333,0.4545,0.5882,0.914
0.8333,0.5172,0.6383,0.9294
0.8333,0.4688,0.6,0.9095
0.9474,0.5806,0.72,0.9549
0.8947,0.425,0.5763,0.8817
0.8333,0.4054,0.5455,0.8593
0.6667,0.3636,0.4706,0.8854
0.8889,0.4211,0.5714,0.9124
0.8889,0.4706,0.6154,0.9021
0.8333,0.4688,0.6,0.9011
0.7895,0.6,0.6818,0.9211
0.7895,0.4839,0.6,0.8968
0.8421,0.4848,0.6154,0.8765
0.7368,0.4118,0.5283,0.8812
0.7368,0.4242,0.5385,0.8737
0.8333,0.375,0.5172,0.8733
0.8333,0.3846,0.5263,0.8939
0.7778,0.4,0.5283,0.8706
0.7778,0.3889,0.5185,0.8751
0.9444,0.4359,0.5965,0.9156
1.0,0.5,0.6667,0.9519
0.8421,0.5161,0.64,0.9299
0.7368,0.3889,0.5091,0.8586
0.8947,0.3778,0.5313,0.8807
0.6842,0.3939,0.5,0.8514
0.8889,0.4324,0.5818,0.904
0.8333,0.4839,0.6122,0.9405
0.8333,0.4167,0.5556,0.8881
0.7778,0.5185,0.6222,0.9288
0.9444,0.4857,0.6415,0.9307
0.8421,0.4444,0.5818,0.9033
0.6842,0.3714,0.4815,0.8327
0.7895,0.5172,0.625,0.8965
0.8947,0.4474,0.5965,0.9206
0.7895,0.4545,0.5769,0.914
0.6111,0.3929,0.4783,0.8574
0.8889,0.4211,0.5714,0.9048
0.7778,0.56,0.6512,0.914
0.7222,0.3824,0.5,0.8653
0.7778,0.4375,0.56,0.9037
0.8947,0.425,0.5763,0.9092
0.7895,0.4167,0.5455,0.8877
1.0,0.4872,0.6552,0.9562
0.7895,0.5556,0.6522,0.9175
0.9474,0.3462,0.507,0.8902
0.6111,0.3235,0.4231,0.85
0.8333,0.4545,0.5882,0.9124
0.8333,0.5172,0.6383,0.9317
0.7778,0.5185,0.6222,0.8743
0.8333,0.4545,0.5882,0.8852
0.8421,0.4324,0.5714,0.8947
0.9474,0.4865,0.6429,0.9547
0.7368,0.3889,0.5091,0.8995
0.7895,0.3846,0.5172,0.8694
0.7895,0.4167,0.5455,0.8416
0.7778,0.4242,0.549,0.9146
0.8333,0.5,0.625,0.9299
0.8333,0.5357,0.6522,0.9296
0.8333,0.3409,0.4839,0.8651
0.7778,0.3889,0.5185,0.8807
0.7895,0.4054,0.5357,0.8808
0.8947,0.5484,0.68,0.9405
0.8947,0.4595,0.6071,0.9238
0.8421,0.4571,0.5926,0.9028
0.8947,0.4359,0.5862,0.9203
0.9444,0.4857,0.6415,0.9275
0.7222,0.4643,0.5652,0.8934
0.7778,0.4516,0.5714,0.8894
0.6667,0.3529,0.4615,0.8471
0.7778,0.4242,0.549,0.8566
0.7895,0.3659,0.5,0.8732
0.8947,0.425,0.5763,0.9266
0.8421,0.5161,0.64,0.9231
0.8947,0.425,0.5763,0.8784
0.7368,0.3889,0.5091,0.8383
0.7222,0.3939,0.5098,0.8616
0.8333,0.5,0.625,0.9251
0.8889,0.5517,0.6809,0.9598
0.8889,0.5161,0.6531,0.941
0.7778,0.3256,0.459,0.8529
0.7895,0.4167,0.5455,0.8677
0.9474,0.4865,0.6429,0.9628
0.6842,0.3514,0.4643,0.8654
0.7368,0.3684,0.4912,0.8754
0.9474,0.5,0.6545,0.9353
0.9444,0.4359,0.5965,0.9344
0.9444,0.3953,0.5574,0.923
0.8889,0.4,0.5517,0.8974
0.7778,0.4516,0.5714,0.8733
0.8889,0.5161,0.6531,0.9481
0.8421,0.4444,0.5818,0.8826
0.6842,0.3514,0.4643,0.8239
0.6316,0.3871,0.48,0.8689
0.6316,0.4444,0.5217,0.8489
0.7895,0.3846,0.5172,0.8787
0.8889,0.381,0.5333,0.9296
0.9444,0.6071,0.7391,0.9632
0.9444,0.3953,0.5574,0.9193
0.8333,0.4688,0.6,0.8884
0.8333,0.4167,0.5556,0.8862
0.7368,0.4,0.5185,0.8793
0.7895,0.4688,0.5882,0.8993
0.8421,0.4444,0.5818,0.8889
0.8421,0.4211,0.5614,0.8965
0.7368,0.3889,0.5091,0.8937
0.8889,0.3721,0.5246,0.9278
0.5556,0.4,0.4651,0.8571
0.8889,0.4571,0.6038,0.9212
0.8333,0.4412,0.5769,0.8772
0.8333,0.4286,0.566,0.9063
0.8421,0.4706,0.6038,0.9099
0.8421,0.4103,0.5517,0.8449
0.9474,0.5143,0.6667,0.9223
0.7895,0.4545,0.5769,0.8737
0.7368,0.3889,0.5091,0.8965
0.7222,0.4815,0.5778,0.9106
0.7222,0.4333,0.5417,0.9056
0.7222,0.3514,0.4727,0.8442
0.8889,0.4103,0.5614,0.8881
0.7778,0.5385,0.6364,0.9394
0.8421,0.4211,0.5614,0.9104
0.9474,0.4737,0.6316,0.9183
0.8947,0.4722,0.6182,0.9304
0.8947,0.3696,0.5231,0.8551
0.6316,0.375,0.4706,0.8754
0.8333,0.4286,0.566,0.9048
0.8333,0.4167,0.5556,0.8971
0.6667,0.3871,0.4898,0.8503
0.8333,0.4412,0.5769,0.8796
0.7778,0.4118,0.5385,0.8468
0.7368,0.4242,0.5385,0.8469
0.9474,0.6207,0.75,0.9608
0.8947,0.4595,0.6071,0.9471
0.7895,0.4412,0.566,0.8907
0.9474,0.45,0.6102,0.9008
0.8889,0.4444,0.5926,0.9069
0.7222,0.3939,0.5098,0.8966
0.8333,0.4412,0.5769,0.9251
0.8333,0.4839,0.6122,0.886
0.8333,0.3846,0.5263,0.8913
0.7895,0.4545,0.5769,0.8826
0.8421,0.4324,0.5714,0.9084
0.4737,0.3214,0.383,0.8343
0.8421,0.4848,0.6154,0.9218
0.7895,0.4545,0.5769,0.9123
0.9444,0.4048,0.5667,0.9045
0.7778,0.3784,0.5091,0.8537
0.7778,0.3784,0.5091,0.909
0.7778,0.4516,0.5714,0.881
0.6667,0.3636,0.4706,0.8291
0.6842,0.4483,0.5417,0.8902
0.7895,0.5172,0.625,0.9142
0.9474,0.5143,0.6667,0.9453
0.5789,0.3929,0.4681,0.8835
0.8947,0.4595,0.6071,0.9293
0.8333,0.5357,0.6522,0.9135
0.8333,0.3571,0.5,0.8833
0.9444,0.3617,0.5231,0.9183
0.8333,0.5172,0.6383,0.9063
0.7778,0.4516,0.5714,0.8921
0.8421,0.4444,0.5818,0.9208
0.6842,0.4063,0.5098,0.8679
0.8947,0.4474,0.5965,0.9378
0.7895,0.3947,0.5263,0.8499
0.8421,0.5161,0.64,0.8975
0.7222,0.3333,0.4561,0.8537
0.7222,0.4483,0.5532,0.9053
0.8889,0.4571,0.6038,0.8839
0.8889,0.4324,0.5818,0.9037
0.7778,0.3684,0.5,0.8833
0.7368,0.5385,0.6222,0.9107
0.8947,0.4474,0.5965,0.9421
0.8421,0.4,0.5424,0.8922
0.7368,0.4375,0.549,0.8997
0.6842,0.4815,0.5652,0.9035
0.7895,0.4839,0.6,0.9122
0.7895,0.3846,0.5172,0.8682
0.7895,0.3947,0.5263,0.8669
0.8889,0.381,0.5333,0.8738
0.7222,0.3939,0.5098,0.8667
0.6667,0.5217,0.5854,0.9164
0.8333,0.4412,0.5769,0.8579
0.8333,0.4688,0.6,0.9153
0.8421,0.5161,0.64,0.9206
0.7895,0.4545,0.5769,0.9153
0.7778,0.4516,0.5714,0.9365
0.8333,0.4167,0.5556,0.9061
0.7222,0.3611,0.4815,0.859
0.7222,0.3824,0.5,0.8455
0.9444,0.4359,0.5965,0.9225
0.7895,0.3846,0.5172,0.8608
0.8947,0.4146,0.5667,0.9084
0.7895,0.5,0.6122,0.8904
0.6842,0.3939,0.5,0.8732
0.8947,0.5,0.6415,0.9108
0.7778,0.4516,0.5714,0.8952
0.7222,0.3514,0.4727,0.8214
1.0,0.45,0.6207,0.941
0.8889,0.5333,0.6667,0.9132
0.7778,0.4,0.5283,0.8749
0.8421,0.4103,0.5517,0.8717
0.7895,0.4545,0.5769,0.913
0.8947,0.4474,0.5965,0.9049
0.6316,0.375,0.4706,0.8589
0.8947,0.5152,0.6538,0.8985
0.7778,0.4242,0.549,0.8667
0.8333,0.4054,0.5455,0.9275
0.8333,0.4054,0.5455,0.8484
0.8889,0.4211,0.5714,0.9156
0.8889,0.5161,0.6531,0.9331
0.7895,0.3571,0.4918,0.8383
0.7895,0.4545,0.5769,0.9056
0.8947,0.4857,0.6296,0.9395
0.7895,0.4688,0.5882,0.907
0.8947,0.5,0.6415,0.9278
0.9444,0.4146,0.5763,0.9019
0.9444,0.4359,0.5965,0.9267
0.7222,0.3714,0.4906,0.8743
0.7778,0.4828,0.5957,0.927
0.7778,0.4828,0.5957,0.904
0.6842,0.4063,0.5098,0.9003
0.7368,0.4667,0.5714,0.8808
0.6316,0.4286,0.5106,0.8451
0.8947,0.5484,0.68,0.9449
0.6842,0.3939,0.5,0.8536
0.8333,0.4688,0.6,0.9386
0.8889,0.4848,0.6275,0.9437
0.8889,0.64,0.7442,0.9537
0.6667,0.3636,0.4706,0.8743
0.7222,0.3333,0.4561,0.8897
0.8421,0.3333,0.4776,0.8715
0.7895,0.3409,0.4762,0.8611
0.7368,0.3684,0.4912,0.8335
0.8421,0.5161,0.64,0.9351
0.8947,0.425,0.5763,0.9338
0.7778,0.3784,0.5091,0.8886
0.8333,0.4167,0.5556,0.8796
0.8333,0.4839,0.6122,0.9093
0.8889,0.4848,0.6275,0.9093
0.8333,0.4412,0.5769,0.9183
0.8421,0.4444,0.5818,0.8882
0.8421,0.5333,0.6531,0.9367
0.8947,0.4595,0.6071,0.8606
0.8947,0.425,0.5763,0.918
0.7895,0.4054,0.5357,0.8774
0.8889,0.4324,0.5818,0.923
0.6111,0.4074,0.4889,0.8862
0.8889,0.4848,0.6275,0.928
0.6111,0.3548,0.449,0.8415
0.8333,0.5556,0.6667,0.8979
0.8947,0.5152,0.6538,0.935
0.7895,0.3571,0.4918,0.8563
0.8421,0.4103,0.5517,0.9236
0.8947,0.3778,0.5313,0.8827
0.8421,0.5161,0.64,0.9333
0.8421,0.3556,0.5,0.855
0.7368,0.3889,0.5091,0.8877
0.7895,0.4412,0.566,0.9094
0.8889,0.4848,0.6275,0.9243
0.8889,0.6154,0.7273,0.9426
0.8333,0.3947,0.5357,0.8884
0.6667,0.4444,0.5333,0.9087
0.6667,0.4,0.5,0.8664
0.8421,0.4848,0.6154,0.9226
0.8947,0.4474,0.5965,0.9248
0.9444,0.4595,0.6182,0.9455
0.6111,0.5,0.55,0.8817
0.8889,0.3478,0.5,0.9024
0.6667,0.4615,0.5455,0.8656
0.7778,0.3889,0.5185,0.8741
0.6316,0.3529,0.4528,0.8507
0.8421,0.4848,0.6154,0.8968
0.6316,0.4,0.4898,0.8806
0.7895,0.5,0.6122,0.9145
0.7368,0.3784,0.5,0.8429
0.7778,0.3784,0.5091,0.8894
0.9444,0.4359,0.5965,0.9384
0.7778,0.5833,0.6667,0.9312
0.9444,0.5152,0.6667,0.941
0.6667,0.3429,0.4528,0.8037
0.7895,0.5172,0.625,0.9241
0.6842,0.3714,0.4815,0.8596
0.8421,0.4211,0.5614,0.9066
0.8421,0.4571,0.5926,0.8937
0.9474,0.36,0.5217,0.9015
0.7778,0.3784,0.5091,0.8521
0.7778,0.35,0.4828,0.854
0.9444,0.5313,0.68,0.9579
0.7778,0.4667,0.5833,0.859
0.6667,0.3333,0.4444,0.8188
0.7368,0.4516,0.56,0.9069
0.6842,0.4333,0.5306,0.8912
0.9474,0.4737,0.6316,0.9327
0.9474,0.3913,0.5538,0.9095
0.8421,0.4444,0.5818,0.9185
0.8889,0.4211,0.5714,0.8862
0.8889,0.4211,0.5714,0.927
0.7778,0.4375,0.56,0.9156
0.8333,0.4412,0.5769,0.8899
0.6667,0.3429,0.4528,0.837
0.8421,0.5161,0.64,0.9413
0.7368,0.4118,0.5283,0.8578
0.7368,0.4667,0.5714,0.9122
0.7895,0.4545,0.5769,0.8872
0.7368,0.4242,0.5385,0.8444
0.9444,0.4595,0.6182,0.954
0.6667,0.3871,0.4898,0.8627
0.7778,0.3784,0.5091,0.8794
0.9444,0.3864,0.5484,0.9008
0.7778,0.4667,0.5833,0.9074
0.8947,0.425,0.5763,0.8874
0.7895,0.4167,0.5455,0.8722
0.8421,0.4444,0.5818,0.9178
0.8421,0.4444,0.5818,0.8987
0.7895,0.3846,0.5172,0.8737
0.8889,0.4,0.5517,0.9138
0.7222,0.4063,0.52,0.869
0.8889,0.6154,0.7273,0.9212
0.8333,0.5357,0.6522,0.895
0.7222,0.3939,0.5098,0.8733
0.8947,0.5152,0.6538,0.9254
0.7895,0.3846,0.5172,0.8621
0.8421,0.4211,0.5614,0.9003
0.8421,0.4211,0.5614,0.9165
0.7368,0.3784,0.5,0.8476
0.8333,0.4688,0.6,0.9111
0.9444,0.4048,0.5667,0.9265
0.7222,0.4194,0.5306,0.8651
0.9444,0.5313,0.68,0.9302
0.7778,0.4667,0.5833,0.8688
0.9474,0.4615,0.6207,0.9193
0.9474,0.4,0.5625,0.9307
0.8421,0.5333,0.6531,0.9122
0.8947,0.4048,0.5574,0.9401
0.7895,0.4167,0.5455,0.895
0.8889,0.4571,0.6038,0.928
0.7778,0.3784,0.5091,0.8066
0.7778,0.3684,0.5,0.9124
0.7222,0.3611,0.4815,0.896
0.8889,0.3721,0.5246,0.9066
0.6842,0.52,0.5909,0.8927
0.7368,0.5,0.5957,0.8768
0.8421,0.4848,0.6154,0.9281
0.7895,0.3947,0.5263,0.8797
0.8421,0.5517,0.6667,0.9426
0.8333,0.4839,0.6122,0.9114
0.7778,0.4,0.5283,0.887
0.5556,0.3125,0.4,0.8339
0.8889,0.5,0.64,0.9434
0.7778,0.3889,0.5185,0.8807
0.7368,0.4118,0.5283,0.8884
0.6842,0.4643,0.5532,0.8887
0.8421,0.4,0.5424,0.9003
0.8421,0.4444,0.5818,0.9105
0.8421,0.5714,0.6809,0.9328
0.8889,0.4324,0.5818,0.9037
0.8889,0.5333,0.6667,0.9399
0.6667,0.2927,0.4068,0.8529
0.8333,0.4688,0.6,0.9315
0.7222,0.4063,0.52,0.9045
0.8947,0.4474,0.5965,0.9142
0.7895,0.4167,0.5455,0.9216
0.6842,0.4483,0.5417,0.8712
0.8947,0.4146,0.5667,0.884
0.8421,0.6154,0.7111,0.9083
0.5556,0.3125,0.4,0.8265
0.9444,0.5,0.6538,0.9463
0.8333,0.3261,0.4688,0.8455
0.7222,0.3333,0.4561,0.8831
0.5,0.36,0.4186,0.8481
0.8947,0.5484,0.68,0.9509
0.7895,0.5172,0.625,0.9195
0.7895,0.3409,0.4762,0.8758
0.8421,0.4706,0.6038,0.9203
0.8947,0.5667,0.6939,0.9576
0.9474,0.383,0.5455,0.9104
0.7895,0.4167,0.5455,0.8715
0.8947,0.4474,0.5965,0.9155
1.0,0.4091,0.5806,0.9079
0.6667,0.4286,0.5217,0.8725
0.7778,0.4118,0.5385,0.8831
0.7778,0.4242,0.549,0.869
0.8333,0.4167,0.5556,0.9085
0.9474,0.4,0.5625,0.9085
0.8947,0.3864,0.5397,0.9038
0.7222,0.4063,0.52,0.8704
0.8889,0.5333,0.6667,0.9577
1.0,0.4091,0.5806,0.9214
0.7778,0.3333,0.4667,0.868
0.7778,0.4667,0.5833,0.8839
0.9474,0.383,0.5455,0.9147
0.8421,0.5517,0.6667,0.9355
0.7368,0.4118,0.5283,0.8796
0.7368,0.4,0.5185,0.8551
0.8421,0.4,0.5424,0.8997
1.0,0.5143,0.6792,0.9307
0.7778,0.4242,0.549,0.9299
0.7778,0.4828,0.5957,0.9069
0.7222,0.3714,0.4906,0.8624
0.8333,0.4545,0.5882,0.9225
0.8421,0.4706,0.6038,0.8902
0.8421,0.4444,0.5818,0.9097
0.8947,0.4048,0.5574,0.9089
0.9474,0.5143,0.6667,0.9353
0.8947,0.4595,0.6071,0.9103
0.7778,0.3784,0.5091,0.8614
0.8889,0.5333,0.6667,0.9312
0.8889,0.3902,0.5424,0.9063
0.6111,0.3143,0.4151,0.8122
0.7778,0.4516,0.5714,0.8561
0.8947,0.4857,0.6296,0.9271
1.0,0.3654,0.5352,0.9367
0.9474,0.439,0.6,0.9006
0.7895,0.4167,0.5455,0.9013
0.8421,0.4211,0.5614,0.8922
0.8889,0.4706,0.6154,0.9093
0.7222,0.4333,0.5417,0.8775
0.8889,0.4571,0.6038,0.9159
0.8333,0.3659,0.5085,0.8966
0.7778,0.4667,0.5833,0.891
0.5789,0.4583,0.5116,0.876
0.7895,0.6,0.6818,0.9507
0.8947,0.4857,0.6296,0.9322
0.8947,0.425,0.5763,0.8895
0.8947,0.4474,0.5965,0.914
0.9444,0.4048,0.5667,0.9024
0.8333,0.4167,0.5556,0.8995
0.8333,0.4054,0.5455,0.9193
0.6667,0.4615,0.5455,0.904
0.8889,0.5714,0.6957,0.9497
0.8947,0.4857,0.6296,0.9274
0.8947,0.4359,0.5862,0.8841
0.7895,0.5,0.6122,0.8505
0.8947,0.4857,0.6296,0.911
0.7895,0.4545,0.5769,0.8632
0.7895,0.3947,0.5263,0.8783
0.7895,0.5,0.6122,0.9157
0.8421,0.3721,0.5161,0.8715
0.7778,0.5185,0.6222,0.9336
0.7778,0.4242,0.549,0.896
0.8333,0.4054,0.5455,0.8989
0.6667,0.4444,0.5333,0.8455
0.7778,0.4,0.5283,0.8751
0.7895,0.5769,0.6667,0.9165
0.8947,0.4146,0.5667,0.8579
0.8947,0.3778,0.5313,0.8955
0.6842,0.3939,0.5,0.8421
0.8947,0.5862,0.7083,0.9615
0.7778,0.3684,0.5,0.8759
0.7778,0.4667,0.5833,0.9037
0.7222,0.3611,0.4815,0.8751
0.8333,0.4545,0.5882,0.8984
0.9444,0.3864,0.5484,0.9275
0.8421,0.4444,0.5818,0.905
1.0,0.5135,0.6786,0.9434
0.8889,0.4324,0.5818,0.9347
0.6667,0.3243,0.4364,0.8368
0.8333,0.375,0.5172,0.882
0.7778,0.4828,0.5957,0.9103
0.7778,0.35,0.4828,0.8659
0.7368,0.4118,0.5283,0.8816
0.5263,0.3704,0.4348,0.8419
0.8947,0.4474,0.5965,0.9203
0.5263,0.4348,0.4762,0.8381
0.8421,0.4571,0.5926,0.9
0.7778,0.359,0.4912,0.8862
0.7222,0.3611,0.4815,0.8683
0.9444,0.4857,0.6415,0.9257
0.7222,0.3939,0.5098,0.8646
0.8333,0.4054,0.5455,0.8966
0.8947,0.4146,0.5667,0.8877
0.9474,0.45,0.6102,0.9512
0.6316,0.5217,0.5714,0.9079
0.8421,0.4848,0.6154,0.9391
1.0,0.4318,0.6032,0.9133
0.7895,0.3947,0.5263,0.9119
0.6316,0.3429,0.4444,0.7872
0.9474,0.4865,0.6429,0.9228
0.8889,0.4571,0.6038,0.9116
0.7222,0.4333,0.5417,0.8881
0.7778,0.3684,0.5,0.8606
0.8333,0.3947,0.5357,0.9016
0.7222,0.5652,0.6341,0.9061
0.8421,0.5,0.6275,0.8932
0.8947,0.4857,0.6296,0.9449
0.8333,0.5556,0.6667,0.9455
0.8889,0.5333,0.6667,0.9249
0.6111,0.4231,0.5,0.8847
0.9444,0.4359,0.5965,0.9196
0.8889,0.3721,0.5246,0.8852
0.6316,0.3243,0.4286,0.8226
0.8421,0.4571,0.5926,0.8965
0.7895,0.4545,0.5769,0.8591
0.8421,0.4211,0.5614,0.8832
0.7895,0.3846,0.5172,0.8622
0.9444,0.4474,0.6071,0.9431
0.8333,0.5,0.625,0.9146
0.7778,0.3784,0.5091,0.8836
0.7778,0.4242,0.549,0.8648
0.7778,0.4516,0.5714,0.9204
0.7895,0.375,0.5085,0.8378
0.6842,0.4483,0.5417,0.8816
1.0,0.4634,0.6333,0.9205
1.0,0.4634,0.6333,0.9559
0.8947,0.5,0.6415,0.915
0.7778,0.3684,0.5,0.8585
0.8889,0.4706,0.6154,0.937
0.8889,0.4103,0.5614,0.9066
0.7778,0.5385,0.6364,0.9275
0.8333,0.4545,0.5882,0.9161
0.7368,0.4118,0.5283,0.8687
0.8421,0.4324,0.5714,0.8613
0.7895,0.375,0.5085,0.8712
0.8947,0.5,0.6415,0.9398
0.7368,0.5,0.5957,0.9223
0.6842,0.3714,0.4815,0.8429
0.8421,0.5,0.6275,0.9259
0.7368,0.4828,0.5833,0.8861
0.8889,0.3636,0.5161,0.8569
0.7778,0.4375,0.56,0.9013
0.8889,0.4444,0.5926,0.9127
0.8333,0.5,0.625,0.9124
0.7222,0.4063,0.52,0.8939
0.8421,0.4103,0.5517,0.8865
0.6842,0.3824,0.4906,0.8263
0.8947,0.4722,0.6182,0.9259
0.8421,0.5161,0.64,0.9522
0.7895,0.375,0.5085,0.8183
0.9444,0.425,0.5862,0.946
0.8333,0.5556,0.6667,0.9405
0.8333,0.3947,0.5357,0.8873
0.7222,0.3939,0.5098,0.8743
0.7778,0.4242,0.549,0.9101
0.8947,0.5313,0.6667,0.9055
0.6842,0.5417,0.6047,0.903
0.9444,0.3953,0.5574,0.9138
0.7778,0.5,0.6087,0.9357
0.9444,0.4474,0.6071,0.9479
0.6111,0.3438,0.44,0.8365
0.7778,0.4242,0.549,0.9172
0.8421,0.381,0.5246,0.8851
0.5789,0.3793,0.4583,0.8446
0.7368,0.4375,0.549,0.9031
0.8421,0.3902,0.5333,0.9135
0.8421,0.4571,0.5926,0.9108
0.7778,0.4118,0.5385,0.9019
0.8889,0.5,0.64,0.9368
0.8333,0.4839,0.6122,0.9003
0.8333,0.4286,0.566,0.9034
0.8333,0.4286,0.566,0.8952
0.5789,0.4074,0.4783,0.8312
0.8947,0.3864,0.5397,0.8598
0.7895,0.5769,0.6667,0.8942
0.9474,0.4615,0.6207,0.9013
0.7895,0.4412,0.566,0.8917
0.9444,0.3696,0.5313,0.9116
0.8889,0.5,0.64,0.9198
0.8333,0.4286,0.566,0.8812
0.8889,0.5333,0.6667,0.9577
0.8889,0.4103,0.5614,0.8664
0.8947,0.5152,0.6538,0.937
0.6842,0.4815,0.5652,0.9049
0.6842,0.3939,0.5,0.8593
0.7368,0.4828,0.5833,0.896
0.6842,0.3514,0.4643,0.8421
0.8333,0.4412,0.5769,0.9331
0.8333,0.4167,0.5556,0.8833
0.8889,0.4571,0.6038,0.932
0.8333,0.3947,0.5357,0.8976
1.0,0.4615,0.6316,0.9262
0.6842,0.5652,0.619,0.895
0.9474,0.4615,0.6207,0.9274
0.6842,0.3333,0.4483,0.7978
0.9474,0.45,0.6102,0.8997
0.8947,0.5,0.6415,0.9125
0.6842,0.3421,0.4561,0.8451
0.7368,0.4375,0.549,0.8618
0.6842,0.3514,0.4643,0.8773
0.9444,0.4722,0.6296,0.9299
0.8889,0.3721,0.5246,0.8802
0.6667,0.3871,0.4898,0.8489
0.8333,0.3947,0.5357,0.9238
0.8889,0.5926,0.7111,0.964
0.8421,0.381,0.5246,0.8642
0.8947,0.4857,0.6296,0.9301
0.8333,0.4412,0.5769,0.9304
0.7778,0.4375,0.56,0.8775
0.7778,0.3333,0.4667,0.8664
0.7778,0.4516,0.5714,0.855
1.0,0.4091,0.5806,0.9622
0.9474,0.4865,0.6429,0.9266
1.0,0.4872,0.6552,0.9509
0.6316,0.4286,0.5106,0.858
0.8421,0.5517,0.6667,0.9426
0.8421,0.4103,0.5517,0.904
0.8333,0.3846,0.5263,0.8757
0.8333,0.3846,0.5263,0.8862
0.7778,0.4828,0.5957,0.8685
0.8889,0.4848,0.6275,0.9431
0.8333,0.3846,0.5263,0.864
0.7368,0.4375,0.549,0.8201
0.7895,0.4839,0.6,0.9119
0.9474,0.5,0.6545,0.9183
0.8947,0.425,0.5763,0.896
0.9474,0.4737,0.6316,0.9313
0.7778,0.4242,0.549,0.8944
0.7778,0.4667,0.5833,0.8992
0.7222,0.4643,0.5652,0.9042
0.7778,0.4828,0.5957,0.928
0.7222,0.3939,0.5098,0.8582
0.8947,0.4857,0.6296,0.9044
0.7895,0.4286,0.5556,0.9018
0.8421,0.5517,0.6667,0.9243
0.7895,0.3947,0.5263,0.895
1.0,0.5,0.6667,0.9534
0.8333,0.4545,0.5882,0.9101
0.7222,0.4483,0.5532,0.836
0.8333,0.4167,0.5556,0.8839
0.9444,0.3696,0.5313,0.85
0.7778,0.359,0.4912,0.8569
0.7895,0.4839,0.6,0.9327
0.8421,0.4706,0.6038,0.9307
0.7368,0.4828,0.5833,0.8973
0.8421,0.6667,0.7442,0.9586
0.7895,0.4054,0.5357,0.9018
0.8333,0.4054,0.5455,0.8894
0.8333,0.4545,0.5882,0.9148
0.8889,0.4444,0.5926,0.9116
0.8889,0.3902,0.5424,0.9093
0.7778,0.4242,0.549,0.8942
0.8421,0.4,0.5424,0.8434
0.7895,0.4167,0.5455,0.858
0.8947,0.4146,0.5667,0.9259
0.7895,0.4839,0.6,0.9153
0.7895,0.5357,0.6383,0.916
0.7778,0.3415,0.4746,0.8759
0.8333,0.3846,0.5263,0.8799
0.7222,0.3421,0.4643,0.8706
0.6111,0.4074,0.4889,0.8532
0.8889,0.4444,0.5926,0.9127
0.7895,0.4688,0.5882,0.9266
1.0,0.4043,0.5758,0.917
0.7895,0.4167,0.5455,0.9028
1.0,0.4872,0.6552,0.9168
0.9474,0.5625,0.7059,0.9358
0.8333,0.4545,0.5882,0.9307
0.8333,0.4167,0.5556,0.9119
0.8889,0.381,0.5333,0.8524
0.5556,0.3448,0.4255,0.7648
0.8889,0.4,0.5517,0.9138
0.8421,0.5161,0.64,0.9195
0.8421,0.4571,0.5926,0.9157
0.7895,0.4688,0.5882,0.9056
0.6842,0.3714,0.4815,0.8757
0.8421,0.5,0.6275,0.9208
0.8889,0.5161,0.6531,0.8865
0.8889,0.4211,0.5714,0.9079
0.8889,0.4444,0.5926,0.9376
0.8889,0.4103,0.5614,0.9159
0.6667,0.2791,0.3934,0.7995
0.7368,0.4375,0.549,0.9051
0.7895,0.3947,0.5263,0.8679
0.6842,0.3714,0.4815,0.8679
1.0,0.4222,0.5938,0.9195
0.9474,0.5455,0.6923,0.9599
0.9444,0.4722,0.6296,0.887
0.6111,0.4583,0.5238,0.8566
0.7778,0.4828,0.5957,0.8926
0.8333,0.4545,0.5882,0.8987
0.8889,0.4444,0.5926,0.9019
0.7368,0.3684,0.4912,0.836
0.9474,0.4615,0.6207,0.9183
0.7895,0.4167,0.5455,0.8674
0.8421,0.4848,0.6154,0.9213
0.8947,0.4474,0.5965,0.9173
0.7222,0.4815,0.5778,0.8971
0.7778,0.3889,0.5185,0.8712
0.7778,0.4242,0.549,0.8923
0.8889,0.4706,0.6154,0.9283
0.7222,0.3939,0.5098,0.9085
0.8421,0.4324,0.5714,0.9097
0.8421,0.5517,0.6667,0.9137
0.7368,0.4,0.5185,0.8778
0.7368,0.3043,0.4308,0.8195
0.7895,0.3659,0.5,0.8732
0.7222,0.4194,0.5306,0.887
0.6667,0.4286,0.5217,0.8971
0.8889,0.4706,0.6154,0.919
0.6667,0.4444,0.5333,0.9019
0.8889,0.5517,0.6809,0.9307
0.8947,0.425,0.5763,0.8985
0.7368,0.4375,0.549,0.854
0.8421,0.4706,0.6038,0.9094
0.8421,0.4103,0.5517,0.901
0.7368,0.4516,0.56,0.8965
0.7222,0.3824,0.5,0.841
0.8889,0.3404,0.4923,0.9032
0.8889,0.4444,0.5926,0.8759
0.9444,0.4595,0.6182,0.9241
0.8333,0.5357,0.6522,0.9288
0.7895,0.5172,0.625,0.8631
0.8947,0.4595,0.6071,0.9188
0.7368,0.5,0.5957,0.914
0.8421,0.381,0.5246,0.8957
0.8421,0.4211,0.5614,0.8942
0.7778,0.3684,0.5,0.8881
0.8333,0.4167,0.5556,0.896
0.9444,0.4359,0.5965,0.9323
0.8333,0.3947,0.5357,0.9071
0.8889,0.3721,0.5246,0.873
0.9474,0.4865,0.6429,0.8866
0.7368,0.4828,0.5833,0.8846
0.6842,0.4063,0.5098,0.8747
0.7895,0.4286,0.5556,0.9115
0.8947,0.4722,0.6182,0.9343
0.7368,0.35,0.4746,0.8575
0.7368,0.4242,0.5385,0.874
0.9474,0.4091,0.5714,0.8646
0.8889,0.4103,0.5614,0.9331
0.6667,0.3871,0.4898,0.8474
0.9444,0.5313,0.68,0.9524
0.5556,0.3125,0.4,0.763
0.9444,0.4595,0.6182,0.9312
0.8947,0.3778,0.5313,0.9043
1.0,0.475,0.6441,0.9145
0.6667,0.5714,0.6154,0.9056
0.7222,0.3611,0.4815,0.845
0.9444,0.4722,0.6296,0.9053
0.9444,0.5313,0.68,0.9347
0.6111,0.3667,0.4583,0.8474
0.8947,0.5152,0.6538,0.918
0.9474,0.5625,0.7059,0.9266
0.9474,0.4286,0.5902,0.917
0.8421,0.5333,0.6531,0.9251
0.8947,0.5,0.6415,0.9281
0.7222,0.4483,0.5532,0.9003
0.6667,0.3636,0.4706,0.8386
0.6667,0.4615,0.5455,0.8937
0.8333,0.4545,0.5882,0.9238
0.7222,0.3714,0.4906,0.8831
1.0,0.4222,0.5938,0.8747
0.8421,0.4571,0.5926,0.8927
0.9474,0.4615,0.6207,0.9281
0.9474,0.5,0.6545,0.9243
0.8421,0.4571,0.5926,0.8997
0.6667,0.3871,0.4898,0.8437
0.8333,0.4286,0.566,0.9058
0.8889,0.4103,0.5614,0.9254
0.8333,0.4839,0.6122,0.9037
0.8333,0.5172,0.6383,0.9116
0.7895,0.4545,0.5769,0.9061
0.8421,0.4848,0.6154,0.8871
0.8421,0.4324,0.5714,0.8598
0.8421,0.4444,0.5818,0.8842
0.8421,0.4103,0.5517,0.8429
0.9444,0.4359,0.5965,0.8733
0.8333,0.4054,0.5455,0.8735
0.8333,0.4054,0.5455,0.8921
0.7222,0.3611,0.4815,0.872
0.8889,0.5517,0.6809,0.9413
0.7368,0.5833,0.6512,0.9291
0.7895,0.5172,0.625,0.9031
0.9474,0.4737,0.6316,0.938
0.8947,0.4595,0.6071,0.9
0.7368,0.5,0.5957,0.909
0.8889,0.4103,0.5614,0.9341
0.8889,0.5714,0.6957,0.9302
0.8333,0.4286,0.566,0.8979
0.9444,0.4474,0.6071,0.9077
0.7222,0.4194,0.5306,0.873
0.9474,0.3913,0.5538,0.8871
0.5789,0.3667,0.449,0.7973
0.8421,0.4211,0.5614,0.8806
0.8947,0.4722,0.6182,0.9203
0.7368,0.3256,0.4516,0.8033
0.8333,0.4412,0.5769,0.9143
0.9444,0.5667,0.7083,0.922
0.8889,0.4103,0.5614,0.8807
1.0,0.4615,0.6316,0.9241
0.8889,0.4706,0.6154,0.9381
0.7368,0.3784,0.5,0.8808
0.8421,0.4444,0.5818,0.9254
0.7895,0.6,0.6818,0.9281
0.6316,0.3158,0.4211,0.8083
0.8947,0.4722,0.6182,0.9316
0.8889,0.4444,0.5926,0.9132
0.8889,0.4211,0.5714,0.8926
0.7222,0.3333,0.4561,0.855
1.0,0.4737,0.6429,0.9497
0.6667,0.4444,0.5333,0.9172
0.8947,0.4359,0.5862,0.9046
0.7368,0.5185,0.6087,0.8995
0.8947,0.4048,0.5574,0.8753
0.8947,0.4722,0.6182,0.9208
0.7368,0.3415,0.4667,0.8135
0.7778,0.4375,0.56,0.913
0.7778,0.4516,0.5714,0.9032
0.7778,0.4516,0.5714,0.9016
0.8889,0.4324,0.5818,0.9019
0.8889,0.4,0.5517,0.8524
0.7895,0.4688,0.5882,0.8854
0.6842,0.3611,0.4727,0.8871
0.7895,0.4545,0.5769,0.8995
0.8421,0.3902,0.5333,0.885
0.8421,0.4848,0.6154,0.9341
0.6842,0.3824,0.4906,0.8578
0.8947,0.4722,0.6182,0.9413
1.0,0.3725,0.5429,0.914
0.7778,0.5,0.6087,0.9275
0.9444,0.4722,0.6296,0.9013
0.7778,0.4516,0.5714,0.8762
0.8333,0.4545,0.5882,0.9032
0.8889,0.5161,0.6531,0.9278
0.9474,0.5,0.6545,0.8825
0.7895,0.3488,0.4839,0.8912
0.7222,0.4194,0.5306,0.9074
0.7778,0.4242,0.549,0.8738
0.7778,0.4516,0.5714,0.9071
0.8333,0.3846,0.5263,0.8484
0.7778,0.5185,0.6222,0.9167
0.8947,0.425,0.5763,0.8983
0.9474,0.4737,0.6316,0.918
0.7895,0.4412,0.566,0.9076
0.8421,0.6154,0.7111,0.9519
0.7895,0.4054,0.5357,0.8441
0.7778,0.4667,0.5833,0.9106
0.8333,0.4545,0.5882,0.9026
0.7778,0.359,0.4912,0.8791
0.7222,0.4194,0.5306,0.8561
0.8889,0.4706,0.6154,0.9299
0.7895,0.4545,0.5769,0.8866
0.8947,0.3864,0.5397,0.8947
0.8947,0.3864,0.5397,0.8753
0.7895,0.4412,0.566,0.8684
0.9474,0.4615,0.6207,0.9173
0.8889,0.4706,0.6154,0.9177
0.7778,0.4118,0.5385,0.8714
0.8889,0.3902,0.5424,0.9087
0.7778,0.5,0.6087,0.9074
0.7222,0.4483,0.5532,0.8823
0.8947,0.5,0.6415,0.9165
1.0,0.4524,0.623,0.9266
0.5263,0.3125,0.3922,0.7993
0.7368,0.4118,0.5283,0.8707
0.8947,0.4857,0.6296,0.9221
0.5789,0.4231,0.4889,0.8459
0.8421,0.4211,0.5614,0.9218
0.6842,0.3421,0.4561,0.8505
0.8889,0.4571,0.6038,0.9169
0.8889,0.5,0.64,0.9458
0.7778,0.4242,0.549,0.8823
0.8333,0.3846,0.5263,0.8944
0.7778,0.4375,0.56,0.9037
0.8421,0.4211,0.5614,0.9045
0.7895,0.4286,0.5556,0.8912
0.8333,0.4688,0.6,0.8892
0.8889,0.4103,0.5614,0.9328
0.7778,0.4667,0.5833,0.9124
0.7778,0.4828,0.5957,0.877
0.8889,0.4103,0.5614,0.8873
0.7895,0.5357,0.6383,0.9023
0.9474,0.4615,0.6207,0.9216
0.8421,0.3721,0.5161,0.8669
0.7895,0.4688,0.5882,0.8955
0.8947,0.4146,0.5667,0.9125
0.7222,0.3714,0.4906,0.8664
0.8333,0.4688,0.6,0.8714
0.8333,0.4688,0.6,0.9291
0.8333,0.4286,0.566,0.922
0.8889,0.4103,0.5614,0.8624
0.8947,0.4857,0.6296,0.9335
0.8947,0.5,0.6415,0.9135
0.6316,0.48,0.5455,0.8914
0.9474,0.4615,0.6207,0.9439
0.8421,0.4324,0.5714,0.903
0.8333,0.375,0.5172,0.8735
0.7222,0.3824,0.5,0.8484
0.8889,0.4706,0.6154,0.9167
0.8333,0.5,0.625,0.9328
0.8333,0.4054,0.5455,0.8743
0.7895,0.6,0.6818,0.9309
0.6842,0.4333,0.5306,0.8983
0.7895,0.4054,0.5357,0.916
0.7895,0.5,0.6122,0.9243
0.7368,0.4242,0.5385,0.8792
0.7222,0.4063,0.52,0.8939
0.7778,0.4667,0.5833,0.9122
0.8889,0.4211,0.5714,0.9333
0.7778,0.4242,0.549,0.8886
0.7222,0.3939,0.5098,0.8481
0.8421,0.381,0.5246,0.8985
0.7895,0.4054,0.5357,0.8578
0.8421,0.4444,0.5818,0.9243
0.7895,0.5,0.6122,0.8887
0.7895,0.4167,0.5455,0.8634
0.7778,0.4516,0.5714,0.9243
0.7778,0.35,0.4828,0.8063
0.8889,0.4211,0.5714,0.9394
0.8889,0.4848,0.6275,0.8981
0.9444,0.425,0.5862,0.9241
0.8421,0.4706,0.6038,0.9109
0.7368,0.4516,0.56,0.8373
0.7895,0.4054,0.5357,0.9036
1.0,0.5,0.6667,0.9692
0.8947,0.5152,0.6538,0.9296
0.6667,0.2927,0.4068,0.8132
0.9444,0.5862,0.7234,0.9429
0.7778,0.3889,0.5185,0.8728
0.7778,0.4,0.5283,0.8886
0.8333,0.3571,0.5,0.8643
0.7368,0.4242,0.5385,0.8836
0.7895,0.625,0.6977,0.8952
0.7895,0.3659,0.5,0.8821
0.6842,0.3939,0.5,0.8762
0.8421,0.3721,0.5161,0.8619
0.6111,0.2683,0.3729,0.8153
0.7222,0.4063,0.52,0.8495
0.8333,0.4545,0.5882,0.8778
0.8333,0.4412,0.5769,0.8545
0.7778,0.4516,0.5714,0.9206
0.8947,0.5152,0.6538,0.9509
0.7895,0.5769,0.6667,0.9236
1.0,0.5278,0.6909,0.9691
0.7895,0.4167,0.5455,0.8546
0.7895,0.4688,0.5882,0.8905
0.7778,0.4242,0.549,0.8976
0.9444,0.4857,0.6415,0.9413
0.6667,0.5217,0.5854,0.9323
0.8889,0.3556,0.5079,0.886
0.7778,0.4,0.5283,0.8918
0.8421,0.4848,0.6154,0.9233
0.7895,0.4054,0.5357,0.8861
0.9474,0.5625,0.7059,0.9613
0.6842,0.52,0.5909,0.9045
0.8947,0.425,0.5763,0.9128
0.7222,0.3333,0.4561,0.8712
0.7778,0.4242,0.549,0.8852
0.6111,0.44,0.5116,0.8431
0.7778,0.3684,0.5,0.8749
0.8889,0.3556,0.5079,0.8574
0.8947,0.5313,0.6667,0.8998
0.8421,0.4848,0.6154,0.9216
0.8421,0.4571,0.5926,0.9243
