RUSBag
1.0,0.4286,0.6,0.9412
1.0,0.4098,0.5814,0.9431
1.0,0.4717,0.641,0.9598
0.96,0.5,0.6575,0.966
1.0,0.4211,0.5926,0.9577
1.0,0.4364,0.6076,0.979
1.0,0.4,0.5714,0.9534
1.0,0.5714,0.7273,0.9761
1.0,0.4528,0.6234,0.9675
1.0,0.4528,0.6234,0.9505
0.9583,0.451,0.6133,0.9545
0.84,0.5122,0.6364,0.963
0.96,0.4528,0.6154,0.9443
1.0,0.5102,0.6757,0.9748
1.0,0.4364,0.6076,0.938
1.0,0.5,0.6667,0.9805
0.9583,0.5,0.6571,0.9509
1.0,0.4444,0.6154,0.939
1.0,0.4615,0.6316,0.9704
1.0,0.3934,0.5647,0.9299
1.0,0.4211,0.5926,0.9579
1.0,0.4237,0.5952,0.9504
1.0,0.5208,0.6849,0.9742
1.0,0.4902,0.6579,0.9619
1.0,0.3934,0.5647,0.937
1.0,0.5,0.6667,0.9781
1.0,0.5854,0.7385,0.9583
1.0,0.4706,0.64,0.9682
1.0,0.375,0.5455,0.9597
1.0,0.4898,0.6575,0.9816
1.0,0.4138,0.5854,0.9527
1.0,0.4808,0.6494,0.9553
1.0,0.4902,0.6579,0.9659
1.0,0.4464,0.6173,0.9547
1.0,0.4068,0.5783,0.9462
1.0,0.4286,0.6,0.9549
1.0,0.4615,0.6316,0.9518
1.0,0.48,0.6486,0.9633
0.9167,0.5238,0.6667,0.9581
1.0,0.3934,0.5647,0.9662
1.0,0.4138,0.5854,0.9605
0.96,0.5,0.6575,0.9642
1.0,0.4098,0.5814,0.9384
1.0,0.4386,0.6098,0.9377
1.0,0.4286,0.6,0.963
1.0,0.4364,0.6076,0.9685
1.0,0.4364,0.6076,0.9523
1.0,0.4528,0.6234,0.9657
1.0,0.5217,0.6857,0.9554
1.0,0.4706,0.64,0.973
1.0,0.4364,0.6076,0.9408
1.0,0.4902,0.6579,0.98
1.0,0.4902,0.6579,0.9467
1.0,0.4902,0.6579,0.966
1.0,0.4211,0.5926,0.9365
1.0,0.5106,0.6761,0.9806
0.9583,0.4107,0.575,0.9561
1.0,0.4286,0.6,0.9466
0.9583,0.4423,0.6053,0.9619
1.0,0.4364,0.6076,0.9709
0.9583,0.434,0.5974,0.9548
0.96,0.4444,0.6076,0.9515
1.0,0.5102,0.6757,0.9717
1.0,0.3906,0.5618,0.9417
1.0,0.3934,0.5647,0.9417
1.0,0.5455,0.7059,0.9801
1.0,0.4898,0.6575,0.9573
1.0,0.4286,0.6,0.9596
1.0,0.4138,0.5854,0.9228
1.0,0.5333,0.6957,0.9785
1.0,0.4898,0.6575,0.9761
1.0,0.463,0.6329,0.9611
0.92,0.4182,0.575,0.9479
0.96,0.5,0.6575,0.9668
1.0,0.4615,0.6316,0.9715
0.9167,0.5641,0.6984,0.9617
1.0,0.4444,0.6154,0.9479
1.0,0.381,0.5517,0.9495
1.0,0.4068,0.5783,0.9406
1.0,0.4211,0.5926,0.9649
1.0,0.4528,0.6234,0.9471
1.0,0.431,0.6024,0.8981
0.92,0.5,0.6479,0.9656
1.0,0.463,0.6329,0.9631
1.0,0.4444,0.6154,0.9631
1.0,0.5,0.6667,0.9754
1.0,0.4068,0.5783,0.9706
1.0,0.4364,0.6076,0.9455
1.0,0.4286,0.6,0.9452
1.0,0.48,0.6486,0.9411
1.0,0.4286,0.6,0.9503
0.92,0.575,0.7077,0.9483
1.0,0.4464,0.6173,0.9615
1.0,0.431,0.6024,0.9441
1.0,0.4138,0.5854,0.9524
1.0,0.5106,0.6761,0.9733
1.0,0.4364,0.6076,0.9662
1.0,0.4528,0.6234,0.9667
1.0,0.4615,0.6316,0.9528
1.0,0.5106,0.6761,0.9792
1.0,0.4615,0.6316,0.9601
1.0,0.4717,0.641,0.9809
1.0,0.4902,0.6579,0.9521
1.0,0.5952,0.7463,0.968
1.0,0.4615,0.6316,0.9532
1.0,0.3871,0.5581,0.9672
1.0,0.4,0.5714,0.9651
1.0,0.4706,0.64,0.9474
1.0,0.4444,0.6154,0.9549
1.0,0.4138,0.5854,0.9776
1.0,0.4615,0.6316,0.9746
1.0,0.463,0.6329,0.9437
1.0,0.4098,0.5814,0.9599
0.96,0.4364,0.6,0.9588
1.0,0.4364,0.6076,0.9604
1.0,0.48,0.6486,0.9716
0.9583,0.4894,0.6479,0.9641
0.9583,0.575,0.7188,0.9642
1.0,0.5106,0.6761,0.9595
1.0,0.4528,0.6234,0.9464
1.0,0.5,0.6667,0.9656
1.0,0.5435,0.7042,0.9667
1.0,0.4032,0.5747,0.9484
1.0,0.4098,0.5814,0.9501
0.9167,0.55,0.6875,0.9672
1.0,0.4138,0.5854,0.9446
1.0,0.3934,0.5647,0.9352
1.0,0.5217,0.6857,0.9708
1.0,0.4211,0.5926,0.9657
0.9167,0.4889,0.6377,0.9502
1.0,0.5106,0.6761,0.9695
1.0,0.431,0.6024,0.9379
1.0,0.4464,0.6173,0.952
1.0,0.4717,0.641,0.974
1.0,0.4528,0.6234,0.9776
1.0,0.4286,0.6,0.9681
1.0,0.4,0.5714,0.9572
0.9167,0.44,0.5946,0.9559
1.0,0.5,0.6667,0.9688
1.0,0.4286,0.6,0.9446
1.0,0.4615,0.6316,0.9574
1.0,0.4902,0.6579,0.9586
1.0,0.5102,0.6757,0.9523
0.96,0.4615,0.6234,0.9801
1.0,0.5,0.6667,0.9733
0.9167,0.5,0.6471,0.9645
0.9583,0.4107,0.575,0.9462
1.0,0.4444,0.6154,0.9635
1.0,0.4528,0.6234,0.9642
1.0,0.4,0.5714,0.9279
0.9167,0.4783,0.6286,0.9507
1.0,0.5102,0.6757,0.9517
1.0,0.5,0.6667,0.9417
1.0,0.431,0.6024,0.9616
1.0,0.4615,0.6316,0.9579
1.0,0.4138,0.5854,0.9691
0.9583,0.4107,0.575,0.9441
0.9583,0.434,0.5974,0.941
1.0,0.375,0.5455,0.9691
1.0,0.5455,0.7059,0.9846
1.0,0.4364,0.6076,0.9531
1.0,0.3731,0.5435,0.9556
0.88,0.449,0.5946,0.9404
1.0,0.4902,0.6579,0.9743
1.0,0.48,0.6486,0.9622
1.0,0.4898,0.6575,0.965
1.0,0.48,0.6486,0.9564
1.0,0.381,0.5517,0.9344
1.0,0.4898,0.6575,0.9698
1.0,0.5714,0.7273,0.9807
1.0,0.4528,0.6234,0.967
1.0,0.3968,0.5682,0.961
0.96,0.5,0.6575,0.954
1.0,0.5319,0.6944,0.9544
0.9583,0.4694,0.6301,0.9484
1.0,0.4286,0.6,0.9648
1.0,0.48,0.6486,0.9752
1.0,0.4286,0.6,0.973
1.0,0.381,0.5517,0.9653
1.0,0.4615,0.6316,0.9603
1.0,0.4068,0.5783,0.9288
1.0,0.4032,0.5747,0.9374
1.0,0.4545,0.625,0.959
1.0,0.4464,0.6173,0.9414
1.0,0.4286,0.6,0.9861
0.9583,0.4694,0.6301,0.9541
1.0,0.4898,0.6575,0.9702
1.0,0.4706,0.64,0.9689
1.0,0.5106,0.6761,0.9726
1.0,0.4706,0.64,0.9682
1.0,0.5,0.6667,0.9464
1.0,0.4545,0.625,0.9636
0.96,0.5106,0.6667,0.954
0.96,0.5106,0.6667,0.9591
1.0,0.4444,0.6154,0.9765
1.0,0.4444,0.6154,0.9681
1.0,0.4068,0.5783,0.9599
1.0,0.4528,0.6234,0.9636
1.0,0.4444,0.6154,0.9487
1.0,0.3934,0.5647,0.9591
1.0,0.5,0.6667,0.9487
1.0,0.3906,0.5618,0.9648
0.96,0.5,0.6575,0.964
1.0,0.463,0.6329,0.9614
0.9583,0.5,0.6571,0.9569
1.0,0.4286,0.6,0.9637
1.0,0.4211,0.5926,0.9456
1.0,0.5106,0.6761,0.9739
1.0,0.4286,0.6,0.9691
1.0,0.4138,0.5854,0.9533
1.0,0.4528,0.6234,0.9792
0.96,0.4615,0.6234,0.96
0.92,0.5111,0.6571,0.9663
1.0,0.5,0.6667,0.9706
1.0,0.4286,0.6,0.9595
1.0,0.381,0.5517,0.9697
1.0,0.48,0.6486,0.9675
1.0,0.4211,0.5926,0.9318
1.0,0.48,0.6486,0.9369
1.0,0.5,0.6667,0.9735
1.0,0.3871,0.5581,0.9375
1.0,0.5,0.6667,0.9523
1.0,0.4808,0.6494,0.9591
1.0,0.4464,0.6173,0.9731
0.9167,0.4783,0.6286,0.9541
1.0,0.4528,0.6234,0.9803
1.0,0.4364,0.6076,0.9483
1.0,0.4898,0.6575,0.9712
0.9583,0.5227,0.6765,0.9658
1.0,0.4364,0.6076,0.9659
1.0,0.4211,0.5926,0.9525
1.0,0.4464,0.6173,0.9606
1.0,0.4464,0.6173,0.9862
1.0,0.4717,0.641,0.9743
0.9167,0.4681,0.6197,0.9596
1.0,0.4364,0.6076,0.9691
1.0,0.4706,0.64,0.9697
1.0,0.4528,0.6234,0.9619
1.0,0.48,0.6486,0.9561
1.0,0.4286,0.6,0.9443
1.0,0.4706,0.64,0.9664
1.0,0.4386,0.6098,0.9546
1.0,0.5435,0.7042,0.9725
1.0,0.4545,0.625,0.9754
1.0,0.4211,0.5926,0.9421
1.0,0.4898,0.6575,0.9545
0.9583,0.4035,0.5679,0.9479
1.0,0.5217,0.6857,0.9819
0.9167,0.44,0.5946,0.9222
1.0,0.3934,0.5647,0.945
1.0,0.4808,0.6494,0.9599
0.96,0.3934,0.5581,0.933
1.0,0.5,0.6667,0.9653
1.0,0.5,0.6667,0.9544
0.9583,0.434,0.5974,0.9522
1.0,0.4615,0.6316,0.9712
1.0,0.4138,0.5854,0.9612
0.9583,0.451,0.6133,0.9624
1.0,0.4706,0.64,0.9632
1.0,0.4528,0.6234,0.9725
1.0,0.463,0.6329,0.9622
0.92,0.4694,0.6216,0.9535
1.0,0.4464,0.6173,0.9591
0.9167,0.4314,0.5867,0.9591
1.0,0.5333,0.6957,0.9794
1.0,0.4444,0.6154,0.9621
1.0,0.4211,0.5926,0.9459
1.0,0.4528,0.6234,0.9457
1.0,0.4286,0.6,0.9504
1.0,0.4898,0.6575,0.9706
1.0,0.5,0.6667,0.9682
1.0,0.4545,0.625,0.9422
1.0,0.3472,0.5155,0.9072
0.92,0.451,0.6053,0.9495
1.0,0.4615,0.6316,0.9775
1.0,0.5106,0.6761,0.9749
1.0,0.5,0.6667,0.9803
1.0,0.4444,0.6154,0.9682
1.0,0.4615,0.6316,0.9552
1.0,0.4528,0.6234,0.9797
1.0,0.4211,0.5926,0.9741
1.0,0.4032,0.5747,0.9567
1.0,0.5435,0.7042,0.959
1.0,0.5102,0.6757,0.9546
1.0,0.48,0.6486,0.9688
1.0,0.4528,0.6234,0.9529
1.0,0.5106,0.6761,0.9781
1.0,0.4211,0.5926,0.9497
0.9583,0.4259,0.5897,0.9327
1.0,0.4211,0.5926,0.9533
1.0,0.3636,0.5333,0.9565
1.0,0.4167,0.5882,0.9528
1.0,0.4902,0.6579,0.9662
0.96,0.48,0.64,0.9409
1.0,0.4364,0.6076,0.955
0.9167,0.55,0.6875,0.968
1.0,0.5854,0.7385,0.9743
1.0,0.5,0.6667,0.9754
1.0,0.4706,0.64,0.9797
1.0,0.4138,0.5854,0.9657
1.0,0.4364,0.6076,0.961
0.96,0.5854,0.7273,0.9702
1.0,0.4098,0.5814,0.9649
1.0,0.4902,0.6579,0.9498
1.0,0.5106,0.6761,0.9751
1.0,0.4286,0.6,0.9695
1.0,0.3871,0.5581,0.9505
1.0,0.4211,0.5926,0.9546
0.9583,0.451,0.6133,0.9578
1.0,0.5,0.6667,0.9716
1.0,0.5333,0.6957,0.9774
1.0,0.4032,0.5747,0.9263
0.88,0.5,0.6377,0.9637
0.96,0.381,0.5455,0.9474
1.0,0.4444,0.6154,0.9554
1.0,0.5,0.6667,0.9599
1.0,0.4706,0.64,0.9745
0.9583,0.46,0.6216,0.9641
1.0,0.3934,0.5647,0.9608
1.0,0.4444,0.6154,0.9798
1.0,0.4444,0.6154,0.9614
0.96,0.4068,0.5714,0.9374
1.0,0.5208,0.6849,0.974
1.0,0.463,0.6329,0.973
1.0,0.5455,0.7059,0.9757
1.0,0.4068,0.5783,0.9676
1.0,0.4068,0.5783,0.9358
1.0,0.4898,0.6575,0.9659
0.9167,0.4,0.557,0.9411
1.0,0.48,0.6486,0.9731
1.0,0.4545,0.625,0.9622
1.0,0.5,0.6667,0.9669
1.0,0.4032,0.5747,0.9562
1.0,0.4068,0.5783,0.9614
1.0,0.4444,0.6154,0.9399
1.0,0.4615,0.6316,0.9595
1.0,0.4286,0.6,0.9693
1.0,0.6,0.75,0.9729
1.0,0.4898,0.6575,0.963
1.0,0.3934,0.5647,0.9609
1.0,0.4068,0.5783,0.954
0.96,0.5455,0.6957,0.9795
1.0,0.463,0.6329,0.9626
1.0,0.4808,0.6494,0.9512
1.0,0.4286,0.6,0.9699
1.0,0.4286,0.6,0.9619
1.0,0.4138,0.5854,0.9408
1.0,0.4615,0.6316,0.9519
1.0,0.4528,0.6234,0.959
1.0,0.48,0.6486,0.9709
1.0,0.3934,0.5647,0.9305
1.0,0.3731,0.5435,0.8735
1.0,0.5208,0.6849,0.9606
1.0,0.3968,0.5682,0.958
1.0,0.5,0.6667,0.956
1.0,0.4528,0.6234,0.9564
0.9167,0.5789,0.7097,0.9807
1.0,0.5106,0.6761,0.9734
0.9583,0.4894,0.6479,0.9681
1.0,0.48,0.6486,0.9673
0.875,0.4375,0.5833,0.9361
1.0,0.4808,0.6494,0.9717
1.0,0.4545,0.625,0.9656
1.0,0.5435,0.7042,0.9806
1.0,0.48,0.6486,0.9507
1.0,0.48,0.6486,0.9648
1.0,0.48,0.6486,0.9628
1.0,0.48,0.6486,0.9823
1.0,0.4211,0.5926,0.959
0.9583,0.3833,0.5476,0.9394
1.0,0.431,0.6024,0.9583
1.0,0.431,0.6024,0.9684
0.96,0.4286,0.5926,0.9467
1.0,0.4,0.5714,0.9224
1.0,0.4528,0.6234,0.9549
1.0,0.5714,0.7273,0.9743
1.0,0.5,0.6667,0.9527
1.0,0.5455,0.7059,0.9731
1.0,0.381,0.5517,0.9441
1.0,0.4444,0.6154,0.9682
0.9583,0.434,0.5974,0.9608
1.0,0.3968,0.5682,0.9659
1.0,0.4167,0.5882,0.9573
0.92,0.4894,0.6389,0.9491
1.0,0.6,0.75,0.9717
1.0,0.5106,0.6761,0.9513
1.0,0.5,0.6667,0.9619
1.0,0.4,0.5714,0.9671
1.0,0.4138,0.5854,0.9177
0.9583,0.4894,0.6479,0.9699
0.9583,0.5,0.6571,0.9735
0.92,0.4894,0.6389,0.9586
0.96,0.4444,0.6076,0.9428
1.0,0.3846,0.5556,0.9686
1.0,0.5455,0.7059,0.951
1.0,0.5,0.6667,0.9573
1.0,0.4898,0.6575,0.9673
1.0,0.4,0.5714,0.9479
1.0,0.4528,0.6234,0.9577
1.0,0.5106,0.6761,0.9796
1.0,0.4138,0.5854,0.9665
1.0,0.4032,0.5747,0.9178
1.0,0.4717,0.641,0.9737
1.0,0.463,0.6329,0.9707
1.0,0.4528,0.6234,0.9543
0.9583,0.561,0.7077,0.9758
1.0,0.4068,0.5783,0.9633
1.0,0.5714,0.7273,0.963
0.9583,0.4423,0.6053,0.9441
0.9583,0.4894,0.6479,0.9745
1.0,0.5,0.6667,0.9609
1.0,0.5319,0.6944,0.9499
1.0,0.3906,0.5618,0.9423
0.9583,0.3833,0.5476,0.9427
1.0,0.48,0.6486,0.9668
1.0,0.4211,0.5926,0.9552
1.0,0.5581,0.7164,0.9826
1.0,0.4211,0.5926,0.956
1.0,0.4898,0.6575,0.9749
0.8333,0.4762,0.6061,0.9559
0.9583,0.4259,0.5897,0.9379
1.0,0.5208,0.6849,0.976
1.0,0.5,0.6667,0.972
0.92,0.4792,0.6301,0.9336
1.0,0.4138,0.5854,0.9522
1.0,0.4615,0.6316,0.9639
1.0,0.4068,0.5783,0.9471
1.0,0.4706,0.64,0.9754
1.0,0.4138,0.5854,0.959
1.0,0.48,0.6486,0.9583
0.96,0.4706,0.6316,0.959
1.0,0.463,0.6329,0.9514
1.0,0.5102,0.6757,0.9663
1.0,0.4211,0.5926,0.9554
1.0,0.4615,0.6316,0.9668
1.0,0.5,0.6667,0.981
1.0,0.3871,0.5581,0.9628
1.0,0.4444,0.6154,0.9498
1.0,0.5,0.6667,0.9622
1.0,0.4364,0.6076,0.9459
0.9583,0.4694,0.6301,0.9659
0.96,0.48,0.64,0.9517
1.0,0.4545,0.625,0.9536
1.0,0.4167,0.5882,0.9435
1.0,0.4286,0.6,0.9554
1.0,0.4138,0.5854,0.9547
1.0,0.4706,0.64,0.9725
0.9583,0.4035,0.5679,0.9465
1.0,0.5,0.6667,0.97
1.0,0.4706,0.64,0.9693
1.0,0.4,0.5714,0.95
1.0,0.4167,0.5882,0.9668
0.96,0.5581,0.7059,0.9721
1.0,0.4386,0.6098,0.9658
1.0,0.4444,0.6154,0.9405
1.0,0.4898,0.6575,0.9682
1.0,0.48,0.6486,0.9724
1.0,0.4706,0.64,0.9502
0.9583,0.4792,0.6389,0.9473
1.0,0.4364,0.6076,0.9681
1.0,0.3692,0.5393,0.9375
1.0,0.4237,0.5952,0.9405
1.0,0.5556,0.7143,0.9801
1.0,0.4386,0.6098,0.9543
1.0,0.4364,0.6076,0.96
1.0,0.4444,0.6154,0.9405
1.0,0.4138,0.5854,0.9588
1.0,0.4615,0.6316,0.9743
1.0,0.6154,0.7619,0.9747
1.0,0.5,0.6667,0.9684
1.0,0.4211,0.5926,0.97
1.0,0.4717,0.641,0.9774
1.0,0.463,0.6329,0.9672
0.96,0.4528,0.6154,0.9506
1.0,0.4528,0.6234,0.9549
0.9583,0.434,0.5974,0.9632
1.0,0.4528,0.6234,0.9513
1.0,0.4615,0.6316,0.9527
1.0,0.4364,0.6076,0.9532
1.0,0.4615,0.6316,0.9613
1.0,0.375,0.5455,0.9579
1.0,0.4545,0.625,0.9631
1.0,0.4386,0.6098,0.9496
1.0,0.4386,0.6098,0.9619
1.0,0.5,0.6667,0.9655
1.0,0.4898,0.6575,0.9639
1.0,0.4286,0.6,0.9622
1.0,0.48,0.6486,0.965
1.0,0.4,0.5714,0.9642
1.0,0.5106,0.6761,0.9731
1.0,0.4286,0.6,0.9674
1.0,0.463,0.6329,0.9759
1.0,0.431,0.6024,0.9673
1.0,0.5102,0.6757,0.9473
1.0,0.4444,0.6154,0.938
1.0,0.4364,0.6076,0.957
1.0,0.5,0.6667,0.9676
0.9583,0.5349,0.6866,0.9582
1.0,0.4286,0.6,0.9801
1.0,0.4068,0.5783,0.9642
1.0,0.48,0.6486,0.9692
1.0,0.463,0.6329,0.9622
1.0,0.3521,0.5208,0.936
1.0,0.5556,0.7143,0.954
0.9583,0.4182,0.5823,0.9492
1.0,0.4286,0.6,0.954
1.0,0.4444,0.6154,0.9796
1.0,0.4138,0.5854,0.9736
1.0,0.5455,0.7059,0.9778
1.0,0.5106,0.6761,0.9639
1.0,0.4615,0.6316,0.9714
1.0,0.5,0.6667,0.9667
1.0,0.3968,0.5682,0.9344
1.0,0.4545,0.625,0.9451
1.0,0.6,0.75,0.9839
1.0,0.4444,0.6154,0.9426
1.0,0.5,0.6667,0.9716
1.0,0.4444,0.6154,0.9739
1.0,0.4706,0.64,0.9534
1.0,0.3692,0.5393,0.9344
1.0,0.4898,0.6575,0.9565
1.0,0.3906,0.5618,0.949
1.0,0.4808,0.6494,0.9772
1.0,0.4386,0.6098,0.9651
1.0,0.4898,0.6575,0.9698
1.0,0.4444,0.6154,0.9456
1.0,0.5,0.6667,0.9617
1.0,0.4444,0.6154,0.9529
0.9583,0.451,0.6133,0.9356
1.0,0.48,0.6486,0.9727
1.0,0.4138,0.5854,0.9647
1.0,0.463,0.6329,0.9741
1.0,0.463,0.6329,0.9406
1.0,0.4808,0.6494,0.9657
1.0,0.5,0.6667,0.9637
1.0,0.4211,0.5926,0.9387
1.0,0.4615,0.6316,0.9819
0.9583,0.46,0.6216,0.9615
1.0,0.48,0.6486,0.966
1.0,0.4444,0.6154,0.9586
0.9583,0.4694,0.6301,0.9489
1.0,0.4237,0.5952,0.9537
1.0,0.5,0.6667,0.9531
1.0,0.5102,0.6757,0.9686
1.0,0.4068,0.5783,0.9399
1.0,0.4138,0.5854,0.9448
1.0,0.4706,0.64,0.9653
1.0,0.4615,0.6316,0.9641
1.0,0.4444,0.6154,0.9796
1.0,0.4706,0.64,0.961
1.0,0.431,0.6024,0.9535
1.0,0.431,0.6024,0.9452
1.0,0.5,0.6667,0.9647
1.0,0.4898,0.6575,0.9769
1.0,0.4706,0.64,0.9398
1.0,0.4211,0.5926,0.9563
1.0,0.4528,0.6234,0.9752
0.9583,0.4894,0.6479,0.9706
1.0,0.4528,0.6234,0.9752
1.0,0.4286,0.6,0.9441
0.96,0.5581,0.7059,0.9775
1.0,0.4464,0.6173,0.9532
1.0,0.4464,0.6173,0.9565
1.0,0.4,0.5714,0.9505
1.0,0.5106,0.6761,0.9597
1.0,0.4364,0.6076,0.9342
1.0,0.5217,0.6857,0.9711
1.0,0.3934,0.5647,0.9534
1.0,0.3934,0.5647,0.929
1.0,0.5106,0.6761,0.9703
0.9583,0.5111,0.6667,0.9631
1.0,0.4545,0.625,0.9647
1.0,0.5319,0.6944,0.9817
1.0,0.4032,0.5747,0.94
1.0,0.4138,0.5854,0.9248
1.0,0.4286,0.6,0.9466
1.0,0.4138,0.5854,0.963
1.0,0.3934,0.5647,0.9608
1.0,0.48,0.6486,0.9734
0.9583,0.5349,0.6866,0.9605
1.0,0.4528,0.6234,0.9646
1.0,0.4032,0.5747,0.9219
0.92,0.4694,0.6216,0.9548
1.0,0.463,0.6329,0.9521
1.0,0.381,0.5517,0.9378
1.0,0.5106,0.6761,0.9882
0.9583,0.561,0.7077,0.9739
1.0,0.4,0.5714,0.9641
1.0,0.5455,0.7059,0.9715
1.0,0.4615,0.6316,0.9497
1.0,0.4211,0.5926,0.9403
1.0,0.4808,0.6494,0.9511
1.0,0.4545,0.625,0.9778
1.0,0.4237,0.5952,0.969
1.0,0.4528,0.6234,0.9778
1.0,0.4615,0.6316,0.9462
1.0,0.5854,0.7385,0.9693
1.0,0.4706,0.64,0.9588
1.0,0.4444,0.6154,0.9613
1.0,0.4286,0.6,0.9275
1.0,0.5333,0.6957,0.9724
0.96,0.5333,0.6857,0.9535
1.0,0.4237,0.5952,0.9643
1.0,0.4386,0.6098,0.9453
0.9583,0.434,0.5974,0.9455
1.0,0.48,0.6486,0.9578
1.0,0.4444,0.6154,0.9729
1.0,0.4615,0.6316,0.9838
1.0,0.4,0.5714,0.9392
1.0,0.4286,0.6,0.9636
0.9167,0.4783,0.6286,0.9513
1.0,0.5102,0.6757,0.9635
1.0,0.5,0.6667,0.9621
1.0,0.4167,0.5882,0.9299
1.0,0.5,0.6667,0.9551
0.9583,0.4423,0.6053,0.9534
1.0,0.4898,0.6575,0.9649
1.0,0.48,0.6486,0.9749
1.0,0.4364,0.6076,0.9631
0.9583,0.434,0.5974,0.9524
1.0,0.4286,0.6,0.95
0.96,0.4615,0.6234,0.9599
1.0,0.4545,0.625,0.9783
0.96,0.5455,0.6957,0.9646
1.0,0.4444,0.6154,0.9663
0.9167,0.4314,0.5867,0.9559
1.0,0.48,0.6486,0.9839
1.0,0.4138,0.5854,0.9465
1.0,0.48,0.6486,0.9334
1.0,0.4528,0.6234,0.9713
1.0,0.4808,0.6494,0.9533
1.0,0.4717,0.641,0.9599
0.96,0.4211,0.5854,0.94
0.9583,0.434,0.5974,0.9646
1.0,0.5106,0.6761,0.9807
1.0,0.4615,0.6316,0.979
1.0,0.48,0.6486,0.9563
1.0,0.4706,0.64,0.9712
1.0,0.4528,0.6234,0.9649
0.9167,0.4231,0.5789,0.9357
0.96,0.4706,0.6316,0.9474
1.0,0.431,0.6024,0.9605
1.0,0.5814,0.7353,0.9735
1.0,0.5,0.6667,0.9399
1.0,0.5,0.6667,0.9551
1.0,0.4068,0.5783,0.9579
0.9583,0.4035,0.5679,0.9452
1.0,0.4364,0.6076,0.9846
1.0,0.4528,0.6234,0.9572
1.0,0.4444,0.6154,0.9561
1.0,0.4528,0.6234,0.9573
1.0,0.4717,0.641,0.9577
1.0,0.4167,0.5882,0.957
1.0,0.4167,0.5882,0.9693
1.0,0.4528,0.6234,0.9718
0.8333,0.4348,0.5714,0.9397
1.0,0.5,0.6667,0.9623
1.0,0.5106,0.6761,0.9658
0.7917,0.5278,0.6333,0.9369
1.0,0.4364,0.6076,0.9618
1.0,0.4898,0.6575,0.9484
1.0,0.4902,0.6579,0.9578
1.0,0.4717,0.641,0.9593
1.0,0.5319,0.6944,0.9744
1.0,0.4286,0.6,0.9401
1.0,0.4444,0.6154,0.9695
1.0,0.4286,0.6,0.9726
1.0,0.4364,0.6076,0.9516
1.0,0.4068,0.5783,0.9451
1.0,0.4528,0.6234,0.9663
1.0,0.4,0.5714,0.97
1.0,0.5,0.6667,0.9662
0.92,0.4182,0.575,0.9464
0.96,0.6486,0.7742,0.9904
1.0,0.48,0.6486,0.9676
1.0,0.4286,0.6,0.9688
1.0,0.4528,0.6234,0.9306
1.0,0.4615,0.6316,0.9591
0.7917,0.4634,0.5846,0.9595
1.0,0.3692,0.5393,0.9307
1.0,0.4898,0.6575,0.9692
1.0,0.4717,0.641,0.9502
1.0,0.4808,0.6494,0.9805
1.0,0.463,0.6329,0.9505
0.9583,0.4423,0.6053,0.9419
1.0,0.4615,0.6316,0.9761
0.9583,0.4182,0.5823,0.9572
0.9167,0.44,0.5946,0.9407
1.0,0.4615,0.6316,0.9695
1.0,0.5333,0.6957,0.9724
1.0,0.4615,0.6316,0.9739
1.0,0.4464,0.6173,0.9693
1.0,0.431,0.6024,0.9609
0.96,0.4444,0.6076,0.9573
0.9583,0.6216,0.7541,0.9758
1.0,0.4211,0.5926,0.961
1.0,0.4444,0.6154,0.9538
0.9583,0.5476,0.697,0.9645
1.0,0.4286,0.6,0.9424
1.0,0.4,0.5714,0.9558
1.0,0.3934,0.5647,0.9288
1.0,0.4717,0.641,0.9591
1.0,0.5208,0.6849,0.9694
1.0,0.5102,0.6757,0.9725
1.0,0.4444,0.6154,0.9681
1.0,0.4,0.5714,0.9577
1.0,0.4615,0.6316,0.9695
1.0,0.5106,0.6761,0.9695
1.0,0.4138,0.5854,0.9447
1.0,0.4444,0.6154,0.9735
1.0,0.4706,0.64,0.9689
1.0,0.4808,0.6494,0.9586
1.0,0.463,0.6329,0.947
1.0,0.4032,0.5747,0.9593
1.0,0.4364,0.6076,0.9666
1.0,0.5106,0.6761,0.9787
1.0,0.5,0.6667,0.9639
1.0,0.4615,0.6316,0.9745
0.9583,0.4423,0.6053,0.9612
1.0,0.4286,0.6,0.9425
0.9583,0.5111,0.6667,0.9702
1.0,0.4902,0.6579,0.9589
1.0,0.4717,0.641,0.9479
1.0,0.4545,0.625,0.9447
1.0,0.48,0.6486,0.9801
1.0,0.4286,0.6,0.951
1.0,0.4444,0.6154,0.965
1.0,0.4444,0.6154,0.9646
1.0,0.48,0.6486,0.9662
1.0,0.4,0.5714,0.9514
0.9167,0.5,0.6471,0.9755
1.0,0.4464,0.6173,0.9538
1.0,0.4808,0.6494,0.9502
1.0,0.4545,0.625,0.9694
1.0,0.4898,0.6575,0.9495
1.0,0.4615,0.6316,0.9677
1.0,0.4211,0.5926,0.9477
1.0,0.4286,0.6,0.9415
0.9167,0.386,0.5432,0.9385
1.0,0.4138,0.5854,0.956
1.0,0.5106,0.6761,0.99
1.0,0.5,0.6667,0.9732
1.0,0.4464,0.6173,0.9694
0.92,0.4182,0.575,0.9432
1.0,0.3871,0.5581,0.9447
1.0,0.3934,0.5647,0.9313
1.0,0.4898,0.6575,0.9594
1.0,0.5106,0.6761,0.9637
1.0,0.4444,0.6154,0.9407
0.9583,0.4694,0.6301,0.9711
1.0,0.4898,0.6575,0.9693
1.0,0.5102,0.6757,0.9528
1.0,0.5435,0.7042,0.9923
1.0,0.3968,0.5682,0.9385
1.0,0.4,0.5714,0.9569
1.0,0.4615,0.6316,0.9824
1.0,0.4615,0.6316,0.9486
1.0,0.4211,0.5926,0.963
1.0,0.48,0.6486,0.9565
1.0,0.4364,0.6076,0.9579
1.0,0.381,0.5517,0.9514
1.0,0.4545,0.625,0.9612
1.0,0.4237,0.5952,0.9475
1.0,0.463,0.6329,0.9622
1.0,0.4286,0.6,0.9639
1.0,0.4706,0.64,0.9392
0.9583,0.5,0.6571,0.9704
0.9583,0.4259,0.5897,0.9581
1.0,0.4615,0.6316,0.9734
1.0,0.48,0.6486,0.9426
1.0,0.4138,0.5854,0.9323
1.0,0.5208,0.6849,0.9638
1.0,0.4545,0.625,0.9402
0.96,0.375,0.5393,0.9648
1.0,0.4898,0.6575,0.9744
0.9167,0.55,0.6875,0.9789
1.0,0.4211,0.5926,0.9613
1.0,0.4528,0.6234,0.9541
0.875,0.525,0.6563,0.9581
1.0,0.3934,0.5647,0.9538
1.0,0.4138,0.5854,0.9397
1.0,0.4902,0.6579,0.9653
0.96,0.4138,0.5783,0.9519
1.0,0.5,0.6667,0.9663
1.0,0.4211,0.5926,0.9568
1.0,0.48,0.6486,0.9608
1.0,0.4706,0.64,0.9624
1.0,0.4364,0.6076,0.9642
1.0,0.4528,0.6234,0.9717
1.0,0.4364,0.6076,0.9609
1.0,0.48,0.6486,0.9655
1.0,0.4808,0.6494,0.9444
1.0,0.4464,0.6173,0.9702
1.0,0.4717,0.641,0.9631
1.0,0.3871,0.5581,0.9169
1.0,0.4444,0.6154,0.959
1.0,0.4706,0.64,0.957
1.0,0.4286,0.6,0.9639
1.0,0.4615,0.6316,0.9659
0.9583,0.5,0.6571,0.9635
1.0,0.4706,0.64,0.9611
1.0,0.4902,0.6579,0.976
1.0,0.4032,0.5747,0.93
1.0,0.463,0.6329,0.983
1.0,0.4444,0.6154,0.9596
1.0,0.4444,0.6154,0.9694
1.0,0.4286,0.6,0.9378
1.0,0.4528,0.6234,0.9626
1.0,0.5,0.6667,0.9689
1.0,0.4068,0.5783,0.959
1.0,0.3934,0.5647,0.9458
1.0,0.5,0.6667,0.9667
1.0,0.431,0.6024,0.9748
1.0,0.5208,0.6849,0.9736
0.9583,0.4182,0.5823,0.9394
1.0,0.5333,0.6957,0.968
1.0,0.3692,0.5393,0.9325
0.9167,0.5641,0.6984,0.9682
1.0,0.4706,0.64,0.9631
1.0,0.5,0.6667,0.9727
0.9583,0.4894,0.6479,0.9591
1.0,0.5208,0.6849,0.9753
1.0,0.431,0.6024,0.9319
1.0,0.4237,0.5952,0.9489
1.0,0.4444,0.6154,0.9739
1.0,0.4706,0.64,0.9513
1.0,0.3871,0.5581,0.9164
1.0,0.4286,0.6,0.9829
1.0,0.4898,0.6575,0.9761
0.9583,0.4894,0.6479,0.9689
1.0,0.5106,0.6761,0.9678
1.0,0.4237,0.5952,0.9512
0.92,0.5111,0.6571,0.9498
1.0,0.4386,0.6098,0.9852
1.0,0.4364,0.6076,0.9592
0.9583,0.4423,0.6053,0.9505
1.0,0.4528,0.6234,0.9613
1.0,0.4615,0.6316,0.9507
1.0,0.4615,0.6316,0.9587
1.0,0.4444,0.6154,0.9628
1.0,0.4364,0.6076,0.9429
1.0,0.4032,0.5747,0.982
0.92,0.561,0.697,0.967
1.0,0.5682,0.7246,0.9674
1.0,0.4706,0.64,0.9644
1.0,0.48,0.6486,0.9694
1.0,0.4286,0.6,0.9592
1.0,0.4528,0.6234,0.9406
1.0,0.4211,0.5926,0.9608
1.0,0.4211,0.5926,0.9574
1.0,0.4898,0.6575,0.9503
0.88,0.55,0.6769,0.9642
1.0,0.4237,0.5952,0.9422
0.96,0.5217,0.6761,0.9741
1.0,0.4364,0.6076,0.9763
1.0,0.3934,0.5647,0.9411
1.0,0.4444,0.6154,0.973
1.0,0.5,0.6667,0.9802
1.0,0.4364,0.6076,0.9757
1.0,0.4286,0.6,0.9587
0.8333,0.5,0.625,0.9576
1.0,0.5102,0.6757,0.9652
0.96,0.5217,0.6761,0.9688
1.0,0.4808,0.6494,0.9465
1.0,0.3692,0.5393,0.9078
1.0,0.4528,0.6234,0.9842
1.0,0.4898,0.6575,0.9776
1.0,0.4,0.5714,0.9516
0.9167,0.5116,0.6567,0.97
1.0,0.4068,0.5783,0.9226
1.0,0.4211,0.5926,0.9626
1.0,0.4098,0.5814,0.957
1.0,0.4464,0.6173,0.9362
0.96,0.5,0.6575,0.9677
1.0,0.5,0.6667,0.952
0.9583,0.4792,0.6389,0.972
1.0,0.4898,0.6575,0.9663
0.9583,0.4694,0.6301,0.9532
1.0,0.4286,0.6,0.9552
1.0,0.4286,0.6,0.9552
1.0,0.4286,0.6,0.9739
1.0,0.463,0.6329,0.9793
0.96,0.5217,0.6761,0.9636
1.0,0.4464,0.6173,0.9689
1.0,0.4444,0.6154,0.9583
1.0,0.4898,0.6575,0.9783
1.0,0.4211,0.5926,0.947
1.0,0.3871,0.5581,0.951
1.0,0.5,0.6667,0.9781
0.9583,0.4894,0.6479,0.9538
0.9583,0.575,0.7188,0.9591
0.92,0.5227,0.6667,0.9647
1.0,0.5208,0.6849,0.969
1.0,0.5102,0.6757,0.9672
1.0,0.4286,0.6,0.9515
1.0,0.4211,0.5926,0.9545
1.0,0.381,0.5517,0.9438
1.0,0.4068,0.5783,0.9601
1.0,0.4444,0.6154,0.9586
0.875,0.4286,0.5753,0.9154
1.0,0.463,0.6329,0.9591
1.0,0.431,0.6024,0.9688
0.92,0.4694,0.6216,0.9383
1.0,0.4068,0.5783,0.9739
1.0,0.4444,0.6154,0.9577
1.0,0.4615,0.6316,0.9691
1.0,0.4138,0.5854,0.9605
1.0,0.5333,0.6957,0.9538
1.0,0.4364,0.6076,0.954
1.0,0.4444,0.6154,0.9655
1.0,0.4528,0.6234,0.9672
1.0,0.5,0.6667,0.9637
1.0,0.4386,0.6098,0.9796
1.0,0.5102,0.6757,0.9635
1.0,0.4528,0.6234,0.9677
1.0,0.4138,0.5854,0.9437
1.0,0.4211,0.5926,0.938
1.0,0.3478,0.5161,0.9531
1.0,0.4528,0.6234,0.9724
1.0,0.6316,0.7742,0.9784
1.0,0.4898,0.6575,0.9688
1.0,0.4902,0.6579,0.9585
1.0,0.5102,0.6757,0.9649
0.96,0.5455,0.6957,0.9649
1.0,0.4444,0.6154,0.9688
1.0,0.375,0.5455,0.9632
1.0,0.4615,0.6316,0.9451
1.0,0.4528,0.6234,0.9529
1.0,0.4068,0.5783,0.9455
1.0,0.4211,0.5926,0.9618
1.0,0.4706,0.64,0.9578
1.0,0.4237,0.5952,0.959
1.0,0.4545,0.625,0.9638
1.0,0.3906,0.5618,0.9573
1.0,0.4364,0.6076,0.9738
1.0,0.4898,0.6575,0.9681
1.0,0.4615,0.6316,0.9525
1.0,0.5854,0.7385,0.9778
1.0,0.4138,0.5854,0.9176
1.0,0.4364,0.6076,0.9345
1.0,0.5217,0.6857,0.9771
0.96,0.48,0.64,0.9557
1.0,0.431,0.6024,0.9735
1.0,0.5,0.6667,0.9741
1.0,0.4706,0.64,0.9708
1.0,0.4444,0.6154,0.9362
1.0,0.4444,0.6154,0.965
1.0,0.4898,0.6575,0.9743
1.0,0.4068,0.5783,0.9519
1.0,0.4,0.5714,0.9344
1.0,0.4615,0.6316,0.9623
1.0,0.4717,0.641,0.9472
1.0,0.4098,0.5814,0.9507
1.0,0.5682,0.7246,0.9711
1.0,0.4528,0.6234,0.9351
1.0,0.3692,0.5393,0.9313
1.0,0.5106,0.6761,0.9603
1.0,0.4528,0.6234,0.9756
1.0,0.4528,0.6234,0.9627
1.0,0.4138,0.5854,0.9452
1.0,0.4286,0.6,0.968
1.0,0.4464,0.6173,0.9614
1.0,0.463,0.6329,0.9644
1.0,0.4545,0.625,0.9656
1.0,0.4444,0.6154,0.9561
0.875,0.4468,0.5915,0.9389
1.0,0.48,0.6486,0.9793
1.0,0.5,0.6667,0.9803
1.0,0.4706,0.64,0.9478
1.0,0.4138,0.5854,0.9559
1.0,0.4706,0.64,0.9674
1.0,0.4386,0.6098,0.961
0.96,0.4898,0.6486,0.961
1.0,0.4808,0.6494,0.9553
1.0,0.4444,0.6154,0.9579
0.9583,0.434,0.5974,0.9545
1.0,0.4528,0.6234,0.9345
0.9583,0.5,0.6571,0.9718
1.0,0.4706,0.64,0.9586
0.9167,0.55,0.6875,0.9581
0.92,0.451,0.6053,0.9426
1.0,0.4464,0.6173,0.9384
1.0,0.4464,0.6173,0.957
1.0,0.5333,0.6957,0.9695
1.0,0.4898,0.6575,0.9612
0.9583,0.4035,0.5679,0.9648
1.0,0.4211,0.5926,0.9594
1.0,0.4615,0.6316,0.9437
1.0,0.4528,0.6234,0.9619
1.0,0.4286,0.6,0.95
0.875,0.5,0.6364,0.9576
1.0,0.4167,0.5882,0.9573
1.0,0.5208,0.6849,0.9747
1.0,0.3846,0.5556,0.9531
1.0,0.4211,0.5926,0.9475
1.0,0.4528,0.6234,0.9671
1.0,0.5,0.6667,0.963
1.0,0.4211,0.5926,0.9428
1.0,0.4068,0.5783,0.9351
1.0,0.48,0.6486,0.9735
RUSMaxBag
0.875,0.4667,0.6087,0.9305
0.92,0.451,0.6053,0.9348
0.84,0.5833,0.6885,0.9563
0.8,0.5405,0.6452,0.9611
0.875,0.525,0.6563,0.9552
0.9583,0.4792,0.6389,0.9763
0.9583,0.4423,0.6053,0.947
0.8333,0.7407,0.7843,0.9725
0.9167,0.5116,0.6567,0.9606
0.875,0.4667,0.6087,0.9502
0.8333,0.5263,0.6452,0.9572
0.8,0.5882,0.678,0.9596
0.8,0.5714,0.6667,0.9389
0.88,0.6471,0.7458,0.9705
1.0,0.4364,0.6076,0.938
1.0,0.5714,0.7273,0.9811
0.75,0.5455,0.6316,0.9401
0.9167,0.4583,0.6111,0.9351
0.9583,0.5349,0.6866,0.9689
0.9167,0.4783,0.6286,0.939
0.9167,0.4583,0.6111,0.956
0.88,0.4681,0.6111,0.9415
0.92,0.5476,0.6866,0.9749
0.88,0.5641,0.6875,0.9543
0.8333,0.4348,0.5714,0.936
0.9167,0.5641,0.6984,0.9738
0.875,0.5526,0.6774,0.9489
0.875,0.5676,0.6885,0.9605
0.9583,0.5227,0.6765,0.9559
1.0,0.6,0.75,0.9819
0.875,0.5385,0.6667,0.9487
0.92,0.5349,0.6765,0.9489
0.92,0.6053,0.7302,0.9657
1.0,0.4545,0.625,0.9581
0.9583,0.434,0.5974,0.9428
0.9583,0.434,0.5974,0.9533
1.0,0.4615,0.6316,0.9506
0.8333,0.5556,0.6667,0.9567
0.7917,0.5758,0.6667,0.9555
1.0,0.4615,0.6316,0.9619
0.9167,0.55,0.6875,0.9489
0.76,0.6552,0.7037,0.96
0.92,0.4894,0.6389,0.9347
0.92,0.4792,0.6301,0.9378
0.7917,0.5938,0.6786,0.9608
0.9167,0.5,0.6471,0.9621
1.0,0.4706,0.64,0.9495
1.0,0.5455,0.7059,0.9613
0.875,0.6176,0.7241,0.9543
0.9583,0.561,0.7077,0.9796
0.7917,0.4634,0.5846,0.9335
0.92,0.6216,0.7419,0.9798
0.88,0.5641,0.6875,0.9452
0.96,0.6154,0.75,0.9605
0.9583,0.451,0.6133,0.9348
1.0,0.6154,0.7619,0.9794
0.875,0.5,0.6364,0.9507
0.7917,0.4872,0.6032,0.9435
0.9167,0.5238,0.6667,0.9621
0.9583,0.5227,0.6765,0.9671
0.8333,0.5556,0.6667,0.9472
0.8,0.4762,0.597,0.9467
0.96,0.5714,0.7164,0.9651
0.84,0.4667,0.6,0.9353
0.9583,0.3966,0.561,0.9316
0.875,0.5526,0.6774,0.97
0.7917,0.5588,0.6552,0.9558
0.9167,0.55,0.6875,0.9474
0.9583,0.4107,0.575,0.9189
0.9167,0.6667,0.7719,0.9801
0.875,0.5676,0.6885,0.9688
1.0,0.5208,0.6849,0.9456
0.88,0.4583,0.6027,0.9485
0.88,0.5641,0.6875,0.9669
0.8333,0.5405,0.6557,0.9669
0.9167,0.6286,0.7458,0.9558
0.875,0.4468,0.5915,0.9415
0.8333,0.4444,0.5797,0.9488
0.875,0.4667,0.6087,0.9321
1.0,0.4444,0.6154,0.9641
0.75,0.4737,0.5806,0.9406
1.0,0.431,0.6024,0.8981
0.88,0.5789,0.6984,0.9652
0.96,0.4898,0.6486,0.9611
0.875,0.5833,0.7,0.961
0.8333,0.6061,0.7018,0.9675
0.9583,0.451,0.6133,0.9708
0.7917,0.475,0.5937,0.9415
0.9583,0.451,0.6133,0.9444
0.8333,0.5882,0.6897,0.9356
0.75,0.439,0.5538,0.9412
0.76,0.5135,0.6129,0.9384
1.0,0.4717,0.641,0.9647
0.76,0.4872,0.5938,0.9391
0.9167,0.44,0.5946,0.9495
1.0,0.5714,0.7273,0.974
0.875,0.6,0.7119,0.954
0.9583,0.4423,0.6053,0.9673
0.875,0.4773,0.6176,0.9428
0.9167,0.6667,0.7719,0.9772
0.75,0.5143,0.6102,0.9569
0.88,0.6875,0.7719,0.9747
0.96,0.5333,0.6857,0.9415
0.92,0.6216,0.7419,0.9644
0.875,0.6,0.7119,0.951
0.9167,0.449,0.6027,0.9591
0.875,0.4565,0.6,0.9622
0.9583,0.4792,0.6389,0.9444
0.9583,0.575,0.7188,0.9603
0.9583,0.5111,0.6667,0.9753
1.0,0.6316,0.7742,0.9706
0.96,0.4615,0.6234,0.954
0.92,0.4182,0.575,0.9564
0.88,0.5789,0.6984,0.9568
0.9583,0.4894,0.6479,0.9572
0.9167,0.5946,0.7213,0.9677
0.8333,0.5714,0.678,0.9538
0.9167,0.5946,0.7213,0.9592
1.0,0.5333,0.6957,0.96
0.75,0.5455,0.6316,0.9429
0.875,0.6563,0.75,0.967
0.88,0.6471,0.7458,0.9641
0.92,0.4035,0.561,0.9444
0.92,0.451,0.6053,0.9486
0.875,0.6176,0.7241,0.966
0.875,0.4884,0.6269,0.9411
0.8333,0.4348,0.5714,0.9317
1.0,0.5854,0.7385,0.9726
0.9583,0.4894,0.6479,0.9657
0.8333,0.5128,0.6349,0.945
0.875,0.5385,0.6667,0.9687
0.68,0.4722,0.5574,0.9305
0.92,0.5476,0.6866,0.9519
1.0,0.5556,0.7143,0.9779
0.9583,0.46,0.6216,0.9626
1.0,0.5217,0.6857,0.9707
0.9167,0.4314,0.5867,0.9572
0.875,0.5833,0.7,0.9587
1.0,0.5714,0.7273,0.9691
0.875,0.525,0.6563,0.9478
1.0,0.5106,0.6761,0.9579
0.84,0.6,0.7,0.9523
0.84,0.525,0.6462,0.9432
0.92,0.697,0.7931,0.983
0.875,0.5833,0.7,0.9649
0.8333,0.6061,0.7018,0.9623
0.875,0.5122,0.6462,0.9416
1.0,0.5,0.6667,0.9577
0.9167,0.4889,0.6377,0.9581
0.75,0.375,0.5,0.9304
0.75,0.5143,0.6102,0.9505
0.96,0.5106,0.6667,0.9579
1.0,0.5102,0.6757,0.9431
0.84,0.42,0.56,0.9506
0.8333,0.4545,0.5882,0.9537
0.9583,0.5111,0.6667,0.9686
0.875,0.4884,0.6269,0.9392
0.75,0.5294,0.6207,0.9365
0.9167,0.5,0.6471,0.964
0.875,0.6176,0.7241,0.9752
0.9583,0.4792,0.6389,0.9502
0.92,0.434,0.5897,0.9502
0.8,0.5128,0.625,0.9405
0.96,0.6154,0.75,0.972
1.0,0.48,0.6486,0.9615
0.875,0.6,0.7119,0.9672
0.9583,0.5111,0.6667,0.9603
0.9167,0.3929,0.55,0.9154
0.875,0.6774,0.7636,0.9716
0.8333,0.7143,0.7692,0.9789
0.9583,0.6389,0.7667,0.9666
0.92,0.5476,0.6866,0.9594
0.84,0.525,0.6462,0.9481
0.92,0.5349,0.6765,0.9472
0.875,0.4884,0.6269,0.9442
0.9583,0.434,0.5974,0.9524
0.9167,0.5238,0.6667,0.9775
1.0,0.5854,0.7385,0.9707
1.0,0.5,0.6667,0.9663
0.9167,0.5116,0.6567,0.9628
0.9583,0.4182,0.5823,0.9286
0.92,0.434,0.5897,0.9342
0.96,0.48,0.64,0.9599
1.0,0.4464,0.6173,0.9414
1.0,0.5854,0.7385,0.9803
0.8333,0.5128,0.6349,0.9447
0.7917,0.4872,0.6032,0.968
0.875,0.5833,0.7,0.9666
0.9167,0.5946,0.7213,0.9727
0.9167,0.55,0.6875,0.9654
0.8333,0.5556,0.6667,0.9412
0.88,0.4783,0.6197,0.9536
0.88,0.6111,0.7213,0.9512
0.84,0.6176,0.7119,0.9606
1.0,0.5333,0.6957,0.9753
0.875,0.4884,0.6269,0.9603
0.7917,0.4634,0.5846,0.9519
1.0,0.6857,0.8136,0.9756
1.0,0.4444,0.6154,0.9495
0.9167,0.4889,0.6377,0.9642
0.9167,0.5789,0.7097,0.95
1.0,0.4237,0.5952,0.9679
0.84,0.6563,0.7368,0.9659
0.96,0.48,0.64,0.9565
0.7917,0.6129,0.6909,0.9537
0.8333,0.5263,0.6452,0.9582
0.8333,0.5263,0.6452,0.9561
0.9167,0.5946,0.7213,0.97
0.9167,0.55,0.6875,0.9648
0.875,0.5122,0.6462,0.9434
0.9583,0.5111,0.6667,0.972
0.84,0.6364,0.7241,0.9573
0.88,0.6111,0.7213,0.9641
0.88,0.55,0.6769,0.9614
0.7917,0.5,0.6129,0.9486
0.9583,0.5349,0.6866,0.9685
0.9167,0.4783,0.6286,0.9536
0.8333,0.4651,0.597,0.9199
0.9167,0.5116,0.6567,0.9347
0.9167,0.6667,0.7719,0.9729
0.875,0.4286,0.5753,0.9374
0.92,0.575,0.7077,0.9484
0.88,0.6111,0.7213,0.9593
0.8,0.5,0.6154,0.958
0.7917,0.6129,0.6909,0.9606
0.9583,0.5897,0.7302,0.9801
0.8333,0.4762,0.6061,0.9456
0.9167,0.5789,0.7097,0.9689
0.9167,0.5789,0.7097,0.9636
0.875,0.4884,0.6269,0.9691
0.9583,0.4694,0.6301,0.9467
0.92,0.561,0.697,0.9498
0.88,0.5789,0.6984,0.9793
0.88,0.4889,0.6286,0.957
1.0,0.5714,0.7273,0.9618
0.9167,0.4583,0.6111,0.9555
0.875,0.6176,0.7241,0.9698
0.8333,0.5128,0.6349,0.9573
0.9167,0.55,0.6875,0.9479
0.8333,0.5405,0.6557,0.9446
0.9167,0.5,0.6471,0.9633
1.0,0.463,0.6329,0.9501
0.8,0.5714,0.6667,0.9664
0.92,0.6053,0.7302,0.9726
0.9167,0.4783,0.6286,0.9306
0.9583,0.575,0.7188,0.9474
0.7917,0.5278,0.6333,0.9456
1.0,0.5854,0.7385,0.9792
0.7083,0.4146,0.5231,0.9189
0.8333,0.4444,0.5797,0.942
0.92,0.5,0.6479,0.9583
0.8,0.4444,0.5714,0.9272
0.8,0.4878,0.6061,0.9552
0.75,0.5806,0.6545,0.9496
0.9583,0.451,0.6133,0.9505
0.8333,0.6061,0.7018,0.9556
0.875,0.525,0.6563,0.9591
0.875,0.5526,0.6774,0.9542
0.9167,0.5116,0.6567,0.9587
0.875,0.5526,0.6774,0.9703
0.92,0.575,0.7077,0.9604
0.8,0.5556,0.6557,0.9517
0.88,0.55,0.6769,0.9516
0.8333,0.5556,0.6667,0.9559
0.9583,0.697,0.807,0.9832
0.9167,0.449,0.6027,0.9453
0.875,0.4375,0.5833,0.9388
0.7917,0.475,0.5937,0.9392
0.9167,0.4681,0.6197,0.9426
1.0,0.5106,0.6761,0.9669
0.9583,0.561,0.7077,0.9652
0.96,0.4898,0.6486,0.9409
0.88,0.3607,0.5116,0.9088
0.72,0.6,0.6545,0.9509
0.7917,0.6786,0.7308,0.9772
1.0,0.6154,0.7619,0.9715
1.0,0.5581,0.7164,0.9789
0.9583,0.4894,0.6479,0.9618
0.7917,0.5,0.6129,0.9493
0.9583,0.5476,0.697,0.9706
0.9167,0.5,0.6471,0.9689
0.96,0.4364,0.6,0.9573
0.88,0.5946,0.7097,0.952
0.8,0.5405,0.6452,0.9549
0.7917,0.6552,0.717,0.9676
0.7917,0.5588,0.6552,0.9435
0.9583,0.5349,0.6866,0.9742
0.875,0.5676,0.6885,0.9524
0.7083,0.4474,0.5484,0.9309
0.75,0.45,0.5625,0.9398
0.9167,0.4,0.557,0.951
0.96,0.4898,0.6486,0.9521
1.0,0.5319,0.6944,0.9673
0.92,0.5227,0.6667,0.9383
0.75,0.5455,0.6316,0.9484
0.7917,0.6552,0.717,0.9675
0.8333,0.5405,0.6557,0.9662
0.9167,0.7333,0.8148,0.9758
0.9167,0.5238,0.6667,0.9717
0.9583,0.4894,0.6479,0.9546
1.0,0.4898,0.6575,0.9659
0.8,0.6452,0.7143,0.9659
0.96,0.5581,0.7059,0.9633
0.76,0.5135,0.6129,0.9412
1.0,0.5714,0.7273,0.9709
0.9583,0.5227,0.6765,0.9628
0.9167,0.4,0.557,0.9414
1.0,0.4706,0.64,0.9543
0.8333,0.6452,0.7273,0.9559
0.9167,0.5,0.6471,0.9654
1.0,0.5854,0.7385,0.978
1.0,0.4098,0.5814,0.9263
0.76,0.7308,0.7451,0.9669
0.84,0.4773,0.6087,0.9435
0.8333,0.4545,0.5882,0.946
0.9167,0.5946,0.7213,0.9675
0.9583,0.5349,0.6866,0.9672
0.9167,0.4583,0.6111,0.9556
0.9583,0.46,0.6216,0.9583
1.0,0.5581,0.7164,0.9815
0.9583,0.5227,0.6765,0.9508
0.88,0.5238,0.6567,0.9411
0.8,0.5714,0.6667,0.9593
0.84,0.5676,0.6774,0.9589
1.0,0.6857,0.8136,0.9736
1.0,0.5,0.6667,0.9642
0.7917,0.4872,0.6032,0.9376
0.875,0.6,0.7119,0.9622
0.7917,0.5135,0.623,0.9407
0.9583,0.5111,0.6667,0.9757
0.84,0.6176,0.7119,0.9527
0.88,0.6111,0.7213,0.9642
0.96,0.4898,0.6486,0.939
0.9583,0.5476,0.697,0.9627
0.875,0.5122,0.6462,0.9433
0.7917,0.5938,0.6786,0.956
0.9583,0.5349,0.6866,0.9717
0.875,0.5833,0.7,0.969
0.9167,0.6111,0.7333,0.9636
0.9583,0.4894,0.6479,0.9585
0.9167,0.4583,0.6111,0.9542
0.92,0.6053,0.7302,0.9733
0.92,0.575,0.7077,0.96
0.92,0.4894,0.6389,0.9537
0.9167,0.5,0.6471,0.9698
0.875,0.4286,0.5753,0.9554
0.875,0.4667,0.6087,0.9379
1.0,0.4706,0.64,0.9519
0.7917,0.5429,0.6441,0.955
0.9583,0.5349,0.6866,0.9649
0.9167,0.5,0.6471,0.9265
1.0,0.3788,0.5495,0.8735
0.96,0.6,0.7385,0.9589
0.92,0.46,0.6133,0.949
0.9583,0.5349,0.6866,0.9551
0.9167,0.55,0.6875,0.9561
0.9167,0.6875,0.7857,0.9757
0.875,0.5676,0.6885,0.9675
0.9167,0.6471,0.7586,0.9734
0.875,0.6563,0.75,0.9703
0.875,0.4667,0.6087,0.9464
1.0,0.5435,0.7042,0.9722
0.84,0.4773,0.6087,0.9536
0.92,0.6389,0.7541,0.9753
0.875,0.5833,0.7,0.9491
0.8333,0.7143,0.7692,0.9648
0.875,0.6,0.7119,0.9631
0.9167,0.5641,0.6984,0.9726
0.9583,0.5897,0.7302,0.9556
0.75,0.4737,0.5806,0.9419
0.92,0.4694,0.6216,0.9486
0.84,0.525,0.6462,0.9554
0.68,0.5667,0.6182,0.939
1.0,0.4211,0.5926,0.9224
0.875,0.5526,0.6774,0.946
0.9167,0.6471,0.7586,0.9748
0.75,0.5806,0.6545,0.9451
0.875,0.6176,0.7241,0.9668
1.0,0.4706,0.64,0.9428
0.875,0.6563,0.75,0.9672
0.7917,0.4872,0.6032,0.9551
0.96,0.4898,0.6486,0.9656
0.92,0.5897,0.7188,0.9479
0.76,0.5429,0.6333,0.9364
0.7083,0.5862,0.6415,0.9688
0.875,0.5676,0.6885,0.9384
1.0,0.5217,0.6857,0.9609
0.875,0.5385,0.6667,0.9645
0.7917,0.4222,0.5507,0.9156
0.7917,0.76,0.7755,0.9672
0.875,0.5676,0.6885,0.9693
0.88,0.5116,0.6471,0.9596
0.88,0.55,0.6769,0.9449
1.0,0.463,0.6329,0.9651
0.875,0.5833,0.7,0.9498
0.7917,0.5135,0.623,0.9473
0.7083,0.5862,0.6415,0.9577
0.8333,0.4651,0.597,0.9408
1.0,0.4898,0.6575,0.9559
0.9167,0.5789,0.7097,0.9766
0.9583,0.5227,0.6765,0.967
0.92,0.3966,0.5542,0.9185
0.96,0.6,0.7385,0.9727
0.92,0.575,0.7077,0.9731
0.9167,0.5238,0.6667,0.9515
0.9167,0.6286,0.7458,0.973
0.8333,0.5263,0.6452,0.9533
0.8333,0.625,0.7143,0.9582
0.8333,0.5405,0.6557,0.9435
0.875,0.6176,0.7241,0.9715
0.88,0.5116,0.6471,0.9556
0.72,0.5143,0.6,0.9406
0.96,0.3934,0.5581,0.937
0.7917,0.5,0.6129,0.937
0.9167,0.5946,0.7213,0.9596
0.9583,0.5111,0.6667,0.9502
0.875,0.6364,0.7368,0.9792
0.9167,0.55,0.6875,0.9504
1.0,0.5455,0.7059,0.9792
0.7083,0.68,0.6939,0.9569
0.9167,0.4681,0.6197,0.9339
1.0,0.6579,0.7937,0.9757
0.92,0.5897,0.7188,0.9627
0.6,0.4688,0.5263,0.9233
0.9167,0.4583,0.6111,0.951
0.9583,0.5476,0.697,0.9628
0.9167,0.4583,0.6111,0.9417
0.8333,0.6897,0.7547,0.9691
0.8333,0.4545,0.5882,0.937
0.9583,0.5111,0.6667,0.9567
0.72,0.5455,0.6207,0.9452
0.8,0.5128,0.625,0.9447
0.92,0.5476,0.6866,0.9707
0.875,0.525,0.6563,0.9535
0.9167,0.5789,0.7097,0.9678
0.9583,0.6389,0.7667,0.9781
0.875,0.4884,0.6269,0.9529
0.9167,0.5641,0.6984,0.954
0.8333,0.5405,0.6557,0.9536
0.9167,0.5,0.6471,0.9426
0.75,0.5294,0.6207,0.9626
0.72,0.6,0.6545,0.9498
0.92,0.5227,0.6667,0.9431
0.92,0.4694,0.6216,0.9373
0.9583,0.4423,0.6053,0.9446
0.9583,0.5111,0.6667,0.9502
0.875,0.5,0.6364,0.9681
0.8333,0.5263,0.6452,0.9421
0.875,0.5526,0.6774,0.963
0.9167,0.6111,0.7333,0.9691
1.0,0.4211,0.5926,0.9417
0.8,0.5556,0.6557,0.959
0.76,0.6333,0.6909,0.9679
0.92,0.5111,0.6571,0.9665
0.9583,0.4894,0.6479,0.9474
1.0,0.5217,0.6857,0.968
0.9583,0.6053,0.7419,0.9729
0.9167,0.4783,0.6286,0.9439
0.7917,0.5588,0.6552,0.9513
0.9167,0.5116,0.6567,0.9663
0.9167,0.4583,0.6111,0.9418
1.0,0.4237,0.5952,0.9405
0.8,0.7407,0.7692,0.9733
0.8,0.4444,0.5714,0.9468
0.7917,0.5588,0.6552,0.9487
0.7917,0.4634,0.5846,0.9366
0.8333,0.5556,0.6667,0.9546
0.9167,0.4889,0.6377,0.9587
0.9583,0.697,0.807,0.9731
0.875,0.5385,0.6667,0.9659
0.9167,0.4889,0.6377,0.9721
0.96,0.5333,0.6857,0.9749
0.92,0.5897,0.7188,0.9596
0.8,0.5263,0.6349,0.9419
0.9167,0.5238,0.6667,0.939
0.9583,0.561,0.7077,0.9671
0.9167,0.55,0.6875,0.9511
0.875,0.4884,0.6269,0.9507
0.7917,0.5588,0.6552,0.9513
0.875,0.5,0.6364,0.9387
0.9583,0.4423,0.6053,0.9574
0.96,0.5333,0.6857,0.9673
0.84,0.5526,0.6667,0.9462
0.92,0.575,0.7077,0.9667
0.8333,0.5882,0.6897,0.9654
0.875,0.5385,0.6667,0.9573
0.9167,0.5238,0.6667,0.9552
0.9167,0.5366,0.6769,0.9641
1.0,0.5455,0.7059,0.9648
0.875,0.6364,0.7368,0.9653
1.0,0.5106,0.6761,0.9693
1.0,0.5682,0.7246,0.966
0.92,0.6053,0.7302,0.963
0.88,0.5366,0.6667,0.9489
0.8333,0.5714,0.678,0.9403
0.6667,0.4571,0.5424,0.9406
0.9583,0.5349,0.6866,0.9636
0.7917,0.6333,0.7037,0.9572
0.9167,0.5238,0.6667,0.9733
0.9167,0.5,0.6471,0.9591
0.9167,0.5641,0.6984,0.9617
0.88,0.55,0.6769,0.9605
0.88,0.3607,0.5116,0.9285
0.88,0.5789,0.6984,0.9533
0.7917,0.6129,0.6909,0.9452
0.875,0.4773,0.6176,0.9577
0.9583,0.5476,0.697,0.9748
0.9583,0.5476,0.697,0.9783
0.9167,0.6111,0.7333,0.9731
0.9167,0.5789,0.7097,0.9636
1.0,0.5333,0.6957,0.9748
0.96,0.5581,0.7059,0.9674
0.88,0.4583,0.6027,0.9323
0.8,0.5,0.6154,0.9335
0.875,0.7241,0.7925,0.9792
0.6667,0.5161,0.5818,0.9298
0.875,0.6,0.7119,0.9681
0.9167,0.5366,0.6769,0.9642
0.9583,0.4894,0.6479,0.9486
0.7917,0.4419,0.5672,0.9261
0.8333,0.5263,0.6452,0.9485
0.92,0.451,0.6053,0.9328
0.84,0.6176,0.7119,0.9757
0.96,0.5333,0.6857,0.9586
1.0,0.5455,0.7059,0.9709
0.9167,0.4681,0.6197,0.9375
0.9167,0.5238,0.6667,0.9564
0.75,0.4615,0.5714,0.9477
0.8333,0.5128,0.6349,0.9378
0.75,0.5806,0.6545,0.9628
0.9583,0.4694,0.6301,0.9512
0.96,0.5,0.6575,0.9721
0.92,0.5349,0.6765,0.9443
0.96,0.5333,0.6857,0.9633
0.7917,0.5278,0.6333,0.9516
0.75,0.5,0.6,0.9275
0.875,0.5122,0.6462,0.9691
0.9167,0.5366,0.6769,0.9603
0.9583,0.4894,0.6479,0.9742
0.875,0.5385,0.6667,0.9573
0.7083,0.5152,0.5965,0.947
0.84,0.4773,0.6087,0.9453
0.8,0.5405,0.6452,0.9505
1.0,0.6944,0.8197,0.9721
0.8333,0.4651,0.597,0.9401
0.7917,0.475,0.5937,0.9432
0.9167,0.5946,0.7213,0.966
0.9583,0.5111,0.6667,0.9657
1.0,0.5854,0.7385,0.9673
0.9167,0.5641,0.6984,0.9592
0.8,0.5882,0.678,0.9483
0.92,0.5349,0.6765,0.9385
0.88,0.5789,0.6984,0.9596
0.9167,0.5946,0.7213,0.9715
0.8333,0.4651,0.597,0.9307
0.9583,0.46,0.6216,0.9545
0.875,0.525,0.6563,0.9668
0.875,0.6563,0.75,0.973
1.0,0.5,0.6667,0.9724
0.8333,0.5128,0.6349,0.9475
0.88,0.6471,0.7458,0.972
0.96,0.5581,0.7059,0.9517
0.76,0.6333,0.6909,0.9525
0.875,0.4468,0.5915,0.9394
0.8333,0.5128,0.6349,0.9524
0.8333,0.4651,0.597,0.9347
0.9583,0.5476,0.697,0.9747
0.9167,0.4681,0.6197,0.961
0.7917,0.4222,0.5507,0.929
0.8333,0.5882,0.6897,0.9669
0.9167,0.6471,0.7586,0.9673
0.96,0.6,0.7385,0.9652
0.96,0.6857,0.8,0.9733
0.92,0.46,0.6133,0.9228
0.8333,0.4762,0.6061,0.9303
0.7917,0.475,0.5937,0.9376
0.9583,0.5349,0.6866,0.9621
0.9583,0.4894,0.6479,0.961
0.9167,0.6111,0.7333,0.9708
0.7917,0.5938,0.6786,0.9578
0.875,0.5833,0.7,0.9619
0.84,0.4667,0.6,0.929
0.76,0.4222,0.5429,0.9375
0.92,0.5897,0.7188,0.9465
0.9167,0.4783,0.6286,0.9317
0.9583,0.7188,0.8214,0.9907
0.8333,0.6667,0.7407,0.9739
0.9583,0.434,0.5974,0.9618
0.9167,0.5789,0.7097,0.9704
0.9167,0.5116,0.6567,0.9486
1.0,0.5333,0.6957,0.936
1.0,0.4902,0.6579,0.9438
0.84,0.5385,0.6562,0.9721
1.0,0.4464,0.6173,0.9667
0.875,0.5526,0.6774,0.9725
0.875,0.525,0.6563,0.9523
1.0,0.6486,0.7869,0.9663
0.9583,0.5897,0.7302,0.9627
0.8333,0.5128,0.6349,0.9515
0.75,0.4737,0.5806,0.9248
0.875,0.6176,0.7241,0.9714
0.6,0.6522,0.625,0.9577
0.88,0.5641,0.6875,0.9644
0.8,0.5,0.6154,0.9485
0.8333,0.4545,0.5882,0.9439
0.9583,0.5,0.6571,0.9527
1.0,0.5217,0.6857,0.9688
0.9583,0.5476,0.697,0.9824
0.9167,0.5238,0.6667,0.9352
0.9583,0.5476,0.697,0.9649
0.8333,0.5263,0.6452,0.9535
0.92,0.5897,0.7188,0.9615
0.88,0.6111,0.7213,0.9565
0.92,0.4035,0.561,0.9204
0.8333,0.4878,0.6154,0.948
0.8333,0.4762,0.6061,0.9477
0.875,0.5833,0.7,0.9668
1.0,0.5714,0.7273,0.9749
0.9583,0.6216,0.7541,0.9621
0.7917,0.5278,0.6333,0.9497
0.875,0.4375,0.5833,0.9447
0.88,0.55,0.6769,0.9511
0.96,0.5217,0.6761,0.9738
0.8,0.625,0.7018,0.9633
1.0,0.48,0.6486,0.9686
0.8333,0.5,0.625,0.9483
1.0,0.5714,0.7273,0.9766
0.9167,0.4783,0.6286,0.9407
0.9167,0.5366,0.6769,0.937
0.875,0.5676,0.6885,0.9727
0.8,0.5263,0.6349,0.9441
0.84,0.5676,0.6774,0.9589
0.88,0.4583,0.6027,0.933
0.875,0.5,0.6364,0.9623
0.9167,0.6286,0.7458,0.9819
0.9583,0.4694,0.6301,0.9771
1.0,0.5333,0.6957,0.9534
1.0,0.4898,0.6575,0.97
0.875,0.5833,0.7,0.9601
0.8333,0.4348,0.5714,0.9288
0.92,0.5111,0.6571,0.9511
1.0,0.4464,0.6173,0.9625
0.68,0.7083,0.6939,0.9623
1.0,0.5,0.6667,0.9399
0.875,0.5385,0.6667,0.9587
0.75,0.5455,0.6316,0.9468
0.8333,0.4878,0.6154,0.9428
0.9167,0.5641,0.6984,0.9722
0.875,0.5,0.6364,0.9538
0.9167,0.5238,0.6667,0.9591
0.9583,0.5111,0.6667,0.9588
0.84,0.5833,0.6885,0.9586
0.92,0.4694,0.6216,0.9528
1.0,0.4386,0.6098,0.9693
0.875,0.6176,0.7241,0.973
0.7083,0.5,0.5862,0.933
0.9167,0.5789,0.7097,0.9605
0.875,0.5385,0.6667,0.9516
0.75,0.6,0.6667,0.9394
0.875,0.4884,0.6269,0.9594
0.75,0.5455,0.6316,0.9458
0.96,0.5217,0.6761,0.9578
0.96,0.5581,0.7059,0.9589
0.92,0.6053,0.7302,0.9686
0.8333,0.4762,0.6061,0.937
0.9583,0.4694,0.6301,0.9664
0.875,0.4565,0.6,0.9662
0.8333,0.4651,0.597,0.9434
1.0,0.4706,0.64,0.9447
0.9583,0.561,0.7077,0.9717
0.8333,0.5556,0.6667,0.9682
0.84,0.5676,0.6774,0.9589
0.8,0.5,0.6154,0.9385
0.88,0.7333,0.8,0.9869
0.9167,0.5641,0.6984,0.9605
0.875,0.4468,0.5915,0.9642
0.875,0.5122,0.6462,0.9384
0.9583,0.5227,0.6765,0.9561
0.8333,0.5882,0.6897,0.9633
0.875,0.4286,0.5753,0.9299
0.9167,0.5641,0.6984,0.9629
0.84,0.4884,0.6176,0.9449
0.96,0.5854,0.7273,0.9747
0.8,0.5263,0.6349,0.9489
0.8333,0.5263,0.6452,0.9408
0.9167,0.5238,0.6667,0.9628
0.875,0.5122,0.6462,0.9583
0.7917,0.5758,0.6667,0.9487
0.9167,0.5,0.6471,0.9645
0.9167,0.5789,0.7097,0.9642
0.875,0.6,0.7119,0.9712
0.88,0.4783,0.6197,0.9679
0.84,0.525,0.6462,0.9514
0.92,0.5476,0.6866,0.9501
0.875,0.7,0.7778,0.9745
0.9167,0.5116,0.6567,0.955
0.8333,0.4878,0.6154,0.9519
0.9167,0.5946,0.7213,0.9644
0.875,0.4468,0.5915,0.9344
0.8333,0.5263,0.6452,0.9455
0.7917,0.4872,0.6032,0.936
0.88,0.5641,0.6875,0.9572
0.88,0.5946,0.7097,0.969
0.8,0.5263,0.6349,0.9647
0.8333,0.5,0.625,0.9609
0.9167,0.4783,0.6286,0.9491
0.9167,0.5116,0.6567,0.9681
0.9583,0.575,0.7188,0.9667
0.9583,0.4107,0.575,0.9428
1.0,0.5217,0.6857,0.9742
0.9167,0.5366,0.6769,0.9597
0.92,0.561,0.697,0.95
0.96,0.4898,0.6486,0.9449
0.96,0.5217,0.6761,0.9591
0.9583,0.5476,0.697,0.9635
0.9167,0.6111,0.7333,0.9744
0.9583,0.5476,0.697,0.9595
0.875,0.5676,0.6885,0.9618
0.875,0.5526,0.6774,0.9648
0.75,0.4615,0.5714,0.9365
0.875,0.6,0.7119,0.9657
0.88,0.55,0.6769,0.9543
0.88,0.4889,0.6286,0.9484
0.92,0.5,0.6479,0.9467
0.9167,0.6667,0.7719,0.9808
1.0,0.4706,0.64,0.9518
0.875,0.6176,0.7241,0.9684
0.9167,0.5366,0.6769,0.9573
0.8333,0.5714,0.678,0.9595
0.875,0.4667,0.6087,0.9546
0.875,0.6176,0.7241,0.9716
1.0,0.4902,0.6579,0.9542
0.88,0.5946,0.7097,0.9456
0.84,0.5833,0.6885,0.9638
0.9167,0.5238,0.6667,0.9506
1.0,0.48,0.6486,0.9677
0.875,0.525,0.6563,0.9398
0.9583,0.434,0.5974,0.942
0.875,0.42,0.5676,0.9361
0.875,0.4884,0.6269,0.9466
0.9583,0.6389,0.7667,0.9922
1.0,0.5319,0.6944,0.9706
0.92,0.4792,0.6301,0.9568
0.76,0.5429,0.6333,0.9346
0.9583,0.4894,0.6479,0.9384
1.0,0.4138,0.5854,0.9173
0.7917,0.5588,0.6552,0.9569
1.0,0.6,0.75,0.9623
0.875,0.5122,0.6462,0.9317
0.9167,0.5641,0.6984,0.9657
0.9167,0.5946,0.7213,0.9613
0.92,0.5111,0.6571,0.9535
0.96,0.6857,0.8,0.9901
0.84,0.4667,0.6,0.9372
0.875,0.4773,0.6176,0.9393
0.9167,0.5238,0.6667,0.9799
0.875,0.5385,0.6667,0.9543
0.9583,0.5476,0.697,0.9572
0.9167,0.5,0.6471,0.9601
0.9167,0.55,0.6875,0.957
0.9583,0.4792,0.6389,0.938
1.0,0.4902,0.6579,0.9612
1.0,0.4808,0.6494,0.947
1.0,0.5,0.6667,0.9669
0.9583,0.5476,0.697,0.9659
0.9167,0.5238,0.6667,0.9376
0.9583,0.6053,0.7419,0.9748
0.875,0.5,0.6364,0.9565
0.875,0.6563,0.75,0.9744
0.875,0.5,0.6364,0.9433
0.75,0.4091,0.5294,0.9314
0.88,0.5641,0.6875,0.9617
0.96,0.5714,0.7164,0.9335
0.92,0.4894,0.6389,0.9607
0.7917,0.6552,0.717,0.9666
0.7917,0.6786,0.7308,0.9743
0.875,0.4884,0.6269,0.9564
0.875,0.4773,0.6176,0.9549
0.75,0.5455,0.6316,0.9531
0.9583,0.4182,0.5823,0.937
0.875,0.4565,0.6,0.9342
0.88,0.5366,0.6667,0.9589
0.88,0.5789,0.6984,0.9546
0.84,0.5122,0.6364,0.9649
1.0,0.4286,0.6,0.9569
0.9167,0.5366,0.6769,0.9596
0.9167,0.5946,0.7213,0.9636
1.0,0.5217,0.6857,0.9663
0.9167,0.4889,0.6377,0.9651
0.9167,0.5366,0.6769,0.9651
0.9167,0.6286,0.7458,0.977
0.8,0.5,0.6154,0.9433
0.92,0.4694,0.6216,0.9598
0.92,0.5897,0.7188,0.9554
0.8333,0.3774,0.5195,0.9209
0.7917,0.5758,0.6667,0.9461
0.8333,0.5405,0.6557,0.9542
0.9583,0.5111,0.6667,0.9671
0.9167,0.6111,0.7333,0.9685
0.9167,0.5238,0.6667,0.9639
0.9167,0.5366,0.6769,0.9626
0.96,0.6154,0.75,0.9647
0.92,0.4423,0.5974,0.93
0.92,0.575,0.7077,0.9817
0.9167,0.5238,0.6667,0.9609
0.9583,0.5111,0.6667,0.9654
0.8333,0.5128,0.6349,0.937
0.9583,0.5227,0.6765,0.9603
0.8333,0.6452,0.7273,0.9682
0.9583,0.5,0.6571,0.9549
0.9583,0.4423,0.6053,0.9398
0.92,0.6216,0.7419,0.9709
0.96,0.5581,0.7059,0.9609
0.84,0.7,0.7636,0.9748
0.7917,0.4872,0.6032,0.9363
0.9167,0.5366,0.6769,0.9609
0.7917,0.3725,0.5067,0.9025
0.7917,0.6552,0.717,0.9693
0.875,0.525,0.6563,0.9594
0.875,0.6,0.7119,0.9677
0.875,0.6,0.7119,0.9637
0.8,0.5882,0.678,0.9688
0.88,0.5,0.6377,0.9295
1.0,0.4464,0.6173,0.95
0.9167,0.5238,0.6667,0.9609
0.9583,0.5897,0.7302,0.9462
0.875,0.3962,0.5455,0.9333
0.9583,0.4792,0.6389,0.9794
0.9583,0.561,0.7077,0.9779
0.8333,0.5556,0.6667,0.9572
0.9167,0.55,0.6875,0.9649
0.96,0.4898,0.6486,0.9521
0.68,0.6071,0.6415,0.9402
0.96,0.5455,0.6957,0.9835
0.8333,0.5128,0.6349,0.9558
0.9167,0.5,0.6471,0.9461
0.875,0.6,0.7119,0.9568
0.875,0.5,0.6364,0.9489
0.9167,0.55,0.6875,0.9635
0.9167,0.5946,0.7213,0.9591
0.9583,0.451,0.6133,0.9429
0.88,0.5,0.6377,0.9628
0.92,0.5476,0.6866,0.9601
0.96,0.6,0.7385,0.9595
0.875,0.5122,0.6462,0.9604
1.0,0.4898,0.6575,0.9608
0.9583,0.5897,0.7302,0.9583
0.6667,0.4706,0.5517,0.9363
1.0,0.4444,0.6154,0.9524
0.9583,0.5349,0.6866,0.9577
0.875,0.525,0.6563,0.9537
0.72,0.6923,0.7059,0.9679
0.92,0.4792,0.6301,0.9395
0.92,0.575,0.7077,0.9702
0.9583,0.451,0.6133,0.9725
0.8333,0.5263,0.6452,0.9412
0.875,0.5122,0.6462,0.9718
1.0,0.5714,0.7273,0.9713
0.875,0.5676,0.6885,0.9655
0.9167,0.55,0.6875,0.9507
0.8333,0.5714,0.678,0.9535
1.0,0.5814,0.7353,0.9627
0.8,0.6452,0.7143,0.9653
0.8,0.5263,0.6349,0.9425
1.0,0.3871,0.5581,0.9066
1.0,0.6316,0.7742,0.9823
0.875,0.6563,0.75,0.9769
0.9167,0.449,0.6027,0.9491
0.7917,0.6786,0.7308,0.9715
0.9583,0.3966,0.561,0.9218
0.875,0.4286,0.5753,0.9618
0.8,0.5882,0.678,0.9502
0.88,0.4681,0.6111,0.9442
0.8,0.6897,0.7407,0.9588
0.7917,0.5135,0.623,0.9534
0.7917,0.5938,0.6786,0.9631
0.9583,0.575,0.7188,0.9682
0.875,0.6,0.7119,0.9572
0.875,0.525,0.6563,0.9486
0.9167,0.5116,0.6567,0.9516
1.0,0.5854,0.7385,0.971
1.0,0.625,0.7692,0.9817
0.88,0.5946,0.7097,0.9557
0.92,0.5111,0.6571,0.962
0.875,0.525,0.6563,0.9483
0.9583,0.6053,0.7419,0.9787
0.7917,0.4634,0.5846,0.9357
0.9167,0.5,0.6471,0.9513
0.9583,0.5476,0.697,0.9751
0.8333,0.6452,0.7273,0.9555
0.8333,0.6061,0.7018,0.9606
0.84,0.6,0.7,0.9626
0.8,0.6061,0.6897,0.9626
0.96,0.5455,0.6957,0.9635
0.9167,0.4681,0.6197,0.9567
0.9167,0.449,0.6027,0.951
0.7083,0.4722,0.5667,0.9393
0.875,0.5385,0.6667,0.9591
0.9583,0.5111,0.6667,0.9561
0.5833,0.4242,0.4912,0.9063
0.84,0.5385,0.6562,0.9521
0.96,0.5714,0.7164,0.9677
0.72,0.4615,0.5625,0.9305
0.875,0.4773,0.6176,0.9695
0.9583,0.4894,0.6479,0.9297
1.0,0.5217,0.6857,0.9675
1.0,0.5217,0.6857,0.9594
0.7917,0.5938,0.6786,0.9546
0.7917,0.5429,0.6441,0.9505
0.9167,0.4681,0.6197,0.9685
0.875,0.5385,0.6667,0.9562
0.8,0.5263,0.6349,0.9558
1.0,0.5952,0.7463,0.9819
0.76,0.5135,0.6129,0.9515
0.9583,0.5227,0.6765,0.9653
0.9583,0.4423,0.6053,0.9437
1.0,0.4444,0.6154,0.9388
1.0,0.3478,0.5161,0.9497
0.9583,0.6765,0.7931,0.9783
0.9167,0.6471,0.7586,0.9752
0.9583,0.5111,0.6667,0.9577
0.88,0.5946,0.7097,0.9598
0.88,0.5789,0.6984,0.9633
0.88,0.6875,0.7719,0.9688
0.9167,0.5789,0.7097,0.9657
0.9167,0.44,0.5946,0.9474
0.8333,0.5882,0.6897,0.9486
0.7917,0.5278,0.6333,0.9478
0.9167,0.4,0.557,0.9336
1.0,0.5333,0.6957,0.9654
0.9167,0.4783,0.6286,0.9551
0.88,0.449,0.5946,0.9541
0.88,0.5789,0.6984,0.9551
0.92,0.46,0.6133,0.9523
0.875,0.5833,0.7,0.9704
0.9167,0.6286,0.7458,0.9675
0.9167,0.55,0.6875,0.9513
0.9167,0.6471,0.7586,0.9751
0.7917,0.38,0.5135,0.9065
1.0,0.4615,0.6316,0.9432
0.875,0.6176,0.7241,0.9632
0.72,0.5294,0.6102,0.9501
1.0,0.5814,0.7353,0.9768
0.92,0.697,0.7931,0.9777
0.9167,0.5789,0.7097,0.9658
0.8333,0.4762,0.6061,0.9322
0.9583,0.5,0.6571,0.9626
0.875,0.6774,0.7636,0.9735
1.0,0.4444,0.6154,0.9533
0.8333,0.5263,0.6452,0.938
0.7917,0.5429,0.6441,0.9579
1.0,0.5556,0.7143,0.9449
0.88,0.5116,0.6471,0.9505
0.84,0.6176,0.7119,0.969
0.7917,0.4872,0.6032,0.9183
0.9583,0.4182,0.5823,0.9371
0.8333,0.5714,0.678,0.9605
0.875,0.525,0.6563,0.9709
0.9167,0.5366,0.6769,0.964
0.9167,0.44,0.5946,0.9442
0.9583,0.5,0.6571,0.9617
0.92,0.5111,0.6571,0.9683
1.0,0.463,0.6329,0.9644
1.0,0.4808,0.6494,0.963
0.9167,0.4889,0.6377,0.9482
0.7917,0.5758,0.6667,0.9437
0.875,0.7,0.7778,0.9774
0.9167,0.6111,0.7333,0.9792
0.875,0.5,0.6364,0.9515
0.9583,0.4694,0.6301,0.9522
0.9167,0.6286,0.7458,0.9647
0.96,0.5,0.6575,0.9583
0.8,0.5405,0.6452,0.9553
1.0,0.5319,0.6944,0.9556
0.9583,0.4894,0.6479,0.9573
0.9583,0.4792,0.6389,0.955
0.9167,0.5,0.6471,0.9387
0.875,0.6,0.7119,0.9655
0.875,0.525,0.6563,0.9515
0.625,0.5769,0.6,0.9565
0.8,0.6061,0.6897,0.9393
0.92,0.4694,0.6216,0.9357
0.96,0.4615,0.6234,0.9479
0.75,0.6,0.6667,0.9669
0.7917,0.4872,0.6032,0.9509
0.9167,0.5641,0.6984,0.9612
1.0,0.4286,0.6,0.9668
0.7917,0.5278,0.6333,0.9491
0.9167,0.4783,0.6286,0.9538
0.875,0.525,0.6563,0.9405
0.75,0.5806,0.6545,0.9542
0.92,0.5,0.6479,0.944
0.84,0.5385,0.6562,0.968
0.96,0.4,0.5647,0.9467
0.9583,0.46,0.6216,0.9421
0.9583,0.4894,0.6479,0.9675
0.875,0.5526,0.6774,0.9586
0.9583,0.4259,0.5897,0.9407
1.0,0.4211,0.5926,0.9261
0.9583,0.5897,0.7302,0.9706
RUSVoteBag
1.0,0.4286,0.6,0.9349
1.0,0.4098,0.5814,0.9265
1.0,0.4717,0.641,0.9562
0.96,0.5217,0.6761,0.9536
1.0,0.4211,0.5926,0.9489
1.0,0.4364,0.6076,0.9748
1.0,0.4,0.5714,0.9329
1.0,0.5714,0.7273,0.9698
0.9583,0.451,0.6133,0.9613
1.0,0.4528,0.6234,0.9249
0.9167,0.4583,0.6111,0.944
0.84,0.5676,0.6774,0.9532
0.96,0.4706,0.6316,0.9341
1.0,0.5102,0.6757,0.9699
1.0,0.4364,0.6076,0.9167
1.0,0.5,0.6667,0.9693
0.9583,0.5,0.6571,0.9406
0.9583,0.4423,0.6053,0.9392
1.0,0.4615,0.6316,0.9595
1.0,0.3934,0.5647,0.9281
1.0,0.4211,0.5926,0.9259
1.0,0.4237,0.5952,0.9478
1.0,0.5208,0.6849,0.9627
1.0,0.4902,0.6579,0.954
1.0,0.3934,0.5647,0.9268
1.0,0.5,0.6667,0.9735
0.9583,0.5897,0.7302,0.9538
1.0,0.48,0.6486,0.9581
1.0,0.375,0.5455,0.957
1.0,0.4898,0.6575,0.973
1.0,0.4138,0.5854,0.944
1.0,0.4808,0.6494,0.9247
1.0,0.4902,0.6579,0.953
1.0,0.4464,0.6173,0.9286
1.0,0.4068,0.5783,0.9351
1.0,0.4528,0.6234,0.9468
1.0,0.4615,0.6316,0.9408
1.0,0.5,0.6667,0.952
0.8333,0.5,0.625,0.9545
1.0,0.3934,0.5647,0.9541
1.0,0.4138,0.5854,0.9508
0.92,0.4894,0.6389,0.9554
1.0,0.4098,0.5814,0.9363
1.0,0.4386,0.6098,0.9231
1.0,0.4286,0.6,0.9559
1.0,0.4364,0.6076,0.9488
1.0,0.4364,0.6076,0.9444
1.0,0.4528,0.6234,0.9475
0.9583,0.5349,0.6866,0.9507
1.0,0.4706,0.64,0.9694
1.0,0.4364,0.6076,0.9256
1.0,0.4902,0.6579,0.9686
1.0,0.4902,0.6579,0.9463
1.0,0.5,0.6667,0.9537
1.0,0.4211,0.5926,0.9366
1.0,0.5106,0.6761,0.9659
0.9583,0.4107,0.575,0.9372
1.0,0.4286,0.6,0.9405
0.9583,0.4694,0.6301,0.9491
1.0,0.4364,0.6076,0.955
0.9583,0.434,0.5974,0.9508
0.88,0.44,0.5867,0.9453
1.0,0.625,0.7692,0.971
1.0,0.3968,0.5682,0.9162
1.0,0.3934,0.5647,0.9424
1.0,0.5455,0.7059,0.9669
1.0,0.4898,0.6575,0.9533
1.0,0.4286,0.6,0.9428
1.0,0.4138,0.5854,0.9222
1.0,0.5333,0.6957,0.9698
1.0,0.4898,0.6575,0.9674
1.0,0.463,0.6329,0.9464
0.92,0.4182,0.575,0.9395
0.96,0.5,0.6575,0.9646
1.0,0.4706,0.64,0.9554
0.9167,0.5789,0.7097,0.9559
1.0,0.4528,0.6234,0.934
1.0,0.381,0.5517,0.9397
1.0,0.4068,0.5783,0.9327
1.0,0.4211,0.5926,0.9268
1.0,0.4615,0.6316,0.9463
1.0,0.431,0.6024,0.8981
0.92,0.5,0.6479,0.9538
1.0,0.463,0.6329,0.9404
1.0,0.4444,0.6154,0.9511
1.0,0.5217,0.6857,0.9651
1.0,0.4068,0.5783,0.9478
1.0,0.4364,0.6076,0.9423
1.0,0.4286,0.6,0.9219
1.0,0.5106,0.6761,0.9493
1.0,0.4364,0.6076,0.9443
0.88,0.5641,0.6875,0.9428
1.0,0.4464,0.6173,0.9419
1.0,0.431,0.6024,0.9246
1.0,0.4138,0.5854,0.9363
1.0,0.5106,0.6761,0.9624
1.0,0.4364,0.6076,0.9537
1.0,0.4528,0.6234,0.9533
1.0,0.48,0.6486,0.9406
1.0,0.5106,0.6761,0.9669
1.0,0.4615,0.6316,0.9476
1.0,0.4717,0.641,0.9673
1.0,0.4902,0.6579,0.9301
1.0,0.6098,0.7576,0.9612
1.0,0.4615,0.6316,0.947
1.0,0.3871,0.5581,0.9531
1.0,0.4,0.5714,0.9317
1.0,0.4706,0.64,0.9383
1.0,0.4528,0.6234,0.9536
1.0,0.4211,0.5926,0.9564
1.0,0.4615,0.6316,0.9721
0.96,0.4528,0.6154,0.9444
1.0,0.4098,0.5814,0.9428
0.96,0.4528,0.6154,0.9489
1.0,0.4364,0.6076,0.946
0.9583,0.5227,0.6765,0.9648
0.9583,0.4894,0.6479,0.9527
0.9583,0.6053,0.7419,0.9511
0.9583,0.5111,0.6667,0.9595
1.0,0.4615,0.6316,0.9318
1.0,0.5,0.6667,0.9577
1.0,0.5435,0.7042,0.9507
1.0,0.4032,0.5747,0.9284
1.0,0.4098,0.5814,0.9259
0.9167,0.5641,0.6984,0.9576
1.0,0.4138,0.5854,0.928
1.0,0.3934,0.5647,0.9213
1.0,0.5455,0.7059,0.9603
1.0,0.4211,0.5926,0.9419
0.9583,0.5,0.6571,0.9456
1.0,0.5455,0.7059,0.9611
1.0,0.431,0.6024,0.9149
1.0,0.463,0.6329,0.9477
1.0,0.4717,0.641,0.9568
1.0,0.4528,0.6234,0.9592
0.9583,0.4694,0.6301,0.9567
1.0,0.4,0.5714,0.9426
0.875,0.4468,0.5915,0.9434
1.0,0.5,0.6667,0.9563
1.0,0.4286,0.6,0.9388
1.0,0.4615,0.6316,0.9447
1.0,0.4902,0.6579,0.9627
0.84,0.5122,0.6364,0.9473
0.96,0.4615,0.6234,0.9726
1.0,0.5,0.6667,0.9509
0.9167,0.5,0.6471,0.9533
0.9167,0.4681,0.6197,0.9326
1.0,0.4444,0.6154,0.9421
1.0,0.4528,0.6234,0.9565
1.0,0.4,0.5714,0.9108
0.875,0.4773,0.6176,0.9484
1.0,0.5102,0.6757,0.9437
1.0,0.5,0.6667,0.9383
1.0,0.431,0.6024,0.9579
1.0,0.4706,0.64,0.9443
1.0,0.4286,0.6,0.9651
0.9583,0.4259,0.5897,0.9263
0.9583,0.434,0.5974,0.9401
1.0,0.375,0.5455,0.9577
0.9583,0.5476,0.697,0.9734
1.0,0.4364,0.6076,0.9388
1.0,0.3731,0.5435,0.9423
0.88,0.4681,0.6111,0.9372
0.96,0.5,0.6575,0.9625
1.0,0.48,0.6486,0.9228
1.0,0.4898,0.6575,0.9507
1.0,0.48,0.6486,0.9532
1.0,0.381,0.5517,0.9149
0.9583,0.5,0.6571,0.9615
1.0,0.5714,0.7273,0.9724
1.0,0.4528,0.6234,0.9608
1.0,0.3968,0.5682,0.9457
0.92,0.4894,0.6389,0.9457
0.92,0.575,0.7077,0.9456
0.9583,0.5,0.6571,0.9246
1.0,0.4286,0.6,0.9473
1.0,0.48,0.6486,0.9761
1.0,0.4286,0.6,0.9595
1.0,0.381,0.5517,0.947
1.0,0.4615,0.6316,0.9477
1.0,0.4068,0.5783,0.9007
1.0,0.4032,0.5747,0.9331
1.0,0.4545,0.625,0.9346
1.0,0.4464,0.6173,0.9214
1.0,0.4286,0.6,0.9648
0.9583,0.4894,0.6479,0.9447
1.0,0.4898,0.6575,0.9717
1.0,0.48,0.6486,0.9572
1.0,0.5106,0.6761,0.9752
1.0,0.4706,0.64,0.9585
0.875,0.525,0.6563,0.9411
1.0,0.463,0.6329,0.9553
0.96,0.5581,0.7059,0.9515
0.92,0.5111,0.6571,0.9523
1.0,0.4528,0.6234,0.9606
1.0,0.4528,0.6234,0.9644
1.0,0.4068,0.5783,0.9425
1.0,0.4528,0.6234,0.9527
1.0,0.4444,0.6154,0.9051
1.0,0.3934,0.5647,0.9398
1.0,0.5,0.6667,0.9447
1.0,0.3906,0.5618,0.9446
0.96,0.5,0.6575,0.9535
1.0,0.463,0.6329,0.9563
0.9583,0.5,0.6571,0.9527
1.0,0.4286,0.6,0.9502
1.0,0.4211,0.5926,0.9365
1.0,0.5333,0.6957,0.9621
1.0,0.4286,0.6,0.9673
1.0,0.4138,0.5854,0.9455
1.0,0.4528,0.6234,0.9659
0.96,0.5,0.6575,0.9584
0.92,0.5111,0.6571,0.9541
1.0,0.5,0.6667,0.9649
1.0,0.4286,0.6,0.9399
1.0,0.381,0.5517,0.9573
1.0,0.48,0.6486,0.9573
1.0,0.4211,0.5926,0.9129
0.9583,0.5,0.6571,0.9321
0.9583,0.5111,0.6667,0.9659
1.0,0.3871,0.5581,0.9091
1.0,0.5,0.6667,0.9502
1.0,0.4808,0.6494,0.9584
1.0,0.4545,0.625,0.956
0.9167,0.4889,0.6377,0.9487
1.0,0.4528,0.6234,0.9664
1.0,0.4364,0.6076,0.9363
1.0,0.4898,0.6575,0.941
0.875,0.5676,0.6885,0.9624
1.0,0.4364,0.6076,0.9626
1.0,0.4211,0.5926,0.9343
1.0,0.4464,0.6173,0.9519
1.0,0.4464,0.6173,0.9757
1.0,0.4717,0.641,0.9738
0.9167,0.4889,0.6377,0.9455
1.0,0.4364,0.6076,0.9648
1.0,0.4706,0.64,0.9646
1.0,0.4528,0.6234,0.9574
1.0,0.48,0.6486,0.9475
1.0,0.4286,0.6,0.9327
1.0,0.4706,0.64,0.9645
1.0,0.4386,0.6098,0.9357
1.0,0.5435,0.7042,0.961
1.0,0.463,0.6329,0.962
1.0,0.4211,0.5926,0.9327
1.0,0.5106,0.6761,0.9464
0.9167,0.4074,0.5641,0.9343
1.0,0.5217,0.6857,0.9568
0.9167,0.4583,0.6111,0.9055
1.0,0.3934,0.5647,0.9363
1.0,0.4808,0.6494,0.9542
0.96,0.3934,0.5581,0.9138
1.0,0.5,0.6667,0.9674
1.0,0.5106,0.6761,0.953
0.9583,0.434,0.5974,0.9111
1.0,0.4615,0.6316,0.9561
1.0,0.4138,0.5854,0.95
0.9583,0.451,0.6133,0.9569
1.0,0.4706,0.64,0.9429
1.0,0.4528,0.6234,0.9599
1.0,0.463,0.6329,0.9505
0.92,0.4894,0.6389,0.9428
1.0,0.4464,0.6173,0.9489
0.9167,0.44,0.5946,0.9489
1.0,0.5333,0.6957,0.9775
1.0,0.4444,0.6154,0.9434
1.0,0.4615,0.6316,0.9288
1.0,0.4528,0.6234,0.9416
1.0,0.4286,0.6,0.9419
1.0,0.4898,0.6575,0.9627
0.9583,0.5111,0.6667,0.956
1.0,0.4545,0.625,0.9336
1.0,0.3521,0.5208,0.8685
0.92,0.46,0.6133,0.9472
1.0,0.4615,0.6316,0.9695
1.0,0.5106,0.6761,0.9615
1.0,0.5,0.6667,0.9678
1.0,0.4528,0.6234,0.9482
1.0,0.4706,0.64,0.951
1.0,0.4528,0.6234,0.9626
1.0,0.4211,0.5926,0.9624
1.0,0.4032,0.5747,0.932
1.0,0.5435,0.7042,0.9564
0.96,0.5,0.6575,0.9431
0.9583,0.4792,0.6389,0.9612
1.0,0.4528,0.6234,0.942
1.0,0.5106,0.6761,0.964
1.0,0.4211,0.5926,0.954
0.9167,0.4583,0.6111,0.9262
0.9583,0.5,0.6571,0.9531
1.0,0.3636,0.5333,0.9457
1.0,0.4167,0.5882,0.9389
1.0,0.5102,0.6757,0.9564
0.96,0.4898,0.6486,0.9307
1.0,0.4364,0.6076,0.9429
0.875,0.5526,0.6774,0.9591
1.0,0.5854,0.7385,0.9703
1.0,0.5,0.6667,0.9707
1.0,0.4706,0.64,0.968
1.0,0.4138,0.5854,0.9492
1.0,0.4364,0.6076,0.9503
0.96,0.6,0.7385,0.9717
1.0,0.4098,0.5814,0.9511
0.96,0.4898,0.6486,0.9477
1.0,0.5106,0.6761,0.9688
1.0,0.4286,0.6,0.9444
1.0,0.3871,0.5581,0.9316
1.0,0.4211,0.5926,0.948
0.9583,0.46,0.6216,0.9561
1.0,0.5106,0.6761,0.963
1.0,0.5581,0.7164,0.9677
1.0,0.4032,0.5747,0.9216
0.88,0.5,0.6377,0.9596
0.96,0.381,0.5455,0.9363
1.0,0.4444,0.6154,0.946
1.0,0.5,0.6667,0.9518
1.0,0.4706,0.64,0.9689
0.9583,0.5,0.6571,0.9547
1.0,0.3934,0.5647,0.941
1.0,0.4444,0.6154,0.9731
1.0,0.4444,0.6154,0.9574
0.88,0.44,0.5867,0.933
0.96,0.5581,0.7059,0.9746
1.0,0.463,0.6329,0.9623
1.0,0.5455,0.7059,0.97
1.0,0.4138,0.5854,0.9532
1.0,0.4068,0.5783,0.9183
1.0,0.4898,0.6575,0.9545
0.9167,0.4,0.557,0.9387
1.0,0.48,0.6486,0.9583
1.0,0.4545,0.625,0.9584
1.0,0.5,0.6667,0.9654
1.0,0.4032,0.5747,0.9348
1.0,0.4068,0.5783,0.9472
1.0,0.4444,0.6154,0.9313
1.0,0.4615,0.6316,0.9587
1.0,0.4286,0.6,0.9429
1.0,0.6,0.75,0.9655
0.9583,0.5227,0.6765,0.9511
1.0,0.3934,0.5647,0.955
1.0,0.4068,0.5783,0.9512
0.96,0.5455,0.6957,0.9681
1.0,0.4717,0.641,0.9589
1.0,0.4808,0.6494,0.9432
1.0,0.4286,0.6,0.9438
1.0,0.4286,0.6,0.946
1.0,0.4211,0.5926,0.9333
1.0,0.4615,0.6316,0.9372
1.0,0.4528,0.6234,0.947
1.0,0.48,0.6486,0.9546
1.0,0.3934,0.5647,0.9204
1.0,0.3731,0.5435,0.8735
1.0,0.5208,0.6849,0.9548
1.0,0.3968,0.5682,0.9374
1.0,0.5,0.6667,0.9297
1.0,0.4528,0.6234,0.9496
0.9167,0.6286,0.7458,0.9655
0.9583,0.561,0.7077,0.9663
0.9583,0.4894,0.6479,0.9612
1.0,0.48,0.6486,0.9595
0.875,0.4884,0.6269,0.9433
1.0,0.4808,0.6494,0.9511
1.0,0.4545,0.625,0.9557
1.0,0.5435,0.7042,0.974
1.0,0.4898,0.6575,0.9471
1.0,0.48,0.6486,0.9595
1.0,0.4898,0.6575,0.9483
1.0,0.4898,0.6575,0.9749
1.0,0.4211,0.5926,0.9475
0.9583,0.3833,0.5476,0.9285
1.0,0.431,0.6024,0.9449
1.0,0.4464,0.6173,0.9558
0.96,0.4286,0.5926,0.9425
1.0,0.4,0.5714,0.9218
1.0,0.4528,0.6234,0.9438
1.0,0.5714,0.7273,0.9645
0.9583,0.5,0.6571,0.9462
0.9583,0.561,0.7077,0.9673
1.0,0.381,0.5517,0.9275
1.0,0.4444,0.6154,0.9576
0.9167,0.44,0.5946,0.9408
1.0,0.3968,0.5682,0.9479
1.0,0.4167,0.5882,0.9437
0.88,0.5366,0.6667,0.9419
0.9583,0.5897,0.7302,0.9671
1.0,0.5106,0.6761,0.939
1.0,0.5,0.6667,0.954
1.0,0.4211,0.5926,0.9536
1.0,0.4138,0.5854,0.9115
0.9583,0.4894,0.6479,0.9631
0.9167,0.5116,0.6567,0.967
0.92,0.4894,0.6389,0.9569
0.96,0.4528,0.6154,0.9342
1.0,0.3846,0.5556,0.9152
1.0,0.5455,0.7059,0.9459
1.0,0.5,0.6667,0.9435
1.0,0.5106,0.6761,0.9688
1.0,0.4211,0.5926,0.9315
1.0,0.4528,0.6234,0.95
1.0,0.5106,0.6761,0.9621
1.0,0.4211,0.5926,0.9578
1.0,0.4032,0.5747,0.8963
1.0,0.4717,0.641,0.9683
1.0,0.463,0.6329,0.9616
1.0,0.4528,0.6234,0.9511
0.9583,0.6053,0.7419,0.9712
1.0,0.4068,0.5783,0.9592
1.0,0.5854,0.7385,0.9581
0.9583,0.4423,0.6053,0.9426
0.9583,0.4894,0.6479,0.9671
1.0,0.5,0.6667,0.9547
0.96,0.5455,0.6957,0.9388
1.0,0.3906,0.5618,0.92
0.9583,0.3898,0.5542,0.9352
1.0,0.48,0.6486,0.9597
1.0,0.4211,0.5926,0.9348
1.0,0.5581,0.7164,0.9709
1.0,0.4364,0.6076,0.9434
0.9583,0.5111,0.6667,0.9685
0.8333,0.4878,0.6154,0.9491
0.875,0.4375,0.5833,0.9224
1.0,0.5319,0.6944,0.961
1.0,0.5,0.6667,0.9577
0.92,0.5,0.6479,0.93
1.0,0.4364,0.6076,0.9473
1.0,0.4615,0.6316,0.956
1.0,0.4068,0.5783,0.9321
1.0,0.5,0.6667,0.9697
1.0,0.4364,0.6076,0.9527
1.0,0.48,0.6486,0.9398
0.96,0.4706,0.6316,0.944
1.0,0.463,0.6329,0.9396
1.0,0.5102,0.6757,0.9573
1.0,0.4211,0.5926,0.9467
1.0,0.5106,0.6761,0.9636
1.0,0.5,0.6667,0.966
1.0,0.3871,0.5581,0.9529
1.0,0.4444,0.6154,0.9421
1.0,0.5333,0.6957,0.9599
1.0,0.4364,0.6076,0.9385
0.9583,0.4694,0.6301,0.9448
0.96,0.48,0.64,0.951
1.0,0.4717,0.641,0.9362
1.0,0.4167,0.5882,0.9316
1.0,0.4286,0.6,0.9484
1.0,0.4138,0.5854,0.9451
1.0,0.4706,0.64,0.9619
0.9583,0.4035,0.5679,0.938
1.0,0.5,0.6667,0.9518
1.0,0.4706,0.64,0.9563
1.0,0.4,0.5714,0.9353
1.0,0.4167,0.5882,0.958
0.96,0.5714,0.7164,0.9679
1.0,0.4386,0.6098,0.9306
0.9583,0.4694,0.6301,0.9289
1.0,0.4898,0.6575,0.9558
1.0,0.4898,0.6575,0.9572
1.0,0.4706,0.64,0.9403
0.9583,0.4792,0.6389,0.9429
0.9583,0.434,0.5974,0.9518
1.0,0.375,0.5455,0.9265
1.0,0.4237,0.5952,0.9063
1.0,0.5682,0.7246,0.9722
1.0,0.4464,0.6173,0.9463
1.0,0.4444,0.6154,0.9483
1.0,0.4444,0.6154,0.9273
1.0,0.4286,0.6,0.9514
1.0,0.4615,0.6316,0.954
1.0,0.6316,0.7742,0.9657
1.0,0.5714,0.7273,0.9551
1.0,0.4364,0.6076,0.9599
1.0,0.4717,0.641,0.9658
1.0,0.463,0.6329,0.9609
0.96,0.4528,0.6154,0.9502
1.0,0.4528,0.6234,0.9374
0.9583,0.46,0.6216,0.9624
1.0,0.4706,0.64,0.9448
1.0,0.4615,0.6316,0.9308
1.0,0.4444,0.6154,0.9475
1.0,0.4615,0.6316,0.9511
1.0,0.375,0.5455,0.9361
1.0,0.4545,0.625,0.9589
1.0,0.4386,0.6098,0.9379
1.0,0.4386,0.6098,0.9478
1.0,0.5,0.6667,0.955
1.0,0.4898,0.6575,0.9525
1.0,0.4286,0.6,0.9576
1.0,0.48,0.6486,0.9522
1.0,0.4,0.5714,0.9426
1.0,0.5106,0.6761,0.9653
1.0,0.4286,0.6,0.954
1.0,0.463,0.6329,0.964
1.0,0.431,0.6024,0.9588
0.96,0.5106,0.6667,0.9416
0.9167,0.44,0.5946,0.9375
1.0,0.4364,0.6076,0.9534
1.0,0.5,0.6667,0.9489
0.9167,0.5789,0.7097,0.963
1.0,0.4364,0.6076,0.9644
1.0,0.4068,0.5783,0.9478
1.0,0.5217,0.6857,0.9605
1.0,0.463,0.6329,0.9499
1.0,0.3521,0.5208,0.9007
1.0,0.5814,0.7353,0.9459
0.9583,0.434,0.5974,0.9441
0.875,0.4118,0.56,0.9335
1.0,0.4444,0.6154,0.9576
1.0,0.4138,0.5854,0.9671
1.0,0.5581,0.7164,0.9636
1.0,0.5217,0.6857,0.954
1.0,0.4615,0.6316,0.9706
1.0,0.5,0.6667,0.9543
1.0,0.3968,0.5682,0.9291
1.0,0.4545,0.625,0.9462
1.0,0.6316,0.7742,0.9747
1.0,0.4444,0.6154,0.9345
1.0,0.5217,0.6857,0.9569
1.0,0.4706,0.64,0.9569
1.0,0.4706,0.64,0.9312
1.0,0.3692,0.5393,0.9069
1.0,0.4898,0.6575,0.9385
1.0,0.3906,0.5618,0.9372
1.0,0.4808,0.6494,0.9565
1.0,0.4464,0.6173,0.9498
1.0,0.4898,0.6575,0.9651
1.0,0.4444,0.6154,0.9372
0.9583,0.5,0.6571,0.9507
1.0,0.4444,0.6154,0.9421
0.9583,0.4694,0.6301,0.9295
1.0,0.48,0.6486,0.9627
1.0,0.4528,0.6234,0.9526
1.0,0.463,0.6329,0.9638
1.0,0.463,0.6329,0.93
1.0,0.4902,0.6579,0.9675
1.0,0.5,0.6667,0.9588
1.0,0.4211,0.5926,0.9345
1.0,0.5,0.6667,0.965
0.9583,0.4792,0.6389,0.9583
0.9583,0.4694,0.6301,0.9578
1.0,0.4528,0.6234,0.9448
0.9167,0.4783,0.6286,0.9466
1.0,0.4237,0.5952,0.9541
1.0,0.5,0.6667,0.9501
1.0,0.5102,0.6757,0.9667
1.0,0.4068,0.5783,0.9345
1.0,0.4138,0.5854,0.936
1.0,0.4706,0.64,0.9558
1.0,0.4615,0.6316,0.9597
1.0,0.4444,0.6154,0.9671
1.0,0.4706,0.64,0.9514
1.0,0.4545,0.625,0.9531
1.0,0.431,0.6024,0.9425
1.0,0.5102,0.6757,0.9627
1.0,0.4898,0.6575,0.9687
0.875,0.4468,0.5915,0.9348
1.0,0.4211,0.5926,0.9407
0.9583,0.4423,0.6053,0.9595
0.9583,0.5,0.6571,0.965
1.0,0.4706,0.64,0.9599
1.0,0.4286,0.6,0.9403
1.0,0.5556,0.7143,0.9565
1.0,0.4464,0.6173,0.9491
1.0,0.4464,0.6173,0.9511
1.0,0.4,0.5714,0.9357
0.9167,0.5641,0.6984,0.95
1.0,0.4364,0.6076,0.921
1.0,0.5217,0.6857,0.9682
1.0,0.3934,0.5647,0.9369
1.0,0.3934,0.5647,0.899
1.0,0.5106,0.6761,0.9578
0.9583,0.5227,0.6765,0.9571
1.0,0.4545,0.625,0.9405
1.0,0.5319,0.6944,0.9654
1.0,0.4032,0.5747,0.9279
1.0,0.4138,0.5854,0.9185
1.0,0.4286,0.6,0.941
1.0,0.4138,0.5854,0.9464
1.0,0.4068,0.5783,0.948
1.0,0.48,0.6486,0.9621
0.9583,0.5476,0.697,0.9554
1.0,0.4528,0.6234,0.9531
1.0,0.4032,0.5747,0.9165
0.92,0.4792,0.6301,0.9449
1.0,0.463,0.6329,0.9465
1.0,0.381,0.5517,0.9263
1.0,0.5106,0.6761,0.9724
0.9167,0.55,0.6875,0.9689
1.0,0.4,0.5714,0.933
0.9583,0.5349,0.6866,0.9612
1.0,0.4615,0.6316,0.9451
1.0,0.4211,0.5926,0.9356
1.0,0.4808,0.6494,0.9453
1.0,0.4545,0.625,0.9753
1.0,0.4237,0.5952,0.9457
1.0,0.4528,0.6234,0.964
1.0,0.4615,0.6316,0.9297
1.0,0.6,0.75,0.963
0.9583,0.46,0.6216,0.9437
1.0,0.4444,0.6154,0.9496
1.0,0.4286,0.6,0.9194
1.0,0.5333,0.6957,0.961
0.96,0.5455,0.6957,0.9541
1.0,0.4237,0.5952,0.9447
1.0,0.4386,0.6098,0.9332
0.9583,0.451,0.6133,0.941
1.0,0.48,0.6486,0.9442
1.0,0.4444,0.6154,0.9617
1.0,0.4615,0.6316,0.9623
1.0,0.4,0.5714,0.9298
1.0,0.4286,0.6,0.9573
0.9167,0.4889,0.6377,0.9424
1.0,0.5102,0.6757,0.9568
1.0,0.5319,0.6944,0.9498
1.0,0.4167,0.5882,0.9102
1.0,0.5,0.6667,0.9466
0.9583,0.4423,0.6053,0.9407
0.9583,0.4792,0.6389,0.9572
1.0,0.48,0.6486,0.9676
1.0,0.4364,0.6076,0.9464
0.9167,0.44,0.5946,0.943
1.0,0.4528,0.6234,0.939
0.96,0.4615,0.6234,0.9485
1.0,0.463,0.6329,0.9631
0.92,0.5476,0.6866,0.9567
1.0,0.4444,0.6154,0.9606
0.9167,0.4314,0.5867,0.9434
1.0,0.48,0.6486,0.9749
1.0,0.4138,0.5854,0.9151
1.0,0.48,0.6486,0.9371
1.0,0.4528,0.6234,0.9588
1.0,0.5102,0.6757,0.9527
1.0,0.4902,0.6579,0.9553
0.96,0.4211,0.5854,0.9368
0.9583,0.4423,0.6053,0.9551
1.0,0.5217,0.6857,0.9709
1.0,0.4615,0.6316,0.9722
1.0,0.4898,0.6575,0.9479
1.0,0.4706,0.64,0.9545
1.0,0.4528,0.6234,0.9488
0.9167,0.4231,0.5789,0.909
0.88,0.4889,0.6286,0.9436
1.0,0.431,0.6024,0.9409
1.0,0.5814,0.7353,0.9698
1.0,0.5,0.6667,0.9294
1.0,0.5333,0.6957,0.9438
1.0,0.4211,0.5926,0.9443
0.9583,0.4035,0.5679,0.9358
1.0,0.4364,0.6076,0.9727
1.0,0.4528,0.6234,0.9432
1.0,0.48,0.6486,0.9424
1.0,0.4528,0.6234,0.9489
1.0,0.4717,0.641,0.9537
1.0,0.4167,0.5882,0.9352
1.0,0.4237,0.5952,0.9431
0.9583,0.4694,0.6301,0.9651
0.8333,0.4348,0.5714,0.9365
1.0,0.5,0.6667,0.9477
1.0,0.5106,0.6761,0.9518
0.7917,0.5278,0.6333,0.9106
1.0,0.4364,0.6076,0.9475
0.9583,0.4894,0.6479,0.9435
1.0,0.4902,0.6579,0.9581
1.0,0.4717,0.641,0.9556
1.0,0.5435,0.7042,0.9646
1.0,0.4286,0.6,0.9322
1.0,0.4444,0.6154,0.9417
1.0,0.4444,0.6154,0.9659
1.0,0.48,0.6486,0.9388
1.0,0.4068,0.5783,0.9244
1.0,0.4528,0.6234,0.9497
1.0,0.4,0.5714,0.9587
1.0,0.5102,0.6757,0.9533
0.92,0.4792,0.6301,0.9425
0.96,0.6667,0.7869,0.9877
1.0,0.48,0.6486,0.9588
1.0,0.4286,0.6,0.9379
0.9583,0.451,0.6133,0.9174
1.0,0.4615,0.6316,0.9554
0.7917,0.4634,0.5846,0.9459
1.0,0.3692,0.5393,0.9165
1.0,0.4898,0.6575,0.9578
0.96,0.4615,0.6234,0.9425
1.0,0.4808,0.6494,0.9781
1.0,0.4717,0.641,0.9365
0.9583,0.46,0.6216,0.9425
1.0,0.4615,0.6316,0.9542
0.9583,0.4182,0.5823,0.9514
0.875,0.4773,0.6176,0.9329
1.0,0.4615,0.6316,0.9658
1.0,0.5455,0.7059,0.9655
1.0,0.4706,0.64,0.9624
1.0,0.4464,0.6173,0.9527
1.0,0.431,0.6024,0.9549
0.96,0.4444,0.6076,0.9495
0.875,0.7,0.7778,0.9722
1.0,0.4211,0.5926,0.9528
1.0,0.4444,0.6154,0.9459
0.875,0.5833,0.7,0.9555
1.0,0.4615,0.6316,0.9331
1.0,0.4,0.5714,0.9439
1.0,0.3934,0.5647,0.9201
0.92,0.4894,0.6389,0.9527
0.96,0.5106,0.6667,0.966
1.0,0.5102,0.6757,0.9657
1.0,0.4444,0.6154,0.9615
1.0,0.4,0.5714,0.9549
1.0,0.4615,0.6316,0.9604
1.0,0.5106,0.6761,0.9599
1.0,0.4138,0.5854,0.9208
1.0,0.4706,0.64,0.9561
1.0,0.4706,0.64,0.9484
1.0,0.4808,0.6494,0.9494
1.0,0.463,0.6329,0.9401
1.0,0.4032,0.5747,0.9278
1.0,0.4364,0.6076,0.9605
0.9583,0.5349,0.6866,0.9736
1.0,0.5,0.6667,0.9536
1.0,0.5455,0.7059,0.969
0.9583,0.451,0.6133,0.9505
1.0,0.4286,0.6,0.9266
0.9583,0.5349,0.6866,0.9638
1.0,0.4902,0.6579,0.9538
1.0,0.4717,0.641,0.9409
1.0,0.463,0.6329,0.9317
1.0,0.48,0.6486,0.974
1.0,0.4286,0.6,0.9397
1.0,0.4528,0.6234,0.9563
1.0,0.4444,0.6154,0.9552
1.0,0.5106,0.6761,0.9518
1.0,0.4,0.5714,0.9264
0.9167,0.6111,0.7333,0.9732
1.0,0.4464,0.6173,0.943
1.0,0.4808,0.6494,0.9472
1.0,0.4545,0.625,0.9546
1.0,0.4898,0.6575,0.9408
1.0,0.4615,0.6316,0.9352
1.0,0.4211,0.5926,0.9416
1.0,0.4286,0.6,0.9331
0.9167,0.386,0.5432,0.9372
1.0,0.4138,0.5854,0.9222
0.9583,0.5227,0.6765,0.982
1.0,0.5,0.6667,0.972
1.0,0.4464,0.6173,0.9481
0.88,0.44,0.5867,0.9383
1.0,0.3871,0.5581,0.9345
1.0,0.3934,0.5647,0.9078
1.0,0.4898,0.6575,0.9443
1.0,0.5106,0.6761,0.9588
1.0,0.4444,0.6154,0.9324
0.9583,0.4792,0.6389,0.961
1.0,0.4898,0.6575,0.9563
1.0,0.5102,0.6757,0.9467
1.0,0.5556,0.7143,0.9802
1.0,0.4032,0.5747,0.9391
1.0,0.4,0.5714,0.9406
1.0,0.4615,0.6316,0.9586
1.0,0.4615,0.6316,0.9406
1.0,0.4211,0.5926,0.9455
0.9167,0.5,0.6471,0.9501
1.0,0.4444,0.6154,0.9581
1.0,0.381,0.5517,0.9263
1.0,0.4545,0.625,0.95
1.0,0.4237,0.5952,0.9225
1.0,0.463,0.6329,0.9516
1.0,0.4286,0.6,0.9527
1.0,0.4706,0.64,0.9321
0.9583,0.5,0.6571,0.9727
0.9583,0.4259,0.5897,0.9309
1.0,0.4615,0.6316,0.9744
0.9167,0.4681,0.6197,0.9342
1.0,0.4138,0.5854,0.9162
1.0,0.5208,0.6849,0.9621
1.0,0.4545,0.625,0.9305
0.96,0.375,0.5393,0.9468
1.0,0.4898,0.6575,0.9648
0.9167,0.5641,0.6984,0.9706
1.0,0.4444,0.6154,0.9456
1.0,0.4528,0.6234,0.9477
0.875,0.5526,0.6774,0.9555
1.0,0.3934,0.5647,0.9423
1.0,0.4138,0.5854,0.9269
1.0,0.4902,0.6579,0.9594
0.92,0.4182,0.575,0.9436
1.0,0.5,0.6667,0.9581
1.0,0.4211,0.5926,0.9363
1.0,0.48,0.6486,0.951
1.0,0.4706,0.64,0.9501
1.0,0.4364,0.6076,0.9533
1.0,0.4528,0.6234,0.9669
1.0,0.4364,0.6076,0.9537
1.0,0.48,0.6486,0.9555
1.0,0.4808,0.6494,0.9278
1.0,0.4717,0.641,0.9601
1.0,0.4717,0.641,0.9494
0.9583,0.3898,0.5542,0.8774
1.0,0.4444,0.6154,0.938
1.0,0.4706,0.64,0.948
1.0,0.4286,0.6,0.9428
0.9583,0.4694,0.6301,0.9615
0.9583,0.5227,0.6765,0.9592
1.0,0.4706,0.64,0.9468
1.0,0.4902,0.6579,0.9667
1.0,0.4032,0.5747,0.9416
1.0,0.463,0.6329,0.9717
1.0,0.4444,0.6154,0.9375
1.0,0.4444,0.6154,0.9511
1.0,0.4286,0.6,0.9295
1.0,0.4528,0.6234,0.9532
1.0,0.5106,0.6761,0.9669
1.0,0.4068,0.5783,0.9351
1.0,0.4528,0.6234,0.9355
1.0,0.5,0.6667,0.9567
1.0,0.431,0.6024,0.9577
0.92,0.5111,0.6571,0.9667
0.9583,0.434,0.5974,0.9279
1.0,0.5581,0.7164,0.9464
1.0,0.3692,0.5393,0.918
0.875,0.6,0.7119,0.9676
1.0,0.48,0.6486,0.9513
1.0,0.5,0.6667,0.9664
0.9583,0.5,0.6571,0.947
1.0,0.5319,0.6944,0.9728
1.0,0.4464,0.6173,0.9217
1.0,0.4237,0.5952,0.941
1.0,0.4444,0.6154,0.9551
1.0,0.5106,0.6761,0.9531
1.0,0.3871,0.5581,0.9196
1.0,0.4286,0.6,0.9673
1.0,0.4898,0.6575,0.9703
0.9583,0.4894,0.6479,0.9558
1.0,0.5106,0.6761,0.9634
1.0,0.431,0.6024,0.9398
0.92,0.5227,0.6667,0.9454
1.0,0.4386,0.6098,0.9679
1.0,0.4706,0.64,0.956
0.9583,0.5,0.6571,0.9405
1.0,0.4706,0.64,0.9552
1.0,0.4615,0.6316,0.9425
1.0,0.4615,0.6316,0.9486
1.0,0.4444,0.6154,0.9536
1.0,0.4364,0.6076,0.9268
1.0,0.4464,0.6173,0.9759
0.88,0.55,0.6769,0.958
1.0,0.5814,0.7353,0.9623
1.0,0.4706,0.64,0.9484
1.0,0.48,0.6486,0.9594
1.0,0.4286,0.6,0.9578
1.0,0.4615,0.6316,0.9321
1.0,0.4211,0.5926,0.9401
1.0,0.4286,0.6,0.9438
1.0,0.4898,0.6575,0.9427
0.88,0.55,0.6769,0.9601
1.0,0.4237,0.5952,0.9333
0.92,0.5111,0.6571,0.9648
1.0,0.4364,0.6076,0.9568
1.0,0.3934,0.5647,0.9312
1.0,0.4444,0.6154,0.9498
1.0,0.5106,0.6761,0.9727
1.0,0.4364,0.6076,0.9707
0.9583,0.4792,0.6389,0.9587
0.8333,0.5128,0.6349,0.9495
1.0,0.5435,0.7042,0.9541
0.96,0.5217,0.6761,0.9647
1.0,0.5102,0.6757,0.9449
1.0,0.3692,0.5393,0.9053
1.0,0.4528,0.6234,0.9718
1.0,0.4898,0.6575,0.9601
1.0,0.4,0.5714,0.9333
0.9167,0.5238,0.6667,0.9658
1.0,0.4068,0.5783,0.9155
1.0,0.4211,0.5926,0.9448
1.0,0.4167,0.5882,0.9415
1.0,0.4717,0.641,0.9268
0.96,0.5,0.6575,0.9615
1.0,0.5,0.6667,0.9532
0.9583,0.4792,0.6389,0.9644
1.0,0.5106,0.6761,0.9628
0.9583,0.5,0.6571,0.9435
1.0,0.4286,0.6,0.9479
1.0,0.4286,0.6,0.9394
1.0,0.4286,0.6,0.9673
1.0,0.463,0.6329,0.9691
0.96,0.5333,0.6857,0.9542
1.0,0.463,0.6329,0.9583
1.0,0.4444,0.6154,0.9515
1.0,0.4898,0.6575,0.9689
1.0,0.4286,0.6,0.9321
0.9583,0.4035,0.5679,0.9406
1.0,0.5,0.6667,0.966
0.9583,0.4894,0.6479,0.9478
0.9167,0.5946,0.7213,0.9563
0.92,0.575,0.7077,0.9623
1.0,0.5208,0.6849,0.9648
1.0,0.5102,0.6757,0.9673
1.0,0.4286,0.6,0.9401
1.0,0.4286,0.6,0.9465
1.0,0.381,0.5517,0.9253
1.0,0.4068,0.5783,0.9426
1.0,0.4444,0.6154,0.9444
0.8333,0.4167,0.5556,0.8997
1.0,0.463,0.6329,0.9458
1.0,0.431,0.6024,0.9656
0.92,0.4792,0.6301,0.942
1.0,0.4068,0.5783,0.951
1.0,0.4444,0.6154,0.9394
1.0,0.4615,0.6316,0.9668
1.0,0.4444,0.6154,0.9505
0.9583,0.5349,0.6866,0.9518
1.0,0.4364,0.6076,0.9478
1.0,0.4444,0.6154,0.9576
1.0,0.4528,0.6234,0.9605
1.0,0.5,0.6667,0.9541
1.0,0.4386,0.6098,0.967
1.0,0.5102,0.6757,0.9609
1.0,0.4528,0.6234,0.9522
1.0,0.4138,0.5854,0.9171
1.0,0.4211,0.5926,0.9249
1.0,0.3636,0.5333,0.9354
1.0,0.4528,0.6234,0.9682
0.9583,0.6389,0.7667,0.9693
1.0,0.5,0.6667,0.9663
0.96,0.4898,0.6486,0.9579
1.0,0.5682,0.7246,0.9633
0.96,0.5581,0.7059,0.9567
1.0,0.4444,0.6154,0.9569
1.0,0.375,0.5455,0.9471
1.0,0.4615,0.6316,0.9408
1.0,0.5,0.6667,0.947
1.0,0.4068,0.5783,0.9397
1.0,0.4211,0.5926,0.955
1.0,0.4706,0.64,0.9406
1.0,0.4464,0.6173,0.9446
1.0,0.4545,0.625,0.9574
1.0,0.431,0.6024,0.9478
1.0,0.4364,0.6076,0.959
1.0,0.5217,0.6857,0.9618
1.0,0.4615,0.6316,0.9421
1.0,0.5854,0.7385,0.9688
1.0,0.4138,0.5854,0.9052
1.0,0.4364,0.6076,0.9195
1.0,0.5581,0.7164,0.9675
0.96,0.48,0.64,0.9496
1.0,0.431,0.6024,0.9544
1.0,0.5,0.6667,0.9714
1.0,0.4706,0.64,0.9568
1.0,0.4444,0.6154,0.9385
1.0,0.4444,0.6154,0.9271
0.9583,0.575,0.7188,0.9668
1.0,0.4068,0.5783,0.9074
1.0,0.4068,0.5783,0.93
1.0,0.5,0.6667,0.9586
1.0,0.4717,0.641,0.9414
1.0,0.4098,0.5814,0.9415
1.0,0.5814,0.7353,0.97
1.0,0.4528,0.6234,0.921
1.0,0.3692,0.5393,0.9093
1.0,0.5106,0.6761,0.9471
1.0,0.4528,0.6234,0.9622
1.0,0.4528,0.6234,0.943
1.0,0.4138,0.5854,0.9316
1.0,0.4286,0.6,0.9576
0.96,0.4444,0.6076,0.952
1.0,0.463,0.6329,0.9512
1.0,0.4808,0.6494,0.9442
0.9583,0.46,0.6216,0.951
0.875,0.4773,0.6176,0.9316
1.0,0.48,0.6486,0.9738
1.0,0.5,0.6667,0.9695
1.0,0.4706,0.64,0.9497
1.0,0.4615,0.6316,0.9424
1.0,0.4706,0.64,0.9654
1.0,0.4386,0.6098,0.9519
0.96,0.5333,0.6857,0.953
1.0,0.4808,0.6494,0.9333
1.0,0.4444,0.6154,0.9497
0.9583,0.46,0.6216,0.9394
1.0,0.4528,0.6234,0.932
0.9167,0.5116,0.6567,0.9632
1.0,0.5,0.6667,0.9483
0.9167,0.55,0.6875,0.9515
0.92,0.5111,0.6571,0.9433
1.0,0.4464,0.6173,0.9156
1.0,0.4464,0.6173,0.938
1.0,0.5333,0.6957,0.9651
1.0,0.4898,0.6575,0.9506
0.9583,0.4035,0.5679,0.9522
1.0,0.4211,0.5926,0.9439
1.0,0.4615,0.6316,0.9326
1.0,0.4528,0.6234,0.9488
1.0,0.4286,0.6,0.9303
0.875,0.5,0.6364,0.9411
1.0,0.4167,0.5882,0.9436
1.0,0.5208,0.6849,0.9644
1.0,0.3846,0.5556,0.9353
1.0,0.4211,0.5926,0.9324
1.0,0.48,0.6486,0.9599
0.9583,0.5349,0.6866,0.9601
1.0,0.4211,0.5926,0.942
1.0,0.4068,0.5783,0.9223
1.0,0.5,0.6667,0.9648
