RUSBag
0.8421,0.5333,0.6531,0.9388
0.6842,0.4063,0.5098,0.8319
0.8421,0.5517,0.6667,0.8722
0.8421,0.4211,0.5614,0.8851
0.7368,0.56,0.6364,0.9154
0.8421,0.4706,0.6038,0.9117
0.8947,0.4048,0.5574,0.9334
0.8333,0.4545,0.5882,0.9116
0.8889,0.4706,0.6154,0.9167
0.8421,0.4848,0.6154,0.911
0.8947,0.5,0.6415,0.9299
0.9474,0.4865,0.6429,0.9495
0.6842,0.4194,0.52,0.8424
0.7368,0.4667,0.5714,0.8878
0.8421,0.4324,0.5714,0.8663
0.7368,0.6364,0.6829,0.9186
0.8947,0.4595,0.6071,0.9433
0.7895,0.4545,0.5769,0.888
0.7778,0.4516,0.5714,0.9073
0.7778,0.4118,0.5385,0.8855
0.9474,0.4091,0.5714,0.8767
0.7895,0.4054,0.5357,0.8711
0.7895,0.4688,0.5882,0.9023
0.8421,0.5714,0.6809,0.9092
0.8421,0.4706,0.6038,0.8856
0.7895,0.5769,0.6667,0.9253
0.7895,0.5,0.6122,0.9122
0.8889,0.4571,0.6038,0.9116
0.8333,0.4412,0.5769,0.8906
0.8947,0.4722,0.6182,0.9368
0.8421,0.3636,0.5079,0.8585
0.7895,0.5,0.6122,0.9114
0.6316,0.4138,0.5,0.8553
0.7368,0.4118,0.5283,0.8894
0.7895,0.4839,0.6,0.8816
0.7368,0.4516,0.56,0.8813
0.8947,0.4722,0.6182,0.9122
0.8889,0.5517,0.6809,0.915
1.0,0.4615,0.6316,0.949
0.8947,0.5313,0.6667,0.9428
0.6842,0.5,0.5778,0.884
0.8421,0.4571,0.5926,0.8843
0.7895,0.4839,0.6,0.9049
0.8947,0.5,0.6415,0.9315
0.8947,0.5152,0.6538,0.9168
0.9474,0.3913,0.5538,0.8864
0.7895,0.5,0.6122,0.881
0.7778,0.4242,0.549,0.9036
0.7778,0.4516,0.5714,0.9099
0.6842,0.3939,0.5,0.857
0.7895,0.5,0.6122,0.8759
0.8947,0.4595,0.6071,0.9361
0.8421,0.4848,0.6154,0.9049
0.9474,0.6,0.7347,0.9608
0.8947,0.4595,0.6071,0.9009
0.8947,0.5152,0.6538,0.9382
0.8421,0.5926,0.6957,0.9364
0.7778,0.4375,0.56,0.8832
0.8889,0.4444,0.5926,0.8991
0.7895,0.4839,0.6,0.8524
0.7895,0.4688,0.5882,0.8883
0.8947,0.5313,0.6667,0.946
0.8947,0.4595,0.6071,0.9501
0.8947,0.5484,0.68,0.9503
0.7895,0.4412,0.566,0.88
0.6316,0.4286,0.5106,0.8596
0.8947,0.4146,0.5667,0.9068
0.9444,0.5484,0.6939,0.9456
0.6667,0.4286,0.5217,0.8124
0.8947,0.5,0.6415,0.8793
0.8421,0.5714,0.6809,0.9361
0.8947,0.5862,0.7083,0.8904
0.7368,0.4,0.5185,0.8448
0.7895,0.4545,0.5769,0.9165
0.8947,0.4474,0.5965,0.9237
0.7368,0.4516,0.56,0.9098
0.8947,0.5152,0.6538,0.9466
0.7778,0.5,0.6087,0.8535
0.8889,0.4571,0.6038,0.9215
0.9474,0.5,0.6545,0.8904
0.6842,0.4333,0.5306,0.8354
0.9474,0.5455,0.6923,0.9466
0.7895,0.4839,0.6,0.9015
0.8947,0.4595,0.6071,0.9267
0.7368,0.5,0.5957,0.942
0.8421,0.4571,0.5926,0.9074
0.6316,0.3158,0.4211,0.7951
0.9444,0.5484,0.6939,0.9306
1.0,0.5143,0.6792,0.9461
0.7368,0.5,0.5957,0.876
1.0,0.5,0.6667,0.9509
0.7895,0.4688,0.5882,0.8706
0.7895,0.4545,0.5769,0.8759
0.8947,0.5,0.6415,0.9235
0.8421,0.4103,0.5517,0.8735
0.7368,0.3684,0.4912,0.8088
0.8421,0.5161,0.64,0.9393
0.8333,0.4286,0.566,0.9065
0.7222,0.5,0.5909,0.881
0.6842,0.4194,0.52,0.87
0.7895,0.5769,0.6667,0.9436
0.7895,0.4286,0.5556,0.8861
0.8947,0.4595,0.6071,0.9356
0.7368,0.3889,0.5091,0.8579
0.7368,0.5185,0.6087,0.916
0.7895,0.4839,0.6,0.8504
0.7368,0.3784,0.5,0.8477
0.8333,0.5357,0.6522,0.9351
0.6111,0.3929,0.4783,0.8288
0.9474,0.4615,0.6207,0.936
0.6842,0.4333,0.5306,0.8972
0.5263,0.3448,0.4167,0.8451
1.0,0.5429,0.7037,0.9519
0.8421,0.4848,0.6154,0.9108
0.8947,0.4722,0.6182,0.9041
0.8947,0.5,0.6415,0.9082
0.7895,0.4286,0.5556,0.8614
0.9444,0.5484,0.6939,0.8906
0.8889,0.5161,0.6531,0.9541
0.6316,0.4286,0.5106,0.8622
0.8947,0.5152,0.6538,0.9425
0.8421,0.4571,0.5926,0.8899
0.7368,0.5185,0.6087,0.8537
0.8421,0.4848,0.6154,0.927
0.7895,0.4286,0.5556,0.9041
0.7368,0.4516,0.56,0.8383
0.8421,0.5161,0.64,0.8982
0.8889,0.4444,0.5926,0.9031
0.7778,0.4667,0.5833,0.913
0.6842,0.3824,0.4906,0.8163
0.7368,0.4242,0.5385,0.8716
0.7368,0.4,0.5185,0.888
0.7895,0.4412,0.566,0.8853
0.7895,0.4412,0.566,0.8604
0.9474,0.5455,0.6923,0.9369
0.8947,0.4722,0.6182,0.9428
0.9474,0.5625,0.7059,0.9619
0.8333,0.4688,0.6,0.9212
0.6667,0.5,0.5714,0.8747
0.6842,0.5652,0.619,0.9088
0.9474,0.5143,0.6667,0.96
0.6842,0.4643,0.5532,0.8805
0.7368,0.56,0.6364,0.9133
0.8421,0.4,0.5424,0.8668
0.8421,0.4848,0.6154,0.8733
0.6842,0.3714,0.4815,0.8456
0.8421,0.5161,0.64,0.9243
0.9444,0.4595,0.6182,0.9354
0.7778,0.4375,0.56,0.9107
0.7895,0.4688,0.5882,0.8912
0.8947,0.425,0.5763,0.8899
0.8421,0.4706,0.6038,0.9441
1.0,0.5135,0.6786,0.945
0.7895,0.5357,0.6383,0.8958
0.7895,0.4545,0.5769,0.9162
0.8421,0.4444,0.5818,0.8891
0.5789,0.3333,0.4231,0.804
0.8421,0.4571,0.5926,0.9083
0.8889,0.5161,0.6531,0.894
0.7222,0.619,0.6667,0.9257
0.7368,0.4516,0.56,0.8843
0.7895,0.6522,0.7143,0.9221
0.8947,0.4048,0.5574,0.8461
0.8421,0.4103,0.5517,0.9017
0.8947,0.5313,0.6667,0.9146
0.7368,0.4828,0.5833,0.8684
0.7368,0.4828,0.5833,0.8982
0.8333,0.3947,0.5357,0.9084
0.9444,0.4857,0.6415,0.9476
0.8421,0.4706,0.6038,0.8899
0.7895,0.3947,0.5263,0.8851
0.7895,0.5357,0.6383,0.9001
0.8421,0.5714,0.6809,0.8762
0.8421,0.4211,0.5614,0.899
0.8421,0.5161,0.64,0.9369
0.8947,0.4146,0.5667,0.8878
0.7368,0.4375,0.549,0.8784
0.7778,0.4667,0.5833,0.8699
0.8889,0.4706,0.6154,0.9198
0.8947,0.5313,0.6667,0.923
0.8947,0.4857,0.6296,0.9015
0.9474,0.5294,0.6792,0.9664
0.8947,0.5313,0.6667,0.9509
0.7368,0.4242,0.5385,0.8738
0.7368,0.4242,0.5385,0.8939
0.7368,0.4375,0.549,0.8147
0.7368,0.4375,0.549,0.8762
0.7222,0.4333,0.5417,0.8461
0.8889,0.5,0.64,0.9328
0.7895,0.4286,0.5556,0.9105
0.8947,0.5484,0.68,0.9619
0.6842,0.4643,0.5532,0.8861
0.6842,0.3714,0.4815,0.8711
0.7895,0.4412,0.566,0.8923
0.6842,0.3514,0.4643,0.8483
0.8947,0.4474,0.5965,0.9251
0.7895,0.4688,0.5882,0.9111
0.7895,0.4286,0.5556,0.8728
0.9444,0.4595,0.6182,0.9274
0.7222,0.5652,0.6341,0.8486
0.8947,0.425,0.5763,0.899
0.9474,0.6429,0.766,0.9476
0.7895,0.5172,0.625,0.8813
0.7895,0.4688,0.5882,0.9165
0.9474,0.4286,0.5902,0.9079
0.7895,0.4412,0.566,0.8848
0.6316,0.5,0.5581,0.779
0.5556,0.3846,0.4545,0.8741
0.7222,0.4483,0.5532,0.9045
0.8421,0.4,0.5424,0.9143
0.8947,0.4359,0.5862,0.8993
0.8421,0.4706,0.6038,0.9358
0.8421,0.5161,0.64,0.9082
0.8421,0.5161,0.64,0.9006
0.7368,0.4667,0.5714,0.9342
0.7368,0.4375,0.549,0.8526
0.8421,0.4444,0.5818,0.9168
0.9474,0.5,0.6545,0.939
0.7222,0.52,0.6047,0.9172
0.6667,0.375,0.48,0.8132
0.8947,0.3864,0.5397,0.8781
0.8947,0.5152,0.6538,0.9404
0.7895,0.5172,0.625,0.9006
0.8421,0.4571,0.5926,0.88
0.7368,0.3889,0.5091,0.8711
0.8947,0.5862,0.7083,0.9267
0.8421,0.5161,0.64,0.8797
0.8333,0.5357,0.6522,0.8827
0.7222,0.4643,0.5652,0.8866
0.7895,0.4839,0.6,0.9091
0.7895,0.4545,0.5769,0.8432
0.8421,0.4571,0.5926,0.895
0.7368,0.5833,0.6512,0.9122
0.8421,0.4103,0.5517,0.8673
0.7895,0.4688,0.5882,0.8827
0.7895,0.4412,0.566,0.8993
0.8947,0.5,0.6415,0.9221
0.7778,0.4242,0.549,0.8622
0.7778,0.5385,0.6364,0.913
0.9474,0.45,0.6102,0.9346
0.7895,0.3659,0.5,0.844
0.9474,0.5625,0.7059,0.9726
0.7368,0.5,0.5957,0.8582
0.7368,0.4375,0.549,0.9087
0.6316,0.4,0.4898,0.8265
0.9474,0.5143,0.6667,0.9791
0.8947,0.5862,0.7083,0.9146
0.7778,0.4667,0.5833,0.894
0.7778,0.4242,0.549,0.8999
0.8421,0.4571,0.5926,0.8828
1.0,0.4419,0.6129,0.9584
0.8421,0.4103,0.5517,0.8966
0.7895,0.6522,0.7143,0.906
0.6842,0.4333,0.5306,0.8682
0.9474,0.5294,0.6792,0.9573
0.8421,0.5926,0.6957,0.9267
0.8421,0.4706,0.6038,0.8784
0.8889,0.4706,0.6154,0.9124
0.6111,0.4231,0.5,0.8416
0.7368,0.35,0.4746,0.8066
0.8421,0.5333,0.6531,0.928
0.8421,0.4103,0.5517,0.8899
0.7895,0.5769,0.6667,0.9216
0.9474,0.5294,0.6792,0.9538
0.7895,0.625,0.6977,0.8998
0.8421,0.4571,0.5926,0.9106
0.7368,0.4118,0.5283,0.8759
0.9444,0.4474,0.6071,0.8869
0.8333,0.3659,0.5085,0.8773
0.7895,0.4545,0.5769,0.8939
0.7895,0.4167,0.5455,0.8631
0.7368,0.3889,0.5091,0.8657
0.8947,0.6071,0.7234,0.9189
0.7895,0.5172,0.625,0.9033
0.9474,0.4865,0.6429,0.9603
0.7368,0.56,0.6364,0.8966
0.7368,0.4118,0.5283,0.8636
0.9444,0.4722,0.6296,0.9172
0.8333,0.4286,0.566,0.896
0.8421,0.4324,0.5714,0.9056
1.0,0.5429,0.7037,0.9616
0.7368,0.5185,0.6087,0.8633
0.5789,0.4231,0.4889,0.8561
0.8421,0.4571,0.5926,0.8816
0.9474,0.4286,0.5902,0.9135
0.8421,0.3902,0.5333,0.8802
0.8421,0.5926,0.6957,0.9135
0.7778,0.4118,0.5385,0.8764
0.8889,0.4848,0.6275,0.9368
0.7368,0.4375,0.549,0.9211
0.8421,0.5161,0.64,0.9291
0.8947,0.5484,0.68,0.9028
0.8947,0.5313,0.6667,0.938
0.8947,0.5,0.6415,0.8859
0.6842,0.3611,0.4727,0.805
0.8947,0.5667,0.6939,0.9479
0.7895,0.4839,0.6,0.8961
0.7778,0.359,0.4912,0.8396
0.8333,0.5357,0.6522,0.9351
0.7895,0.4545,0.5769,0.9064
0.7368,0.4118,0.5283,0.8762
0.8947,0.5,0.6415,0.9288
0.7895,0.5,0.6122,0.8963
0.8421,0.5517,0.6667,0.9122
0.7895,0.4688,0.5882,0.9291
0.8947,0.425,0.5763,0.8609
0.7895,0.4412,0.566,0.9076
0.7368,0.4828,0.5833,0.8407
0.9444,0.5152,0.6667,0.9546
0.8889,0.5517,0.6809,0.9337
0.8947,0.5,0.6415,0.9264
0.8421,0.4706,0.6038,0.9173
0.6316,0.5,0.5581,0.7997
0.5263,0.3571,0.4255,0.7524
0.8947,0.5,0.6415,0.9331
0.6842,0.3714,0.4815,0.8099
0.8421,0.5333,0.6531,0.9232
0.8333,0.5769,0.6818,0.9221
1.0,0.5,0.6667,0.9694
1.0,0.4872,0.6552,0.9707
0.8421,0.4571,0.5926,0.9251
0.9474,0.5,0.6545,0.9135
0.8947,0.4595,0.6071,0.9342
0.8421,0.4444,0.5818,0.8867
0.7368,0.4242,0.5385,0.826
0.8947,0.4146,0.5667,0.906
0.5789,0.44,0.5,0.8169
0.7778,0.5385,0.6364,0.9388
0.7778,0.5185,0.6222,0.9067
0.7895,0.4286,0.5556,0.8747
0.7368,0.5385,0.6222,0.8977
0.6316,0.3871,0.48,0.8102
0.7895,0.5357,0.6383,0.9063
0.7895,0.4688,0.5882,0.8939
0.8421,0.5333,0.6531,0.9307
0.8947,0.425,0.5763,0.9181
0.8947,0.4722,0.6182,0.9157
0.8889,0.5517,0.6809,0.9354
0.8333,0.4545,0.5882,0.9118
0.8421,0.4706,0.6038,0.8836
0.7368,0.5385,0.6222,0.91
0.7368,0.4242,0.5385,0.8974
0.9474,0.5625,0.7059,0.9621
0.8421,0.5926,0.6957,0.8665
0.7895,0.4412,0.566,0.8907
0.8421,0.5714,0.6809,0.9146
0.8421,0.4103,0.5517,0.8794
0.7778,0.4,0.5283,0.9042
0.8333,0.5,0.625,0.8909
0.7895,0.4412,0.566,0.8956
0.7368,0.4516,0.56,0.8808
0.8421,0.5161,0.64,0.8695
0.7895,0.4412,0.566,0.8797
0.9474,0.4737,0.6316,0.928
0.6842,0.3939,0.5,0.8894
0.8421,0.4706,0.6038,0.899
0.8947,0.5667,0.6939,0.9578
0.8889,0.4848,0.6275,0.9442
0.7222,0.4063,0.52,0.8571
0.7895,0.4839,0.6,0.8858
0.9474,0.4865,0.6429,0.9412
0.7368,0.4516,0.56,0.8542
0.7368,0.4516,0.56,0.8719
0.7368,0.4667,0.5714,0.8934
0.8947,0.4722,0.6182,0.9288
1.0,0.5,0.6667,0.9715
0.6842,0.4643,0.5532,0.8574
0.7778,0.4375,0.56,0.8821
0.7778,0.4516,0.5714,0.9195
0.8421,0.4324,0.5714,0.9007
0.7895,0.4545,0.5769,0.8657
0.6316,0.4138,0.5,0.8614
0.8947,0.5484,0.68,0.9377
0.7895,0.4545,0.5769,0.9117
0.8421,0.3902,0.5333,0.9103
0.7895,0.5357,0.6383,0.9004
0.7895,0.5769,0.6667,0.8797
0.8333,0.5,0.625,0.913
0.8889,0.4444,0.5926,0.9062
1.0,0.4872,0.6552,0.9712
0.7895,0.4545,0.5769,0.8853
0.8947,0.5862,0.7083,0.9347
0.8947,0.5,0.6415,0.9487
0.8421,0.5333,0.6531,0.8966
0.7895,0.5,0.6122,0.8754
0.7895,0.4167,0.5455,0.8485
0.6316,0.3243,0.4286,0.8308
0.8421,0.5714,0.6809,0.8795
0.8333,0.5,0.625,0.9345
0.9444,0.4474,0.6071,0.9459
0.6842,0.52,0.5909,0.8899
0.8421,0.3636,0.5079,0.8915
0.8421,0.4571,0.5926,0.9028
0.7895,0.5357,0.6383,0.8657
0.7895,0.4167,0.5455,0.8507
0.7895,0.3947,0.5263,0.8824
0.8421,0.4848,0.6154,0.909
0.9444,0.5667,0.7083,0.934
0.7778,0.4667,0.5833,0.9229
0.9474,0.5,0.6545,0.9324
0.8421,0.4571,0.5926,0.9173
0.6842,0.4483,0.5417,0.9015
0.9474,0.5143,0.6667,0.9683
0.8421,0.5333,0.6531,0.851
0.7895,0.4412,0.566,0.8765
0.7368,0.4118,0.5283,0.8832
0.8947,0.5667,0.6939,0.9347
0.6111,0.3667,0.4583,0.7829
0.8889,0.4571,0.6038,0.9133
0.8421,0.5,0.6275,0.92
0.8421,0.5333,0.6531,0.8848
0.8947,0.4474,0.5965,0.9028
0.7895,0.3571,0.4918,0.9082
0.7368,0.3889,0.5091,0.8963
0.9474,0.5806,0.72,0.9573
0.7895,0.6,0.6818,0.9186
0.7368,0.4242,0.5385,0.8185
0.7222,0.4333,0.5417,0.879
0.8333,0.4545,0.5882,0.8929
0.7368,0.5185,0.6087,0.9029
0.8947,0.5484,0.68,0.9283
0.8421,0.5,0.6275,0.8869
0.7368,0.4,0.5185,0.844
0.8421,0.4211,0.5614,0.8749
0.6842,0.5,0.5778,0.8859
0.7895,0.4545,0.5769,0.917
0.8421,0.5161,0.64,0.8969
0.8889,0.4848,0.6275,0.941
0.8889,0.4571,0.6038,0.9529
0.8947,0.3953,0.5484,0.8616
0.7895,0.4167,0.5455,0.8526
0.6842,0.4333,0.5306,0.8247
0.8947,0.5862,0.7083,0.9592
0.7368,0.4,0.5185,0.8236
0.7368,0.4242,0.5385,0.8679
0.7895,0.4545,0.5769,0.8813
0.9474,0.5455,0.6923,0.9651
0.8889,0.4706,0.6154,0.9266
0.8889,0.6154,0.7273,0.9532
0.8421,0.4444,0.5818,0.9105
0.8421,0.4571,0.5926,0.8891
0.8947,0.4722,0.6182,0.9149
0.8421,0.4848,0.6154,0.8894
0.8947,0.5667,0.6939,0.9436
0.8421,0.5333,0.6531,0.8891
0.6842,0.4063,0.5098,0.8485
0.8947,0.4048,0.5574,0.9165
0.7778,0.6087,0.6829,0.9014
0.7222,0.3824,0.5,0.8903
0.7368,0.4375,0.549,0.8247
0.9474,0.439,0.6,0.9106
0.7368,0.5385,0.6222,0.8851
0.9474,0.5294,0.6792,0.9721
0.7368,0.5,0.5957,0.9184
0.8421,0.4211,0.5614,0.8647
0.8947,0.4359,0.5862,0.9192
0.8947,0.5,0.6415,0.8982
0.7778,0.4242,0.549,0.8486
0.7778,0.4516,0.5714,0.877
0.7368,0.4516,0.56,0.8467
0.6842,0.4815,0.5652,0.8937
0.9474,0.5294,0.6792,0.9444
0.8947,0.5313,0.6667,0.9202
0.9474,0.6667,0.7826,0.9723
0.7895,0.4054,0.5357,0.8534
1.0,0.4634,0.6333,0.927
0.6842,0.4483,0.5417,0.8343
0.7222,0.3939,0.5098,0.8739
0.8333,0.3947,0.5357,0.8858
0.7895,0.4545,0.5769,0.8489
0.8947,0.4857,0.6296,0.9079
0.7368,0.4242,0.5385,0.8319
0.7368,0.4118,0.5283,0.92
0.8421,0.5926,0.6957,0.9294
0.8947,0.4359,0.5862,0.9098
0.8421,0.5161,0.64,0.8832
0.8421,0.5,0.6275,0.9313
0.7895,0.4412,0.566,0.9249
0.7778,0.4375,0.56,0.8523
0.7778,0.3889,0.5185,0.8739
0.9474,0.72,0.8182,0.9347
0.8421,0.5714,0.6809,0.9305
0.7368,0.3684,0.4912,0.8182
0.8947,0.4359,0.5862,0.8389
0.8421,0.5333,0.6531,0.9237
0.8421,0.5161,0.64,0.9211
0.8421,0.4848,0.6154,0.9245
0.6111,0.3333,0.4314,0.833
0.8889,0.4571,0.6038,0.9229
0.8421,0.4,0.5424,0.9143
0.7368,0.4118,0.5283,0.8558
0.8421,0.5333,0.6531,0.8614
0.9474,0.45,0.6102,0.9576
0.8947,0.5313,0.6667,0.9519
0.6842,0.4483,0.5417,0.8754
0.8421,0.4848,0.6154,0.8512
0.8947,0.4722,0.6182,0.8953
0.7778,0.4667,0.5833,0.8733
0.9444,0.425,0.5862,0.9059
0.9474,0.5625,0.7059,0.9609
0.8947,0.4722,0.6182,0.8912
0.6316,0.3871,0.48,0.8443
0.8421,0.4211,0.5614,0.8805
0.9474,0.5625,0.7059,0.9479
0.8947,0.4474,0.5965,0.9235
0.8421,0.5333,0.6531,0.9205
0.7895,0.4688,0.5882,0.9108
0.8889,0.4706,0.6154,0.8668
0.7222,0.3939,0.5098,0.8829
0.7368,0.5833,0.6512,0.9224
0.6842,0.4815,0.5652,0.8365
0.7368,0.4242,0.5385,0.8767
0.8947,0.5313,0.6667,0.931
0.7895,0.3846,0.5172,0.8875
0.8421,0.64,0.7273,0.9283
0.8947,0.5152,0.6538,0.9342
0.7368,0.4375,0.549,0.8859
0.7778,0.4242,0.549,0.892
1.0,0.5,0.6667,0.9459
0.8947,0.4595,0.6071,0.9281
0.7895,0.4545,0.5769,0.8972
0.8421,0.5,0.6275,0.902
0.7895,0.4839,0.6,0.91
0.8947,0.5152,0.6538,0.9315
0.7895,0.4167,0.5455,0.8655
0.7895,0.4545,0.5769,0.8861
0.8947,0.4048,0.5574,0.9221
0.7222,0.4063,0.52,0.8793
0.8333,0.5556,0.6667,0.924
0.6842,0.5,0.5778,0.87
0.7895,0.5172,0.625,0.9031
0.9474,0.6,0.7347,0.9487
0.8421,0.5926,0.6957,0.9262
0.6842,0.4194,0.52,0.8652
0.8947,0.4048,0.5574,0.8566
0.7895,0.5357,0.6383,0.8886
0.8947,0.5313,0.6667,0.9374
0.7778,0.4,0.5283,0.8759
0.7778,0.3889,0.5185,0.8654
0.8421,0.4706,0.6038,0.9012
0.7895,0.4286,0.5556,0.8687
0.8421,0.4848,0.6154,0.9004
0.8947,0.5152,0.6538,0.939
0.8421,0.6154,0.7111,0.924
0.8421,0.4706,0.6038,0.8671
1.0,0.5,0.6667,0.9769
0.7368,0.4828,0.5833,0.8869
0.9444,0.5667,0.7083,0.9263
0.6667,0.3636,0.4706,0.8277
0.6316,0.3429,0.4444,0.8039
0.7895,0.5769,0.6667,0.8939
0.8947,0.4359,0.5862,0.9122
0.8421,0.5161,0.64,0.8934
0.6842,0.5417,0.6047,0.8749
0.8947,0.3864,0.5397,0.9084
0.7895,0.4688,0.5882,0.87
0.8421,0.5,0.6275,0.9168
0.8889,0.4,0.5517,0.8974
0.9444,0.5,0.6538,0.9376
0.7368,0.4242,0.5385,0.8931
0.7895,0.5172,0.625,0.902
0.8421,0.4,0.5424,0.8698
0.8947,0.4359,0.5862,0.9146
0.7368,0.4375,0.549,0.8904
0.7895,0.5172,0.625,0.938
0.8947,0.5667,0.6939,0.9557
0.6842,0.4333,0.5306,0.8434
0.7778,0.4667,0.5833,0.9045
0.8889,0.4848,0.6275,0.9351
0.6842,0.4194,0.52,0.7935
0.7895,0.4839,0.6,0.9315
0.7368,0.5185,0.6087,0.8808
0.8421,0.5,0.6275,0.9409
0.7368,0.4,0.5185,0.8577
0.7895,0.4545,0.5769,0.9114
0.8947,0.5484,0.68,0.9275
0.8421,0.4,0.5424,0.859
0.7222,0.5,0.5909,0.8407
0.7222,0.3611,0.4815,0.8413
0.8421,0.5161,0.64,0.9395
0.8947,0.5152,0.6538,0.9388
0.7895,0.5357,0.6383,0.9023
0.8421,0.5714,0.6809,0.945
0.8421,0.4211,0.5614,0.8459
0.7895,0.4839,0.6,0.8923
0.6842,0.4333,0.5306,0.8722
0.8947,0.4857,0.6296,0.9235
0.7222,0.4063,0.52,0.8676
0.7222,0.4333,0.5417,0.8092
0.8947,0.4857,0.6296,0.9655
0.7895,0.4412,0.566,0.8515
0.8421,0.5,0.6275,0.9264
0.7895,0.4167,0.5455,0.9122
0.8947,0.5152,0.6538,0.92
0.7368,0.4667,0.5714,0.9066
0.8947,0.5152,0.6538,0.9288
0.7895,0.4545,0.5769,0.83
0.8947,0.4857,0.6296,0.9276
0.6111,0.44,0.5116,0.8305
1.0,0.4737,0.6429,0.958
0.9474,0.5455,0.6923,0.9259
0.8421,0.5333,0.6531,0.9208
0.6316,0.3871,0.48,0.8749
0.7895,0.4167,0.5455,0.9194
0.8947,0.4595,0.6071,0.8918
0.7368,0.4828,0.5833,0.8872
0.7895,0.5,0.6122,0.9122
0.6667,0.3871,0.4898,0.858
0.8889,0.4571,0.6038,0.8535
0.9474,0.5455,0.6923,0.9124
0.8421,0.4571,0.5926,0.9076
0.7895,0.4688,0.5882,0.8472
0.7368,0.4667,0.5714,0.8477
0.7895,0.4688,0.5882,0.8896
0.9474,0.5625,0.7059,0.9358
0.9474,0.5294,0.6792,0.9565
0.8947,0.5313,0.6667,0.9015
0.8333,0.4688,0.6,0.9204
0.7222,0.3939,0.5098,0.8248
0.8421,0.5,0.6275,0.8869
0.8421,0.4211,0.5614,0.9025
0.8947,0.5,0.6415,0.9001
0.8421,0.5517,0.6667,0.9127
0.7895,0.4412,0.566,0.8883
0.8421,0.5333,0.6531,0.9305
1.0,0.475,0.6441,0.9251
0.7368,0.4,0.5185,0.8515
0.7368,0.4828,0.5833,0.8812
0.7778,0.5,0.6087,0.86
0.8889,0.4103,0.5614,0.8827
0.8421,0.5161,0.64,0.8958
1.0,0.5,0.6667,0.9506
0.7368,0.5,0.5957,0.8754
0.8947,0.5,0.6415,0.9049
0.8421,0.4571,0.5926,0.9031
0.7895,0.4412,0.566,0.8797
0.8947,0.425,0.5763,0.8845
0.8333,0.4412,0.5769,0.862
0.7222,0.4483,0.5532,0.8855
0.9474,0.6207,0.75,0.9601
0.8947,0.4595,0.6071,0.9194
0.8947,0.5152,0.6538,0.9302
0.6316,0.4615,0.5333,0.8558
0.8421,0.4103,0.5517,0.8926
0.7368,0.4,0.5185,0.8738
0.8421,0.5,0.6275,0.9074
0.8421,0.4571,0.5926,0.9205
0.7778,0.4118,0.5385,0.9073
0.8333,0.4688,0.6,0.9014
0.7368,0.5385,0.6222,0.8915
0.8947,0.5152,0.6538,0.9305
0.7895,0.4545,0.5769,0.9084
0.7368,0.4667,0.5714,0.8934
0.7368,0.4375,0.549,0.8507
0.8947,0.4857,0.6296,0.9264
0.8421,0.5517,0.6667,0.9337
0.9474,0.5,0.6545,0.9213
0.7778,0.5185,0.6222,0.9161
0.8889,0.4103,0.5614,0.8914
0.7895,0.4688,0.5882,0.8549
0.8947,0.4722,0.6182,0.884
0.7895,0.4167,0.5455,0.8926
0.8947,0.5152,0.6538,0.9186
0.7895,0.4839,0.6,0.8762
0.8421,0.5926,0.6957,0.9213
0.8421,0.5,0.6275,0.8445
0.8947,0.5152,0.6538,0.916
0.8889,0.5,0.64,0.928
0.7222,0.3824,0.5,0.8441
0.7895,0.4167,0.5455,0.8885
0.8947,0.5,0.6415,0.9393
0.7895,0.4688,0.5882,0.8993
0.7895,0.4688,0.5882,0.884
0.9474,0.5625,0.7059,0.9433
0.7368,0.3784,0.5,0.8112
0.6842,0.4194,0.52,0.8494
0.6842,0.4815,0.5652,0.8429
0.9444,0.5667,0.7083,0.9147
0.8889,0.4571,0.6038,0.9442
0.8947,0.5667,0.6939,0.9406
0.7895,0.4167,0.5455,0.8955
0.8421,0.4706,0.6038,0.8808
0.7895,0.4412,0.566,0.8869
0.7895,0.5769,0.6667,0.8969
0.8421,0.4571,0.5926,0.9176
0.9474,0.4615,0.6207,0.9243
0.8421,0.5714,0.6809,0.9388
0.8333,0.4286,0.566,0.8801
0.7778,0.3784,0.5091,0.8637
0.7895,0.625,0.6977,0.9259
0.8947,0.6071,0.7234,0.9318
0.8421,0.5161,0.64,0.9057
0.8421,0.4848,0.6154,0.9393
0.7895,0.4412,0.566,0.8647
0.7895,0.5172,0.625,0.9006
0.7368,0.4242,0.5385,0.8238
0.8947,0.5,0.6415,0.9444
0.9444,0.3953,0.5574,0.9147
0.8889,0.4,0.5517,0.9388
0.5789,0.5,0.5366,0.7922
1.0,0.5,0.6667,0.9219
1.0,0.5135,0.6786,0.9331
0.8947,0.4474,0.5965,0.9305
0.7368,0.5185,0.6087,0.8837
0.7895,0.4412,0.566,0.8346
0.8421,0.5714,0.6809,0.9436
0.8421,0.5161,0.64,0.9066
0.6111,0.5,0.55,0.8849
0.6111,0.3793,0.4681,0.7775
0.7368,0.4375,0.549,0.8578
0.8421,0.4444,0.5818,0.8802
0.6842,0.4483,0.5417,0.8424
0.8947,0.5,0.6415,0.9066
0.9474,0.4865,0.6429,0.9361
0.8421,0.4444,0.5818,0.8617
0.7895,0.4688,0.5882,0.9208
0.8421,0.5517,0.6667,0.9519
0.7778,0.4242,0.549,0.9141
0.8333,0.5556,0.6667,0.9141
0.7895,0.4412,0.566,0.8768
0.8421,0.5333,0.6531,0.8837
0.9474,0.439,0.6,0.9049
0.8421,0.4706,0.6038,0.9283
0.8421,0.5333,0.6531,0.9431
0.7895,0.5357,0.6383,0.852
0.6842,0.4643,0.5532,0.9028
1.0,0.5,0.6667,0.9554
0.9444,0.4595,0.6182,0.9073
0.8333,0.5,0.625,0.928
0.7368,0.4118,0.5283,0.8644
0.7368,0.4242,0.5385,0.833
0.8421,0.6667,0.7442,0.9423
0.6842,0.4483,0.5417,0.8381
0.7895,0.6,0.6818,0.9098
0.7895,0.5,0.6122,0.8864
0.8421,0.4444,0.5818,0.9141
0.9474,0.4615,0.6207,0.9323
0.7778,0.3889,0.5185,0.8637
0.8333,0.3947,0.5357,0.8835
0.9474,0.4615,0.6207,0.9368
0.7895,0.4688,0.5882,0.8738
0.7895,0.5172,0.625,0.8641
0.7895,0.4167,0.5455,0.8604
0.7895,0.4688,0.5882,0.8714
0.8947,0.4146,0.5667,0.9178
0.9474,0.5455,0.6923,0.9455
0.7895,0.6,0.6818,0.924
0.8333,0.4054,0.5455,0.8628
0.7778,0.4828,0.5957,0.8739
0.8421,0.4324,0.5714,0.9154
0.7895,0.5556,0.6522,0.906
0.9474,0.5,0.6545,0.9208
0.8421,0.5926,0.6957,0.927
0.9474,0.4865,0.6429,0.9506
0.6316,0.4138,0.5,0.7911
0.7368,0.4516,0.56,0.9181
0.7368,0.5385,0.6222,0.9049
0.7222,0.3421,0.4643,0.8262
1.0,0.4,0.5714,0.9382
0.7895,0.3846,0.5172,0.8231
0.8947,0.4722,0.6182,0.9417
0.8421,0.5,0.6275,0.9017
0.8421,0.4324,0.5714,0.8792
0.9474,0.5,0.6545,0.9127
0.8421,0.5517,0.6667,0.9388
0.6316,0.4,0.4898,0.8483
0.9474,0.45,0.6102,0.8939
0.8333,0.5,0.625,0.9118
0.8333,0.5357,0.6522,0.9161
0.6316,0.48,0.5455,0.8587
0.7895,0.5769,0.6667,0.9211
0.8421,0.4211,0.5614,0.9041
0.8947,0.4595,0.6071,0.9039
0.8421,0.381,0.5246,0.916
0.7368,0.4118,0.5283,0.8612
0.7895,0.4167,0.5455,0.9189
0.8421,0.5517,0.6667,0.8837
0.8333,0.5,0.625,0.9266
0.8333,0.5172,0.6383,0.9065
0.8421,0.4444,0.5818,0.8717
0.8947,0.425,0.5763,0.9143
0.6842,0.4815,0.5652,0.8668
0.5789,0.5789,0.5789,0.8496
0.7368,0.4828,0.5833,0.8972
0.8947,0.5152,0.6538,0.935
0.6842,0.3939,0.5,0.7683
0.8421,0.4444,0.5818,0.8904
0.9444,0.4595,0.6182,0.9345
0.8333,0.4688,0.6,0.9206
0.8421,0.4444,0.5818,0.9373
0.8947,0.5,0.6415,0.9374
0.7895,0.5,0.6122,0.9001
0.8421,0.4444,0.5818,0.9345
0.7895,0.5357,0.6383,0.8786
0.7895,0.4167,0.5455,0.8907
0.8421,0.4848,0.6154,0.9106
0.6316,0.3636,0.4615,0.8598
0.8947,0.5667,0.6939,0.9409
0.7222,0.4483,0.5532,0.8382
0.9444,0.4048,0.5667,0.8977
0.8947,0.5152,0.6538,0.9084
0.8947,0.5667,0.6939,0.9318
0.7895,0.4286,0.5556,0.895
0.7895,0.4286,0.5556,0.8974
0.9474,0.4865,0.6429,0.9154
0.7895,0.5,0.6122,0.8703
0.7368,0.4242,0.5385,0.8528
0.8889,0.5517,0.6809,0.9583
0.6667,0.4286,0.5217,0.8608
0.7895,0.4167,0.5455,0.9097
0.7895,0.4412,0.566,0.8496
0.8947,0.6071,0.7234,0.9466
0.6842,0.3939,0.5,0.8327
0.8421,0.4848,0.6154,0.9388
0.7368,0.3889,0.5091,0.8735
0.8421,0.5714,0.6809,0.8947
0.7895,0.4688,0.5882,0.8566
0.7895,0.4286,0.5556,0.8448
0.8889,0.4324,0.5818,0.9283
0.8333,0.5172,0.6383,0.9189
0.7895,0.4545,0.5769,0.8424
0.9474,0.5625,0.7059,0.9659
0.6842,0.52,0.5909,0.8966
0.8421,0.4444,0.5818,0.884
0.7368,0.4516,0.56,0.9076
0.7368,0.4,0.5185,0.8641
0.8421,0.5517,0.6667,0.9205
0.8421,0.4848,0.6154,0.9295
0.8889,0.5517,0.6809,0.9141
0.9444,0.4048,0.5667,0.9059
0.8421,0.3556,0.5,0.8706
0.8421,0.5714,0.6809,0.9358
0.9474,0.4737,0.6316,0.9076
0.8947,0.3864,0.5397,0.8577
0.8421,0.4706,0.6038,0.9071
0.7368,0.5385,0.6222,0.9041
0.7895,0.4688,0.5882,0.902
0.6667,0.4138,0.5106,0.8467
0.9444,0.5862,0.7234,0.9447
0.8421,0.4571,0.5926,0.9289
0.6842,0.4483,0.5417,0.8843
0.7368,0.5,0.5957,0.88
0.7368,0.4667,0.5714,0.8727
1.0,0.475,0.6441,0.9358
0.8947,0.4595,0.6071,0.8942
0.9474,0.4865,0.6429,0.956
0.8947,0.5862,0.7083,0.938
0.8889,0.4103,0.5614,0.9067
0.8333,0.5172,0.6383,0.9229
0.7368,0.4242,0.5385,0.8226
0.8421,0.381,0.5246,0.8781
0.7895,0.5556,0.6522,0.928
0.8421,0.5,0.6275,0.9122
0.8947,0.5313,0.6667,0.9366
0.9474,0.5625,0.7059,0.9323
0.7368,0.5385,0.6222,0.8765
0.8947,0.4146,0.5667,0.9294
0.7778,0.4375,0.56,0.8994
0.8333,0.3947,0.5357,0.9195
0.4737,0.375,0.4186,0.8245
0.7368,0.3415,0.4667,0.8601
0.7895,0.4688,0.5882,0.8491
0.9474,0.5294,0.6792,0.9369
0.8421,0.5333,0.6531,0.9243
0.8947,0.5,0.6415,0.9125
0.8947,0.4722,0.6182,0.9135
0.7895,0.5556,0.6522,0.9181
0.7778,0.5,0.6087,0.8784
0.9444,0.5152,0.6667,0.9464
0.6842,0.3824,0.4906,0.7911
0.8947,0.5313,0.6667,0.9248
0.8421,0.4444,0.5818,0.9041
0.8421,0.4571,0.5926,0.8682
0.8947,0.5152,0.6538,0.9168
0.8421,0.5,0.6275,0.913
0.7895,0.5556,0.6522,0.9176
0.9474,0.4615,0.6207,0.9444
0.7222,0.4194,0.5306,0.8427
0.8333,0.5357,0.6522,0.9532
0.5789,0.3333,0.4231,0.7908
0.7895,0.5172,0.625,0.8958
0.8947,0.5313,0.6667,0.9334
0.8421,0.4324,0.5714,0.8657
0.8947,0.4474,0.5965,0.9235
0.6842,0.4643,0.5532,0.8663
0.8421,0.4571,0.5926,0.8915
0.7895,0.4167,0.5455,0.8461
0.8889,0.4848,0.6275,0.9402
0.7778,0.4118,0.5385,0.8982
0.8421,0.4848,0.6154,0.9305
0.8947,0.4722,0.6182,0.9339
0.6842,0.4815,0.5652,0.8738
1.0,0.5758,0.7308,0.9659
0.7368,0.5,0.5957,0.9047
0.7895,0.5556,0.6522,0.8574
0.8421,0.4324,0.5714,0.9095
0.7368,0.4,0.5185,0.8558
0.7222,0.3714,0.4906,0.8583
0.8333,0.5,0.625,0.8897
0.8421,0.4706,0.6038,0.9154
0.8947,0.4595,0.6071,0.9342
0.7895,0.4286,0.5556,0.8644
0.8421,0.5,0.6275,0.9326
0.5789,0.3929,0.4681,0.8247
0.8421,0.5714,0.6809,0.931
0.7368,0.4667,0.5714,0.8864
0.7895,0.4839,0.6,0.8802
0.8333,0.4688,0.6,0.8954
0.8333,0.375,0.5172,0.8812
0.9474,0.5806,0.72,0.9574
0.8947,0.5862,0.7083,0.9143
0.8421,0.4324,0.5714,0.8899
0.8421,0.4444,0.5818,0.8993
0.8421,0.5714,0.6809,0.9275
0.7368,0.4375,0.549,0.8426
0.7368,0.4516,0.56,0.8585
0.9474,0.4865,0.6429,0.9388
0.7778,0.5,0.6087,0.8778
0.6111,0.3667,0.4583,0.858
0.9474,0.5294,0.6792,0.9482
1.0,0.5429,0.7037,0.9527
0.6842,0.5,0.5778,0.9151
0.6842,0.4483,0.5417,0.8069
0.8947,0.4359,0.5862,0.9307
0.7895,0.4545,0.5769,0.8923
0.7368,0.3684,0.4912,0.8163
0.7895,0.5769,0.6667,0.9009
0.8333,0.4167,0.5556,0.9187
0.9444,0.4359,0.5965,0.945
0.8421,0.4571,0.5926,0.9078
0.9474,0.5455,0.6923,0.9431
0.8421,0.5,0.6275,0.9409
0.7368,0.4828,0.5833,0.8867
0.8947,0.5313,0.6667,0.9356
0.7368,0.4667,0.5714,0.8596
0.7368,0.5185,0.6087,0.8824
0.8421,0.4706,0.6038,0.9041
0.7368,0.4828,0.5833,0.9086
0.8889,0.4103,0.5614,0.9351
0.6667,0.3333,0.4444,0.8226
0.8947,0.4722,0.6182,0.9331
0.7368,0.5,0.5957,0.9149
0.6842,0.5,0.5778,0.8443
0.8421,0.5161,0.64,0.9033
0.8421,0.4324,0.5714,0.8827
0.9474,0.5143,0.6667,0.9509
0.8421,0.4848,0.6154,0.8869
0.6667,0.4615,0.5455,0.843
0.8889,0.4571,0.6038,0.9141
0.6842,0.3714,0.4815,0.8329
0.8947,0.4857,0.6296,0.9192
0.7368,0.4828,0.5833,0.9009
0.8421,0.381,0.5246,0.8918
0.8421,0.4706,0.6038,0.9079
0.7368,0.4118,0.5283,0.8504
0.6842,0.4815,0.5652,0.8754
0.7895,0.4839,0.6,0.8432
0.9444,0.4722,0.6296,0.9413
0.8889,0.5,0.64,0.9209
0.8947,0.4857,0.6296,0.9419
0.9474,0.4091,0.5714,0.9063
0.7895,0.5357,0.6383,0.9047
0.8421,0.5161,0.64,0.9366
0.5263,0.4,0.4545,0.8107
0.8947,0.4857,0.6296,0.8993
0.8421,0.5333,0.6531,0.9503
0.7368,0.3889,0.5091,0.8539
0.8333,0.4286,0.566,0.8798
0.8889,0.64,0.7442,0.9495
0.8947,0.4857,0.6296,0.9018
0.7895,0.5172,0.625,0.9015
0.8947,0.5,0.6415,0.9393
0.6842,0.4643,0.5532,0.8872
1.0,0.4524,0.623,0.9192
0.8947,0.4359,0.5862,0.8958
0.9474,0.5455,0.6923,0.9576
0.6842,0.4643,0.5532,0.881
0.7778,0.4516,0.5714,0.9033
0.7222,0.3824,0.5,0.871
0.8421,0.5517,0.6667,0.9034
0.8947,0.4857,0.6296,0.931
0.7368,0.3889,0.5091,0.8416
0.4211,0.4,0.4103,0.7994
0.7895,0.4167,0.5455,0.8827
0.8421,0.5,0.6275,0.9511
1.0,0.5278,0.6909,0.9705
0.9474,0.5294,0.6792,0.9549
0.7778,0.4516,0.5714,0.8753
0.7222,0.3939,0.5098,0.8359
0.7895,0.4839,0.6,0.8863
0.8421,0.5517,0.6667,0.9321
0.8947,0.4595,0.6071,0.931
0.8421,0.4848,0.6154,0.8875
0.7895,0.5556,0.6522,0.8993
0.7368,0.3784,0.5,0.8488
0.8421,0.4103,0.5517,0.9125
0.8421,0.5714,0.6809,0.8912
0.8333,0.4688,0.6,0.8724
0.8333,0.5172,0.6383,0.9467
0.8421,0.5161,0.64,0.9061
RUSMaxBag
0.9474,0.6429,0.766,0.9468
0.6842,0.3939,0.5,0.8225
0.8421,0.5517,0.6667,0.8657
0.8421,0.4211,0.5614,0.8912
0.7368,0.5385,0.6222,0.9036
0.8421,0.4848,0.6154,0.9052
0.8947,0.4146,0.5667,0.9299
0.7778,0.4828,0.5957,0.8886
0.8333,0.4688,0.6,0.9118
0.8421,0.4848,0.6154,0.9086
0.8421,0.5333,0.6531,0.9356
0.9474,0.6,0.7347,0.9305
0.6842,0.4194,0.52,0.8579
0.6842,0.4815,0.5652,0.8907
0.8421,0.4444,0.5818,0.8579
0.7368,0.7,0.7179,0.8969
0.8947,0.5152,0.6538,0.9398
0.7895,0.5,0.6122,0.901
0.8333,0.5,0.625,0.9084
0.7222,0.4063,0.52,0.8844
0.8947,0.4146,0.5667,0.8695
0.7895,0.4545,0.5769,0.8765
0.6842,0.4333,0.5306,0.9039
0.8421,0.5926,0.6957,0.8947
0.8947,0.4857,0.6296,0.8821
0.8421,0.64,0.7273,0.9216
0.6842,0.52,0.5909,0.9006
0.8333,0.4167,0.5556,0.9093
0.8333,0.4688,0.6,0.8994
0.9474,0.5,0.6545,0.9438
0.8421,0.3721,0.5161,0.8687
0.7368,0.4667,0.5714,0.9122
0.5789,0.4231,0.4889,0.8397
0.7368,0.4118,0.5283,0.8778
0.7895,0.5357,0.6383,0.8891
0.7368,0.5,0.5957,0.8698
0.7895,0.4839,0.6,0.8958
0.8889,0.5714,0.6957,0.9039
0.8889,0.4706,0.6154,0.9413
0.8947,0.5667,0.6939,0.9357
0.6316,0.5217,0.5714,0.8824
0.7895,0.4839,0.6,0.869
0.8421,0.5517,0.6667,0.909
0.8947,0.5484,0.68,0.9275
0.7895,0.5,0.6122,0.9184
0.8947,0.4146,0.5667,0.8853
0.7895,0.5769,0.6667,0.8856
0.7778,0.4375,0.56,0.8957
0.7222,0.4333,0.5417,0.9048
0.6842,0.4333,0.5306,0.8429
0.7368,0.5,0.5957,0.8636
0.8421,0.4848,0.6154,0.9436
0.6842,0.4643,0.5532,0.8861
0.9474,0.5455,0.6923,0.9455
0.8421,0.4706,0.6038,0.9012
0.8947,0.5,0.6415,0.9315
0.7368,0.6087,0.6667,0.917
0.7778,0.4516,0.5714,0.8824
0.8889,0.4571,0.6038,0.8829
0.7895,0.5172,0.625,0.8603
0.7895,0.4839,0.6,0.8955
0.8421,0.5714,0.6809,0.9455
0.8947,0.4474,0.5965,0.9466
0.8421,0.5333,0.6531,0.9441
0.7895,0.4412,0.566,0.8625
0.6316,0.4615,0.5333,0.8483
0.8947,0.4474,0.5965,0.913
0.8889,0.5714,0.6957,0.9413
0.6667,0.4286,0.5217,0.8047
0.8421,0.4706,0.6038,0.8847
0.7368,0.56,0.6364,0.9221
0.8421,0.5714,0.6809,0.8963
0.7368,0.4118,0.5283,0.8459
0.7895,0.5,0.6122,0.8988
0.9474,0.4865,0.6429,0.9296
0.7895,0.5,0.6122,0.9146
0.8421,0.5517,0.6667,0.938
0.7778,0.5185,0.6222,0.8424
0.8889,0.4706,0.6154,0.9218
0.7895,0.4545,0.5769,0.888
0.6842,0.4643,0.5532,0.8445
0.8947,0.5667,0.6939,0.9471
0.7368,0.5185,0.6087,0.8872
0.8947,0.4722,0.6182,0.9211
0.8421,0.5517,0.6667,0.9444
0.8947,0.5152,0.6538,0.9079
0.6316,0.3429,0.4444,0.7989
0.7778,0.5185,0.6222,0.9311
0.9444,0.4722,0.6296,0.9325
0.6842,0.4815,0.5652,0.8969
0.8947,0.4857,0.6296,0.9423
0.7368,0.4242,0.5385,0.8622
0.7895,0.4412,0.566,0.8821
0.8421,0.4706,0.6038,0.9057
0.7895,0.4286,0.5556,0.8727
0.6842,0.3824,0.4906,0.7991
0.7895,0.5357,0.6383,0.942
0.8333,0.4545,0.5882,0.8977
0.7222,0.5,0.5909,0.8827
0.6842,0.4483,0.5417,0.8646
0.7895,0.5769,0.6667,0.931
0.7368,0.4242,0.5385,0.8714
0.8947,0.4722,0.6182,0.9364
0.7368,0.4118,0.5283,0.8502
0.6842,0.5417,0.6047,0.9108
0.8421,0.5161,0.64,0.8488
0.7368,0.4242,0.5385,0.8426
0.7222,0.4815,0.5778,0.9187
0.6667,0.4286,0.5217,0.856
0.9474,0.4737,0.6316,0.9398
0.6842,0.4333,0.5306,0.8923
0.4737,0.3214,0.383,0.8169
1.0,0.5,0.6667,0.9476
0.8421,0.4848,0.6154,0.9119
0.8947,0.4857,0.6296,0.9041
0.8421,0.4848,0.6154,0.928
0.7368,0.4375,0.549,0.852
0.9444,0.5313,0.68,0.8764
0.8333,0.5357,0.6522,0.9362
0.5789,0.4583,0.5116,0.8519
0.8947,0.5313,0.6667,0.9374
0.8421,0.4706,0.6038,0.8947
0.6842,0.5,0.5778,0.841
0.8421,0.5,0.6275,0.927
0.7895,0.4545,0.5769,0.8969
0.7895,0.5,0.6122,0.8641
0.8947,0.5484,0.68,0.906
0.9444,0.4857,0.6415,0.9031
0.7778,0.5,0.6087,0.9294
0.7368,0.4242,0.5385,0.8196
0.6842,0.4333,0.5306,0.8461
0.6842,0.4333,0.5306,0.8878
0.7895,0.4545,0.5769,0.8824
0.6842,0.4194,0.52,0.8563
0.9474,0.6,0.7347,0.9404
0.8947,0.5152,0.6538,0.953
0.9474,0.5625,0.7059,0.9482
0.7778,0.4242,0.549,0.9141
0.6111,0.55,0.5789,0.8574
0.6316,0.6,0.6154,0.8907
1.0,0.5429,0.7037,0.9678
0.6842,0.52,0.5909,0.8878
0.7368,0.6087,0.6667,0.8996
0.7895,0.4286,0.5556,0.8676
0.6842,0.4483,0.5417,0.8531
0.6316,0.375,0.4706,0.8319
0.8421,0.5,0.6275,0.9299
0.8333,0.4545,0.5882,0.9161
0.8333,0.4545,0.5882,0.9164
0.7895,0.4688,0.5882,0.8842
0.8947,0.4474,0.5965,0.8851
0.8947,0.5152,0.6538,0.9431
0.9474,0.5294,0.6792,0.9372
0.6842,0.4815,0.5652,0.8937
0.7895,0.4688,0.5882,0.9135
0.8421,0.4848,0.6154,0.8958
0.6316,0.3529,0.4528,0.8056
0.7368,0.4667,0.5714,0.8912
0.8333,0.5556,0.6667,0.892
0.7222,0.619,0.6667,0.9269
0.7368,0.4667,0.5714,0.8786
0.7895,0.625,0.6977,0.9267
0.8421,0.4103,0.5517,0.8351
0.8421,0.4211,0.5614,0.9009
0.8421,0.5517,0.6667,0.9146
0.5789,0.44,0.5,0.8566
0.7895,0.5172,0.625,0.9015
0.7778,0.4,0.5283,0.8914
0.9444,0.4722,0.6296,0.9598
0.8421,0.5333,0.6531,0.8888
0.8421,0.4324,0.5714,0.8921
0.7895,0.5357,0.6383,0.8926
0.7368,0.5385,0.6222,0.8805
0.8421,0.4324,0.5714,0.9031
0.8421,0.5161,0.64,0.9337
0.8947,0.4359,0.5862,0.9023
0.6842,0.4815,0.5652,0.8786
0.7222,0.5,0.5909,0.8741
0.8889,0.4706,0.6154,0.9218
0.8947,0.5313,0.6667,0.9249
0.7895,0.4545,0.5769,0.8961
0.8947,0.5152,0.6538,0.9624
0.8947,0.5484,0.68,0.9557
0.7368,0.4375,0.549,0.8475
0.5789,0.3793,0.4583,0.8894
0.7368,0.4516,0.56,0.8187
0.6842,0.4643,0.5532,0.8735
0.6667,0.4444,0.5333,0.8407
0.8333,0.5172,0.6383,0.9362
0.8421,0.4444,0.5818,0.9181
0.8947,0.68,0.7727,0.9723
0.6842,0.4815,0.5652,0.8716
0.6842,0.4333,0.5306,0.8781
0.7895,0.4545,0.5769,0.8794
0.5789,0.3438,0.4314,0.8362
0.8421,0.4571,0.5926,0.9106
0.7368,0.4828,0.5833,0.9066
0.7895,0.4286,0.5556,0.8673
0.8889,0.4706,0.6154,0.9039
0.6667,0.5714,0.6154,0.8214
0.8421,0.4444,0.5818,0.8832
0.8947,0.68,0.7727,0.9487
0.7895,0.5357,0.6383,0.8891
0.7895,0.4412,0.566,0.8985
0.9474,0.4737,0.6316,0.9084
0.7895,0.4545,0.5769,0.88
0.6316,0.48,0.5455,0.7838
0.5,0.3913,0.439,0.8597
0.7222,0.4483,0.5532,0.898
0.8421,0.4571,0.5926,0.9059
0.8947,0.4474,0.5965,0.9103
0.8421,0.5714,0.6809,0.939
0.8421,0.5161,0.64,0.9033
0.8421,0.5,0.6275,0.8931
0.7895,0.5,0.6122,0.9398
0.6842,0.4483,0.5417,0.8405
0.7895,0.4688,0.5882,0.9192
0.8947,0.4722,0.6182,0.9422
0.7222,0.5652,0.6341,0.9076
0.6667,0.4,0.5,0.8016
0.7895,0.3659,0.5,0.8786
0.8947,0.5484,0.68,0.9433
0.7895,0.5172,0.625,0.8894
0.7895,0.4412,0.566,0.8743
0.7895,0.4167,0.5455,0.8765
0.8421,0.5926,0.6957,0.9232
0.8421,0.5,0.6275,0.8746
0.7778,0.56,0.6512,0.8835
0.7778,0.5,0.6087,0.8668
0.6842,0.52,0.5909,0.9018
0.7895,0.4688,0.5882,0.8496
0.8421,0.4571,0.5926,0.8998
0.7368,0.5833,0.6512,0.8843
0.7895,0.4412,0.566,0.855
0.6842,0.4815,0.5652,0.8749
0.7895,0.4839,0.6,0.9066
0.8947,0.5313,0.6667,0.9192
0.7778,0.4375,0.56,0.8435
0.7222,0.5,0.5909,0.9101
0.8947,0.4359,0.5862,0.9278
0.7368,0.35,0.4746,0.8292
0.9474,0.5455,0.6923,0.953
0.7368,0.5,0.5957,0.8416
0.8421,0.5161,0.64,0.902
0.6842,0.4815,0.5652,0.8091
0.9474,0.5806,0.72,0.9683
0.8947,0.6071,0.7234,0.917
0.7222,0.4483,0.5532,0.8821
0.8333,0.5,0.625,0.9067
0.8421,0.5,0.6275,0.8863
0.9474,0.45,0.6102,0.9372
0.7895,0.4545,0.5769,0.8902
0.6842,0.619,0.65,0.8985
0.6842,0.4483,0.5417,0.8622
0.9474,0.6667,0.7826,0.956
0.7895,0.625,0.6977,0.9202
0.7895,0.4545,0.5769,0.8751
0.7778,0.4375,0.56,0.9031
0.6111,0.44,0.5116,0.8339
0.6842,0.3514,0.4643,0.803
0.7368,0.5185,0.6087,0.9154
0.8421,0.4324,0.5714,0.8848
0.7368,0.6087,0.6667,0.8883
0.8421,0.4848,0.6154,0.9447
0.7895,0.625,0.6977,0.9006
0.7895,0.4688,0.5882,0.9122
0.7368,0.4242,0.5385,0.8719
0.8889,0.4444,0.5926,0.8844
0.8889,0.3636,0.5161,0.8855
0.7895,0.4688,0.5882,0.8896
0.6842,0.4333,0.5306,0.8676
0.7368,0.3889,0.5091,0.8577
0.8421,0.64,0.7273,0.9227
0.6316,0.48,0.5455,0.8945
0.9474,0.5143,0.6667,0.9495
0.7368,0.56,0.6364,0.881
0.7368,0.4667,0.5714,0.8477
0.8889,0.4848,0.6275,0.9138
0.8333,0.4688,0.6,0.9178
0.8421,0.4324,0.5714,0.9072
1.0,0.5588,0.717,0.9648
0.7368,0.5385,0.6222,0.8577
0.5789,0.4583,0.5116,0.8469
0.7895,0.5172,0.625,0.8821
0.8947,0.4595,0.6071,0.9213
0.8421,0.3721,0.5161,0.869
0.8421,0.5517,0.6667,0.9162
0.6667,0.3871,0.4898,0.8526
0.8333,0.5,0.625,0.943
0.7368,0.4667,0.5714,0.9002
0.7895,0.5172,0.625,0.9221
0.8947,0.5667,0.6939,0.9036
0.8947,0.5484,0.68,0.9302
0.8421,0.5333,0.6531,0.8864
0.5789,0.3548,0.44,0.8077
0.8947,0.5862,0.7083,0.956
0.8421,0.4848,0.6154,0.8802
0.7222,0.3514,0.4727,0.8311
0.7222,0.52,0.6047,0.9198
0.8421,0.4848,0.6154,0.9037
0.7368,0.4667,0.5714,0.8708
0.8947,0.5152,0.6538,0.927
0.7895,0.5357,0.6383,0.9055
0.7895,0.5556,0.6522,0.9111
0.8421,0.5,0.6275,0.9323
0.7895,0.4167,0.5455,0.8555
0.7895,0.4412,0.566,0.895
0.7368,0.5,0.5957,0.8435
0.9444,0.5313,0.68,0.962
0.8889,0.5714,0.6957,0.941
0.8421,0.5161,0.64,0.928
0.7895,0.4688,0.5882,0.91
0.6316,0.48,0.5455,0.8021
0.5263,0.3448,0.4167,0.7511
0.8947,0.5,0.6415,0.9315
0.6842,0.3611,0.4727,0.8085
0.7368,0.4828,0.5833,0.9221
0.8333,0.5357,0.6522,0.926
1.0,0.5294,0.6923,0.9824
1.0,0.5588,0.717,0.9604
0.7368,0.4242,0.5385,0.9095
0.8947,0.4722,0.6182,0.9028
0.8421,0.4706,0.6038,0.9305
0.8421,0.4706,0.6038,0.8832
0.6842,0.4333,0.5306,0.8091
0.8947,0.425,0.5763,0.9084
0.5789,0.4583,0.5116,0.8136
0.7778,0.5833,0.6667,0.9365
0.7778,0.5185,0.6222,0.8999
0.7368,0.4667,0.5714,0.8535
0.6316,0.5,0.5581,0.8816
0.6316,0.4286,0.5106,0.8013
0.6842,0.5,0.5778,0.8996
0.7895,0.4545,0.5769,0.8848
0.8421,0.5161,0.64,0.92
0.8421,0.4324,0.5714,0.9125
0.8421,0.4571,0.5926,0.8998
0.8889,0.5714,0.6957,0.9263
0.8333,0.5,0.625,0.907
0.7368,0.4667,0.5714,0.8747
0.7368,0.5385,0.6222,0.9055
0.7368,0.4118,0.5283,0.8947
0.9474,0.5806,0.72,0.9501
0.7895,0.5769,0.6667,0.8671
0.7895,0.4412,0.566,0.8808
0.7368,0.5,0.5957,0.9125
0.8421,0.4211,0.5614,0.8724
0.7222,0.3939,0.5098,0.9005
0.8333,0.5172,0.6383,0.8844
0.7895,0.4545,0.5769,0.8931
0.7368,0.4516,0.56,0.8719
0.7895,0.4839,0.6,0.8534
0.7895,0.4839,0.6,0.8714
0.9474,0.4865,0.6429,0.9219
0.7895,0.4286,0.5556,0.8918
0.7895,0.4545,0.5769,0.8974
0.8421,0.64,0.7273,0.9549
0.8333,0.5172,0.6383,0.9348
0.7778,0.4242,0.549,0.8546
0.7895,0.5,0.6122,0.8828
0.8947,0.4722,0.6182,0.9253
0.6842,0.4483,0.5417,0.8472
0.7368,0.4516,0.56,0.8622
0.7895,0.4839,0.6,0.9044
0.8421,0.5,0.6275,0.9178
1.0,0.5588,0.717,0.9723
0.6842,0.4643,0.5532,0.8553
0.7222,0.4194,0.5306,0.8685
0.7778,0.4667,0.5833,0.9002
0.8421,0.4571,0.5926,0.8888
0.7368,0.4375,0.549,0.8569
0.6316,0.4444,0.5217,0.8469
0.8947,0.5667,0.6939,0.9495
0.7895,0.4839,0.6,0.9001
0.7895,0.4412,0.566,0.9074
0.7368,0.5,0.5957,0.8832
0.7368,0.6087,0.6667,0.8805
0.8333,0.5357,0.6522,0.9073
0.8333,0.4167,0.5556,0.9127
1.0,0.5,0.6667,0.9634
0.8421,0.4706,0.6038,0.8861
0.8421,0.5714,0.6809,0.9286
0.8421,0.5517,0.6667,0.9506
0.7368,0.5185,0.6087,0.8972
0.7368,0.5185,0.6087,0.8596
0.7895,0.4286,0.5556,0.8606
0.6842,0.3714,0.4815,0.8163
0.8421,0.5517,0.6667,0.8806
0.8889,0.5161,0.6531,0.9368
0.8889,0.4211,0.5714,0.9331
0.7368,0.56,0.6364,0.8773
0.7895,0.3846,0.5172,0.8912
0.8421,0.4706,0.6038,0.8912
0.7368,0.56,0.6364,0.8676
0.7368,0.4,0.5185,0.8631
0.7895,0.4054,0.5357,0.8762
0.7368,0.4828,0.5833,0.9036
0.8889,0.5161,0.6531,0.9283
0.7778,0.4667,0.5833,0.9096
0.8947,0.5,0.6415,0.9091
0.8421,0.5161,0.64,0.9272
0.6842,0.52,0.5909,0.8869
1.0,0.5938,0.7451,0.9702
0.7895,0.5357,0.6383,0.852
0.7895,0.5,0.6122,0.8722
0.6842,0.4194,0.52,0.8655
0.8947,0.5862,0.7083,0.9439
0.6111,0.3929,0.4783,0.7687
0.8333,0.4545,0.5882,0.9045
0.8421,0.5926,0.6957,0.9186
0.8421,0.5161,0.64,0.8864
0.7895,0.4412,0.566,0.8789
0.7368,0.359,0.4828,0.899
0.7368,0.3784,0.5,0.8639
0.8947,0.5667,0.6939,0.9487
0.7895,0.6,0.6818,0.9216
0.7368,0.4375,0.549,0.8144
0.7222,0.4815,0.5778,0.879
0.8889,0.5,0.64,0.8895
0.7368,0.5185,0.6087,0.8937
0.8947,0.5667,0.6939,0.928
0.8421,0.4848,0.6154,0.8845
0.7368,0.3889,0.5091,0.8306
0.7895,0.4545,0.5769,0.8776
0.6316,0.48,0.5455,0.8797
0.7368,0.4375,0.549,0.9049
0.7895,0.5,0.6122,0.877
0.8333,0.4688,0.6,0.9334
0.8889,0.5,0.64,0.9521
0.8421,0.4,0.5424,0.8747
0.6842,0.4333,0.5306,0.8558
0.6316,0.4,0.4898,0.8029
0.9474,0.6429,0.766,0.9705
0.6842,0.3611,0.4727,0.8201
0.7368,0.4516,0.56,0.8582
0.7895,0.4688,0.5882,0.8939
0.8421,0.5333,0.6531,0.9646
0.8889,0.4848,0.6275,0.9158
0.8333,0.6,0.6977,0.9575
0.8421,0.4571,0.5926,0.9129
0.7895,0.4839,0.6,0.8829
0.7368,0.4516,0.56,0.8963
0.8421,0.5,0.6275,0.8929
0.8947,0.5667,0.6939,0.9525
0.7368,0.5,0.5957,0.8937
0.6842,0.4063,0.5098,0.8338
0.8421,0.4103,0.5517,0.9049
0.7222,0.65,0.6842,0.8982
0.7222,0.3939,0.5098,0.8739
0.6842,0.4063,0.5098,0.8462
0.9474,0.4737,0.6316,0.9084
0.7368,0.56,0.6364,0.8888
0.9474,0.5625,0.7059,0.9689
0.7368,0.4828,0.5833,0.9076
0.7368,0.4118,0.5283,0.8537
0.8421,0.4324,0.5714,0.9221
0.8947,0.5,0.6415,0.8878
0.7778,0.4118,0.5385,0.8532
0.6111,0.4231,0.5,0.8651
0.6842,0.4483,0.5417,0.8313
0.6842,0.5417,0.6047,0.8864
0.8947,0.5484,0.68,0.9436
0.7895,0.5,0.6122,0.9165
0.9474,0.6667,0.7826,0.9718
0.7895,0.4167,0.5455,0.8311
1.0,0.5135,0.6786,0.9337
0.6316,0.5,0.5581,0.8373
0.6667,0.4138,0.5106,0.8773
0.7778,0.3889,0.5185,0.8764
0.7895,0.4412,0.566,0.8388
0.8421,0.5161,0.64,0.8942
0.7368,0.4667,0.5714,0.8365
0.7368,0.4516,0.56,0.9084
0.7895,0.625,0.6977,0.9165
0.8947,0.4359,0.5862,0.92
0.8421,0.5,0.6275,0.8912
0.8421,0.5161,0.64,0.9275
0.7895,0.5,0.6122,0.9189
0.6667,0.4,0.5,0.8498
0.7778,0.4375,0.56,0.8637
0.8421,0.6957,0.7619,0.9441
0.8421,0.5714,0.6809,0.9302
0.7368,0.3784,0.5,0.8115
0.8421,0.4324,0.5714,0.8279
0.7895,0.5357,0.6383,0.9084
0.8421,0.5333,0.6531,0.9192
0.8421,0.5333,0.6531,0.9286
0.5556,0.3571,0.4348,0.8475
0.8889,0.4571,0.6038,0.9181
0.7895,0.375,0.5085,0.8885
0.7368,0.4375,0.549,0.855
0.7895,0.5172,0.625,0.8797
0.9474,0.5,0.6545,0.953
0.8947,0.5484,0.68,0.946
0.6842,0.5,0.5778,0.8859
0.7368,0.4667,0.5714,0.8461
0.8421,0.4571,0.5926,0.8977
0.7778,0.4667,0.5833,0.8645
0.8333,0.4286,0.566,0.905
0.9474,0.6,0.7347,0.9547
0.8421,0.4706,0.6038,0.8869
0.5789,0.3929,0.4681,0.8445
0.8421,0.4444,0.5818,0.8585
0.8947,0.5313,0.6667,0.9433
0.8947,0.4857,0.6296,0.9235
0.7895,0.5,0.6122,0.9141
0.7368,0.5833,0.6512,0.8993
0.8333,0.4545,0.5882,0.8563
0.6667,0.3871,0.4898,0.8764
0.6842,0.5909,0.6341,0.9194
0.6316,0.5217,0.5714,0.8365
0.7368,0.4667,0.5714,0.881
0.8421,0.5333,0.6531,0.9264
0.7895,0.4054,0.5357,0.8827
0.7895,0.625,0.6977,0.909
0.8947,0.5313,0.6667,0.9323
0.7368,0.4828,0.5833,0.8714
0.7222,0.4483,0.5532,0.896
1.0,0.5625,0.72,0.9495
0.8947,0.4722,0.6182,0.9259
0.7895,0.4545,0.5769,0.8837
0.8421,0.5161,0.64,0.898
0.8421,0.5714,0.6809,0.9149
0.8421,0.4848,0.6154,0.9229
0.6316,0.4,0.4898,0.8633
0.7895,0.5,0.6122,0.8996
0.8947,0.5,0.6415,0.938
0.7222,0.4483,0.5532,0.8767
0.7778,0.56,0.6512,0.9147
0.7368,0.5385,0.6222,0.85
0.7895,0.5556,0.6522,0.9076
0.9474,0.6429,0.766,0.946
0.8421,0.64,0.7273,0.9237
0.6316,0.4286,0.5106,0.8617
0.8947,0.4048,0.5574,0.8571
0.7368,0.5,0.5957,0.8894
0.8421,0.5333,0.6531,0.9251
0.7222,0.3939,0.5098,0.8676
0.7222,0.4194,0.5306,0.8702
0.7895,0.4839,0.6,0.8893
0.7895,0.4545,0.5769,0.873
0.7368,0.4516,0.56,0.8818
0.8947,0.5667,0.6939,0.9369
0.8421,0.6154,0.7111,0.9315
0.8421,0.4848,0.6154,0.88
1.0,0.5278,0.6909,0.9769
0.6842,0.52,0.5909,0.8711
0.9444,0.5667,0.7083,0.924
0.6111,0.3667,0.4583,0.8067
0.6842,0.3714,0.4815,0.8074
0.7895,0.5,0.6122,0.8974
0.8421,0.4444,0.5818,0.9071
0.7895,0.5,0.6122,0.8931
0.6842,0.619,0.65,0.8569
0.8947,0.425,0.5763,0.9049
0.7368,0.4667,0.5714,0.8743
0.7895,0.4688,0.5882,0.9044
0.8889,0.4571,0.6038,0.9002
0.9444,0.5,0.6538,0.9297
0.7895,0.4412,0.566,0.8923
0.6316,0.48,0.5455,0.8912
0.8421,0.4706,0.6038,0.8835
0.8947,0.4474,0.5965,0.9028
0.7368,0.4828,0.5833,0.8934
0.7895,0.625,0.6977,0.9216
0.8947,0.6071,0.7234,0.9611
0.5789,0.4074,0.4783,0.8263
0.7222,0.4483,0.5532,0.8943
0.8889,0.5333,0.6667,0.9243
0.7368,0.4516,0.56,0.7963
0.7895,0.4839,0.6,0.9216
0.7368,0.5,0.5957,0.8808
0.8947,0.5667,0.6939,0.9487
0.7368,0.4516,0.56,0.8622
0.8421,0.5,0.6275,0.9262
0.8421,0.5333,0.6531,0.9213
0.7368,0.4,0.5185,0.8494
0.6667,0.4444,0.5333,0.8348
0.7222,0.3939,0.5098,0.8393
0.8421,0.5714,0.6809,0.9362
0.8421,0.5161,0.64,0.9299
0.7895,0.4839,0.6,0.8792
0.8947,0.6071,0.7234,0.938
0.8421,0.4324,0.5714,0.8445
0.7368,0.4516,0.56,0.8776
0.6842,0.4333,0.5306,0.8665
0.7895,0.4688,0.5882,0.9125
0.7222,0.4333,0.5417,0.8705
0.7222,0.4194,0.5306,0.792
0.8947,0.5,0.6415,0.9504
0.6842,0.3824,0.4906,0.8389
0.7895,0.5,0.6122,0.942
0.8421,0.4444,0.5818,0.9108
0.8947,0.5152,0.6538,0.9202
0.5789,0.4231,0.4889,0.8996
0.8421,0.5161,0.64,0.9211
0.7895,0.5357,0.6383,0.8193
0.8947,0.5152,0.6538,0.9425
0.6111,0.4783,0.5366,0.843
1.0,0.45,0.6207,0.9507
0.8421,0.5333,0.6531,0.9202
0.7895,0.4839,0.6,0.9025
0.5789,0.4231,0.4889,0.8652
0.7895,0.4545,0.5769,0.9049
0.8421,0.4444,0.5818,0.9119
0.7895,0.5556,0.6522,0.8848
0.7895,0.5556,0.6522,0.9272
0.6667,0.4138,0.5106,0.8532
0.8889,0.4848,0.6275,0.8648
0.8947,0.5484,0.68,0.9137
0.7368,0.4,0.5185,0.9066
0.7368,0.4667,0.5714,0.837
0.7368,0.4516,0.56,0.8448
0.7895,0.4688,0.5882,0.8886
0.8947,0.5667,0.6939,0.9283
0.8947,0.5313,0.6667,0.9573
0.8947,0.5484,0.68,0.9071
0.8333,0.5357,0.6522,0.9206
0.7778,0.4375,0.56,0.8152
0.7895,0.5,0.6122,0.8673
0.8421,0.4211,0.5614,0.9009
0.8421,0.5161,0.64,0.898
0.7895,0.5556,0.6522,0.8963
0.6842,0.4333,0.5306,0.8759
0.8421,0.64,0.7273,0.9313
0.8947,0.4722,0.6182,0.9326
0.6842,0.4063,0.5098,0.8507
0.6842,0.4194,0.52,0.8763
0.6667,0.4286,0.5217,0.8458
0.8333,0.3846,0.5263,0.888
0.8421,0.5333,0.6531,0.8886
1.0,0.5278,0.6909,0.9552
0.6316,0.4615,0.5333,0.8655
0.7895,0.4545,0.5769,0.9017
0.8421,0.5333,0.6531,0.8996
0.7895,0.4688,0.5882,0.8792
0.8947,0.4359,0.5862,0.9047
0.7222,0.4194,0.5306,0.8591
0.7222,0.4643,0.5652,0.8727
0.9474,0.6,0.7347,0.9512
0.7895,0.4839,0.6,0.9122
0.8421,0.5333,0.6531,0.9288
0.6842,0.5417,0.6047,0.8542
0.7895,0.4054,0.5357,0.8802
0.7895,0.4412,0.566,0.8759
0.7895,0.4839,0.6,0.9149
0.8421,0.4706,0.6038,0.9181
0.7778,0.4516,0.5714,0.8914
0.8333,0.4688,0.6,0.9104
0.6316,0.5217,0.5714,0.8888
0.8947,0.5152,0.6538,0.9337
0.7895,0.4286,0.5556,0.899
0.7368,0.5,0.5957,0.9111
0.6842,0.4194,0.52,0.8222
0.8947,0.4595,0.6071,0.9202
0.7895,0.6,0.6818,0.9237
0.9474,0.5294,0.6792,0.9356
0.7778,0.56,0.6512,0.9204
0.7778,0.4,0.5283,0.8914
0.7895,0.4839,0.6,0.8576
0.8947,0.5,0.6415,0.8829
0.8421,0.4706,0.6038,0.9033
0.7895,0.4839,0.6,0.913
0.7895,0.5,0.6122,0.8692
0.7895,0.5769,0.6667,0.9133
0.6316,0.4286,0.5106,0.8381
0.8421,0.5,0.6275,0.9154
0.8889,0.5333,0.6667,0.928
0.6667,0.4,0.5,0.8316
0.7368,0.4667,0.5714,0.8942
0.8947,0.5313,0.6667,0.9452
0.7895,0.4839,0.6,0.9006
0.7895,0.4839,0.6,0.8845
0.9474,0.5625,0.7059,0.939
0.6842,0.3939,0.5,0.8177
0.6842,0.4333,0.5306,0.8523
0.6316,0.5,0.5581,0.8346
0.8333,0.5172,0.6383,0.9065
0.8889,0.4848,0.6275,0.9371
0.8947,0.5484,0.68,0.9335
0.7895,0.4545,0.5769,0.8998
0.7368,0.4828,0.5833,0.8805
0.7368,0.4242,0.5385,0.8851
0.7368,0.5185,0.6087,0.8931
0.7895,0.4545,0.5769,0.9184
0.9474,0.4865,0.6429,0.9063
0.7895,0.5357,0.6383,0.9347
0.8333,0.4545,0.5882,0.8679
0.7222,0.4063,0.52,0.8716
0.7895,0.625,0.6977,0.9189
0.8947,0.6538,0.7556,0.9248
0.7368,0.5185,0.6087,0.9009
0.7895,0.4545,0.5769,0.9178
0.8421,0.4848,0.6154,0.8794
0.7895,0.5357,0.6383,0.8915
0.7368,0.4516,0.56,0.8249
0.8947,0.5484,0.68,0.9321
0.8333,0.3846,0.5263,0.915
0.8889,0.4103,0.5614,0.9311
0.5789,0.55,0.5641,0.8144
0.8947,0.5152,0.6538,0.9288
0.9474,0.5143,0.6667,0.9251
0.8947,0.4474,0.5965,0.9181
0.7895,0.5357,0.6383,0.8869
0.7895,0.4545,0.5769,0.8298
0.8421,0.6154,0.7111,0.9286
0.8421,0.5333,0.6531,0.9162
0.5556,0.5,0.5263,0.8759
0.6111,0.3929,0.4783,0.7642
0.7368,0.4516,0.56,0.8492
0.8421,0.4571,0.5926,0.8778
0.7368,0.5,0.5957,0.8585
0.8421,0.5161,0.64,0.9049
0.8421,0.4848,0.6154,0.9235
0.7895,0.4286,0.5556,0.8537
0.7895,0.5,0.6122,0.924
0.7895,0.5769,0.6667,0.9439
0.7778,0.4242,0.549,0.9065
0.8333,0.5357,0.6522,0.9155
0.7368,0.4242,0.5385,0.8779
0.7895,0.5172,0.625,0.8835
0.8421,0.4,0.5424,0.8993
0.8421,0.4848,0.6154,0.9133
0.8947,0.5667,0.6939,0.9382
0.7895,0.6,0.6818,0.84
0.6842,0.52,0.5909,0.9049
0.9474,0.4615,0.6207,0.953
0.8889,0.4571,0.6038,0.9218
0.8333,0.5357,0.6522,0.9249
0.7368,0.4516,0.56,0.8606
0.7368,0.4242,0.5385,0.8195
0.7895,0.6818,0.7317,0.9474
0.6842,0.4815,0.5652,0.8367
0.7368,0.6087,0.6667,0.8843
0.7368,0.5385,0.6222,0.8781
0.7895,0.4545,0.5769,0.8937
0.9474,0.4615,0.6207,0.9313
0.7778,0.3784,0.5091,0.8481
0.8333,0.4412,0.5769,0.8931
0.8947,0.4857,0.6296,0.9262
0.7368,0.4242,0.5385,0.8553
0.7368,0.5385,0.6222,0.8357
0.7895,0.3947,0.5263,0.855
0.7368,0.4516,0.56,0.8657
0.8947,0.4722,0.6182,0.909
0.9474,0.5455,0.6923,0.9568
0.7895,0.625,0.6977,0.91
0.7778,0.3889,0.5185,0.869
0.6111,0.4583,0.5238,0.8722
0.8421,0.4324,0.5714,0.9059
0.6316,0.5455,0.5854,0.8982
0.9474,0.5143,0.6667,0.9229
0.6842,0.5417,0.6047,0.9111
0.9474,0.5,0.6545,0.938
0.5263,0.4167,0.4651,0.7814
0.7895,0.5172,0.625,0.9272
0.6842,0.5652,0.619,0.9025
0.6667,0.3529,0.4615,0.8308
1.0,0.5,0.6667,0.9439
0.7895,0.4054,0.5357,0.8047
0.8947,0.5152,0.6538,0.9315
0.7895,0.4545,0.5769,0.8853
0.7895,0.4167,0.5455,0.8773
0.8947,0.4722,0.6182,0.9176
0.8947,0.6071,0.7234,0.9385
0.5789,0.44,0.5,0.8692
0.8947,0.4474,0.5965,0.9071
0.8333,0.5357,0.6522,0.9144
0.8333,0.6,0.6977,0.9019
0.6316,0.5,0.5581,0.8562
0.7368,0.5833,0.6512,0.9095
0.8421,0.4103,0.5517,0.8864
0.8947,0.4857,0.6296,0.8945
0.9474,0.4286,0.5902,0.9184
0.6842,0.4063,0.5098,0.8593
0.7368,0.4516,0.56,0.906
0.7895,0.625,0.6977,0.8714
0.7778,0.5185,0.6222,0.9138
0.7778,0.5185,0.6222,0.9067
0.7895,0.4688,0.5882,0.8681
0.8947,0.4048,0.5574,0.8969
0.6842,0.4643,0.5532,0.8776
0.5789,0.6111,0.5946,0.8383
0.7895,0.5172,0.625,0.8808
0.8947,0.5152,0.6538,0.9232
0.7368,0.4,0.5185,0.7691
0.8421,0.4444,0.5818,0.8888
0.8889,0.4571,0.6038,0.9181
0.7778,0.4828,0.5957,0.9033
0.8947,0.4857,0.6296,0.9303
0.7895,0.5172,0.625,0.9318
0.7895,0.5172,0.625,0.9004
0.8421,0.4706,0.6038,0.9211
0.7368,0.5385,0.6222,0.8759
0.7895,0.4545,0.5769,0.8955
0.7368,0.4516,0.56,0.8972
0.6842,0.3824,0.4906,0.855
0.8421,0.5714,0.6809,0.9314
0.7222,0.4815,0.5778,0.8413
0.9444,0.3953,0.5574,0.8861
0.8947,0.5313,0.6667,0.9119
0.8947,0.6071,0.7234,0.9342
0.7895,0.4688,0.5882,0.8778
0.8421,0.4571,0.5926,0.9012
0.9474,0.5294,0.6792,0.9253
0.7368,0.4667,0.5714,0.8657
0.6842,0.4333,0.5306,0.8577
0.8889,0.5714,0.6957,0.9569
0.7222,0.4194,0.5306,0.8719
0.7895,0.4167,0.5455,0.8977
0.7895,0.4688,0.5882,0.8574
0.8421,0.6667,0.7442,0.9374
0.6842,0.4194,0.52,0.841
0.7895,0.5172,0.625,0.9216
0.7895,0.4412,0.566,0.8765
0.7895,0.6,0.6818,0.8818
0.7368,0.4516,0.56,0.8542
0.7368,0.4375,0.549,0.8578
0.7778,0.4118,0.5385,0.9246
0.8333,0.5,0.625,0.9212
0.7895,0.4688,0.5882,0.8375
0.8947,0.5484,0.68,0.9632
0.6842,0.52,0.5909,0.8904
0.8421,0.4444,0.5818,0.8719
0.6842,0.4483,0.5417,0.9015
0.7895,0.4412,0.566,0.8628
0.8421,0.5926,0.6957,0.9084
0.8421,0.5,0.6275,0.9164
0.7778,0.5385,0.6364,0.9204
0.8889,0.4211,0.5714,0.9104
0.7895,0.3488,0.4839,0.8612
0.7895,0.625,0.6977,0.9302
0.8947,0.4722,0.6182,0.9012
0.8947,0.4359,0.5862,0.8542
0.8421,0.5,0.6275,0.8961
0.6842,0.5,0.5778,0.8918
0.7895,0.4688,0.5882,0.8993
0.6667,0.48,0.5581,0.8271
0.9444,0.6296,0.7556,0.9453
0.8421,0.4706,0.6038,0.914
0.6842,0.4643,0.5532,0.8633
0.6842,0.4643,0.5532,0.8676
0.8421,0.5161,0.64,0.8993
0.9474,0.4737,0.6316,0.9299
0.7895,0.4545,0.5769,0.8888
0.9474,0.5625,0.7059,0.9522
0.8947,0.6071,0.7234,0.9404
0.8333,0.4054,0.5455,0.909
0.8333,0.5357,0.6522,0.9263
0.7368,0.4516,0.56,0.8215
0.8421,0.3902,0.5333,0.8776
0.7368,0.56,0.6364,0.9117
0.8421,0.4848,0.6154,0.8937
0.8947,0.5484,0.68,0.9286
0.9474,0.6,0.7347,0.9326
0.6316,0.5455,0.5854,0.8703
0.8947,0.4359,0.5862,0.9331
0.7778,0.4667,0.5833,0.898
0.8333,0.4545,0.5882,0.9206
0.4737,0.375,0.4186,0.8174
0.7368,0.3784,0.5,0.8491
0.7895,0.4839,0.6,0.8469
0.9474,0.5625,0.7059,0.9288
0.7368,0.5385,0.6222,0.9302
0.8947,0.5,0.6415,0.9087
0.8421,0.4706,0.6038,0.9098
0.7895,0.5556,0.6522,0.9194
0.6667,0.4615,0.5455,0.8631
0.8889,0.5,0.64,0.943
0.6316,0.4286,0.5106,0.7816
0.8947,0.5484,0.68,0.9221
0.7368,0.4242,0.5385,0.8918
0.7895,0.5,0.6122,0.8673
0.8947,0.5,0.6415,0.913
0.8421,0.5333,0.6531,0.9178
0.7895,0.5357,0.6383,0.9025
0.9474,0.4737,0.6316,0.9374
0.7222,0.4194,0.5306,0.8294
0.8333,0.5556,0.6667,0.9493
0.5789,0.3548,0.44,0.7835
0.7368,0.5,0.5957,0.8848
0.7368,0.4828,0.5833,0.913
0.8421,0.4,0.5424,0.873
0.8947,0.5313,0.6667,0.9149
0.5789,0.44,0.5,0.848
0.7895,0.4688,0.5882,0.8802
0.7368,0.4118,0.5283,0.8392
0.8889,0.5161,0.6531,0.9283
0.7778,0.4242,0.549,0.8926
0.8421,0.5517,0.6667,0.9303
0.8947,0.5152,0.6538,0.9119
0.6316,0.48,0.5455,0.8617
0.9474,0.5294,0.6792,0.9546
0.7368,0.56,0.6364,0.9074
0.7368,0.5185,0.6087,0.8383
0.8421,0.4848,0.6154,0.9028
0.7368,0.4242,0.5385,0.8515
0.6667,0.3636,0.4706,0.8393
0.8333,0.5357,0.6522,0.8965
0.7895,0.4688,0.5882,0.9105
0.8947,0.5152,0.6538,0.9275
0.7368,0.4516,0.56,0.8593
0.8421,0.5517,0.6667,0.9436
0.5789,0.4074,0.4783,0.8252
0.7895,0.5357,0.6383,0.928
0.7368,0.5,0.5957,0.8816
0.7895,0.4839,0.6,0.8612
0.8333,0.4545,0.5882,0.8756
0.7222,0.3824,0.5,0.8773
0.8947,0.5667,0.6939,0.9457
0.8947,0.5667,0.6939,0.9111
0.8421,0.4444,0.5818,0.8869
0.7895,0.4054,0.5357,0.884
0.8421,0.6154,0.7111,0.9329
0.7368,0.4667,0.5714,0.8182
0.7368,0.5,0.5957,0.848
0.9474,0.5455,0.6923,0.9401
0.7222,0.4643,0.5652,0.8999
0.6111,0.4074,0.4889,0.8478
0.8947,0.5862,0.7083,0.9569
0.9474,0.5625,0.7059,0.9458
0.6842,0.5909,0.6341,0.9141
0.5789,0.44,0.5,0.7975
0.8947,0.4595,0.6071,0.9092
0.8421,0.5,0.6275,0.9031
0.6842,0.3939,0.5,0.808
0.7368,0.56,0.6364,0.917
0.7778,0.4375,0.56,0.9138
0.9444,0.4595,0.6182,0.9376
0.7895,0.5769,0.6667,0.9061
0.8947,0.5484,0.68,0.9326
0.7895,0.4688,0.5882,0.9211
0.7368,0.56,0.6364,0.8773
0.9474,0.5625,0.7059,0.9463
0.7368,0.5,0.5957,0.8432
0.6842,0.52,0.5909,0.8835
0.8421,0.5161,0.64,0.9031
0.7368,0.5,0.5957,0.9124
0.8889,0.4571,0.6038,0.9257
0.6667,0.3636,0.4706,0.8277
0.8947,0.5152,0.6538,0.9229
0.7895,0.5357,0.6383,0.9117
0.6316,0.48,0.5455,0.8547
0.8421,0.5333,0.6531,0.913
0.8421,0.4444,0.5818,0.8778
0.9474,0.5143,0.6667,0.9487
0.8421,0.4444,0.5818,0.8869
0.6667,0.48,0.5581,0.8424
0.8889,0.4706,0.6154,0.9221
0.6316,0.3333,0.4364,0.8033
0.8421,0.4848,0.6154,0.9267
0.7895,0.5172,0.625,0.8982
0.8421,0.4444,0.5818,0.8923
0.7895,0.4545,0.5769,0.8958
0.7895,0.4688,0.5882,0.84
0.6842,0.5,0.5778,0.8569
0.6316,0.4615,0.5333,0.8378
0.8889,0.5,0.64,0.9461
0.8333,0.5172,0.6383,0.913
0.8947,0.5313,0.6667,0.93
0.9474,0.4286,0.5902,0.9248
0.7368,0.5185,0.6087,0.8888
0.7895,0.5,0.6122,0.9339
0.5263,0.4167,0.4651,0.7919
0.8947,0.5,0.6415,0.8942
0.8421,0.5926,0.6957,0.9452
0.7368,0.4242,0.5385,0.8488
0.8333,0.4286,0.566,0.8793
0.8333,0.6522,0.7317,0.9439
0.8947,0.5,0.6415,0.9135
0.7895,0.5357,0.6383,0.8904
0.8421,0.5161,0.64,0.9436
0.7368,0.4828,0.5833,0.8829
1.0,0.5,0.6667,0.9235
0.8947,0.4595,0.6071,0.8896
0.9474,0.6,0.7347,0.9597
0.6842,0.5417,0.6047,0.8604
0.7778,0.4516,0.5714,0.8968
0.6667,0.3871,0.4898,0.8713
0.8947,0.6538,0.7556,0.911
0.8947,0.5313,0.6667,0.9202
0.7368,0.4,0.5185,0.8537
0.3684,0.4375,0.4,0.7922
0.7895,0.4545,0.5769,0.8867
0.8421,0.5161,0.64,0.9501
1.0,0.5588,0.717,0.9782
0.9474,0.5294,0.6792,0.9444
0.7222,0.4643,0.5652,0.858
0.7222,0.3939,0.5098,0.8384
0.7368,0.5185,0.6087,0.8828
0.7368,0.5185,0.6087,0.9108
1.0,0.5278,0.6909,0.9423
0.8421,0.4848,0.6154,0.8872
0.7895,0.5556,0.6522,0.9047
0.6842,0.3939,0.5,0.8359
0.8421,0.4103,0.5517,0.9111
0.7368,0.5,0.5957,0.8724
0.8333,0.4839,0.6122,0.8824
0.8889,0.5,0.64,0.9427
0.8421,0.5161,0.64,0.9002
RUSVoteBag
0.7895,0.5556,0.6522,0.9111
0.5789,0.4583,0.5116,0.7897
0.6842,0.5652,0.619,0.8711
0.7368,0.5,0.5957,0.8784
0.6316,0.5714,0.6,0.8523
0.7895,0.5357,0.6383,0.9015
0.8947,0.4722,0.6182,0.9176
0.7778,0.5185,0.6222,0.8824
0.8333,0.4688,0.6,0.8875
0.8421,0.5714,0.6809,0.8877
0.8421,0.5333,0.6531,0.9186
0.8421,0.5333,0.6531,0.9302
0.6316,0.4138,0.5,0.8491
0.6316,0.5217,0.5714,0.8596
0.7895,0.4412,0.566,0.8722
0.6316,0.75,0.6857,0.8655
0.7895,0.4545,0.5769,0.9068
0.6316,0.4615,0.5333,0.8956
0.7778,0.4667,0.5833,0.8855
0.5556,0.4348,0.4878,0.8586
0.8947,0.4359,0.5862,0.8853
0.7368,0.4667,0.5714,0.837
0.6842,0.4815,0.5652,0.8934
0.7895,0.6,0.6818,0.8743
0.8421,0.5161,0.64,0.881
0.7368,0.6364,0.6829,0.9106
0.7368,0.5385,0.6222,0.8896
0.7222,0.4815,0.5778,0.9022
0.7222,0.4815,0.5778,0.8756
0.7895,0.5357,0.6383,0.9376
0.8421,0.3902,0.5333,0.8459
0.7368,0.5,0.5957,0.9074
0.6316,0.5,0.5581,0.8539
0.6842,0.4194,0.52,0.8749
0.7368,0.5385,0.6222,0.8676
0.5789,0.44,0.5,0.8547
0.7895,0.5172,0.625,0.9057
0.8889,0.6154,0.7273,0.9249
0.8889,0.5,0.64,0.9529
0.8421,0.5714,0.6809,0.924
0.6316,0.5714,0.6,0.8988
0.7368,0.4828,0.5833,0.8598
0.6842,0.5417,0.6047,0.9028
0.8421,0.6154,0.7111,0.9114
0.8421,0.5926,0.6957,0.9063
0.8947,0.3864,0.5397,0.8687
0.7368,0.5,0.5957,0.8523
0.7222,0.4063,0.52,0.871
0.6667,0.4444,0.5333,0.8997
0.6316,0.5,0.5581,0.8397
0.6842,0.4815,0.5652,0.8631
0.8421,0.4571,0.5926,0.9262
0.7368,0.5185,0.6087,0.8762
0.8421,0.5926,0.6957,0.9259
0.8421,0.4848,0.6154,0.9028
0.8947,0.5667,0.6939,0.9219
0.7368,0.7,0.7179,0.916
0.6667,0.48,0.5581,0.8424
0.8333,0.5172,0.6383,0.8781
0.7368,0.5,0.5957,0.8445
0.7895,0.5769,0.6667,0.873
0.7895,0.6,0.6818,0.9439
0.9474,0.5143,0.6667,0.9444
0.8421,0.5926,0.6957,0.942
0.7368,0.4667,0.5714,0.8601
0.5263,0.4348,0.4762,0.8566
0.7895,0.4412,0.566,0.9162
0.7778,0.5833,0.6667,0.9515
0.6667,0.4286,0.5217,0.7319
0.8421,0.5,0.6275,0.8861
0.6842,0.619,0.65,0.9178
0.7895,0.6,0.6818,0.8856
0.7368,0.4516,0.56,0.8362
0.7368,0.5185,0.6087,0.8972
0.8947,0.5484,0.68,0.9256
0.7368,0.5385,0.6222,0.906
0.7895,0.6,0.6818,0.9141
0.7222,0.5417,0.619,0.8061
0.8333,0.5172,0.6383,0.9002
0.8947,0.5152,0.6538,0.8974
0.6842,0.5652,0.619,0.8485
0.8947,0.6296,0.7391,0.9525
0.7368,0.56,0.6364,0.8733
0.7368,0.5833,0.6512,0.9025
0.6842,0.5909,0.6341,0.9286
0.8421,0.5517,0.6667,0.8813
0.6316,0.3429,0.4444,0.7809
0.7222,0.52,0.6047,0.9218
0.7778,0.5185,0.6222,0.9345
0.6316,0.48,0.5455,0.8893
0.8421,0.5333,0.6531,0.9474
0.7895,0.5,0.6122,0.8622
0.6316,0.4444,0.5217,0.8663
0.7895,0.5172,0.625,0.9033
0.8421,0.5,0.6275,0.8682
0.5789,0.3548,0.44,0.7828
0.8421,0.6154,0.7111,0.9425
0.7222,0.4643,0.5652,0.8849
0.7222,0.5,0.5909,0.8682
0.6316,0.5455,0.5854,0.8117
0.6842,0.619,0.65,0.9049
0.7368,0.4242,0.5385,0.8381
0.8421,0.5,0.6275,0.9272
0.6842,0.4194,0.52,0.8485
0.7368,0.5185,0.6087,0.8738
0.7368,0.5385,0.6222,0.8561
0.6842,0.4333,0.5306,0.8268
0.7778,0.56,0.6512,0.8968
0.5556,0.4167,0.4762,0.8223
0.8947,0.4857,0.6296,0.914
0.6316,0.4615,0.5333,0.8652
0.4737,0.3913,0.4286,0.8104
1.0,0.5588,0.717,0.9458
0.7895,0.4688,0.5882,0.8821
0.8947,0.5667,0.6939,0.8741
0.6842,0.4643,0.5532,0.9068
0.6842,0.4643,0.5532,0.8483
0.8889,0.5926,0.7111,0.8897
0.8333,0.625,0.7143,0.8974
0.5789,0.4231,0.4889,0.8388
0.8947,0.6071,0.7234,0.9342
0.7895,0.4839,0.6,0.8945
0.5263,0.4762,0.5,0.8523
0.8421,0.5517,0.6667,0.9262
0.7368,0.5,0.5957,0.8907
0.6316,0.48,0.5455,0.8386
0.8421,0.5714,0.6809,0.8912
0.8333,0.4688,0.6,0.877
0.7778,0.5,0.6087,0.905
0.5789,0.4231,0.4889,0.7911
0.6842,0.4643,0.5532,0.7889
0.6842,0.4194,0.52,0.8639
0.7895,0.4688,0.5882,0.8601
0.6316,0.4138,0.5,0.8566
0.8947,0.5484,0.68,0.9262
0.8947,0.5862,0.7083,0.9288
0.8947,0.5667,0.6939,0.9514
0.7222,0.4643,0.5652,0.9127
0.5556,0.5,0.5263,0.8506
0.6842,0.5909,0.6341,0.9023
0.9474,0.5455,0.6923,0.9495
0.6842,0.5417,0.6047,0.8784
0.7368,0.6364,0.6829,0.8708
0.7368,0.4,0.5185,0.8577
0.7368,0.5185,0.6087,0.8816
0.6316,0.4138,0.5,0.8134
0.7895,0.5556,0.6522,0.9245
0.8333,0.4839,0.6122,0.9374
0.7778,0.5185,0.6222,0.8991
0.7368,0.4667,0.5714,0.8671
0.7895,0.4412,0.566,0.8706
0.7895,0.5556,0.6522,0.9299
1.0,0.5758,0.7308,0.9369
0.6316,0.5217,0.5714,0.8993
0.7895,0.5357,0.6383,0.8953
0.7895,0.4839,0.6,0.8794
0.5789,0.3438,0.4314,0.7956
0.7895,0.5172,0.625,0.8817
0.7778,0.5185,0.6222,0.89
0.6667,0.6,0.6316,0.9093
0.7368,0.56,0.6364,0.8445
0.7368,0.6364,0.6829,0.8746
0.7368,0.3784,0.5,0.8083
0.8421,0.4848,0.6154,0.8703
0.8421,0.6154,0.7111,0.9162
0.5789,0.4783,0.5238,0.8464
0.6316,0.5714,0.6,0.9025
0.7778,0.4242,0.549,0.8787
0.8333,0.4688,0.6,0.9561
0.8421,0.5333,0.6531,0.8814
0.7895,0.4286,0.5556,0.8649
0.6316,0.5217,0.5714,0.8923
0.6842,0.5417,0.6047,0.8802
0.7895,0.4545,0.5769,0.8665
0.8421,0.5517,0.6667,0.9149
0.8947,0.4595,0.6071,0.8652
0.6316,0.5455,0.5854,0.8711
0.7222,0.52,0.6047,0.8447
0.6667,0.48,0.5581,0.9079
0.8421,0.5333,0.6531,0.8977
0.7895,0.5556,0.6522,0.8765
0.9474,0.5455,0.6923,0.9651
0.8421,0.5161,0.64,0.953
0.6842,0.4815,0.5652,0.8169
0.6316,0.4138,0.5,0.8818
0.7368,0.4828,0.5833,0.805
0.6842,0.4815,0.5652,0.8357
0.6667,0.4615,0.5455,0.8135
0.8889,0.5161,0.6531,0.9218
0.7895,0.4688,0.5882,0.8942
0.8421,0.6154,0.7111,0.9527
0.5789,0.5,0.5366,0.8545
0.5263,0.3704,0.4348,0.851
0.7895,0.4545,0.5769,0.8673
0.6316,0.4,0.4898,0.8306
0.8947,0.5,0.6415,0.902
0.7368,0.5,0.5957,0.8878
0.7368,0.5,0.5957,0.8394
0.9444,0.4857,0.6415,0.8934
0.6667,0.6316,0.6486,0.8163
0.8421,0.4706,0.6038,0.8746
0.7895,0.625,0.6977,0.9415
0.6842,0.52,0.5909,0.8631
0.7895,0.5172,0.625,0.8921
0.8421,0.4706,0.6038,0.8953
0.7895,0.4839,0.6,0.881
0.5263,0.5,0.5128,0.7621
0.5556,0.4545,0.5,0.8464
0.6667,0.4615,0.5455,0.8863
0.8421,0.5,0.6275,0.8673
0.8947,0.5152,0.6538,0.8891
0.8421,0.5714,0.6809,0.9321
0.7895,0.5556,0.6522,0.8778
0.8421,0.5517,0.6667,0.8786
0.7368,0.5385,0.6222,0.9232
0.5789,0.44,0.5,0.8252
0.8421,0.5333,0.6531,0.9028
0.8947,0.5152,0.6538,0.936
0.6667,0.6,0.6316,0.9056
0.6667,0.4286,0.5217,0.8075
0.7368,0.3784,0.5,0.8749
0.8421,0.5517,0.6667,0.9044
0.7368,0.56,0.6364,0.8351
0.7895,0.4839,0.6,0.8663
0.7368,0.4828,0.5833,0.8757
0.8421,0.6154,0.7111,0.9082
0.7895,0.5556,0.6522,0.8776
0.7778,0.56,0.6512,0.8787
0.6667,0.5455,0.6,0.8367
0.7368,0.5,0.5957,0.914
0.7895,0.5172,0.625,0.8534
0.8421,0.5333,0.6531,0.8985
0.6316,0.6,0.6154,0.8268
0.8421,0.5,0.6275,0.8429
0.7368,0.5185,0.6087,0.8408
0.7895,0.5172,0.625,0.9041
0.8947,0.5152,0.6538,0.888
0.6667,0.4444,0.5333,0.8251
0.7222,0.65,0.6842,0.9087
0.8947,0.4722,0.6182,0.9018
0.7895,0.4054,0.5357,0.8252
0.9474,0.6923,0.8,0.9788
0.6842,0.52,0.5909,0.8351
0.7368,0.4828,0.5833,0.8894
0.6316,0.48,0.5455,0.7825
0.9474,0.6,0.7347,0.9643
0.7895,0.6,0.6818,0.8912
0.6667,0.5,0.5714,0.8707
0.6667,0.4138,0.5106,0.8858
0.7368,0.4667,0.5714,0.8497
0.9474,0.45,0.6102,0.9474
0.8421,0.5333,0.6531,0.8945
0.6316,0.6316,0.6316,0.877
0.7368,0.5,0.5957,0.8579
0.8947,0.6071,0.7234,0.9484
0.6842,0.65,0.6667,0.9015
0.7368,0.4828,0.5833,0.877
0.7778,0.4828,0.5957,0.9198
0.6111,0.5238,0.5641,0.7993
0.6316,0.3429,0.4444,0.7973
0.8421,0.5714,0.6809,0.9256
0.8421,0.4444,0.5818,0.8338
0.6842,0.5909,0.6341,0.8867
0.8947,0.6071,0.7234,0.9503
0.7368,0.7,0.7179,0.9052
0.7895,0.4688,0.5882,0.91
0.6842,0.4063,0.5098,0.8636
0.8889,0.4571,0.6038,0.8722
0.7778,0.3784,0.5091,0.8642
0.7895,0.4839,0.6,0.8687
0.6316,0.5,0.5581,0.8622
0.6842,0.4643,0.5532,0.8128
0.7895,0.625,0.6977,0.9189
0.6842,0.5,0.5778,0.8907
0.9474,0.5,0.6545,0.9356
0.6842,0.619,0.65,0.8636
0.6842,0.4063,0.5098,0.8225
0.8889,0.5714,0.6957,0.8929
0.7778,0.4375,0.56,0.9172
0.7895,0.4545,0.5769,0.9026
0.9474,0.5625,0.7059,0.957
0.6842,0.5417,0.6047,0.8515
0.5789,0.4583,0.5116,0.7863
0.7895,0.5172,0.625,0.8851
0.8421,0.4444,0.5818,0.8869
0.7895,0.4412,0.566,0.862
0.7368,0.6364,0.6829,0.8853
0.6667,0.4138,0.5106,0.8393
0.8333,0.5556,0.6667,0.9433
0.7368,0.6087,0.6667,0.9156
0.8421,0.5517,0.6667,0.8937
0.7895,0.625,0.6977,0.8829
0.8421,0.5517,0.6667,0.9283
0.8421,0.5517,0.6667,0.8929
0.5789,0.3793,0.4583,0.7685
0.8947,0.6538,0.7556,0.9463
0.7895,0.5769,0.6667,0.8843
0.6667,0.375,0.48,0.8186
0.8333,0.625,0.7143,0.9317
0.7368,0.5,0.5957,0.8939
0.6842,0.4643,0.5532,0.8676
0.8421,0.5517,0.6667,0.9044
0.7895,0.5769,0.6667,0.881
0.7368,0.5385,0.6222,0.9009
0.7368,0.5,0.5957,0.9151
0.6842,0.4333,0.5306,0.8528
0.6842,0.4483,0.5417,0.8569
0.6316,0.4615,0.5333,0.8204
0.9444,0.6296,0.7556,0.9549
0.8889,0.6154,0.7273,0.9402
0.7368,0.5185,0.6087,0.9106
0.8421,0.5333,0.6531,0.8942
0.5789,0.5,0.5366,0.8128
0.5263,0.4348,0.4762,0.7202
0.7368,0.5385,0.6222,0.9063
0.6316,0.4286,0.5106,0.8118
0.7895,0.5556,0.6522,0.9127
0.7222,0.5652,0.6341,0.9073
1.0,0.5294,0.6923,0.9736
1.0,0.5588,0.717,0.956
0.7895,0.5357,0.6383,0.9108
0.7895,0.4839,0.6,0.8972
0.8421,0.4848,0.6154,0.9189
0.7895,0.4545,0.5769,0.8703
0.6842,0.4483,0.5417,0.8144
0.8421,0.4444,0.5818,0.898
0.5263,0.4545,0.4878,0.822
0.7778,0.6364,0.7,0.9444
0.7222,0.5652,0.6341,0.8835
0.6842,0.4483,0.5417,0.8204
0.5789,0.5238,0.55,0.8724
0.5789,0.4231,0.4889,0.7846
0.7368,0.6087,0.6667,0.9275
0.7895,0.5172,0.625,0.8665
0.7368,0.5185,0.6087,0.9205
0.8947,0.4474,0.5965,0.9186
0.8421,0.5517,0.6667,0.9082
0.8333,0.6818,0.75,0.9374
0.7778,0.4828,0.5957,0.8866
0.7895,0.4839,0.6,0.8421
0.6842,0.5652,0.619,0.8708
0.7368,0.4667,0.5714,0.8813
0.8421,0.5714,0.6809,0.938
0.7368,0.6087,0.6667,0.8869
0.7368,0.4516,0.56,0.8765
0.6316,0.5217,0.5714,0.909
0.7368,0.4375,0.549,0.873
0.7222,0.4333,0.5417,0.8869
0.6667,0.48,0.5581,0.8518
0.7895,0.5,0.6122,0.8641
0.7368,0.5,0.5957,0.8244
0.8421,0.5517,0.6667,0.8657
0.6316,0.5,0.5581,0.8571
0.9474,0.5,0.6545,0.9106
0.6316,0.4444,0.5217,0.8614
0.7368,0.4516,0.56,0.8789
0.8947,0.7083,0.7907,0.9624
0.8889,0.5714,0.6957,0.9388
0.6667,0.4615,0.5455,0.8387
0.7368,0.5385,0.6222,0.8581
0.8947,0.5,0.6415,0.9339
0.6842,0.4643,0.5532,0.841
0.7368,0.5185,0.6087,0.8477
0.7368,0.5185,0.6087,0.9111
0.8421,0.5714,0.6809,0.9108
0.9474,0.6,0.7347,0.9691
0.5263,0.4762,0.5,0.8198
0.7778,0.4828,0.5957,0.8764
0.7778,0.4828,0.5957,0.9031
0.8421,0.4571,0.5926,0.8831
0.6316,0.5217,0.5714,0.8566
0.6316,0.5455,0.5854,0.822
0.8947,0.5862,0.7083,0.9119
0.7895,0.5172,0.625,0.8921
0.8421,0.4571,0.5926,0.91
0.7368,0.5833,0.6512,0.8869
0.7895,0.6522,0.7143,0.8606
0.7778,0.5,0.6087,0.8977
0.8333,0.4545,0.5882,0.9028
1.0,0.5278,0.6909,0.9509
0.7368,0.5185,0.6087,0.8904
0.8421,0.6154,0.7111,0.9224
0.8421,0.5926,0.6957,0.9447
0.6842,0.5417,0.6047,0.8631
0.7368,0.5185,0.6087,0.8263
0.7368,0.4828,0.5833,0.8515
0.6316,0.3871,0.48,0.8032
0.7895,0.5769,0.6667,0.8855
0.8333,0.6,0.6977,0.9408
0.9444,0.5,0.6538,0.9209
0.6842,0.6842,0.6842,0.8281
0.7895,0.3947,0.5263,0.852
0.7895,0.4688,0.5882,0.884
0.7895,0.5769,0.6667,0.8679
0.6842,0.4333,0.5306,0.8453
0.7895,0.4054,0.5357,0.8362
0.7368,0.5,0.5957,0.8985
0.8889,0.5926,0.7111,0.9323
0.7778,0.5185,0.6222,0.9121
0.8421,0.5161,0.64,0.904
0.7895,0.4839,0.6,0.9031
0.6842,0.5652,0.619,0.8655
0.9474,0.6207,0.75,0.9581
0.8421,0.5714,0.6809,0.8668
0.7368,0.4667,0.5714,0.8448
0.6842,0.5,0.5778,0.8644
0.8947,0.6071,0.7234,0.9409
0.6111,0.4783,0.5366,0.752
0.8333,0.5357,0.6522,0.9141
0.7368,0.56,0.6364,0.9208
0.8421,0.6154,0.7111,0.8853
0.7895,0.4412,0.566,0.8923
0.7368,0.3784,0.5,0.9076
0.6842,0.4333,0.5306,0.8499
0.8947,0.6296,0.7391,0.9535
0.7895,0.6522,0.7143,0.9066
0.7368,0.4828,0.5833,0.786
0.6667,0.5217,0.5854,0.8543
0.7778,0.5185,0.6222,0.8815
0.6842,0.5,0.5778,0.904
0.8947,0.5862,0.7083,0.924
0.8421,0.5333,0.6531,0.8754
0.7368,0.4516,0.56,0.8289
0.6316,0.3871,0.48,0.8362
0.4737,0.4737,0.4737,0.8743
0.7368,0.5,0.5957,0.8982
0.7895,0.5556,0.6522,0.8733
0.8889,0.5714,0.6957,0.941
0.8889,0.5517,0.6809,0.941
0.8947,0.4359,0.5862,0.8608
0.7368,0.5385,0.6222,0.8263
0.6316,0.48,0.5455,0.8107
0.8421,0.6154,0.7111,0.9552
0.7368,0.4516,0.56,0.8346
0.5789,0.4583,0.5116,0.8359
0.7368,0.4516,0.56,0.8784
0.8947,0.6296,0.7391,0.96
0.8889,0.5161,0.6531,0.8977
0.8889,0.64,0.7442,0.9515
0.7895,0.4839,0.6,0.9094
0.7895,0.5172,0.625,0.8859
0.7895,0.5172,0.625,0.9047
0.8421,0.5714,0.6809,0.8502
0.8421,0.6154,0.7111,0.9474
0.7368,0.6087,0.6667,0.8872
0.6842,0.4643,0.5532,0.8295
0.8947,0.4595,0.6071,0.8918
0.6111,0.5789,0.5946,0.8957
0.7222,0.4483,0.5532,0.8535
0.6842,0.4483,0.5417,0.8304
0.8947,0.4857,0.6296,0.9119
0.7368,0.56,0.6364,0.8534
0.9474,0.5806,0.72,0.971
0.7368,0.56,0.6364,0.8703
0.6316,0.4138,0.5,0.834
0.7895,0.4688,0.5882,0.9165
0.8947,0.5862,0.7083,0.8907
0.7222,0.4483,0.5532,0.8537
0.6111,0.5789,0.5946,0.8501
0.6842,0.52,0.5909,0.8193
0.6842,0.5417,0.6047,0.8655
0.9474,0.5625,0.7059,0.9479
0.7368,0.5385,0.6222,0.9082
0.9474,0.72,0.8182,0.968
0.6842,0.4063,0.5098,0.83
0.8421,0.4444,0.5818,0.9178
0.6842,0.5909,0.6341,0.8212
0.6667,0.48,0.5581,0.8421
0.8333,0.4545,0.5882,0.8396
0.6842,0.4815,0.5652,0.8291
0.7895,0.5,0.6122,0.8963
0.6842,0.52,0.5909,0.8349
0.7368,0.4828,0.5833,0.8945
0.7895,0.6522,0.7143,0.9173
0.8421,0.4444,0.5818,0.899
0.7895,0.5357,0.6383,0.902
0.8421,0.5517,0.6667,0.9329
0.7895,0.5,0.6122,0.9259
0.6667,0.48,0.5581,0.8285
0.6667,0.4,0.5,0.807
0.8421,0.6957,0.7619,0.9372
0.7895,0.6,0.6818,0.9143
0.7368,0.4242,0.5385,0.7857
0.8947,0.4595,0.6071,0.8429
0.7895,0.6,0.6818,0.8797
0.7368,0.56,0.6364,0.9044
0.7895,0.5556,0.6522,0.9189
0.6111,0.44,0.5116,0.8149
0.8333,0.4839,0.6122,0.9011
0.7895,0.4545,0.5769,0.8991
0.6842,0.4333,0.5306,0.8045
0.6842,0.5417,0.6047,0.866
0.8947,0.4722,0.6182,0.9511
0.8421,0.5517,0.6667,0.9458
0.5789,0.4583,0.5116,0.8319
0.7368,0.5385,0.6222,0.8523
0.8947,0.5313,0.6667,0.9076
0.6667,0.48,0.5581,0.843
0.9444,0.4857,0.6415,0.892
0.8421,0.6667,0.7442,0.9677
0.8947,0.5,0.6415,0.8719
0.5789,0.4583,0.5116,0.8241
0.8421,0.4706,0.6038,0.855
0.8947,0.5862,0.7083,0.9353
0.8947,0.5313,0.6667,0.9157
0.8421,0.5714,0.6809,0.8875
0.7895,0.5172,0.625,0.8883
0.7778,0.4667,0.5833,0.8608
0.6111,0.4074,0.4889,0.8759
0.7368,0.5833,0.6512,0.9042
0.6842,0.52,0.5909,0.8335
0.6842,0.4643,0.5532,0.8553
0.8421,0.5926,0.6957,0.9117
0.7368,0.4118,0.5283,0.848
0.7368,0.6087,0.6667,0.8958
0.8947,0.5313,0.6667,0.9057
0.7368,0.5185,0.6087,0.8757
0.7222,0.4815,0.5778,0.8739
0.9444,0.5484,0.6939,0.9442
0.7368,0.4667,0.5714,0.9061
0.6842,0.4333,0.5306,0.8861
0.8421,0.5517,0.6667,0.8746
0.6842,0.4815,0.5652,0.8708
0.7895,0.5,0.6122,0.9025
0.7895,0.5172,0.625,0.8547
0.6316,0.48,0.5455,0.8926
0.8421,0.4571,0.5926,0.9211
0.6667,0.4615,0.5455,0.8688
0.7778,0.6667,0.7179,0.8909
0.6316,0.5,0.5581,0.8139
0.7368,0.5833,0.6512,0.8867
0.9474,0.6429,0.766,0.9444
0.7368,0.6087,0.6667,0.9068
0.6316,0.4286,0.5106,0.8542
0.8421,0.4211,0.5614,0.851
0.7895,0.6,0.6818,0.9009
0.8947,0.5667,0.6939,0.9143
0.7778,0.4516,0.5714,0.8662
0.6111,0.3667,0.4583,0.8498
0.8421,0.5333,0.6531,0.8755
0.6842,0.4643,0.5532,0.8649
0.8421,0.4848,0.6154,0.844
0.7895,0.5357,0.6383,0.9374
0.8421,0.6154,0.7111,0.9202
0.7368,0.4828,0.5833,0.8657
0.9474,0.5294,0.6792,0.9731
0.6842,0.5417,0.6047,0.8195
0.9444,0.6071,0.7391,0.9221
0.5556,0.3704,0.4444,0.767
0.5263,0.3571,0.4255,0.8017
0.7368,0.6364,0.6829,0.8926
0.7368,0.4516,0.56,0.8853
0.7368,0.5185,0.6087,0.8875
0.6316,0.5714,0.6,0.8281
0.8947,0.4359,0.5862,0.9015
0.7368,0.5385,0.6222,0.8749
0.7895,0.5,0.6122,0.8722
0.8333,0.4545,0.5882,0.8957
0.8889,0.5333,0.6667,0.9402
0.5789,0.4231,0.4889,0.8738
0.7368,0.5185,0.6087,0.8869
0.7368,0.4118,0.5283,0.8588
0.8421,0.5,0.6275,0.913
0.6316,0.4286,0.5106,0.8714
0.7895,0.6522,0.7143,0.9219
0.8421,0.6154,0.7111,0.9291
0.4737,0.3913,0.4286,0.7905
0.7778,0.5,0.6087,0.9036
0.8889,0.5161,0.6531,0.9042
0.6316,0.48,0.5455,0.7933
0.6842,0.52,0.5909,0.9227
0.6842,0.52,0.5909,0.855
0.8421,0.5517,0.6667,0.9353
0.7368,0.4516,0.56,0.8351
0.7368,0.5385,0.6222,0.9063
0.7895,0.625,0.6977,0.9227
0.7895,0.4412,0.566,0.8485
0.6667,0.48,0.5581,0.8523
0.6111,0.3548,0.449,0.7732
0.6316,0.7059,0.6667,0.9192
0.7895,0.5556,0.6522,0.9275
0.7368,0.56,0.6364,0.8711
0.7895,0.625,0.6977,0.9181
0.7368,0.4118,0.5283,0.8319
0.7895,0.5357,0.6383,0.8617
0.5789,0.4231,0.4889,0.8464
0.7368,0.5185,0.6087,0.8969
0.7222,0.5,0.5909,0.8379
0.7222,0.4333,0.5417,0.803
0.8947,0.5,0.6415,0.9379
0.7368,0.5,0.5957,0.8316
0.7895,0.6522,0.7143,0.9321
0.7895,0.4545,0.5769,0.9031
0.8421,0.5926,0.6957,0.9221
0.6316,0.48,0.5455,0.9004
0.7895,0.5556,0.6522,0.9041
0.7895,0.5357,0.6383,0.815
0.8947,0.5862,0.7083,0.9099
0.5556,0.5556,0.5556,0.8081
1.0,0.5625,0.72,0.949
0.8421,0.5517,0.6667,0.9178
0.7895,0.5769,0.6667,0.9143
0.6316,0.4286,0.5106,0.8335
0.7895,0.4545,0.5769,0.898
0.8421,0.4571,0.5926,0.9049
0.6842,0.5417,0.6047,0.8601
0.7895,0.625,0.6977,0.9162
0.6667,0.4615,0.5455,0.8217
0.8333,0.4839,0.6122,0.8679
0.8947,0.5862,0.7083,0.9297
0.5789,0.4074,0.4783,0.8829
0.7368,0.5385,0.6222,0.8571
0.6842,0.4643,0.5532,0.8171
0.7368,0.5,0.5957,0.881
0.8421,0.5714,0.6809,0.9071
0.8421,0.5926,0.6957,0.9535
0.7895,0.5556,0.6522,0.9004
0.8333,0.5172,0.6383,0.9062
0.6667,0.4138,0.5106,0.7798
0.7895,0.5,0.6122,0.8589
0.7368,0.4242,0.5385,0.8733
0.7895,0.5172,0.625,0.8751
0.7368,0.6087,0.6667,0.8816
0.7368,0.5185,0.6087,0.8604
0.8421,0.6154,0.7111,0.9224
0.7368,0.4516,0.56,0.9047
0.6842,0.3939,0.5,0.819
0.6842,0.5,0.5778,0.854
0.6111,0.5,0.55,0.8591
0.7778,0.4118,0.5385,0.898
0.7895,0.5556,0.6522,0.8767
0.8947,0.5484,0.68,0.9613
0.6316,0.5217,0.5714,0.8539
0.7895,0.5,0.6122,0.9119
0.8421,0.5,0.6275,0.8907
0.6842,0.4333,0.5306,0.851
0.7895,0.4286,0.5556,0.8765
0.7778,0.4667,0.5833,0.852
0.6667,0.4286,0.5217,0.837
0.9474,0.6429,0.766,0.9506
0.7895,0.5357,0.6383,0.9127
0.7895,0.5556,0.6522,0.9286
0.5789,0.55,0.5641,0.8459
0.7895,0.4286,0.5556,0.8448
0.7368,0.4516,0.56,0.8306
0.7895,0.4839,0.6,0.8934
0.8421,0.5333,0.6531,0.9063
0.7778,0.4828,0.5957,0.879
0.7778,0.4828,0.5957,0.8985
0.6316,0.6,0.6154,0.8646
0.7895,0.5,0.6122,0.9087
0.7895,0.5,0.6122,0.8835
0.6842,0.52,0.5909,0.8982
0.6842,0.4483,0.5417,0.8324
0.8421,0.5161,0.64,0.9197
0.7895,0.6,0.6818,0.8912
0.9474,0.5455,0.6923,0.9288
0.6111,0.5238,0.5641,0.8662
0.8333,0.4054,0.5455,0.8838
0.7895,0.5,0.6122,0.8576
0.8421,0.5161,0.64,0.8883
0.7368,0.4667,0.5714,0.8802
0.8421,0.64,0.7273,0.9162
0.7895,0.5,0.6122,0.8563
0.7368,0.6087,0.6667,0.8827
0.6316,0.4615,0.5333,0.8617
0.8421,0.5714,0.6809,0.9103
0.8333,0.6,0.6977,0.926
0.6667,0.4286,0.5217,0.8251
0.6842,0.4643,0.5532,0.8576
0.8421,0.5714,0.6809,0.9307
0.6316,0.4615,0.5333,0.8945
0.7895,0.5,0.6122,0.8802
0.8421,0.5714,0.6809,0.9253
0.6316,0.375,0.4706,0.8136
0.6842,0.4483,0.5417,0.8324
0.6316,0.5217,0.5714,0.8375
0.7778,0.6087,0.6829,0.9048
0.8889,0.5161,0.6531,0.9317
0.7368,0.5833,0.6512,0.9221
0.7895,0.4688,0.5882,0.8735
0.7368,0.5,0.5957,0.8714
0.7368,0.4375,0.549,0.8735
0.6842,0.5909,0.6341,0.8808
0.7895,0.6,0.6818,0.9176
0.9474,0.5143,0.6667,0.9229
0.7895,0.5769,0.6667,0.9135
0.7778,0.4516,0.5714,0.8767
0.7778,0.4516,0.5714,0.8668
0.6842,0.619,0.65,0.8888
0.8947,0.6071,0.7234,0.9039
0.7368,0.5385,0.6222,0.8886
0.8421,0.5333,0.6531,0.9103
0.6842,0.4483,0.5417,0.8445
0.7368,0.56,0.6364,0.8929
0.7368,0.56,0.6364,0.8134
0.8947,0.6071,0.7234,0.9283
0.8333,0.4167,0.5556,0.9082
0.8889,0.4444,0.5926,0.9099
0.5789,0.55,0.5641,0.742
0.8947,0.5484,0.68,0.92
0.8421,0.5517,0.6667,0.9283
0.8947,0.5,0.6415,0.9066
0.6316,0.5,0.5581,0.8894
0.7895,0.4545,0.5769,0.8115
0.7895,0.625,0.6977,0.9092
0.8421,0.5517,0.6667,0.9049
0.6111,0.6111,0.6111,0.8651
0.6111,0.4583,0.5238,0.7815
0.6316,0.48,0.5455,0.85
0.7895,0.4839,0.6,0.8746
0.6842,0.5,0.5778,0.8389
0.7895,0.5556,0.6522,0.9047
0.8947,0.5667,0.6939,0.938
0.8421,0.4848,0.6154,0.8408
0.7895,0.5172,0.625,0.9173
0.7895,0.625,0.6977,0.9487
0.7222,0.4643,0.5652,0.9036
0.7778,0.5833,0.6667,0.8761
0.5789,0.4074,0.4783,0.85
0.7895,0.5769,0.6667,0.8738
0.7895,0.4412,0.566,0.8934
0.7895,0.5,0.6122,0.8845
0.8421,0.6957,0.7619,0.9245
0.7895,0.625,0.6977,0.8332
0.5789,0.5,0.5366,0.8966
0.9474,0.5625,0.7059,0.957
0.7778,0.5,0.6087,0.9053
0.8333,0.5556,0.6667,0.8897
0.6316,0.4286,0.5106,0.8326
0.6316,0.4286,0.5106,0.8249
0.7895,0.75,0.7692,0.9232
0.6316,0.48,0.5455,0.8338
0.7368,0.6667,0.7,0.8853
0.6842,0.52,0.5909,0.8746
0.7895,0.5,0.6122,0.881
0.8421,0.4848,0.6154,0.9264
0.7778,0.4516,0.5714,0.8549
0.8333,0.4412,0.5769,0.8841
0.8421,0.5,0.6275,0.9002
0.7368,0.5,0.5957,0.8741
0.7895,0.5556,0.6522,0.8569
0.6842,0.4643,0.5532,0.8558
0.7895,0.4688,0.5882,0.8448
0.8421,0.5161,0.64,0.8827
0.8947,0.5667,0.6939,0.9401
0.7895,0.6818,0.7317,0.9009
0.7778,0.4242,0.549,0.8486
0.5556,0.5263,0.5405,0.8637
0.7368,0.4667,0.5714,0.9018
0.5789,0.6111,0.5946,0.8673
0.8947,0.5152,0.6538,0.9004
0.7895,0.6522,0.7143,0.8955
0.9474,0.5294,0.6792,0.9307
0.5263,0.4,0.4545,0.7154
0.7368,0.4667,0.5714,0.9157
0.6842,0.5652,0.619,0.8869
0.7222,0.3611,0.4815,0.8186
0.9444,0.5152,0.6667,0.928
0.7895,0.4286,0.5556,0.8114
0.8947,0.5484,0.68,0.9173
0.7895,0.5769,0.6667,0.877
0.7895,0.4286,0.5556,0.8657
0.8421,0.4848,0.6154,0.9111
0.8421,0.5714,0.6809,0.9372
0.5263,0.4348,0.4762,0.8631
0.8947,0.4722,0.6182,0.9157
0.8333,0.6,0.6977,0.8869
0.7222,0.52,0.6047,0.8756
0.5263,0.4348,0.4762,0.8342
0.7368,0.5833,0.6512,0.8714
0.7895,0.4545,0.5769,0.8923
0.8421,0.5,0.6275,0.8703
0.8421,0.4103,0.5517,0.9143
0.6316,0.4615,0.5333,0.837
0.7368,0.4516,0.56,0.9052
0.7895,0.6522,0.7143,0.8606
0.7222,0.5652,0.6341,0.9235
0.7222,0.52,0.6047,0.8926
0.7895,0.5,0.6122,0.8399
0.7895,0.4545,0.5769,0.8958
0.5789,0.44,0.5,0.837
0.5789,0.6471,0.6111,0.805
0.6316,0.5,0.5581,0.8526
0.8421,0.5517,0.6667,0.9135
0.6842,0.4333,0.5306,0.7645
0.8421,0.5,0.6275,0.891
0.8333,0.5,0.625,0.9127
0.8333,0.4688,0.6,0.8858
0.7895,0.5,0.6122,0.8996
0.7895,0.5,0.6122,0.9318
0.7368,0.56,0.6364,0.8789
0.8421,0.5333,0.6531,0.924
0.7368,0.5385,0.6222,0.8765
0.7368,0.4667,0.5714,0.8902
0.7895,0.5,0.6122,0.8929
0.6316,0.4286,0.5106,0.8099
0.8421,0.6154,0.7111,0.9227
0.7222,0.4643,0.5652,0.8194
0.9444,0.4474,0.6071,0.879
0.8421,0.5333,0.6531,0.906
0.8421,0.5926,0.6957,0.9278
0.7895,0.5,0.6122,0.8673
0.6842,0.4194,0.52,0.8711
0.8947,0.5,0.6415,0.9138
0.6842,0.5,0.5778,0.8708
0.5789,0.44,0.5,0.8523
0.8333,0.5769,0.6818,0.9572
0.5556,0.4348,0.4878,0.8424
0.7368,0.4828,0.5833,0.8861
0.6316,0.4615,0.5333,0.8622
0.7368,0.6364,0.6829,0.9219
0.6316,0.4286,0.5106,0.8021
0.7895,0.5,0.6122,0.9221
0.6842,0.4194,0.52,0.8464
0.6316,0.5217,0.5714,0.8719
0.7368,0.5,0.5957,0.8308
0.6842,0.4483,0.5417,0.8519
0.8333,0.4412,0.5769,0.9269
0.8333,0.5357,0.6522,0.9016
0.7895,0.5172,0.625,0.8488
0.9474,0.6207,0.75,0.9627
0.5263,0.5,0.5128,0.8719
0.7368,0.4375,0.549,0.8784
0.6842,0.5652,0.619,0.9106
0.7368,0.4242,0.5385,0.8553
0.7895,0.5769,0.6667,0.9039
0.8421,0.5161,0.64,0.9154
0.7222,0.5652,0.6341,0.8713
0.8889,0.3902,0.5424,0.8965
0.7895,0.4167,0.5455,0.844
0.6842,0.5417,0.6047,0.9302
0.9474,0.5294,0.6792,0.8861
0.8421,0.4,0.5424,0.8655
0.8421,0.5,0.6275,0.8961
0.5789,0.55,0.5641,0.8767
0.7895,0.4839,0.6,0.8784
0.6667,0.4615,0.5455,0.8169
0.8889,0.5926,0.7111,0.9291
0.8421,0.5517,0.6667,0.898
0.6842,0.5,0.5778,0.837
0.5789,0.4783,0.5238,0.8206
0.6842,0.5,0.5778,0.8671
0.8421,0.4706,0.6038,0.9219
0.7368,0.4667,0.5714,0.8853
0.8947,0.5484,0.68,0.9415
0.8947,0.6538,0.7556,0.9353
0.8333,0.4412,0.5769,0.8914
0.7778,0.5833,0.6667,0.9249
0.7368,0.4828,0.5833,0.7992
0.8421,0.4324,0.5714,0.8776
0.7368,0.56,0.6364,0.8869
0.7895,0.5556,0.6522,0.9057
0.7895,0.5769,0.6667,0.9331
0.9474,0.6923,0.8,0.927
0.6316,0.6,0.6154,0.8633
0.8947,0.4857,0.6296,0.9248
0.7222,0.4643,0.5652,0.8937
0.8333,0.4688,0.6,0.9062
0.4737,0.4286,0.45,0.7781
0.7368,0.3684,0.4912,0.8308
0.7368,0.5,0.5957,0.8284
0.9474,0.5806,0.72,0.9181
0.7368,0.5185,0.6087,0.9237
0.8947,0.5667,0.6939,0.9184
0.7895,0.4839,0.6,0.9098
0.7368,0.56,0.6364,0.8851
0.6667,0.5,0.5714,0.8594
0.8333,0.5357,0.6522,0.9385
0.5789,0.4231,0.4889,0.78
0.8947,0.5862,0.7083,0.9098
0.6316,0.3871,0.48,0.8703
0.6842,0.4483,0.5417,0.8609
0.7895,0.5,0.6122,0.8896
0.7368,0.5,0.5957,0.9211
0.7895,0.5769,0.6667,0.8837
0.8947,0.5152,0.6538,0.9157
0.6111,0.4231,0.5,0.8313
0.8333,0.6522,0.7317,0.9405
0.5263,0.3704,0.4348,0.7328
0.7895,0.5556,0.6522,0.8754
0.8421,0.5926,0.6957,0.9243
0.7368,0.4242,0.5385,0.8402
0.8421,0.5333,0.6531,0.8996
0.5789,0.4583,0.5116,0.8279
0.7895,0.4839,0.6,0.8859
0.7368,0.5,0.5957,0.8024
0.8333,0.5556,0.6667,0.9076
0.7778,0.4828,0.5957,0.875
0.8421,0.5333,0.6531,0.9088
0.8421,0.5161,0.64,0.8813
0.6316,0.5455,0.5854,0.8724
0.8947,0.6071,0.7234,0.9573
0.7368,0.6364,0.6829,0.8953
0.7895,0.5556,0.6522,0.8502
0.8421,0.5333,0.6531,0.8708
0.6842,0.4815,0.5652,0.8179
0.6111,0.3929,0.4783,0.8634
0.7222,0.5417,0.619,0.8872
0.8421,0.5517,0.6667,0.8972
0.8947,0.5313,0.6667,0.9184
0.7368,0.4516,0.56,0.8582
0.7895,0.5357,0.6383,0.939
0.5789,0.4231,0.4889,0.7854
0.7895,0.6,0.6818,0.9157
0.7368,0.5185,0.6087,0.8373
0.7368,0.5,0.5957,0.8332
0.7778,0.4828,0.5957,0.8608
0.7778,0.4375,0.56,0.8569
0.8947,0.5862,0.7083,0.9607
0.8947,0.6538,0.7556,0.9052
0.7368,0.4242,0.5385,0.8655
0.6842,0.4333,0.5306,0.8746
0.7895,0.5556,0.6522,0.9117
0.6842,0.4643,0.5532,0.8504
0.6842,0.52,0.5909,0.834
0.8947,0.5,0.6415,0.9423
0.7222,0.5652,0.6341,0.8787
0.6667,0.4,0.5,0.8211
0.8421,0.5,0.6275,0.9474
1.0,0.5758,0.7308,0.9334
0.6316,0.5217,0.5714,0.8926
0.5263,0.4762,0.5,0.7728
0.8421,0.5,0.6275,0.9076
0.7895,0.5,0.6122,0.8711
0.7368,0.4516,0.56,0.8131
0.7368,0.56,0.6364,0.9114
0.7222,0.5417,0.619,0.8982
0.8889,0.4848,0.6275,0.9396
0.6842,0.4643,0.5532,0.8684
0.7895,0.5769,0.6667,0.899
0.7895,0.5172,0.625,0.9262
0.6842,0.5909,0.6341,0.8958
0.8947,0.5862,0.7083,0.9251
0.6842,0.4815,0.5652,0.7871
0.6316,0.5455,0.5854,0.8588
0.8421,0.5,0.6275,0.8886
0.6842,0.5417,0.6047,0.9056
0.8333,0.4688,0.6,0.9011
0.5556,0.3226,0.4082,0.8194
0.8947,0.5313,0.6667,0.9001
0.7368,0.5385,0.6222,0.9031
0.6316,0.5455,0.5854,0.8367
0.8421,0.5517,0.6667,0.9039
0.8421,0.5333,0.6531,0.8625
0.8947,0.5313,0.6667,0.9441
0.7895,0.5357,0.6383,0.8738
0.6667,0.5,0.5714,0.8557
0.8333,0.5172,0.6383,0.8982
0.6842,0.4483,0.5417,0.8256
0.8421,0.4848,0.6154,0.9114
0.6842,0.5652,0.619,0.8896
0.7368,0.3889,0.5091,0.8816
0.7368,0.4828,0.5833,0.8754
0.7368,0.5185,0.6087,0.8265
0.6842,0.5,0.5778,0.8518
0.5789,0.44,0.5,0.8448
0.8889,0.5517,0.6809,0.9408
0.8333,0.5,0.625,0.8861
0.8947,0.5667,0.6939,0.917
0.8421,0.4103,0.5517,0.8953
0.7895,0.6,0.6818,0.8722
0.7895,0.5357,0.6383,0.9221
0.5263,0.5263,0.5263,0.7505
0.8421,0.4706,0.6038,0.8856
0.8421,0.5714,0.6809,0.9398
0.7368,0.4828,0.5833,0.8432
0.7778,0.4667,0.5833,0.8801
0.7778,0.7,0.7368,0.9399
0.7895,0.4688,0.5882,0.8974
0.7368,0.5833,0.6512,0.9004
0.7895,0.4839,0.6,0.9342
0.6316,0.5217,0.5714,0.8711
0.8947,0.4857,0.6296,0.9173
0.8421,0.4706,0.6038,0.8754
0.8421,0.5926,0.6957,0.9307
0.6842,0.52,0.5909,0.8432
0.6667,0.4615,0.5455,0.875
0.6667,0.4138,0.5106,0.8447
0.7895,0.7143,0.75,0.9078
0.8947,0.5313,0.6667,0.9068
0.6842,0.4063,0.5098,0.7989
0.3158,0.4,0.3529,0.7476
0.7895,0.4412,0.566,0.8649
0.7895,0.5556,0.6522,0.9401
0.9474,0.5625,0.7059,0.9817
0.8947,0.5862,0.7083,0.949
0.7222,0.5,0.5909,0.8418
0.7222,0.4194,0.5306,0.816
0.6316,0.5455,0.5854,0.8535
0.8421,0.5926,0.6957,0.92
0.8421,0.5161,0.64,0.9283
0.6842,0.4643,0.5532,0.8821
0.7368,0.6364,0.6829,0.8859
0.6842,0.4194,0.52,0.8209
0.7895,0.4412,0.566,0.8813
0.7368,0.5833,0.6512,0.8805
0.7222,0.4815,0.5778,0.8784
0.7778,0.5833,0.6667,0.9416
0.8421,0.5161,0.64,0.8825
