RUSBag
1.0,0.4898,0.6575,0.9673
1.0,0.4902,0.6579,0.9686
0.96,0.5455,0.6957,0.9663
0.96,0.4898,0.6486,0.9731
1.0,0.4706,0.64,0.9731
1.0,0.5333,0.6957,0.9883
1.0,0.48,0.6486,0.9709
0.9583,0.6216,0.7541,0.9713
0.9167,0.5238,0.6667,0.9654
0.9583,0.4694,0.6301,0.9538
0.9167,0.4681,0.6197,0.9471
0.92,0.5897,0.7188,0.966
0.96,0.4898,0.6486,0.9544
1.0,0.5208,0.6849,0.9786
1.0,0.48,0.6486,0.983
1.0,0.5455,0.7059,0.9799
1.0,0.5217,0.6857,0.9528
1.0,0.4615,0.6316,0.9554
1.0,0.5333,0.6957,0.9824
1.0,0.4528,0.6234,0.9659
1.0,0.48,0.6486,0.9624
1.0,0.4464,0.6173,0.9535
0.96,0.5455,0.6957,0.9811
0.96,0.5455,0.6957,0.9677
0.875,0.4375,0.5833,0.9327
1.0,0.5714,0.7273,0.9852
0.9583,0.561,0.7077,0.973
0.9583,0.5349,0.6866,0.9684
1.0,0.4364,0.6076,0.9642
0.9583,0.6053,0.7419,0.9826
0.9583,0.4792,0.6389,0.9703
1.0,0.5435,0.7042,0.9807
0.96,0.5217,0.6761,0.977
1.0,0.4902,0.6579,0.979
0.9583,0.5227,0.6765,0.969
1.0,0.5,0.6667,0.9681
1.0,0.5455,0.7059,0.9695
0.9583,0.5476,0.697,0.9691
0.8333,0.5263,0.6452,0.9581
1.0,0.4528,0.6234,0.9555
1.0,0.4364,0.6076,0.9824
0.92,0.5897,0.7188,0.9721
1.0,0.463,0.6329,0.9459
1.0,0.4808,0.6494,0.9412
0.9583,0.4894,0.6479,0.9581
1.0,0.5106,0.6761,0.9789
0.9583,0.4792,0.6389,0.9772
1.0,0.5106,0.6761,0.9767
0.9583,0.561,0.7077,0.97
1.0,0.5854,0.7385,0.982
0.9583,0.4894,0.6479,0.9526
1.0,0.5682,0.7246,0.9754
1.0,0.5435,0.7042,0.9591
1.0,0.5319,0.6944,0.9702
1.0,0.4444,0.6154,0.9549
1.0,0.5854,0.7385,0.9744
0.9583,0.4894,0.6479,0.9706
0.9583,0.4894,0.6479,0.9673
1.0,0.4706,0.64,0.9688
1.0,0.48,0.6486,0.9774
0.9583,0.5227,0.6765,0.9642
0.96,0.4706,0.6316,0.9558
0.96,0.5854,0.7273,0.9743
1.0,0.4386,0.6098,0.96
1.0,0.4364,0.6076,0.9622
1.0,0.6154,0.7619,0.9807
1.0,0.4898,0.6575,0.9793
1.0,0.5455,0.7059,0.9649
1.0,0.4528,0.6234,0.9536
0.9167,0.6111,0.7333,0.9724
0.9583,0.5349,0.6866,0.9762
0.96,0.5333,0.6857,0.9727
0.96,0.4898,0.6486,0.9694
0.92,0.575,0.7077,0.9728
0.9583,0.5227,0.6765,0.9789
1.0,0.6,0.75,0.9653
1.0,0.4706,0.64,0.9516
1.0,0.4211,0.5926,0.9673
1.0,0.5,0.6667,0.9767
1.0,0.5,0.6667,0.9596
0.9583,0.5349,0.6866,0.9586
1.0,0.4808,0.6494,0.9758
0.96,0.5333,0.6857,0.9704
1.0,0.5319,0.6944,0.9827
1.0,0.5217,0.6857,0.9725
0.9583,0.561,0.7077,0.9734
1.0,0.4528,0.6234,0.9828
1.0,0.4528,0.6234,0.954
1.0,0.48,0.6486,0.9646
1.0,0.5455,0.7059,0.9518
0.9167,0.5,0.6471,0.9563
0.96,0.5106,0.6667,0.9485
0.92,0.4894,0.6389,0.9606
1.0,0.4808,0.6494,0.9627
1.0,0.5217,0.6857,0.9857
0.9583,0.5476,0.697,0.9693
0.9583,0.5,0.6571,0.9751
1.0,0.4898,0.6575,0.9775
0.9167,0.4681,0.6197,0.9577
1.0,0.5455,0.7059,0.9771
1.0,0.5106,0.6761,0.9645
1.0,0.5435,0.7042,0.9751
0.96,0.5455,0.6957,0.9662
1.0,0.5556,0.7143,0.9822
0.9583,0.5111,0.6667,0.9577
1.0,0.4706,0.64,0.9698
0.9583,0.46,0.6216,0.9533
1.0,0.5106,0.6761,0.9648
0.9583,0.5227,0.6765,0.9724
1.0,0.4444,0.6154,0.9806
0.9583,0.5349,0.6866,0.9888
0.92,0.5,0.6479,0.9531
1.0,0.4386,0.6098,0.9704
0.92,0.4423,0.5974,0.9667
1.0,0.48,0.6486,0.9826
1.0,0.5455,0.7059,0.978
0.9583,0.5227,0.6765,0.957
0.9583,0.6053,0.7419,0.9651
1.0,0.5106,0.6761,0.9637
0.9583,0.451,0.6133,0.9637
0.9167,0.5116,0.6567,0.977
1.0,0.6098,0.7576,0.981
1.0,0.4902,0.6579,0.9726
0.96,0.4286,0.5926,0.9675
0.9583,0.5476,0.697,0.9799
1.0,0.4898,0.6575,0.9465
1.0,0.4364,0.6076,0.9522
0.9167,0.5641,0.6984,0.9597
1.0,0.48,0.6486,0.9866
0.9583,0.4894,0.6479,0.9554
1.0,0.5217,0.6857,0.9753
0.96,0.4444,0.6076,0.9569
0.92,0.561,0.697,0.959
0.96,0.6,0.7385,0.9733
1.0,0.5333,0.6957,0.9785
1.0,0.5106,0.6761,0.9694
1.0,0.4364,0.6076,0.9766
0.875,0.5,0.6364,0.9624
1.0,0.5333,0.6957,0.9657
0.9583,0.4694,0.6301,0.9529
0.875,0.4667,0.6087,0.9503
1.0,0.6098,0.7576,0.9723
1.0,0.4902,0.6579,0.957
0.96,0.5455,0.6957,0.9783
1.0,0.5714,0.7273,0.9847
0.9167,0.5116,0.6567,0.961
1.0,0.4138,0.5854,0.9501
1.0,0.5217,0.6857,0.9682
1.0,0.5333,0.6957,0.9702
1.0,0.4615,0.6316,0.9632
0.875,0.4773,0.6176,0.9554
1.0,0.5435,0.7042,0.9665
1.0,0.5682,0.7246,0.983
1.0,0.5814,0.7353,0.9712
1.0,0.5217,0.6857,0.9648
1.0,0.4898,0.6575,0.9832
0.9583,0.46,0.6216,0.9541
0.9167,0.4681,0.6197,0.9482
1.0,0.4138,0.5854,0.9621
0.9583,0.561,0.7077,0.9826
1.0,0.4898,0.6575,0.9683
1.0,0.4464,0.6173,0.9663
0.92,0.4894,0.6389,0.9577
1.0,0.5208,0.6849,0.9756
1.0,0.5455,0.7059,0.9739
0.9167,0.5366,0.6769,0.973
0.9583,0.5476,0.697,0.9648
0.9583,0.451,0.6133,0.9651
0.9583,0.5227,0.6765,0.9654
1.0,0.6,0.75,0.9756
0.9583,0.5349,0.6866,0.9624
1.0,0.4545,0.625,0.9599
0.96,0.5854,0.7273,0.9719
1.0,0.625,0.7692,0.9575
1.0,0.5,0.6667,0.9618
0.9583,0.4894,0.6479,0.9698
1.0,0.5455,0.7059,0.982
1.0,0.48,0.6486,0.9756
1.0,0.4364,0.6076,0.982
1.0,0.5217,0.6857,0.972
1.0,0.48,0.6486,0.9603
1.0,0.463,0.6329,0.9527
1.0,0.5208,0.6849,0.9738
1.0,0.4717,0.641,0.9593
1.0,0.4898,0.6575,0.982
0.875,0.4884,0.6269,0.9619
1.0,0.5455,0.7059,0.9859
0.9167,0.5116,0.6567,0.9639
0.9583,0.6053,0.7419,0.9781
1.0,0.48,0.6486,0.9722
0.875,0.5122,0.6462,0.951
0.96,0.5333,0.6857,0.9821
0.96,0.5714,0.7164,0.9586
0.96,0.5455,0.6957,0.957
1.0,0.5106,0.6761,0.977
1.0,0.5,0.6667,0.982
1.0,0.4706,0.64,0.978
1.0,0.5333,0.6957,0.9725
0.9583,0.4894,0.6479,0.9686
1.0,0.4286,0.6,0.9699
0.9583,0.5476,0.697,0.9686
1.0,0.4237,0.5952,0.9626
0.88,0.5238,0.6567,0.9646
1.0,0.5682,0.7246,0.9722
1.0,0.5333,0.6957,0.9536
0.9583,0.46,0.6216,0.9758
1.0,0.4898,0.6575,0.9554
0.9167,0.5366,0.6769,0.9709
1.0,0.4898,0.6575,0.9709
1.0,0.5106,0.6761,0.9676
1.0,0.48,0.6486,0.9789
0.88,0.4783,0.6197,0.9598
0.92,0.6216,0.7419,0.9684
0.96,0.6154,0.75,0.9807
0.9583,0.4894,0.6479,0.9658
0.9583,0.451,0.6133,0.9763
1.0,0.5,0.6667,0.9713
0.9583,0.451,0.6133,0.9605
1.0,0.5,0.6667,0.9612
0.9583,0.5227,0.6765,0.9655
0.875,0.3889,0.5385,0.9353
0.96,0.5106,0.6667,0.9604
0.96,0.5,0.6575,0.9709
0.96,0.5,0.6575,0.974
0.875,0.4667,0.6087,0.9531
1.0,0.5,0.6667,0.9811
0.9583,0.5227,0.6765,0.9582
0.9583,0.5349,0.6866,0.9715
0.9583,0.575,0.7188,0.9738
1.0,0.5106,0.6761,0.9879
0.9167,0.5,0.6471,0.9679
0.96,0.5333,0.6857,0.9484
1.0,0.5,0.6667,0.9828
1.0,0.5,0.6667,0.9719
0.875,0.4773,0.6176,0.9506
1.0,0.5217,0.6857,0.9825
1.0,0.5,0.6667,0.9729
0.9167,0.5238,0.6667,0.9761
0.9583,0.561,0.7077,0.9706
0.9167,0.4583,0.6111,0.9551
1.0,0.5854,0.7385,0.9859
1.0,0.5102,0.6757,0.966
1.0,0.6098,0.7576,0.9878
0.96,0.5217,0.6761,0.966
0.9583,0.4894,0.6479,0.97
1.0,0.5455,0.7059,0.9655
1.0,0.4138,0.5854,0.9421
1.0,0.5714,0.7273,0.9794
0.9583,0.4792,0.6389,0.9252
0.9167,0.4151,0.5714,0.9498
1.0,0.6098,0.7576,0.9711
0.96,0.4444,0.6076,0.9428
0.96,0.5455,0.6957,0.9689
0.875,0.5676,0.6885,0.9701
0.9583,0.5,0.6571,0.9689
1.0,0.5333,0.6957,0.9733
0.9583,0.4694,0.6301,0.9624
1.0,0.48,0.6486,0.9601
1.0,0.4898,0.6575,0.9707
1.0,0.5455,0.7059,0.9832
1.0,0.5556,0.7143,0.9677
0.84,0.4884,0.6176,0.96
1.0,0.4464,0.6173,0.9838
0.9583,0.451,0.6133,0.9618
0.9583,0.5897,0.7302,0.9733
0.9583,0.4894,0.6479,0.9747
1.0,0.4615,0.6316,0.9561
1.0,0.4706,0.64,0.9552
1.0,0.5,0.6667,0.9597
1.0,0.5333,0.6957,0.9834
0.9583,0.5227,0.6765,0.9686
1.0,0.5102,0.6757,0.9496
0.96,0.4211,0.5854,0.9554
0.96,0.4706,0.6316,0.9552
1.0,0.5854,0.7385,0.9901
1.0,0.5,0.6667,0.9788
1.0,0.5581,0.7164,0.9747
0.9583,0.4792,0.6389,0.9669
0.9583,0.5,0.6571,0.9623
1.0,0.5,0.6667,0.9812
1.0,0.4706,0.64,0.9879
1.0,0.4464,0.6173,0.9743
1.0,0.625,0.7692,0.9706
0.92,0.5227,0.6667,0.956
1.0,0.5,0.6667,0.9736
1.0,0.5106,0.6761,0.9734
1.0,0.6316,0.7742,0.9828
0.9167,0.4681,0.6197,0.9707
0.9583,0.5,0.6571,0.946
1.0,0.5217,0.6857,0.9667
0.9583,0.4182,0.5823,0.9542
1.0,0.4808,0.6494,0.9794
1.0,0.5814,0.7353,0.9784
0.96,0.48,0.64,0.9499
0.9583,0.4792,0.6389,0.9519
0.9167,0.5946,0.7213,0.968
1.0,0.5581,0.7164,0.9646
0.9583,0.5476,0.697,0.9785
1.0,0.5455,0.7059,0.9871
1.0,0.4706,0.64,0.9747
0.9583,0.5227,0.6765,0.9695
1.0,0.5556,0.7143,0.9756
1.0,0.4902,0.6579,0.9653
0.96,0.5455,0.6957,0.9537
1.0,0.5333,0.6957,0.974
1.0,0.4898,0.6575,0.9708
1.0,0.4211,0.5926,0.9712
0.9583,0.4694,0.6301,0.9678
0.9583,0.5,0.6571,0.957
0.9167,0.5946,0.7213,0.9772
1.0,0.5714,0.7273,0.9756
0.96,0.5333,0.6857,0.9548
0.96,0.5714,0.7164,0.9651
1.0,0.4717,0.641,0.9559
1.0,0.4898,0.6575,0.9817
0.9583,0.5227,0.6765,0.9677
1.0,0.5455,0.7059,0.9799
0.9583,0.5111,0.6667,0.964
1.0,0.48,0.6486,0.9731
1.0,0.4706,0.64,0.9878
1.0,0.5217,0.6857,0.9707
0.92,0.4792,0.6301,0.9548
0.96,0.5714,0.7164,0.9712
0.92,0.5349,0.6765,0.9759
1.0,0.6316,0.7742,0.9735
1.0,0.4528,0.6234,0.9663
0.9583,0.451,0.6133,0.9556
1.0,0.5106,0.6761,0.9823
0.9583,0.434,0.5974,0.9501
1.0,0.5854,0.7385,0.9834
1.0,0.5102,0.6757,0.9857
1.0,0.5814,0.7353,0.9728
0.96,0.4706,0.6316,0.9614
1.0,0.4444,0.6154,0.9752
0.8333,0.4545,0.5882,0.9411
0.9583,0.561,0.7077,0.9662
1.0,0.4898,0.6575,0.9673
1.0,0.6,0.75,0.9745
0.875,0.525,0.6563,0.9606
0.9583,0.46,0.6216,0.9644
1.0,0.48,0.6486,0.9712
1.0,0.5952,0.7463,0.9822
1.0,0.5,0.6667,0.9691
1.0,0.5435,0.7042,0.9677
1.0,0.4706,0.64,0.9735
0.9583,0.46,0.6216,0.9591
0.9167,0.4681,0.6197,0.9482
0.9583,0.5227,0.6765,0.9633
0.9583,0.5,0.6571,0.9641
1.0,0.5333,0.6957,0.9798
0.875,0.4565,0.6,0.9441
0.96,0.4068,0.5714,0.9536
0.92,0.6216,0.7419,0.9768
0.96,0.4138,0.5783,0.9701
1.0,0.5106,0.6761,0.9667
1.0,0.5217,0.6857,0.9642
0.9583,0.561,0.7077,0.9817
1.0,0.5455,0.7059,0.9835
0.9167,0.4783,0.6286,0.9655
1.0,0.5217,0.6857,0.9814
0.875,0.42,0.5676,0.9427
1.0,0.5208,0.6849,0.9662
0.96,0.5217,0.6761,0.9696
1.0,0.5814,0.7353,0.99
0.9583,0.5227,0.6765,0.9688
0.9583,0.561,0.7077,0.9675
1.0,0.5217,0.6857,0.9561
1.0,0.5217,0.6857,0.9859
1.0,0.48,0.6486,0.9749
0.9583,0.4259,0.5897,0.9435
1.0,0.5102,0.6757,0.9746
1.0,0.5,0.6667,0.9731
0.88,0.4681,0.6111,0.9428
0.9583,0.46,0.6216,0.9486
1.0,0.5581,0.7164,0.9803
0.9167,0.5789,0.7097,0.9672
1.0,0.5217,0.6857,0.9645
1.0,0.5854,0.7385,0.9699
1.0,0.4444,0.6154,0.9798
1.0,0.5,0.6667,0.981
0.9167,0.4151,0.5714,0.9555
0.92,0.46,0.6133,0.9591
1.0,0.5,0.6667,0.9763
0.92,0.5476,0.6866,0.9598
0.9583,0.6216,0.7541,0.983
1.0,0.5714,0.7273,0.9595
1.0,0.5714,0.7273,0.9792
1.0,0.4444,0.6154,0.9742
1.0,0.4706,0.64,0.951
0.8333,0.5405,0.6557,0.9673
1.0,0.5581,0.7164,0.9772
0.92,0.561,0.697,0.9691
0.96,0.48,0.64,0.9438
1.0,0.4237,0.5952,0.9731
0.9583,0.5,0.6571,0.9603
0.9583,0.5476,0.697,0.9788
0.9583,0.4792,0.6389,0.9716
0.9167,0.449,0.6027,0.9311
1.0,0.5333,0.6957,0.9852
1.0,0.6,0.75,0.9788
0.9583,0.4894,0.6479,0.9622
1.0,0.4386,0.6098,0.9478
1.0,0.5102,0.6757,0.966
0.92,0.5,0.6479,0.9741
1.0,0.5333,0.6957,0.9733
0.9583,0.575,0.7188,0.9833
1.0,0.4706,0.64,0.9794
0.9583,0.5349,0.6866,0.9712
1.0,0.5106,0.6761,0.9624
0.9583,0.5,0.6571,0.9756
0.96,0.5333,0.6857,0.9763
0.96,0.5455,0.6957,0.9607
1.0,0.4464,0.6173,0.9646
0.9583,0.46,0.6216,0.9487
1.0,0.5217,0.6857,0.9758
1.0,0.4615,0.6316,0.9749
1.0,0.5714,0.7273,0.9797
0.9583,0.5,0.6571,0.9604
0.9583,0.5476,0.697,0.9779
0.9167,0.4889,0.6377,0.9559
0.875,0.4884,0.6269,0.9463
0.96,0.5854,0.7273,0.9736
1.0,0.5435,0.7042,0.9747
0.92,0.5349,0.6765,0.9554
1.0,0.4706,0.64,0.9632
0.9583,0.5111,0.6667,0.9751
1.0,0.4528,0.6234,0.9641
1.0,0.5106,0.6761,0.972
1.0,0.4615,0.6316,0.972
0.9583,0.5227,0.6765,0.9789
0.96,0.5714,0.7164,0.9684
0.96,0.5,0.6575,0.9601
1.0,0.5556,0.7143,0.9756
1.0,0.4528,0.6234,0.9652
1.0,0.48,0.6486,0.9682
1.0,0.5455,0.7059,0.9825
1.0,0.4444,0.6154,0.9662
1.0,0.5,0.6667,0.9715
1.0,0.48,0.6486,0.9624
0.9583,0.4792,0.6389,0.9588
0.9583,0.5111,0.6667,0.9634
0.96,0.5581,0.7059,0.968
0.96,0.5217,0.6761,0.963
1.0,0.4808,0.6494,0.9517
1.0,0.5217,0.6857,0.9676
0.9583,0.4694,0.6301,0.973
1.0,0.5217,0.6857,0.969
0.9167,0.4681,0.6197,0.9531
1.0,0.5455,0.7059,0.9812
1.0,0.5106,0.6761,0.9794
0.9167,0.4681,0.6197,0.951
0.96,0.5106,0.6667,0.9738
0.96,0.5854,0.7273,0.979
1.0,0.4808,0.6494,0.982
0.9583,0.5,0.6571,0.9478
1.0,0.6,0.75,0.9784
1.0,0.5106,0.6761,0.9792
0.9583,0.5111,0.6667,0.9583
0.9583,0.5227,0.6765,0.9655
0.9583,0.4792,0.6389,0.9653
1.0,0.48,0.6486,0.9556
1.0,0.5,0.6667,0.959
0.96,0.5854,0.7273,0.9814
1.0,0.4717,0.641,0.9573
1.0,0.48,0.6486,0.9722
1.0,0.5581,0.7164,0.9582
1.0,0.4898,0.6575,0.9678
0.9583,0.4694,0.6301,0.9802
0.9583,0.6053,0.7419,0.9756
1.0,0.5581,0.7164,0.9678
0.9583,0.451,0.6133,0.9769
1.0,0.5556,0.7143,0.9696
0.92,0.5,0.6479,0.972
1.0,0.5682,0.7246,0.9689
1.0,0.5,0.6667,0.9744
0.9583,0.451,0.6133,0.9609
1.0,0.5217,0.6857,0.9618
0.9583,0.4894,0.6479,0.9596
0.9167,0.5,0.6471,0.9688
0.9583,0.5227,0.6765,0.9568
1.0,0.4211,0.5926,0.9609
1.0,0.5,0.6667,0.9559
0.96,0.5455,0.6957,0.9654
0.96,0.5106,0.6667,0.9736
0.9583,0.5349,0.6866,0.9704
0.9583,0.5,0.6571,0.9681
1.0,0.4615,0.6316,0.9678
0.9583,0.5,0.6571,0.9739
0.9167,0.4681,0.6197,0.9636
0.9583,0.575,0.7188,0.9742
1.0,0.5106,0.6761,0.9748
0.96,0.5333,0.6857,0.9717
1.0,0.4808,0.6494,0.9694
1.0,0.5435,0.7042,0.951
0.875,0.4565,0.6,0.9483
0.875,0.4773,0.6176,0.9552
0.9583,0.575,0.7188,0.9745
0.9583,0.5476,0.697,0.9733
1.0,0.4615,0.6316,0.9817
1.0,0.5,0.6667,0.9771
0.9583,0.575,0.7188,0.9771
0.96,0.4706,0.6316,0.9756
1.0,0.4098,0.5814,0.9475
0.92,0.561,0.697,0.9596
0.9583,0.4894,0.6479,0.9465
0.9583,0.451,0.6133,0.9578
1.0,0.5106,0.6761,0.9896
1.0,0.5,0.6667,0.9879
1.0,0.5854,0.7385,0.9835
0.9583,0.575,0.7188,0.9766
1.0,0.5333,0.6957,0.9866
0.96,0.5333,0.6857,0.9767
1.0,0.4237,0.5952,0.9437
1.0,0.5,0.6667,0.9494
0.9167,0.7097,0.8,0.9792
1.0,0.4364,0.6076,0.9572
0.9583,0.5349,0.6866,0.9715
1.0,0.4898,0.6575,0.9756
1.0,0.5217,0.6857,0.9749
1.0,0.4211,0.5926,0.9408
1.0,0.5,0.6667,0.9582
1.0,0.4717,0.641,0.984
0.92,0.5227,0.6667,0.9736
0.96,0.5106,0.6667,0.9681
0.9583,0.5349,0.6866,0.9761
1.0,0.4706,0.64,0.9678
1.0,0.4898,0.6575,0.954
1.0,0.5217,0.6857,0.9688
0.9167,0.4783,0.6286,0.9434
0.9583,0.6053,0.7419,0.9774
1.0,0.4444,0.6154,0.9715
0.96,0.5581,0.7059,0.9715
1.0,0.5102,0.6757,0.9516
1.0,0.5,0.6667,0.973
0.9583,0.5897,0.7302,0.9758
1.0,0.48,0.6486,0.9586
0.9583,0.5,0.6571,0.9754
1.0,0.4898,0.6575,0.9708
0.9583,0.561,0.7077,0.9715
0.9167,0.4681,0.6197,0.9588
0.9167,0.5238,0.6667,0.9565
0.96,0.4706,0.6316,0.9693
0.96,0.5455,0.6957,0.9674
1.0,0.5435,0.7042,0.9765
0.9583,0.4423,0.6053,0.9612
0.9583,0.4694,0.6301,0.9448
1.0,0.5581,0.7164,0.9781
0.9583,0.4792,0.6389,0.9686
1.0,0.5,0.6667,0.9805
1.0,0.5455,0.7059,0.9789
0.92,0.4694,0.6216,0.949
1.0,0.5102,0.6757,0.9662
1.0,0.5,0.6667,0.9768
0.9583,0.575,0.7188,0.9836
1.0,0.4706,0.64,0.952
0.9583,0.4894,0.6479,0.9592
0.9583,0.5227,0.6765,0.97
0.9583,0.5897,0.7302,0.9787
0.9583,0.5111,0.6667,0.9834
1.0,0.4615,0.6316,0.9596
0.96,0.5455,0.6957,0.976
1.0,0.4808,0.6494,0.9658
0.96,0.5333,0.6857,0.9685
0.9583,0.4182,0.5823,0.9665
1.0,0.5581,0.7164,0.9644
1.0,0.5,0.6667,0.9456
1.0,0.6154,0.7619,0.9825
1.0,0.4444,0.6154,0.9689
1.0,0.5106,0.6761,0.9699
0.9583,0.575,0.7188,0.9721
0.9167,0.5789,0.7097,0.9723
0.96,0.5217,0.6761,0.9701
1.0,0.5814,0.7353,0.9874
0.96,0.4528,0.6154,0.9472
0.9583,0.46,0.6216,0.9434
0.875,0.5,0.6364,0.9605
1.0,0.4898,0.6575,0.9685
1.0,0.4528,0.6234,0.9543
1.0,0.5455,0.7059,0.9868
1.0,0.5,0.6667,0.9667
0.9167,0.5238,0.6667,0.9769
1.0,0.431,0.6024,0.9653
1.0,0.463,0.6329,0.9505
1.0,0.5208,0.6849,0.9665
1.0,0.4138,0.5854,0.9547
1.0,0.5714,0.7273,0.9918
0.9167,0.6286,0.7458,0.9826
1.0,0.4528,0.6234,0.9681
0.9583,0.6053,0.7419,0.9776
0.875,0.4884,0.6269,0.948
1.0,0.4898,0.6575,0.9743
1.0,0.5208,0.6849,0.9565
0.92,0.5476,0.6866,0.9765
1.0,0.5102,0.6757,0.9815
0.9167,0.5238,0.6667,0.9667
0.9167,0.4889,0.6377,0.9676
1.0,0.5854,0.7385,0.972
1.0,0.4706,0.64,0.9642
0.9167,0.5,0.6471,0.9596
0.9583,0.451,0.6133,0.956
1.0,0.6316,0.7742,0.9844
0.96,0.5714,0.7164,0.9709
1.0,0.4902,0.6579,0.9749
1.0,0.4717,0.641,0.9602
1.0,0.4898,0.6575,0.9614
1.0,0.5455,0.7059,0.9686
0.9583,0.4792,0.6389,0.9686
1.0,0.5714,0.7273,0.9918
0.9583,0.46,0.6216,0.9523
1.0,0.4615,0.6316,0.9631
0.9167,0.5,0.6471,0.9544
1.0,0.5952,0.7463,0.9765
1.0,0.5319,0.6944,0.9704
0.96,0.4528,0.6154,0.968
1.0,0.5455,0.7059,0.9779
0.9583,0.5111,0.6667,0.9787
0.9167,0.5116,0.6567,0.9617
1.0,0.5106,0.6761,0.9796
1.0,0.5217,0.6857,0.9756
0.9167,0.44,0.5946,0.9604
1.0,0.5333,0.6957,0.9746
1.0,0.4464,0.6173,0.974
1.0,0.463,0.6329,0.9728
0.92,0.5897,0.7188,0.9674
1.0,0.5581,0.7164,0.9762
1.0,0.5217,0.6857,0.9636
1.0,0.6,0.75,0.9897
0.9583,0.4423,0.6053,0.955
0.9583,0.4894,0.6479,0.9462
0.9167,0.5,0.6471,0.9712
0.96,0.48,0.64,0.9648
0.92,0.5349,0.6765,0.9674
0.96,0.5,0.6575,0.9591
0.9583,0.4694,0.6301,0.9678
1.0,0.5333,0.6957,0.9833
1.0,0.5455,0.7059,0.9851
0.9583,0.5111,0.6667,0.9578
1.0,0.5217,0.6857,0.9751
1.0,0.5333,0.6957,0.9585
1.0,0.4286,0.6,0.9488
0.88,0.4889,0.6286,0.9498
1.0,0.4902,0.6579,0.9558
1.0,0.625,0.7692,0.9881
1.0,0.5581,0.7164,0.9687
1.0,0.5581,0.7164,0.9698
1.0,0.4211,0.5926,0.9666
1.0,0.4615,0.6316,0.9532
0.9583,0.5,0.6571,0.981
1.0,0.48,0.6486,0.9729
0.9167,0.4783,0.6286,0.9653
1.0,0.5106,0.6761,0.9615
0.92,0.5,0.6479,0.9674
1.0,0.5,0.6667,0.9831
1.0,0.4717,0.641,0.9811
1.0,0.48,0.6486,0.9779
0.7917,0.413,0.5429,0.9376
1.0,0.5333,0.6957,0.9637
1.0,0.5333,0.6957,0.9767
0.875,0.5676,0.6885,0.9435
1.0,0.48,0.6486,0.9702
0.9167,0.5116,0.6567,0.9585
1.0,0.5682,0.7246,0.9647
0.96,0.5854,0.7273,0.964
1.0,0.5682,0.7246,0.9812
1.0,0.4444,0.6154,0.9507
1.0,0.5217,0.6857,0.982
1.0,0.5217,0.6857,0.9819
0.9583,0.4694,0.6301,0.9504
1.0,0.4211,0.5926,0.9672
1.0,0.5217,0.6857,0.9769
0.9583,0.451,0.6133,0.9723
1.0,0.5102,0.6757,0.9737
0.96,0.5106,0.6667,0.9615
1.0,0.6579,0.7937,0.9916
1.0,0.5455,0.7059,0.9753
0.9583,0.5897,0.7302,0.974
0.9583,0.4792,0.6389,0.9471
1.0,0.4898,0.6575,0.9698
0.9583,0.4894,0.6479,0.9646
1.0,0.4286,0.6,0.9518
1.0,0.5455,0.7059,0.9751
0.92,0.5,0.6479,0.9553
1.0,0.5556,0.7143,0.9793
1.0,0.4545,0.625,0.9531
0.875,0.4884,0.6269,0.9576
1.0,0.5106,0.6761,0.9868
0.9583,0.4694,0.6301,0.9689
0.9583,0.46,0.6216,0.945
1.0,0.5217,0.6857,0.9691
1.0,0.5854,0.7385,0.9829
1.0,0.5455,0.7059,0.9872
1.0,0.4902,0.6579,0.9781
0.96,0.5,0.6575,0.9769
0.96,0.5217,0.6761,0.9728
0.9167,0.6471,0.7586,0.9756
1.0,0.5,0.6667,0.9668
0.8333,0.4762,0.6061,0.9461
0.9583,0.6053,0.7419,0.9758
0.9583,0.4423,0.6053,0.9498
1.0,0.4364,0.6076,0.9678
0.9167,0.4681,0.6197,0.9403
0.92,0.5476,0.6866,0.9626
0.92,0.4894,0.6389,0.9616
0.96,0.5455,0.6957,0.9801
1.0,0.5455,0.7059,0.974
1.0,0.4286,0.6,0.9439
1.0,0.5455,0.7059,0.9615
0.9583,0.575,0.7188,0.9837
1.0,0.4615,0.6316,0.9708
1.0,0.48,0.6486,0.972
1.0,0.5333,0.6957,0.9858
0.96,0.48,0.64,0.966
1.0,0.5102,0.6757,0.9528
0.96,0.48,0.64,0.9646
1.0,0.5217,0.6857,0.9641
1.0,0.5455,0.7059,0.9758
1.0,0.5333,0.6957,0.9775
0.9583,0.561,0.7077,0.9721
0.9583,0.46,0.6216,0.9617
0.9583,0.4423,0.6053,0.952
1.0,0.48,0.6486,0.9755
1.0,0.5682,0.7246,0.969
0.96,0.5455,0.6957,0.966
0.96,0.4898,0.6486,0.9538
1.0,0.5333,0.6957,0.9779
1.0,0.5,0.6667,0.9648
0.875,0.5385,0.6667,0.9604
1.0,0.48,0.6486,0.9802
1.0,0.5581,0.7164,0.9576
1.0,0.4444,0.6154,0.968
0.875,0.6176,0.7241,0.9771
1.0,0.5,0.6667,0.976
0.88,0.5238,0.6567,0.9577
1.0,0.5102,0.6757,0.9856
1.0,0.5581,0.7164,0.9627
1.0,0.5455,0.7059,0.9843
0.9583,0.4423,0.6053,0.9501
1.0,0.4706,0.64,0.9574
0.9583,0.4792,0.6389,0.9585
1.0,0.4286,0.6,0.9774
1.0,0.5333,0.6957,0.9803
0.96,0.5581,0.7059,0.9777
1.0,0.5102,0.6757,0.972
0.92,0.451,0.6053,0.9616
0.9583,0.434,0.5974,0.9473
1.0,0.48,0.6486,0.9568
0.9167,0.5366,0.6769,0.9738
1.0,0.5714,0.7273,0.9757
0.9583,0.5227,0.6765,0.9522
1.0,0.5,0.6667,0.9694
1.0,0.5333,0.6957,0.971
0.92,0.561,0.697,0.967
0.96,0.5455,0.6957,0.9885
0.96,0.4286,0.5926,0.9515
0.9583,0.46,0.6216,0.9676
1.0,0.5854,0.7385,0.9851
0.9167,0.4583,0.6111,0.954
1.0,0.5,0.6667,0.9708
0.9583,0.5227,0.6765,0.9689
1.0,0.4706,0.64,0.9658
1.0,0.4286,0.6,0.9613
1.0,0.5319,0.6944,0.9904
1.0,0.4717,0.641,0.9563
1.0,0.5,0.6667,0.9653
1.0,0.5,0.6667,0.9669
0.9583,0.5227,0.6765,0.9788
0.9583,0.5897,0.7302,0.9751
0.9583,0.4423,0.6053,0.9579
1.0,0.5455,0.7059,0.982
0.9583,0.5227,0.6765,0.955
0.9583,0.4792,0.6389,0.9564
0.96,0.6,0.7385,0.9752
0.88,0.5116,0.6471,0.9521
0.96,0.4364,0.6,0.9698
1.0,0.5455,0.7059,0.9748
0.9167,0.5789,0.7097,0.9769
0.9583,0.434,0.5974,0.9578
1.0,0.5,0.6667,0.9787
0.875,0.5676,0.6885,0.9784
1.0,0.4706,0.64,0.9619
0.9583,0.5111,0.6667,0.9513
0.92,0.5111,0.6571,0.9741
0.96,0.4364,0.6,0.9565
1.0,0.5952,0.7463,0.9805
0.9583,0.4423,0.6053,0.96
1.0,0.5217,0.6857,0.9632
1.0,0.5333,0.6957,0.9724
1.0,0.5581,0.7164,0.9698
1.0,0.5106,0.6761,0.9787
0.9583,0.4694,0.6301,0.9608
1.0,0.5854,0.7385,0.9762
0.96,0.5581,0.7059,0.9656
0.96,0.5,0.6575,0.9627
0.96,0.5455,0.6957,0.9602
0.9167,0.4314,0.5867,0.9484
1.0,0.5,0.6667,0.973
1.0,0.5455,0.7059,0.9678
1.0,0.4528,0.6234,0.9706
1.0,0.5,0.6667,0.9751
1.0,0.5217,0.6857,0.9735
1.0,0.5333,0.6957,0.9752
0.96,0.5333,0.6857,0.9646
0.92,0.451,0.6053,0.9436
0.96,0.5854,0.7273,0.981
0.9583,0.4694,0.6301,0.9632
1.0,0.5,0.6667,0.9725
0.9167,0.5,0.6471,0.9559
1.0,0.5333,0.6957,0.9639
1.0,0.5854,0.7385,0.9744
1.0,0.4364,0.6076,0.9601
0.9583,0.4792,0.6389,0.953
0.92,0.6053,0.7302,0.9695
1.0,0.4808,0.6494,0.9811
0.92,0.561,0.697,0.963
0.9583,0.4894,0.6479,0.9527
1.0,0.5217,0.6857,0.9731
1.0,0.381,0.5517,0.945
0.9167,0.6286,0.7458,0.9843
0.9167,0.4783,0.6286,0.9666
1.0,0.5333,0.6957,0.9857
0.8333,0.5128,0.6349,0.9571
1.0,0.641,0.7813,0.9835
0.96,0.4898,0.6486,0.9494
0.96,0.4706,0.6316,0.9627
1.0,0.5333,0.6957,0.9675
0.9583,0.5,0.6571,0.9678
1.0,0.4364,0.6076,0.9639
1.0,0.5217,0.6857,0.9815
0.9583,0.5227,0.6765,0.9688
1.0,0.5581,0.7164,0.9711
1.0,0.6,0.75,0.9728
0.96,0.4364,0.6,0.959
0.92,0.5,0.6479,0.9549
1.0,0.4902,0.6579,0.983
1.0,0.4615,0.6316,0.9801
0.9167,0.5238,0.6667,0.9586
0.9583,0.5,0.6571,0.9608
1.0,0.5581,0.7164,0.9633
0.9167,0.5366,0.6769,0.9603
0.9583,0.561,0.7077,0.9735
0.9583,0.5227,0.6765,0.9559
0.96,0.4286,0.5926,0.978
0.92,0.5897,0.7188,0.9679
1.0,0.5814,0.7353,0.981
1.0,0.5217,0.6857,0.9814
1.0,0.5854,0.7385,0.9626
1.0,0.5106,0.6761,0.9781
0.9583,0.4792,0.6389,0.9528
1.0,0.4615,0.6316,0.9788
1.0,0.4615,0.6316,0.972
0.9583,0.5349,0.6866,0.9563
0.92,0.5349,0.6765,0.9607
0.88,0.4889,0.6286,0.9547
0.92,0.5349,0.6765,0.972
1.0,0.48,0.6486,0.9841
1.0,0.4444,0.6154,0.9561
1.0,0.5581,0.7164,0.982
1.0,0.5455,0.7059,0.991
1.0,0.5455,0.7059,0.9758
1.0,0.4706,0.64,0.9632
0.9583,0.5111,0.6667,0.9605
0.96,0.5854,0.7273,0.9743
0.96,0.5455,0.6957,0.969
0.96,0.5106,0.6667,0.9495
1.0,0.4286,0.6,0.9766
1.0,0.4898,0.6575,0.983
0.9583,0.5349,0.6866,0.9745
1.0,0.4364,0.6076,0.9429
1.0,0.5455,0.7059,0.9767
0.9583,0.4894,0.6479,0.9667
0.9167,0.5238,0.6667,0.9645
1.0,0.4464,0.6173,0.9679
1.0,0.4808,0.6494,0.956
1.0,0.5208,0.6849,0.977
0.875,0.6176,0.7241,0.9666
0.9583,0.575,0.7188,0.9766
1.0,0.5217,0.6857,0.9678
0.9583,0.4894,0.6479,0.9673
1.0,0.48,0.6486,0.974
0.9583,0.5,0.6571,0.9534
1.0,0.4528,0.6234,0.9696
1.0,0.4808,0.6494,0.98
0.96,0.5581,0.7059,0.9698
1.0,0.5319,0.6944,0.9693
1.0,0.4898,0.6575,0.9784
0.9583,0.561,0.7077,0.9829
1.0,0.5,0.6667,0.9524
1.0,0.4068,0.5783,0.9594
1.0,0.5455,0.7059,0.9739
0.8333,0.5,0.625,0.9419
1.0,0.5714,0.7273,0.9753
0.96,0.6316,0.7619,0.9747
0.96,0.5581,0.7059,0.978
1.0,0.6098,0.7576,0.986
0.9167,0.4783,0.6286,0.9726
1.0,0.4444,0.6154,0.9763
0.9167,0.44,0.5946,0.9525
1.0,0.4615,0.6316,0.9662
1.0,0.5581,0.7164,0.9798
0.875,0.4375,0.5833,0.9073
1.0,0.5208,0.6849,0.9642
1.0,0.4545,0.625,0.9789
0.96,0.4898,0.6486,0.9543
0.9583,0.4423,0.6053,0.967
1.0,0.4706,0.64,0.9802
1.0,0.5455,0.7059,0.9866
1.0,0.4898,0.6575,0.9682
0.875,0.6176,0.7241,0.9645
0.9583,0.46,0.6216,0.9604
0.9583,0.5349,0.6866,0.968
0.9167,0.5116,0.6567,0.9627
0.92,0.575,0.7077,0.9617
1.0,0.5,0.6667,0.9853
0.96,0.5581,0.7059,0.961
1.0,0.5106,0.6761,0.9769
0.9583,0.4894,0.6479,0.9545
1.0,0.4706,0.64,0.9595
0.9583,0.377,0.5412,0.9504
1.0,0.5217,0.6857,0.9843
1.0,0.6316,0.7742,0.9814
1.0,0.5106,0.6761,0.9757
0.92,0.561,0.697,0.9664
0.96,0.5581,0.7059,0.9701
0.92,0.575,0.7077,0.9677
0.9583,0.5227,0.6765,0.9763
1.0,0.4,0.5714,0.9798
1.0,0.5217,0.6857,0.9543
1.0,0.5,0.6667,0.9615
0.9583,0.434,0.5974,0.9672
1.0,0.4706,0.64,0.9711
0.9167,0.5116,0.6567,0.9592
1.0,0.4902,0.6579,0.9728
1.0,0.5682,0.7246,0.9736
1.0,0.463,0.6329,0.9743
0.9583,0.5111,0.6667,0.9709
0.9167,0.5238,0.6667,0.9706
1.0,0.5217,0.6857,0.9666
1.0,0.6316,0.7742,0.983
0.9167,0.4583,0.6111,0.9491
0.9583,0.46,0.6216,0.9545
1.0,0.5714,0.7273,0.9739
0.96,0.5106,0.6667,0.9559
1.0,0.5102,0.6757,0.9857
0.92,0.561,0.697,0.9644
1.0,0.5333,0.6957,0.9789
0.9583,0.4792,0.6389,0.9529
1.0,0.4898,0.6575,0.9824
0.875,0.5526,0.6774,0.9578
1.0,0.4444,0.6154,0.9744
0.9583,0.434,0.5974,0.9497
1.0,0.5854,0.7385,0.9577
0.96,0.5333,0.6857,0.9636
1.0,0.4717,0.641,0.9584
1.0,0.5814,0.7353,0.9811
0.9167,0.449,0.6027,0.961
0.9583,0.4182,0.5823,0.9675
0.9167,0.5641,0.6984,0.9709
1.0,0.5106,0.6761,0.9864
1.0,0.5106,0.6761,0.9793
0.9167,0.449,0.6027,0.9617
1.0,0.4706,0.64,0.9703
0.96,0.5106,0.6667,0.9686
0.96,0.5455,0.6957,0.9681
0.96,0.5106,0.6667,0.9721
0.9583,0.5,0.6571,0.9704
0.9583,0.4792,0.6389,0.9471
1.0,0.5714,0.7273,0.9793
1.0,0.5714,0.7273,0.9841
0.9583,0.5,0.6571,0.966
1.0,0.48,0.6486,0.9667
0.9583,0.561,0.7077,0.9799
1.0,0.463,0.6329,0.9731
0.96,0.5333,0.6857,0.959
0.96,0.5,0.6575,0.9707
1.0,0.5,0.6667,0.9812
0.9583,0.46,0.6216,0.9704
0.9583,0.5111,0.6667,0.9551
0.9583,0.4792,0.6389,0.9632
0.9583,0.4894,0.6479,0.9667
0.9583,0.5349,0.6866,0.9642
0.96,0.5217,0.6761,0.9623
0.96,0.48,0.64,0.9493
1.0,0.5556,0.7143,0.9828
1.0,0.5455,0.7059,0.9744
1.0,0.5217,0.6857,0.9707
0.9583,0.4792,0.6389,0.9642
0.9583,0.4423,0.6053,0.9691
1.0,0.5333,0.6957,0.9744
0.9583,0.5,0.6571,0.9585
0.9583,0.4694,0.6301,0.9583
0.875,0.5526,0.6774,0.9603
0.96,0.4615,0.6234,0.9685
1.0,0.5952,0.7463,0.984
1.0,0.5102,0.6757,0.9691
0.9583,0.4894,0.6479,0.9664
1.0,0.5217,0.6857,0.9869
0.9583,0.5476,0.697,0.9648
1.0,0.4898,0.6575,0.9639
0.9167,0.4314,0.5867,0.957
0.9167,0.5366,0.6769,0.9721
RUSMaxBag
1.0,0.5,0.6667,0.9684
1.0,0.5435,0.7042,0.968
0.92,0.575,0.7077,0.9635
0.96,0.5,0.6575,0.976
1.0,0.48,0.6486,0.9659
1.0,0.5854,0.7385,0.9874
1.0,0.4898,0.6575,0.9668
1.0,0.6316,0.7742,0.9689
0.9167,0.55,0.6875,0.9628
0.875,0.4468,0.5915,0.9479
0.9167,0.4583,0.6111,0.9461
0.88,0.5641,0.6875,0.9653
0.96,0.5333,0.6857,0.9568
1.0,0.5319,0.6944,0.982
1.0,0.48,0.6486,0.982
1.0,0.5714,0.7273,0.9793
0.9583,0.5349,0.6866,0.9465
1.0,0.48,0.6486,0.9631
0.9583,0.5476,0.697,0.9819
1.0,0.4615,0.6316,0.9649
1.0,0.5,0.6667,0.9631
0.96,0.4444,0.6076,0.9583
0.96,0.5455,0.6957,0.9804
0.96,0.5581,0.7059,0.9619
0.8333,0.4348,0.5714,0.9321
1.0,0.6,0.75,0.9823
0.9583,0.561,0.7077,0.973
0.9167,0.5366,0.6769,0.9637
1.0,0.4211,0.5926,0.9579
0.9583,0.6053,0.7419,0.9873
0.9167,0.4783,0.6286,0.9637
1.0,0.5682,0.7246,0.9783
0.96,0.5333,0.6857,0.9732
1.0,0.5556,0.7143,0.9727
0.9167,0.5238,0.6667,0.9655
1.0,0.5217,0.6857,0.9614
1.0,0.5455,0.7059,0.9735
0.9583,0.561,0.7077,0.9667
0.8333,0.5556,0.6667,0.9605
1.0,0.4615,0.6316,0.9542
1.0,0.4444,0.6154,0.9733
0.92,0.5897,0.7188,0.9658
1.0,0.4717,0.641,0.9458
0.96,0.4898,0.6486,0.9364
0.9583,0.5,0.6571,0.9572
1.0,0.5106,0.6761,0.9772
0.9583,0.4894,0.6479,0.9797
1.0,0.5217,0.6857,0.9751
0.9583,0.561,0.7077,0.9711
0.9583,0.6389,0.7667,0.9883
0.9167,0.5,0.6471,0.9554
1.0,0.6098,0.7576,0.9772
0.92,0.5227,0.6667,0.9535
1.0,0.5814,0.7353,0.9705
1.0,0.4528,0.6234,0.9567
0.9583,0.5897,0.7302,0.9715
0.9583,0.4894,0.6479,0.9675
0.875,0.525,0.6563,0.963
1.0,0.5,0.6667,0.9711
1.0,0.4706,0.64,0.9715
0.9583,0.5476,0.697,0.9638
0.96,0.48,0.64,0.9568
0.96,0.6,0.7385,0.9741
1.0,0.4386,0.6098,0.9572
0.9583,0.46,0.6216,0.9478
0.9583,0.6389,0.7667,0.9803
1.0,0.5217,0.6857,0.9815
0.9583,0.5349,0.6866,0.9699
1.0,0.48,0.6486,0.9592
0.9167,0.5789,0.7097,0.972
0.9583,0.575,0.7188,0.9733
0.96,0.5455,0.6957,0.9665
0.96,0.4898,0.6486,0.968
0.92,0.5897,0.7188,0.9751
0.9583,0.561,0.7077,0.9801
1.0,0.5854,0.7385,0.9628
1.0,0.4615,0.6316,0.9527
1.0,0.4364,0.6076,0.9694
1.0,0.5217,0.6857,0.9715
1.0,0.4898,0.6575,0.9569
0.9583,0.5349,0.6866,0.9558
0.96,0.48,0.64,0.9763
0.96,0.5455,0.6957,0.974
0.96,0.5714,0.7164,0.9737
1.0,0.5455,0.7059,0.9703
0.9583,0.561,0.7077,0.9725
1.0,0.4706,0.64,0.9774
0.9167,0.44,0.5946,0.9507
1.0,0.4898,0.6575,0.9657
1.0,0.5714,0.7273,0.9502
0.9583,0.5227,0.6765,0.9564
0.92,0.5227,0.6667,0.9456
0.96,0.5106,0.6667,0.956
0.92,0.451,0.6053,0.9647
1.0,0.5714,0.7273,0.9852
0.9583,0.5476,0.697,0.9659
1.0,0.5333,0.6957,0.981
1.0,0.4898,0.6575,0.9784
0.9167,0.4783,0.6286,0.9605
1.0,0.5333,0.6957,0.9748
0.9583,0.5227,0.6765,0.9596
0.96,0.5106,0.6667,0.9765
0.92,0.5349,0.6765,0.968
1.0,0.5682,0.7246,0.9749
0.9167,0.5116,0.6567,0.9545
1.0,0.5,0.6667,0.9635
0.9583,0.46,0.6216,0.9488
1.0,0.5333,0.6957,0.9673
0.9583,0.5349,0.6866,0.9637
1.0,0.4615,0.6316,0.9829
0.9583,0.5476,0.697,0.982
0.88,0.5238,0.6567,0.9459
0.96,0.4444,0.6076,0.9763
0.92,0.5111,0.6571,0.972
1.0,0.5,0.6667,0.9754
1.0,0.5333,0.6957,0.9771
0.875,0.525,0.6563,0.9596
0.9583,0.6053,0.7419,0.9677
1.0,0.5217,0.6857,0.9633
0.9583,0.4694,0.6301,0.9614
0.9167,0.5789,0.7097,0.9784
1.0,0.641,0.7813,0.9835
1.0,0.5102,0.6757,0.9689
0.96,0.4444,0.6076,0.9653
0.9583,0.5349,0.6866,0.9771
1.0,0.4898,0.6575,0.9429
1.0,0.4528,0.6234,0.9487
0.9167,0.5641,0.6984,0.9605
1.0,0.5,0.6667,0.9826
0.9167,0.4583,0.6111,0.9519
1.0,0.5333,0.6957,0.9702
0.96,0.4898,0.6486,0.959
0.92,0.5349,0.6765,0.9601
0.96,0.5581,0.7059,0.9688
1.0,0.5854,0.7385,0.9779
1.0,0.5333,0.6957,0.9708
0.9583,0.4423,0.6053,0.9733
0.8333,0.5263,0.6452,0.9631
1.0,0.5455,0.7059,0.959
0.9167,0.4783,0.6286,0.9504
0.9167,0.5,0.6471,0.95
1.0,0.6098,0.7576,0.973
1.0,0.4808,0.6494,0.9615
0.96,0.5714,0.7164,0.9802
0.9583,0.575,0.7188,0.9815
0.9167,0.5116,0.6567,0.9568
1.0,0.4068,0.5783,0.9446
1.0,0.5333,0.6957,0.9614
1.0,0.5455,0.7059,0.9738
1.0,0.4444,0.6154,0.9666
0.875,0.4667,0.6087,0.959
0.96,0.5333,0.6857,0.9646
0.96,0.5854,0.7273,0.9793
1.0,0.5952,0.7463,0.9695
1.0,0.5333,0.6957,0.9644
1.0,0.5106,0.6761,0.981
0.9167,0.4783,0.6286,0.9542
0.9167,0.4889,0.6377,0.9451
1.0,0.4286,0.6,0.9543
0.9583,0.5897,0.7302,0.9788
1.0,0.5106,0.6761,0.9654
1.0,0.4808,0.6494,0.9637
0.92,0.5111,0.6571,0.9617
1.0,0.5,0.6667,0.9712
0.9583,0.575,0.7188,0.9722
0.9167,0.5641,0.6984,0.9671
0.9167,0.5366,0.6769,0.9658
0.9583,0.4423,0.6053,0.9699
0.9583,0.5349,0.6866,0.9635
1.0,0.6486,0.7869,0.981
0.9583,0.5476,0.697,0.9574
1.0,0.4808,0.6494,0.9617
0.96,0.6,0.7385,0.9706
0.96,0.6154,0.75,0.9594
1.0,0.5106,0.6761,0.959
0.9583,0.5111,0.6667,0.9739
1.0,0.5714,0.7273,0.9739
1.0,0.48,0.6486,0.9743
1.0,0.4528,0.6234,0.9704
1.0,0.5217,0.6857,0.972
1.0,0.4706,0.64,0.9508
0.92,0.434,0.5897,0.9451
1.0,0.5435,0.7042,0.9696
0.96,0.5106,0.6667,0.9593
1.0,0.5217,0.6857,0.9776
0.875,0.5122,0.6462,0.9561
1.0,0.5455,0.7059,0.9779
0.9167,0.5238,0.6667,0.9666
0.9583,0.6389,0.7667,0.9799
1.0,0.5106,0.6761,0.9669
0.875,0.5385,0.6667,0.9473
1.0,0.5814,0.7353,0.9835
0.96,0.5854,0.7273,0.9586
0.92,0.575,0.7077,0.9611
1.0,0.5333,0.6957,0.9794
1.0,0.5106,0.6761,0.9769
1.0,0.4898,0.6575,0.9751
0.9583,0.575,0.7188,0.9711
0.9583,0.4792,0.6389,0.9662
1.0,0.4444,0.6154,0.9756
0.9583,0.5476,0.697,0.968
0.96,0.4444,0.6076,0.956
0.92,0.575,0.7077,0.9678
1.0,0.5319,0.6944,0.9707
0.9167,0.4889,0.6377,0.9542
0.9583,0.451,0.6133,0.9735
1.0,0.5106,0.6761,0.9586
0.9167,0.5366,0.6769,0.9668
1.0,0.5106,0.6761,0.9637
1.0,0.5,0.6667,0.9721
1.0,0.5217,0.6857,0.9765
0.92,0.5227,0.6667,0.9588
0.92,0.6216,0.7419,0.9669
0.96,0.6154,0.75,0.9773
0.9583,0.5,0.6571,0.9623
1.0,0.4706,0.64,0.9617
0.875,0.5122,0.6462,0.9675
0.9167,0.449,0.6027,0.9614
1.0,0.5106,0.6761,0.9657
0.9167,0.5366,0.6769,0.9613
0.875,0.3889,0.5385,0.9214
0.92,0.5111,0.6571,0.9578
1.0,0.5682,0.7246,0.9702
1.0,0.5319,0.6944,0.968
0.875,0.5122,0.6462,0.9552
1.0,0.5217,0.6857,0.9842
0.9583,0.5227,0.6765,0.9601
0.9583,0.5476,0.697,0.9718
0.9583,0.5897,0.7302,0.9726
1.0,0.5106,0.6761,0.9805
0.9167,0.55,0.6875,0.9656
0.92,0.5227,0.6667,0.9549
0.96,0.5,0.6575,0.9756
1.0,0.5102,0.6757,0.9691
0.875,0.4773,0.6176,0.9522
1.0,0.5455,0.7059,0.9781
0.9583,0.5227,0.6765,0.9694
0.9167,0.5366,0.6769,0.9758
0.9167,0.5641,0.6984,0.97
0.9167,0.4783,0.6286,0.946
1.0,0.5581,0.7164,0.9826
0.92,0.5,0.6479,0.9626
0.96,0.6486,0.7742,0.9894
0.96,0.5455,0.6957,0.9653
0.9583,0.5111,0.6667,0.9675
1.0,0.5455,0.7059,0.9565
1.0,0.4068,0.5783,0.9327
1.0,0.5714,0.7273,0.9762
0.875,0.4667,0.6087,0.9137
0.9583,0.434,0.5974,0.9505
1.0,0.625,0.7692,0.9704
0.96,0.4706,0.6316,0.9469
0.96,0.5581,0.7059,0.9647
0.875,0.5385,0.6667,0.9728
0.9583,0.5,0.6571,0.9697
0.9583,0.5227,0.6765,0.9633
0.9583,0.46,0.6216,0.9527
0.9583,0.5227,0.6765,0.9545
1.0,0.5106,0.6761,0.9706
1.0,0.5455,0.7059,0.9816
1.0,0.5556,0.7143,0.9693
0.88,0.5,0.6377,0.9559
1.0,0.4545,0.625,0.9847
0.9583,0.46,0.6216,0.9679
0.9167,0.5641,0.6984,0.9708
0.9583,0.5,0.6571,0.9693
1.0,0.4898,0.6575,0.9628
1.0,0.5,0.6667,0.9527
1.0,0.4898,0.6575,0.9536
1.0,0.5455,0.7059,0.9802
0.9583,0.5227,0.6765,0.9688
1.0,0.5102,0.6757,0.949
0.92,0.4694,0.6216,0.9514
0.92,0.4694,0.6216,0.9598
0.9583,0.6216,0.7541,0.9915
1.0,0.5,0.6667,0.9799
1.0,0.5455,0.7059,0.9721
0.9583,0.4894,0.6479,0.9736
0.9583,0.5476,0.697,0.966
0.9583,0.5,0.6571,0.9693
1.0,0.5,0.6667,0.9871
1.0,0.463,0.6329,0.9684
0.88,0.6111,0.7213,0.9627
0.88,0.5366,0.6667,0.9565
0.9583,0.4792,0.6389,0.9636
1.0,0.5217,0.6857,0.9669
0.9583,0.6053,0.7419,0.9799
0.9167,0.5,0.6471,0.9676
0.9167,0.5,0.6471,0.9495
1.0,0.5106,0.6761,0.9684
0.9583,0.4035,0.5679,0.9531
1.0,0.4902,0.6579,0.982
1.0,0.5952,0.7463,0.9786
0.96,0.5106,0.6667,0.951
0.9583,0.4894,0.6479,0.9509
0.9167,0.6471,0.7586,0.9681
1.0,0.5714,0.7273,0.9619
0.9583,0.561,0.7077,0.9767
1.0,0.5714,0.7273,0.9832
0.9583,0.46,0.6216,0.9736
0.9583,0.561,0.7077,0.9686
0.96,0.5714,0.7164,0.968
0.92,0.4894,0.6389,0.9606
0.96,0.5581,0.7059,0.9525
1.0,0.5217,0.6857,0.9796
1.0,0.5217,0.6857,0.9697
0.9583,0.4259,0.5897,0.972
0.9167,0.449,0.6027,0.9559
0.875,0.5,0.6364,0.9516
0.9167,0.6111,0.7333,0.9766
1.0,0.6,0.75,0.9758
0.96,0.5333,0.6857,0.9547
0.92,0.575,0.7077,0.9643
1.0,0.4545,0.625,0.9591
0.9583,0.5476,0.697,0.9792
1.0,0.5455,0.7059,0.9681
1.0,0.5455,0.7059,0.9775
0.9167,0.5238,0.6667,0.9582
0.9583,0.4792,0.6389,0.9676
1.0,0.4706,0.64,0.9834
1.0,0.5106,0.6761,0.9659
0.92,0.5111,0.6571,0.9579
0.96,0.6154,0.75,0.9679
0.92,0.5476,0.6866,0.9747
1.0,0.6486,0.7869,0.9698
0.9583,0.4694,0.6301,0.9612
0.875,0.4375,0.5833,0.9417
1.0,0.5217,0.6857,0.986
0.9583,0.4423,0.6053,0.954
1.0,0.5854,0.7385,0.9817
1.0,0.5208,0.6849,0.9833
0.96,0.6,0.7385,0.9658
1.0,0.4808,0.6494,0.9557
1.0,0.4444,0.6154,0.9746
0.8333,0.4651,0.597,0.9405
0.9583,0.575,0.7188,0.9608
1.0,0.5581,0.7164,0.9617
0.9167,0.5946,0.7213,0.9767
0.7917,0.5,0.6129,0.9558
0.9583,0.4694,0.6301,0.9681
1.0,0.5455,0.7059,0.9659
0.96,0.5714,0.7164,0.9806
1.0,0.5102,0.6757,0.973
1.0,0.5682,0.7246,0.9638
0.9583,0.4792,0.6389,0.9639
0.9583,0.46,0.6216,0.9591
0.875,0.4468,0.5915,0.9493
0.9583,0.5349,0.6866,0.9649
0.9583,0.561,0.7077,0.9645
0.9583,0.561,0.7077,0.9783
0.875,0.4773,0.6176,0.9422
0.96,0.4211,0.5854,0.9516
0.92,0.6389,0.7541,0.9767
0.92,0.4182,0.575,0.9698
0.9583,0.5111,0.6667,0.9626
0.9583,0.5349,0.6866,0.9654
1.0,0.6316,0.7742,0.9775
1.0,0.5581,0.7164,0.9788
0.875,0.4773,0.6176,0.955
1.0,0.5455,0.7059,0.9778
0.875,0.4286,0.5753,0.9402
1.0,0.5102,0.6757,0.9683
0.96,0.5455,0.6957,0.9653
1.0,0.5952,0.7463,0.9835
0.9167,0.5641,0.6984,0.9694
0.9583,0.5897,0.7302,0.9662
1.0,0.5333,0.6957,0.9594
1.0,0.5217,0.6857,0.9862
1.0,0.5217,0.6857,0.9797
0.9167,0.4,0.557,0.9356
0.96,0.5455,0.6957,0.9749
0.88,0.5238,0.6567,0.9678
0.88,0.5,0.6377,0.9469
0.9583,0.4792,0.6389,0.95
1.0,0.5581,0.7164,0.9783
0.8333,0.5714,0.678,0.9631
1.0,0.5333,0.6957,0.9649
1.0,0.5854,0.7385,0.9653
1.0,0.4444,0.6154,0.9733
1.0,0.5,0.6667,0.9769
0.875,0.42,0.5676,0.9507
0.92,0.46,0.6133,0.9562
1.0,0.5208,0.6849,0.9762
0.92,0.5111,0.6571,0.9565
0.9167,0.6111,0.7333,0.9829
1.0,0.5854,0.7385,0.964
1.0,0.5854,0.7385,0.9763
1.0,0.4364,0.6076,0.9672
1.0,0.48,0.6486,0.9493
0.8333,0.5263,0.6452,0.9666
1.0,0.5714,0.7273,0.9764
0.92,0.6053,0.7302,0.969
0.96,0.4706,0.6316,0.9384
1.0,0.4386,0.6098,0.9727
0.9583,0.5,0.6571,0.9581
0.9583,0.561,0.7077,0.9757
0.9167,0.4783,0.6286,0.9669
0.9167,0.4783,0.6286,0.937
1.0,0.5217,0.6857,0.9788
0.9583,0.5897,0.7302,0.9783
0.9583,0.5,0.6571,0.9577
1.0,0.4464,0.6173,0.9477
1.0,0.5319,0.6944,0.9611
0.88,0.4889,0.6286,0.9723
1.0,0.5581,0.7164,0.9708
0.9583,0.6053,0.7419,0.9778
1.0,0.48,0.6486,0.9788
0.9583,0.5476,0.697,0.9655
1.0,0.5217,0.6857,0.9631
1.0,0.5333,0.6957,0.9756
0.96,0.5455,0.6957,0.9772
0.88,0.5238,0.6567,0.9615
1.0,0.463,0.6329,0.9532
0.9583,0.4423,0.6053,0.9445
1.0,0.5333,0.6957,0.9806
1.0,0.4898,0.6575,0.9733
1.0,0.5714,0.7273,0.9707
0.9583,0.4894,0.6479,0.9587
0.9583,0.5476,0.697,0.973
0.875,0.5122,0.6462,0.9506
0.875,0.4884,0.6269,0.9503
1.0,0.641,0.7813,0.9747
1.0,0.5814,0.7353,0.972
0.92,0.5111,0.6571,0.9564
1.0,0.4615,0.6316,0.9736
0.9583,0.5349,0.6866,0.9752
1.0,0.4528,0.6234,0.9718
0.9167,0.5,0.6471,0.9693
1.0,0.4898,0.6575,0.9735
0.9583,0.5227,0.6765,0.9823
0.96,0.5714,0.7164,0.9721
0.96,0.5106,0.6667,0.9496
0.96,0.5714,0.7164,0.9741
1.0,0.4615,0.6316,0.9632
1.0,0.5217,0.6857,0.9658
0.9583,0.5476,0.697,0.981
1.0,0.4444,0.6154,0.9682
0.9583,0.5227,0.6765,0.9685
0.9583,0.4894,0.6479,0.9673
0.9583,0.5111,0.6667,0.9651
0.9167,0.5238,0.6667,0.9586
0.96,0.5581,0.7059,0.9674
1.0,0.5435,0.7042,0.9651
1.0,0.5,0.6667,0.9549
1.0,0.5,0.6667,0.9668
0.9167,0.4681,0.6197,0.9709
1.0,0.5581,0.7164,0.9703
0.875,0.4565,0.6,0.9545
1.0,0.5581,0.7164,0.9859
1.0,0.5217,0.6857,0.9726
0.9167,0.4681,0.6197,0.9495
0.96,0.5455,0.6957,0.9722
0.96,0.5854,0.7273,0.978
1.0,0.4902,0.6579,0.9791
0.9583,0.4792,0.6389,0.9479
0.9583,0.6053,0.7419,0.9775
0.9167,0.5238,0.6667,0.9731
0.9583,0.4894,0.6479,0.9601
0.9583,0.5227,0.6765,0.9653
0.9583,0.5,0.6571,0.9627
0.9583,0.4792,0.6389,0.9553
1.0,0.5102,0.6757,0.9595
0.96,0.6,0.7385,0.9762
1.0,0.4717,0.641,0.9478
0.9583,0.4694,0.6301,0.9612
0.9583,0.5111,0.6667,0.9519
1.0,0.5217,0.6857,0.9663
0.9583,0.4894,0.6479,0.9767
0.9167,0.5946,0.7213,0.9734
1.0,0.5714,0.7273,0.966
0.9583,0.4792,0.6389,0.9737
0.96,0.5581,0.7059,0.9688
0.92,0.5,0.6479,0.9665
1.0,0.5682,0.7246,0.9589
1.0,0.5106,0.6761,0.9709
0.9583,0.4792,0.6389,0.9552
0.9167,0.4889,0.6377,0.9551
0.9167,0.5238,0.6667,0.9577
0.9167,0.4783,0.6286,0.9618
0.9583,0.5349,0.6866,0.9592
0.9583,0.4259,0.5897,0.9564
0.88,0.4583,0.6027,0.9558
0.96,0.5455,0.6957,0.9657
0.96,0.5333,0.6857,0.9743
0.9583,0.5349,0.6866,0.9689
0.9583,0.5111,0.6667,0.9685
1.0,0.4898,0.6575,0.973
0.9583,0.5,0.6571,0.9716
0.875,0.5122,0.6462,0.9632
0.9583,0.561,0.7077,0.9763
0.9583,0.5111,0.6667,0.9682
0.96,0.5581,0.7059,0.9712
1.0,0.5208,0.6849,0.9719
0.96,0.5333,0.6857,0.9517
0.875,0.4565,0.6,0.9475
0.875,0.5526,0.6774,0.9505
0.9167,0.5946,0.7213,0.9721
0.9583,0.561,0.7077,0.9712
1.0,0.4898,0.6575,0.9776
1.0,0.5,0.6667,0.9736
0.9583,0.575,0.7188,0.9743
0.96,0.4706,0.6316,0.9726
0.96,0.4068,0.5714,0.9452
0.96,0.5714,0.7164,0.9598
0.9167,0.4783,0.6286,0.9428
0.9167,0.449,0.6027,0.9495
1.0,0.5714,0.7273,0.9776
1.0,0.5106,0.6761,0.9869
0.9583,0.6053,0.7419,0.9772
0.9583,0.575,0.7188,0.9757
1.0,0.5714,0.7273,0.9847
0.96,0.5455,0.6957,0.9693
0.96,0.4211,0.5854,0.9454
0.96,0.5217,0.6761,0.9536
0.9167,0.7333,0.8148,0.9808
0.9583,0.434,0.5974,0.9582
0.9583,0.5476,0.697,0.9721
0.9583,0.5,0.6571,0.9702
1.0,0.5217,0.6857,0.9733
0.9583,0.4423,0.6053,0.936
1.0,0.5106,0.6761,0.9528
1.0,0.5,0.6667,0.9821
0.88,0.5366,0.6667,0.9679
1.0,0.5102,0.6757,0.9581
0.9583,0.575,0.7188,0.9753
1.0,0.4898,0.6575,0.9669
1.0,0.5,0.6667,0.9551
1.0,0.5333,0.6957,0.9715
0.9583,0.5111,0.6667,0.9438
0.875,0.5833,0.7,0.9673
1.0,0.4528,0.6234,0.9753
0.96,0.5455,0.6957,0.9699
1.0,0.5208,0.6849,0.9509
1.0,0.5,0.6667,0.977
0.9167,0.5789,0.7097,0.9724
1.0,0.4898,0.6575,0.9621
0.9167,0.5238,0.6667,0.9712
1.0,0.5,0.6667,0.9702
0.9583,0.5476,0.697,0.9698
0.9167,0.4681,0.6197,0.9592
0.9583,0.5476,0.697,0.9597
0.96,0.5106,0.6667,0.9598
0.96,0.5581,0.7059,0.963
1.0,0.5682,0.7246,0.976
0.9583,0.451,0.6133,0.9579
0.9167,0.4783,0.6286,0.9461
1.0,0.5714,0.7273,0.9751
0.9583,0.4894,0.6479,0.9664
1.0,0.4898,0.6575,0.9802
1.0,0.5,0.6667,0.9729
0.92,0.5111,0.6571,0.9426
1.0,0.5208,0.6849,0.9559
1.0,0.5102,0.6757,0.9756
0.9583,0.5897,0.7302,0.9825
0.9583,0.5,0.6571,0.9477
0.9583,0.4894,0.6479,0.9559
0.9583,0.5227,0.6765,0.9709
0.9167,0.6111,0.7333,0.976
0.9583,0.5111,0.6667,0.9839
0.9167,0.4231,0.5789,0.9515
0.96,0.5714,0.7164,0.9736
0.96,0.4898,0.6486,0.9716
0.96,0.5217,0.6761,0.9643
0.9583,0.4107,0.575,0.9559
1.0,0.5455,0.7059,0.9614
0.9167,0.4889,0.6377,0.9416
0.9583,0.6216,0.7541,0.9837
1.0,0.4706,0.64,0.9672
1.0,0.5,0.6667,0.9707
0.9583,0.575,0.7188,0.9671
0.9583,0.6389,0.7667,0.9761
0.96,0.5714,0.7164,0.9736
1.0,0.5952,0.7463,0.9846
0.96,0.48,0.64,0.9475
0.9583,0.5,0.6571,0.9345
0.8333,0.5263,0.6452,0.9603
1.0,0.5,0.6667,0.9702
1.0,0.4528,0.6234,0.9604
1.0,0.5854,0.7385,0.9893
0.9583,0.5111,0.6667,0.9641
0.9167,0.5366,0.6769,0.9767
1.0,0.431,0.6024,0.9619
0.92,0.451,0.6053,0.9414
1.0,0.5208,0.6849,0.9602
0.9583,0.4259,0.5897,0.9555
1.0,0.5581,0.7164,0.9891
0.9167,0.6471,0.7586,0.9837
0.9583,0.46,0.6216,0.9682
0.9167,0.6286,0.7458,0.9752
0.8333,0.4878,0.6154,0.9493
1.0,0.48,0.6486,0.9728
0.96,0.5,0.6575,0.9552
0.92,0.561,0.697,0.9754
1.0,0.5208,0.6849,0.976
0.9583,0.5476,0.697,0.9641
0.9167,0.5116,0.6567,0.9671
1.0,0.6,0.75,0.9681
1.0,0.4615,0.6316,0.9654
0.9167,0.5238,0.6667,0.9595
0.9583,0.46,0.6216,0.9469
0.9583,0.6216,0.7541,0.9844
0.88,0.5789,0.6984,0.9654
1.0,0.5,0.6667,0.9752
0.92,0.4694,0.6216,0.9543
1.0,0.5106,0.6761,0.9551
1.0,0.5714,0.7273,0.9672
0.9583,0.4694,0.6301,0.9628
1.0,0.5581,0.7164,0.9857
1.0,0.4706,0.64,0.9604
1.0,0.4898,0.6575,0.9672
0.875,0.5,0.6364,0.9449
1.0,0.5682,0.7246,0.9777
1.0,0.5435,0.7042,0.9747
0.96,0.4706,0.6316,0.9678
1.0,0.5854,0.7385,0.9825
0.9583,0.5,0.6571,0.9776
0.9583,0.5349,0.6866,0.9664
1.0,0.5,0.6667,0.9816
0.9583,0.5111,0.6667,0.9706
0.9167,0.44,0.5946,0.9623
1.0,0.5714,0.7273,0.9695
1.0,0.4545,0.625,0.972
1.0,0.4808,0.6494,0.9674
0.88,0.5641,0.6875,0.9643
0.9583,0.5476,0.697,0.9691
0.9167,0.5116,0.6567,0.9627
0.9583,0.575,0.7188,0.9844
0.9583,0.4423,0.6053,0.9424
0.875,0.4773,0.6176,0.9446
0.875,0.5,0.6364,0.9721
0.96,0.4898,0.6486,0.9544
0.88,0.5366,0.6667,0.967
0.96,0.5106,0.6667,0.9674
0.9167,0.4889,0.6377,0.9655
1.0,0.5581,0.7164,0.9793
1.0,0.6,0.75,0.9815
1.0,0.5217,0.6857,0.9579
0.9583,0.4792,0.6389,0.9757
0.9583,0.5476,0.697,0.9623
0.9583,0.4259,0.5897,0.9469
0.84,0.4773,0.6087,0.9423
1.0,0.5102,0.6757,0.9588
1.0,0.6579,0.7937,0.9922
1.0,0.5581,0.7164,0.9711
1.0,0.5581,0.7164,0.972
0.9583,0.4182,0.5823,0.9565
1.0,0.4706,0.64,0.9559
0.9167,0.5116,0.6567,0.973
1.0,0.4706,0.64,0.9699
0.9167,0.4889,0.6377,0.9675
1.0,0.5217,0.6857,0.9579
0.92,0.561,0.697,0.9633
1.0,0.5435,0.7042,0.9794
1.0,0.4717,0.641,0.9816
1.0,0.5333,0.6957,0.9716
0.7917,0.4043,0.5352,0.9338
1.0,0.5333,0.6957,0.9651
1.0,0.5581,0.7164,0.9784
0.875,0.5526,0.6774,0.9451
1.0,0.4898,0.6575,0.9605
0.9167,0.5238,0.6667,0.9533
1.0,0.5682,0.7246,0.964
0.96,0.5714,0.7164,0.9654
1.0,0.5952,0.7463,0.9765
0.9583,0.4423,0.6053,0.9446
1.0,0.5217,0.6857,0.976
1.0,0.5106,0.6761,0.9789
0.9583,0.4894,0.6479,0.9506
1.0,0.4706,0.64,0.9645
1.0,0.5455,0.7059,0.9659
0.9583,0.46,0.6216,0.968
1.0,0.4902,0.6579,0.9722
0.96,0.5,0.6575,0.9536
1.0,0.6757,0.8065,0.986
1.0,0.5854,0.7385,0.9802
0.9583,0.575,0.7188,0.9716
0.9583,0.4792,0.6389,0.948
0.9167,0.5,0.6471,0.9577
0.9583,0.5,0.6571,0.966
1.0,0.4444,0.6154,0.9516
1.0,0.5333,0.6957,0.9756
0.92,0.5,0.6479,0.9515
0.96,0.5854,0.7273,0.9796
0.92,0.4423,0.5974,0.9501
0.875,0.5385,0.6667,0.9604
1.0,0.5333,0.6957,0.9834
0.9583,0.4894,0.6479,0.9646
0.9583,0.4694,0.6301,0.9365
1.0,0.5333,0.6957,0.9672
1.0,0.5714,0.7273,0.9812
0.9583,0.5227,0.6765,0.9849
1.0,0.5102,0.6757,0.9748
0.96,0.5455,0.6957,0.97
0.96,0.5106,0.6667,0.9735
0.9167,0.6286,0.7458,0.9738
1.0,0.5217,0.6857,0.9635
0.8333,0.4762,0.6061,0.9401
0.9583,0.6216,0.7541,0.9756
0.9167,0.449,0.6027,0.9452
1.0,0.4364,0.6076,0.9623
0.875,0.4667,0.6087,0.9399
0.92,0.5476,0.6866,0.9585
0.92,0.5227,0.6667,0.9633
0.96,0.5455,0.6957,0.9709
0.9583,0.5476,0.697,0.9738
0.9583,0.4259,0.5897,0.9401
1.0,0.5714,0.7273,0.9545
0.9583,0.5476,0.697,0.9844
1.0,0.4706,0.64,0.9658
1.0,0.5217,0.6857,0.9717
1.0,0.5217,0.6857,0.9834
0.96,0.4898,0.6486,0.9675
0.92,0.5111,0.6571,0.9448
0.96,0.4706,0.6316,0.9679
1.0,0.5217,0.6857,0.9686
0.9583,0.5476,0.697,0.9718
0.9167,0.5,0.6471,0.9758
1.0,0.5581,0.7164,0.9693
0.9583,0.451,0.6133,0.9606
0.9583,0.4694,0.6301,0.9555
1.0,0.5106,0.6761,0.9757
0.96,0.5581,0.7059,0.9633
0.96,0.5455,0.6957,0.9628
0.92,0.5111,0.6571,0.9522
0.9583,0.5476,0.697,0.9772
0.9583,0.5227,0.6765,0.9654
0.8333,0.5405,0.6557,0.9627
1.0,0.4898,0.6575,0.9859
0.9583,0.5227,0.6765,0.951
0.9583,0.4694,0.6301,0.9639
0.875,0.6364,0.7368,0.9739
1.0,0.5208,0.6849,0.9742
1.0,0.5556,0.7143,0.9632
1.0,0.5,0.6667,0.9843
0.9583,0.561,0.7077,0.9574
0.9583,0.575,0.7188,0.9811
0.9583,0.4423,0.6053,0.9478
0.9583,0.5,0.6571,0.9533
0.9583,0.4792,0.6389,0.9531
1.0,0.4364,0.6076,0.9783
0.9583,0.5227,0.6765,0.9739
0.96,0.5714,0.7164,0.9795
1.0,0.5319,0.6944,0.9673
0.92,0.451,0.6053,0.9599
0.9583,0.46,0.6216,0.9518
1.0,0.4615,0.6316,0.9572
0.9167,0.5641,0.6984,0.9756
1.0,0.5854,0.7385,0.9796
0.875,0.5122,0.6462,0.9556
1.0,0.5,0.6667,0.9655
0.9583,0.5476,0.697,0.9687
0.88,0.5641,0.6875,0.9651
0.96,0.5455,0.6957,0.9847
0.92,0.4694,0.6216,0.9532
0.9583,0.4894,0.6479,0.9615
1.0,0.6,0.75,0.9857
0.9167,0.449,0.6027,0.9473
1.0,0.5333,0.6957,0.9711
0.9583,0.575,0.7188,0.9778
1.0,0.5106,0.6761,0.9673
1.0,0.4615,0.6316,0.9526
1.0,0.5556,0.7143,0.9906
1.0,0.4545,0.625,0.9536
1.0,0.5319,0.6944,0.9736
1.0,0.5106,0.6761,0.9628
0.9583,0.5349,0.6866,0.9784
0.9583,0.575,0.7188,0.9697
0.9583,0.451,0.6133,0.9684
0.9583,0.5476,0.697,0.9816
0.9583,0.5227,0.6765,0.9579
1.0,0.5,0.6667,0.9588
1.0,0.6579,0.7937,0.9796
0.88,0.55,0.6769,0.9498
0.96,0.4528,0.6154,0.969
1.0,0.5854,0.7385,0.981
0.875,0.6176,0.7241,0.9722
0.9167,0.4231,0.5789,0.957
1.0,0.5217,0.6857,0.9763
0.875,0.6,0.7119,0.9771
1.0,0.48,0.6486,0.9561
0.9583,0.5111,0.6667,0.9508
0.92,0.5349,0.6765,0.9693
0.96,0.4528,0.6154,0.9542
1.0,0.6098,0.7576,0.9748
0.9583,0.434,0.5974,0.9572
1.0,0.5581,0.7164,0.9646
0.9583,0.5476,0.697,0.9688
1.0,0.5581,0.7164,0.9673
0.9583,0.4894,0.6479,0.9734
0.9167,0.4783,0.6286,0.9538
0.9583,0.575,0.7188,0.9778
0.96,0.5581,0.7059,0.9659
0.92,0.5,0.6479,0.9593
0.92,0.561,0.697,0.962
0.875,0.42,0.5676,0.9429
0.9583,0.4792,0.6389,0.969
1.0,0.5455,0.7059,0.9676
1.0,0.4444,0.6154,0.9609
1.0,0.5455,0.7059,0.9744
1.0,0.5217,0.6857,0.9688
1.0,0.5455,0.7059,0.9744
0.96,0.5455,0.6957,0.9594
0.92,0.4694,0.6216,0.9323
0.96,0.6316,0.7619,0.9796
0.9583,0.5349,0.6866,0.9632
1.0,0.5,0.6667,0.9703
0.875,0.4884,0.6269,0.9493
1.0,0.5217,0.6857,0.9659
0.9167,0.5641,0.6984,0.9751
1.0,0.4444,0.6154,0.956
0.9167,0.4681,0.6197,0.9448
0.92,0.6389,0.7541,0.9678
1.0,0.5208,0.6849,0.9788
0.88,0.55,0.6769,0.9612
0.9583,0.4792,0.6389,0.9507
1.0,0.5455,0.7059,0.9738
1.0,0.4138,0.5854,0.9477
0.9167,0.6667,0.7719,0.9832
0.875,0.525,0.6563,0.9653
1.0,0.5714,0.7273,0.9844
0.875,0.5122,0.6462,0.955
1.0,0.641,0.7813,0.9868
0.96,0.5,0.6575,0.9472
0.96,0.48,0.64,0.9546
1.0,0.5106,0.6761,0.964
0.9583,0.5349,0.6866,0.9695
1.0,0.4364,0.6076,0.9685
1.0,0.5333,0.6957,0.9794
0.9167,0.5366,0.6769,0.9686
0.9583,0.5476,0.697,0.9658
1.0,0.6154,0.7619,0.9698
0.96,0.4528,0.6154,0.9601
0.96,0.5217,0.6761,0.9544
1.0,0.5102,0.6757,0.9759
1.0,0.4615,0.6316,0.9774
0.9167,0.5366,0.6769,0.9586
0.9583,0.5111,0.6667,0.9644
1.0,0.5455,0.7059,0.9637
0.9583,0.5476,0.697,0.9614
0.9583,0.5227,0.6765,0.9678
0.9583,0.5476,0.697,0.9562
1.0,0.4386,0.6098,0.967
0.84,0.5676,0.6774,0.9651
1.0,0.5952,0.7463,0.9789
1.0,0.5333,0.6957,0.9788
0.9583,0.561,0.7077,0.9563
1.0,0.5217,0.6857,0.9758
0.9583,0.5349,0.6866,0.9554
1.0,0.4615,0.6316,0.9718
1.0,0.48,0.6486,0.9693
0.875,0.5122,0.6462,0.9553
0.92,0.5349,0.6765,0.961
0.88,0.5,0.6377,0.9572
0.96,0.5854,0.7273,0.9748
1.0,0.4898,0.6575,0.9781
1.0,0.4364,0.6076,0.9565
1.0,0.5581,0.7164,0.9794
1.0,0.5455,0.7059,0.986
0.9583,0.5476,0.697,0.9739
0.9583,0.4694,0.6301,0.9648
0.9167,0.5238,0.6667,0.9596
0.88,0.5641,0.6875,0.9706
0.96,0.5217,0.6761,0.96
0.96,0.5106,0.6667,0.9536
1.0,0.4364,0.6076,0.9821
1.0,0.5333,0.6957,0.9821
0.9167,0.5116,0.6567,0.9675
0.9167,0.4231,0.5789,0.9303
1.0,0.5581,0.7164,0.9787
0.9583,0.5349,0.6866,0.9693
0.9167,0.5,0.6471,0.9623
1.0,0.4808,0.6494,0.9617
0.96,0.48,0.64,0.9474
0.96,0.5581,0.7059,0.9772
0.875,0.6,0.7119,0.9646
0.9583,0.561,0.7077,0.9778
0.9167,0.5116,0.6567,0.968
0.9583,0.5476,0.697,0.9697
0.9583,0.5111,0.6667,0.9729
0.9583,0.5,0.6571,0.9484
1.0,0.4706,0.64,0.9624
1.0,0.5319,0.6944,0.9777
0.96,0.5714,0.7164,0.9702
1.0,0.4902,0.6579,0.9731
1.0,0.5,0.6667,0.9825
0.9583,0.5897,0.7302,0.9828
1.0,0.5333,0.6957,0.9484
1.0,0.4286,0.6,0.9592
0.9583,0.5476,0.697,0.9698
0.7917,0.5278,0.6333,0.9411
1.0,0.6,0.75,0.9796
0.92,0.6571,0.7667,0.9775
0.88,0.5366,0.6667,0.9749
1.0,0.6579,0.7937,0.9807
0.9167,0.4889,0.6377,0.9713
1.0,0.4528,0.6234,0.9695
0.9167,0.4314,0.5867,0.954
1.0,0.4706,0.64,0.9569
1.0,0.5581,0.7164,0.9861
0.8333,0.4444,0.5797,0.9051
1.0,0.5208,0.6849,0.964
1.0,0.4717,0.641,0.9727
0.96,0.5106,0.6667,0.9465
0.9167,0.4783,0.6286,0.9684
1.0,0.5217,0.6857,0.9711
1.0,0.5455,0.7059,0.9851
1.0,0.5333,0.6957,0.9713
0.875,0.6563,0.75,0.9698
0.9583,0.5,0.6571,0.9671
0.9583,0.5476,0.697,0.9702
0.9167,0.55,0.6875,0.9596
0.92,0.575,0.7077,0.9628
1.0,0.5102,0.6757,0.982
0.92,0.561,0.697,0.9594
0.9583,0.5227,0.6765,0.9703
0.9167,0.5,0.6471,0.9483
0.9167,0.4783,0.6286,0.9534
0.9167,0.3729,0.5301,0.9525
1.0,0.5333,0.6957,0.9826
0.9583,0.6053,0.7419,0.9774
0.9583,0.5227,0.6765,0.9735
0.96,0.5106,0.6667,0.9651
0.96,0.5714,0.7164,0.9683
0.88,0.5789,0.6984,0.968
0.9583,0.5111,0.6667,0.9742
1.0,0.4138,0.5854,0.9783
0.9583,0.5476,0.697,0.9525
0.9583,0.4894,0.6479,0.96
0.9583,0.451,0.6133,0.9735
1.0,0.4615,0.6316,0.969
0.9167,0.5116,0.6567,0.9617
1.0,0.4545,0.625,0.9668
1.0,0.5814,0.7353,0.9694
1.0,0.4717,0.641,0.9714
0.9583,0.5111,0.6667,0.9718
0.9167,0.55,0.6875,0.9688
0.9583,0.5227,0.6765,0.9632
1.0,0.6486,0.7869,0.9797
0.875,0.4667,0.6087,0.9415
0.875,0.4565,0.6,0.9488
0.9583,0.5349,0.6866,0.9723
0.92,0.4894,0.6389,0.953
1.0,0.5,0.6667,0.9773
0.96,0.6,0.7385,0.9598
0.9167,0.5366,0.6769,0.9808
0.9583,0.4894,0.6479,0.943
1.0,0.48,0.6486,0.9805
0.875,0.525,0.6563,0.9567
1.0,0.5217,0.6857,0.9703
0.9167,0.4681,0.6197,0.957
1.0,0.6,0.75,0.9618
0.96,0.5455,0.6957,0.9612
1.0,0.4808,0.6494,0.9588
0.96,0.5714,0.7164,0.9815
0.9583,0.4894,0.6479,0.9561
0.9583,0.4423,0.6053,0.9646
0.9167,0.5641,0.6984,0.9778
1.0,0.5217,0.6857,0.9829
1.0,0.5106,0.6761,0.9726
0.9167,0.4583,0.6111,0.9623
1.0,0.5106,0.6761,0.9703
1.0,0.5556,0.7143,0.9644
0.96,0.5581,0.7059,0.9684
0.96,0.5106,0.6667,0.9727
0.9583,0.4792,0.6389,0.9747
0.9583,0.4694,0.6301,0.9515
1.0,0.5455,0.7059,0.9834
1.0,0.5854,0.7385,0.9838
0.9583,0.5111,0.6667,0.9585
0.9583,0.46,0.6216,0.9637
0.9583,0.5897,0.7302,0.9808
1.0,0.4717,0.641,0.9743
0.88,0.5366,0.6667,0.9565
0.92,0.5227,0.6667,0.9685
1.0,0.5106,0.6761,0.9838
1.0,0.48,0.6486,0.9664
0.9583,0.5111,0.6667,0.9457
0.9583,0.4894,0.6479,0.9623
0.9583,0.4792,0.6389,0.9559
0.9583,0.561,0.7077,0.9688
0.96,0.5217,0.6761,0.9625
0.96,0.4706,0.6316,0.9477
1.0,0.5435,0.7042,0.9828
0.9583,0.575,0.7188,0.971
1.0,0.5333,0.6957,0.9736
1.0,0.5106,0.6761,0.9633
0.9583,0.4694,0.6301,0.9646
0.9167,0.5366,0.6769,0.9711
0.9583,0.5227,0.6765,0.9558
0.9583,0.4792,0.6389,0.9631
0.7917,0.5429,0.6441,0.9579
0.96,0.4898,0.6486,0.9685
1.0,0.6098,0.7576,0.9835
0.96,0.4898,0.6486,0.9694
0.9583,0.5,0.6571,0.9686
0.9583,0.5476,0.697,0.9839
0.9167,0.55,0.6875,0.9604
0.9583,0.4792,0.6389,0.959
1.0,0.4898,0.6575,0.9513
0.9583,0.5476,0.697,0.969
RUSVoteBag
1.0,0.5333,0.6957,0.9578
1.0,0.5556,0.7143,0.9673
0.92,0.6053,0.7302,0.9616
0.92,0.5349,0.6765,0.9651
1.0,0.5106,0.6761,0.9637
1.0,0.6,0.75,0.9924
1.0,0.5217,0.6857,0.9572
0.8333,0.5882,0.6897,0.9669
0.875,0.5385,0.6667,0.9549
0.9583,0.4694,0.6301,0.9363
0.9167,0.5,0.6471,0.9416
0.88,0.5946,0.7097,0.9588
0.92,0.561,0.697,0.9402
1.0,0.5319,0.6944,0.974
1.0,0.5217,0.6857,0.9754
0.9583,0.5349,0.6866,0.9724
0.9583,0.5349,0.6866,0.9495
0.9583,0.5,0.6571,0.9568
1.0,0.5854,0.7385,0.9715
1.0,0.4898,0.6575,0.9644
1.0,0.5,0.6667,0.9479
1.0,0.4902,0.6579,0.9484
0.96,0.5854,0.7273,0.9765
0.96,0.5455,0.6957,0.9548
0.7917,0.4872,0.6032,0.9277
0.9583,0.5897,0.7302,0.9736
0.9583,0.575,0.7188,0.9722
0.9583,0.575,0.7188,0.9586
0.9583,0.451,0.6133,0.9523
0.9583,0.6216,0.7541,0.9769
0.9583,0.5111,0.6667,0.9682
1.0,0.5682,0.7246,0.973
0.96,0.5455,0.6957,0.9652
1.0,0.5682,0.7246,0.9632
0.9167,0.55,0.6875,0.9662
0.9583,0.5227,0.6765,0.9549
0.9583,0.5349,0.6866,0.9633
0.9167,0.5641,0.6984,0.9654
0.8333,0.5405,0.6557,0.9343
1.0,0.5,0.6667,0.9534
1.0,0.4706,0.64,0.9586
0.92,0.6216,0.7419,0.9495
0.92,0.4894,0.6389,0.9416
0.96,0.5,0.6575,0.9338
0.9583,0.5,0.6571,0.9543
0.9583,0.561,0.7077,0.9673
0.9583,0.5227,0.6765,0.973
0.9583,0.5349,0.6866,0.9676
0.875,0.5385,0.6667,0.96
0.9583,0.6216,0.7541,0.9821
0.8333,0.5,0.625,0.9486
1.0,0.625,0.7692,0.9721
0.96,0.5333,0.6857,0.9484
1.0,0.5556,0.7143,0.9635
1.0,0.4615,0.6316,0.938
0.9583,0.5897,0.7302,0.9632
0.9583,0.5227,0.6765,0.9576
0.8333,0.5128,0.6349,0.9587
1.0,0.5,0.6667,0.9673
0.9583,0.5476,0.697,0.9671
0.9583,0.5476,0.697,0.9617
0.88,0.5,0.6377,0.9502
0.92,0.6053,0.7302,0.9747
1.0,0.4717,0.641,0.9438
1.0,0.4615,0.6316,0.9501
0.9583,0.6765,0.7931,0.9752
1.0,0.5106,0.6761,0.9761
0.9167,0.5366,0.6769,0.9594
0.9167,0.4681,0.6197,0.9459
0.9167,0.6286,0.7458,0.946
0.9583,0.6053,0.7419,0.9709
0.96,0.5455,0.6957,0.9598
0.96,0.5581,0.7059,0.9531
0.88,0.5641,0.6875,0.9693
0.9583,0.5476,0.697,0.978
0.9167,0.5789,0.7097,0.9612
0.9167,0.4783,0.6286,0.9429
0.9583,0.4792,0.6389,0.9518
1.0,0.5333,0.6957,0.9681
0.9583,0.5111,0.6667,0.9496
0.9167,0.5641,0.6984,0.9443
1.0,0.5208,0.6849,0.9781
0.92,0.575,0.7077,0.9652
0.96,0.6,0.7385,0.9681
1.0,0.5854,0.7385,0.9651
0.9167,0.5641,0.6984,0.9646
1.0,0.4898,0.6575,0.9742
0.9167,0.4583,0.6111,0.9491
1.0,0.5106,0.6761,0.959
0.9583,0.6053,0.7419,0.9558
0.9167,0.55,0.6875,0.9599
0.92,0.5476,0.6866,0.9414
0.92,0.5349,0.6765,0.9542
0.96,0.4898,0.6486,0.949
1.0,0.5714,0.7273,0.9699
0.9167,0.5789,0.7097,0.9613
0.9583,0.5349,0.6866,0.9726
1.0,0.5333,0.6957,0.9722
0.9167,0.5,0.6471,0.9461
1.0,0.5854,0.7385,0.9635
0.9583,0.5349,0.6866,0.9514
1.0,0.5814,0.7353,0.9668
0.96,0.6,0.7385,0.9619
1.0,0.5814,0.7353,0.9694
0.9167,0.55,0.6875,0.9547
1.0,0.5217,0.6857,0.9505
0.9583,0.4694,0.6301,0.9275
0.875,0.5385,0.6667,0.9541
0.875,0.525,0.6563,0.9587
1.0,0.4615,0.6316,0.9627
0.9583,0.5476,0.697,0.9762
0.88,0.5641,0.6875,0.9488
0.96,0.4706,0.6316,0.9601
0.92,0.46,0.6133,0.963
1.0,0.5217,0.6857,0.9749
1.0,0.5854,0.7385,0.9769
0.9167,0.5366,0.6769,0.9514
0.9583,0.6216,0.7541,0.9599
1.0,0.5581,0.7164,0.9506
0.9167,0.4783,0.6286,0.9576
0.9167,0.5641,0.6984,0.9358
1.0,0.641,0.7813,0.9793
0.96,0.5217,0.6761,0.9605
0.96,0.4528,0.6154,0.962
0.9583,0.575,0.7188,0.9742
0.9167,0.5,0.6471,0.9367
1.0,0.4528,0.6234,0.9392
0.9167,0.5946,0.7213,0.9536
1.0,0.5333,0.6957,0.9731
0.9167,0.5,0.6471,0.943
0.9583,0.5349,0.6866,0.9646
0.92,0.4792,0.6301,0.952
0.92,0.5897,0.7188,0.9589
0.92,0.6216,0.7419,0.9679
0.9583,0.561,0.7077,0.9657
0.9583,0.5349,0.6866,0.9565
1.0,0.48,0.6486,0.9635
0.8333,0.5405,0.6557,0.9533
0.9583,0.5349,0.6866,0.9604
0.9167,0.5,0.6471,0.9465
0.8333,0.4762,0.6061,0.9149
0.92,0.6053,0.7302,0.9704
0.88,0.5366,0.6667,0.9522
0.96,0.6154,0.75,0.9751
1.0,0.6,0.75,0.9743
0.9167,0.5366,0.6769,0.9414
1.0,0.4444,0.6154,0.93
1.0,0.5714,0.7273,0.9582
1.0,0.5714,0.7273,0.9726
0.9583,0.4792,0.6389,0.9536
0.8333,0.5,0.625,0.9468
0.96,0.5455,0.6957,0.966
1.0,0.625,0.7692,0.9779
1.0,0.5952,0.7463,0.9644
0.9167,0.5116,0.6567,0.9581
1.0,0.5333,0.6957,0.9644
0.9583,0.4792,0.6389,0.9421
0.9167,0.5238,0.6667,0.9316
1.0,0.4364,0.6076,0.9442
0.9583,0.5897,0.7302,0.9781
0.9583,0.5111,0.6667,0.9481
1.0,0.4717,0.641,0.9542
0.88,0.5,0.6377,0.9491
0.96,0.5333,0.6857,0.9653
0.9167,0.5789,0.7097,0.9667
0.9167,0.5641,0.6984,0.9668
0.875,0.5526,0.6774,0.9469
0.9583,0.4894,0.6479,0.9631
0.8333,0.5,0.625,0.9375
0.9583,0.6389,0.7667,0.9711
0.9167,0.5366,0.6769,0.9363
0.96,0.48,0.64,0.9547
0.92,0.6389,0.7541,0.9616
0.96,0.6154,0.75,0.9581
0.9583,0.5227,0.6765,0.9519
0.9583,0.5111,0.6667,0.9426
1.0,0.6154,0.7619,0.9766
1.0,0.5581,0.7164,0.9717
0.9583,0.4694,0.6301,0.9573
0.9583,0.5111,0.6667,0.9693
0.9583,0.4792,0.6389,0.9413
0.92,0.4694,0.6216,0.9421
1.0,0.5682,0.7246,0.9672
1.0,0.5319,0.6944,0.9525
1.0,0.5455,0.7059,0.9717
0.875,0.5122,0.6462,0.9493
0.9583,0.575,0.7188,0.9713
0.9167,0.5238,0.6667,0.9595
0.9167,0.6286,0.7458,0.9726
1.0,0.5333,0.6957,0.9622
0.875,0.5526,0.6774,0.9395
0.96,0.5581,0.7059,0.979
0.92,0.6053,0.7302,0.9556
0.92,0.5227,0.6667,0.9558
1.0,0.5455,0.7059,0.9766
1.0,0.5581,0.7164,0.9694
1.0,0.5217,0.6857,0.97
0.9583,0.5227,0.6765,0.964
0.9583,0.5111,0.6667,0.9469
1.0,0.4528,0.6234,0.9597
0.9583,0.5476,0.697,0.9647
1.0,0.4717,0.641,0.9473
0.84,0.5676,0.6774,0.9574
1.0,0.5682,0.7246,0.9677
0.9583,0.5476,0.697,0.9578
0.9583,0.4792,0.6389,0.9579
0.875,0.4773,0.6176,0.9464
0.9167,0.55,0.6875,0.9641
1.0,0.5106,0.6761,0.9549
0.9583,0.561,0.7077,0.9615
0.9583,0.5476,0.697,0.9712
0.88,0.5641,0.6875,0.9525
0.92,0.6389,0.7541,0.9635
0.96,0.6316,0.7619,0.9736
0.9583,0.5111,0.6667,0.9668
0.9583,0.4792,0.6389,0.9565
0.9583,0.5349,0.6866,0.9592
0.9583,0.4792,0.6389,0.9542
0.9583,0.5111,0.6667,0.9554
0.9167,0.5366,0.6769,0.961
0.875,0.4375,0.5833,0.9197
0.96,0.5106,0.6667,0.9472
0.96,0.5455,0.6957,0.9659
0.96,0.5333,0.6857,0.9641
0.7917,0.4872,0.6032,0.9489
0.9583,0.5349,0.6866,0.9739
0.9167,0.55,0.6875,0.9568
0.9583,0.6053,0.7419,0.9702
0.7917,0.5588,0.6552,0.9547
1.0,0.6,0.75,0.9898
0.875,0.5122,0.6462,0.9611
0.84,0.5122,0.6364,0.942
1.0,0.5319,0.6944,0.9781
0.96,0.4898,0.6486,0.9635
0.875,0.525,0.6563,0.9313
1.0,0.5854,0.7385,0.981
0.9583,0.5349,0.6866,0.9623
0.9167,0.55,0.6875,0.9742
0.9167,0.5789,0.7097,0.9416
0.875,0.4565,0.6,0.9387
1.0,0.6154,0.7619,0.9775
0.96,0.5333,0.6857,0.9601
0.96,0.6486,0.7742,0.987
0.92,0.575,0.7077,0.9596
0.9583,0.5476,0.697,0.9666
1.0,0.5854,0.7385,0.9567
0.9583,0.4423,0.6053,0.9307
1.0,0.6154,0.7619,0.9682
0.8333,0.4762,0.6061,0.914
0.875,0.4565,0.6,0.9178
1.0,0.625,0.7692,0.9686
0.92,0.4694,0.6216,0.9305
0.92,0.575,0.7077,0.9644
0.875,0.5833,0.7,0.9701
0.9583,0.5111,0.6667,0.9603
1.0,0.5455,0.7059,0.957
0.9583,0.4694,0.6301,0.9365
0.9583,0.5,0.6571,0.9479
1.0,0.5,0.6667,0.9691
1.0,0.5714,0.7273,0.9722
0.96,0.5581,0.7059,0.9525
0.84,0.5676,0.6774,0.9537
1.0,0.4902,0.6579,0.9837
0.9167,0.449,0.6027,0.9344
0.875,0.5676,0.6885,0.9693
0.9167,0.5366,0.6769,0.9577
0.9583,0.5227,0.6765,0.9492
0.9583,0.5227,0.6765,0.9443
1.0,0.5333,0.6957,0.9482
1.0,0.5714,0.7273,0.9796
0.9583,0.5476,0.697,0.9642
1.0,0.5102,0.6757,0.9432
0.92,0.4792,0.6301,0.942
0.96,0.4898,0.6486,0.9298
1.0,0.6486,0.7869,0.9883
1.0,0.5714,0.7273,0.9703
1.0,0.6,0.75,0.9778
0.9167,0.4889,0.6377,0.9577
0.875,0.5385,0.6667,0.9516
1.0,0.5581,0.7164,0.9555
1.0,0.5217,0.6857,0.9831
1.0,0.4902,0.6579,0.9536
1.0,0.625,0.7692,0.9609
0.92,0.5227,0.6667,0.943
0.9583,0.6053,0.7419,0.9708
0.9583,0.5476,0.697,0.9658
0.9583,0.6571,0.7797,0.972
0.9167,0.4783,0.6286,0.9641
0.9583,0.5111,0.6667,0.9532
1.0,0.5106,0.6761,0.9659
0.9583,0.4423,0.6053,0.945
1.0,0.5208,0.6849,0.9668
1.0,0.6098,0.7576,0.9749
0.96,0.5,0.6575,0.9404
0.9167,0.4783,0.6286,0.9389
0.875,0.6176,0.7241,0.9684
0.9583,0.5897,0.7302,0.9572
0.9167,0.5641,0.6984,0.9649
1.0,0.5455,0.7059,0.9839
1.0,0.5106,0.6761,0.9689
0.9583,0.561,0.7077,0.9594
1.0,0.5814,0.7353,0.9673
1.0,0.5435,0.7042,0.9644
0.88,0.5366,0.6667,0.9383
1.0,0.5854,0.7385,0.9772
0.9583,0.4894,0.6479,0.9577
1.0,0.4528,0.6234,0.9668
0.9583,0.5111,0.6667,0.9558
0.875,0.5122,0.6462,0.9415
0.9167,0.6471,0.7586,0.9745
0.9583,0.5897,0.7302,0.9677
0.96,0.5455,0.6957,0.9416
0.92,0.5897,0.7188,0.9656
1.0,0.4808,0.6494,0.9519
1.0,0.5333,0.6957,0.9742
0.9167,0.5238,0.6667,0.9594
1.0,0.5455,0.7059,0.9568
0.9167,0.5238,0.6667,0.9538
1.0,0.5455,0.7059,0.9689
1.0,0.5455,0.7059,0.9784
1.0,0.5581,0.7164,0.9587
0.84,0.4565,0.5915,0.95
0.96,0.6667,0.7869,0.9693
0.88,0.55,0.6769,0.9709
1.0,0.6486,0.7869,0.9672
1.0,0.4615,0.6316,0.9515
0.875,0.4773,0.6176,0.9507
1.0,0.5455,0.7059,0.9703
0.9167,0.44,0.5946,0.9424
1.0,0.5581,0.7164,0.9823
1.0,0.5682,0.7246,0.9719
1.0,0.641,0.7813,0.9711
0.96,0.4706,0.6316,0.9453
1.0,0.4615,0.6316,0.9665
0.75,0.4615,0.5714,0.9356
0.9167,0.6111,0.7333,0.9543
0.9583,0.5227,0.6765,0.9587
0.9167,0.5789,0.7097,0.9729
0.9167,0.55,0.6875,0.9583
0.9583,0.4694,0.6301,0.95
1.0,0.5455,0.7059,0.9563
1.0,0.625,0.7692,0.9735
0.92,0.4894,0.6389,0.9591
1.0,0.5814,0.7353,0.9514
0.9583,0.5,0.6571,0.9603
0.9583,0.4792,0.6389,0.9556
0.9167,0.4783,0.6286,0.9344
0.9167,0.5366,0.6769,0.9528
0.9167,0.5366,0.6769,0.96
0.9583,0.6053,0.7419,0.9739
0.875,0.4773,0.6176,0.934
0.96,0.4364,0.6,0.9438
0.92,0.6765,0.7797,0.9722
0.96,0.4615,0.6234,0.9562
0.9583,0.5349,0.6866,0.9523
1.0,0.5714,0.7273,0.9663
0.9583,0.5897,0.7302,0.9588
1.0,0.6154,0.7619,0.9767
0.875,0.4884,0.6269,0.9601
1.0,0.6,0.75,0.9739
0.875,0.4468,0.5915,0.932
0.96,0.5217,0.6761,0.9586
0.96,0.5854,0.7273,0.9586
1.0,0.6098,0.7576,0.974
0.9167,0.5789,0.7097,0.9677
0.9167,0.6111,0.7333,0.9631
0.9583,0.5476,0.697,0.959
1.0,0.5581,0.7164,0.9811
1.0,0.5455,0.7059,0.9644
0.8333,0.4255,0.5634,0.9333
0.96,0.5106,0.6667,0.9719
0.96,0.5333,0.6857,0.9636
0.8,0.5,0.6154,0.9426
0.875,0.4773,0.6176,0.9473
0.9583,0.5897,0.7302,0.969
0.8333,0.6061,0.7018,0.9483
1.0,0.5333,0.6957,0.9617
0.9583,0.6053,0.7419,0.9606
1.0,0.4615,0.6316,0.9514
1.0,0.5333,0.6957,0.9659
0.875,0.4468,0.5915,0.9459
0.92,0.46,0.6133,0.9519
1.0,0.5208,0.6849,0.9662
0.88,0.5641,0.6875,0.957
0.9167,0.6667,0.7719,0.9781
1.0,0.5714,0.7273,0.9597
1.0,0.6,0.75,0.9749
1.0,0.4706,0.64,0.9518
1.0,0.5,0.6667,0.939
0.8333,0.5714,0.678,0.9489
1.0,0.6,0.75,0.9702
0.92,0.5897,0.7188,0.9679
0.92,0.5,0.6479,0.9301
1.0,0.4717,0.641,0.9502
0.9583,0.5476,0.697,0.9556
0.9583,0.575,0.7188,0.9632
0.9167,0.5116,0.6567,0.9711
0.875,0.4884,0.6269,0.9275
1.0,0.5455,0.7059,0.9771
0.9583,0.6389,0.7667,0.9726
0.9583,0.5111,0.6667,0.9521
0.96,0.4364,0.6,0.9348
1.0,0.5319,0.6944,0.9591
0.88,0.5116,0.6471,0.9701
1.0,0.5581,0.7164,0.9684
0.9583,0.6389,0.7667,0.9527
1.0,0.5217,0.6857,0.9649
0.9583,0.5476,0.697,0.9747
1.0,0.5581,0.7164,0.9559
0.9583,0.575,0.7188,0.9614
0.92,0.6053,0.7302,0.9665
0.96,0.5455,0.6957,0.9459
0.96,0.48,0.64,0.9516
0.9583,0.4894,0.6479,0.9395
1.0,0.5714,0.7273,0.9715
1.0,0.4898,0.6575,0.964
0.9583,0.6053,0.7419,0.9654
0.9583,0.5227,0.6765,0.9546
0.9583,0.6053,0.7419,0.9549
0.875,0.525,0.6563,0.948
0.8333,0.4878,0.6154,0.9408
0.96,0.6316,0.7619,0.971
1.0,0.5682,0.7246,0.9749
0.92,0.5476,0.6866,0.9553
1.0,0.5455,0.7059,0.9569
0.9583,0.5476,0.697,0.9736
1.0,0.5106,0.6761,0.9614
0.9583,0.5227,0.6765,0.9646
0.9583,0.5,0.6571,0.9621
0.875,0.525,0.6563,0.9689
0.96,0.6154,0.75,0.9623
0.96,0.5106,0.6667,0.9464
0.92,0.5476,0.6866,0.9693
0.9583,0.4792,0.6389,0.9551
1.0,0.5455,0.7059,0.9709
0.9583,0.6053,0.7419,0.9736
1.0,0.48,0.6486,0.9511
0.9167,0.55,0.6875,0.9617
0.9583,0.5111,0.6667,0.9573
0.9167,0.4783,0.6286,0.9541
0.9167,0.5238,0.6667,0.9363
0.92,0.6053,0.7302,0.9583
0.96,0.5854,0.7273,0.9549
0.96,0.4898,0.6486,0.9451
0.9583,0.561,0.7077,0.9628
0.9167,0.4783,0.6286,0.9582
0.9583,0.5476,0.697,0.9633
0.9167,0.4889,0.6377,0.9389
1.0,0.5854,0.7385,0.9776
1.0,0.5455,0.7059,0.9691
0.9167,0.5116,0.6567,0.9369
0.96,0.5581,0.7059,0.9678
0.96,0.6154,0.75,0.9732
1.0,0.5208,0.6849,0.9685
0.9167,0.5,0.6471,0.9444
0.9583,0.6389,0.7667,0.9742
1.0,0.5455,0.7059,0.9726
0.9167,0.5,0.6471,0.943
0.9167,0.5238,0.6667,0.9541
0.9167,0.5,0.6471,0.9592
0.9583,0.4894,0.6479,0.9516
0.96,0.5106,0.6667,0.9564
0.92,0.5897,0.7188,0.9675
1.0,0.4808,0.6494,0.9379
1.0,0.5333,0.6957,0.9703
0.875,0.5526,0.6774,0.9514
0.9583,0.5227,0.6765,0.9547
0.9583,0.5111,0.6667,0.9627
0.9167,0.6471,0.7586,0.9752
0.9583,0.5897,0.7302,0.9626
0.9583,0.4894,0.6479,0.9642
1.0,0.6098,0.7576,0.9752
0.92,0.575,0.7077,0.9726
0.92,0.575,0.7077,0.9656
1.0,0.5333,0.6957,0.9604
0.9167,0.5238,0.6667,0.9519
0.9583,0.5349,0.6866,0.9534
0.9167,0.5116,0.6567,0.9388
0.875,0.5385,0.6667,0.9576
0.9167,0.5366,0.6769,0.9439
0.9583,0.4694,0.6301,0.9491
0.96,0.5217,0.6761,0.9527
0.92,0.5349,0.6765,0.966
0.96,0.5333,0.6857,0.9589
0.9167,0.5641,0.6984,0.9695
0.9583,0.5349,0.6866,0.9657
1.0,0.4898,0.6575,0.9637
1.0,0.5217,0.6857,0.9635
0.9167,0.5116,0.6567,0.9582
0.9583,0.5897,0.7302,0.9711
1.0,0.5854,0.7385,0.9636
0.96,0.5854,0.7273,0.9684
0.96,0.5217,0.6761,0.9625
1.0,0.5435,0.7042,0.949
0.875,0.4773,0.6176,0.9205
0.875,0.5526,0.6774,0.9417
0.9167,0.6111,0.7333,0.9657
0.9583,0.5897,0.7302,0.9655
1.0,0.5106,0.6761,0.9686
1.0,0.5217,0.6857,0.972
0.9583,0.6216,0.7541,0.9651
0.96,0.5217,0.6761,0.9602
1.0,0.4464,0.6173,0.9386
0.92,0.561,0.697,0.9537
0.9167,0.5238,0.6667,0.9456
0.9167,0.5,0.6471,0.9543
1.0,0.5581,0.7164,0.9694
1.0,0.5333,0.6957,0.9794
0.9583,0.6216,0.7541,0.9627
0.9583,0.6053,0.7419,0.9686
1.0,0.5714,0.7273,0.9758
0.96,0.5854,0.7273,0.9711
0.96,0.4211,0.5854,0.9359
1.0,0.5435,0.7042,0.9553
0.875,0.75,0.8077,0.9735
0.9583,0.46,0.6216,0.9604
0.9167,0.5641,0.6984,0.9644
1.0,0.5455,0.7059,0.957
0.9583,0.5349,0.6866,0.9648
0.9167,0.4314,0.5867,0.9317
1.0,0.5455,0.7059,0.9449
1.0,0.5319,0.6944,0.9756
0.88,0.55,0.6769,0.9447
0.96,0.5581,0.7059,0.9541
0.9583,0.575,0.7188,0.972
1.0,0.5,0.6667,0.9658
0.875,0.4773,0.6176,0.9536
0.9583,0.561,0.7077,0.9676
0.875,0.4773,0.6176,0.9338
0.9583,0.6571,0.7797,0.9648
1.0,0.5,0.6667,0.9663
0.96,0.6154,0.75,0.9651
0.96,0.5,0.6575,0.9377
1.0,0.5319,0.6944,0.9684
0.9167,0.6111,0.7333,0.976
1.0,0.4898,0.6575,0.95
0.9583,0.561,0.7077,0.965
1.0,0.5106,0.6761,0.9619
0.9583,0.5897,0.7302,0.9699
0.9167,0.4783,0.6286,0.9545
0.875,0.525,0.6563,0.951
0.96,0.5333,0.6857,0.9362
0.96,0.5581,0.7059,0.9607
0.96,0.5854,0.7273,0.9679
0.9167,0.4681,0.6197,0.9572
0.875,0.4884,0.6269,0.95
1.0,0.5714,0.7273,0.9726
0.9583,0.5,0.6571,0.9608
1.0,0.5714,0.7273,0.9724
0.9583,0.5476,0.697,0.963
0.92,0.5,0.6479,0.9386
0.96,0.5455,0.6957,0.9585
1.0,0.5556,0.7143,0.9622
0.9583,0.6389,0.7667,0.9808
1.0,0.5106,0.6761,0.9514
0.9583,0.4894,0.6479,0.9416
0.9583,0.5227,0.6765,0.9586
0.9167,0.6471,0.7586,0.9744
0.9583,0.5476,0.697,0.9778
0.875,0.4773,0.6176,0.9507
0.96,0.5714,0.7164,0.9485
0.96,0.4898,0.6486,0.9679
0.92,0.561,0.697,0.9644
0.9583,0.4694,0.6301,0.9466
0.9583,0.561,0.7077,0.9552
0.9167,0.5238,0.6667,0.9403
0.9167,0.5946,0.7213,0.9784
0.9167,0.44,0.5946,0.956
1.0,0.5333,0.6957,0.9618
0.9167,0.5789,0.7097,0.9678
0.9167,0.6286,0.7458,0.9724
0.92,0.5897,0.7188,0.9688
1.0,0.6098,0.7576,0.9747
0.88,0.4889,0.6286,0.9301
0.875,0.4773,0.6176,0.9303
0.8333,0.5556,0.6667,0.9457
0.9583,0.5227,0.6765,0.9632
1.0,0.48,0.6486,0.9479
1.0,0.5714,0.7273,0.9801
0.9583,0.5111,0.6667,0.963
0.9167,0.55,0.6875,0.9688
1.0,0.463,0.6329,0.9506
1.0,0.4808,0.6494,0.9415
1.0,0.5556,0.7143,0.9485
0.9167,0.4151,0.5714,0.9438
0.9583,0.6216,0.7541,0.9846
0.875,0.7,0.7778,0.9754
0.9583,0.4894,0.6479,0.9657
0.9583,0.6389,0.7667,0.9581
0.875,0.5385,0.6667,0.9477
1.0,0.5714,0.7273,0.9642
0.96,0.5581,0.7059,0.9516
0.92,0.6216,0.7419,0.9547
1.0,0.5556,0.7143,0.9696
0.9167,0.5641,0.6984,0.9597
0.9167,0.5116,0.6567,0.963
1.0,0.6667,0.8,0.9676
0.9583,0.4894,0.6479,0.96
0.9167,0.55,0.6875,0.943
0.9167,0.4681,0.6197,0.9493
0.9583,0.6571,0.7797,0.9779
0.92,0.5897,0.7188,0.9711
1.0,0.5319,0.6944,0.9663
0.96,0.4898,0.6486,0.9517
0.9583,0.5227,0.6765,0.946
0.9167,0.5946,0.7213,0.9605
0.9167,0.4783,0.6286,0.9621
1.0,0.6154,0.7619,0.9776
0.9583,0.4792,0.6389,0.9483
0.9583,0.5,0.6571,0.9609
0.875,0.5385,0.6667,0.9388
0.96,0.6,0.7385,0.9704
0.96,0.5581,0.7059,0.9647
0.96,0.5217,0.6761,0.9595
1.0,0.6,0.75,0.9673
0.9583,0.5111,0.6667,0.9726
0.875,0.5676,0.6885,0.9551
1.0,0.5714,0.7273,0.9766
1.0,0.5854,0.7385,0.9685
0.9167,0.4889,0.6377,0.9528
0.9583,0.5476,0.697,0.9659
1.0,0.5,0.6667,0.9633
1.0,0.463,0.6329,0.9753
0.88,0.7097,0.7857,0.9635
0.9583,0.575,0.7188,0.9649
1.0,0.5333,0.6957,0.9549
0.9583,0.697,0.807,0.9808
0.9583,0.4694,0.6301,0.9388
0.875,0.5,0.6364,0.9381
0.8333,0.4762,0.6061,0.9541
0.96,0.5217,0.6761,0.9548
0.92,0.575,0.7077,0.9653
0.96,0.5333,0.6857,0.9556
0.9167,0.5238,0.6667,0.9532
1.0,0.5455,0.7059,0.9787
1.0,0.6154,0.7619,0.9766
0.9583,0.5476,0.697,0.9513
1.0,0.5581,0.7164,0.9673
0.9167,0.5366,0.6769,0.955
1.0,0.4444,0.6154,0.9331
0.88,0.5,0.6377,0.9364
1.0,0.5319,0.6944,0.9504
1.0,0.7353,0.8475,0.9863
1.0,0.6,0.75,0.9657
0.9167,0.55,0.6875,0.959
1.0,0.4528,0.6234,0.9464
0.9583,0.4792,0.6389,0.946
0.9583,0.561,0.7077,0.9707
0.9583,0.5,0.6571,0.9564
0.875,0.5122,0.6462,0.9627
1.0,0.5333,0.6957,0.9494
0.88,0.5641,0.6875,0.9569
1.0,0.5556,0.7143,0.9674
1.0,0.5319,0.6944,0.9752
1.0,0.5106,0.6761,0.9631
0.7917,0.4634,0.5846,0.8957
1.0,0.5455,0.7059,0.9596
1.0,0.5455,0.7059,0.9697
0.8333,0.5556,0.6667,0.9425
1.0,0.5333,0.6957,0.9576
0.875,0.5526,0.6774,0.9464
0.92,0.561,0.697,0.9586
0.96,0.6154,0.75,0.9672
0.96,0.6154,0.75,0.9753
0.9167,0.449,0.6027,0.9398
1.0,0.5333,0.6957,0.973
1.0,0.5854,0.7385,0.9788
0.9583,0.5,0.6571,0.9347
1.0,0.4364,0.6076,0.943
1.0,0.5854,0.7385,0.9615
0.9583,0.4792,0.6389,0.9491
0.96,0.5217,0.6761,0.9569
0.92,0.561,0.697,0.9501
1.0,0.6944,0.8197,0.9883
1.0,0.6,0.75,0.9707
0.9167,0.5946,0.7213,0.9592
0.875,0.4773,0.6176,0.9356
1.0,0.5455,0.7059,0.96
0.9167,0.5366,0.6769,0.9567
1.0,0.4706,0.64,0.9439
1.0,0.5854,0.7385,0.9764
0.88,0.5238,0.6567,0.9469
0.92,0.575,0.7077,0.9705
0.92,0.4792,0.6301,0.9446
0.875,0.5385,0.6667,0.9549
1.0,0.5455,0.7059,0.9835
0.9167,0.5116,0.6567,0.9608
0.9583,0.4792,0.6389,0.9257
1.0,0.5333,0.6957,0.9601
1.0,0.6667,0.8,0.9788
1.0,0.5854,0.7385,0.9788
0.96,0.5106,0.6667,0.968
0.96,0.5455,0.6957,0.9652
0.96,0.5455,0.6957,0.9662
0.9167,0.6667,0.7719,0.978
1.0,0.5217,0.6857,0.9558
0.7917,0.475,0.5937,0.9399
0.875,0.6176,0.7241,0.9644
0.875,0.4565,0.6,0.9432
0.9583,0.4894,0.6479,0.9578
0.8333,0.4762,0.6061,0.9365
0.88,0.5946,0.7097,0.9553
0.92,0.5111,0.6571,0.9544
0.96,0.5854,0.7273,0.9702
0.9583,0.5897,0.7302,0.9649
1.0,0.4364,0.6076,0.9354
1.0,0.5854,0.7385,0.9492
0.9583,0.5897,0.7302,0.9842
0.9583,0.4894,0.6479,0.9613
1.0,0.5333,0.6957,0.9673
1.0,0.5854,0.7385,0.9783
0.88,0.5,0.6377,0.9644
0.96,0.5581,0.7059,0.9416
0.92,0.5111,0.6571,0.96
1.0,0.5455,0.7059,0.9667
0.9583,0.6053,0.7419,0.9693
0.9583,0.575,0.7188,0.9766
0.9583,0.5897,0.7302,0.9659
0.9167,0.4681,0.6197,0.9468
0.9167,0.449,0.6027,0.9423
0.9583,0.4894,0.6479,0.9641
0.96,0.5714,0.7164,0.9596
0.96,0.5714,0.7164,0.9514
0.96,0.5455,0.6957,0.9541
0.9583,0.575,0.7188,0.9713
0.9167,0.5116,0.6567,0.9565
0.7917,0.5429,0.6441,0.9622
1.0,0.4898,0.6575,0.9733
0.9583,0.5476,0.697,0.9465
1.0,0.5,0.6667,0.9623
0.875,0.6774,0.7636,0.9579
0.96,0.5455,0.6957,0.9705
0.84,0.525,0.6462,0.9506
1.0,0.5682,0.7246,0.9751
1.0,0.5854,0.7385,0.9513
0.9583,0.575,0.7188,0.9735
0.875,0.4884,0.6269,0.942
1.0,0.5455,0.7059,0.9457
0.9167,0.4889,0.6377,0.9542
1.0,0.4364,0.6076,0.959
0.9583,0.561,0.7077,0.9732
0.96,0.6,0.7385,0.9711
0.96,0.5106,0.6667,0.9616
0.88,0.4783,0.6197,0.9419
0.9167,0.4889,0.6377,0.9468
1.0,0.5333,0.6957,0.9429
0.875,0.6,0.7119,0.968
1.0,0.6154,0.7619,0.9706
0.9583,0.5349,0.6866,0.9493
0.9583,0.5111,0.6667,0.9619
1.0,0.5854,0.7385,0.9636
0.88,0.5789,0.6984,0.9586
0.96,0.6316,0.7619,0.9778
0.88,0.449,0.5946,0.9486
0.9583,0.4792,0.6389,0.9621
1.0,0.6154,0.7619,0.9833
0.9167,0.4889,0.6377,0.9263
1.0,0.5217,0.6857,0.9642
0.9167,0.5366,0.6769,0.9633
1.0,0.4898,0.6575,0.9576
1.0,0.4706,0.64,0.9376
1.0,0.5952,0.7463,0.9798
0.92,0.451,0.6053,0.9353
1.0,0.5556,0.7143,0.9717
1.0,0.5217,0.6857,0.9581
0.9167,0.55,0.6875,0.9807
0.875,0.6563,0.75,0.9538
0.9167,0.44,0.5946,0.9509
0.9583,0.6216,0.7541,0.9802
0.875,0.5122,0.6462,0.9466
0.9583,0.5111,0.6667,0.9603
0.96,0.6486,0.7742,0.9674
0.88,0.55,0.6769,0.9506
0.96,0.4615,0.6234,0.9512
0.9583,0.561,0.7077,0.978
0.9167,0.6286,0.7458,0.9303
0.9167,0.44,0.5946,0.9333
1.0,0.5581,0.7164,0.9713
0.9167,0.5946,0.7213,0.9744
1.0,0.48,0.6486,0.947
0.9167,0.5,0.6471,0.9454
0.92,0.5476,0.6866,0.9609
0.92,0.451,0.6053,0.9417
0.96,0.6,0.7385,0.9657
0.9583,0.46,0.6216,0.9461
0.9583,0.5476,0.697,0.9577
0.9583,0.575,0.7188,0.9672
1.0,0.5854,0.7385,0.9631
1.0,0.5854,0.7385,0.9644
0.9583,0.5111,0.6667,0.9479
0.9583,0.6216,0.7541,0.9803
0.96,0.5854,0.7273,0.9635
0.96,0.5333,0.6857,0.9562
0.92,0.5476,0.6866,0.9544
0.8333,0.4348,0.5714,0.9144
0.9583,0.5227,0.6765,0.9621
1.0,0.5455,0.7059,0.9639
1.0,0.48,0.6486,0.9592
1.0,0.5333,0.6957,0.9735
1.0,0.5333,0.6957,0.9606
1.0,0.5455,0.7059,0.9659
0.96,0.6316,0.7619,0.9604
0.92,0.4792,0.6301,0.9333
0.96,0.6857,0.8,0.9598
0.9167,0.5366,0.6769,0.9489
1.0,0.5581,0.7164,0.9637
0.9167,0.55,0.6875,0.9489
1.0,0.5854,0.7385,0.9706
0.9583,0.6053,0.7419,0.9787
1.0,0.48,0.6486,0.9478
0.9167,0.4783,0.6286,0.9372
0.92,0.6389,0.7541,0.9621
1.0,0.5208,0.6849,0.9643
0.88,0.55,0.6769,0.9519
0.9583,0.5111,0.6667,0.9456
1.0,0.5333,0.6957,0.9648
1.0,0.4068,0.5783,0.933
0.8333,0.7407,0.7843,0.9846
0.9167,0.5366,0.6769,0.9558
1.0,0.6,0.75,0.9717
0.75,0.5143,0.6102,0.9357
1.0,0.6757,0.8065,0.984
0.96,0.5217,0.6761,0.9425
0.96,0.5106,0.6667,0.9579
1.0,0.5455,0.7059,0.9606
0.9583,0.561,0.7077,0.9715
1.0,0.4528,0.6234,0.9596
1.0,0.5581,0.7164,0.9644
0.875,0.5122,0.6462,0.9586
0.9583,0.575,0.7188,0.9659
1.0,0.6154,0.7619,0.9677
0.96,0.4528,0.6154,0.939
0.88,0.55,0.6769,0.9464
1.0,0.5102,0.6757,0.963
1.0,0.5106,0.6761,0.9626
0.9167,0.5789,0.7097,0.9509
0.9583,0.5476,0.697,0.9587
0.9583,0.575,0.7188,0.954
0.875,0.5385,0.6667,0.9594
0.875,0.5676,0.6885,0.9581
0.9167,0.55,0.6875,0.9498
0.96,0.5106,0.6667,0.963
0.88,0.5946,0.7097,0.9402
1.0,0.5952,0.7463,0.977
0.9583,0.5349,0.6866,0.9797
1.0,0.6316,0.7742,0.9502
0.9583,0.5349,0.6866,0.9655
0.8333,0.4545,0.5882,0.9424
1.0,0.5,0.6667,0.9534
1.0,0.5,0.6667,0.9622
0.8333,0.5882,0.6897,0.9491
0.88,0.5641,0.6875,0.958
0.84,0.5,0.6269,0.9591
0.92,0.575,0.7077,0.9594
1.0,0.5106,0.6761,0.9697
1.0,0.4898,0.6575,0.9541
1.0,0.5714,0.7273,0.9676
0.9583,0.6053,0.7419,0.9828
0.9583,0.575,0.7188,0.9736
0.9583,0.4792,0.6389,0.9581
0.875,0.5833,0.7,0.9581
0.96,0.6154,0.75,0.9615
0.92,0.561,0.697,0.9556
0.92,0.5111,0.6571,0.9444
1.0,0.4615,0.6316,0.9706
1.0,0.5714,0.7273,0.9769
0.9583,0.561,0.7077,0.9697
1.0,0.48,0.6486,0.9275
0.9583,0.561,0.7077,0.964
0.9583,0.5227,0.6765,0.961
0.9167,0.55,0.6875,0.9569
1.0,0.4902,0.6579,0.9498
1.0,0.5,0.6667,0.9388
0.96,0.5581,0.7059,0.9722
0.8333,0.6897,0.7547,0.9626
0.9167,0.6111,0.7333,0.9676
0.875,0.5385,0.6667,0.9623
0.9583,0.5476,0.697,0.9586
1.0,0.5333,0.6957,0.9587
0.9583,0.5476,0.697,0.9489
1.0,0.4706,0.64,0.9669
1.0,0.5435,0.7042,0.9695
0.96,0.5854,0.7273,0.9656
1.0,0.5319,0.6944,0.9663
0.9583,0.5476,0.697,0.9744
0.9583,0.6053,0.7419,0.9792
0.9583,0.5,0.6571,0.9513
1.0,0.4138,0.5854,0.955
0.9167,0.5789,0.7097,0.9653
0.7917,0.4872,0.6032,0.9347
0.9583,0.575,0.7188,0.9666
0.92,0.6765,0.7797,0.9602
0.96,0.6154,0.75,0.972
1.0,0.6579,0.7937,0.9844
0.9167,0.55,0.6875,0.9622
1.0,0.4615,0.6316,0.9475
0.875,0.4468,0.5915,0.9407
0.9583,0.4792,0.6389,0.9511
0.9583,0.5476,0.697,0.9727
0.7917,0.4318,0.5588,0.9061
1.0,0.5319,0.6944,0.9522
1.0,0.5102,0.6757,0.9716
0.96,0.5106,0.6667,0.9368
0.875,0.4667,0.6087,0.9564
1.0,0.5455,0.7059,0.9627
0.9583,0.5349,0.6866,0.9762
1.0,0.5455,0.7059,0.9691
0.8333,0.6897,0.7547,0.9668
0.9167,0.5116,0.6567,0.9527
0.875,0.5526,0.6774,0.9626
0.9167,0.55,0.6875,0.9546
0.92,0.6053,0.7302,0.9411
1.0,0.5682,0.7246,0.9723
0.84,0.5676,0.6774,0.9563
1.0,0.5455,0.7059,0.9722
0.875,0.5,0.6364,0.9417
0.9583,0.4694,0.6301,0.9519
0.9583,0.434,0.5974,0.9231
1.0,0.5455,0.7059,0.9744
1.0,0.6667,0.8,0.9729
1.0,0.5333,0.6957,0.962
0.92,0.6216,0.7419,0.9612
0.96,0.5854,0.7273,0.9683
0.92,0.575,0.7077,0.9558
0.9583,0.561,0.7077,0.9703
1.0,0.4528,0.6234,0.9646
0.9583,0.5476,0.697,0.9475
1.0,0.5333,0.6957,0.9582
0.9583,0.4694,0.6301,0.963
1.0,0.5,0.6667,0.961
0.9167,0.5641,0.6984,0.9555
1.0,0.5208,0.6849,0.9567
1.0,0.6098,0.7576,0.974
1.0,0.4902,0.6579,0.959
0.9167,0.5238,0.6667,0.9671
0.9167,0.5366,0.6769,0.9664
0.9167,0.5238,0.6667,0.9606
1.0,0.6667,0.8,0.9761
0.875,0.4884,0.6269,0.9264
0.875,0.4773,0.6176,0.945
1.0,0.5854,0.7385,0.966
0.88,0.55,0.6769,0.9504
1.0,0.5814,0.7353,0.9699
0.92,0.5897,0.7188,0.9584
0.9583,0.6053,0.7419,0.9771
0.9167,0.4889,0.6377,0.9321
1.0,0.5217,0.6857,0.9747
0.8333,0.5714,0.678,0.9534
1.0,0.5106,0.6761,0.972
0.9167,0.4783,0.6286,0.948
0.8333,0.5714,0.678,0.9522
0.96,0.5581,0.7059,0.9606
0.96,0.5,0.6575,0.947
1.0,0.641,0.7813,0.9831
0.875,0.4773,0.6176,0.9439
0.9583,0.4792,0.6389,0.9498
0.9167,0.6286,0.7458,0.9623
1.0,0.5581,0.7164,0.973
1.0,0.5333,0.6957,0.9707
0.9167,0.4783,0.6286,0.9515
1.0,0.5,0.6667,0.9633
0.96,0.5333,0.6857,0.9547
0.96,0.6,0.7385,0.9599
0.96,0.5581,0.7059,0.9706
0.9583,0.5227,0.6765,0.9628
0.9583,0.5,0.6571,0.9439
1.0,0.6316,0.7742,0.9733
1.0,0.6,0.75,0.9747
0.9583,0.561,0.7077,0.9483
0.9583,0.4694,0.6301,0.9583
0.9583,0.5897,0.7302,0.9765
1.0,0.5,0.6667,0.9716
0.92,0.561,0.697,0.9591
0.92,0.5349,0.6765,0.9573
1.0,0.5217,0.6857,0.9744
0.9583,0.4894,0.6479,0.9615
0.9583,0.5349,0.6866,0.9417
0.9167,0.5,0.6471,0.9567
0.9583,0.4894,0.6479,0.9568
0.875,0.5385,0.6667,0.954
0.96,0.5333,0.6857,0.9617
0.92,0.4894,0.6389,0.9242
1.0,0.5814,0.7353,0.9742
0.9167,0.5366,0.6769,0.9603
0.9583,0.5476,0.697,0.9609
0.9583,0.4894,0.6479,0.9534
0.9583,0.5111,0.6667,0.9581
0.9167,0.5238,0.6667,0.9646
0.9167,0.5238,0.6667,0.9536
0.9583,0.4894,0.6479,0.9592
0.7917,0.5278,0.6333,0.937
0.96,0.5,0.6575,0.9606
1.0,0.6757,0.8065,0.9775
0.96,0.5217,0.6761,0.9552
0.9583,0.5349,0.6866,0.9605
0.9583,0.5897,0.7302,0.9735
0.9167,0.5641,0.6984,0.9621
0.9583,0.5476,0.697,0.9587
0.9167,0.4583,0.6111,0.9469
0.875,0.5526,0.6774,0.9608
