RUSBag
0.9677,0.75,0.8451,0.9803
0.9355,0.6988,0.8,0.958
0.9194,0.8028,0.8571,0.9561
0.8871,0.7639,0.8209,0.9432
0.871,0.7397,0.8,0.9418
0.8548,0.726,0.7852,0.9162
0.8871,0.7051,0.7857,0.9461
0.9194,0.76,0.8321,0.9681
0.9516,0.7763,0.8551,0.9624
0.9516,0.831,0.8872,0.9844
0.9032,0.7778,0.8358,0.9534
0.8226,0.7391,0.7786,0.9464
0.8871,0.8209,0.8527,0.9623
0.9355,0.7632,0.8406,0.962
0.9677,0.7792,0.8633,0.9716
0.8871,0.7746,0.8271,0.9557
0.9194,0.7403,0.8201,0.942
0.871,0.8182,0.8438,0.9493
0.9032,0.7671,0.8296,0.9433
0.9677,0.7407,0.8392,0.9574
0.9355,0.8056,0.8657,0.9676
0.9194,0.6867,0.7862,0.9456
0.9032,0.6914,0.7832,0.9481
0.9355,0.7838,0.8529,0.9647
0.9355,0.7632,0.8406,0.9468
0.9355,0.7632,0.8406,0.9553
0.9194,0.7917,0.8507,0.9737
0.9032,0.8,0.8485,0.9605
0.8065,0.6757,0.7353,0.902
0.9839,0.8592,0.9173,0.9819
0.9677,0.6522,0.7792,0.9561
0.9355,0.7632,0.8406,0.9479
0.9032,0.8235,0.8615,0.9556
0.9516,0.7284,0.8252,0.9538
0.9032,0.7778,0.8358,0.9641
0.9677,0.7692,0.8571,0.9823
0.9032,0.7778,0.8358,0.9641
0.9355,0.7838,0.8529,0.9441
0.9355,0.716,0.8112,0.9619
0.9516,0.7867,0.8613,0.981
0.9355,0.7632,0.8406,0.9788
0.9032,0.7273,0.8058,0.9151
0.9516,0.7973,0.8676,0.9684
0.9516,0.831,0.8872,0.9656
0.9516,0.7564,0.8429,0.9611
0.871,0.7826,0.8244,0.9302
0.8871,0.7237,0.7971,0.9526
0.9032,0.7671,0.8296,0.942
0.9355,0.7532,0.8345,0.9589
0.9355,0.7733,0.8467,0.9376
0.9516,0.7564,0.8429,0.9495
0.9516,0.686,0.7973,0.9424
0.9355,0.8169,0.8722,0.9723
0.9677,0.7317,0.8333,0.9634
0.9355,0.7733,0.8467,0.9625
0.9677,0.8571,0.9091,0.9652
0.9516,0.8551,0.9008,0.973
0.9677,0.8333,0.8955,0.9844
0.871,0.7397,0.8,0.944
0.9516,0.7763,0.8551,0.9564
0.9194,0.8028,0.8571,0.9555
0.9516,0.7108,0.8138,0.9728
0.8871,0.7971,0.8397,0.9546
0.9194,0.8636,0.8906,0.9685
0.9355,0.8056,0.8657,0.9791
0.9516,0.7662,0.8489,0.9494
0.9839,0.7821,0.8714,0.9805
0.9516,0.8194,0.8806,0.9749
0.9677,0.7792,0.8633,0.9669
0.9355,0.725,0.8169,0.9304
0.9516,0.831,0.8872,0.968
0.9355,0.6744,0.7838,0.9532
0.9194,0.6951,0.7917,0.9434
0.9677,0.8219,0.8889,0.9637
0.9355,0.7945,0.8593,0.9611
0.8387,0.6753,0.7482,0.9442
0.9839,0.6932,0.8133,0.96
0.9032,0.8358,0.8682,0.9714
0.8871,0.7534,0.8148,0.9469
0.9194,0.7808,0.8444,0.9612
0.871,0.7714,0.8182,0.9561
0.9516,0.8194,0.8806,0.9807
0.8871,0.6627,0.7586,0.9302
0.9355,0.7838,0.8529,0.9683
0.9032,0.7467,0.8175,0.9485
0.8548,0.7361,0.791,0.928
0.9516,0.7662,0.8489,0.9509
0.9194,0.7125,0.8028,0.9272
0.8871,0.7971,0.8397,0.9526
0.9194,0.7215,0.8085,0.939
0.9839,0.7531,0.8531,0.9806
0.9677,0.7895,0.8696,0.9715
0.9032,0.7568,0.8235,0.9477
0.9032,0.7671,0.8296,0.9363
0.9839,0.7531,0.8531,0.9694
0.9516,0.831,0.8872,0.9764
0.9516,0.7108,0.8138,0.9567
0.9194,0.7703,0.8382,0.9549
0.8871,0.7857,0.8333,0.9499
0.9194,0.7703,0.8382,0.9577
0.871,0.806,0.8372,0.964
0.9516,0.831,0.8872,0.9593
0.9677,0.7317,0.8333,0.9472
0.9194,0.7808,0.8444,0.9545
0.9516,0.7195,0.8194,0.9593
0.9677,0.7792,0.8633,0.9786
0.9355,0.7436,0.8286,0.9736
0.9677,0.8696,0.916,0.9777
0.9355,0.7342,0.8227,0.9676
0.8548,0.7465,0.797,0.926
0.8548,0.791,0.8217,0.9461
0.9516,0.7763,0.8551,0.9729
0.9516,0.8194,0.8806,0.9726
0.9677,0.7317,0.8333,0.9641
0.9194,0.76,0.8321,0.9591
0.871,0.7941,0.8308,0.9514
0.9516,0.7763,0.8551,0.9576
0.9839,0.7722,0.8652,0.9785
0.9516,0.7564,0.8429,0.9681
0.9516,0.7284,0.8252,0.9623
0.8871,0.7333,0.8029,0.9497
0.9032,0.7568,0.8235,0.9498
0.9194,0.7215,0.8085,0.957
0.9032,0.7671,0.8296,0.9542
0.9032,0.7671,0.8296,0.9584
0.9355,0.7073,0.8056,0.9459
0.9677,0.9091,0.9375,0.9738
0.9032,0.7368,0.8116,0.9642
0.9032,0.7467,0.8175,0.9575
0.8548,0.8281,0.8413,0.9399
0.9677,0.7407,0.8392,0.9606
0.9194,0.7917,0.8507,0.9725
0.871,0.7941,0.8308,0.9338
0.871,0.75,0.806,0.9413
0.8871,0.7746,0.8271,0.9475
0.9516,0.7468,0.8369,0.9548
0.9839,0.7722,0.8652,0.9658
0.8226,0.7846,0.8031,0.9382
0.9355,0.8529,0.8923,0.9724
0.871,0.7397,0.8,0.9433
0.9516,0.7468,0.8369,0.9679
0.9355,0.7532,0.8345,0.9548
0.9677,0.7229,0.8276,0.964
0.9355,0.8056,0.8657,0.9449
0.9355,0.8169,0.8722,0.9692
0.8548,0.803,0.8281,0.9538
0.9032,0.7671,0.8296,0.9441
0.9516,0.7375,0.831,0.9609
0.9355,0.7838,0.8529,0.9652
0.9355,0.7532,0.8345,0.9741
0.9839,0.8026,0.8841,0.983
0.9516,0.7468,0.8369,0.9625
0.8548,0.7794,0.8154,0.9447
0.9677,0.7595,0.8511,0.9747
0.8871,0.7333,0.8029,0.9482
0.9032,0.7568,0.8235,0.9363
0.871,0.75,0.806,0.9494
0.9194,0.7308,0.8143,0.9544
0.9194,0.75,0.8261,0.9589
0.9194,0.7215,0.8085,0.9387
0.9516,0.8194,0.8806,0.9657
0.9677,0.6977,0.8108,0.9506
0.9032,0.7467,0.8175,0.9473
0.9839,0.7625,0.8592,0.9673
0.9355,0.7838,0.8529,0.9586
0.9677,0.7143,0.8219,0.9664
0.9677,0.8333,0.8955,0.9895
0.9516,0.8194,0.8806,0.9748
0.9355,0.7532,0.8345,0.9588
0.8871,0.7857,0.8333,0.9594
0.9032,0.7089,0.7943,0.9361
0.9194,0.7808,0.8444,0.9629
0.9516,0.7195,0.8194,0.9508
0.9032,0.7273,0.8058,0.9466
0.9839,0.7922,0.8777,0.9803
0.9677,0.7595,0.8511,0.9524
0.8387,0.7027,0.7647,0.9346
0.9355,0.8286,0.8788,0.9717
0.8871,0.7857,0.8333,0.9376
0.9032,0.7467,0.8175,0.9584
0.9194,0.75,0.8261,0.9564
0.9355,0.7632,0.8406,0.9375
0.9032,0.6914,0.7832,0.9552
0.9032,0.7368,0.8116,0.925
0.9839,0.8026,0.8841,0.9932
0.9032,0.7887,0.8421,0.9555
0.9355,0.8169,0.8722,0.9718
0.8548,0.803,0.8281,0.9292
0.9194,0.8636,0.8906,0.9577
0.9677,0.7792,0.8633,0.9577
0.9194,0.76,0.8321,0.9632
0.9677,0.8451,0.9023,0.9813
0.9677,0.8571,0.9091,0.9934
0.9516,0.7375,0.831,0.9704
0.9355,0.8286,0.8788,0.9737
0.9516,0.7662,0.8489,0.9679
0.9194,0.7917,0.8507,0.9506
0.9355,0.7342,0.8227,0.9658
0.871,0.7714,0.8182,0.9242
0.9677,0.7692,0.8571,0.9618
0.9355,0.8056,0.8657,0.9628
0.8871,0.7534,0.8148,0.9474
0.8871,0.8088,0.8462,0.9369
0.9516,0.8806,0.9147,0.9711
0.9516,0.7195,0.8194,0.9643
0.9516,0.7468,0.8369,0.9606
0.8871,0.7746,0.8271,0.9579
0.8871,0.7432,0.8088,0.9446
0.9677,0.8219,0.8889,0.9712
0.9839,0.7821,0.8714,0.9643
0.8387,0.8125,0.8254,0.9526
0.9032,0.7,0.7887,0.9461
0.9516,0.7973,0.8676,0.9782
0.9355,0.7436,0.8286,0.948
0.9355,0.7436,0.8286,0.957
0.9355,0.7838,0.8529,0.9383
0.8871,0.7639,0.8209,0.9605
0.9194,0.7403,0.8201,0.952
0.9355,0.7342,0.8227,0.9715
0.9516,0.7662,0.8489,0.9717
0.871,0.8308,0.8504,0.9377
0.9194,0.7808,0.8444,0.9481
0.9032,0.7089,0.7943,0.9526
0.9194,0.8261,0.8702,0.9573
0.9677,0.8,0.8759,0.9628
0.9839,0.7722,0.8652,0.9863
0.9032,0.7273,0.8058,0.9494
0.9355,0.7733,0.8467,0.955
0.8871,0.7746,0.8271,0.932
0.8871,0.7333,0.8029,0.9349
0.9355,0.716,0.8112,0.9668
0.9194,0.76,0.8321,0.9638
0.9355,0.7436,0.8286,0.9634
0.9839,0.7625,0.8592,0.9615
0.9516,0.7763,0.8551,0.9764
0.9516,0.8429,0.8939,0.9828
0.9032,0.7,0.7887,0.9426
0.9355,0.8286,0.8788,0.9697
0.9677,0.7595,0.8511,0.9709
0.9032,0.8116,0.855,0.9462
0.9194,0.8028,0.8571,0.9735
0.871,0.7941,0.8308,0.9196
0.9516,0.8082,0.8741,0.9648
0.8871,0.7237,0.7971,0.9544
0.9516,0.7564,0.8429,0.9665
0.9355,0.7532,0.8345,0.9621
0.9516,0.8551,0.9008,0.9512
0.9355,0.7945,0.8593,0.9802
0.9677,0.7407,0.8392,0.9701
0.9677,0.8333,0.8955,0.9744
0.871,0.7826,0.8244,0.9308
0.9194,0.6786,0.7808,0.9601
0.9516,0.8194,0.8806,0.9766
0.9194,0.8261,0.8702,0.9692
0.9194,0.7403,0.8201,0.9389
0.9032,0.7273,0.8058,0.9446
0.8871,0.7746,0.8271,0.9376
0.9032,0.8116,0.855,0.9626
0.9839,0.7722,0.8652,0.9645
0.9677,0.8571,0.9091,0.9763
0.9355,0.7436,0.8286,0.9449
0.9194,0.76,0.8321,0.9441
0.9194,0.8028,0.8571,0.9563
0.9194,0.7917,0.8507,0.9751
0.8548,0.7681,0.8092,0.9324
0.9032,0.7179,0.8,0.9584
0.8871,0.6962,0.7801,0.943
0.9677,0.7895,0.8696,0.969
0.9516,0.7195,0.8194,0.952
0.9516,0.6782,0.7919,0.9696
0.8548,0.726,0.7852,0.9441
0.871,0.7105,0.7826,0.9122
0.9194,0.7403,0.8201,0.9585
0.871,0.8571,0.864,0.9676
0.9194,0.8028,0.8571,0.9581
0.8871,0.8088,0.8462,0.9588
0.9516,0.7662,0.8489,0.965
0.8871,0.8333,0.8594,0.9467
0.871,0.7013,0.777,0.9082
0.8871,0.8088,0.8462,0.9547
0.9194,0.75,0.8261,0.9671
0.9032,0.8358,0.8682,0.9643
0.9516,0.7973,0.8676,0.9549
0.9516,0.7024,0.8082,0.9521
0.9194,0.7808,0.8444,0.9768
0.871,0.75,0.806,0.9238
0.9032,0.7368,0.8116,0.9571
0.871,0.7013,0.777,0.914
0.8871,0.7746,0.8271,0.9537
0.9516,0.7662,0.8489,0.9646
0.9516,0.7195,0.8194,0.9625
0.871,0.7826,0.8244,0.9608
0.8871,0.7534,0.8148,0.9476
0.9032,0.8358,0.8682,0.9417
0.9355,0.7532,0.8345,0.9609
0.9194,0.8028,0.8571,0.9776
0.9355,0.8406,0.8855,0.9566
0.9516,0.7284,0.8252,0.9501
0.9032,0.7089,0.7943,0.9543
0.9516,0.7564,0.8429,0.9691
0.9032,0.7778,0.8358,0.9646
0.9032,0.7568,0.8235,0.9561
0.9032,0.7273,0.8058,0.9363
0.9355,0.725,0.8169,0.9747
0.9516,0.7108,0.8138,0.955
0.871,0.75,0.806,0.9509
0.9355,0.7436,0.8286,0.959
0.9677,0.8108,0.8824,0.9628
0.8871,0.7857,0.8333,0.9484
0.9677,0.7692,0.8571,0.9688
0.9032,0.7,0.7887,0.9448
0.8871,0.7857,0.8333,0.9285
0.9032,0.7,0.7887,0.9541
0.9839,0.7722,0.8652,0.9704
0.9194,0.7808,0.8444,0.9679
0.9355,0.8286,0.8788,0.9693
0.9677,0.7059,0.8163,0.9607
0.8548,0.8689,0.8618,0.9361
0.9516,0.7468,0.8369,0.9717
0.9032,0.7568,0.8235,0.9504
0.8548,0.7571,0.803,0.9188
0.9355,0.7733,0.8467,0.9629
0.9194,0.8028,0.8571,0.9574
0.9516,0.831,0.8872,0.9678
0.9032,0.7273,0.8058,0.9358
0.9677,0.7143,0.8219,0.9524
0.9194,0.6951,0.7917,0.9554
0.9194,0.8261,0.8702,0.9609
0.9839,0.8026,0.8841,0.9789
0.9355,0.7838,0.8529,0.9612
0.9516,0.7284,0.8252,0.962
0.9355,0.7436,0.8286,0.9697
0.9839,0.7531,0.8531,0.9719
0.9032,0.7778,0.8358,0.9489
0.9355,0.7733,0.8467,0.9669
0.9194,0.7403,0.8201,0.9508
0.9516,0.8429,0.8939,0.9716
0.871,0.7397,0.8,0.9505
0.9677,0.7792,0.8633,0.9732
0.9516,0.7973,0.8676,0.9618
0.8871,0.7971,0.8397,0.9576
0.9194,0.7308,0.8143,0.949
0.9677,0.8333,0.8955,0.9798
0.9516,0.8082,0.8741,0.9622
0.9194,0.7917,0.8507,0.9604
0.9355,0.7532,0.8345,0.9419
0.9516,0.7867,0.8613,0.9567
0.9516,0.7662,0.8489,0.9667
0.871,0.7714,0.8182,0.9469
0.9516,0.8082,0.8741,0.9804
0.9677,0.75,0.8451,0.97
0.9355,0.725,0.8169,0.9365
0.9194,0.8382,0.8769,0.9699
0.8387,0.7324,0.782,0.9228
0.9677,0.7143,0.8219,0.9683
0.9516,0.7973,0.8676,0.9713
0.9194,0.7808,0.8444,0.9588
0.9194,0.8261,0.8702,0.9626
0.9355,0.7632,0.8406,0.9577
0.9355,0.7342,0.8227,0.9628
0.9194,0.7403,0.8201,0.951
0.8871,0.8209,0.8527,0.9599
0.9355,0.6988,0.8,0.9613
0.9355,0.7945,0.8593,0.9574
0.9194,0.7808,0.8444,0.9507
0.9355,0.725,0.8169,0.9518
0.9839,0.7922,0.8777,0.9775
0.9194,0.8382,0.8769,0.9721
0.9194,0.8143,0.8636,0.9622
0.9194,0.8028,0.8571,0.9469
0.9194,0.7215,0.8085,0.9572
0.9677,0.6897,0.8054,0.9601
0.9032,0.7778,0.8358,0.9514
0.9839,0.8472,0.9104,0.9876
0.9194,0.6867,0.7862,0.9349
0.8871,0.7746,0.8271,0.9434
0.8871,0.7639,0.8209,0.9535
0.9032,0.8116,0.855,0.9487
0.871,0.7013,0.777,0.9245
0.9677,0.7595,0.8511,0.9728
0.9677,0.8219,0.8889,0.9887
0.9032,0.7671,0.8296,0.9492
0.8871,0.7534,0.8148,0.9432
0.871,0.7397,0.8,0.954
0.9355,0.6667,0.7785,0.9396
1.0,0.7381,0.8493,0.9789
0.9355,0.7532,0.8345,0.974
0.9032,0.8116,0.855,0.9596
0.9355,0.725,0.8169,0.9637
0.9194,0.8507,0.8837,0.9639
0.8226,0.7846,0.8031,0.9413
0.9194,0.8769,0.8976,0.9693
0.9516,0.7284,0.8252,0.9512
0.9194,0.7917,0.8507,0.968
0.9355,0.7733,0.8467,0.9633
0.9355,0.7838,0.8529,0.9633
0.9516,0.8082,0.8741,0.9692
0.9194,0.7037,0.7972,0.9332
0.9516,0.8194,0.8806,0.966
0.9677,0.7595,0.8511,0.9763
0.8871,0.7237,0.7971,0.9513
0.9032,0.8235,0.8615,0.9708
0.9194,0.7308,0.8143,0.9619
0.8871,0.8209,0.8527,0.9635
0.9194,0.8028,0.8571,0.9568
0.9677,0.7895,0.8696,0.9775
0.9194,0.8261,0.8702,0.9634
0.9032,0.7568,0.8235,0.9504
0.9194,0.7215,0.8085,0.9701
0.8871,0.679,0.7692,0.9318
0.8871,0.6707,0.7639,0.9234
0.9032,0.7089,0.7943,0.9421
0.871,0.7606,0.812,0.947
0.871,0.7606,0.812,0.943
0.9839,0.8243,0.8971,0.9939
0.9516,0.7564,0.8429,0.9588
0.8548,0.791,0.8217,0.9506
0.9194,0.6867,0.7862,0.9642
0.9194,0.7125,0.8028,0.9297
0.8871,0.7971,0.8397,0.9291
0.9194,0.7403,0.8201,0.9663
0.9677,0.6977,0.8108,0.9531
0.9516,0.7973,0.8676,0.9708
0.9677,0.7895,0.8696,0.962
0.871,0.8438,0.8571,0.9629
0.8548,0.7794,0.8154,0.9502
0.8871,0.7857,0.8333,0.9583
0.9194,0.7403,0.8201,0.9442
0.9355,0.7436,0.8286,0.9437
0.9032,0.7467,0.8175,0.9291
0.9194,0.7917,0.8507,0.9474
0.9355,0.7838,0.8529,0.9624
0.9355,0.8056,0.8657,0.9574
0.9032,0.7887,0.8421,0.9582
0.9194,0.7808,0.8444,0.9632
0.9677,0.7317,0.8333,0.9609
0.8871,0.7534,0.8148,0.9517
0.9516,0.7024,0.8082,0.9608
0.9355,0.8056,0.8657,0.9661
0.9194,0.75,0.8261,0.9565
0.9355,0.7733,0.8467,0.9628
0.8871,0.7333,0.8029,0.9349
0.9355,0.7733,0.8467,0.9651
0.8387,0.7429,0.7879,0.9362
0.9355,0.7733,0.8467,0.9577
1.0,0.7949,0.8857,0.9802
0.9032,0.7568,0.8235,0.9686
0.9355,0.8286,0.8788,0.9547
0.9355,0.8056,0.8657,0.9561
0.9839,0.7531,0.8531,0.9783
0.9516,0.686,0.7973,0.9656
0.9032,0.7467,0.8175,0.9569
0.9677,0.8451,0.9023,0.9828
0.9032,0.7671,0.8296,0.9538
0.9194,0.8028,0.8571,0.9413
0.8226,0.6986,0.7556,0.8968
0.8871,0.7432,0.8088,0.9502
0.9355,0.7945,0.8593,0.9651
0.9032,0.7778,0.8358,0.9525
0.9355,0.8406,0.8855,0.9636
0.9194,0.75,0.8261,0.9622
0.9677,0.75,0.8451,0.9604
0.9032,0.7887,0.8421,0.9369
0.9194,0.7403,0.8201,0.9572
0.9516,0.8194,0.8806,0.9747
0.9194,0.6786,0.7808,0.9668
0.8871,0.6962,0.7801,0.9219
0.9516,0.7973,0.8676,0.9693
0.871,0.75,0.806,0.9432
0.9677,0.7792,0.8633,0.9646
0.9839,0.7821,0.8714,0.9735
0.9032,0.7368,0.8116,0.9561
0.8871,0.7534,0.8148,0.9595
0.871,0.8308,0.8504,0.9555
0.9194,0.6867,0.7862,0.9506
0.9677,0.7229,0.8276,0.9664
0.8871,0.7534,0.8148,0.9465
0.9355,0.7733,0.8467,0.9521
0.9355,0.725,0.8169,0.9651
0.9516,0.7973,0.8676,0.9734
0.9355,0.7632,0.8406,0.9611
0.9355,0.7632,0.8406,0.9418
0.8226,0.7083,0.7612,0.9299
0.9194,0.7703,0.8382,0.9414
0.9032,0.7467,0.8175,0.9623
0.9032,0.7,0.7887,0.9488
0.9516,0.7662,0.8489,0.9772
0.8871,0.7639,0.8209,0.9222
0.9516,0.8429,0.8939,0.9714
0.9194,0.76,0.8321,0.9421
0.9355,0.7838,0.8529,0.9716
0.9677,0.7059,0.8163,0.9517
0.9355,0.7838,0.8529,0.9599
0.8548,0.726,0.7852,0.9167
0.8065,0.8065,0.8065,0.9307
0.9516,0.8082,0.8741,0.9696
0.9839,0.7531,0.8531,0.9751
0.9194,0.76,0.8321,0.9534
0.9516,0.8551,0.9008,0.9747
0.9032,0.7887,0.8421,0.963
0.9194,0.76,0.8321,0.9522
0.9355,0.8788,0.9063,0.9663
0.9677,0.7229,0.8276,0.9672
0.9194,0.76,0.8321,0.9484
0.9032,0.7368,0.8116,0.9609
0.8871,0.7143,0.7914,0.9596
0.9194,0.7703,0.8382,0.9646
0.9355,0.8406,0.8855,0.9702
0.9516,0.6941,0.8027,0.9488
0.9032,0.7671,0.8296,0.9603
0.9516,0.7375,0.831,0.9456
0.9194,0.8143,0.8636,0.9644
0.9355,0.8056,0.8657,0.9778
0.8871,0.6962,0.7801,0.927
0.9355,0.7532,0.8345,0.9726
0.9677,0.8,0.8759,0.9683
0.9355,0.7945,0.8593,0.9557
0.8871,0.7051,0.7857,0.9225
0.9677,0.8,0.8759,0.9759
0.9355,0.6988,0.8,0.9474
0.9194,0.7308,0.8143,0.9605
0.871,0.7941,0.8308,0.9425
0.9194,0.7403,0.8201,0.9593
0.9516,0.7763,0.8551,0.975
0.9839,0.7011,0.8188,0.9688
0.8387,0.7123,0.7704,0.9076
0.9355,0.7945,0.8593,0.9692
0.8871,0.7333,0.8029,0.9506
0.9516,0.7195,0.8194,0.9597
0.9032,0.7778,0.8358,0.9548
0.9032,0.7778,0.8358,0.958
0.9677,0.8108,0.8824,0.9766
0.8871,0.7051,0.7857,0.949
0.9194,0.7125,0.8028,0.9378
0.8548,0.791,0.8217,0.9393
0.9194,0.7808,0.8444,0.9537
0.9032,0.8485,0.875,0.9683
0.8871,0.8462,0.8661,0.9641
0.9355,0.7532,0.8345,0.9493
0.9194,0.8143,0.8636,0.9634
0.9355,0.8056,0.8657,0.9618
0.9677,0.7792,0.8633,0.9549
0.9516,0.7973,0.8676,0.9765
0.9355,0.7733,0.8467,0.9612
0.9032,0.8485,0.875,0.9705
0.9194,0.7403,0.8201,0.9429
0.9516,0.7763,0.8551,0.971
0.9677,0.7143,0.8219,0.9711
0.9677,0.7059,0.8163,0.9632
0.9516,0.7375,0.831,0.974
0.9194,0.7703,0.8382,0.9707
0.9516,0.7564,0.8429,0.9629
0.9839,0.8472,0.9104,0.9849
0.9516,0.7024,0.8082,0.957
0.9677,0.7229,0.8276,0.9573
0.871,0.75,0.806,0.9605
0.871,0.8182,0.8438,0.9536
0.9677,0.7792,0.8633,0.961
0.9355,0.7632,0.8406,0.9544
0.871,0.7941,0.8308,0.9645
0.9194,0.8143,0.8636,0.9537
0.9355,0.8056,0.8657,0.9733
0.9516,0.7564,0.8429,0.9591
0.8871,0.7639,0.8209,0.9221
0.9194,0.75,0.8261,0.9723
0.9032,0.7887,0.8421,0.9495
0.9194,0.8028,0.8571,0.9665
0.871,0.75,0.806,0.9142
0.9355,0.8286,0.8788,0.9694
0.9677,0.7229,0.8276,0.9736
0.9355,0.7532,0.8345,0.9574
0.9032,0.7273,0.8058,0.9509
0.9032,0.7887,0.8421,0.9541
0.9355,0.7733,0.8467,0.9641
0.9194,0.8028,0.8571,0.9564
0.9194,0.76,0.8321,0.9468
0.9194,0.7403,0.8201,0.9594
0.9032,0.7179,0.8,0.9491
0.8871,0.7432,0.8088,0.9423
0.9839,0.8133,0.8905,0.991
0.871,0.75,0.806,0.9245
0.9032,0.8235,0.8615,0.9623
0.9355,0.6824,0.7891,0.9573
0.871,0.8182,0.8438,0.9504
0.871,0.8182,0.8438,0.9554
0.9677,0.7792,0.8633,0.9723
0.871,0.7606,0.812,0.9368
0.9839,0.7625,0.8592,0.9585
0.9355,0.7632,0.8406,0.9536
0.9839,0.7821,0.8714,0.9745
0.9032,0.6914,0.7832,0.9359
0.871,0.72,0.7883,0.9306
0.9355,0.7838,0.8529,0.9665
0.9516,0.7564,0.8429,0.9545
0.8548,0.803,0.8281,0.9525
0.8226,0.7391,0.7786,0.945
0.9355,0.7632,0.8406,0.9332
0.8548,0.7465,0.797,0.9452
0.9839,0.8133,0.8905,0.9772
0.9677,0.7692,0.8571,0.9747
0.871,0.7105,0.7826,0.9397
0.9516,0.7763,0.8551,0.966
0.9516,0.7763,0.8551,0.9735
0.9032,0.7568,0.8235,0.9702
0.9516,0.7284,0.8252,0.9538
0.9032,0.7089,0.7943,0.9518
0.8065,0.7692,0.7874,0.9045
0.9032,0.7568,0.8235,0.9633
0.8871,0.7746,0.8271,0.9396
0.9516,0.7468,0.8369,0.9752
0.9677,0.8108,0.8824,0.9688
0.9194,0.7808,0.8444,0.9356
0.9677,0.7895,0.8696,0.9774
0.9032,0.7273,0.8058,0.9341
0.9355,0.8056,0.8657,0.9856
0.9677,0.75,0.8451,0.9807
0.9839,0.7349,0.8414,0.9626
0.9194,0.8143,0.8636,0.9696
0.9194,0.7703,0.8382,0.9546
0.9032,0.7,0.7887,0.951
0.8871,0.8209,0.8527,0.9605
1.0,0.7561,0.8611,0.9802
0.871,0.7397,0.8,0.9441
0.8871,0.7971,0.8397,0.9661
0.9194,0.7703,0.8382,0.9557
0.9839,0.7821,0.8714,0.9724
0.9355,0.8056,0.8657,0.9668
0.9355,0.7342,0.8227,0.9434
0.9032,0.7467,0.8175,0.9368
0.9194,0.7703,0.8382,0.9541
0.9355,0.7945,0.8593,0.9702
0.9194,0.76,0.8321,0.9593
0.9032,0.7887,0.8421,0.9503
0.9677,0.7407,0.8392,0.9511
0.8065,0.7813,0.7937,0.9121
0.9516,0.8082,0.8741,0.9754
0.9516,0.7195,0.8194,0.9663
0.9516,0.831,0.8872,0.9884
0.9355,0.7436,0.8286,0.9666
0.9355,0.7342,0.8227,0.9609
0.9032,0.7568,0.8235,0.955
0.9355,0.7532,0.8345,0.9586
0.9839,0.7262,0.8356,0.9724
0.9355,0.8056,0.8657,0.9649
0.9032,0.7671,0.8296,0.9403
0.8871,0.7432,0.8088,0.9184
0.9677,0.7895,0.8696,0.9666
0.9677,0.7595,0.8511,0.9622
0.9194,0.7308,0.8143,0.9596
0.871,0.7826,0.8244,0.9447
0.9032,0.7368,0.8116,0.956
0.9677,0.7229,0.8276,0.9669
0.9516,0.8806,0.9147,0.9695
0.9032,0.7671,0.8296,0.9423
0.9355,0.7945,0.8593,0.9663
0.9355,0.6905,0.7945,0.9542
0.9355,0.7733,0.8467,0.9624
0.8871,0.7432,0.8088,0.9479
0.9355,0.8056,0.8657,0.9675
0.9516,0.7024,0.8082,0.9612
0.9194,0.7917,0.8507,0.9662
0.9355,0.8286,0.8788,0.9636
0.8387,0.7647,0.8,0.9081
0.9194,0.7703,0.8382,0.9576
0.9194,0.6951,0.7917,0.9385
0.9032,0.7179,0.8,0.9331
0.9194,0.7308,0.8143,0.9404
0.9677,0.8,0.8759,0.9805
0.9516,0.8551,0.9008,0.9791
0.9355,0.716,0.8112,0.9694
0.9516,0.7867,0.8613,0.9661
0.9355,0.7073,0.8056,0.9537
0.9194,0.8261,0.8702,0.969
0.9516,0.6941,0.8027,0.9574
0.9839,0.7625,0.8592,0.974
0.9032,0.7778,0.8358,0.9465
0.9194,0.7703,0.8382,0.9498
0.9032,0.7671,0.8296,0.9685
0.9032,0.8116,0.855,0.9516
0.9032,0.6829,0.7778,0.9488
0.8387,0.7879,0.8125,0.9257
0.9839,0.7439,0.8472,0.9644
0.9194,0.7808,0.8444,0.9635
0.9516,0.7375,0.831,0.965
0.8387,0.7879,0.8125,0.921
0.8871,0.7746,0.8271,0.9713
0.9032,0.7368,0.8116,0.9581
0.9194,0.7917,0.8507,0.9427
0.9677,0.8333,0.8955,0.9727
0.9516,0.7763,0.8551,0.9628
0.8871,0.8088,0.8462,0.9544
0.9194,0.7917,0.8507,0.9706
0.9355,0.7838,0.8529,0.9671
0.871,0.7606,0.812,0.9626
0.9194,0.7125,0.8028,0.9437
0.9516,0.7195,0.8194,0.9487
0.9677,0.7317,0.8333,0.9658
0.9516,0.7662,0.8489,0.9753
0.9194,0.8143,0.8636,0.9527
0.9516,0.7867,0.8613,0.9706
0.9355,0.7733,0.8467,0.958
0.9194,0.7403,0.8201,0.9625
0.9194,0.7808,0.8444,0.9524
0.9516,0.6941,0.8027,0.9631
0.9355,0.7733,0.8467,0.9614
0.9355,0.7733,0.8467,0.9704
0.9194,0.8261,0.8702,0.9578
0.9355,0.8406,0.8855,0.952
0.9194,0.8261,0.8702,0.948
0.9194,0.7703,0.8382,0.959
0.8871,0.7432,0.8088,0.9497
0.9677,0.8955,0.9302,0.9872
0.9194,0.7403,0.8201,0.9212
0.9355,0.7838,0.8529,0.967
0.9032,0.7568,0.8235,0.9402
0.9839,0.8133,0.8905,0.9846
0.9677,0.7595,0.8511,0.9668
0.9677,0.7895,0.8696,0.9712
0.9355,0.7632,0.8406,0.9497
0.9677,0.75,0.8451,0.9639
0.9355,0.7733,0.8467,0.9711
0.9355,0.7532,0.8345,0.9649
0.9677,0.8,0.8759,0.9679
0.9516,0.8082,0.8741,0.9604
0.9194,0.7403,0.8201,0.955
0.9194,0.7308,0.8143,0.9458
0.9194,0.7808,0.8444,0.9513
0.9355,0.7945,0.8593,0.9615
0.8548,0.803,0.8281,0.952
0.9032,0.7568,0.8235,0.9519
0.8387,0.7536,0.7939,0.9311
0.9194,0.7308,0.8143,0.9546
0.9194,0.8261,0.8702,0.9707
0.9032,0.8116,0.855,0.9705
0.8065,0.7353,0.7692,0.9065
0.9032,0.7671,0.8296,0.952
0.8548,0.803,0.8281,0.9372
0.9032,0.7368,0.8116,0.9524
0.9032,0.7089,0.7943,0.9397
0.9032,0.7467,0.8175,0.9468
0.871,0.806,0.8372,0.9238
0.8548,0.7465,0.797,0.9361
0.9677,0.8108,0.8824,0.956
0.8387,0.7429,0.7879,0.9307
0.9516,0.7564,0.8429,0.9568
0.871,0.6923,0.7714,0.9567
0.9839,0.8133,0.8905,0.9894
0.8871,0.8088,0.8462,0.9446
0.9516,0.7284,0.8252,0.9798
0.9032,0.6914,0.7832,0.9526
0.9839,0.8243,0.8971,0.974
0.9516,0.686,0.7973,0.9596
0.9355,0.7632,0.8406,0.9517
0.9032,0.7179,0.8,0.9562
0.8065,0.7576,0.7812,0.9473
0.9032,0.7467,0.8175,0.9535
0.8871,0.8333,0.8594,0.9677
0.9032,0.7671,0.8296,0.952
1.0,0.7949,0.8857,0.9958
0.9516,0.831,0.8872,0.955
0.9194,0.7917,0.8507,0.9621
0.871,0.806,0.8372,0.9399
0.9677,0.7229,0.8276,0.9543
0.871,0.72,0.7883,0.9476
0.9516,0.7867,0.8613,0.9779
0.9516,0.7195,0.8194,0.9619
0.9032,0.7887,0.8421,0.957
0.9355,0.7632,0.8406,0.9665
0.9516,0.7375,0.831,0.9491
0.9194,0.7703,0.8382,0.9659
0.9516,0.7867,0.8613,0.9517
0.9194,0.8507,0.8837,0.9633
0.9355,0.7838,0.8529,0.9734
0.9677,0.7317,0.8333,0.974
0.9194,0.76,0.8321,0.9721
0.8871,0.6962,0.7801,0.9335
0.9032,0.7,0.7887,0.94
0.9355,0.7945,0.8593,0.9608
0.8871,0.8209,0.8527,0.9533
0.9194,0.8028,0.8571,0.9533
0.9839,0.8356,0.9037,0.9875
0.871,0.72,0.7883,0.953
0.9355,0.7838,0.8529,0.968
0.9355,0.7632,0.8406,0.9579
0.9355,0.7838,0.8529,0.9552
0.9516,0.7284,0.8252,0.9635
0.8548,0.803,0.8281,0.9577
0.9194,0.7308,0.8143,0.9636
0.871,0.7714,0.8182,0.9482
0.8871,0.7432,0.8088,0.9461
0.8871,0.7333,0.8029,0.9502
0.9677,0.8,0.8759,0.978
0.9355,0.7342,0.8227,0.9581
0.9355,0.8056,0.8657,0.9686
0.9194,0.75,0.8261,0.9513
0.9032,0.8116,0.855,0.9643
1.0,0.8378,0.9118,0.9911
0.9839,0.7625,0.8592,0.9664
0.9355,0.7342,0.8227,0.9656
0.8871,0.679,0.7692,0.9415
0.9032,0.7778,0.8358,0.9652
0.9355,0.725,0.8169,0.9449
0.9516,0.8082,0.8741,0.9689
0.9677,0.8108,0.8824,0.9775
0.8871,0.8209,0.8527,0.9505
0.9355,0.7733,0.8467,0.978
0.9516,0.8806,0.9147,0.9703
0.8871,0.7237,0.7971,0.9389
0.9677,0.7143,0.8219,0.9531
0.8387,0.7761,0.8062,0.9414
0.9194,0.8382,0.8769,0.9627
0.8548,0.7681,0.8092,0.94
0.9516,0.7867,0.8613,0.9703
0.9194,0.8028,0.8571,0.9633
0.9839,0.8133,0.8905,0.9722
1.0,0.8158,0.8986,0.9937
0.9355,0.7945,0.8593,0.9635
0.9032,0.7568,0.8235,0.9494
0.8387,0.7027,0.7647,0.9305
0.9839,0.6932,0.8133,0.9304
0.9839,0.7439,0.8472,0.9756
0.9032,0.6914,0.7832,0.9474
0.9355,0.725,0.8169,0.9586
0.8871,0.7639,0.8209,0.9623
0.9194,0.7403,0.8201,0.9423
0.9194,0.8143,0.8636,0.9667
0.8871,0.7534,0.8148,0.9525
0.9194,0.75,0.8261,0.9403
0.9516,0.7662,0.8489,0.9721
0.8226,0.7612,0.7907,0.934
0.8226,0.6711,0.7391,0.919
0.9194,0.8028,0.8571,0.9549
0.9194,0.7703,0.8382,0.9561
0.9355,0.8056,0.8657,0.963
0.9194,0.7403,0.8201,0.949
0.9355,0.8406,0.8855,0.9733
0.9194,0.8028,0.8571,0.966
0.871,0.7941,0.8308,0.94
0.9516,0.7763,0.8551,0.9617
0.9677,0.7895,0.8696,0.9821
0.8871,0.9016,0.8943,0.9747
0.9677,0.7692,0.8571,0.972
0.8871,0.6962,0.7801,0.9339
0.9194,0.8382,0.8769,0.9592
0.9032,0.7568,0.8235,0.9469
0.871,0.6585,0.75,0.9352
0.9516,0.6941,0.8027,0.9572
0.8548,0.7794,0.8154,0.9266
0.9839,0.8133,0.8905,0.9698
0.9677,0.8108,0.8824,0.974
0.8871,0.6875,0.7746,0.9581
0.9032,0.7089,0.7943,0.958
0.8387,0.7879,0.8125,0.9276
0.9677,0.7895,0.8696,0.9732
0.8548,0.7681,0.8092,0.944
0.9355,0.7342,0.8227,0.9545
1.0,0.7045,0.8267,0.9759
0.9677,0.8219,0.8889,0.9806
0.9032,0.8,0.8485,0.9574
0.9194,0.7403,0.8201,0.9374
0.9032,0.7887,0.8421,0.9641
0.9194,0.7215,0.8085,0.9279
0.8387,0.7429,0.7879,0.9234
0.9677,0.8,0.8759,0.9787
0.9355,0.7838,0.8529,0.9546
0.9516,0.7284,0.8252,0.9618
0.9032,0.8235,0.8615,0.9609
0.9355,0.6988,0.8,0.9553
0.9677,0.8108,0.8824,0.9641
1.0,0.8611,0.9254,0.9984
0.9355,0.7073,0.8056,0.9675
0.9355,0.6905,0.7945,0.958
0.8548,0.8154,0.8346,0.9487
0.9355,0.7532,0.8345,0.9519
0.9194,0.7808,0.8444,0.9406
0.9839,0.7722,0.8652,0.9806
0.8871,0.8088,0.8462,0.9584
0.9516,0.7867,0.8613,0.9774
0.9677,0.7792,0.8633,0.9769
0.9516,0.8429,0.8939,0.9743
0.9516,0.7195,0.8194,0.9518
0.9194,0.7403,0.8201,0.9562
0.8226,0.7846,0.8031,0.9355
0.9677,0.7895,0.8696,0.9729
0.9032,0.8358,0.8682,0.9593
0.9194,0.8143,0.8636,0.9704
0.8548,0.7465,0.797,0.937
0.9194,0.7917,0.8507,0.9636
0.9516,0.7763,0.8551,0.9733
0.9032,0.7467,0.8175,0.937
0.9194,0.8261,0.8702,0.9799
0.8065,0.6757,0.7353,0.9299
0.9516,0.7867,0.8613,0.9494
0.9355,0.725,0.8169,0.9511
0.9516,0.7564,0.8429,0.9667
0.9677,0.7895,0.8696,0.9779
0.9355,0.8286,0.8788,0.9708
1.0,0.7381,0.8493,0.9744
0.9032,0.7568,0.8235,0.9487
0.9355,0.7436,0.8286,0.9378
0.8871,0.6548,0.7534,0.9314
0.9355,0.6905,0.7945,0.9594
0.9194,0.8028,0.8571,0.9497
0.9516,0.6941,0.8027,0.9665
0.9032,0.7568,0.8235,0.9508
0.9355,0.725,0.8169,0.964
0.8548,0.7571,0.803,0.9426
0.871,0.8438,0.8571,0.9608
0.9032,0.7089,0.7943,0.96
0.9677,0.8,0.8759,0.9835
0.9839,0.7262,0.8356,0.9815
0.9839,0.7625,0.8592,0.9679
0.9839,0.7821,0.8714,0.9721
0.9194,0.7308,0.8143,0.9681
0.9516,0.8429,0.8939,0.9713
0.8548,0.726,0.7852,0.9344
0.9032,0.6914,0.7832,0.944
0.9032,0.7568,0.8235,0.9498
0.9032,0.8485,0.875,0.966
0.8548,0.7794,0.8154,0.9575
0.8871,0.7534,0.8148,0.9465
0.9032,0.7568,0.8235,0.9573
0.9677,0.7595,0.8511,0.9812
0.8871,0.6875,0.7746,0.9353
0.8548,0.6883,0.7626,0.9482
0.8871,0.873,0.88,0.9528
0.9516,0.7284,0.8252,0.9587
0.9194,0.7917,0.8507,0.9728
0.9516,0.7662,0.8489,0.9774
1.0,0.7949,0.8857,0.9896
0.9194,0.7917,0.8507,0.9638
0.9194,0.7403,0.8201,0.9504
0.9355,0.8169,0.8722,0.9606
0.871,0.7013,0.777,0.9406
0.9677,0.8333,0.8955,0.9685
0.9194,0.76,0.8321,0.9619
0.8548,0.8281,0.8413,0.9295
0.9355,0.7632,0.8406,0.949
0.9194,0.7808,0.8444,0.9631
0.8548,0.7571,0.803,0.927
0.9194,0.7808,0.8444,0.941
0.9677,0.7317,0.8333,0.9687
0.9516,0.7375,0.831,0.9537
0.9677,0.7692,0.8571,0.9751
0.9194,0.7308,0.8143,0.9463
0.9677,0.7595,0.8511,0.9602
0.9194,0.8028,0.8571,0.9727
0.9355,0.7436,0.8286,0.9521
0.9032,0.8235,0.8615,0.9477
0.9194,0.8143,0.8636,0.9545
0.9194,0.75,0.8261,0.9513
0.9032,0.7179,0.8,0.9561
0.9516,0.7763,0.8551,0.9691
0.9677,0.7792,0.8633,0.9855
0.9194,0.75,0.8261,0.9568
0.9516,0.7195,0.8194,0.9528
0.9839,0.8243,0.8971,0.9814
0.9516,0.8194,0.8806,0.9724
0.9194,0.7703,0.8382,0.9673
0.9355,0.7342,0.8227,0.9525
0.9194,0.75,0.8261,0.9605
0.9032,0.7368,0.8116,0.9288
0.9677,0.7692,0.8571,0.9774
0.9677,0.75,0.8451,0.9797
0.9355,0.7838,0.8529,0.9697
1.0,0.7294,0.8435,0.9635
0.9194,0.7703,0.8382,0.9612
0.9032,0.8,0.8485,0.9521
0.9194,0.8028,0.8571,0.9608
0.8387,0.7324,0.782,0.9244
0.9194,0.8028,0.8571,0.9667
0.9355,0.7945,0.8593,0.9644
0.9839,0.8356,0.9037,0.9853
0.9355,0.7342,0.8227,0.9551
0.9355,0.7945,0.8593,0.9652
0.9839,0.7821,0.8714,0.9703
0.8548,0.6709,0.7518,0.9438
0.9355,0.8657,0.8992,0.9695
0.9355,0.725,0.8169,0.9572
0.9032,0.8235,0.8615,0.9577
0.871,0.72,0.7883,0.941
1.0,0.7294,0.8435,0.974
0.9516,0.7662,0.8489,0.9803
0.9194,0.7808,0.8444,0.9543
0.9839,0.7439,0.8472,0.9752
0.9032,0.7467,0.8175,0.9325
0.9032,0.7368,0.8116,0.9531
0.9194,0.7215,0.8085,0.96
0.8548,0.803,0.8281,0.9259
0.9839,0.8133,0.8905,0.9829
0.9839,0.7625,0.8592,0.9637
0.8548,0.6974,0.7681,0.9304
0.9516,0.7662,0.8489,0.9734
0.9677,0.7792,0.8633,0.9699
0.9032,0.7467,0.8175,0.9493
0.871,0.7297,0.7941,0.9329
0.9677,0.8219,0.8889,0.9661
0.9839,0.7625,0.8592,0.9846
0.8871,0.8333,0.8594,0.9585
0.9032,0.7467,0.8175,0.9499
RUSMaxBag
0.9677,0.7792,0.8633,0.9767
0.9032,0.7368,0.8116,0.9525
0.9194,0.8028,0.8571,0.9548
0.8387,0.7536,0.7939,0.9356
0.8548,0.803,0.8281,0.9453
0.8548,0.7571,0.803,0.9082
0.9032,0.7778,0.8358,0.9436
0.8548,0.7794,0.8154,0.9563
0.9516,0.8429,0.8939,0.965
0.9516,0.8939,0.9219,0.979
0.8548,0.8548,0.8548,0.9447
0.8387,0.7879,0.8125,0.9481
0.8871,0.7639,0.8209,0.9596
0.9355,0.7838,0.8529,0.9658
0.9677,0.8,0.8759,0.9794
0.8548,0.8154,0.8346,0.9496
0.9194,0.8261,0.8702,0.9564
0.871,0.8438,0.8571,0.9526
0.9032,0.7671,0.8296,0.9421
0.9355,0.7436,0.8286,0.9628
0.9355,0.8529,0.8923,0.9628
0.9194,0.7403,0.8201,0.9397
0.9194,0.7037,0.7972,0.9449
0.9355,0.8056,0.8657,0.9628
0.9032,0.7778,0.8358,0.9462
0.9355,0.8056,0.8657,0.957
0.9032,0.8358,0.8682,0.9679
0.8871,0.8594,0.873,0.9657
0.7903,0.7313,0.7597,0.8919
0.9839,0.8714,0.9242,0.9808
0.9839,0.7011,0.8188,0.9574
0.9355,0.7733,0.8467,0.9421
0.9032,0.8615,0.8819,0.9535
0.9194,0.7308,0.8143,0.9487
0.8871,0.7971,0.8397,0.9661
0.9677,0.8,0.8759,0.9822
0.9032,0.875,0.8889,0.9705
0.9194,0.8507,0.8837,0.9425
0.9032,0.7778,0.8358,0.9552
0.9355,0.8286,0.8788,0.9753
0.9355,0.7945,0.8593,0.9754
0.8871,0.7432,0.8088,0.9165
0.9516,0.8082,0.8741,0.9699
0.8548,0.8548,0.8548,0.9633
0.9194,0.76,0.8321,0.9577
0.871,0.7606,0.812,0.9258
0.8871,0.7746,0.8271,0.9433
0.8871,0.7639,0.8209,0.9384
0.9355,0.7945,0.8593,0.951
0.9355,0.7945,0.8593,0.9517
0.9032,0.7778,0.8358,0.9438
0.9516,0.686,0.7973,0.9385
0.8871,0.8462,0.8661,0.9698
0.9516,0.7662,0.8489,0.9625
0.9194,0.7808,0.8444,0.9546
0.9677,0.8696,0.916,0.9667
0.9194,0.8261,0.8702,0.9743
0.9677,0.8571,0.9091,0.9833
0.8548,0.7571,0.803,0.9308
0.9516,0.8194,0.8806,0.9581
0.9355,0.8529,0.8923,0.9701
0.9516,0.7375,0.831,0.9654
0.8871,0.8462,0.8661,0.9532
0.8871,0.8462,0.8661,0.9648
0.9355,0.8286,0.8788,0.9858
0.9516,0.7973,0.8676,0.9499
0.9677,0.8333,0.8955,0.9838
0.9355,0.8406,0.8855,0.9764
0.9677,0.8108,0.8824,0.9657
0.871,0.72,0.7883,0.9301
0.9355,0.8169,0.8722,0.9649
0.9194,0.7125,0.8028,0.9466
0.871,0.75,0.806,0.9417
0.9516,0.831,0.8872,0.9631
0.9355,0.7945,0.8593,0.958
0.8548,0.726,0.7852,0.9458
0.9516,0.7024,0.8082,0.9564
0.9032,0.8358,0.8682,0.9677
0.8548,0.7681,0.8092,0.943
0.9032,0.8,0.8485,0.9602
0.871,0.7826,0.8244,0.9645
0.9355,0.8529,0.8923,0.9766
0.9032,0.7568,0.8235,0.9413
0.9194,0.8507,0.8837,0.9729
0.9032,0.7778,0.8358,0.9389
0.8387,0.7879,0.8125,0.9257
0.9355,0.7838,0.8529,0.9517
0.9032,0.7778,0.8358,0.9315
0.8387,0.8125,0.8254,0.9453
0.871,0.7606,0.812,0.9362
0.9516,0.7564,0.8429,0.9778
0.9677,0.8333,0.8955,0.9713
0.9032,0.7887,0.8421,0.946
0.9032,0.8116,0.855,0.9371
0.9839,0.8026,0.8841,0.9732
0.9516,0.831,0.8872,0.9795
0.9194,0.7215,0.8085,0.956
0.9194,0.76,0.8321,0.9615
0.8226,0.8095,0.816,0.9504
0.9194,0.8028,0.8571,0.9685
0.8871,0.8462,0.8661,0.9685
0.9516,0.8429,0.8939,0.9563
0.9355,0.7733,0.8467,0.9451
0.871,0.8308,0.8504,0.952
0.9516,0.7468,0.8369,0.9635
0.9677,0.8571,0.9091,0.973
0.9355,0.7945,0.8593,0.9755
0.9194,0.9194,0.9194,0.9782
0.9194,0.7703,0.8382,0.9635
0.8548,0.791,0.8217,0.9278
0.8387,0.8525,0.8455,0.9415
0.9355,0.8056,0.8657,0.9758
0.9516,0.8194,0.8806,0.9748
0.9355,0.7532,0.8345,0.9635
0.9194,0.8028,0.8571,0.9511
0.871,0.7941,0.8308,0.9375
0.9355,0.7838,0.8529,0.9486
0.9355,0.7733,0.8467,0.9725
0.9032,0.7887,0.8421,0.9625
0.9516,0.7662,0.8489,0.9643
0.8871,0.7746,0.8271,0.9378
0.9032,0.7671,0.8296,0.9505
0.9194,0.75,0.8261,0.956
0.871,0.806,0.8372,0.9532
0.871,0.8182,0.8438,0.9585
0.9032,0.7179,0.8,0.9429
0.9516,0.8939,0.9219,0.9748
0.9355,0.7838,0.8529,0.9583
0.9194,0.8261,0.8702,0.9656
0.8387,0.8814,0.8595,0.9335
0.9677,0.7229,0.8276,0.9633
0.9032,0.8358,0.8682,0.9732
0.8548,0.8413,0.848,0.9403
0.8387,0.8125,0.8254,0.9289
0.9032,0.8116,0.855,0.9398
0.9516,0.7763,0.8551,0.9561
0.9839,0.7531,0.8531,0.9625
0.8065,0.8065,0.8065,0.9312
0.9032,0.8485,0.875,0.9668
0.871,0.7606,0.812,0.9459
0.9516,0.7973,0.8676,0.9654
0.9355,0.7838,0.8529,0.947
0.9677,0.75,0.8451,0.9683
0.9194,0.8507,0.8837,0.9466
0.9355,0.8923,0.9134,0.9721
0.8387,0.8387,0.8387,0.9472
0.9032,0.8116,0.855,0.9399
0.9677,0.75,0.8451,0.9623
0.9194,0.8028,0.8571,0.9695
0.9194,0.7703,0.8382,0.9728
0.9677,0.7792,0.8633,0.9803
0.9194,0.8028,0.8571,0.9562
0.8548,0.8154,0.8346,0.9351
0.9516,0.8194,0.8806,0.9771
0.871,0.75,0.806,0.9431
0.9032,0.7778,0.8358,0.9412
0.871,0.7941,0.8308,0.9405
0.871,0.7397,0.8,0.951
0.9194,0.75,0.8261,0.9578
0.9516,0.7375,0.831,0.939
0.9516,0.8082,0.8741,0.9647
0.9516,0.7468,0.8369,0.9505
0.9032,0.8235,0.8615,0.9456
0.9516,0.831,0.8872,0.9694
0.9032,0.7778,0.8358,0.9574
0.9677,0.7595,0.8511,0.9612
0.9677,0.8571,0.9091,0.9875
0.9194,0.9048,0.912,0.9742
0.9516,0.7867,0.8613,0.9628
0.8548,0.803,0.8281,0.9502
0.8548,0.7465,0.797,0.9247
0.871,0.806,0.8372,0.9655
0.9194,0.75,0.8261,0.9447
0.9355,0.7632,0.8406,0.9509
0.9839,0.7922,0.8777,0.9822
0.9194,0.8028,0.8571,0.9456
0.7581,0.7833,0.7705,0.9288
0.9355,0.8406,0.8855,0.9692
0.8871,0.8462,0.8661,0.9326
0.9355,0.7733,0.8467,0.9618
0.9355,0.7945,0.8593,0.9567
0.9194,0.8028,0.8571,0.9446
0.9194,0.7308,0.8143,0.9575
0.8548,0.7571,0.803,0.932
0.9839,0.8133,0.8905,0.9887
0.9032,0.8116,0.855,0.9574
0.9355,0.9206,0.928,0.9651
0.8548,0.8833,0.8689,0.9257
0.9194,0.8507,0.8837,0.9576
0.9516,0.8082,0.8741,0.9584
0.9032,0.8116,0.855,0.9601
0.9677,0.8824,0.9231,0.9799
0.9677,0.8571,0.9091,0.9922
0.9516,0.7763,0.8551,0.9701
0.8548,0.8548,0.8548,0.9743
0.9194,0.7808,0.8444,0.9667
0.9194,0.8382,0.8769,0.948
0.9194,0.7808,0.8444,0.9658
0.8548,0.8154,0.8346,0.925
0.9677,0.7792,0.8633,0.9668
0.9355,0.8529,0.8923,0.9621
0.8871,0.7639,0.8209,0.9394
0.8871,0.7971,0.8397,0.9357
0.9355,0.9206,0.928,0.9671
0.9194,0.7703,0.8382,0.9598
0.9355,0.7733,0.8467,0.9574
0.871,0.8308,0.8504,0.9585
0.8871,0.7857,0.8333,0.9527
0.9355,0.8286,0.8788,0.9724
0.9516,0.7973,0.8676,0.9637
0.8387,0.8387,0.8387,0.9482
0.8871,0.7143,0.7914,0.9469
0.9516,0.831,0.8872,0.9788
0.9194,0.8143,0.8636,0.949
0.9194,0.76,0.8321,0.9509
0.9355,0.7838,0.8529,0.9326
0.8871,0.7971,0.8397,0.972
0.9032,0.7568,0.8235,0.946
0.9355,0.7532,0.8345,0.9707
0.9516,0.8676,0.9077,0.9786
0.871,0.8852,0.878,0.936
0.9194,0.7917,0.8507,0.9431
0.9032,0.7568,0.8235,0.9545
0.871,0.8308,0.8504,0.9537
0.9677,0.8,0.8759,0.9612
0.9839,0.7722,0.8652,0.9864
0.9032,0.7778,0.8358,0.9527
0.8871,0.8088,0.8462,0.9531
0.8387,0.7647,0.8,0.9213
0.8871,0.7432,0.8088,0.9343
0.9194,0.7808,0.8444,0.971
0.9032,0.7778,0.8358,0.9561
0.9677,0.8333,0.8955,0.9729
0.9516,0.7662,0.8489,0.9637
0.9194,0.8028,0.8571,0.9697
0.9516,0.8676,0.9077,0.985
0.9194,0.7403,0.8201,0.9502
0.9194,0.8143,0.8636,0.9722
0.9677,0.8108,0.8824,0.97
0.8871,0.7857,0.8333,0.9384
0.9032,0.8116,0.855,0.9707
0.8548,0.803,0.8281,0.924
0.9355,0.8169,0.8722,0.9668
0.871,0.7826,0.8244,0.9562
0.9516,0.8082,0.8741,0.9643
0.9355,0.8056,0.8657,0.9594
0.9355,0.8788,0.9063,0.9554
0.9355,0.8529,0.8923,0.9813
0.9516,0.7763,0.8551,0.9601
0.9677,0.8451,0.9023,0.9793
0.871,0.806,0.8372,0.9296
0.9194,0.6786,0.7808,0.9551
0.9032,0.8358,0.8682,0.9681
0.9194,0.8261,0.8702,0.9675
0.9194,0.7703,0.8382,0.9442
0.8871,0.7857,0.8333,0.946
0.871,0.806,0.8372,0.9363
0.9032,0.8235,0.8615,0.9612
0.9516,0.7973,0.8676,0.9661
0.9194,0.8906,0.9048,0.9717
0.9355,0.8286,0.8788,0.9433
0.9194,0.8028,0.8571,0.9417
0.9032,0.8116,0.855,0.9447
0.9032,0.8889,0.896,0.98
0.8871,0.8333,0.8594,0.9422
0.9032,0.8,0.8485,0.9586
0.9032,0.7273,0.8058,0.9438
0.9677,0.7595,0.8511,0.9691
0.9355,0.8056,0.8657,0.9544
0.9355,0.716,0.8112,0.968
0.8226,0.7727,0.7969,0.937
0.8548,0.7361,0.791,0.9111
0.9032,0.8235,0.8615,0.9552
0.8065,0.8197,0.813,0.9629
0.9194,0.8382,0.8769,0.9401
0.8871,0.8594,0.873,0.9551
0.9516,0.7662,0.8489,0.9676
0.8871,0.8209,0.8527,0.9308
0.871,0.7606,0.812,0.9088
0.871,0.8438,0.8571,0.9526
0.9032,0.7568,0.8235,0.9699
0.8871,0.8088,0.8462,0.9585
0.9194,0.8382,0.8769,0.9526
0.9355,0.6988,0.8,0.9548
0.9032,0.8,0.8485,0.9776
0.871,0.7941,0.8308,0.9071
0.871,0.7714,0.8182,0.9542
0.871,0.7105,0.7826,0.9168
0.8871,0.7857,0.8333,0.9475
0.9355,0.7838,0.8529,0.9654
0.9355,0.7532,0.8345,0.9625
0.8871,0.873,0.88,0.9676
0.871,0.7941,0.8308,0.95
0.8871,0.8209,0.8527,0.9349
0.9032,0.7671,0.8296,0.9534
0.9194,0.7917,0.8507,0.9709
0.8871,0.7971,0.8397,0.9494
0.8871,0.7432,0.8088,0.9445
0.9355,0.8056,0.8657,0.9573
0.9355,0.7532,0.8345,0.9636
0.8871,0.7971,0.8397,0.9671
0.9032,0.7671,0.8296,0.9482
0.9032,0.7467,0.8175,0.9365
0.9194,0.7917,0.8507,0.9717
0.9516,0.7973,0.8676,0.9527
0.871,0.7826,0.8244,0.95
0.9194,0.8261,0.8702,0.9618
0.9516,0.8429,0.8939,0.9684
0.871,0.7826,0.8244,0.9343
0.9677,0.7792,0.8633,0.9616
0.8548,0.7794,0.8154,0.9388
0.8548,0.8281,0.8413,0.9229
0.8548,0.7162,0.7794,0.9506
0.9355,0.8056,0.8657,0.9687
0.9032,0.8,0.8485,0.9601
0.9194,0.8507,0.8837,0.9676
0.9677,0.7692,0.8571,0.9603
0.8387,0.8814,0.8595,0.935
0.9516,0.7763,0.8551,0.9667
0.9032,0.8235,0.8615,0.9483
0.8548,0.7681,0.8092,0.92
0.9032,0.7568,0.8235,0.9605
0.8548,0.791,0.8217,0.9523
0.9355,0.8923,0.9134,0.964
0.871,0.7397,0.8,0.9299
0.9677,0.7229,0.8276,0.9526
0.9194,0.7308,0.8143,0.9472
0.8871,0.8594,0.873,0.9631
0.9516,0.831,0.8872,0.9751
0.9194,0.7917,0.8507,0.9555
0.9516,0.8082,0.8741,0.9628
0.9194,0.76,0.8321,0.966
0.9516,0.7763,0.8551,0.9663
0.9194,0.8382,0.8769,0.9538
0.9194,0.8261,0.8702,0.96
0.9032,0.7568,0.8235,0.9474
0.9516,0.8429,0.8939,0.9759
0.8548,0.7465,0.797,0.9496
0.9677,0.8,0.8759,0.9757
0.9194,0.8382,0.8769,0.9674
0.8548,0.8548,0.8548,0.9632
0.9194,0.7703,0.8382,0.9485
0.9355,0.8529,0.8923,0.9756
0.9194,0.8261,0.8702,0.9647
0.9516,0.8676,0.9077,0.959
0.9032,0.7671,0.8296,0.9322
0.9355,0.7945,0.8593,0.9663
0.9355,0.8406,0.8855,0.9654
0.871,0.7714,0.8182,0.9486
0.9516,0.831,0.8872,0.9815
0.9677,0.75,0.8451,0.9691
0.9355,0.7436,0.8286,0.9422
0.871,0.8571,0.864,0.9644
0.8548,0.7681,0.8092,0.9286
0.9516,0.7867,0.8613,0.9715
0.9194,0.8382,0.8769,0.9655
0.9194,0.7917,0.8507,0.9558
0.9032,0.8485,0.875,0.9618
0.9032,0.7778,0.8358,0.9562
0.9194,0.7917,0.8507,0.9691
0.9194,0.7403,0.8201,0.9376
0.8871,0.8333,0.8594,0.955
0.9355,0.7532,0.8345,0.9588
0.9355,0.8169,0.8722,0.9561
0.9194,0.8028,0.8571,0.9556
0.9355,0.7733,0.8467,0.955
0.9516,0.8429,0.8939,0.9749
0.9032,0.8615,0.8819,0.9673
0.9355,0.8056,0.8657,0.9623
0.9194,0.7917,0.8507,0.9415
0.9194,0.7403,0.8201,0.95
0.9677,0.7229,0.8276,0.9569
0.8871,0.8088,0.8462,0.95
0.9839,0.8243,0.8971,0.988
0.9355,0.6905,0.7945,0.9341
0.871,0.7941,0.8308,0.9469
0.9194,0.8143,0.8636,0.9541
0.9032,0.8889,0.896,0.9468
0.8548,0.7361,0.791,0.9147
0.9355,0.8056,0.8657,0.9652
0.9355,0.8406,0.8855,0.9896
0.871,0.7714,0.8182,0.9533
0.8871,0.7857,0.8333,0.9408
0.8387,0.7761,0.8062,0.9558
0.9355,0.6988,0.8,0.9365
0.9839,0.7349,0.8414,0.9776
0.9355,0.8169,0.8722,0.9703
0.8871,0.7971,0.8397,0.9498
0.9355,0.7733,0.8467,0.9578
0.8548,0.8983,0.876,0.962
0.8226,0.7727,0.7969,0.9421
0.8387,0.8254,0.832,0.9657
0.9516,0.7284,0.8252,0.9449
0.9194,0.8261,0.8702,0.9645
0.8548,0.8413,0.848,0.9604
0.8871,0.8209,0.8527,0.9651
0.9355,0.8056,0.8657,0.9692
0.9194,0.75,0.8261,0.9382
0.9516,0.8676,0.9077,0.9672
0.9194,0.8143,0.8636,0.9757
0.8871,0.7746,0.8271,0.9508
0.9032,0.8358,0.8682,0.9636
0.9032,0.8,0.8485,0.9623
0.8871,0.8462,0.8661,0.957
0.9032,0.8615,0.8819,0.9641
0.9355,0.7733,0.8467,0.9743
0.9032,0.8485,0.875,0.9584
0.871,0.7714,0.8182,0.94
0.9194,0.76,0.8321,0.9611
0.9194,0.7403,0.8201,0.927
0.8871,0.7432,0.8088,0.9279
0.8871,0.6962,0.7801,0.9366
0.871,0.7826,0.8244,0.9537
0.871,0.8182,0.8438,0.952
0.9839,0.8841,0.9313,0.996
0.9355,0.8169,0.8722,0.9589
0.8065,0.8197,0.813,0.9482
0.9194,0.7308,0.8143,0.9659
0.9032,0.7467,0.8175,0.9363
0.8871,0.8333,0.8594,0.926
0.9032,0.7671,0.8296,0.9637
0.9677,0.75,0.8451,0.9578
0.9355,0.8406,0.8855,0.9681
0.9516,0.8082,0.8741,0.9609
0.8871,0.8462,0.8661,0.9582
0.8548,0.803,0.8281,0.9475
0.8871,0.8088,0.8462,0.9609
0.9194,0.7917,0.8507,0.9416
0.9194,0.7808,0.8444,0.9424
0.8871,0.7534,0.8148,0.9325
0.9032,0.7887,0.8421,0.9444
0.9355,0.7838,0.8529,0.9619
0.9355,0.8286,0.8788,0.9604
0.9194,0.8261,0.8702,0.9612
0.8871,0.9016,0.8943,0.9544
0.9677,0.7792,0.8633,0.9571
0.871,0.8438,0.8571,0.9561
0.9516,0.7867,0.8613,0.962
0.9355,0.7945,0.8593,0.9667
0.8871,0.7857,0.8333,0.9481
0.9194,0.7917,0.8507,0.9614
0.8871,0.7857,0.8333,0.9319
0.9516,0.7973,0.8676,0.964
0.8871,0.7857,0.8333,0.9441
0.9194,0.7703,0.8382,0.9594
1.0,0.8493,0.9185,0.9815
0.8871,0.7639,0.8209,0.9639
0.9355,0.8657,0.8992,0.9556
0.9355,0.8529,0.8923,0.9588
0.9839,0.8133,0.8905,0.9849
0.9516,0.7564,0.8429,0.9566
0.9032,0.7273,0.8058,0.9528
0.9677,0.8571,0.9091,0.9778
0.9032,0.8116,0.855,0.9558
0.9032,0.8358,0.8682,0.9386
0.8226,0.7612,0.7907,0.8878
0.8871,0.8088,0.8462,0.9454
0.9355,0.8056,0.8657,0.9638
0.9194,0.8143,0.8636,0.9533
0.9355,0.9206,0.928,0.966
0.8871,0.7534,0.8148,0.9545
0.9516,0.7867,0.8613,0.9616
0.9032,0.8116,0.855,0.9326
0.9194,0.7703,0.8382,0.9537
0.9355,0.8169,0.8722,0.9733
0.9194,0.7703,0.8382,0.9639
0.8871,0.7432,0.8088,0.9183
0.9516,0.7973,0.8676,0.9734
0.8548,0.7465,0.797,0.9308
0.9516,0.831,0.8872,0.9581
0.9677,0.7895,0.8696,0.9725
0.8871,0.8209,0.8527,0.9585
0.871,0.7826,0.8244,0.9501
0.8387,0.8667,0.8525,0.954
0.9194,0.7215,0.8085,0.9469
0.9516,0.7867,0.8613,0.9689
0.8548,0.8154,0.8346,0.9572
0.9194,0.8143,0.8636,0.955
0.9194,0.7917,0.8507,0.9707
0.9516,0.8429,0.8939,0.9715
0.9355,0.7838,0.8529,0.9661
0.9194,0.7808,0.8444,0.9425
0.8548,0.7571,0.803,0.932
0.9194,0.7917,0.8507,0.948
0.8871,0.8333,0.8594,0.9598
0.9032,0.7273,0.8058,0.9472
0.9516,0.7662,0.8489,0.9751
0.8548,0.7571,0.803,0.9144
0.9516,0.831,0.8872,0.9718
0.9032,0.7467,0.8175,0.9363
0.9355,0.7733,0.8467,0.9693
0.9355,0.7436,0.8286,0.9541
0.9194,0.7917,0.8507,0.9596
0.8065,0.7576,0.7812,0.913
0.7903,0.8033,0.7967,0.9228
0.9516,0.7867,0.8613,0.9677
0.9839,0.8026,0.8841,0.9718
0.9516,0.831,0.8872,0.9589
0.9516,0.8676,0.9077,0.9682
0.871,0.8182,0.8438,0.9593
0.8871,0.7534,0.8148,0.9474
0.9355,0.9063,0.9206,0.9634
0.9839,0.7439,0.8472,0.9626
0.9194,0.7808,0.8444,0.9473
0.9032,0.7778,0.8358,0.9655
0.9032,0.7671,0.8296,0.9577
0.9194,0.8028,0.8571,0.9631
0.8871,0.8594,0.873,0.9744
0.9355,0.6988,0.8,0.9408
0.9032,0.7887,0.8421,0.9553
0.9516,0.7973,0.8676,0.9443
0.9194,0.8507,0.8837,0.9602
0.9032,0.8116,0.855,0.9737
0.8871,0.7333,0.8029,0.9313
0.9355,0.7733,0.8467,0.9639
0.9677,0.8108,0.8824,0.9688
0.9355,0.8169,0.8722,0.9544
0.871,0.7013,0.777,0.9267
0.9677,0.8333,0.8955,0.9724
0.9194,0.7215,0.8085,0.9446
0.9032,0.7778,0.8358,0.9588
0.871,0.806,0.8372,0.9409
0.9032,0.8116,0.855,0.9605
0.9516,0.8082,0.8741,0.9744
0.9516,0.7375,0.831,0.9636
0.8387,0.7536,0.7939,0.9
0.9355,0.8286,0.8788,0.9724
0.871,0.7606,0.812,0.9459
0.9516,0.7763,0.8551,0.9661
0.9032,0.8116,0.855,0.9497
0.9032,0.8235,0.8615,0.9619
0.9355,0.8056,0.8657,0.9749
0.8871,0.7333,0.8029,0.9425
0.9194,0.7403,0.8201,0.9321
0.8548,0.7681,0.8092,0.9316
0.871,0.7941,0.8308,0.9581
0.9194,0.8382,0.8769,0.9681
0.8387,0.9123,0.8739,0.9556
0.9355,0.7632,0.8406,0.9486
0.9194,0.8028,0.8571,0.9605
0.8871,0.8462,0.8661,0.9588
0.9516,0.8082,0.8741,0.9592
0.9516,0.8194,0.8806,0.9707
0.9032,0.7568,0.8235,0.9534
0.9032,0.8615,0.8819,0.9752
0.9032,0.7887,0.8421,0.939
0.9516,0.8194,0.8806,0.9702
0.9677,0.7229,0.8276,0.9645
0.9194,0.7917,0.8507,0.9634
0.9516,0.7468,0.8369,0.9757
0.9194,0.7308,0.8143,0.964
0.9516,0.8082,0.8741,0.9673
0.9839,0.8714,0.9242,0.9888
0.9516,0.7867,0.8613,0.9608
0.9677,0.7792,0.8633,0.9629
0.8548,0.791,0.8217,0.9522
0.8548,0.8413,0.848,0.943
0.9355,0.8056,0.8657,0.9552
0.9194,0.7808,0.8444,0.9551
0.871,0.8308,0.8504,0.9674
0.8871,0.7746,0.8271,0.9535
0.8871,0.7746,0.8271,0.9716
0.9516,0.831,0.8872,0.958
0.8871,0.7639,0.8209,0.9212
0.9032,0.7778,0.8358,0.9684
0.8871,0.8209,0.8527,0.9512
0.9194,0.7808,0.8444,0.9618
0.871,0.7826,0.8244,0.9047
0.9355,0.8923,0.9134,0.968
0.9516,0.7375,0.831,0.969
0.9032,0.8615,0.8819,0.9617
0.8871,0.7237,0.7971,0.9499
0.9032,0.8,0.8485,0.9552
0.9516,0.831,0.8872,0.9683
0.871,0.8182,0.8438,0.9594
0.8871,0.7971,0.8397,0.9462
0.9194,0.7308,0.8143,0.9584
0.9032,0.7568,0.8235,0.9493
0.8548,0.7794,0.8154,0.9449
0.9839,0.8592,0.9173,0.9907
0.871,0.7826,0.8244,0.9222
0.8871,0.8333,0.8594,0.9627
0.9194,0.6867,0.7862,0.9444
0.8548,0.8281,0.8413,0.9513
0.871,0.8182,0.8438,0.9589
0.9677,0.75,0.8451,0.9677
0.8387,0.7647,0.8,0.9355
0.9516,0.7662,0.8489,0.9581
0.9355,0.7632,0.8406,0.9508
0.9677,0.8219,0.8889,0.9734
0.871,0.7297,0.7941,0.9321
0.8871,0.7333,0.8029,0.9252
0.9355,0.8169,0.8722,0.9748
0.9355,0.8056,0.8657,0.9514
0.8548,0.8983,0.876,0.9466
0.8226,0.8095,0.816,0.936
0.9516,0.831,0.8872,0.9351
0.8548,0.803,0.8281,0.9461
0.9355,0.8286,0.8788,0.9751
0.9677,0.7595,0.8511,0.979
0.871,0.7297,0.7941,0.9377
0.9194,0.7917,0.8507,0.9551
0.9194,0.75,0.8261,0.9728
0.9032,0.8358,0.8682,0.9617
0.9032,0.7568,0.8235,0.9502
0.9032,0.7467,0.8175,0.9572
0.7903,0.8167,0.8033,0.8925
0.871,0.7714,0.8182,0.9624
0.8871,0.7746,0.8271,0.93
0.9516,0.7867,0.8613,0.9758
0.9516,0.8429,0.8939,0.97
0.8871,0.8088,0.8462,0.9303
0.9355,0.8169,0.8722,0.9744
0.9032,0.7568,0.8235,0.9343
0.9355,0.8529,0.8923,0.9851
0.9677,0.7792,0.8633,0.9795
0.9839,0.7531,0.8531,0.9559
0.9194,0.8507,0.8837,0.9622
0.9194,0.8143,0.8636,0.9539
0.9032,0.7,0.7887,0.9499
0.8871,0.8209,0.8527,0.9564
1.0,0.775,0.8732,0.9801
0.8065,0.7576,0.7812,0.9445
0.8548,0.8413,0.848,0.9681
0.871,0.7714,0.8182,0.9546
0.9839,0.7922,0.8777,0.972
0.9355,0.8169,0.8722,0.9652
0.9355,0.7436,0.8286,0.9456
0.9032,0.8,0.8485,0.9291
0.9355,0.7838,0.8529,0.9584
0.9355,0.7838,0.8529,0.9691
0.9032,0.8358,0.8682,0.9566
0.8871,0.7857,0.8333,0.9506
0.9677,0.7595,0.8511,0.9529
0.8065,0.8197,0.813,0.9135
0.9355,0.8788,0.9063,0.9737
0.9355,0.7532,0.8345,0.9597
0.9516,0.9365,0.944,0.9844
0.9516,0.7973,0.8676,0.9714
0.9194,0.7703,0.8382,0.9564
0.9032,0.8235,0.8615,0.9513
0.9355,0.8056,0.8657,0.9637
0.9677,0.7895,0.8696,0.9769
0.9194,0.8261,0.8702,0.9622
0.9032,0.8358,0.8682,0.9393
0.8871,0.7639,0.8209,0.9264
0.9677,0.8571,0.9091,0.9654
0.9516,0.7662,0.8489,0.9594
0.9194,0.7403,0.8201,0.9579
0.871,0.806,0.8372,0.9486
0.9032,0.7887,0.8421,0.9457
0.9677,0.75,0.8451,0.9659
0.9355,0.8923,0.9134,0.9732
0.9032,0.8,0.8485,0.945
0.9194,0.8507,0.8837,0.9557
0.9355,0.7436,0.8286,0.9532
0.9194,0.7917,0.8507,0.96
0.871,0.7941,0.8308,0.9391
0.9355,0.8286,0.8788,0.9705
0.9516,0.7763,0.8551,0.96
0.9194,0.8636,0.8906,0.9548
0.9355,0.8529,0.8923,0.9609
0.8065,0.7813,0.7937,0.9057
0.9194,0.7917,0.8507,0.9528
0.9032,0.7179,0.8,0.9345
0.8871,0.8209,0.8527,0.9267
0.9516,0.7662,0.8489,0.9465
0.9677,0.8571,0.9091,0.9828
0.9677,0.9524,0.96,0.979
0.9355,0.7733,0.8467,0.9632
0.9355,0.7945,0.8593,0.9629
0.9194,0.75,0.8261,0.9564
0.9355,0.8529,0.8923,0.9659
0.9355,0.7532,0.8345,0.9541
0.9355,0.8406,0.8855,0.9737
0.9032,0.7778,0.8358,0.9462
0.9032,0.8116,0.855,0.9503
0.9032,0.8485,0.875,0.9635
0.8871,0.8333,0.8594,0.9615
0.8871,0.7432,0.8088,0.9403
0.7903,0.8033,0.7967,0.9147
0.9677,0.7792,0.8633,0.9657
0.9032,0.7887,0.8421,0.9638
0.9516,0.7662,0.8489,0.9598
0.871,0.8182,0.8438,0.925
0.8871,0.8209,0.8527,0.9614
0.9032,0.7671,0.8296,0.9554
0.9032,0.8485,0.875,0.9528
0.8871,0.8333,0.8594,0.965
0.9194,0.8028,0.8571,0.9603
0.8871,0.8871,0.8871,0.9524
0.9194,0.8143,0.8636,0.9727
0.9194,0.7917,0.8507,0.9695
0.871,0.7941,0.8308,0.9571
0.8871,0.7333,0.8029,0.9495
0.9516,0.7564,0.8429,0.9524
0.9677,0.7407,0.8392,0.9646
0.9516,0.7468,0.8369,0.9749
0.8871,0.8088,0.8462,0.9483
0.9516,0.831,0.8872,0.9702
0.8871,0.7971,0.8397,0.956
0.8548,0.7794,0.8154,0.9581
0.9032,0.7887,0.8421,0.9532
0.9355,0.7342,0.8227,0.9637
0.9355,0.8529,0.8923,0.9624
0.9355,0.8529,0.8923,0.9616
0.9032,0.8,0.8485,0.9578
0.9355,0.8529,0.8923,0.9471
0.9194,0.8028,0.8571,0.9483
0.9194,0.8143,0.8636,0.9626
0.8871,0.8088,0.8462,0.9436
0.9677,0.9231,0.9449,0.9867
0.8871,0.7237,0.7971,0.9244
0.9355,0.8286,0.8788,0.9693
0.871,0.806,0.8372,0.9359
0.9839,0.8356,0.9037,0.9853
0.9516,0.7867,0.8613,0.9637
0.9516,0.7973,0.8676,0.9745
0.9194,0.8143,0.8636,0.9471
0.9194,0.7703,0.8382,0.9593
0.9194,0.8261,0.8702,0.9718
0.9032,0.7671,0.8296,0.9617
0.9516,0.7763,0.8551,0.9663
0.9516,0.831,0.8872,0.965
0.9194,0.8143,0.8636,0.9533
0.9032,0.7568,0.8235,0.9393
0.9032,0.7887,0.8421,0.9482
0.9194,0.8382,0.8769,0.9633
0.8387,0.8,0.8189,0.946
0.8871,0.8209,0.8527,0.9597
0.8387,0.7761,0.8062,0.9373
0.9032,0.7568,0.8235,0.9501
0.871,0.8182,0.8438,0.9637
0.9032,0.8889,0.896,0.9692
0.8065,0.7813,0.7937,0.9047
0.8871,0.7639,0.8209,0.9494
0.8387,0.8254,0.832,0.935
0.871,0.7941,0.8308,0.9557
0.9194,0.7125,0.8028,0.9382
0.8871,0.7534,0.8148,0.9441
0.871,0.7941,0.8308,0.9234
0.8548,0.8281,0.8413,0.9321
0.9516,0.8082,0.8741,0.9532
0.8387,0.7879,0.8125,0.9293
0.9355,0.8286,0.8788,0.9588
0.9032,0.8,0.8485,0.9667
0.9839,0.8714,0.9242,0.9906
0.871,0.7941,0.8308,0.9366
0.9516,0.8194,0.8806,0.9791
0.9032,0.7368,0.8116,0.9524
0.9839,0.8026,0.8841,0.9726
0.9677,0.75,0.8451,0.9647
0.9516,0.8194,0.8806,0.9597
0.8548,0.7361,0.791,0.9522
0.8065,0.8197,0.813,0.9377
0.8871,0.7971,0.8397,0.9511
0.8387,0.8254,0.832,0.9639
0.871,0.7714,0.8182,0.9524
1.0,0.7848,0.8794,0.9936
0.8871,0.8594,0.873,0.9563
0.8871,0.7971,0.8397,0.9604
0.9032,0.8116,0.855,0.9409
0.9516,0.7564,0.8429,0.9501
0.8226,0.7183,0.7669,0.9438
0.9516,0.8194,0.8806,0.9756
0.9516,0.7375,0.831,0.9633
0.9032,0.7887,0.8421,0.9464
0.9516,0.7973,0.8676,0.9679
0.9355,0.7733,0.8467,0.9509
0.9194,0.8507,0.8837,0.9692
0.9194,0.7917,0.8507,0.9636
0.9032,0.8485,0.875,0.9645
0.9194,0.8507,0.8837,0.9743
0.9839,0.7821,0.8714,0.9769
0.9194,0.8028,0.8571,0.9719
0.8871,0.7237,0.7971,0.9358
0.9032,0.7467,0.8175,0.9365
0.9677,0.8333,0.8955,0.9679
0.871,0.8308,0.8504,0.9565
0.8548,0.8281,0.8413,0.9503
0.9839,0.8841,0.9313,0.9877
0.871,0.7606,0.812,0.9517
0.9677,0.8333,0.8955,0.9779
0.9194,0.76,0.8321,0.9492
0.9032,0.8116,0.855,0.9581
0.9355,0.725,0.8169,0.9557
0.8387,0.8814,0.8595,0.9639
0.9194,0.75,0.8261,0.9631
0.871,0.8182,0.8438,0.9396
0.8871,0.7746,0.8271,0.9497
0.9032,0.7671,0.8296,0.9443
0.9677,0.7895,0.8696,0.9778
0.9194,0.7703,0.8382,0.9547
0.9355,0.8657,0.8992,0.9651
0.871,0.7826,0.8244,0.9521
0.9032,0.8116,0.855,0.9614
0.9839,0.8714,0.9242,0.9918
0.9677,0.8,0.8759,0.9685
0.9355,0.7945,0.8593,0.9669
0.8871,0.7333,0.8029,0.9401
0.8871,0.8462,0.8661,0.9619
0.9355,0.7733,0.8467,0.9455
0.9355,0.8286,0.8788,0.9616
0.9516,0.8194,0.8806,0.9769
0.9032,0.875,0.8889,0.9527
0.9355,0.8169,0.8722,0.9781
0.9516,0.8551,0.9008,0.9661
0.9194,0.7403,0.8201,0.9394
0.9194,0.75,0.8261,0.9473
0.8387,0.8125,0.8254,0.9412
0.9194,0.8382,0.8769,0.9608
0.8548,0.803,0.8281,0.9288
0.9194,0.8143,0.8636,0.9648
0.9194,0.7703,0.8382,0.9672
0.9677,0.7895,0.8696,0.9732
1.0,0.8493,0.9185,0.9953
0.9194,0.8382,0.8769,0.9626
0.871,0.806,0.8372,0.942
0.8226,0.7391,0.7786,0.9247
0.9677,0.7143,0.8219,0.935
0.9677,0.7895,0.8696,0.9763
0.8871,0.7333,0.8029,0.9511
0.9194,0.75,0.8261,0.9571
0.8871,0.7639,0.8209,0.954
0.9194,0.7703,0.8382,0.9449
0.9032,0.8358,0.8682,0.966
0.871,0.8182,0.8438,0.9556
0.9032,0.7778,0.8358,0.9319
0.9516,0.831,0.8872,0.9718
0.8387,0.7761,0.8062,0.925
0.8226,0.7083,0.7612,0.92
0.9194,0.8906,0.9048,0.9586
0.9194,0.8261,0.8702,0.9578
0.9355,0.8056,0.8657,0.9504
0.9194,0.7917,0.8507,0.949
0.9355,0.8529,0.8923,0.9693
0.8871,0.7857,0.8333,0.9546
0.871,0.8571,0.864,0.9301
0.9516,0.8082,0.8741,0.9622
0.9355,0.8286,0.8788,0.9797
0.8871,0.8594,0.873,0.9753
0.9677,0.8108,0.8824,0.9655
0.8871,0.7333,0.8029,0.9325
0.9194,0.8507,0.8837,0.9576
0.8871,0.7857,0.8333,0.9471
0.8548,0.7067,0.7737,0.9407
0.9194,0.7308,0.8143,0.9556
0.871,0.7941,0.8308,0.9303
0.9839,0.8243,0.8971,0.9732
0.9677,0.8108,0.8824,0.9736
0.871,0.7397,0.8,0.9546
0.9032,0.7568,0.8235,0.9633
0.8871,0.8088,0.8462,0.9245
0.9516,0.7973,0.8676,0.977
0.8226,0.8095,0.816,0.9361
0.9194,0.7308,0.8143,0.9492
0.9839,0.7531,0.8531,0.9726
0.9677,0.8108,0.8824,0.9823
0.9032,0.8235,0.8615,0.9548
0.9032,0.7368,0.8116,0.9331
0.8548,0.8281,0.8413,0.9628
0.9032,0.7467,0.8175,0.9323
0.8548,0.7681,0.8092,0.922
0.9677,0.8571,0.9091,0.9791
0.9194,0.7917,0.8507,0.9567
0.9194,0.7917,0.8507,0.9533
0.9032,0.875,0.8889,0.9637
0.9194,0.7037,0.7972,0.9466
0.9677,0.8219,0.8889,0.9666
1.0,0.8857,0.9394,0.9994
0.9355,0.7733,0.8467,0.9646
0.9194,0.75,0.8261,0.9574
0.871,0.8308,0.8504,0.9539
0.9194,0.7703,0.8382,0.9513
0.9032,0.8,0.8485,0.9434
0.9839,0.8026,0.8841,0.9813
0.871,0.8182,0.8438,0.9603
0.9194,0.8382,0.8769,0.9744
0.9516,0.8194,0.8806,0.9748
0.9516,0.8551,0.9008,0.9712
0.9516,0.831,0.8872,0.9608
0.9032,0.7568,0.8235,0.9555
0.8065,0.7692,0.7874,0.9317
0.9677,0.8108,0.8824,0.9772
0.871,0.8182,0.8438,0.95
0.9032,0.8358,0.8682,0.9684
0.8548,0.7571,0.803,0.9352
0.871,0.8438,0.8571,0.9569
0.9516,0.7973,0.8676,0.9754
0.8871,0.7534,0.8148,0.937
0.9194,0.7808,0.8444,0.9718
0.8226,0.7612,0.7907,0.9359
0.9194,0.7808,0.8444,0.9522
0.9355,0.7632,0.8406,0.9567
0.9355,0.7632,0.8406,0.9612
0.9355,0.8788,0.9063,0.9779
0.9194,0.8636,0.8906,0.9772
0.9677,0.7595,0.8511,0.9745
0.871,0.75,0.806,0.9437
0.9194,0.7403,0.8201,0.9434
0.9032,0.7089,0.7943,0.9354
0.9516,0.8082,0.8741,0.9663
0.9032,0.8235,0.8615,0.9494
0.9677,0.7792,0.8633,0.9749
0.9032,0.7778,0.8358,0.9506
0.9355,0.7733,0.8467,0.9676
0.8548,0.803,0.8281,0.9421
0.8548,0.8281,0.8413,0.9574
0.9032,0.7273,0.8058,0.9583
0.9677,0.8451,0.9023,0.9803
0.9677,0.75,0.8451,0.9807
0.9194,0.7703,0.8382,0.9654
0.9839,0.8026,0.8841,0.9767
0.9355,0.7632,0.8406,0.9708
0.9355,0.8529,0.8923,0.9644
0.871,0.7714,0.8182,0.9325
0.8871,0.7051,0.7857,0.9426
0.8871,0.7857,0.8333,0.9513
0.9032,0.875,0.8889,0.9685
0.8548,0.8154,0.8346,0.9556
0.8871,0.8088,0.8462,0.9446
0.9032,0.8,0.8485,0.95
0.9839,0.7625,0.8592,0.9834
0.8548,0.7681,0.8092,0.9399
0.8387,0.7647,0.8,0.9421
0.9194,0.8261,0.8702,0.954
0.9516,0.7973,0.8676,0.9623
0.9032,0.7887,0.8421,0.972
0.9516,0.9077,0.9291,0.9742
0.9839,0.8592,0.9173,0.9876
0.9032,0.8235,0.8615,0.9659
0.9355,0.7838,0.8529,0.9523
0.9032,0.8,0.8485,0.9561
0.871,0.72,0.7883,0.9328
0.9677,0.8696,0.916,0.9669
0.9194,0.76,0.8321,0.9553
0.8548,0.8833,0.8689,0.9234
0.9194,0.76,0.8321,0.9465
0.9194,0.8028,0.8571,0.9576
0.8548,0.8281,0.8413,0.9285
0.9032,0.7778,0.8358,0.935
0.9194,0.7808,0.8444,0.9654
0.9355,0.8056,0.8657,0.9543
0.9355,0.7733,0.8467,0.9751
0.9194,0.76,0.8321,0.9443
0.9677,0.7792,0.8633,0.9628
0.9194,0.8028,0.8571,0.9702
0.9194,0.7808,0.8444,0.9494
0.9032,0.8889,0.896,0.9411
0.8871,0.7857,0.8333,0.9511
0.9032,0.7778,0.8358,0.9562
0.871,0.7941,0.8308,0.9516
0.9516,0.831,0.8872,0.9634
0.9516,0.8082,0.8741,0.9841
0.871,0.7941,0.8308,0.9532
0.9355,0.7342,0.8227,0.9547
0.9839,0.8714,0.9242,0.9817
0.9516,0.7973,0.8676,0.9705
0.9194,0.8143,0.8636,0.9637
0.9355,0.7632,0.8406,0.9549
0.8871,0.7639,0.8209,0.9556
0.9032,0.8,0.8485,0.9251
0.9839,0.7922,0.8777,0.9723
0.9677,0.8108,0.8824,0.9772
0.9355,0.8657,0.8992,0.9626
0.9839,0.7176,0.8299,0.958
0.9194,0.7808,0.8444,0.9605
0.9032,0.8,0.8485,0.949
0.871,0.8308,0.8504,0.9588
0.8065,0.7813,0.7937,0.9249
0.9355,0.8788,0.9063,0.9665
0.9194,0.7917,0.8507,0.9573
0.9839,0.8356,0.9037,0.9825
0.9194,0.76,0.8321,0.9541
0.9355,0.7945,0.8593,0.9651
0.9516,0.8082,0.8741,0.9682
0.8548,0.7361,0.791,0.9426
0.871,0.8438,0.8571,0.9574
0.9194,0.75,0.8261,0.9569
0.8871,0.8209,0.8527,0.9592
0.871,0.7606,0.812,0.9395
0.9839,0.7722,0.8652,0.9737
0.9516,0.8082,0.8741,0.9784
0.9194,0.7917,0.8507,0.9543
0.9677,0.7895,0.8696,0.9747
0.9032,0.8116,0.855,0.9264
0.8871,0.7857,0.8333,0.9464
0.9032,0.7467,0.8175,0.9569
0.8548,0.8548,0.8548,0.9237
0.9839,0.8133,0.8905,0.9801
0.9839,0.8133,0.8905,0.9654
0.8548,0.803,0.8281,0.9371
0.9355,0.7838,0.8529,0.979
0.9677,0.8333,0.8955,0.9617
0.9032,0.8,0.8485,0.9432
0.871,0.7397,0.8,0.9295
0.9355,0.8169,0.8722,0.962
0.9677,0.8333,0.8955,0.9829
0.9032,0.8889,0.896,0.9524
0.8871,0.7857,0.8333,0.9386
RUSVoteBag
0.9677,0.8108,0.8824,0.9613
0.9355,0.7632,0.8406,0.9496
0.9032,0.8485,0.875,0.9616
0.8065,0.8197,0.813,0.9363
0.8387,0.8,0.8189,0.9421
0.8387,0.7761,0.8062,0.899
0.871,0.7714,0.8182,0.9392
0.9194,0.8143,0.8636,0.967
0.9355,0.8169,0.8722,0.9634
0.9516,0.8676,0.9077,0.9841
0.871,0.8438,0.8571,0.9412
0.8226,0.8361,0.8293,0.9376
0.8871,0.8462,0.8661,0.9506
0.9355,0.8286,0.8788,0.9576
0.9194,0.8143,0.8636,0.9707
0.8548,0.803,0.8281,0.9379
0.9194,0.7917,0.8507,0.9455
0.8387,0.8667,0.8525,0.9327
0.9032,0.8235,0.8615,0.9394
0.9516,0.7867,0.8613,0.9561
0.9032,0.8889,0.896,0.9553
0.8871,0.7857,0.8333,0.9279
0.8871,0.7432,0.8088,0.9418
0.9194,0.8382,0.8769,0.958
0.9355,0.7945,0.8593,0.9403
0.9194,0.8382,0.8769,0.9504
0.9194,0.8143,0.8636,0.9672
0.8548,0.8413,0.848,0.947
0.8065,0.7463,0.7752,0.8798
0.9839,0.8841,0.9313,0.976
0.9677,0.7059,0.8163,0.9459
0.9032,0.8,0.8485,0.9381
0.9032,0.875,0.8889,0.9446
0.9516,0.8082,0.8741,0.9484
0.871,0.8308,0.8504,0.9601
0.9677,0.8333,0.8955,0.981
0.871,0.8571,0.864,0.9627
0.9032,0.8485,0.875,0.9493
0.9355,0.7632,0.8406,0.9571
0.9032,0.8235,0.8615,0.9732
0.9516,0.8429,0.8939,0.9791
0.871,0.806,0.8372,0.914
0.9194,0.8028,0.8571,0.949
0.8548,0.8833,0.8689,0.9583
0.871,0.8438,0.8571,0.9628
0.871,0.7826,0.8244,0.9091
0.8871,0.7746,0.8271,0.941
0.8548,0.7794,0.8154,0.938
0.9355,0.8406,0.8855,0.9502
0.9194,0.8028,0.8571,0.9463
0.9194,0.8028,0.8571,0.9406
0.8871,0.6875,0.7746,0.926
0.871,0.8438,0.8571,0.9649
0.9516,0.7973,0.8676,0.9592
0.9355,0.8056,0.8657,0.9508
0.871,0.8438,0.8571,0.9595
0.871,0.8852,0.878,0.9683
0.9516,0.8551,0.9008,0.9791
0.8548,0.791,0.8217,0.9224
0.871,0.8308,0.8504,0.9421
0.8871,0.8462,0.8661,0.9574
0.9516,0.8194,0.8806,0.9447
0.8871,0.8333,0.8594,0.9522
0.9032,0.9032,0.9032,0.9617
0.9194,0.8382,0.8769,0.979
0.9032,0.8235,0.8615,0.9412
0.9516,0.8551,0.9008,0.9764
0.9355,0.8657,0.8992,0.9685
0.9516,0.831,0.8872,0.9613
0.8871,0.8088,0.8462,0.9214
0.9355,0.8286,0.8788,0.9568
0.9355,0.6988,0.8,0.9391
0.871,0.7826,0.8244,0.9373
0.9194,0.8769,0.8976,0.9548
0.9032,0.8358,0.8682,0.9566
0.8387,0.7761,0.8062,0.9387
0.9839,0.7625,0.8592,0.9596
0.8871,0.8871,0.8871,0.9586
0.871,0.8182,0.8438,0.9346
0.9032,0.8235,0.8615,0.9474
0.8065,0.8475,0.8264,0.9546
0.9355,0.8923,0.9134,0.9842
0.871,0.75,0.806,0.9213
0.871,0.9,0.8852,0.9686
0.9032,0.7778,0.8358,0.9287
0.8065,0.8333,0.8197,0.9043
0.9516,0.8082,0.8741,0.9479
0.9194,0.76,0.8321,0.9221
0.871,0.871,0.871,0.942
0.8871,0.7746,0.8271,0.9249
0.9677,0.8219,0.8889,0.9836
0.9677,0.8108,0.8824,0.966
0.9032,0.8116,0.855,0.9377
0.9032,0.8235,0.8615,0.9226
0.9355,0.7838,0.8529,0.9681
0.9516,0.9077,0.9291,0.9761
0.9516,0.7662,0.8489,0.9555
0.8871,0.7971,0.8397,0.9535
0.8226,0.8361,0.8293,0.9372
0.8871,0.8088,0.8462,0.9476
0.871,0.8308,0.8504,0.963
0.9355,0.8406,0.8855,0.9514
0.9677,0.7692,0.8571,0.947
0.8387,0.8667,0.8525,0.9503
0.9355,0.7838,0.8529,0.9522
0.9516,0.7973,0.8676,0.9676
0.9032,0.8,0.8485,0.9751
0.9677,0.9231,0.9449,0.9806
0.9032,0.8116,0.855,0.9636
0.8387,0.8,0.8189,0.9043
0.8548,0.8281,0.8413,0.9374
0.9355,0.8286,0.8788,0.9601
0.9032,0.8485,0.875,0.96
0.9355,0.7632,0.8406,0.9583
0.9194,0.8769,0.8976,0.9446
0.8548,0.803,0.8281,0.9307
0.9516,0.8429,0.8939,0.9445
0.9355,0.7945,0.8593,0.9687
0.9194,0.8143,0.8636,0.964
0.9355,0.7945,0.8593,0.9631
0.8871,0.7971,0.8397,0.9376
0.9032,0.8,0.8485,0.9361
0.9032,0.8,0.8485,0.9385
0.8871,0.8333,0.8594,0.9537
0.8387,0.8,0.8189,0.9563
0.9194,0.76,0.8321,0.9481
0.9194,0.9344,0.9268,0.9706
0.9032,0.7568,0.8235,0.9431
0.9032,0.8116,0.855,0.9581
0.8226,0.85,0.8361,0.9196
0.9677,0.7407,0.8392,0.9587
0.9032,0.8358,0.8682,0.9675
0.8065,0.7937,0.8,0.9339
0.871,0.7941,0.8308,0.9162
0.8871,0.8088,0.8462,0.9422
0.9516,0.7867,0.8613,0.9562
0.9677,0.8,0.8759,0.9658
0.8065,0.8197,0.813,0.9289
0.9032,0.8485,0.875,0.9631
0.871,0.806,0.8372,0.9283
0.9516,0.8082,0.8741,0.9598
0.9194,0.8261,0.8702,0.929
0.9516,0.7763,0.8551,0.9585
0.9194,0.8143,0.8636,0.9409
0.8871,0.873,0.88,0.9577
0.8226,0.85,0.8361,0.9269
0.8871,0.8462,0.8661,0.9308
0.9516,0.7763,0.8551,0.9584
0.8871,0.8594,0.873,0.9627
0.9194,0.8143,0.8636,0.9732
0.9677,0.8451,0.9023,0.9795
0.9032,0.8235,0.8615,0.9563
0.8548,0.8413,0.848,0.9163
0.9677,0.8333,0.8955,0.975
0.8871,0.7746,0.8271,0.9411
0.9032,0.7671,0.8296,0.9346
0.8548,0.8413,0.848,0.9225
0.9032,0.8,0.8485,0.9548
0.9032,0.8358,0.8682,0.9491
0.9032,0.7467,0.8175,0.9332
0.8548,0.8413,0.848,0.9512
0.9516,0.7662,0.8489,0.9548
0.871,0.7941,0.8308,0.9354
0.9355,0.7733,0.8467,0.9546
0.9032,0.8235,0.8615,0.9506
0.9516,0.7867,0.8613,0.9574
0.9032,0.8485,0.875,0.9755
0.8548,0.8413,0.848,0.9696
0.9355,0.7632,0.8406,0.9576
0.871,0.8438,0.8571,0.9568
0.871,0.7826,0.8244,0.9135
0.8871,0.8594,0.873,0.9618
0.9194,0.7917,0.8507,0.9377
0.9032,0.8,0.8485,0.9415
0.9355,0.8529,0.8923,0.9786
0.9032,0.8,0.8485,0.9471
0.8226,0.7391,0.7786,0.9209
0.9194,0.8143,0.8636,0.958
0.871,0.8571,0.864,0.9355
0.9032,0.7671,0.8296,0.9497
0.9032,0.7671,0.8296,0.958
0.9032,0.8235,0.8615,0.9322
0.9032,0.7568,0.8235,0.9477
0.8871,0.7746,0.8271,0.9346
0.9839,0.8472,0.9104,0.995
0.9194,0.8143,0.8636,0.947
0.9355,0.8657,0.8992,0.9635
0.8548,0.8833,0.8689,0.909
0.9032,0.9032,0.9032,0.959
0.9677,0.8333,0.8955,0.9601
0.9194,0.8143,0.8636,0.9535
0.9677,0.9375,0.9524,0.9811
0.9677,0.8824,0.9231,0.9913
0.9516,0.7763,0.8551,0.9659
0.871,0.9,0.8852,0.968
0.8871,0.8209,0.8527,0.9538
0.9032,0.875,0.8889,0.9488
0.9355,0.8169,0.8722,0.9607
0.871,0.7941,0.8308,0.9117
0.9516,0.8082,0.8741,0.9589
0.9194,0.8636,0.8906,0.9514
0.871,0.75,0.806,0.9235
0.8871,0.8333,0.8594,0.9256
0.9194,0.9048,0.912,0.9683
0.9194,0.8143,0.8636,0.9482
0.9516,0.8082,0.8741,0.948
0.8548,0.803,0.8281,0.9497
0.8871,0.7971,0.8397,0.9483
0.9355,0.8169,0.8722,0.9661
0.9355,0.8286,0.8788,0.961
0.8065,0.8197,0.813,0.9502
0.8871,0.7333,0.8029,0.948
0.9516,0.8429,0.8939,0.9776
0.9355,0.7945,0.8593,0.9342
0.9194,0.8143,0.8636,0.9413
0.9355,0.7838,0.8529,0.9353
0.8871,0.873,0.88,0.9589
0.9194,0.7917,0.8507,0.9308
0.9032,0.7568,0.8235,0.9623
0.9355,0.8406,0.8855,0.9639
0.871,0.8438,0.8571,0.924
0.871,0.8308,0.8504,0.9422
0.871,0.7397,0.8,0.9387
0.871,0.8182,0.8438,0.9384
0.8871,0.8333,0.8594,0.9466
0.9516,0.8551,0.9008,0.9853
0.9032,0.7887,0.8421,0.9407
0.9194,0.8261,0.8702,0.9434
0.8387,0.8254,0.832,0.9086
0.8871,0.8088,0.8462,0.9137
0.9355,0.7838,0.8529,0.9683
0.9032,0.8116,0.855,0.9568
0.9355,0.8286,0.8788,0.9621
0.9677,0.7792,0.8633,0.9637
0.9516,0.7867,0.8613,0.9631
0.9194,0.8382,0.8769,0.983
0.8871,0.7639,0.8209,0.935
0.9194,0.8507,0.8837,0.9697
0.9032,0.8615,0.8819,0.9605
0.871,0.8182,0.8438,0.9458
0.9032,0.875,0.8889,0.9625
0.871,0.8182,0.8438,0.9059
0.8871,0.873,0.88,0.9637
0.871,0.871,0.871,0.9449
0.9355,0.8286,0.8788,0.9661
0.9355,0.8286,0.8788,0.9478
0.9516,0.8939,0.9219,0.9509
0.8871,0.8209,0.8527,0.9624
0.9677,0.8219,0.8889,0.9635
0.9516,0.831,0.8872,0.9779
0.8548,0.8154,0.8346,0.9335
0.9194,0.7403,0.8201,0.9403
0.9194,0.8507,0.8837,0.9631
0.9032,0.875,0.8889,0.9631
0.9032,0.7887,0.8421,0.9303
0.9032,0.7887,0.8421,0.9413
0.871,0.7826,0.8244,0.9287
0.8871,0.873,0.88,0.969
0.9516,0.7973,0.8676,0.9588
0.9355,0.8788,0.9063,0.9713
0.9032,0.7671,0.8296,0.9383
0.8871,0.7971,0.8397,0.9391
0.9194,0.8507,0.8837,0.942
0.8871,0.8594,0.873,0.9771
0.8548,0.8689,0.8618,0.9212
0.8548,0.7361,0.791,0.9464
0.8548,0.7162,0.7794,0.9278
0.9677,0.8696,0.916,0.9639
0.9355,0.7945,0.8593,0.9462
0.9355,0.716,0.8112,0.9619
0.8387,0.7761,0.8062,0.9322
0.8226,0.75,0.7846,0.8978
0.8548,0.791,0.8217,0.9476
0.8226,0.8793,0.85,0.9644
0.9194,0.8507,0.8837,0.9349
0.8548,0.9138,0.8833,0.9623
0.9516,0.7867,0.8613,0.955
0.8871,0.8462,0.8661,0.9119
0.871,0.7606,0.812,0.8918
0.871,0.8438,0.8571,0.9415
0.8387,0.8387,0.8387,0.9563
0.871,0.8571,0.864,0.9627
0.9194,0.8769,0.8976,0.9439
0.9032,0.7467,0.8175,0.9453
0.8871,0.873,0.88,0.9802
0.8387,0.8254,0.832,0.8984
0.8548,0.791,0.8217,0.9387
0.8548,0.7465,0.797,0.9067
0.8387,0.8125,0.8254,0.9325
0.9355,0.7945,0.8593,0.9631
0.9355,0.7532,0.8345,0.9625
0.8548,0.8154,0.8346,0.9478
0.8226,0.8095,0.816,0.9295
0.8548,0.8548,0.8548,0.9256
0.9194,0.8507,0.8837,0.9483
0.8871,0.8462,0.8661,0.9653
0.871,0.871,0.871,0.9501
0.9194,0.7917,0.8507,0.9425
0.9032,0.8485,0.875,0.9546
0.9032,0.8116,0.855,0.9651
0.9032,0.7887,0.8421,0.9621
0.8871,0.7746,0.8271,0.9398
0.871,0.7826,0.8244,0.9218
0.9355,0.7733,0.8467,0.9704
0.9194,0.7917,0.8507,0.9513
0.8387,0.8125,0.8254,0.941
0.9032,0.8235,0.8615,0.9585
0.8871,0.8462,0.8661,0.9533
0.8548,0.803,0.8281,0.93
0.9677,0.8451,0.9023,0.9579
0.8871,0.7432,0.8088,0.9369
0.871,0.806,0.8372,0.9259
0.8871,0.7534,0.8148,0.9348
0.9839,0.8243,0.8971,0.9689
0.9032,0.8116,0.855,0.96
0.9355,0.8788,0.9063,0.9604
0.9516,0.7564,0.8429,0.9603
0.8387,0.8667,0.8525,0.9155
0.9355,0.7532,0.8345,0.9547
0.8871,0.8333,0.8594,0.9544
0.8387,0.7879,0.8125,0.9113
0.8871,0.7971,0.8397,0.951
0.8871,0.7971,0.8397,0.9431
0.871,0.8571,0.864,0.9664
0.871,0.7606,0.812,0.9251
0.9355,0.7436,0.8286,0.952
0.9032,0.7467,0.8175,0.9422
0.9032,0.8889,0.896,0.9592
0.9355,0.8406,0.8855,0.9721
0.9355,0.8169,0.8722,0.9543
0.9194,0.7808,0.8444,0.945
0.9194,0.8507,0.8837,0.9669
0.9355,0.8056,0.8657,0.9579
0.9032,0.8116,0.855,0.9443
0.9032,0.8615,0.8819,0.9611
0.871,0.7941,0.8308,0.9392
0.9355,0.8788,0.9063,0.9654
0.8548,0.8281,0.8413,0.951
0.9032,0.7778,0.8358,0.9704
0.9194,0.8143,0.8636,0.9593
0.8548,0.8983,0.876,0.9532
0.9032,0.8,0.8485,0.9454
0.9355,0.8788,0.9063,0.9747
0.9355,0.8788,0.9063,0.9633
0.871,0.8182,0.8438,0.9503
0.9355,0.8056,0.8657,0.9358
0.9355,0.8529,0.8923,0.9582
0.9355,0.8286,0.8788,0.962
0.8226,0.8095,0.816,0.9287
0.9677,0.8451,0.9023,0.9762
0.9516,0.7867,0.8613,0.9668
0.9355,0.7733,0.8467,0.9338
0.871,0.871,0.871,0.9586
0.8226,0.7846,0.8031,0.9138
0.9677,0.8108,0.8824,0.9651
0.9194,0.8261,0.8702,0.9719
0.9194,0.8143,0.8636,0.9549
0.9194,0.8636,0.8906,0.9661
0.8871,0.8333,0.8594,0.9407
0.9194,0.76,0.8321,0.9555
0.9194,0.7808,0.8444,0.932
0.871,0.8571,0.864,0.9453
0.9355,0.7945,0.8593,0.9585
0.9355,0.8286,0.8788,0.9585
0.9032,0.8358,0.8682,0.9557
0.9355,0.8286,0.8788,0.9528
0.9516,0.8429,0.8939,0.9738
0.9194,0.8906,0.9048,0.9664
0.871,0.8438,0.8571,0.9471
0.8871,0.7971,0.8397,0.9215
0.9194,0.7808,0.8444,0.954
0.9677,0.8108,0.8824,0.9491
0.8871,0.8594,0.873,0.9419
0.9677,0.8571,0.9091,0.9852
0.8871,0.7333,0.8029,0.9156
0.8871,0.873,0.88,0.9395
0.871,0.9,0.8852,0.9414
0.8871,0.8462,0.8661,0.9264
0.8548,0.7162,0.7794,0.8901
0.9516,0.8082,0.8741,0.9639
0.9355,0.8657,0.8992,0.9854
0.8548,0.7794,0.8154,0.9442
0.8871,0.8209,0.8527,0.9369
0.871,0.7941,0.8308,0.9569
0.9355,0.716,0.8112,0.932
1.0,0.775,0.8732,0.9728
0.9355,0.8169,0.8722,0.9666
0.8871,0.8209,0.8527,0.9505
0.9194,0.7917,0.8507,0.9573
0.8548,0.9298,0.8908,0.9637
0.8226,0.85,0.8361,0.9343
0.9032,0.9032,0.9032,0.9572
0.9355,0.7945,0.8593,0.9389
0.9032,0.8485,0.875,0.962
0.8548,0.8548,0.8548,0.9588
0.871,0.8571,0.864,0.9563
0.9516,0.8194,0.8806,0.9653
0.871,0.7397,0.8,0.9246
0.9516,0.8429,0.8939,0.9628
0.9194,0.8143,0.8636,0.9767
0.871,0.7941,0.8308,0.9371
0.8871,0.873,0.88,0.9425
0.9032,0.7887,0.8421,0.9553
0.8226,0.8361,0.8293,0.9544
0.8548,0.803,0.8281,0.9573
0.9194,0.8382,0.8769,0.9713
0.9032,0.8358,0.8682,0.9551
0.8548,0.791,0.8217,0.944
0.9194,0.8261,0.8702,0.9457
0.8871,0.7971,0.8397,0.919
0.8871,0.7143,0.7914,0.9154
0.9032,0.7887,0.8421,0.9373
0.871,0.8438,0.8571,0.9498
0.7742,0.8,0.7869,0.9365
0.9839,0.8841,0.9313,0.9926
0.9516,0.8082,0.8741,0.9605
0.8226,0.8644,0.843,0.9382
0.9032,0.7671,0.8296,0.9623
0.8548,0.7465,0.797,0.921
0.8871,0.8333,0.8594,0.9372
0.8871,0.7971,0.8397,0.9677
0.9677,0.8108,0.8824,0.9582
0.9194,0.8636,0.8906,0.9677
0.9194,0.8382,0.8769,0.9598
0.8548,0.8833,0.8689,0.9521
0.8548,0.8281,0.8413,0.9374
0.871,0.806,0.8372,0.9559
0.9032,0.7887,0.8421,0.9303
0.9194,0.75,0.8261,0.9484
0.871,0.806,0.8372,0.9258
0.9032,0.8485,0.875,0.9399
0.9355,0.8406,0.8855,0.9581
0.9032,0.8358,0.8682,0.9552
0.9032,0.875,0.8889,0.953
0.9194,0.8769,0.8976,0.9563
0.9194,0.75,0.8261,0.9554
0.8548,0.803,0.8281,0.9482
0.9355,0.7838,0.8529,0.9556
0.9032,0.8235,0.8615,0.9539
0.8871,0.7857,0.8333,0.9366
0.9355,0.8056,0.8657,0.9558
0.8548,0.8154,0.8346,0.9269
0.9032,0.8485,0.875,0.9528
0.8387,0.7761,0.8062,0.9235
0.9032,0.8235,0.8615,0.9534
1.0,0.8378,0.9118,0.9765
0.9032,0.8,0.8485,0.9672
0.9032,0.8485,0.875,0.9449
0.9194,0.8028,0.8571,0.9539
0.9839,0.7821,0.8714,0.9733
0.9194,0.76,0.8321,0.9569
0.871,0.7606,0.812,0.9472
0.9516,0.8551,0.9008,0.9721
0.871,0.8182,0.8438,0.9493
0.9032,0.8358,0.8682,0.9332
0.7903,0.7313,0.7597,0.8889
0.8387,0.8525,0.8455,0.9338
0.9194,0.8382,0.8769,0.9611
0.9032,0.8358,0.8682,0.936
0.9355,0.8923,0.9134,0.9547
0.871,0.8182,0.8438,0.9546
0.9194,0.7808,0.8444,0.9555
0.9032,0.8358,0.8682,0.9296
0.8871,0.7857,0.8333,0.9327
0.9355,0.8056,0.8657,0.9598
0.9032,0.8,0.8485,0.957
0.871,0.7606,0.812,0.9248
0.9516,0.8806,0.9147,0.9746
0.8226,0.7727,0.7969,0.9275
0.9355,0.8406,0.8855,0.948
0.9677,0.8219,0.8889,0.9739
0.8871,0.7971,0.8397,0.942
0.9032,0.8235,0.8615,0.9485
0.8065,0.8197,0.813,0.9479
0.9194,0.8028,0.8571,0.9464
0.9516,0.7763,0.8551,0.9654
0.871,0.806,0.8372,0.9514
0.9355,0.7733,0.8467,0.949
0.9032,0.8358,0.8682,0.9604
0.9355,0.8529,0.8923,0.9651
0.8871,0.8594,0.873,0.9514
0.9355,0.8056,0.8657,0.9379
0.8226,0.75,0.7846,0.9095
0.8871,0.8209,0.8527,0.9451
0.9032,0.8485,0.875,0.9508
0.871,0.7397,0.8,0.9377
0.9516,0.8939,0.9219,0.9766
0.8387,0.8254,0.832,0.9127
0.9516,0.8806,0.9147,0.9608
0.9032,0.7887,0.8421,0.9279
0.9032,0.8615,0.8819,0.9662
0.9516,0.7662,0.8489,0.9485
0.9194,0.8028,0.8571,0.9455
0.8065,0.7246,0.7634,0.8873
0.7419,0.7797,0.7603,0.9155
0.9355,0.8056,0.8657,0.9631
0.9839,0.8026,0.8841,0.9721
0.9194,0.8028,0.8571,0.9496
0.9355,0.8923,0.9134,0.9612
0.8871,0.8209,0.8527,0.9533
0.871,0.8852,0.878,0.9429
0.8871,0.9016,0.8943,0.9644
0.9677,0.7407,0.8392,0.9541
0.9194,0.8028,0.8571,0.9461
0.8871,0.7857,0.8333,0.9628
0.8548,0.7681,0.8092,0.9476
0.9032,0.8358,0.8682,0.9509
0.871,0.871,0.871,0.9612
0.9355,0.7632,0.8406,0.9406
0.9032,0.8235,0.8615,0.9554
0.9516,0.7867,0.8613,0.9424
0.9032,0.875,0.8889,0.956
0.9032,0.8,0.8485,0.9624
0.871,0.7941,0.8308,0.9218
0.9194,0.8261,0.8702,0.9582
0.9677,0.8451,0.9023,0.9736
0.9194,0.8507,0.8837,0.9497
0.871,0.75,0.806,0.9271
0.9516,0.8551,0.9008,0.9677
0.9032,0.7368,0.8116,0.9466
0.9032,0.8,0.8485,0.959
0.8387,0.8966,0.8667,0.9279
0.871,0.8852,0.878,0.9518
0.9516,0.8082,0.8741,0.9765
0.9355,0.7632,0.8406,0.9648
0.8065,0.7937,0.8,0.8921
0.9194,0.8507,0.8837,0.9656
0.8871,0.7857,0.8333,0.945
0.9194,0.7808,0.8444,0.9593
0.9032,0.8615,0.8819,0.9412
0.8871,0.8088,0.8462,0.9542
0.9355,0.8406,0.8855,0.9776
0.8548,0.7361,0.791,0.938
0.9194,0.75,0.8261,0.9276
0.8548,0.8833,0.8689,0.9083
0.9194,0.7917,0.8507,0.9535
0.9032,0.8485,0.875,0.9512
0.8065,0.8929,0.8475,0.9597
0.9194,0.7917,0.8507,0.9463
0.9194,0.8636,0.8906,0.9616
0.9194,0.8769,0.8976,0.9604
0.9516,0.831,0.8872,0.9634
0.9194,0.8261,0.8702,0.9657
0.9194,0.8261,0.8702,0.9522
0.871,0.8571,0.864,0.9708
0.9194,0.7917,0.8507,0.9501
0.9516,0.8194,0.8806,0.9606
0.9355,0.7532,0.8345,0.9514
0.9516,0.7973,0.8676,0.9544
0.9516,0.7662,0.8489,0.9729
0.9194,0.8143,0.8636,0.9366
0.9516,0.831,0.8872,0.9658
0.9355,0.8406,0.8855,0.9799
0.9516,0.7973,0.8676,0.9529
0.9194,0.76,0.8321,0.9502
0.871,0.7941,0.8308,0.9617
0.8387,0.8525,0.8455,0.9396
0.9194,0.8028,0.8571,0.9586
0.9194,0.7917,0.8507,0.9501
0.871,0.8308,0.8504,0.9631
0.8871,0.8209,0.8527,0.9492
0.8871,0.873,0.88,0.9721
0.9516,0.8429,0.8939,0.954
0.8226,0.7969,0.8095,0.9105
0.9355,0.8169,0.8722,0.9646
0.871,0.8308,0.8504,0.9483
0.9194,0.8507,0.8837,0.9574
0.871,0.8182,0.8438,0.8978
0.9032,0.9032,0.9032,0.9632
0.9677,0.8108,0.8824,0.9647
0.9032,0.7887,0.8421,0.9543
0.8871,0.7971,0.8397,0.9331
0.8871,0.8462,0.8661,0.9327
0.9355,0.8286,0.8788,0.9656
0.9194,0.8507,0.8837,0.9614
0.871,0.7714,0.8182,0.9405
0.8871,0.8333,0.8594,0.9513
0.9032,0.7887,0.8421,0.9357
0.8548,0.8154,0.8346,0.9462
0.9839,0.8592,0.9173,0.9904
0.871,0.7826,0.8244,0.8991
0.8548,0.8833,0.8689,0.9639
0.9032,0.8116,0.855,0.9346
0.871,0.8182,0.8438,0.9465
0.8387,0.8387,0.8387,0.9515
0.9516,0.8806,0.9147,0.9611
0.8548,0.791,0.8217,0.9227
0.9516,0.7867,0.8613,0.9537
0.9194,0.8261,0.8702,0.9449
0.9355,0.7945,0.8593,0.9631
0.8548,0.7465,0.797,0.9199
0.871,0.7941,0.8308,0.9222
0.9194,0.8382,0.8769,0.9693
0.871,0.7941,0.8308,0.9533
0.8387,0.8667,0.8525,0.9357
0.7903,0.7778,0.784,0.9178
0.9194,0.8028,0.8571,0.9385
0.8065,0.7576,0.7812,0.9288
0.9516,0.8194,0.8806,0.9772
0.9355,0.8286,0.8788,0.9781
0.871,0.75,0.806,0.9234
0.9032,0.8116,0.855,0.9526
0.9355,0.8406,0.8855,0.9699
0.871,0.8438,0.8571,0.9669
0.9516,0.7662,0.8489,0.9524
0.871,0.7941,0.8308,0.9489
0.8065,0.8197,0.813,0.8771
0.8548,0.803,0.8281,0.9576
0.8871,0.8209,0.8527,0.9228
0.9516,0.8194,0.8806,0.9764
0.9355,0.8529,0.8923,0.962
0.8226,0.7846,0.8031,0.9123
0.9355,0.8286,0.8788,0.9795
0.8871,0.7971,0.8397,0.9305
0.9355,0.8657,0.8992,0.981
0.9355,0.8169,0.8722,0.9796
0.9839,0.7922,0.8777,0.946
0.9032,0.8615,0.8819,0.9694
0.9032,0.8235,0.8615,0.944
0.9032,0.7467,0.8175,0.9438
0.871,0.8438,0.8571,0.9427
1.0,0.8267,0.9051,0.9715
0.8065,0.7692,0.7874,0.9366
0.871,0.8438,0.8571,0.9645
0.871,0.8182,0.8438,0.9498
0.9839,0.8133,0.8905,0.9673
0.9194,0.8382,0.8769,0.9618
0.9194,0.7917,0.8507,0.9344
0.8548,0.8281,0.8413,0.9093
0.9194,0.8028,0.8571,0.9459
0.9355,0.8286,0.8788,0.9619
0.8871,0.8333,0.8594,0.953
0.9032,0.8358,0.8682,0.9391
0.9677,0.7792,0.8633,0.9564
0.8065,0.8333,0.8197,0.9057
0.8871,0.8462,0.8661,0.9725
0.9355,0.7945,0.8593,0.9631
0.9355,0.8923,0.9134,0.9858
0.9194,0.7703,0.8382,0.9612
0.9194,0.8382,0.8769,0.954
0.871,0.8182,0.8438,0.9417
0.9032,0.7778,0.8358,0.9594
0.9516,0.7662,0.8489,0.974
0.9355,0.8788,0.9063,0.9647
0.8871,0.7857,0.8333,0.9341
0.8548,0.726,0.7852,0.9227
0.9677,0.8824,0.9231,0.963
0.9516,0.8082,0.8741,0.9581
0.9032,0.7887,0.8421,0.9484
0.8387,0.8525,0.8455,0.9282
0.9032,0.8485,0.875,0.9465
0.9677,0.8108,0.8824,0.9675
0.9194,0.9048,0.912,0.9711
0.9032,0.8235,0.8615,0.9338
0.9032,0.8235,0.8615,0.9494
0.9194,0.7403,0.8201,0.9382
0.9194,0.7917,0.8507,0.9611
0.8548,0.7794,0.8154,0.9402
0.9032,0.8615,0.8819,0.965
0.9355,0.7632,0.8406,0.9438
0.871,0.8438,0.8571,0.9411
0.9355,0.8657,0.8992,0.9569
0.8065,0.8197,0.813,0.8987
0.8871,0.8209,0.8527,0.9306
0.8871,0.7534,0.8148,0.935
0.871,0.7606,0.812,0.9196
0.9032,0.7671,0.8296,0.9387
0.9194,0.8769,0.8976,0.9756
0.9516,0.8806,0.9147,0.9752
0.9355,0.7733,0.8467,0.9628
0.9516,0.8194,0.8806,0.9602
0.9194,0.7403,0.8201,0.9507
0.9194,0.8769,0.8976,0.9534
0.9355,0.7342,0.8227,0.9501
0.9677,0.7895,0.8696,0.9738
0.871,0.7941,0.8308,0.9339
0.9032,0.8116,0.855,0.9544
0.9032,0.8485,0.875,0.9494
0.9032,0.8358,0.8682,0.9518
0.8871,0.7432,0.8088,0.9407
0.8065,0.8475,0.8264,0.8936
0.9839,0.8026,0.8841,0.9623
0.9032,0.8358,0.8682,0.9656
0.9194,0.8028,0.8571,0.9524
0.8226,0.8095,0.816,0.9175
0.8871,0.8462,0.8661,0.9565
0.9032,0.7887,0.8421,0.9507
0.8871,0.8209,0.8527,0.9377
0.9194,0.8636,0.8906,0.9627
0.9355,0.8056,0.8657,0.9574
0.8548,0.8983,0.876,0.9417
0.9194,0.8769,0.8976,0.9659
0.8548,0.8281,0.8413,0.9667
0.871,0.8308,0.8504,0.9481
0.9032,0.7568,0.8235,0.9351
0.9355,0.7436,0.8286,0.9468
0.9194,0.7308,0.8143,0.9603
0.9355,0.8286,0.8788,0.9688
0.9194,0.8261,0.8702,0.9386
0.9355,0.8286,0.8788,0.9602
0.9032,0.8358,0.8682,0.9414
0.9032,0.8,0.8485,0.955
0.8548,0.8281,0.8413,0.9497
0.9516,0.7375,0.831,0.9663
0.9355,0.8286,0.8788,0.9511
0.9194,0.8143,0.8636,0.9526
0.9032,0.9032,0.9032,0.9484
0.9194,0.8507,0.8837,0.946
0.9032,0.875,0.8889,0.9446
0.8871,0.7971,0.8397,0.9557
0.8871,0.8594,0.873,0.935
0.9516,0.9219,0.9365,0.9814
0.9194,0.7917,0.8507,0.9236
0.9194,0.8261,0.8702,0.9518
0.8871,0.873,0.88,0.9315
0.9516,0.8551,0.9008,0.9856
0.9516,0.8082,0.8741,0.9529
0.9355,0.7945,0.8593,0.9619
0.9032,0.8,0.8485,0.9338
0.9516,0.7973,0.8676,0.9588
0.9355,0.8286,0.8788,0.9636
0.9355,0.7838,0.8529,0.9571
0.9516,0.8194,0.8806,0.9628
0.9194,0.8382,0.8769,0.9619
0.9194,0.8143,0.8636,0.9454
0.9194,0.7703,0.8382,0.9294
0.9194,0.8636,0.8906,0.9494
0.9355,0.8406,0.8855,0.9577
0.8226,0.8793,0.85,0.9486
0.8548,0.803,0.8281,0.9517
0.7903,0.7538,0.7717,0.9128
0.9194,0.7703,0.8382,0.9525
0.8548,0.8689,0.8618,0.9653
0.8871,0.8871,0.8871,0.9705
0.7903,0.7778,0.784,0.8872
0.9032,0.7778,0.8358,0.9383
0.8548,0.8689,0.8618,0.9304
0.8387,0.7879,0.8125,0.9358
0.8871,0.7432,0.8088,0.9258
0.9032,0.8116,0.855,0.9239
0.8387,0.8525,0.8455,0.9092
0.8548,0.791,0.8217,0.932
0.9032,0.8116,0.855,0.9514
0.8387,0.7879,0.8125,0.9279
0.8387,0.8254,0.832,0.9358
0.8387,0.8,0.8189,0.9398
0.9677,0.8333,0.8955,0.9872
0.871,0.8438,0.8571,0.9393
0.9194,0.8382,0.8769,0.9745
0.9032,0.7273,0.8058,0.9459
0.9839,0.8472,0.9104,0.9757
0.9194,0.7403,0.8201,0.9587
0.9032,0.7778,0.8358,0.9483
0.8548,0.7681,0.8092,0.9382
0.8065,0.8197,0.813,0.9418
0.8871,0.8209,0.8527,0.939
0.8548,0.8983,0.876,0.9615
0.871,0.871,0.871,0.955
1.0,0.8158,0.8986,0.9908
0.871,0.871,0.871,0.9469
0.9032,0.8235,0.8615,0.9602
0.8548,0.8154,0.8346,0.9318
0.9516,0.7763,0.8551,0.9528
0.7742,0.7385,0.7559,0.9267
0.9516,0.8429,0.8939,0.9681
0.9355,0.8169,0.8722,0.9562
0.8548,0.8281,0.8413,0.9492
0.9355,0.8169,0.8722,0.9536
0.9516,0.8082,0.8741,0.949
0.8871,0.8594,0.873,0.9543
0.871,0.7826,0.8244,0.9501
0.9032,0.8485,0.875,0.9581
0.9194,0.8769,0.8976,0.9694
0.9516,0.7973,0.8676,0.9681
0.9194,0.8261,0.8702,0.9695
0.8871,0.7432,0.8088,0.9206
0.9032,0.7273,0.8058,0.9153
0.9194,0.8261,0.8702,0.951
0.8548,0.8548,0.8548,0.9509
0.9032,0.8485,0.875,0.9484
0.9839,0.9104,0.9457,0.9869
0.8548,0.7465,0.797,0.9254
0.9194,0.8143,0.8636,0.9687
0.9194,0.8143,0.8636,0.9501
0.9194,0.8507,0.8837,0.9518
0.9355,0.8056,0.8657,0.9562
0.8065,0.8621,0.8333,0.9556
0.9194,0.7403,0.8201,0.9623
0.8387,0.8525,0.8455,0.937
0.8548,0.7794,0.8154,0.9356
0.871,0.7941,0.8308,0.9425
0.9677,0.8451,0.9023,0.965
0.871,0.806,0.8372,0.9498
0.9355,0.8286,0.8788,0.9652
0.8548,0.8154,0.8346,0.9474
0.8871,0.8594,0.873,0.96
0.9839,0.9104,0.9457,0.9912
0.9355,0.8286,0.8788,0.9676
0.9194,0.8261,0.8702,0.9737
0.8871,0.7534,0.8148,0.9282
0.8871,0.8462,0.8661,0.9548
0.9194,0.7808,0.8444,0.9442
0.9194,0.8636,0.8906,0.9454
0.9194,0.8507,0.8837,0.9685
0.8065,0.9091,0.8547,0.9192
0.9355,0.8169,0.8722,0.9768
0.9516,0.8939,0.9219,0.9681
0.8871,0.7534,0.8148,0.9392
0.8871,0.7639,0.8209,0.9355
0.8387,0.8525,0.8455,0.9253
0.9194,0.8382,0.8769,0.9449
0.8548,0.791,0.8217,0.9119
0.9355,0.8286,0.8788,0.9649
0.9194,0.8143,0.8636,0.9621
0.9516,0.831,0.8872,0.9716
0.9355,0.8657,0.8992,0.9892
0.9194,0.8261,0.8702,0.9608
0.8387,0.8387,0.8387,0.9483
0.7903,0.8033,0.7967,0.9247
0.9194,0.7403,0.8201,0.9245
0.9677,0.8,0.8759,0.9779
0.871,0.7606,0.812,0.9386
0.8871,0.7971,0.8397,0.9517
0.8871,0.8088,0.8462,0.9561
0.9194,0.7703,0.8382,0.9314
0.9194,0.8769,0.8976,0.9518
0.8226,0.7612,0.7907,0.9388
0.9032,0.8235,0.8615,0.9263
0.9355,0.8169,0.8722,0.9599
0.7903,0.8167,0.8033,0.9088
0.7903,0.8033,0.7967,0.9045
0.9032,0.8889,0.896,0.9439
0.8871,0.7971,0.8397,0.9596
0.9355,0.8169,0.8722,0.9431
0.9194,0.76,0.8321,0.9489
0.9032,0.875,0.8889,0.9658
0.8871,0.8209,0.8527,0.9497
0.8548,0.8983,0.876,0.9151
0.9516,0.7973,0.8676,0.9596
0.9677,0.8571,0.9091,0.9861
0.8871,0.9167,0.9016,0.9741
0.9677,0.7792,0.8633,0.9705
0.871,0.7297,0.7941,0.9286
0.9032,0.875,0.8889,0.9458
0.8387,0.8525,0.8455,0.9333
0.8387,0.7429,0.7879,0.9154
0.8871,0.7432,0.8088,0.9365
0.8226,0.8361,0.8293,0.922
0.9677,0.8571,0.9091,0.9702
0.9355,0.8286,0.8788,0.9644
0.871,0.75,0.806,0.9496
0.9032,0.8,0.8485,0.9522
0.8387,0.8667,0.8525,0.8993
0.9516,0.8082,0.8741,0.9687
0.8548,0.8281,0.8413,0.9349
0.9194,0.8261,0.8702,0.9406
0.9839,0.7531,0.8531,0.9718
0.9032,0.8235,0.8615,0.9751
0.9032,0.8235,0.8615,0.9453
0.9194,0.7808,0.8444,0.9332
0.8387,0.8387,0.8387,0.96
0.9032,0.7568,0.8235,0.9175
0.8226,0.7969,0.8095,0.9013
0.9032,0.8615,0.8819,0.9729
0.9032,0.7671,0.8296,0.9464
0.9516,0.8082,0.8741,0.96
0.9032,0.8235,0.8615,0.9577
0.9194,0.7917,0.8507,0.9362
0.9516,0.831,0.8872,0.9608
1.0,0.9118,0.9538,0.9974
0.9355,0.7733,0.8467,0.958
0.9194,0.7808,0.8444,0.9531
0.8226,0.8361,0.8293,0.9397
0.9355,0.7838,0.8529,0.9465
0.8871,0.873,0.88,0.9396
0.9516,0.8194,0.8806,0.9724
0.871,0.8571,0.864,0.9658
0.9516,0.8429,0.8939,0.9676
0.9516,0.8806,0.9147,0.9704
0.9194,0.9048,0.912,0.9649
0.9194,0.76,0.8321,0.9509
0.8548,0.7794,0.8154,0.9503
0.8226,0.85,0.8361,0.9157
0.9355,0.8169,0.8722,0.9748
0.9032,0.8889,0.896,0.9578
0.9194,0.8382,0.8769,0.9684
0.8387,0.8,0.8189,0.9145
0.9032,0.8116,0.855,0.9552
0.9194,0.8143,0.8636,0.9702
0.8871,0.8209,0.8527,0.9418
0.9032,0.875,0.8889,0.9726
0.7742,0.75,0.7619,0.9224
0.9194,0.7917,0.8507,0.9409
0.8871,0.7432,0.8088,0.9478
0.9516,0.8194,0.8806,0.966
0.9516,0.8939,0.9219,0.9756
0.9032,0.8485,0.875,0.9725
0.9677,0.7692,0.8571,0.9726
0.8871,0.7971,0.8397,0.9468
0.9194,0.7808,0.8444,0.9474
0.8548,0.6795,0.7571,0.9133
0.8871,0.7534,0.8148,0.9455
0.9194,0.8636,0.8906,0.9442
0.9355,0.7632,0.8406,0.9681
0.8871,0.8209,0.8527,0.9419
0.9355,0.7838,0.8529,0.9631
0.8387,0.7761,0.8062,0.9297
0.871,0.8571,0.864,0.9514
0.8871,0.7857,0.8333,0.9446
0.9355,0.8406,0.8855,0.9812
0.9839,0.7625,0.8592,0.9839
0.9677,0.8108,0.8824,0.9697
0.9677,0.8219,0.8889,0.97
0.9032,0.7887,0.8421,0.9529
0.9516,0.8806,0.9147,0.9616
0.8548,0.7465,0.797,0.9219
0.871,0.7606,0.812,0.9387
0.8871,0.8209,0.8527,0.9351
0.871,0.8852,0.878,0.9704
0.8387,0.7879,0.8125,0.9486
0.8871,0.7971,0.8397,0.9347
0.8871,0.8209,0.8527,0.9549
0.9516,0.8082,0.8741,0.9825
0.8871,0.7857,0.8333,0.9269
0.8387,0.7123,0.7704,0.9433
0.871,0.9,0.8852,0.9537
0.9032,0.7568,0.8235,0.9522
0.9032,0.8235,0.8615,0.9706
0.9194,0.8769,0.8976,0.9713
1.0,0.8493,0.9185,0.9892
0.9194,0.8143,0.8636,0.9506
0.8871,0.7971,0.8397,0.9432
0.8871,0.8462,0.8661,0.9592
0.8548,0.7794,0.8154,0.9289
0.9355,0.8529,0.8923,0.9636
0.9194,0.8143,0.8636,0.9438
0.8548,0.8413,0.848,0.9096
0.9032,0.875,0.8889,0.9439
0.9194,0.8769,0.8976,0.9574
0.8065,0.7813,0.7937,0.9107
0.871,0.8438,0.8571,0.9254
0.9355,0.7945,0.8593,0.9643
0.9355,0.7945,0.8593,0.9486
0.9194,0.8507,0.8837,0.9715
0.9194,0.7808,0.8444,0.9302
0.9677,0.7895,0.8696,0.9622
0.9032,0.8485,0.875,0.9729
0.9032,0.7778,0.8358,0.9447
0.9032,0.8485,0.875,0.9344
0.8548,0.8548,0.8548,0.9538
0.9032,0.7887,0.8421,0.9496
0.871,0.7826,0.8244,0.9453
0.9355,0.8788,0.9063,0.9522
0.9516,0.8551,0.9008,0.9858
0.871,0.871,0.871,0.9489
0.9355,0.8056,0.8657,0.9558
0.9839,0.8841,0.9313,0.9766
0.9516,0.8806,0.9147,0.9682
0.9194,0.8382,0.8769,0.9489
0.9032,0.7671,0.8296,0.9484
0.9194,0.7808,0.8444,0.943
0.9032,0.8116,0.855,0.9216
0.9516,0.831,0.8872,0.972
0.9677,0.8,0.8759,0.974
0.9355,0.8169,0.8722,0.9566
0.9516,0.7564,0.8429,0.9514
0.8871,0.8209,0.8527,0.9609
0.9032,0.8615,0.8819,0.9378
0.871,0.8308,0.8504,0.9649
0.7903,0.8448,0.8167,0.9199
0.9194,0.8028,0.8571,0.9621
0.9355,0.8286,0.8788,0.9574
0.9839,0.8243,0.8971,0.978
0.9194,0.8143,0.8636,0.9393
0.9355,0.8286,0.8788,0.9617
0.9355,0.8529,0.8923,0.9695
0.8548,0.7361,0.791,0.9245
0.9032,0.9032,0.9032,0.9653
0.9194,0.7808,0.8444,0.9525
0.871,0.8438,0.8571,0.9492
0.8387,0.7324,0.782,0.9325
0.9839,0.7922,0.8777,0.9767
0.9516,0.8429,0.8939,0.9799
0.9194,0.8382,0.8769,0.9506
0.9677,0.7595,0.8511,0.9738
0.8548,0.7361,0.791,0.923
0.8871,0.8088,0.8462,0.9461
0.8871,0.7746,0.8271,0.9522
0.8548,0.8281,0.8413,0.9203
0.9516,0.8082,0.8741,0.974
0.9839,0.8243,0.8971,0.9643
0.7903,0.7424,0.7656,0.9155
0.8871,0.873,0.88,0.9723
0.9516,0.831,0.8872,0.9472
0.9032,0.8116,0.855,0.942
0.871,0.7941,0.8308,0.9243
0.9355,0.8657,0.8992,0.9596
0.9677,0.8824,0.9231,0.9802
0.8871,0.8871,0.8871,0.9445
0.871,0.8438,0.8571,0.9222
