RUSBag
0.8125,0.5909,0.6842,0.9263
0.5625,0.375,0.45,0.7562
0.6875,0.5,0.5789,0.8344
0.9333,0.5185,0.6667,0.9387
1.0,0.6818,0.8108,0.9787
0.75,0.6,0.6667,0.8476
0.6875,0.44,0.5366,0.8348
0.75,0.6316,0.6857,0.8935
0.9375,0.5556,0.6977,0.9305
0.6875,0.5789,0.6286,0.9037
0.875,0.6087,0.7179,0.9313
0.75,0.4615,0.5714,0.8556
0.8125,0.5652,0.6667,0.9331
0.875,0.5385,0.6667,0.8616
0.75,0.5455,0.6316,0.831
0.625,0.6667,0.6452,0.9024
0.8125,0.619,0.7027,0.8584
0.75,0.7059,0.7273,0.8648
1.0,0.5556,0.7143,0.9233
0.8,0.4615,0.5854,0.866
0.8125,0.5909,0.6842,0.8881
0.625,0.5556,0.5882,0.8313
0.6875,0.5238,0.5946,0.8125
1.0,0.6522,0.7895,0.9753
0.8667,0.5417,0.6667,0.864
0.6875,0.4583,0.55,0.8176
0.6875,0.5789,0.6286,0.8948
0.8125,0.4483,0.5778,0.8591
0.875,0.56,0.6829,0.933
0.6875,0.6471,0.6667,0.889
0.8125,0.5,0.619,0.9187
0.8125,0.52,0.6341,0.9031
0.6875,0.5238,0.5946,0.8175
0.6667,0.4167,0.5128,0.7867
0.8667,0.5909,0.7027,0.9333
0.6875,0.5789,0.6286,0.8705
0.8125,0.65,0.7222,0.8929
0.875,0.6667,0.7568,0.9611
0.625,0.5263,0.5714,0.8335
0.5625,0.5625,0.5625,0.787
0.8125,0.619,0.7027,0.8525
0.625,0.5,0.5556,0.835
0.6875,0.5238,0.5946,0.8688
0.8125,0.5652,0.6667,0.8744
0.5625,0.4737,0.5143,0.8291
0.8125,0.65,0.7222,0.9222
0.8125,0.619,0.7027,0.9018
0.9375,0.5556,0.6977,0.9139
0.7333,0.4583,0.5641,0.7687
0.8667,0.5909,0.7027,0.9493
0.8125,0.65,0.7222,0.9012
0.75,0.5455,0.6316,0.865
0.75,0.7059,0.7273,0.8619
0.6875,0.6471,0.6667,0.8591
0.75,0.5455,0.6316,0.8903
0.75,0.5217,0.6154,0.8788
0.6875,0.5,0.5789,0.8897
0.75,0.48,0.5854,0.861
0.9333,0.5833,0.7179,0.9067
0.8667,0.4483,0.5909,0.8413
0.8125,0.5652,0.6667,0.8688
0.6875,0.6471,0.6667,0.9169
0.8125,0.5417,0.65,0.8888
0.8125,0.5652,0.6667,0.852
0.8125,0.4483,0.5778,0.8469
0.8125,0.5909,0.6842,0.9311
0.625,0.4348,0.5128,0.8138
0.75,0.5455,0.6316,0.8036
0.8667,0.619,0.7222,0.9187
0.6667,0.5556,0.6061,0.9013
0.875,0.4828,0.6222,0.9206
0.8125,0.5417,0.65,0.8831
0.6875,0.5,0.5789,0.7813
0.6667,0.4167,0.5128,0.8347
0.6,0.5294,0.5625,0.7787
0.875,0.56,0.6829,0.9088
0.75,0.5,0.6,0.8444
0.8125,0.5909,0.6842,0.8903
0.875,0.6364,0.7368,0.9318
0.9375,0.6,0.7317,0.9254
0.875,0.5833,0.7,0.905
0.75,0.48,0.5854,0.8344
0.5625,0.6,0.5806,0.8638
0.75,0.5,0.6,0.8776
0.6875,0.5789,0.6286,0.8457
0.6875,0.6111,0.6471,0.868
0.9375,0.625,0.75,0.9483
0.9375,0.5172,0.6667,0.9037
0.8,0.5217,0.6316,0.868
0.9333,0.56,0.7,0.912
0.75,0.5,0.6,0.8244
0.75,0.4615,0.5714,0.8256
0.8125,0.619,0.7027,0.9163
0.8667,0.65,0.7429,0.9627
0.6,0.5,0.5455,0.7833
0.8125,0.52,0.6341,0.8342
0.8125,0.7647,0.7879,0.9624
0.8125,0.52,0.6341,0.8552
0.875,0.5385,0.6667,0.9075
0.875,0.5,0.6364,0.8667
0.8125,0.5909,0.6842,0.92
0.875,0.5,0.6364,0.8775
0.75,0.4444,0.5581,0.8519
0.8,0.6667,0.7273,0.9153
0.7333,0.5,0.5946,0.8793
0.6875,0.44,0.5366,0.8227
0.8125,0.52,0.6341,0.8903
0.8125,0.5909,0.6842,0.9145
0.75,0.6316,0.6857,0.8546
0.875,0.56,0.6829,0.8999
0.9375,0.75,0.8333,0.9581
0.75,0.5455,0.6316,0.8256
0.875,0.4667,0.6087,0.8269
0.8,0.6667,0.7273,0.8867
0.8,0.5455,0.6486,0.918
0.5,0.5,0.5,0.8476
0.875,0.6667,0.7568,0.9082
0.8125,0.5652,0.6667,0.9145
0.8125,0.4643,0.5909,0.8807
0.75,0.5455,0.6316,0.8482
0.5625,0.4737,0.5143,0.8044
0.8125,0.619,0.7027,0.9281
0.625,0.5263,0.5714,0.8375
0.9375,0.5357,0.6818,0.97
0.6875,0.6111,0.6471,0.8476
0.8125,0.52,0.6341,0.8386
0.8125,0.5909,0.6842,0.8865
0.75,0.4615,0.5714,0.8406
1.0,0.7143,0.8333,0.954
0.8,0.5217,0.6316,0.8467
0.875,0.6364,0.7368,0.93
0.6875,0.5,0.5789,0.8025
0.6875,0.5,0.5789,0.7825
0.8667,0.52,0.65,0.8893
1.0,0.5556,0.7143,0.9593
0.8125,0.5652,0.6667,0.8986
0.8125,0.5652,0.6667,0.9171
0.875,0.56,0.6829,0.8578
0.8125,0.65,0.7222,0.8967
0.75,0.6,0.6667,0.8724
0.875,0.5833,0.7,0.8931
0.9375,0.4839,0.6383,0.9356
0.625,0.5263,0.5714,0.8181
0.8667,0.4815,0.619,0.8873
0.8,0.4615,0.5854,0.8087
0.9375,0.625,0.75,0.9573
0.5625,0.5294,0.5455,0.8304
0.6875,0.4583,0.55,0.8565
0.75,0.6667,0.7059,0.9139
0.75,0.8,0.7742,0.9037
0.875,0.5833,0.7,0.8994
0.75,0.7059,0.7273,0.9363
0.75,0.4615,0.5714,0.8481
0.6667,0.4348,0.5263,0.7547
0.7333,0.44,0.55,0.842
0.6875,0.5238,0.5946,0.8718
0.8125,0.5652,0.6667,0.8686
0.875,0.7368,0.8,0.9369
0.625,0.5556,0.5882,0.824
1.0,0.5,0.6667,0.9515
0.8125,0.5652,0.6667,0.9331
0.9375,0.6818,0.7895,0.9537
0.4375,0.4375,0.4375,0.7762
0.9375,0.5556,0.6977,0.8839
0.8125,0.5909,0.6842,0.8839
0.6875,0.5,0.5789,0.8323
0.6875,0.6111,0.6471,0.8533
0.8125,0.619,0.7027,0.8878
0.8667,0.5417,0.6667,0.8413
0.8,0.5455,0.6486,0.8593
0.875,0.5385,0.6667,0.8762
0.75,0.48,0.5854,0.8488
0.8125,0.4483,0.5778,0.855
0.8,0.5,0.6154,0.8307
0.6667,0.5263,0.5882,0.8813
0.875,0.5385,0.6667,0.9273
0.875,0.5833,0.7,0.9394
0.75,0.6667,0.7059,0.9158
0.8125,0.4815,0.6047,0.8724
0.8125,0.65,0.7222,0.912
0.8125,0.5909,0.6842,0.9156
0.875,0.6087,0.7179,0.9463
0.75,0.5714,0.6486,0.845
0.625,0.5,0.5556,0.7334
0.5625,0.5294,0.5455,0.8099
0.875,0.5,0.6364,0.9343
0.6875,0.5238,0.5946,0.8329
0.625,0.5263,0.5714,0.8463
1.0,0.6,0.75,0.9527
0.8,0.48,0.6,0.8613
0.8125,0.7647,0.7879,0.9113
0.75,0.4286,0.5455,0.8375
0.9375,0.5172,0.6667,0.8656
0.75,0.5217,0.6154,0.8648
0.75,0.75,0.75,0.8508
0.8125,0.5417,0.65,0.8948
0.625,0.3846,0.4762,0.8087
0.6875,0.44,0.5366,0.7895
0.9333,0.5833,0.7179,0.942
0.7333,0.5789,0.6471,0.8653
0.75,0.5217,0.6154,0.8688
0.875,0.6667,0.7568,0.8962
0.8125,0.5652,0.6667,0.8856
0.8,0.4286,0.5581,0.85
0.7333,0.55,0.6286,0.8493
0.8125,0.5417,0.65,0.8495
0.6875,0.6471,0.6667,0.882
0.875,0.6364,0.7368,0.9388
0.625,0.5,0.5556,0.8208
0.6875,0.55,0.6111,0.8635
0.8125,0.5652,0.6667,0.8944
0.6875,0.55,0.6111,0.7931
0.8125,0.5652,0.6667,0.935
0.9333,0.5185,0.6667,0.93
0.7333,0.6111,0.6667,0.8773
0.75,0.5455,0.6316,0.8597
0.9375,0.5769,0.7143,0.8769
0.6875,0.6111,0.6471,0.8335
0.875,0.6364,0.7368,0.9305
0.6875,0.4583,0.55,0.8144
0.75,0.5455,0.6316,0.8494
0.6875,0.7857,0.7333,0.915
0.75,0.5714,0.6486,0.8981
0.7333,0.5789,0.6471,0.8973
1.0,0.5172,0.6818,0.9407
0.75,0.6667,0.7059,0.8367
0.8125,0.5909,0.6842,0.8667
0.6875,0.5,0.5789,0.8584
0.6875,0.4231,0.5238,0.7557
0.75,0.48,0.5854,0.8042
0.9375,0.5556,0.6977,0.9119
0.625,0.4762,0.5405,0.82
0.6875,0.44,0.5366,0.765
0.8,0.5455,0.6486,0.9267
0.7333,0.5,0.5946,0.8347
0.9375,0.7143,0.8108,0.9777
0.75,0.5714,0.6486,0.8578
0.5625,0.5,0.5294,0.794
0.875,0.5185,0.6512,0.9184
0.875,0.5385,0.6667,0.8661
0.8125,0.5652,0.6667,0.8644
0.5625,0.45,0.5,0.8113
0.8125,0.4194,0.5532,0.875
0.7333,0.4783,0.5789,0.8747
0.4,0.4286,0.4138,0.7947
0.875,0.5185,0.6512,0.9426
0.75,0.5217,0.6154,0.8399
0.875,0.7,0.7778,0.933
0.9375,0.6,0.7317,0.9241
0.9375,0.6818,0.7895,0.9439
0.75,0.5455,0.6316,0.8669
0.875,0.6364,0.7368,0.9275
0.8125,0.5,0.619,0.8625
0.6667,0.4348,0.5263,0.8373
0.9333,0.5185,0.6667,0.9473
0.75,0.6,0.6667,0.8367
0.75,0.5217,0.6154,0.898
0.6875,0.5238,0.5946,0.8061
0.75,0.6667,0.7059,0.8973
0.8125,0.6842,0.7429,0.8992
0.875,0.5185,0.6512,0.9244
0.625,0.4167,0.5,0.7231
0.9375,0.625,0.75,0.945
0.9333,0.6364,0.7568,0.944
0.4667,0.6364,0.5385,0.894
0.75,0.5455,0.6316,0.8603
0.625,0.5882,0.6061,0.8495
0.8125,0.52,0.6341,0.9088
0.75,0.5,0.6,0.838
0.8125,0.5909,0.6842,0.9145
0.6875,0.4783,0.5641,0.8462
0.75,0.6,0.6667,0.8981
0.875,0.6087,0.7179,0.9156
0.8125,0.619,0.7027,0.9005
0.6875,0.4783,0.5641,0.8284
0.875,0.56,0.6829,0.9069
0.625,0.5263,0.5714,0.7978
0.8125,0.5909,0.6842,0.8578
0.7333,0.5238,0.6111,0.8873
1.0,0.5556,0.7143,0.906
0.5625,0.5294,0.5455,0.865
0.75,0.5,0.6,0.8725
0.875,0.5385,0.6667,0.9087
0.9333,0.56,0.7,0.9213
0.6667,0.5556,0.6061,0.796
0.8125,0.6842,0.7429,0.926
0.5,0.4444,0.4706,0.7883
0.75,0.5714,0.6486,0.9369
0.875,0.5185,0.6512,0.8438
0.875,0.6667,0.7568,0.8776
0.75,0.5217,0.6154,0.8369
0.75,0.5,0.6,0.8756
0.625,0.5882,0.6061,0.8694
0.8667,0.7222,0.7879,0.9587
0.6667,0.4545,0.5405,0.764
0.8125,0.5652,0.6667,0.9031
0.6875,0.5,0.5789,0.817
0.75,0.6316,0.6857,0.9184
0.8125,0.4643,0.5909,0.8852
0.75,0.5217,0.6154,0.9107
0.9375,0.5172,0.6667,0.9444
0.75,0.48,0.5854,0.8569
0.8125,0.6842,0.7429,0.9069
0.8125,0.6842,0.7429,0.8929
0.75,0.5,0.6,0.8425
0.625,0.5263,0.5714,0.8342
0.8125,0.4815,0.6047,0.824
0.8125,0.5,0.619,0.8807
0.8,0.6,0.6857,0.8853
0.6667,0.7692,0.7143,0.8433
0.9375,0.625,0.75,0.9569
0.8125,0.5909,0.6842,0.9063
0.875,0.6364,0.7368,0.915
0.8,0.8571,0.8276,0.9307
0.8667,0.52,0.65,0.8907
0.75,0.48,0.5854,0.8559
0.625,0.5,0.5556,0.8342
0.8125,0.4643,0.5909,0.8029
0.6875,0.44,0.5366,0.817
0.625,0.6667,0.6452,0.8814
0.875,0.6087,0.7179,0.9169
0.75,0.5217,0.6154,0.8694
0.9375,0.6818,0.7895,0.9444
0.6667,0.625,0.6452,0.884
0.8,0.7059,0.75,0.9373
0.625,0.3846,0.4762,0.7755
0.9375,0.625,0.75,0.919
0.75,0.5,0.6,0.7953
0.9375,0.5172,0.6667,0.8782
0.625,0.4762,0.5405,0.7889
0.9375,0.6818,0.7895,0.9513
0.8125,0.5417,0.65,0.8769
0.8125,0.5417,0.65,0.8612
0.875,0.6087,0.7179,0.898
0.875,0.5833,0.7,0.896
0.6875,0.6471,0.6667,0.8642
0.875,0.6667,0.7568,0.8954
0.75,0.5455,0.6316,0.838
0.8,0.5714,0.6667,0.8953
0.6,0.4286,0.5,0.796
0.625,0.5263,0.5714,0.8237
0.9375,0.6818,0.7895,0.9406
0.75,0.4444,0.5581,0.8275
0.9375,0.75,0.8333,0.9675
0.9375,0.625,0.75,0.933
0.6875,0.5,0.5789,0.852
0.75,0.5714,0.6486,0.854
0.5625,0.45,0.5,0.8399
0.9333,0.5385,0.6829,0.9213
0.6667,0.4762,0.5556,0.808
0.6875,0.4231,0.5238,0.7675
0.75,0.6,0.6667,0.9294
0.8125,0.619,0.7027,0.9031
0.7333,0.4783,0.5789,0.826
0.8,0.5455,0.6486,0.8993
0.75,0.4138,0.5333,0.8087
0.75,0.8571,0.8,0.8871
0.8125,0.52,0.6341,0.8763
0.75,0.75,0.75,0.9235
1.0,0.5517,0.7111,0.9547
0.9375,0.5,0.6522,0.925
0.6875,0.55,0.6111,0.7844
0.9375,0.6,0.7317,0.9644
0.8125,0.5417,0.65,0.8616
0.625,0.8333,0.7143,0.8616
0.75,0.5217,0.6154,0.8737
0.75,0.5217,0.6154,0.8259
0.8125,0.5417,0.65,0.8763
0.8667,0.4643,0.6047,0.898
0.7333,0.5238,0.6111,0.8567
0.625,0.5,0.5556,0.82
0.8125,0.5652,0.6667,0.9044
0.8125,0.65,0.7222,0.8662
1.0,0.625,0.7692,0.958
0.8,0.5217,0.6316,0.896
0.75,0.4615,0.5714,0.831
0.6875,0.6471,0.6667,0.9196
0.6875,0.5,0.5789,0.831
0.8125,0.5909,0.6842,0.9037
0.75,0.6,0.6667,0.861
0.875,0.56,0.6829,0.9087
0.75,0.7059,0.7273,0.88
0.9375,0.4839,0.6383,0.9594
0.8667,0.7647,0.8125,0.9373
0.8667,0.5652,0.6842,0.9
0.8125,0.5909,0.6842,0.8878
0.8125,0.5909,0.6842,0.8667
0.5,0.381,0.4324,0.6276
0.875,0.6364,0.7368,0.8935
0.875,0.5,0.6364,0.8731
0.875,0.6364,0.7368,0.88
0.75,0.5,0.6,0.8394
0.75,0.5714,0.6486,0.8575
1.0,0.5357,0.6977,0.9653
0.8,0.4286,0.5581,0.87
0.8125,0.5,0.619,0.9043
0.8125,0.5652,0.6667,0.8514
0.5,0.5714,0.5333,0.8463
0.625,0.625,0.625,0.8501
0.8125,0.5652,0.6667,0.8954
0.8125,0.5417,0.65,0.8681
1.0,0.6667,0.8,0.9694
0.875,0.4667,0.6087,0.8675
0.9375,0.625,0.75,0.9152
0.6875,0.5238,0.5946,0.8253
0.8125,0.5417,0.65,0.8916
0.75,0.5455,0.6316,0.8412
0.6875,0.55,0.6111,0.7513
0.8,0.6,0.6857,0.9053
0.8667,0.5652,0.6842,0.888
0.9375,0.5357,0.6818,0.8488
0.6875,0.6471,0.6667,0.8712
0.75,0.5,0.6,0.8106
0.9333,0.7,0.8,0.9667
0.6,0.5625,0.5806,0.796
0.9375,0.6522,0.7692,0.9668
0.875,0.5,0.6364,0.905
0.75,0.5,0.6,0.8782
0.8125,0.5417,0.65,0.8878
0.5625,0.375,0.45,0.7379
0.75,0.5455,0.6316,0.8363
0.8125,0.5909,0.6842,0.91
0.9375,0.6522,0.7692,0.9519
0.8667,0.5909,0.7027,0.936
0.5333,0.4211,0.4706,0.7807
0.8125,0.5417,0.65,0.8457
0.875,0.6087,0.7179,0.9203
0.6875,0.4583,0.55,0.7889
0.75,0.6,0.6667,0.8839
0.6875,0.5238,0.5946,0.8559
0.9375,0.75,0.8333,0.9344
0.875,0.5185,0.6512,0.865
0.8125,0.4063,0.5417,0.8031
0.8,0.6,0.6857,0.8947
0.6667,0.5882,0.625,0.822
0.75,0.5,0.6,0.8654
0.8125,0.7647,0.7879,0.9337
0.75,0.4444,0.5581,0.8463
0.75,0.5455,0.6316,0.8278
0.75,0.5455,0.6316,0.896
0.75,0.7059,0.7273,0.925
0.9375,0.5357,0.6818,0.8888
0.75,0.6,0.6667,0.8337
0.8125,0.619,0.7027,0.9196
0.6875,0.5238,0.5946,0.8304
0.75,0.4615,0.5714,0.8259
0.8125,0.5909,0.6842,0.8731
0.625,0.4167,0.5,0.8176
0.9333,0.6667,0.7778,0.926
0.8667,0.5417,0.6667,0.8953
0.75,0.6,0.6667,0.84
1.0,0.5,0.6667,0.9413
0.75,0.4286,0.5455,0.7956
0.8667,0.5909,0.7027,0.9167
0.6,0.6923,0.6429,0.886
0.8125,0.5909,0.6842,0.8489
0.75,0.5455,0.6316,0.8731
0.75,0.5714,0.6486,0.8916
0.75,0.5217,0.6154,0.8865
0.875,0.5833,0.7,0.9324
0.875,0.6364,0.7368,0.9294
0.6875,0.4231,0.5238,0.7813
0.5625,0.4091,0.4737,0.7137
0.6667,0.5556,0.6061,0.8867
0.6667,0.4545,0.5405,0.84
0.9375,0.5172,0.6667,0.9381
0.5625,0.5625,0.5625,0.854
0.875,0.6667,0.7568,0.9541
1.0,0.64,0.7805,0.9707
0.8125,0.5652,0.6667,0.8846
0.8125,0.5652,0.6667,0.9169
0.6875,0.4231,0.5238,0.8156
0.875,0.7368,0.8,0.8938
0.7333,0.4583,0.5641,0.8593
0.6,0.5294,0.5625,0.82
0.9375,0.6818,0.7895,0.9643
0.6875,0.6471,0.6667,0.8597
0.8125,0.5909,0.6842,0.8756
0.8125,0.4643,0.5909,0.8712
0.75,0.5217,0.6154,0.8361
0.75,0.7059,0.7273,0.8306
0.8125,0.52,0.6341,0.8825
0.75,0.5714,0.6486,0.8656
0.625,0.3704,0.4651,0.7813
0.8125,0.5417,0.65,0.8954
0.75,0.7059,0.7273,0.926
0.625,0.625,0.625,0.9101
0.8125,0.4643,0.5909,0.8948
0.9333,0.5185,0.6667,0.942
0.7333,0.4783,0.5789,0.8013
0.8125,0.7647,0.7879,0.8819
0.9375,0.6,0.7317,0.9387
0.8125,0.5417,0.65,0.8862
0.9333,0.5385,0.6829,0.9253
0.7333,0.4783,0.5789,0.8707
0.6875,0.5,0.5789,0.8552
0.4375,0.3182,0.3684,0.7117
0.6875,0.5238,0.5946,0.8074
0.6875,0.55,0.6111,0.8648
0.8125,0.619,0.7027,0.8999
0.875,0.56,0.6829,0.9381
0.9375,0.5556,0.6977,0.9237
0.75,0.6667,0.7059,0.9038
0.75,0.6,0.6667,0.8814
0.375,0.4615,0.4138,0.6958
0.875,0.5385,0.6667,0.9196
0.875,0.6667,0.7568,0.9247
0.9375,0.625,0.75,0.9471
0.6667,0.4762,0.5556,0.7927
0.7333,0.4583,0.5641,0.7927
0.8125,0.5417,0.65,0.9306
0.8125,0.5417,0.65,0.8619
0.5625,0.4286,0.4865,0.8013
0.8,0.5714,0.6667,0.9073
0.8667,0.5909,0.7027,0.8787
0.9375,0.6522,0.7692,0.9464
0.75,0.5714,0.6486,0.8763
0.6875,0.55,0.6111,0.8935
0.75,0.6316,0.6857,0.8673
0.8125,0.5909,0.6842,0.8718
0.625,0.625,0.625,0.8881
0.75,0.5,0.6,0.8562
0.9375,0.6,0.7317,0.9469
0.875,0.6364,0.7368,0.9483
0.75,0.5714,0.6486,0.845
0.625,0.4762,0.5405,0.8246
0.75,0.6,0.6667,0.8686
0.75,0.4444,0.5581,0.8425
0.8667,0.5652,0.6842,0.9073
0.8667,0.619,0.7222,0.8907
0.8125,0.4483,0.5778,0.8462
0.625,0.4,0.4878,0.735
0.6875,0.3929,0.5,0.8113
0.8,0.5,0.6154,0.8887
0.8667,0.65,0.7429,0.9307
0.8125,0.5417,0.65,0.838
0.875,0.6364,0.7368,0.9184
0.8125,0.5652,0.6667,0.8858
0.8125,0.7222,0.7647,0.9216
0.875,0.7,0.7778,0.9401
0.625,0.5263,0.5714,0.8894
0.875,0.6087,0.7179,0.9263
0.75,0.6,0.6667,0.8912
0.7333,0.5789,0.6471,0.8373
0.7333,0.5,0.5946,0.858
0.9375,0.5,0.6522,0.8686
0.625,0.7143,0.6667,0.8291
0.875,0.5,0.6364,0.8929
0.8125,0.5417,0.65,0.8941
0.75,0.48,0.5854,0.8552
0.6875,0.6111,0.6471,0.8525
0.8125,0.4643,0.5909,0.8662
0.875,0.6667,0.7568,0.9281
0.8,0.5217,0.6316,0.89
0.8667,0.65,0.7429,0.9407
0.875,0.7368,0.8,0.9541
0.6875,0.55,0.6111,0.8591
0.5625,0.4091,0.4737,0.727
0.875,0.6364,0.7368,0.9298
0.8125,0.4815,0.6047,0.8807
0.6875,0.4583,0.55,0.8169
0.75,0.5,0.6,0.8444
0.75,0.5714,0.6486,0.8525
0.8125,0.52,0.6341,0.8406
0.8125,0.7222,0.7647,0.9566
0.9375,0.5172,0.6667,0.9075
0.875,0.6087,0.7179,0.898
0.75,0.5217,0.6154,0.8597
0.6,0.6,0.6,0.87
0.8667,0.52,0.65,0.9213
0.8125,0.5,0.619,0.8838
0.75,0.4286,0.5455,0.8044
0.8125,0.5,0.619,0.865
0.8125,0.5909,0.6842,0.933
0.75,0.7059,0.7273,0.8399
0.8125,0.65,0.7222,0.8865
0.8125,0.5652,0.6667,0.8693
0.6875,0.44,0.5366,0.7966
0.8667,0.65,0.7429,0.926
0.8667,0.5652,0.6842,0.922
0.6875,0.6111,0.6471,0.89
0.75,0.4615,0.5714,0.8544
0.875,0.5,0.6364,0.9019
0.8,0.6,0.6857,0.9087
0.8,0.5714,0.6667,0.878
0.6875,0.5789,0.6286,0.8578
0.75,0.7059,0.7273,0.8788
0.875,0.5833,0.7,0.9298
0.75,0.48,0.5854,0.8386
0.75,0.5217,0.6154,0.8571
0.8125,0.5652,0.6667,0.9075
0.75,0.5714,0.6486,0.8675
0.875,0.7368,0.8,0.9119
0.7333,0.5,0.5946,0.8553
0.5333,0.4706,0.5,0.7633
0.625,0.4348,0.5128,0.8374
0.9375,0.6522,0.7692,0.9534
0.875,0.4667,0.6087,0.8814
0.8125,0.52,0.6341,0.8648
0.75,0.7059,0.7273,0.9298
0.875,0.7,0.7778,0.91
0.8125,0.5,0.619,0.9294
0.625,0.5,0.5556,0.8619
0.6875,0.44,0.5366,0.8151
0.6875,0.6111,0.6471,0.8584
0.875,0.7368,0.8,0.9464
0.5625,0.4091,0.4737,0.7557
0.75,0.5217,0.6154,0.831
0.9333,0.5385,0.6829,0.8993
0.8,0.5455,0.6486,0.8313
0.75,0.6316,0.6857,0.8694
0.8125,0.52,0.6341,0.8769
1.0,0.6957,0.8205,0.9475
0.875,0.5833,0.7,0.9247
0.625,0.5556,0.5882,0.7672
0.875,0.56,0.6829,0.8782
0.875,0.5385,0.6667,0.861
0.6875,0.4583,0.55,0.8176
0.8667,0.5652,0.6842,0.9213
0.9333,0.5385,0.6829,0.92
0.75,0.5217,0.6154,0.8488
0.75,0.75,0.75,0.8794
0.75,0.6,0.6667,0.8756
0.75,0.5714,0.6486,0.854
0.875,0.5833,0.7,0.9369
0.75,0.48,0.5854,0.8616
0.8125,0.4815,0.6047,0.8546
0.625,0.5556,0.5882,0.8316
0.8,0.6316,0.7059,0.892
0.7333,0.5,0.5946,0.88
0.9375,0.625,0.75,0.9475
0.625,0.625,0.625,0.855
0.8125,0.619,0.7027,0.9
0.8,0.5455,0.6486,0.864
0.8,0.5714,0.6667,0.9067
0.8125,0.4643,0.5909,0.8278
0.625,0.4762,0.5405,0.8584
0.75,0.5714,0.6486,0.8986
0.75,0.5714,0.6486,0.8718
0.8125,0.5652,0.6667,0.824
0.875,0.5833,0.7,0.8869
0.8125,0.4815,0.6047,0.8256
0.75,0.5455,0.6316,0.8944
0.8,0.6667,0.7273,0.922
0.8,0.5455,0.6486,0.8807
0.75,0.6,0.6667,0.8661
0.6875,0.5238,0.5946,0.8227
0.8125,0.65,0.7222,0.9126
0.8125,0.5,0.619,0.889
0.8125,0.619,0.7027,0.9228
0.5,0.4,0.4444,0.7219
0.875,0.6087,0.7179,0.9269
0.9375,0.6522,0.7692,0.9263
0.8125,0.7222,0.7647,0.9247
0.6875,0.5,0.5789,0.8284
0.8125,0.5909,0.6842,0.9082
0.875,0.6087,0.7179,0.9343
0.625,0.5556,0.5882,0.8495
0.8,0.5,0.6154,0.9
0.8,0.5217,0.6316,0.904
0.875,0.6364,0.7368,0.9331
0.875,0.6364,0.7368,0.8894
0.75,0.5714,0.6486,0.8394
0.8125,0.619,0.7027,0.8571
0.6875,0.55,0.6111,0.8457
0.75,0.6,0.6667,0.8954
0.9375,0.4545,0.6122,0.9133
0.75,0.5455,0.6316,0.8737
0.6667,0.4762,0.5556,0.872
0.8,0.4444,0.5714,0.838
0.9375,0.75,0.8333,0.9563
0.9375,0.5172,0.6667,0.8994
0.8125,0.5417,0.65,0.8137
0.7333,0.6111,0.6667,0.8447
0.8,0.5714,0.6667,0.9287
0.75,0.6316,0.6857,0.8788
0.8125,0.5417,0.65,0.852
0.6875,0.5238,0.5946,0.8776
0.5625,0.45,0.5,0.8093
0.875,0.56,0.6829,0.8661
0.8125,0.4815,0.6047,0.8606
0.875,0.5385,0.6667,0.8369
0.75,0.6667,0.7059,0.9231
1.0,0.5556,0.7143,0.9627
0.6667,0.7143,0.6897,0.912
0.5,0.4706,0.4848,0.7277
0.625,0.4348,0.5128,0.7551
0.75,0.5,0.6,0.8495
0.9375,0.625,0.75,0.9362
0.9375,0.6,0.7317,0.9292
0.9375,0.625,0.75,0.9287
0.8125,0.4333,0.5652,0.8425
0.6875,0.6111,0.6471,0.8294
0.8667,0.5652,0.6842,0.8787
0.7333,0.4231,0.5366,0.8513
0.8125,0.5909,0.6842,0.8629
0.875,0.56,0.6829,0.9241
0.8125,0.65,0.7222,0.9381
0.75,0.6667,0.7059,0.8871
0.5625,0.5294,0.5455,0.7991
0.625,0.5556,0.5882,0.78
0.6875,0.5789,0.6286,0.8494
0.8125,0.5417,0.65,0.9044
1.0,0.6818,0.8108,0.956
0.8,0.5714,0.6667,0.9
0.875,0.4516,0.5957,0.8839
0.8125,0.6842,0.7429,0.9165
0.6875,0.4583,0.55,0.7972
0.5625,0.5,0.5294,0.8214
1.0,0.6154,0.7619,0.9541
0.8125,0.5417,0.65,0.9337
0.6875,0.5,0.5789,0.8594
0.5,0.4444,0.4706,0.7869
0.5333,0.6154,0.5714,0.8
0.5333,0.5714,0.5517,0.7967
0.875,0.5185,0.6512,0.9114
0.9375,0.7143,0.8108,0.9585
0.625,0.5556,0.5882,0.8425
1.0,0.5333,0.6957,0.9522
0.9375,0.5,0.6522,0.8909
0.9375,0.5357,0.6818,0.9031
0.6875,0.5238,0.5946,0.8294
0.75,0.4286,0.5455,0.84
0.7333,0.5,0.5946,0.838
0.8667,0.5909,0.7027,0.886
1.0,0.5714,0.7273,0.9809
0.6875,0.6111,0.6471,0.8386
0.75,0.5714,0.6486,0.8769
0.75,0.5,0.6,0.8763
0.6875,0.5238,0.5946,0.7864
0.8125,0.6842,0.7429,0.9256
0.8125,0.5652,0.6667,0.9394
0.875,0.4667,0.6087,0.9044
0.875,0.5385,0.6667,0.8686
0.875,0.56,0.6829,0.9133
0.75,0.8,0.7742,0.9114
0.625,0.4545,0.5263,0.8125
0.5625,0.375,0.45,0.7813
0.7333,0.5789,0.6471,0.8407
0.8,0.5217,0.6316,0.9027
0.75,0.5714,0.6486,0.8363
0.75,0.6,0.6667,0.8869
0.8125,0.52,0.6341,0.8675
0.8,0.5217,0.6316,0.9047
0.6,0.5625,0.5806,0.81
0.75,0.4138,0.5333,0.838
0.8125,0.4194,0.5532,0.8839
0.875,0.7,0.7778,0.9598
0.8125,0.52,0.6341,0.868
0.8125,0.5652,0.6667,0.9165
0.75,0.6667,0.7059,0.8719
0.6875,0.4583,0.55,0.7556
0.625,0.5556,0.5882,0.8612
0.8667,0.5652,0.6842,0.9247
0.7333,0.5,0.5946,0.8727
0.8125,0.5,0.619,0.8731
0.875,0.6364,0.7368,0.9413
0.6875,0.6471,0.6667,0.8495
0.9375,0.5172,0.6667,0.8495
0.875,0.6087,0.7179,0.9152
0.625,0.5556,0.5882,0.8206
0.875,0.5833,0.7,0.9119
0.875,0.6364,0.7368,0.9213
0.625,0.4762,0.5405,0.8068
0.8125,0.5417,0.65,0.9063
0.875,0.6364,0.7368,0.8929
0.5625,0.4737,0.5143,0.7717
0.8125,0.6842,0.7429,0.9286
0.8,0.5714,0.6667,0.87
0.9333,0.3784,0.5385,0.8753
0.9375,0.5357,0.6818,0.9681
0.75,0.48,0.5854,0.8688
0.75,0.4444,0.5581,0.825
0.8667,0.5652,0.6842,0.8587
0.7333,0.55,0.6286,0.864
0.625,0.4762,0.5405,0.771
0.75,0.5,0.6,0.9005
0.6875,0.6471,0.6667,0.8489
0.9375,0.7895,0.8571,0.9381
0.75,0.5714,0.6486,0.8597
0.6875,0.7857,0.7333,0.9044
0.875,0.5,0.6364,0.9063
0.8125,0.619,0.7027,0.9019
0.625,0.5556,0.5882,0.7749
0.8125,0.5652,0.6667,0.9018
0.6875,0.4783,0.5641,0.8348
0.8125,0.5652,0.6667,0.8986
0.75,0.4138,0.5333,0.8068
0.7333,0.6875,0.7097,0.9013
0.8,0.5455,0.6486,0.8887
0.8125,0.4815,0.6047,0.8956
0.8125,0.5,0.619,0.8825
0.875,0.6667,0.7568,0.9431
0.8,0.5217,0.6316,0.8467
0.8667,0.5652,0.6842,0.9007
0.5,0.5,0.5,0.8323
0.8125,0.5417,0.65,0.8897
0.8125,0.5652,0.6667,0.8744
0.5625,0.45,0.5,0.7385
0.75,0.6316,0.6857,0.9043
0.6875,0.44,0.5366,0.8756
0.75,0.5714,0.6486,0.905
0.875,0.6087,0.7179,0.8825
0.8,0.6,0.6857,0.894
0.9333,0.5,0.6512,0.9347
0.8125,0.65,0.7222,0.905
0.625,0.5263,0.5714,0.8112
0.8125,0.7222,0.7647,0.9318
0.6875,0.5238,0.5946,0.8654
0.5625,0.4286,0.4865,0.7379
0.8125,0.4483,0.5778,0.8206
0.6875,0.5,0.5789,0.8475
0.8125,0.52,0.6341,0.8281
0.875,0.6667,0.7568,0.926
0.75,0.6316,0.6857,0.8756
0.875,0.6364,0.7368,0.9114
0.875,0.6667,0.7568,0.9286
0.75,0.5455,0.6316,0.8776
0.8,0.5455,0.6486,0.9033
0.6667,0.5263,0.5882,0.8347
0.75,0.5217,0.6154,0.8775
0.625,0.4762,0.5405,0.8037
0.625,0.625,0.625,0.8488
0.8667,0.5909,0.7027,0.9573
0.8,0.6316,0.7059,0.912
0.75,0.5455,0.6316,0.8036
0.8125,0.52,0.6341,0.8667
0.9375,0.5556,0.6977,0.9247
0.6875,0.6111,0.6471,0.8482
0.9375,0.5357,0.6818,0.9471
0.75,0.6316,0.6857,0.9287
0.8125,0.5909,0.6842,0.9087
0.5,0.4211,0.4571,0.8125
0.8667,0.5,0.6341,0.9287
0.8,0.5217,0.6316,0.8933
0.6875,0.55,0.6111,0.8068
0.6875,0.4783,0.5641,0.8195
0.8125,0.619,0.7027,0.9018
0.875,0.6364,0.7368,0.854
0.875,0.56,0.6829,0.9145
0.8125,0.5652,0.6667,0.91
0.75,0.6,0.6667,0.8762
0.75,0.5455,0.6316,0.8588
0.7333,0.55,0.6286,0.85
0.9333,0.6087,0.7368,0.9153
0.625,0.5,0.5556,0.8533
0.8125,0.619,0.7027,0.8973
0.875,0.56,0.6829,0.8699
0.75,0.5455,0.6316,0.8986
0.75,0.48,0.5854,0.8578
0.875,0.7,0.7778,0.93
0.6875,0.6111,0.6471,0.9094
0.5625,0.5294,0.5455,0.8063
0.6667,0.4348,0.5263,0.7893
0.6667,0.5,0.5714,0.8127
0.75,0.48,0.5854,0.8763
0.9375,0.6,0.7317,0.9216
0.9375,0.6818,0.7895,0.9585
1.0,0.5,0.6667,0.9286
0.4375,0.3333,0.3784,0.7455
0.875,0.5185,0.6512,0.9225
0.75,0.5,0.6,0.8063
0.75,0.5455,0.6316,0.845
0.5333,0.5333,0.5333,0.8647
0.7333,0.5789,0.6471,0.894
0.6875,0.7857,0.7333,0.8897
0.875,0.56,0.6829,0.889
0.75,0.6667,0.7059,0.8935
0.6875,0.5,0.5789,0.845
0.9375,0.5172,0.6667,0.9209
0.875,0.56,0.6829,0.925
0.6875,0.5789,0.6286,0.8263
0.8125,0.5,0.619,0.8988
0.8,0.5217,0.6316,0.8853
0.7333,0.5789,0.6471,0.842
0.5625,0.4737,0.5143,0.8399
0.8125,0.4815,0.6047,0.8807
0.8125,0.65,0.7222,0.9311
0.5,0.4211,0.4571,0.7557
0.8125,0.5,0.619,0.8795
0.9375,0.6522,0.7692,0.9631
0.6875,0.4783,0.5641,0.8575
0.75,0.6,0.6667,0.8538
0.6667,0.5556,0.6061,0.8433
0.8667,0.4643,0.6047,0.9133
0.9375,0.6522,0.7692,0.9133
0.875,0.56,0.6829,0.8648
0.5625,0.5,0.5294,0.7819
0.8125,0.619,0.7027,0.9165
0.75,0.6667,0.7059,0.8935
0.75,0.5217,0.6154,0.8675
0.75,0.5,0.6,0.8575
0.875,0.7778,0.8235,0.9375
0.9333,0.56,0.7,0.9313
1.0,0.5769,0.7317,0.8933
0.625,0.5,0.5556,0.7398
0.6875,0.4783,0.5641,0.8202
0.875,0.5185,0.6512,0.8922
0.625,0.5263,0.5714,0.8233
0.8125,0.5909,0.6842,0.9241
0.8125,0.52,0.6341,0.9044
0.625,0.4762,0.5405,0.8263
0.6875,0.5789,0.6286,0.8838
0.6667,0.5263,0.5882,0.8487
0.8667,0.5652,0.6842,0.9413
0.625,0.3846,0.4762,0.7787
0.6875,0.55,0.6111,0.875
0.75,0.6667,0.7059,0.9247
0.875,0.5833,0.7,0.8839
0.8125,0.619,0.7027,0.8699
0.75,0.5714,0.6486,0.8744
0.9375,0.6818,0.7895,0.9644
0.6875,0.4583,0.55,0.8219
0.5333,0.4706,0.5,0.8
0.6667,0.5,0.5714,0.8353
0.875,0.4516,0.5957,0.8782
0.8125,0.5417,0.65,0.8144
0.875,0.6087,0.7179,0.926
0.875,0.6364,0.7368,0.9133
0.75,0.75,0.75,0.9247
0.75,0.4615,0.5714,0.8275
0.625,0.4348,0.5128,0.8087
0.625,0.5,0.5556,0.8531
0.8,0.5455,0.6486,0.8907
0.8,0.5217,0.6316,0.896
0.8125,0.5909,0.6842,0.9101
0.625,0.5882,0.6061,0.8048
0.75,0.6,0.6667,0.9165
0.8125,0.8125,0.8125,0.9011
0.875,0.5185,0.6512,0.882
0.75,0.4615,0.5714,0.7875
0.75,0.5714,0.6486,0.8825
0.8125,0.52,0.6341,0.8731
0.6667,0.4,0.5,0.8373
0.8667,0.5909,0.7027,0.9593
0.875,0.6364,0.7368,0.9216
0.75,0.6,0.6667,0.8361
0.75,0.4615,0.5714,0.8546
0.75,0.6667,0.7059,0.9362
0.8125,0.5909,0.6842,0.9018
0.6875,0.5238,0.5946,0.8438
0.875,0.5833,0.7,0.875
0.6875,0.55,0.6111,0.8812
0.8667,0.52,0.65,0.9067
0.8,0.75,0.7742,0.9427
0.6875,0.55,0.6111,0.8042
0.875,0.6087,0.7179,0.9005
0.8125,0.5,0.619,0.8865
0.8125,0.5417,0.65,0.8667
0.6875,0.4783,0.5641,0.7946
0.625,0.3571,0.4545,0.7488
0.9375,0.7143,0.8108,0.9281
0.625,0.5,0.5556,0.8313
0.8,0.6,0.6857,0.88
0.8667,0.52,0.65,0.888
0.875,0.6364,0.7368,0.8884
0.625,0.625,0.625,0.8801
0.6875,0.5789,0.6286,0.8814
0.9375,0.6,0.7317,0.9139
0.6875,0.4783,0.5641,0.8329
0.5,0.5,0.5,0.7875
1.0,0.5926,0.7442,0.9494
0.8125,0.5909,0.6842,0.8919
0.6667,0.5263,0.5882,0.866
0.6,0.36,0.45,0.7627
1.0,0.5333,0.6957,0.9267
0.8125,0.6842,0.7429,0.9075
0.75,0.6667,0.7059,0.8852
0.875,0.5833,0.7,0.8763
0.75,0.6,0.6667,0.9043
0.875,0.56,0.6829,0.9087
0.8125,0.5,0.619,0.8275
0.875,0.6364,0.7368,0.9531
0.7333,0.5238,0.6111,0.8567
0.8,0.5,0.6154,0.8993
0.75,0.5217,0.6154,0.8284
0.875,0.5833,0.7,0.9056
0.875,0.7,0.7778,0.9566
0.6875,0.55,0.6111,0.8278
0.625,0.4348,0.5128,0.8208
0.75,0.5217,0.6154,0.8481
0.75,0.6316,0.6857,0.9225
0.875,0.5185,0.6512,0.88
0.75,0.6,0.6667,0.845
0.8125,0.4643,0.5909,0.8807
0.875,0.7368,0.8,0.8737
0.6875,0.4783,0.5641,0.8323
0.9375,0.625,0.75,0.9216
0.7333,0.6111,0.6667,0.9087
0.7333,0.5238,0.6111,0.8767
0.6875,0.5,0.5789,0.8169
0.75,0.5217,0.6154,0.8956
0.625,0.5263,0.5714,0.8531
0.875,0.6667,0.7568,0.9235
0.8125,0.5652,0.6667,0.926
0.875,0.6087,0.7179,0.9126
0.8125,0.5417,0.65,0.8495
0.75,0.4444,0.5581,0.7908
0.9333,0.56,0.7,0.9013
0.8,0.6316,0.7059,0.904
RUSMaxBag
0.8125,0.619,0.7027,0.8925
0.5625,0.3462,0.4286,0.7306
0.6875,0.5238,0.5946,0.8269
0.9333,0.56,0.7,0.9473
0.9333,0.7368,0.8235,0.972
0.75,0.6667,0.7059,0.8438
0.6875,0.5238,0.5946,0.8508
0.875,0.6667,0.7568,0.8922
0.875,0.6087,0.7179,0.9018
0.6875,0.5789,0.6286,0.8935
0.875,0.6364,0.7368,0.9344
0.75,0.5217,0.6154,0.8369
0.875,0.5833,0.7,0.9187
0.875,0.5,0.6364,0.8597
0.75,0.5714,0.6486,0.8348
0.625,0.7692,0.6897,0.8788
0.6875,0.5789,0.6286,0.8546
0.75,0.8,0.7742,0.8846
1.0,0.5357,0.6977,0.9013
0.8,0.5,0.6154,0.8553
0.75,0.6,0.6667,0.8906
0.6875,0.6471,0.6667,0.84
0.625,0.5556,0.5882,0.8025
0.9333,0.6364,0.7568,0.976
0.8,0.5714,0.6667,0.8633
0.625,0.4545,0.5263,0.7997
0.6875,0.55,0.6111,0.8884
0.75,0.4286,0.5455,0.8648
0.875,0.56,0.6829,0.9247
0.6875,0.6471,0.6667,0.8967
0.875,0.5185,0.6512,0.9144
0.8125,0.5652,0.6667,0.8906
0.625,0.5,0.5556,0.7987
0.6667,0.4348,0.5263,0.7727
0.8667,0.6842,0.7647,0.936
0.6875,0.6111,0.6471,0.8667
0.6875,0.5789,0.6286,0.8897
0.875,0.7368,0.8,0.9707
0.625,0.5263,0.5714,0.8246
0.5625,0.5,0.5294,0.78
0.8125,0.6842,0.7429,0.8419
0.625,0.5263,0.5714,0.8225
0.6875,0.5238,0.5946,0.86
0.6875,0.5238,0.5946,0.861
0.5625,0.5,0.5294,0.8157
0.875,0.7368,0.8,0.9247
0.75,0.7059,0.7273,0.9082
0.9375,0.6522,0.7692,0.898
0.6,0.4286,0.5,0.7427
0.9333,0.6087,0.7368,0.9407
0.8125,0.619,0.7027,0.8975
0.75,0.5714,0.6486,0.8562
0.75,0.6667,0.7059,0.8706
0.5625,0.6,0.5806,0.838
0.75,0.6667,0.7059,0.8852
0.6875,0.5238,0.5946,0.8603
0.6875,0.5,0.5789,0.8699
0.6875,0.4783,0.5641,0.852
0.8667,0.5652,0.6842,0.8993
0.8,0.4286,0.5581,0.8433
0.8125,0.619,0.7027,0.8756
0.625,0.5882,0.6061,0.9025
0.75,0.5217,0.6154,0.8838
0.8125,0.619,0.7027,0.8259
0.8125,0.4333,0.5652,0.854
0.8125,0.6842,0.7429,0.9292
0.625,0.4545,0.5263,0.8061
0.6875,0.5238,0.5946,0.7768
0.8667,0.619,0.7222,0.9133
0.6667,0.5882,0.625,0.872
0.9375,0.5357,0.6818,0.9081
0.8125,0.619,0.7027,0.8862
0.625,0.5263,0.5714,0.7794
0.6667,0.4167,0.5128,0.8393
0.5333,0.5,0.5161,0.7887
0.8125,0.52,0.6341,0.8827
0.6875,0.4783,0.5641,0.8463
0.8125,0.65,0.7222,0.8999
0.9375,0.7143,0.8108,0.9337
0.875,0.6364,0.7368,0.9158
0.8125,0.5909,0.6842,0.8975
0.75,0.5455,0.6316,0.8494
0.5625,0.6,0.5806,0.8431
0.8125,0.52,0.6341,0.868
0.75,0.6,0.6667,0.8253
0.6875,0.6875,0.6875,0.8597
0.875,0.6667,0.7568,0.9394
0.875,0.5185,0.6512,0.9005
0.8,0.5455,0.6486,0.8553
0.8667,0.52,0.65,0.9027
0.75,0.5217,0.6154,0.805
0.75,0.5217,0.6154,0.8131
0.8125,0.65,0.7222,0.9019
0.8667,0.65,0.7429,0.9653
0.6,0.45,0.5143,0.7673
0.8125,0.5417,0.65,0.8444
0.875,0.8235,0.8485,0.9783
0.625,0.4545,0.5263,0.8418
0.875,0.6087,0.7179,0.905
0.75,0.48,0.5854,0.8418
0.8125,0.619,0.7027,0.9131
0.8125,0.5652,0.6667,0.8769
0.75,0.4615,0.5714,0.8556
0.7333,0.5789,0.6471,0.9107
0.6667,0.5263,0.5882,0.878
0.6875,0.5,0.5789,0.8246
0.6875,0.5238,0.5946,0.8776
0.8125,0.5909,0.6842,0.8973
0.75,0.6316,0.6857,0.8361
0.875,0.6364,0.7368,0.8884
0.9375,0.75,0.8333,0.9631
0.75,0.5714,0.6486,0.8244
0.8125,0.4333,0.5652,0.815
0.7333,0.6471,0.6875,0.868
0.8,0.5455,0.6486,0.922
0.5,0.5333,0.5161,0.854
0.8125,0.65,0.7222,0.896
0.875,0.56,0.6829,0.9063
0.75,0.4615,0.5714,0.8514
0.6875,0.55,0.6111,0.8699
0.5625,0.4737,0.5143,0.8075
0.75,0.6316,0.6857,0.9269
0.625,0.5882,0.6061,0.8413
1.0,0.6154,0.7619,0.9675
0.6875,0.6471,0.6667,0.8316
0.8125,0.5417,0.65,0.852
0.8125,0.5909,0.6842,0.8948
0.6875,0.4783,0.5641,0.8316
0.9333,0.6364,0.7568,0.9407
0.8,0.5714,0.6667,0.848
0.875,0.7,0.7778,0.9363
0.6875,0.6471,0.6667,0.8025
0.625,0.4762,0.5405,0.7619
0.8,0.5455,0.6486,0.9033
1.0,0.5769,0.7317,0.9693
0.8125,0.5909,0.6842,0.9114
0.8125,0.619,0.7027,0.9094
0.6875,0.55,0.6111,0.8648
0.75,0.6316,0.6857,0.9056
0.6875,0.6471,0.6667,0.8693
0.875,0.6364,0.7368,0.8988
0.9375,0.5,0.6522,0.9219
0.5625,0.5,0.5294,0.8125
0.8667,0.5,0.6341,0.8873
0.7333,0.4231,0.5366,0.7933
0.875,0.6364,0.7368,0.9515
0.5,0.5333,0.5161,0.817
0.625,0.4348,0.5128,0.8438
0.75,0.6667,0.7059,0.9075
0.6875,0.7857,0.7333,0.8878
0.75,0.5217,0.6154,0.9019
0.625,0.6667,0.6452,0.9263
0.75,0.5217,0.6154,0.8431
0.7333,0.4783,0.5789,0.7753
0.9333,0.5,0.6512,0.8453
0.6875,0.55,0.6111,0.8712
0.75,0.5714,0.6486,0.8712
0.875,0.6667,0.7568,0.9458
0.5625,0.6,0.5806,0.7953
1.0,0.5517,0.7111,0.9005
0.875,0.6087,0.7179,0.9369
0.8125,0.65,0.7222,0.9437
0.4375,0.3889,0.4118,0.755
0.8125,0.5652,0.6667,0.8852
0.75,0.6,0.6667,0.8648
0.625,0.4762,0.5405,0.8004
0.6875,0.55,0.6111,0.8406
0.8125,0.7222,0.7647,0.9139
0.8,0.5217,0.6316,0.8547
0.8,0.5455,0.6486,0.8467
0.75,0.5,0.6,0.8588
0.75,0.5217,0.6154,0.8275
0.75,0.4615,0.5714,0.8313
0.8,0.5,0.6154,0.8453
0.6,0.5,0.5455,0.8387
0.8125,0.5652,0.6667,0.8999
0.875,0.6667,0.7568,0.9337
0.75,0.7059,0.7273,0.905
0.8125,0.4815,0.6047,0.852
0.8125,0.65,0.7222,0.9145
0.75,0.6,0.6667,0.9106
0.875,0.6667,0.7568,0.9513
0.6875,0.6111,0.6471,0.8544
0.625,0.5556,0.5882,0.7341
0.5625,0.5625,0.5625,0.794
0.875,0.5185,0.6512,0.9254
0.625,0.5263,0.5714,0.8316
0.625,0.5556,0.5882,0.8559
0.9333,0.5833,0.7179,0.9573
0.8,0.4615,0.5854,0.834
0.75,0.7059,0.7273,0.8919
0.6875,0.4583,0.55,0.8406
0.875,0.5385,0.6667,0.875
0.625,0.5,0.5556,0.8259
0.6875,0.6875,0.6875,0.8482
0.8125,0.5,0.619,0.8827
0.6875,0.5238,0.5946,0.8214
0.75,0.5217,0.6154,0.8029
0.9333,0.5833,0.7179,0.9407
0.8,0.6,0.6857,0.8687
0.75,0.5217,0.6154,0.845
0.8125,0.5909,0.6842,0.8906
0.8125,0.5652,0.6667,0.8788
0.8,0.4286,0.5581,0.864
0.8,0.5714,0.6667,0.8587
0.8125,0.52,0.6341,0.8514
0.6875,0.6875,0.6875,0.8909
0.9375,0.6818,0.7895,0.9471
0.6875,0.5238,0.5946,0.8068
0.6875,0.5789,0.6286,0.8693
0.8125,0.5909,0.6842,0.8738
0.6875,0.55,0.6111,0.7981
0.8125,0.619,0.7027,0.9337
0.9333,0.56,0.7,0.9327
0.7333,0.5789,0.6471,0.88
0.6875,0.5238,0.5946,0.8399
0.875,0.5833,0.7,0.875
0.6875,0.55,0.6111,0.831
0.8125,0.6842,0.7429,0.9228
0.6875,0.4783,0.5641,0.8221
0.6875,0.5238,0.5946,0.8244
0.75,0.75,0.75,0.9175
0.75,0.6,0.6667,0.8819
0.7333,0.6471,0.6875,0.8987
1.0,0.6,0.75,0.93
0.6875,0.6471,0.6667,0.8425
0.8125,0.5909,0.6842,0.868
0.75,0.5714,0.6486,0.8705
0.625,0.4348,0.5128,0.7596
0.75,0.4615,0.5714,0.808
0.9375,0.6,0.7317,0.9137
0.625,0.5,0.5556,0.815
0.6875,0.4583,0.55,0.7913
0.8,0.5455,0.6486,0.9067
0.6667,0.4545,0.5405,0.8373
1.0,0.6667,0.8,0.9726
0.6875,0.5789,0.6286,0.8591
0.5625,0.6429,0.6,0.7755
0.875,0.56,0.6829,0.9152
0.9375,0.6,0.7317,0.8884
0.8125,0.619,0.7027,0.8588
0.5625,0.45,0.5,0.795
0.8125,0.4643,0.5909,0.8838
0.7333,0.55,0.6286,0.8927
0.5333,0.5,0.5161,0.7893
0.9375,0.5769,0.7143,0.9394
0.75,0.5714,0.6486,0.8323
0.9375,0.6522,0.7692,0.9413
0.8125,0.5417,0.65,0.9031
0.8125,0.65,0.7222,0.9426
0.75,0.5714,0.6486,0.8662
0.8125,0.6842,0.7429,0.9313
0.8125,0.4815,0.6047,0.8444
0.6667,0.4,0.5,0.8133
0.9333,0.5185,0.6667,0.932
0.75,0.6,0.6667,0.8361
0.75,0.5217,0.6154,0.9005
0.625,0.4545,0.5263,0.7883
0.6875,0.6471,0.6667,0.8852
0.75,0.6667,0.7059,0.8973
0.875,0.5,0.6364,0.9187
0.625,0.4545,0.5263,0.7588
0.9375,0.6522,0.7692,0.9513
0.8667,0.619,0.7222,0.9347
0.4667,0.5833,0.5185,0.87
0.75,0.6,0.6667,0.8629
0.6875,0.6111,0.6471,0.861
0.875,0.6087,0.7179,0.9043
0.8125,0.5,0.619,0.8272
0.75,0.6,0.6667,0.9139
0.6875,0.5238,0.5946,0.8319
0.75,0.6,0.6667,0.8875
0.875,0.6364,0.7368,0.9
0.75,0.6316,0.6857,0.8769
0.6875,0.4583,0.55,0.8323
0.875,0.5833,0.7,0.8999
0.5625,0.5625,0.5625,0.8036
0.8125,0.5909,0.6842,0.8642
0.7333,0.55,0.6286,0.8667
1.0,0.5769,0.7317,0.904
0.5625,0.6429,0.6,0.8556
0.75,0.5217,0.6154,0.8919
0.875,0.5833,0.7,0.9213
0.9333,0.5,0.6512,0.9053
0.6667,0.5556,0.6061,0.7773
0.8125,0.6842,0.7429,0.912
0.5625,0.4737,0.5143,0.7723
0.75,0.5714,0.6486,0.9381
0.8125,0.5652,0.6667,0.8552
0.75,0.5455,0.6316,0.8393
0.6875,0.55,0.6111,0.8381
0.8125,0.5652,0.6667,0.905
0.625,0.625,0.625,0.8669
0.8667,0.7222,0.7879,0.9747
0.6667,0.4545,0.5405,0.7587
0.8125,0.5652,0.6667,0.8673
0.75,0.5,0.6,0.7991
0.6875,0.5789,0.6286,0.8999
0.8125,0.52,0.6341,0.8903
0.8125,0.65,0.7222,0.9037
0.9375,0.5556,0.6977,0.9269
0.75,0.5714,0.6486,0.8688
0.8125,0.6842,0.7429,0.9019
0.75,0.6667,0.7059,0.8801
0.75,0.5217,0.6154,0.8508
0.625,0.5882,0.6061,0.8131
0.8125,0.5,0.619,0.8374
0.875,0.5385,0.6667,0.8954
0.8,0.6316,0.7059,0.874
0.6,0.75,0.6667,0.8573
0.9375,0.6522,0.7692,0.9456
0.8125,0.619,0.7027,0.8938
0.8125,0.5909,0.6842,0.9094
0.8,0.8,0.8,0.914
0.7333,0.5,0.5946,0.8967
0.75,0.5,0.6,0.8756
0.5625,0.4737,0.5143,0.7889
0.8125,0.4815,0.6047,0.8023
0.6875,0.4783,0.5641,0.8221
0.625,0.5882,0.6061,0.8686
0.875,0.6364,0.7368,0.9219
0.625,0.5,0.5556,0.8512
0.875,0.7368,0.8,0.9537
0.6667,0.5882,0.625,0.8807
0.8,0.75,0.7742,0.9327
0.625,0.4167,0.5,0.7736
0.9375,0.6522,0.7692,0.898
0.6875,0.5,0.5789,0.7966
0.9375,0.6,0.7317,0.8795
0.5625,0.45,0.5,0.7679
0.9375,0.6818,0.7895,0.9519
0.8125,0.5652,0.6667,0.8725
0.8125,0.5652,0.6667,0.865
0.875,0.6364,0.7368,0.896
0.8125,0.5909,0.6842,0.8941
0.6875,0.6875,0.6875,0.8559
0.8125,0.65,0.7222,0.8897
0.75,0.5217,0.6154,0.8355
0.7333,0.5238,0.6111,0.8867
0.6,0.4286,0.5,0.79
0.625,0.5,0.5556,0.8181
0.9375,0.7143,0.8108,0.9287
0.625,0.4167,0.5,0.8175
0.9375,0.7143,0.8108,0.9515
0.875,0.56,0.6829,0.926
0.75,0.5,0.6,0.8457
0.75,0.5714,0.6486,0.8565
0.5625,0.4737,0.5143,0.8061
0.8667,0.5417,0.6667,0.92
0.7333,0.5,0.5946,0.8027
0.6875,0.44,0.5366,0.7975
0.6875,0.6111,0.6471,0.9237
0.8125,0.619,0.7027,0.8825
0.7333,0.5,0.5946,0.8253
0.7333,0.5238,0.6111,0.8927
0.75,0.4286,0.5455,0.808
0.75,0.8571,0.8,0.8967
0.6875,0.5238,0.5946,0.8801
0.75,0.7059,0.7273,0.919
1.0,0.5714,0.7273,0.9362
0.9375,0.5357,0.6818,0.9163
0.6875,0.5238,0.5946,0.7819
0.875,0.6087,0.7179,0.94
0.8125,0.5652,0.6667,0.8584
0.5625,0.8182,0.6667,0.8457
0.75,0.5714,0.6486,0.861
0.6875,0.55,0.6111,0.8342
0.75,0.5455,0.6316,0.8776
0.8667,0.52,0.65,0.9127
0.5333,0.4444,0.4848,0.8507
0.625,0.5263,0.5714,0.8263
0.75,0.5217,0.6154,0.8969
0.6875,0.6111,0.6471,0.8625
0.9333,0.6087,0.7368,0.936
0.8,0.5714,0.6667,0.8953
0.75,0.48,0.5854,0.8253
0.6875,0.5789,0.6286,0.9037
0.6875,0.5238,0.5946,0.8036
0.875,0.6087,0.7179,0.9069
0.75,0.7059,0.7273,0.8737
0.8125,0.65,0.7222,0.9113
0.6875,0.6111,0.6471,0.8794
0.9375,0.5172,0.6667,0.9475
0.8,0.75,0.7742,0.9373
0.8667,0.619,0.7222,0.8947
0.8125,0.5652,0.6667,0.8858
0.8125,0.65,0.7222,0.8533
0.4375,0.35,0.3889,0.6282
0.875,0.6667,0.7568,0.8846
0.8125,0.5,0.619,0.8425
0.875,0.6364,0.7368,0.8644
0.6875,0.5238,0.5946,0.8475
0.75,0.5714,0.6486,0.845
1.0,0.5769,0.7317,0.9507
0.8,0.48,0.6,0.8673
0.8125,0.52,0.6341,0.8903
0.8125,0.5652,0.6667,0.854
0.5,0.6154,0.5517,0.8329
0.6875,0.6471,0.6667,0.8616
0.8125,0.65,0.7222,0.8827
0.8125,0.5,0.619,0.8788
0.875,0.6087,0.7179,0.9575
0.875,0.4828,0.6222,0.885
0.9375,0.7143,0.8108,0.926
0.5625,0.5625,0.5625,0.808
0.75,0.5,0.6,0.8846
0.6875,0.5238,0.5946,0.8546
0.625,0.4762,0.5405,0.7385
0.8,0.6,0.6857,0.904
0.8,0.5217,0.6316,0.8727
0.875,0.56,0.6829,0.8419
0.625,0.625,0.625,0.8712
0.6875,0.5238,0.5946,0.8131
0.8667,0.8125,0.8387,0.9647
0.6,0.5625,0.5806,0.772
0.875,0.7368,0.8,0.9566
0.875,0.5185,0.6512,0.9018
0.75,0.5714,0.6486,0.8865
0.8125,0.5909,0.6842,0.9069
0.5625,0.3913,0.4615,0.7545
0.6875,0.5238,0.5946,0.8081
0.875,0.5833,0.7,0.91
0.9375,0.625,0.75,0.9463
0.8,0.5714,0.6667,0.9087
0.6,0.45,0.5143,0.7907
0.75,0.4615,0.5714,0.8278
0.875,0.6364,0.7368,0.9184
0.5625,0.4286,0.4865,0.7832
0.6875,0.6471,0.6667,0.8858
0.75,0.5714,0.6486,0.8546
0.9375,0.75,0.8333,0.9431
0.625,0.4762,0.5405,0.8481
0.8125,0.4333,0.5652,0.7969
0.7333,0.5789,0.6471,0.9073
0.6667,0.5263,0.5882,0.802
0.75,0.5,0.6,0.8801
0.8125,0.7647,0.7879,0.9324
0.6875,0.44,0.5366,0.8348
0.625,0.5263,0.5714,0.7883
0.8125,0.5652,0.6667,0.8948
0.75,0.7059,0.7273,0.9044
0.875,0.56,0.6829,0.8812
0.75,0.5714,0.6486,0.8194
0.8125,0.6842,0.7429,0.9114
0.6875,0.5,0.5789,0.8361
0.75,0.48,0.5854,0.8374
0.75,0.6,0.6667,0.8667
0.625,0.4348,0.5128,0.7915
0.8667,0.6842,0.7647,0.9167
0.9333,0.5833,0.7179,0.9153
0.625,0.5556,0.5882,0.8194
1.0,0.5161,0.6809,0.9206
0.625,0.4348,0.5128,0.7981
0.8,0.5714,0.6667,0.924
0.4667,0.5385,0.5,0.8647
0.75,0.5714,0.6486,0.8482
0.6875,0.5789,0.6286,0.8418
0.8125,0.619,0.7027,0.8724
0.75,0.6,0.6667,0.9069
0.875,0.5833,0.7,0.9388
0.8125,0.619,0.7027,0.9381
0.6875,0.4231,0.5238,0.7606
0.5625,0.4286,0.4865,0.7325
0.6667,0.5556,0.6061,0.8827
0.8,0.5,0.6154,0.8527
0.9375,0.5556,0.6977,0.9177
0.5625,0.6,0.5806,0.8412
0.8125,0.65,0.7222,0.9324
1.0,0.6667,0.8,0.9656
0.75,0.5455,0.6316,0.8865
0.8125,0.5652,0.6667,0.8931
0.75,0.48,0.5854,0.8106
0.8125,0.7647,0.7879,0.8938
0.8,0.5217,0.6316,0.8707
0.7333,0.5789,0.6471,0.81
0.875,0.7,0.7778,0.963
0.6875,0.6471,0.6667,0.8705
0.8125,0.65,0.7222,0.8737
0.75,0.5,0.6,0.8527
0.75,0.5217,0.6154,0.8438
0.75,0.75,0.75,0.8381
0.875,0.5185,0.6512,0.88
0.75,0.7059,0.7273,0.8531
0.625,0.4,0.4878,0.7608
0.8125,0.5652,0.6667,0.8922
0.75,0.7059,0.7273,0.9133
0.6875,0.6471,0.6667,0.9075
0.8125,0.4643,0.5909,0.8705
0.9333,0.5,0.6512,0.9313
0.6,0.5294,0.5625,0.796
0.8125,0.8125,0.8125,0.8862
0.875,0.6087,0.7179,0.9337
0.8125,0.5652,0.6667,0.8931
0.9333,0.56,0.7,0.9127
0.7333,0.5789,0.6471,0.89
0.6875,0.5238,0.5946,0.8399
0.4375,0.35,0.3889,0.7258
0.625,0.5556,0.5882,0.8112
0.6875,0.55,0.6111,0.8878
0.75,0.6,0.6667,0.8769
0.9375,0.625,0.75,0.9456
0.875,0.5385,0.6667,0.9206
0.75,0.6667,0.7059,0.9056
0.75,0.6316,0.6857,0.9005
0.375,0.4615,0.4138,0.7468
0.8125,0.52,0.6341,0.8903
0.875,0.6364,0.7368,0.9388
0.875,0.6087,0.7179,0.9267
0.6667,0.4762,0.5556,0.792
0.7333,0.55,0.6286,0.7987
0.875,0.5833,0.7,0.9337
0.8125,0.5417,0.65,0.8694
0.5625,0.4737,0.5143,0.7906
0.7333,0.6471,0.6875,0.8927
0.8667,0.65,0.7429,0.8807
0.875,0.6087,0.7179,0.9209
0.6875,0.55,0.6111,0.8661
0.6875,0.6471,0.6667,0.8903
0.75,0.6316,0.6857,0.8648
0.8125,0.5909,0.6842,0.861
0.625,0.625,0.625,0.8925
0.75,0.5217,0.6154,0.8394
0.875,0.6364,0.7368,0.9431
0.875,0.6667,0.7568,0.9439
0.75,0.6,0.6667,0.8616
0.625,0.4762,0.5405,0.7959
0.75,0.6667,0.7059,0.8795
0.8125,0.52,0.6341,0.8418
0.8667,0.619,0.7222,0.8987
0.8,0.6316,0.7059,0.8547
0.8125,0.5417,0.65,0.8625
0.625,0.5263,0.5714,0.7163
0.75,0.4444,0.5581,0.8331
0.8,0.5,0.6154,0.8693
0.9333,0.7,0.8,0.9347
0.75,0.5217,0.6154,0.824
0.8125,0.5909,0.6842,0.8858
0.625,0.5556,0.5882,0.8724
0.6875,0.6875,0.6875,0.912
0.875,0.6364,0.7368,0.942
0.625,0.625,0.625,0.9063
0.875,0.6087,0.7179,0.9213
0.75,0.6316,0.6857,0.8831
0.7333,0.5789,0.6471,0.8307
0.7333,0.5789,0.6471,0.8787
0.8125,0.4815,0.6047,0.8724
0.625,0.6667,0.6452,0.8208
0.9375,0.5556,0.6977,0.889
0.75,0.5714,0.6486,0.8916
0.6875,0.5,0.5789,0.8253
0.6875,0.6471,0.6667,0.8356
0.8125,0.5,0.619,0.8625
0.8125,0.619,0.7027,0.9087
0.8,0.5455,0.6486,0.8893
0.8,0.6316,0.7059,0.9513
0.875,0.6667,0.7568,0.9452
0.6875,0.55,0.6111,0.8552
0.5,0.4,0.4444,0.7417
0.875,0.6667,0.7568,0.9337
0.6875,0.4783,0.5641,0.8603
0.6875,0.5,0.5789,0.8269
0.625,0.5,0.5556,0.8425
0.625,0.5556,0.5882,0.8425
0.8125,0.5652,0.6667,0.8629
0.875,0.7368,0.8,0.9483
0.9375,0.5769,0.7143,0.9037
0.875,0.6087,0.7179,0.8667
0.6875,0.55,0.6111,0.8469
0.6,0.6,0.6,0.8627
0.8667,0.5652,0.6842,0.9107
0.75,0.5455,0.6316,0.8594
0.5625,0.375,0.45,0.7762
0.875,0.5185,0.6512,0.8706
0.8125,0.619,0.7027,0.919
0.75,0.75,0.75,0.8304
0.75,0.6,0.6667,0.8756
0.8125,0.5652,0.6667,0.8699
0.625,0.4348,0.5128,0.8004
0.8667,0.65,0.7429,0.9213
0.7333,0.55,0.6286,0.8947
0.8125,0.65,0.7222,0.9206
0.75,0.48,0.5854,0.8469
0.8125,0.52,0.6341,0.8806
0.7333,0.5789,0.6471,0.902
0.7333,0.5789,0.6471,0.8787
0.6875,0.5789,0.6286,0.8591
0.75,0.7059,0.7273,0.8801
0.875,0.6087,0.7179,0.926
0.6875,0.4783,0.5641,0.8138
0.75,0.5714,0.6486,0.8642
0.8125,0.619,0.7027,0.9069
0.75,0.6,0.6667,0.8556
0.875,0.7778,0.8235,0.9356
0.6667,0.5,0.5714,0.8587
0.4,0.4286,0.4138,0.7367
0.625,0.4167,0.5,0.8214
0.875,0.7,0.7778,0.9445
0.875,0.5185,0.6512,0.8731
0.75,0.5455,0.6316,0.852
0.8125,0.7647,0.7879,0.9426
0.875,0.6667,0.7568,0.9137
0.8125,0.4815,0.6047,0.9225
0.625,0.5,0.5556,0.8462
0.6875,0.4583,0.55,0.8259
0.6875,0.5789,0.6286,0.8367
0.875,0.7368,0.8,0.9598
0.5625,0.5,0.5294,0.7704
0.75,0.5455,0.6316,0.8335
0.8667,0.52,0.65,0.8993
0.6667,0.5882,0.625,0.8387
0.6875,0.6875,0.6875,0.8512
0.75,0.4444,0.5581,0.8538
0.9375,0.6818,0.7895,0.9381
0.8125,0.5417,0.65,0.9165
0.5,0.5333,0.5161,0.7666
0.8125,0.5909,0.6842,0.868
0.75,0.5217,0.6154,0.8584
0.625,0.4348,0.5128,0.801
0.8667,0.6842,0.7647,0.9193
0.8667,0.5652,0.6842,0.93
0.75,0.5217,0.6154,0.8356
0.75,0.75,0.75,0.8719
0.6875,0.5789,0.6286,0.8588
0.6875,0.6111,0.6471,0.8508
0.8125,0.6842,0.7429,0.9311
0.75,0.48,0.5854,0.8489
0.875,0.4828,0.6222,0.8438
0.5625,0.5294,0.5455,0.8119
0.8,0.6316,0.7059,0.8913
0.7333,0.4783,0.5789,0.8767
0.9375,0.625,0.75,0.9319
0.5,0.5714,0.5333,0.8313
0.8125,0.619,0.7027,0.8762
0.7333,0.55,0.6286,0.8707
0.8667,0.5909,0.7027,0.91
0.75,0.4444,0.5581,0.8151
0.625,0.5,0.5556,0.8476
0.75,0.5714,0.6486,0.875
0.8125,0.5909,0.6842,0.8744
0.8125,0.5909,0.6842,0.817
0.8125,0.5652,0.6667,0.8769
0.8125,0.5,0.619,0.8356
0.75,0.6,0.6667,0.8919
0.6667,0.6667,0.6667,0.9187
0.8667,0.5909,0.7027,0.884
0.6875,0.5789,0.6286,0.8482
0.625,0.5556,0.5882,0.8208
0.8125,0.619,0.7027,0.8935
0.8125,0.5,0.619,0.8635
0.8125,0.6842,0.7429,0.9101
0.375,0.3333,0.3529,0.7094
0.875,0.6087,0.7179,0.9213
0.9375,0.6818,0.7895,0.9413
0.8125,0.6842,0.7429,0.9222
0.6875,0.5238,0.5946,0.8144
0.75,0.5455,0.6316,0.9133
0.875,0.56,0.6829,0.9203
0.625,0.5556,0.5882,0.8463
0.7333,0.4783,0.5789,0.8893
0.8,0.5217,0.6316,0.902
0.8125,0.65,0.7222,0.9287
0.875,0.6667,0.7568,0.8838
0.6875,0.5238,0.5946,0.8413
0.6875,0.6111,0.6471,0.8629
0.6875,0.5789,0.6286,0.845
0.75,0.6,0.6667,0.8903
0.875,0.5,0.6364,0.9063
0.6875,0.5,0.5789,0.8718
0.6667,0.5,0.5714,0.868
0.8,0.5,0.6154,0.8587
0.875,0.7368,0.8,0.9563
0.9375,0.5556,0.6977,0.8956
0.75,0.5217,0.6154,0.8113
0.7333,0.6471,0.6875,0.8387
0.7333,0.6875,0.7097,0.9313
0.75,0.6667,0.7059,0.8922
0.75,0.5455,0.6316,0.8348
0.6875,0.5789,0.6286,0.8457
0.625,0.4762,0.5405,0.7953
0.8125,0.52,0.6341,0.831
0.8125,0.5417,0.65,0.8719
0.875,0.5185,0.6512,0.8381
0.6875,0.6875,0.6875,0.925
1.0,0.625,0.7692,0.9593
0.6,0.6923,0.6429,0.8993
0.5,0.4444,0.4706,0.7213
0.625,0.4762,0.5405,0.7468
0.75,0.5455,0.6316,0.8316
0.875,0.6087,0.7179,0.9311
0.9375,0.625,0.75,0.9375
0.8125,0.5909,0.6842,0.9269
0.8125,0.4815,0.6047,0.8456
0.6875,0.6471,0.6667,0.83
0.7333,0.5789,0.6471,0.8727
0.8,0.4286,0.5581,0.834
0.8125,0.5909,0.6842,0.8584
0.8125,0.5909,0.6842,0.8973
0.75,0.6316,0.6857,0.9165
0.6875,0.6111,0.6471,0.8712
0.5625,0.5625,0.5625,0.8061
0.5625,0.5294,0.5455,0.7662
0.6875,0.5789,0.6286,0.8325
0.8125,0.5652,0.6667,0.8988
1.0,0.5769,0.7317,0.954
0.8,0.6316,0.7059,0.8987
0.875,0.4828,0.6222,0.8712
0.75,0.6667,0.7059,0.9114
0.6875,0.4583,0.55,0.7506
0.5625,0.5294,0.5455,0.8348
1.0,0.6154,0.7619,0.9509
0.875,0.6087,0.7179,0.9456
0.6875,0.5,0.5789,0.8531
0.5,0.4211,0.4571,0.7881
0.5333,0.7273,0.6154,0.818
0.5333,0.6154,0.5714,0.79
0.9375,0.5769,0.7143,0.9241
0.8125,0.6842,0.7429,0.9483
0.625,0.5556,0.5882,0.8514
0.9375,0.5172,0.6667,0.9318
0.8125,0.5,0.619,0.8705
0.9375,0.5556,0.6977,0.9031
0.625,0.5882,0.6061,0.835
0.75,0.4138,0.5333,0.8063
0.6667,0.5,0.5714,0.8133
0.7333,0.5789,0.6471,0.876
1.0,0.6667,0.8,0.9668
0.6875,0.6471,0.6667,0.8501
0.6875,0.6111,0.6471,0.875
0.8125,0.52,0.6341,0.8846
0.6875,0.55,0.6111,0.7723
0.875,0.7778,0.8235,0.9456
0.8125,0.5909,0.6842,0.925
0.8125,0.4333,0.5652,0.8862
0.75,0.5,0.6,0.8565
0.8125,0.5417,0.65,0.8999
0.6875,0.7857,0.7333,0.9133
0.625,0.5556,0.5882,0.8265
0.5625,0.3913,0.4615,0.7902
0.7333,0.55,0.6286,0.8333
0.8,0.5455,0.6486,0.9093
0.6875,0.6111,0.6471,0.8225
0.75,0.6667,0.7059,0.8944
0.8125,0.52,0.6341,0.865
0.8,0.5714,0.6667,0.8893
0.6,0.5625,0.5806,0.776
0.75,0.4286,0.5455,0.8374
0.8125,0.5417,0.65,0.8814
0.8125,0.7647,0.7879,0.9579
0.875,0.56,0.6829,0.8884
0.875,0.6364,0.7368,0.9133
0.75,0.6667,0.7059,0.8706
0.6875,0.44,0.5366,0.7594
0.6875,0.55,0.6111,0.8725
0.8667,0.5909,0.7027,0.9247
0.6667,0.5,0.5714,0.884
0.875,0.5185,0.6512,0.8916
0.9375,0.625,0.75,0.9407
0.6875,0.5789,0.6286,0.8635
0.8125,0.5,0.619,0.8348
0.8125,0.619,0.7027,0.9063
0.5625,0.6429,0.6,0.8069
0.875,0.6087,0.7179,0.9219
0.875,0.7,0.7778,0.9113
0.625,0.4762,0.5405,0.7813
0.8125,0.5652,0.6667,0.9107
0.8125,0.65,0.7222,0.8878
0.5625,0.4737,0.5143,0.7379
0.8125,0.7222,0.7647,0.9273
0.8,0.5714,0.6667,0.87
0.9333,0.4,0.56,0.86
0.9375,0.5769,0.7143,0.9675
0.8125,0.5417,0.65,0.8656
0.6875,0.4583,0.55,0.7975
0.8667,0.5652,0.6842,0.8727
0.7333,0.5789,0.6471,0.8553
0.6875,0.55,0.6111,0.7883
0.75,0.6,0.6667,0.9043
0.5625,0.5,0.5294,0.8253
0.9375,0.75,0.8333,0.9324
0.625,0.5556,0.5882,0.8508
0.6875,0.7857,0.7333,0.8988
0.875,0.5833,0.7,0.8981
0.8125,0.7222,0.7647,0.9075
0.5,0.5,0.5,0.7589
0.875,0.6087,0.7179,0.9101
0.6875,0.5238,0.5946,0.824
0.8125,0.5909,0.6842,0.8744
0.6875,0.4074,0.5116,0.7953
0.7333,0.6875,0.7097,0.868
0.6667,0.5,0.5714,0.8627
0.8125,0.4643,0.5909,0.8969
0.8125,0.5652,0.6667,0.8738
0.875,0.6667,0.7568,0.9556
0.6667,0.4762,0.5556,0.8413
0.6667,0.5263,0.5882,0.8607
0.5625,0.5294,0.5455,0.7978
0.8125,0.5417,0.65,0.9024
0.8125,0.5652,0.6667,0.8801
0.5625,0.4091,0.4737,0.7079
0.6875,0.6471,0.6667,0.8929
0.6875,0.4583,0.55,0.8606
0.75,0.6,0.6667,0.9012
0.8125,0.5909,0.6842,0.8681
0.8,0.6316,0.7059,0.8687
0.9333,0.4828,0.6364,0.9327
0.8125,0.619,0.7027,0.8795
0.6875,0.5789,0.6286,0.8004
0.8125,0.7647,0.7879,0.9362
0.625,0.5,0.5556,0.8597
0.5625,0.4737,0.5143,0.7583
0.8125,0.4483,0.5778,0.8244
0.625,0.5,0.5556,0.8256
0.8125,0.4815,0.6047,0.82
0.75,0.6316,0.6857,0.9279
0.625,0.5556,0.5882,0.8654
0.9375,0.75,0.8333,0.9318
0.875,0.7778,0.8235,0.9286
0.75,0.5714,0.6486,0.838
0.8,0.6316,0.7059,0.904
0.6667,0.5556,0.6061,0.8387
0.8125,0.5909,0.6842,0.8762
0.625,0.4,0.4878,0.7875
0.625,0.7143,0.6667,0.8462
0.9333,0.56,0.7,0.958
0.6667,0.5882,0.625,0.8987
0.6875,0.55,0.6111,0.787
0.8125,0.5417,0.65,0.8782
0.9375,0.5769,0.7143,0.9426
0.6875,0.6471,0.6667,0.8431
1.0,0.5517,0.7111,0.9388
0.75,0.6316,0.6857,0.9394
0.8125,0.5652,0.6667,0.9125
0.5,0.4211,0.4571,0.8181
0.8667,0.4815,0.619,0.912
0.8,0.5455,0.6486,0.8747
0.625,0.5882,0.6061,0.8048
0.6875,0.55,0.6111,0.824
0.8125,0.65,0.7222,0.9075
0.875,0.5833,0.7,0.8584
0.8125,0.5652,0.6667,0.9216
0.8125,0.5652,0.6667,0.8831
0.6875,0.5789,0.6286,0.8638
0.8125,0.619,0.7027,0.865
0.7333,0.55,0.6286,0.8493
0.9333,0.5833,0.7179,0.9213
0.625,0.4545,0.5263,0.8527
0.875,0.6667,0.7568,0.8897
0.8125,0.5652,0.6667,0.8776
0.8125,0.5652,0.6667,0.9043
0.8125,0.5417,0.65,0.8463
0.875,0.6667,0.7568,0.9187
0.625,0.6667,0.6452,0.8781
0.5625,0.5625,0.5625,0.8075
0.7333,0.4783,0.5789,0.7807
0.6,0.5294,0.5625,0.806
0.75,0.48,0.5854,0.8788
0.8125,0.5417,0.65,0.9063
0.9375,0.6522,0.7692,0.9515
0.9375,0.5,0.6522,0.8935
0.5625,0.4091,0.4737,0.7526
0.8125,0.52,0.6341,0.9031
0.75,0.5455,0.6316,0.8169
0.8125,0.52,0.6341,0.8381
0.5333,0.5714,0.5517,0.8507
0.6667,0.5263,0.5882,0.906
0.6875,0.6875,0.6875,0.896
0.875,0.5833,0.7,0.9152
0.75,0.6667,0.7059,0.9024
0.75,0.6,0.6667,0.8489
0.9375,0.5556,0.6977,0.9235
1.0,0.5926,0.7442,0.9313
0.625,0.5,0.5556,0.815
0.8125,0.619,0.7027,0.8794
0.8,0.5714,0.6667,0.908
0.7333,0.55,0.6286,0.824
0.625,0.5556,0.5882,0.8673
0.8125,0.5,0.619,0.8603
0.8125,0.6842,0.7429,0.9362
0.5,0.4,0.4444,0.7672
0.8125,0.5652,0.6667,0.8756
0.8125,0.6842,0.7429,0.9625
0.6875,0.4783,0.5641,0.8512
0.75,0.6,0.6667,0.8775
0.6667,0.5263,0.5882,0.836
0.8667,0.5,0.6341,0.9093
0.9375,0.625,0.75,0.9394
0.8125,0.52,0.6341,0.8699
0.5,0.5,0.5,0.7902
0.8125,0.65,0.7222,0.9094
0.6875,0.6875,0.6875,0.8776
0.75,0.5455,0.6316,0.8694
0.75,0.5,0.6,0.8556
0.875,0.7778,0.8235,0.9256
0.9333,0.5385,0.6829,0.92
0.9333,0.56,0.7,0.908
0.625,0.5556,0.5882,0.75
0.6875,0.5238,0.5946,0.7927
0.875,0.5185,0.6512,0.8935
0.5625,0.4737,0.5143,0.7991
0.8125,0.5909,0.6842,0.9158
0.6875,0.55,0.6111,0.8906
0.625,0.5,0.5556,0.8369
0.6875,0.5789,0.6286,0.8675
0.6,0.5294,0.5625,0.8267
0.8667,0.619,0.7222,0.934
0.625,0.4348,0.5128,0.7621
0.6875,0.5789,0.6286,0.868
0.75,0.75,0.75,0.9145
0.75,0.6,0.6667,0.8552
0.8125,0.619,0.7027,0.8489
0.75,0.5714,0.6486,0.8681
0.8125,0.65,0.7222,0.9587
0.625,0.4348,0.5128,0.82
0.5333,0.5,0.5161,0.796
0.6667,0.4762,0.5556,0.8433
0.9375,0.5556,0.6977,0.8776
0.8125,0.5652,0.6667,0.8017
0.75,0.6,0.6667,0.9133
0.875,0.6087,0.7179,0.905
0.75,0.7059,0.7273,0.9305
0.75,0.48,0.5854,0.8275
0.625,0.4348,0.5128,0.8044
0.625,0.5263,0.5714,0.8556
0.8,0.6316,0.7059,0.9067
0.8,0.5455,0.6486,0.872
0.8125,0.5652,0.6667,0.8973
0.625,0.5556,0.5882,0.8036
0.75,0.5714,0.6486,0.9005
0.6875,0.7333,0.7097,0.8941
0.875,0.5,0.6364,0.8871
0.6875,0.4231,0.5238,0.7881
0.75,0.5455,0.6316,0.8869
0.8125,0.5652,0.6667,0.8387
0.6,0.4286,0.5,0.8427
0.8667,0.65,0.7429,0.96
0.875,0.6087,0.7179,0.9158
0.625,0.5556,0.5882,0.8259
0.75,0.4615,0.5714,0.8469
0.8125,0.7647,0.7879,0.9273
0.8125,0.619,0.7027,0.8916
0.625,0.5263,0.5714,0.8337
0.8125,0.5909,0.6842,0.8594
0.75,0.6316,0.6857,0.8919
0.7333,0.55,0.6286,0.8927
0.7333,0.7333,0.7333,0.938
0.625,0.5263,0.5714,0.7838
0.8125,0.5909,0.6842,0.8629
0.8125,0.5,0.619,0.8839
0.8125,0.52,0.6341,0.8622
0.6875,0.5,0.5789,0.8265
0.5,0.3333,0.4,0.73
0.875,0.7,0.7778,0.9306
0.625,0.5263,0.5714,0.8244
0.8,0.6,0.6857,0.8627
0.8667,0.5652,0.6842,0.888
0.875,0.5833,0.7,0.8763
0.625,0.6667,0.6452,0.8412
0.6875,0.5789,0.6286,0.861
0.875,0.6667,0.7568,0.9158
0.6875,0.55,0.6111,0.8501
0.5,0.5333,0.5161,0.7775
0.9375,0.5556,0.6977,0.94
0.8125,0.619,0.7027,0.8888
0.6667,0.5263,0.5882,0.8587
0.5333,0.381,0.4444,0.746
1.0,0.5333,0.6957,0.9145
0.8125,0.6842,0.7429,0.9056
0.75,0.7059,0.7273,0.8776
0.8125,0.5652,0.6667,0.8769
0.75,0.6316,0.6857,0.8948
0.875,0.6087,0.7179,0.9038
0.8125,0.5417,0.65,0.8169
0.9375,0.7143,0.8108,0.9625
0.6667,0.5556,0.6061,0.8527
0.8,0.5,0.6154,0.908
0.6875,0.5,0.5789,0.8125
0.75,0.6,0.6667,0.905
0.875,0.7,0.7778,0.9439
0.625,0.5263,0.5714,0.8087
0.625,0.5263,0.5714,0.8163
0.6875,0.5,0.5789,0.8213
0.75,0.6667,0.7059,0.9087
0.75,0.5,0.6,0.8706
0.75,0.6316,0.6857,0.838
0.8125,0.5652,0.6667,0.8616
0.8125,0.7222,0.7647,0.8973
0.75,0.5217,0.6154,0.8329
0.9375,0.6522,0.7692,0.9401
0.7333,0.6471,0.6875,0.908
0.6667,0.4762,0.5556,0.8687
0.6875,0.5238,0.5946,0.8156
0.75,0.6,0.6667,0.895
0.625,0.5263,0.5714,0.8331
0.875,0.6364,0.7368,0.9286
0.8125,0.5909,0.6842,0.9171
0.875,0.6087,0.7179,0.9381
0.8125,0.5417,0.65,0.8304
0.625,0.4,0.4878,0.7685
0.8667,0.52,0.65,0.9027
0.7333,0.6875,0.7097,0.9013
RUSVoteBag
0.8125,0.65,0.7222,0.8706
0.5,0.4706,0.4848,0.7119
0.625,0.5,0.5556,0.8037
0.8667,0.619,0.7222,0.9353
0.9333,0.7778,0.8485,0.978
0.75,0.7059,0.7273,0.831
0.5625,0.45,0.5,0.8304
0.75,0.75,0.75,0.8642
0.6875,0.6471,0.6667,0.8954
0.6875,0.6111,0.6471,0.8935
0.75,0.7059,0.7273,0.9275
0.6875,0.6111,0.6471,0.8281
0.75,0.6,0.6667,0.9194
0.8125,0.5652,0.6667,0.8546
0.6875,0.55,0.6111,0.8055
0.625,0.8333,0.7143,0.8756
0.5625,0.5294,0.5455,0.8418
0.5625,0.6923,0.6207,0.8386
0.8667,0.65,0.7429,0.91
0.7333,0.5789,0.6471,0.8287
0.75,0.6,0.6667,0.895
0.625,0.5882,0.6061,0.8119
0.625,0.5556,0.5882,0.7794
0.8667,0.7647,0.8125,0.968
0.7333,0.6111,0.6667,0.8593
0.625,0.5263,0.5714,0.8297
0.6875,0.6875,0.6875,0.8673
0.75,0.5455,0.6316,0.8731
0.875,0.7,0.7778,0.9107
0.75,0.75,0.75,0.8935
0.8125,0.619,0.7027,0.925
0.75,0.5217,0.6154,0.865
0.5625,0.5294,0.5455,0.7819
0.6667,0.5,0.5714,0.7507
0.7333,0.7333,0.7333,0.93
0.625,0.6667,0.6452,0.8508
0.8125,0.7647,0.7879,0.9056
0.8125,0.7222,0.7647,0.9573
0.5625,0.5294,0.5455,0.7857
0.5625,0.6,0.5806,0.7411
0.8125,0.6842,0.7429,0.8475
0.5625,0.5625,0.5625,0.7987
0.625,0.5882,0.6061,0.8287
0.875,0.6667,0.7568,0.8922
0.5625,0.6,0.5806,0.8195
0.8125,0.6842,0.7429,0.8935
0.625,0.6667,0.6452,0.8661
0.875,0.6087,0.7179,0.8788
0.6667,0.4545,0.5405,0.7107
0.8667,0.65,0.7429,0.9293
0.8125,0.6842,0.7429,0.885
0.6875,0.5789,0.6286,0.8738
0.625,0.7143,0.6667,0.8606
0.625,0.7692,0.6897,0.838
0.6875,0.7333,0.7097,0.8712
0.6875,0.6111,0.6471,0.8476
0.6875,0.5789,0.6286,0.8508
0.625,0.5,0.5556,0.8514
0.8,0.5714,0.6667,0.8973
0.7333,0.4783,0.5789,0.8067
0.75,0.5455,0.6316,0.8612
0.625,0.7143,0.6667,0.9056
0.625,0.6667,0.6452,0.8881
0.8125,0.65,0.7222,0.7895
0.75,0.48,0.5854,0.8297
0.8125,0.7647,0.7879,0.9298
0.5625,0.5,0.5294,0.7774
0.75,0.6,0.6667,0.7653
0.7333,0.6111,0.6667,0.9093
0.6,0.6923,0.6429,0.8727
0.875,0.56,0.6829,0.9169
0.8125,0.6842,0.7429,0.8581
0.6875,0.55,0.6111,0.78
0.6,0.45,0.5143,0.8033
0.4667,0.5,0.4828,0.73
0.8125,0.5652,0.6667,0.8929
0.6875,0.5789,0.6286,0.8463
0.75,0.7059,0.7273,0.8833
0.8125,0.7647,0.7879,0.9107
0.875,0.7368,0.8,0.9075
0.6875,0.5789,0.6286,0.8469
0.75,0.5455,0.6316,0.8113
0.5625,0.75,0.6429,0.8631
0.6875,0.5789,0.6286,0.8827
0.625,0.625,0.625,0.78
0.625,0.7692,0.6897,0.8195
0.9375,0.75,0.8333,0.9483
0.875,0.56,0.6829,0.8852
0.7333,0.5789,0.6471,0.842
0.9333,0.6087,0.7368,0.896
0.5,0.5333,0.5161,0.805
0.75,0.5,0.6,0.8087
0.8125,0.619,0.7027,0.8925
0.8667,0.8667,0.8667,0.9627
0.6,0.5625,0.5806,0.7447
0.8125,0.5652,0.6667,0.8291
0.6875,0.7857,0.7333,0.9592
0.5625,0.4737,0.5143,0.817
0.8125,0.65,0.7222,0.898
0.6875,0.5789,0.6286,0.8616
0.75,0.7059,0.7273,0.92
0.75,0.6,0.6667,0.8556
0.75,0.48,0.5854,0.8525
0.6667,0.6667,0.6667,0.916
0.6667,0.5556,0.6061,0.8673
0.625,0.5,0.5556,0.801
0.75,0.6667,0.7059,0.8814
0.8125,0.65,0.7222,0.8744
0.6875,0.7333,0.7097,0.824
0.875,0.6364,0.7368,0.8878
0.8125,0.8125,0.8125,0.9675
0.6875,0.6111,0.6471,0.7981
0.875,0.5385,0.6667,0.8119
0.6667,0.6667,0.6667,0.8527
0.8,0.6,0.6857,0.9067
0.5,0.5714,0.5333,0.8329
0.75,0.7059,0.7273,0.905
0.8125,0.65,0.7222,0.8871
0.75,0.6,0.6667,0.8686
0.6875,0.5789,0.6286,0.8444
0.5,0.5333,0.5161,0.8
0.75,0.7059,0.7273,0.9094
0.625,0.625,0.625,0.7913
0.9375,0.5769,0.7143,0.9267
0.625,0.625,0.625,0.8202
0.75,0.5455,0.6316,0.8284
0.75,0.5455,0.6316,0.8552
0.75,0.5714,0.6486,0.7946
0.8,0.8,0.8,0.9467
0.8,0.5714,0.6667,0.846
0.8125,0.65,0.7222,0.9194
0.5625,0.5625,0.5625,0.7806
0.5625,0.4737,0.5143,0.7813
0.8,0.5455,0.6486,0.8873
0.9333,0.6087,0.7368,0.9713
0.6875,0.5789,0.6286,0.8795
0.6875,0.5789,0.6286,0.9063
0.6875,0.5789,0.6286,0.8578
0.6875,0.6471,0.6667,0.896
0.6875,0.7333,0.7097,0.852
0.8125,0.65,0.7222,0.8688
0.875,0.5833,0.7,0.9331
0.5625,0.5294,0.5455,0.8044
0.8,0.5455,0.6486,0.8913
0.7333,0.5,0.5946,0.7907
0.75,0.7059,0.7273,0.9483
0.375,0.4615,0.4138,0.7755
0.625,0.5263,0.5714,0.8686
0.6875,0.6875,0.6875,0.8865
0.6875,0.8462,0.7586,0.8533
0.75,0.6667,0.7059,0.9194
0.5625,0.6429,0.6,0.8994
0.75,0.5455,0.6316,0.8431
0.6667,0.4762,0.5556,0.7693
0.6667,0.5,0.5714,0.8207
0.6875,0.6471,0.6667,0.8438
0.625,0.5556,0.5882,0.8418
0.875,0.7368,0.8,0.9356
0.625,0.7143,0.6667,0.7934
1.0,0.5517,0.7111,0.9235
0.8125,0.6842,0.7429,0.9175
0.8125,0.7222,0.7647,0.9519
0.375,0.5,0.4286,0.7519
0.875,0.5833,0.7,0.8846
0.8125,0.619,0.7027,0.8878
0.625,0.5,0.5556,0.7902
0.6875,0.6875,0.6875,0.8297
0.75,0.6316,0.6857,0.8763
0.7333,0.5789,0.6471,0.8467
0.5333,0.5,0.5161,0.84
0.75,0.5714,0.6486,0.8525
0.75,0.5714,0.6486,0.8387
0.6875,0.4783,0.5641,0.8638
0.8,0.5455,0.6486,0.8207
0.6,0.6429,0.6207,0.834
0.8125,0.7222,0.7647,0.9018
0.8125,0.7647,0.7879,0.9279
0.75,0.8,0.7742,0.9082
0.8125,0.65,0.7222,0.8457
0.625,0.6667,0.6452,0.9139
0.6875,0.6471,0.6667,0.9213
0.875,0.7,0.7778,0.9425
0.75,0.6316,0.6857,0.845
0.625,0.5882,0.6061,0.6722
0.5625,0.5625,0.5625,0.7978
0.875,0.5833,0.7,0.9426
0.5625,0.5294,0.5455,0.7985
0.5625,0.5625,0.5625,0.8482
0.8,0.6316,0.7059,0.9393
0.8,0.5,0.6154,0.8393
0.75,0.75,0.75,0.88
0.625,0.4762,0.5405,0.8013
0.875,0.5833,0.7,0.8588
0.6875,0.5238,0.5946,0.845
0.625,0.7692,0.6897,0.8724
0.8125,0.6842,0.7429,0.8827
0.5,0.4,0.4444,0.8176
0.625,0.4762,0.5405,0.7832
0.9333,0.6667,0.7778,0.9353
0.6667,0.5882,0.625,0.8487
0.75,0.5714,0.6486,0.8606
0.8125,0.6842,0.7429,0.8819
0.8125,0.5909,0.6842,0.8788
0.8,0.5,0.6154,0.8727
0.6667,0.5556,0.6061,0.8487
0.625,0.5556,0.5882,0.808
0.625,0.6667,0.6452,0.8635
0.8125,0.6842,0.7429,0.9279
0.5,0.5,0.5,0.7761
0.5,0.5714,0.5333,0.8673
0.75,0.6,0.6667,0.8625
0.6875,0.5789,0.6286,0.7825
0.8125,0.7647,0.7879,0.9056
0.9333,0.6087,0.7368,0.9327
0.6,0.5625,0.5806,0.8627
0.6875,0.6111,0.6471,0.8284
0.75,0.6,0.6667,0.8629
0.625,0.625,0.625,0.8189
0.6875,0.6875,0.6875,0.9254
0.625,0.5556,0.5882,0.8253
0.625,0.5263,0.5714,0.8063
0.625,0.8333,0.7143,0.8762
0.75,0.6,0.6667,0.8988
0.7333,0.6875,0.7097,0.8753
0.8,0.6667,0.7273,0.942
0.6875,0.6471,0.6667,0.8074
0.6875,0.55,0.6111,0.8591
0.6875,0.6471,0.6667,0.8495
0.5625,0.4737,0.5143,0.7615
0.75,0.5217,0.6154,0.7736
0.8125,0.619,0.7027,0.9144
0.625,0.5556,0.5882,0.8137
0.625,0.4545,0.5263,0.7656
0.8,0.6316,0.7059,0.8853
0.5333,0.4706,0.5,0.828
0.875,0.7778,0.8235,0.9726
0.6875,0.55,0.6111,0.8329
0.5625,0.6429,0.6,0.7194
0.8125,0.619,0.7027,0.9139
0.75,0.5714,0.6486,0.8616
0.8125,0.5909,0.6842,0.8494
0.5625,0.5625,0.5625,0.7469
0.8125,0.5909,0.6842,0.8612
0.6667,0.5,0.5714,0.8613
0.4,0.4286,0.4138,0.7773
0.875,0.7,0.7778,0.9375
0.6875,0.5238,0.5946,0.8119
0.75,0.8,0.7742,0.9247
0.8125,0.5909,0.6842,0.912
0.875,0.7368,0.8,0.9375
0.6875,0.6471,0.6667,0.8794
0.75,0.6316,0.6857,0.9131
0.6875,0.55,0.6111,0.8369
0.6,0.4737,0.5294,0.818
0.9333,0.56,0.7,0.936
0.5625,0.5625,0.5625,0.8265
0.75,0.7059,0.7273,0.8909
0.625,0.5263,0.5714,0.7921
0.625,0.7692,0.6897,0.8584
0.8125,0.8125,0.8125,0.8705
0.8125,0.65,0.7222,0.9231
0.625,0.4762,0.5405,0.7119
0.9375,0.7143,0.8108,0.9694
0.8,0.75,0.7742,0.9413
0.4667,0.7778,0.5833,0.8773
0.6875,0.6111,0.6471,0.8603
0.5,0.5333,0.5161,0.7978
0.8125,0.619,0.7027,0.9203
0.625,0.5882,0.6061,0.8029
0.75,0.6316,0.6857,0.9152
0.5625,0.5,0.5294,0.8319
0.75,0.7059,0.7273,0.9012
0.8125,0.6842,0.7429,0.9081
0.8125,0.7647,0.7879,0.8673
0.6875,0.6111,0.6471,0.861
0.875,0.6667,0.7568,0.8941
0.625,0.7143,0.6667,0.801
0.8125,0.619,0.7027,0.8578
0.6667,0.5,0.5714,0.8473
0.9333,0.5833,0.7179,0.8867
0.5625,0.6429,0.6,0.8344
0.75,0.6,0.6667,0.8906
0.8125,0.5909,0.6842,0.8944
0.8667,0.5909,0.7027,0.912
0.6,0.6,0.6,0.75
0.8125,0.7222,0.7647,0.9381
0.4375,0.5,0.4667,0.7608
0.75,0.6316,0.6857,0.9298
0.875,0.56,0.6829,0.8571
0.5625,0.5625,0.5625,0.817
0.75,0.6316,0.6857,0.8144
0.75,0.5714,0.6486,0.8712
0.5,0.5714,0.5333,0.845
0.8,0.9231,0.8571,0.9533
0.6667,0.5,0.5714,0.7367
0.8125,0.619,0.7027,0.8546
0.6875,0.5789,0.6286,0.7972
0.6875,0.6875,0.6875,0.9011
0.8125,0.5652,0.6667,0.8769
0.75,0.6667,0.7059,0.9037
0.9375,0.6522,0.7692,0.9206
0.625,0.4762,0.5405,0.8375
0.8125,0.6842,0.7429,0.8875
0.6875,0.6875,0.6875,0.868
0.6875,0.55,0.6111,0.8304
0.625,0.625,0.625,0.8125
0.75,0.5,0.6,0.8131
0.6875,0.55,0.6111,0.8667
0.8,0.6667,0.7273,0.86
0.4667,0.7778,0.5833,0.8313
0.875,0.7,0.7778,0.9675
0.75,0.5455,0.6316,0.8781
0.8125,0.65,0.7222,0.9
0.8,0.8571,0.8276,0.8967
0.7333,0.55,0.6286,0.89
0.75,0.5714,0.6486,0.8552
0.625,0.5882,0.6061,0.817
0.6875,0.4783,0.5641,0.7621
0.625,0.5,0.5556,0.7927
0.5625,0.75,0.6429,0.8699
0.75,0.6,0.6667,0.9206
0.6875,0.6111,0.6471,0.8694
0.8125,0.6842,0.7429,0.9437
0.6,0.6429,0.6207,0.8467
0.8,0.75,0.7742,0.9153
0.625,0.4545,0.5263,0.7577
0.875,0.7368,0.8,0.9069
0.625,0.5556,0.5882,0.8029
0.8125,0.5652,0.6667,0.8597
0.5625,0.4737,0.5143,0.7653
0.875,0.7368,0.8,0.9519
0.75,0.6,0.6667,0.865
0.6875,0.55,0.6111,0.8344
0.75,0.6316,0.6857,0.8922
0.8125,0.6842,0.7429,0.8776
0.6875,0.7333,0.7097,0.8533
0.8125,0.6842,0.7429,0.8705
0.625,0.5556,0.5882,0.7946
0.7333,0.6471,0.6875,0.8753
0.6,0.5294,0.5625,0.7307
0.5625,0.5625,0.5625,0.795
0.9375,0.8333,0.8824,0.9287
0.75,0.4444,0.5581,0.8025
0.9375,0.7895,0.8571,0.9592
0.875,0.6364,0.7368,0.9324
0.6875,0.55,0.6111,0.8189
0.6875,0.5789,0.6286,0.8291
0.5625,0.5294,0.5455,0.7946
0.7333,0.5789,0.6471,0.8887
0.6,0.5294,0.5625,0.7573
0.625,0.4545,0.5263,0.7669
0.6875,0.6875,0.6875,0.9337
0.6875,0.6471,0.6667,0.8788
0.7333,0.5238,0.6111,0.81
0.8,0.6,0.6857,0.8827
0.6875,0.5238,0.5946,0.7813
0.6875,0.9167,0.7857,0.8858
0.6875,0.5,0.5789,0.8763
0.75,0.75,0.75,0.9024
1.0,0.64,0.7805,0.9426
0.875,0.5833,0.7,0.9194
0.5,0.5,0.5,0.7594
0.9375,0.8333,0.8824,0.9637
0.8125,0.5652,0.6667,0.8469
0.5625,0.9,0.6923,0.8278
0.75,0.5714,0.6486,0.8393
0.6875,0.5238,0.5946,0.817
0.75,0.5714,0.6486,0.8712
0.8667,0.4815,0.619,0.8867
0.7333,0.5789,0.6471,0.866
0.5,0.5333,0.5161,0.8037
0.75,0.5714,0.6486,0.8944
0.5625,0.6,0.5806,0.8369
0.9333,0.7,0.8,0.946
0.8,0.5714,0.6667,0.8707
0.6875,0.4783,0.5641,0.8068
0.6875,0.6875,0.6875,0.8884
0.6875,0.6111,0.6471,0.8393
0.8125,0.65,0.7222,0.8909
0.75,0.6667,0.7059,0.8622
0.8125,0.65,0.7222,0.895
0.6875,0.7333,0.7097,0.8387
0.9375,0.5556,0.6977,0.9525
0.6667,0.7143,0.6897,0.94
0.8,0.6667,0.7273,0.8807
0.75,0.6,0.6667,0.8827
0.6875,0.6471,0.6667,0.8406
0.4375,0.4118,0.4242,0.6091
0.875,0.7368,0.8,0.8686
0.75,0.5,0.6,0.8316
0.75,0.6316,0.6857,0.8756
0.6875,0.4783,0.5641,0.8431
0.625,0.5882,0.6061,0.8175
0.9333,0.6667,0.7778,0.9613
0.7333,0.5238,0.6111,0.866
0.8125,0.65,0.7222,0.9005
0.8125,0.5652,0.6667,0.8367
0.4375,0.5833,0.5,0.7813
0.625,0.7143,0.6667,0.8329
0.8125,0.65,0.7222,0.882
0.625,0.5263,0.5714,0.8719
0.875,0.7,0.7778,0.9694
0.875,0.5185,0.6512,0.8569
0.875,0.7,0.7778,0.9031
0.5625,0.5625,0.5625,0.824
0.75,0.6,0.6667,0.8788
0.5625,0.5294,0.5455,0.8463
0.5,0.5,0.5,0.706
0.8,0.7059,0.75,0.9067
0.7333,0.5789,0.6471,0.876
0.75,0.5455,0.6316,0.8562
0.5,0.6667,0.5714,0.8237
0.6875,0.5789,0.6286,0.8081
0.8,0.75,0.7742,0.9627
0.6667,0.5882,0.625,0.772
0.875,0.7368,0.8,0.9598
0.8125,0.5909,0.6842,0.8999
0.625,0.5,0.5556,0.8756
0.75,0.6316,0.6857,0.8693
0.5,0.4211,0.4571,0.7264
0.75,0.5714,0.6486,0.7887
0.6875,0.6111,0.6471,0.8762
0.8125,0.7222,0.7647,0.9413
0.7333,0.6111,0.6667,0.9033
0.5333,0.4444,0.4848,0.754
0.75,0.6316,0.6857,0.8622
0.875,0.7368,0.8,0.9267
0.5,0.5,0.5,0.7449
0.6875,0.6875,0.6875,0.8871
0.6875,0.6471,0.6667,0.8603
0.875,0.7778,0.8235,0.9487
0.6875,0.5238,0.5946,0.8681
0.75,0.5,0.6,0.7944
0.6667,0.6667,0.6667,0.8967
0.6,0.6429,0.6207,0.7613
0.75,0.6316,0.6857,0.8438
0.75,0.8,0.7742,0.9254
0.6875,0.4583,0.55,0.8163
0.625,0.5556,0.5882,0.7577
0.6875,0.6111,0.6471,0.882
0.75,0.8571,0.8,0.9394
0.75,0.5455,0.6316,0.8594
0.6875,0.6471,0.6667,0.7937
0.8125,0.7222,0.7647,0.9031
0.625,0.5263,0.5714,0.7844
0.6875,0.5,0.5789,0.8361
0.75,0.7059,0.7273,0.8591
0.5625,0.4286,0.4865,0.7685
0.8667,0.7647,0.8125,0.9187
0.7333,0.6111,0.6667,0.88
0.75,0.7059,0.7273,0.8287
0.9375,0.5769,0.7143,0.9287
0.5,0.4706,0.4848,0.765
0.8,0.6667,0.7273,0.9227
0.5333,0.6667,0.5926,0.804
0.8125,0.619,0.7027,0.8386
0.75,0.7059,0.7273,0.8233
0.75,0.6316,0.6857,0.8367
0.75,0.6,0.6667,0.8635
0.8125,0.6842,0.7429,0.9298
0.75,0.6316,0.6857,0.9069
0.6875,0.5789,0.6286,0.7625
0.4375,0.4667,0.4516,0.7137
0.6667,0.5882,0.625,0.8407
0.6667,0.5263,0.5882,0.8287
0.9375,0.6,0.7317,0.9024
0.5625,0.6,0.5806,0.8367
0.75,0.75,0.75,0.9477
0.9375,0.6522,0.7692,0.9528
0.8125,0.619,0.7027,0.8795
0.8125,0.6842,0.7429,0.8894
0.75,0.5217,0.6154,0.7987
0.8125,0.7222,0.7647,0.8869
0.6,0.5294,0.5625,0.826
0.4667,0.5,0.4828,0.7567
0.875,0.7778,0.8235,0.9745
0.6875,0.7333,0.7097,0.861
0.8125,0.6842,0.7429,0.8622
0.6875,0.5238,0.5946,0.8565
0.75,0.5455,0.6316,0.8355
0.75,0.8571,0.8,0.835
0.75,0.5714,0.6486,0.865
0.75,0.7059,0.7273,0.8206
0.625,0.4545,0.5263,0.7455
0.8125,0.5909,0.6842,0.8724
0.6875,0.7857,0.7333,0.9069
0.5625,0.75,0.6429,0.9152
0.8125,0.5909,0.6842,0.8878
0.9333,0.6364,0.7568,0.9347
0.5333,0.5,0.5161,0.754
0.75,0.8571,0.8,0.8512
0.9375,0.6522,0.7692,0.9381
0.6875,0.5,0.5789,0.8369
0.8667,0.619,0.7222,0.906
0.7333,0.6111,0.6667,0.866
0.625,0.6667,0.6452,0.8125
0.4375,0.4118,0.4242,0.7073
0.5625,0.5294,0.5455,0.7704
0.6875,0.6471,0.6667,0.8724
0.75,0.7059,0.7273,0.8718
0.875,0.6087,0.7179,0.9231
0.875,0.6087,0.7179,0.9375
0.75,0.75,0.75,0.8869
0.75,0.6667,0.7059,0.8731
0.3125,0.4545,0.3704,0.6869
0.8125,0.5417,0.65,0.9177
0.8125,0.65,0.7222,0.9388
0.875,0.7368,0.8,0.9528
0.5333,0.4706,0.5,0.754
0.6,0.5,0.5455,0.772
0.8125,0.65,0.7222,0.925
0.75,0.5217,0.6154,0.8444
0.5625,0.5,0.5294,0.765
0.8,0.7059,0.75,0.868
0.7333,0.6111,0.6667,0.8633
0.8125,0.8125,0.8125,0.9318
0.6875,0.55,0.6111,0.8603
0.6875,0.6111,0.6471,0.8871
0.75,0.6316,0.6857,0.8648
0.8125,0.65,0.7222,0.8654
0.625,0.6667,0.6452,0.8656
0.6875,0.55,0.6111,0.8356
0.875,0.6667,0.7568,0.9513
0.8125,0.6842,0.7429,0.9337
0.6875,0.5789,0.6286,0.8304
0.625,0.5882,0.6061,0.7411
0.5,0.5714,0.5333,0.8469
0.75,0.4615,0.5714,0.8444
0.8667,0.5909,0.7027,0.8807
0.8,0.6667,0.7273,0.8473
0.6875,0.5789,0.6286,0.8475
0.625,0.4348,0.5128,0.7063
0.625,0.4545,0.5263,0.815
0.7333,0.5789,0.6471,0.8773
0.8,0.7059,0.75,0.9
0.75,0.6316,0.6857,0.8253
0.875,0.6667,0.7568,0.8603
0.6875,0.6111,0.6471,0.8967
0.625,0.7143,0.6667,0.8897
0.8125,0.7647,0.7879,0.9566
0.625,0.625,0.625,0.8925
0.75,0.6667,0.7059,0.92
0.75,0.75,0.75,0.8331
0.7333,0.5789,0.6471,0.83
0.7333,0.6471,0.6875,0.844
0.875,0.56,0.6829,0.8693
0.625,0.8333,0.7143,0.7959
0.875,0.6364,0.7368,0.8897
0.6875,0.55,0.6111,0.8833
0.6875,0.5789,0.6286,0.8425
0.6875,0.6875,0.6875,0.8475
0.8125,0.5417,0.65,0.8375
0.8125,0.6842,0.7429,0.9306
0.8,0.6,0.6857,0.8787
0.8667,0.7222,0.7879,0.9413
0.875,0.8235,0.8485,0.9324
0.625,0.7143,0.6667,0.8482
0.5,0.4211,0.4571,0.7111
0.875,0.6667,0.7568,0.9286
0.75,0.5714,0.6486,0.8578
0.625,0.5,0.5556,0.8006
0.625,0.5556,0.5882,0.8213
0.75,0.6,0.6667,0.8488
0.75,0.5714,0.6486,0.8393
0.8125,0.7647,0.7879,0.9381
0.75,0.6667,0.7059,0.8731
0.6875,0.6875,0.6875,0.8871
0.625,0.5882,0.6061,0.8482
0.6,0.6,0.6,0.836
0.7333,0.6111,0.6667,0.918
0.75,0.6,0.6667,0.8656
0.625,0.5263,0.5714,0.8013
0.8125,0.5417,0.65,0.8669
0.8125,0.7222,0.7647,0.9152
0.625,0.8333,0.7143,0.8501
0.5625,0.6,0.5806,0.8629
0.8125,0.5909,0.6842,0.8597
0.6875,0.5,0.5789,0.764
0.8667,0.7647,0.8125,0.9053
0.7333,0.6875,0.7097,0.9267
0.625,0.625,0.625,0.8875
0.625,0.5,0.5556,0.8469
0.8125,0.5652,0.6667,0.8919
0.7333,0.5789,0.6471,0.8867
0.6667,0.5556,0.6061,0.8527
0.6875,0.6111,0.6471,0.8508
0.6875,0.7333,0.7097,0.8967
0.875,0.6667,0.7568,0.9515
0.75,0.6,0.6667,0.8163
0.6875,0.5789,0.6286,0.8463
0.75,0.6667,0.7059,0.8775
0.75,0.75,0.75,0.8319
0.8125,0.8667,0.8387,0.9025
0.6,0.5,0.5455,0.828
0.4667,0.4667,0.4667,0.7253
0.625,0.5556,0.5882,0.7997
0.75,0.7059,0.7273,0.9241
0.875,0.6087,0.7179,0.8635
0.75,0.5455,0.6316,0.8501
0.6875,0.6875,0.6875,0.9222
0.6875,0.7333,0.7097,0.925
0.8125,0.6842,0.7429,0.9275
0.5625,0.5,0.5294,0.865
0.625,0.4762,0.5405,0.8048
0.5625,0.6429,0.6,0.7978
0.875,0.875,0.875,0.9649
0.5625,0.5294,0.5455,0.7436
0.75,0.5217,0.6154,0.8163
0.9333,0.5833,0.7179,0.89
0.5333,0.5333,0.5333,0.808
0.5625,0.6,0.5806,0.8481
0.6875,0.6111,0.6471,0.8519
0.9375,0.75,0.8333,0.9437
0.875,0.6667,0.7568,0.9126
0.375,0.5455,0.4444,0.7321
0.875,0.7,0.7778,0.8769
0.875,0.56,0.6829,0.8559
0.6875,0.5,0.5789,0.7902
0.8667,0.7222,0.7879,0.91
0.8,0.5455,0.6486,0.92
0.75,0.5455,0.6316,0.8456
0.625,0.8333,0.7143,0.8788
0.6875,0.6875,0.6875,0.8731
0.6875,0.6875,0.6875,0.8291
0.75,0.7059,0.7273,0.8986
0.75,0.5,0.6,0.8355
0.8125,0.52,0.6341,0.8253
0.625,0.5882,0.6061,0.773
0.8,0.7059,0.75,0.9073
0.7333,0.6471,0.6875,0.8533
0.9375,0.6818,0.7895,0.9531
0.4375,0.6364,0.5185,0.7981
0.8125,0.619,0.7027,0.895
0.7333,0.6471,0.6875,0.8373
0.8,0.6667,0.7273,0.878
0.75,0.5217,0.6154,0.808
0.625,0.6667,0.6452,0.8622
0.6875,0.6875,0.6875,0.8807
0.75,0.6667,0.7059,0.889
0.8125,0.5909,0.6842,0.8176
0.8125,0.7222,0.7647,0.8694
0.75,0.48,0.5854,0.8406
0.6875,0.6471,0.6667,0.8438
0.7333,0.6875,0.7097,0.89
0.7333,0.5789,0.6471,0.878
0.6875,0.6111,0.6471,0.8361
0.625,0.5263,0.5714,0.7679
0.8125,0.6842,0.7429,0.8922
0.8125,0.5652,0.6667,0.8699
0.75,0.7059,0.7273,0.8992
0.4375,0.3684,0.4,0.6769
0.75,0.7059,0.7273,0.9063
0.875,0.7,0.7778,0.9225
0.625,0.7143,0.6667,0.9184
0.625,0.5556,0.5882,0.7895
0.75,0.6316,0.6857,0.8941
0.875,0.6364,0.7368,0.9349
0.5625,0.5625,0.5625,0.8355
0.7333,0.6111,0.6667,0.914
0.8,0.5714,0.6667,0.89
0.8125,0.6842,0.7429,0.9319
0.875,0.7368,0.8,0.8875
0.625,0.5882,0.6061,0.8113
0.625,0.6667,0.6452,0.852
0.625,0.5556,0.5882,0.801
0.75,0.6316,0.6857,0.8386
0.9375,0.6,0.7317,0.9043
0.6875,0.5789,0.6286,0.8635
0.5333,0.5333,0.5333,0.862
0.7333,0.5238,0.6111,0.8353
0.875,0.7368,0.8,0.9594
0.8125,0.5417,0.65,0.8594
0.625,0.4762,0.5405,0.7919
0.7333,0.7857,0.7586,0.8167
0.8,0.7059,0.75,0.9267
0.6875,0.7333,0.7097,0.8673
0.75,0.6316,0.6857,0.8214
0.6875,0.6111,0.6471,0.8629
0.5,0.4444,0.4706,0.7787
0.75,0.7059,0.7273,0.8603
0.75,0.6,0.6667,0.8462
0.875,0.6364,0.7368,0.8456
0.6875,0.7333,0.7097,0.895
0.9333,0.56,0.7,0.9447
0.5333,0.7273,0.6154,0.9173
0.4375,0.4667,0.4516,0.6875
0.5625,0.4286,0.4865,0.6913
0.75,0.5714,0.6486,0.8221
0.875,0.7,0.7778,0.9043
0.8125,0.65,0.7222,0.9165
0.8125,0.6842,0.7429,0.9213
0.625,0.5263,0.5714,0.8413
0.6875,0.6875,0.6875,0.8075
0.6667,0.5263,0.5882,0.8467
0.7333,0.5,0.5946,0.812
0.75,0.6316,0.6857,0.8476
0.75,0.6316,0.6857,0.8973
0.75,0.6667,0.7059,0.9031
0.75,0.75,0.75,0.8559
0.5,0.6154,0.5517,0.8202
0.4375,0.5385,0.4828,0.7238
0.6875,0.5789,0.6286,0.8256
0.75,0.7059,0.7273,0.8625
1.0,0.6818,0.8108,0.958
0.6667,0.7143,0.6897,0.8553
0.875,0.56,0.6829,0.8929
0.75,0.8,0.7742,0.9056
0.625,0.5263,0.5714,0.7608
0.5625,0.5625,0.5625,0.7927
1.0,0.6154,0.7619,0.9369
0.8125,0.6842,0.7429,0.9337
0.625,0.5,0.5556,0.85
0.5,0.5,0.5,0.7506
0.3333,0.7143,0.4545,0.7453
0.5333,0.7273,0.6154,0.7867
0.875,0.5833,0.7,0.9056
0.8125,0.7222,0.7647,0.9503
0.5625,0.6,0.5806,0.8304
0.9375,0.6,0.7317,0.9509
0.8125,0.5417,0.65,0.8929
0.8125,0.5417,0.65,0.9044
0.5,0.7273,0.5926,0.8194
0.75,0.5217,0.6154,0.7937
0.7333,0.6471,0.6875,0.8467
0.7333,0.7333,0.7333,0.8633
0.9375,0.6818,0.7895,0.9483
0.6875,0.6875,0.6875,0.7934
0.6875,0.6471,0.6667,0.8552
0.5625,0.5625,0.5625,0.8546
0.6875,0.5789,0.6286,0.7883
0.8125,0.7647,0.7879,0.9337
0.75,0.6667,0.7059,0.9337
0.875,0.5385,0.6667,0.8575
0.75,0.6316,0.6857,0.8661
0.75,0.6,0.6667,0.9037
0.75,0.9231,0.8276,0.8833
0.5625,0.5,0.5294,0.7768
0.5625,0.4091,0.4737,0.7309
0.6667,0.625,0.6452,0.802
0.8,0.6,0.6857,0.8987
0.5625,0.6,0.5806,0.8144
0.6875,0.6875,0.6875,0.8575
0.75,0.5455,0.6316,0.8425
0.8,0.6667,0.7273,0.8747
0.6,0.5625,0.5806,0.756
0.75,0.48,0.5854,0.8323
0.8125,0.5909,0.6842,0.8667
0.75,0.8,0.7742,0.9356
0.75,0.5217,0.6154,0.8444
0.8125,0.619,0.7027,0.9088
0.75,0.7059,0.7273,0.8638
0.5,0.4,0.4444,0.7137
0.625,0.5882,0.6061,0.8494
0.8667,0.619,0.7222,0.8993
0.7333,0.55,0.6286,0.8567
0.8125,0.619,0.7027,0.8686
0.8125,0.6842,0.7429,0.9445
0.6875,0.6875,0.6875,0.838
0.6875,0.44,0.5366,0.8584
0.8125,0.7222,0.7647,0.9037
0.625,0.6667,0.6452,0.7887
0.75,0.6316,0.6857,0.8838
0.75,0.75,0.75,0.8981
0.5625,0.5,0.5294,0.8087
0.75,0.6,0.6667,0.8801
0.6875,0.7333,0.7097,0.8833
0.5625,0.5625,0.5625,0.7162
0.6875,0.6875,0.6875,0.9126
0.7333,0.5789,0.6471,0.8553
0.9333,0.4516,0.6087,0.87
0.9375,0.6522,0.7692,0.94
0.75,0.5714,0.6486,0.8506
0.6875,0.4783,0.5641,0.7619
0.8,0.6,0.6857,0.8713
0.6667,0.625,0.6452,0.8473
0.5625,0.4286,0.4865,0.7353
0.75,0.6316,0.6857,0.9171
0.625,0.6667,0.6452,0.8367
0.875,0.7778,0.8235,0.9107
0.625,0.5556,0.5882,0.8221
0.6875,0.7857,0.7333,0.8819
0.875,0.56,0.6829,0.8956
0.8125,0.65,0.7222,0.8944
0.5625,0.6429,0.6,0.7411
0.8125,0.619,0.7027,0.8871
0.6875,0.6875,0.6875,0.8259
0.8125,0.619,0.7027,0.8571
0.625,0.4348,0.5128,0.7915
0.6667,0.7692,0.7143,0.8433
0.5333,0.5714,0.5517,0.8287
0.75,0.5217,0.6154,0.865
0.8125,0.5417,0.65,0.8619
0.875,0.7368,0.8,0.95
0.7333,0.6111,0.6667,0.818
0.8,0.6,0.6857,0.8873
0.4375,0.7,0.5385,0.764
0.8125,0.5909,0.6842,0.8827
0.8125,0.65,0.7222,0.8724
0.5625,0.5,0.5294,0.6671
0.625,0.625,0.625,0.8629
0.6875,0.55,0.6111,0.8544
0.6875,0.6111,0.6471,0.8606
0.875,0.6364,0.7368,0.8806
0.8,0.6,0.6857,0.8527
0.8,0.6316,0.7059,0.918
0.75,0.75,0.75,0.8922
0.625,0.625,0.625,0.7927
0.8125,0.8125,0.8125,0.9177
0.625,0.5556,0.5882,0.8482
0.5625,0.4737,0.5143,0.7136
0.75,0.5217,0.6154,0.8144
0.6875,0.55,0.6111,0.8394
0.6875,0.5,0.5789,0.8037
0.6875,0.6471,0.6667,0.9196
0.6875,0.6471,0.6667,0.8986
0.75,0.75,0.75,0.9298
0.8125,0.7647,0.7879,0.919
0.75,0.6316,0.6857,0.8418
0.7333,0.7333,0.7333,0.8773
0.6667,0.7143,0.6897,0.834
0.625,0.7143,0.6667,0.8588
0.5625,0.5625,0.5625,0.8137
0.625,0.7143,0.6667,0.805
0.8667,0.7222,0.7879,0.952
0.6667,0.625,0.6452,0.8933
0.625,0.5263,0.5714,0.78
0.6875,0.6111,0.6471,0.8686
0.9375,0.5556,0.6977,0.9216
0.6875,0.7333,0.7097,0.7972
0.9375,0.5556,0.6977,0.9483
0.6875,0.7333,0.7097,0.935
0.75,0.5714,0.6486,0.8881
0.4375,0.5,0.4667,0.8013
0.8,0.5217,0.6316,0.9047
0.7333,0.7333,0.7333,0.8427
0.625,0.5882,0.6061,0.773
0.6875,0.5789,0.6286,0.7953
0.8125,0.6842,0.7429,0.8852
0.625,0.5882,0.6061,0.8476
0.8125,0.619,0.7027,0.926
0.8125,0.6842,0.7429,0.9125
0.75,0.6667,0.7059,0.8656
0.6875,0.6111,0.6471,0.8488
0.7333,0.7333,0.7333,0.8627
0.8667,0.65,0.7429,0.908
0.5,0.5,0.5,0.8406
0.8125,0.7222,0.7647,0.8903
0.875,0.6364,0.7368,0.8482
0.6875,0.5789,0.6286,0.896
0.75,0.5714,0.6486,0.8686
0.8125,0.7222,0.7647,0.9031
0.6875,0.8462,0.7586,0.86
0.5625,0.6923,0.6207,0.8063
0.6667,0.4762,0.5556,0.7553
0.6667,0.5,0.5714,0.7967
0.75,0.5217,0.6154,0.8489
0.875,0.6667,0.7568,0.9273
0.875,0.7778,0.8235,0.9585
0.9375,0.5556,0.6977,0.9063
0.375,0.3529,0.3636,0.7085
0.8125,0.5909,0.6842,0.9038
0.625,0.5263,0.5714,0.7788
0.75,0.6316,0.6857,0.8063
0.4667,0.5,0.4828,0.8253
0.6667,0.625,0.6452,0.9
0.5625,0.8182,0.6667,0.8272
0.8125,0.7222,0.7647,0.8871
0.625,0.7143,0.6667,0.9114
0.6875,0.55,0.6111,0.8367
0.9375,0.5769,0.7143,0.8833
0.8125,0.5909,0.6842,0.9287
0.6875,0.5789,0.6286,0.785
0.8125,0.5909,0.6842,0.8994
0.8,0.6316,0.7059,0.8753
0.6667,0.5882,0.625,0.8027
0.5625,0.6429,0.6,0.8182
0.8125,0.52,0.6341,0.8463
0.8125,0.65,0.7222,0.9464
0.5,0.5,0.5,0.7513
0.8125,0.5909,0.6842,0.8686
0.875,0.7368,0.8,0.9619
0.625,0.5,0.5556,0.8225
0.6875,0.6471,0.6667,0.8762
0.6,0.5294,0.5625,0.7807
0.8667,0.5417,0.6667,0.8973
0.875,0.6364,0.7368,0.9158
0.6875,0.5789,0.6286,0.8552
0.375,0.5,0.4286,0.7519
0.6875,0.6875,0.6875,0.8865
0.625,0.6667,0.6452,0.8367
0.75,0.6316,0.6857,0.845
0.6875,0.4783,0.5641,0.8581
0.875,0.8235,0.8485,0.8988
0.9333,0.6364,0.7568,0.9033
0.8,0.5455,0.6486,0.9033
0.5,0.5,0.5,0.727
0.625,0.6667,0.6452,0.7844
0.8125,0.5417,0.65,0.8795
0.5625,0.5294,0.5455,0.8342
0.6875,0.6111,0.6471,0.9286
0.6875,0.6111,0.6471,0.9006
0.5625,0.5294,0.5455,0.8281
0.6875,0.5789,0.6286,0.8606
0.6,0.6429,0.6207,0.7967
0.8667,0.6842,0.7647,0.9287
0.625,0.4545,0.5263,0.7583
0.625,0.625,0.625,0.8584
0.75,0.8,0.7742,0.8922
0.75,0.6667,0.7059,0.8431
0.8125,0.65,0.7222,0.8565
0.75,0.7059,0.7273,0.8331
0.875,0.7778,0.8235,0.9644
0.625,0.4762,0.5405,0.7837
0.5333,0.4706,0.5,0.7727
0.5333,0.5,0.5161,0.836
0.75,0.5455,0.6316,0.8642
0.625,0.5882,0.6061,0.7889
0.75,0.7059,0.7273,0.942
0.8125,0.65,0.7222,0.9101
0.75,0.75,0.75,0.9254
0.6875,0.5,0.5789,0.8075
0.625,0.5263,0.5714,0.7781
0.625,0.5882,0.6061,0.8588
0.8,0.6316,0.7059,0.8927
0.7333,0.5789,0.6471,0.844
0.75,0.6,0.6667,0.8852
0.5625,0.6,0.5806,0.7761
0.75,0.75,0.75,0.8935
0.625,0.7692,0.6897,0.9037
0.875,0.5833,0.7,0.8903
0.6875,0.5,0.5789,0.7688
0.75,0.6667,0.7059,0.8525
0.8125,0.5909,0.6842,0.7987
0.6667,0.4545,0.5405,0.834
0.8667,0.65,0.7429,0.9593
0.75,0.6316,0.6857,0.9031
0.6875,0.6111,0.6471,0.8074
0.75,0.5455,0.6316,0.854
0.625,0.7692,0.6897,0.912
0.8125,0.65,0.7222,0.8948
0.5625,0.5294,0.5455,0.7819
0.8125,0.65,0.7222,0.8438
0.625,0.6667,0.6452,0.8838
0.7333,0.5238,0.6111,0.8813
0.7333,0.7333,0.7333,0.946
0.625,0.5882,0.6061,0.764
0.875,0.7368,0.8,0.8833
0.8125,0.5652,0.6667,0.8635
0.75,0.5455,0.6316,0.8667
0.6875,0.55,0.6111,0.7972
0.5625,0.4091,0.4737,0.7419
0.875,0.7368,0.8,0.9231
0.5,0.5,0.5,0.7712
0.8,0.6667,0.7273,0.8353
0.7333,0.5789,0.6471,0.858
0.75,0.6667,0.7059,0.8744
0.625,0.6667,0.6452,0.861
0.6875,0.6875,0.6875,0.8693
0.875,0.6667,0.7568,0.9088
0.6875,0.55,0.6111,0.8527
0.5,0.5714,0.5333,0.7562
0.875,0.6087,0.7179,0.9463
0.8125,0.6842,0.7429,0.8862
0.6,0.5625,0.5806,0.8353
0.6,0.4286,0.5,0.7527
0.9375,0.5556,0.6977,0.9267
0.8125,0.7222,0.7647,0.8992
0.75,0.75,0.75,0.8705
0.8125,0.5909,0.6842,0.854
0.6875,0.6875,0.6875,0.889
0.875,0.7,0.7778,0.9137
0.625,0.4545,0.5263,0.79
0.875,0.7368,0.8,0.9313
0.7333,0.5789,0.6471,0.8273
0.8,0.5455,0.6486,0.8807
0.6875,0.5238,0.5946,0.8099
0.75,0.6667,0.7059,0.8801
0.8125,0.7647,0.7879,0.9318
0.5,0.5714,0.5333,0.8042
0.625,0.5263,0.5714,0.7768
0.625,0.5,0.5556,0.7931
0.75,0.6316,0.6857,0.8662
0.875,0.5385,0.6667,0.87
0.625,0.5882,0.6061,0.7966
0.8125,0.5909,0.6842,0.8839
0.8125,0.7222,0.7647,0.8903
0.625,0.5263,0.5714,0.8131
0.875,0.6667,0.7568,0.9043
0.7333,0.6471,0.6875,0.89
0.6667,0.625,0.6452,0.862
0.6875,0.55,0.6111,0.7969
0.75,0.5714,0.6486,0.8712
0.5625,0.6,0.5806,0.7819
0.8125,0.6842,0.7429,0.9267
0.8125,0.65,0.7222,0.9267
0.6875,0.6471,0.6667,0.9056
0.75,0.6667,0.7059,0.8323
0.625,0.5,0.5556,0.7468
0.8,0.6,0.6857,0.896
0.6667,0.7143,0.6897,0.8987
