RUSBag
0.8571,0.5625,0.6792,0.8858
0.5714,0.4,0.4706,0.656
0.7,0.6364,0.6667,0.9
0.75,0.6522,0.6977,0.9225
0.8,0.5161,0.6275,0.824
0.75,0.6,0.6667,0.837
0.55,0.55,0.55,0.8355
0.65,0.5652,0.6047,0.801
0.75,0.4688,0.5769,0.8087
0.85,0.7083,0.7727,0.9153
0.8,0.5714,0.6667,0.832
0.65,0.5417,0.5909,0.831
0.65,0.65,0.65,0.857
1.0,0.5,0.6667,0.9035
0.5,0.5556,0.5263,0.721
0.7,0.6364,0.6667,0.8585
0.619,0.4643,0.5306,0.7332
0.9048,0.7308,0.8085,0.9577
0.9,0.6207,0.7347,0.8974
0.7,0.4828,0.5714,0.774
0.85,0.5862,0.6939,0.9005
0.75,0.5556,0.6383,0.838
0.6,0.6316,0.6154,0.8115
0.8,0.5517,0.6531,0.8605
0.8,0.64,0.7111,0.863
0.75,0.625,0.6818,0.88
0.7619,0.5517,0.64,0.846
0.6667,0.5385,0.5957,0.7862
0.8,0.5714,0.6667,0.8781
0.75,0.625,0.6818,0.8556
0.7619,0.6154,0.6809,0.8848
0.9048,0.5758,0.7037,0.9213
0.85,0.6538,0.7391,0.8845
0.8,0.5517,0.6531,0.845
0.7,0.4375,0.5385,0.7375
0.55,0.5789,0.5641,0.7965
0.75,0.5357,0.625,0.8555
0.85,0.6071,0.7083,0.8835
0.65,0.4815,0.5532,0.7449
0.65,0.4815,0.5532,0.8209
0.55,0.55,0.55,0.8165
0.65,0.4333,0.52,0.77
0.8,0.5517,0.6531,0.833
0.85,0.7083,0.7727,0.912
0.6,0.5455,0.5714,0.795
0.6,0.5455,0.5714,0.833
0.8095,0.5862,0.68,0.8503
0.5714,0.5217,0.5455,0.8124
0.85,0.6071,0.7083,0.899
0.9,0.6,0.72,0.8745
0.7,0.4828,0.5714,0.7805
0.7,0.5,0.5833,0.812
0.85,0.5667,0.68,0.866
0.7,0.5833,0.6364,0.8635
0.65,0.5652,0.6047,0.797
0.7,0.7,0.7,0.895
0.8095,0.68,0.7391,0.9223
0.7619,0.4848,0.5926,0.7896
0.85,0.5152,0.6415,0.8434
0.75,0.5357,0.625,0.8505
0.65,0.4643,0.5417,0.751
0.7,0.6087,0.6512,0.8135
0.95,0.6552,0.7755,0.947
0.7,0.5,0.5833,0.831
0.6,0.4444,0.5106,0.749
0.75,0.4839,0.5882,0.83
0.8095,0.6071,0.6939,0.8236
0.7143,0.6,0.6522,0.8251
0.8,0.5714,0.6667,0.8872
0.85,0.6296,0.7234,0.8862
0.6667,0.4828,0.56,0.7677
0.9524,0.5882,0.7273,0.913
0.65,0.5,0.5652,0.823
0.8,0.5517,0.6531,0.7895
0.8,0.5517,0.6531,0.8805
0.7,0.6364,0.6667,0.8585
0.7,0.5385,0.6087,0.8075
0.6,0.5217,0.5581,0.805
0.7,0.5833,0.6364,0.8189
0.75,0.5769,0.6522,0.8347
0.95,0.7037,0.8085,0.933
0.65,0.52,0.5778,0.8035
0.75,0.5172,0.6122,0.819
0.85,0.5152,0.6415,0.8715
0.45,0.3913,0.4186,0.7105
0.85,0.68,0.7556,0.922
0.7619,0.5517,0.64,0.8669
0.5238,0.6471,0.5789,0.8513
0.85,0.68,0.7556,0.9235
0.7,0.5,0.5833,0.8051
0.65,0.52,0.5778,0.819
0.55,0.55,0.55,0.847
0.85,0.4722,0.6071,0.8525
0.8,0.6667,0.7273,0.9305
0.7,0.6087,0.6512,0.8565
0.5,0.4545,0.4762,0.746
0.8095,0.5667,0.6667,0.8421
0.8095,0.5313,0.6415,0.8571
0.8,0.6154,0.6957,0.877
0.7,0.5,0.5833,0.8189
0.7619,0.5714,0.6531,0.8698
0.8571,0.5625,0.6792,0.8343
0.7,0.5385,0.6087,0.847
0.85,0.5862,0.6939,0.9165
0.7,0.7,0.7,0.8775
0.6,0.5714,0.5854,0.802
0.65,0.4643,0.5417,0.836
0.8,0.5161,0.6275,0.837
0.65,0.52,0.5778,0.7668
0.7,0.6667,0.6829,0.8413
0.75,0.5769,0.6522,0.845
0.75,0.5769,0.6522,0.8655
0.85,0.4857,0.6182,0.879
0.65,0.5652,0.6047,0.826
0.65,0.5,0.5652,0.824
0.45,0.3913,0.4186,0.6915
0.7619,0.6154,0.6809,0.8659
0.8095,0.6296,0.7083,0.8844
0.8,0.6154,0.6957,0.8633
0.65,0.5,0.5652,0.8163
0.7,0.4667,0.56,0.8265
0.8,0.5161,0.6275,0.8775
0.75,0.5357,0.625,0.8015
0.7,0.5833,0.6364,0.8885
0.55,0.6471,0.5946,0.795
0.8,0.5161,0.6275,0.8405
0.8571,0.5625,0.6792,0.898
0.8095,0.7083,0.7556,0.8766
0.8,0.5714,0.6667,0.8464
0.55,0.5,0.5238,0.7398
0.6667,0.5385,0.5957,0.8061
0.6667,0.5185,0.5833,0.7945
0.8,0.5517,0.6531,0.8895
0.6,0.5455,0.5714,0.795
0.65,0.65,0.65,0.8955
0.7,0.5185,0.5957,0.7745
0.75,0.6,0.6667,0.836
0.7,0.7,0.7,0.8355
0.9,0.5294,0.6667,0.8628
0.85,0.5313,0.6538,0.8755
0.95,0.7308,0.8261,0.9395
0.75,0.6,0.6667,0.8535
0.8,0.6957,0.7442,0.906
0.85,0.6296,0.7234,0.908
0.7,0.4828,0.5714,0.7745
0.45,0.375,0.4091,0.6985
0.619,0.52,0.5652,0.7838
0.619,0.4483,0.52,0.8017
0.9,0.6,0.72,0.9179
0.7,0.5185,0.5957,0.8347
0.7619,0.5714,0.6531,0.8445
0.6667,0.6667,0.6667,0.8746
0.65,0.5652,0.6047,0.832
0.65,0.4643,0.5417,0.767
0.65,0.5,0.5652,0.802
0.75,0.5172,0.6122,0.851
0.7,0.5385,0.6087,0.865
0.95,0.6552,0.7755,0.9235
0.75,0.6522,0.6977,0.8643
0.65,0.4643,0.5417,0.7276
0.8,0.6154,0.6957,0.9085
0.75,0.6522,0.6977,0.8245
0.9,0.439,0.5902,0.87
0.8,0.4706,0.5926,0.8115
0.75,0.5556,0.6383,0.853
0.6,0.5217,0.5581,0.7695
0.5714,0.48,0.5217,0.7585
0.7619,0.6667,0.7111,0.8241
0.75,0.5556,0.6383,0.852
0.6,0.4444,0.5106,0.7959
0.7619,0.5926,0.6667,0.8761
0.7619,0.5714,0.6531,0.8664
0.8,0.6667,0.7273,0.9205
0.75,0.4545,0.566,0.8225
0.75,0.625,0.6818,0.8
0.7,0.56,0.6222,0.824
0.55,0.44,0.4889,0.744
0.75,0.5769,0.6522,0.8495
0.8,0.5926,0.6809,0.8704
0.7,0.4667,0.56,0.7811
0.7143,0.7143,0.7143,0.9213
0.8095,0.6071,0.6939,0.8426
0.75,0.5172,0.6122,0.837
0.6,0.48,0.5333,0.793
0.6,0.4286,0.5,0.748
0.7,0.4516,0.549,0.7845
0.7,0.6667,0.6829,0.8585
0.9,0.6667,0.766,0.898
0.85,0.5667,0.68,0.8806
0.8,0.6154,0.6957,0.8434
0.619,0.6842,0.65,0.8625
0.8571,0.6429,0.7347,0.8897
0.65,0.5652,0.6047,0.824
0.85,0.6296,0.7234,0.9045
0.5,0.4545,0.4762,0.7285
0.65,0.4643,0.5417,0.8015
0.85,0.6071,0.7083,0.9055
0.85,0.6296,0.7234,0.9085
0.65,0.5,0.5652,0.7974
0.75,0.5556,0.6383,0.8235
0.75,0.6818,0.7143,0.854
0.8,0.5714,0.6667,0.853
0.75,0.5172,0.6122,0.821
0.75,0.5172,0.6122,0.8415
0.7,0.6087,0.6512,0.85
0.8,0.5517,0.6531,0.8515
0.5714,0.48,0.5217,0.7638
0.619,0.4643,0.5306,0.7308
0.75,0.6522,0.6977,0.9077
0.8,0.64,0.7111,0.9122
0.7619,0.5333,0.6275,0.8741
0.7619,0.6154,0.6809,0.8489
0.7,0.4828,0.5714,0.8075
0.8,0.64,0.7111,0.9045
0.6,0.48,0.5333,0.763
0.8,0.5714,0.6667,0.8605
0.75,0.7143,0.7317,0.9005
0.65,0.5652,0.6047,0.8045
0.75,0.5556,0.6383,0.849
0.7,0.5,0.5833,0.8112
0.7,0.6087,0.6512,0.8255
0.75,0.5556,0.6383,0.8455
0.75,0.5769,0.6522,0.771
0.75,0.5357,0.625,0.8495
0.85,0.6071,0.7083,0.8335
0.6,0.6,0.6,0.8565
0.7143,0.6,0.6522,0.8489
0.8095,0.6296,0.7083,0.8878
0.65,0.4815,0.5532,0.7464
0.85,0.5667,0.68,0.8423
0.6,0.5714,0.5854,0.8365
0.5,0.4762,0.4878,0.7375
0.8,0.4706,0.5926,0.8495
0.95,0.5938,0.7308,0.9235
0.75,0.5172,0.6122,0.7985
0.8,0.5714,0.6667,0.8185
0.8095,0.7083,0.7556,0.8751
0.8095,0.68,0.7391,0.8984
0.85,0.5313,0.6538,0.8357
0.6,0.7059,0.6486,0.8531
0.75,0.5556,0.6383,0.8555
0.55,0.5,0.5238,0.77
0.7,0.6364,0.6667,0.8995
0.65,0.4483,0.5306,0.7925
0.7,0.7368,0.7179,0.8405
0.6,0.4138,0.4898,0.759
0.8095,0.6071,0.6939,0.8882
0.9048,0.7308,0.8085,0.9232
0.7,0.4516,0.549,0.7286
0.7,0.4516,0.549,0.8041
0.7,0.4828,0.5714,0.803
0.9,0.6207,0.7347,0.9025
0.6,0.6,0.6,0.8175
0.6,0.48,0.5333,0.7855
0.65,0.65,0.65,0.8305
0.75,0.4545,0.566,0.792
0.9048,0.5938,0.717,0.913
0.7143,0.625,0.6667,0.8751
0.75,0.7143,0.7317,0.9122
0.85,0.7727,0.8095,0.8816
0.6,0.6316,0.6154,0.8305
0.9,0.6923,0.7826,0.9605
0.7,0.5,0.5833,0.79
0.75,0.5,0.6,0.8265
0.7,0.56,0.6222,0.8375
0.8,0.5,0.6154,0.837
0.8571,0.6207,0.72,0.9159
0.5714,0.6316,0.6,0.7969
0.6,0.6,0.6,0.8235
0.9,0.6,0.72,0.8974
0.7,0.6667,0.6829,0.881
0.75,0.6522,0.6977,0.9185
0.7,0.4667,0.56,0.841
0.65,0.4815,0.5532,0.7875
0.65,0.5,0.5652,0.8585
0.7,0.5,0.5833,0.799
0.7143,0.5556,0.625,0.8494
0.8095,0.68,0.7391,0.879
0.65,0.5,0.5652,0.7934
0.85,0.5667,0.68,0.8597
0.619,0.5909,0.6047,0.8508
0.7143,0.6,0.6522,0.8669
0.75,0.4688,0.5769,0.8255
0.75,0.625,0.6818,0.842
0.65,0.5652,0.6047,0.852
0.85,0.5152,0.6415,0.88
0.75,0.4286,0.5455,0.775
0.8,0.5926,0.6809,0.8885
0.85,0.68,0.7556,0.8995
0.65,0.5652,0.6047,0.8077
0.65,0.52,0.5778,0.822
0.8,0.6154,0.6957,0.866
0.75,0.5769,0.6522,0.8495
0.75,0.5556,0.6383,0.854
0.7,0.6667,0.6829,0.811
0.75,0.5172,0.6122,0.851
0.6667,0.5833,0.6222,0.8144
0.7143,0.5556,0.625,0.8124
0.7,0.7,0.7,0.8643
0.85,0.6296,0.7234,0.8939
0.7619,0.64,0.6957,0.8202
0.6667,0.6667,0.6667,0.8469
0.7,0.56,0.6222,0.851
0.85,0.6071,0.7083,0.89
0.6,0.5,0.5455,0.7805
0.8,0.4571,0.5818,0.822
0.8,0.5333,0.64,0.834
0.85,0.5862,0.6939,0.9165
0.65,0.5417,0.5909,0.825
0.65,0.4483,0.5306,0.776
0.85,0.6071,0.7083,0.8835
0.75,0.5,0.6,0.793
0.45,0.3913,0.4186,0.6865
0.65,0.5909,0.619,0.876
0.85,0.6071,0.7083,0.8865
0.8,0.5161,0.6275,0.8445
0.7619,0.5333,0.6275,0.8406
0.9048,0.7037,0.7917,0.9456
0.8,0.6667,0.7273,0.8974
0.75,0.5357,0.625,0.8168
0.7,0.4828,0.5714,0.7725
0.8,0.5714,0.6667,0.861
0.8,0.6154,0.6957,0.8955
0.7,0.5833,0.6364,0.7975
0.75,0.5769,0.6522,0.8215
0.55,0.5,0.5238,0.72
0.8095,0.5862,0.68,0.8946
0.7619,0.5517,0.64,0.8771
0.85,0.6296,0.7234,0.8765
0.85,0.6296,0.7234,0.9051
0.5714,0.5217,0.5455,0.7915
0.5714,0.5217,0.5455,0.7779
0.9,0.6207,0.7347,0.8915
0.65,0.5,0.5652,0.817
0.85,0.6071,0.7083,0.8485
0.85,0.68,0.7556,0.932
0.9,0.5625,0.6923,0.869
0.75,0.5357,0.625,0.802
0.65,0.5417,0.5909,0.8301
0.7,0.5185,0.5957,0.8566
0.75,0.625,0.6818,0.8285
0.75,0.5769,0.6522,0.869
0.8,0.5926,0.6809,0.898
0.8,0.5,0.6154,0.773
0.8,0.7273,0.7619,0.9195
0.7,0.56,0.6222,0.824
0.6667,0.5,0.5714,0.7998
0.6667,0.5833,0.6222,0.8722
0.75,0.7143,0.7317,0.8347
0.85,0.5313,0.6538,0.8867
0.5238,0.55,0.5366,0.8154
0.6667,0.4828,0.56,0.8513
0.75,0.4839,0.5882,0.833
0.65,0.5417,0.5909,0.8445
0.85,0.6071,0.7083,0.8895
0.75,0.5172,0.6122,0.835
0.9,0.5455,0.6792,0.8645
0.65,0.4333,0.52,0.7565
0.75,0.5769,0.6522,0.8867
0.6,0.5455,0.5714,0.8199
0.8,0.6154,0.6957,0.8645
0.85,0.6296,0.7234,0.875
0.9,0.6667,0.766,0.9375
0.65,0.5417,0.5909,0.817
0.6,0.5217,0.5581,0.78
0.9,0.5625,0.6923,0.8585
0.7619,0.5333,0.6275,0.8465
0.8095,0.5484,0.6538,0.8503
0.7,0.7368,0.7179,0.8566
0.5,0.4545,0.4762,0.7485
0.65,0.5652,0.6047,0.761
0.9,0.5455,0.6792,0.8855
0.75,0.5172,0.6122,0.8545
0.65,0.5652,0.6047,0.853
0.8,0.5333,0.64,0.824
0.9,0.6429,0.75,0.8645
0.6667,0.5185,0.5833,0.8115
0.5714,0.5217,0.5455,0.7629
0.85,0.6296,0.7234,0.927
0.65,0.52,0.5778,0.798
0.9048,0.5429,0.6786,0.8912
0.7143,0.5357,0.6122,0.8188
0.75,0.5172,0.6122,0.825
0.6,0.6,0.6,0.85
0.75,0.5769,0.6522,0.8445
0.7,0.56,0.6222,0.8625
0.7,0.5,0.5833,0.839
0.8,0.5333,0.64,0.8325
0.75,0.625,0.6818,0.8612
0.7,0.6364,0.6667,0.8413
0.7619,0.5161,0.6154,0.7896
0.4762,0.4348,0.4545,0.7109
0.8,0.64,0.7111,0.896
0.85,0.5667,0.68,0.893
0.85,0.5313,0.6538,0.851
0.95,0.8261,0.8837,0.9855
0.85,0.4857,0.6182,0.809
0.7,0.5833,0.6364,0.7935
0.7,0.6364,0.6667,0.8827
0.75,0.5556,0.6383,0.8347
0.95,0.7917,0.8636,0.953
0.8,0.5517,0.6531,0.861
0.7,0.5385,0.6087,0.8285
0.6,0.5714,0.5854,0.8295
0.85,0.6296,0.7234,0.88
0.7,0.56,0.6222,0.8355
0.7619,0.5926,0.6667,0.8591
0.7143,0.5,0.5882,0.8168
0.65,0.5,0.5652,0.8194
0.55,0.5238,0.5366,0.7969
0.8095,0.5667,0.6667,0.8722
0.8095,0.5667,0.6667,0.7993
0.7,0.5,0.5833,0.836
0.6,0.48,0.5333,0.7985
0.6,0.5714,0.5854,0.803
0.8,0.5517,0.6531,0.892
0.6,0.5714,0.5854,0.8325
0.85,0.5,0.6296,0.86
0.85,0.7083,0.7727,0.9066
0.75,0.5357,0.625,0.8383
0.65,0.6842,0.6667,0.8625
0.8,0.5714,0.6667,0.904
0.8,0.5517,0.6531,0.8655
0.75,0.6,0.6667,0.8355
0.8,0.5,0.6154,0.803
0.7,0.5385,0.6087,0.7855
0.7619,0.5161,0.6154,0.7804
0.8095,0.5862,0.68,0.9232
0.6,0.5217,0.5581,0.8026
0.5,0.4762,0.4878,0.7316
0.8,0.5333,0.64,0.844
0.7,0.5385,0.6087,0.8225
0.7,0.6364,0.6667,0.8515
0.7,0.5,0.5833,0.7945
0.75,0.7143,0.7317,0.869
0.7,0.4667,0.56,0.799
0.8095,0.5862,0.68,0.8581
0.7619,0.5714,0.6531,0.8547
0.8,0.5714,0.6667,0.8867
0.75,0.6,0.6667,0.8291
0.75,0.6818,0.7143,0.897
0.8,0.4706,0.5926,0.7915
0.65,0.5909,0.619,0.858
0.6,0.48,0.5333,0.772
0.65,0.5,0.5652,0.831
0.75,0.5,0.6,0.832
0.7619,0.64,0.6957,0.8241
0.7143,0.5357,0.6122,0.8275
0.75,0.625,0.6818,0.8969
0.85,0.6538,0.7391,0.8745
0.8571,0.5806,0.6923,0.8834
0.7143,0.5357,0.6122,0.8236
0.55,0.5238,0.5366,0.8315
0.75,0.5357,0.625,0.8295
0.65,0.52,0.5778,0.8215
0.65,0.5909,0.619,0.8375
0.65,0.5,0.5652,0.803
0.85,0.6296,0.7234,0.912
0.7,0.4375,0.5385,0.7903
0.8,0.6667,0.7273,0.8801
0.8095,0.6538,0.7234,0.8795
0.5238,0.4583,0.4889,0.7148
0.75,0.5,0.6,0.8405
0.8,0.6154,0.6957,0.8685
0.65,0.4333,0.52,0.7355
0.75,0.5357,0.625,0.865
0.7,0.6364,0.6667,0.864
0.65,0.52,0.5778,0.7965
0.85,0.7083,0.7727,0.9194
0.85,0.68,0.7556,0.8827
0.619,0.52,0.5652,0.7818
0.7143,0.5357,0.6122,0.8056
0.9,0.6,0.72,0.882
0.65,0.7647,0.7027,0.8415
0.7,0.5385,0.6087,0.8205
0.65,0.5,0.5652,0.8215
0.85,0.5667,0.68,0.878
0.7,0.4828,0.5714,0.8095
0.8,0.7273,0.7619,0.9168
0.8,0.4848,0.6038,0.7852
0.4,0.3333,0.3636,0.662
0.8,0.4571,0.5818,0.83
0.7,0.6364,0.6667,0.857
0.7,0.6087,0.6512,0.868
0.9,0.6,0.72,0.9185
0.8,0.5333,0.64,0.8525
0.6667,0.6087,0.6364,0.8435
0.7619,0.5333,0.6275,0.8338
0.9,0.5806,0.7059,0.8832
0.75,0.5769,0.6522,0.8454
0.9,0.5294,0.6667,0.896
0.65,0.5,0.5652,0.802
0.75,0.5,0.6,0.7935
0.75,0.5769,0.6522,0.795
0.85,0.6296,0.7234,0.871
0.65,0.619,0.6341,0.824
0.7619,0.5517,0.64,0.8246
0.619,0.5909,0.6047,0.8294
0.7,0.7368,0.7179,0.8939
0.85,0.6538,0.7391,0.8714
0.619,0.5,0.5532,0.7206
0.8095,0.6296,0.7083,0.8722
0.85,0.7391,0.7907,0.934
0.8,0.5517,0.6531,0.883
0.7,0.6667,0.6829,0.895
0.6,0.5,0.5455,0.787
0.8,0.6154,0.6957,0.873
0.8,0.5,0.6154,0.787
0.9,0.6429,0.75,0.9061
0.7,0.6364,0.6667,0.8367
0.7143,0.5556,0.625,0.8149
0.7619,0.5714,0.6531,0.8465
0.6,0.5455,0.5714,0.8495
0.75,0.6818,0.7143,0.859
0.8,0.6957,0.7442,0.929
0.65,0.4815,0.5532,0.8065
0.7,0.4667,0.56,0.7695
0.85,0.5862,0.6939,0.8835
0.75,0.5,0.6,0.775
0.65,0.4815,0.5532,0.7857
0.45,0.5,0.4737,0.744
0.8,0.5333,0.64,0.86
0.7,0.5,0.5833,0.8315
0.85,0.5152,0.6415,0.8635
0.75,0.625,0.6818,0.8555
0.75,0.5,0.6,0.8325
0.9048,0.7037,0.7917,0.9538
0.5238,0.5789,0.55,0.7711
0.7,0.5185,0.5957,0.7995
0.9,0.5806,0.7059,0.8934
0.619,0.4815,0.5417,0.725
0.8571,0.5455,0.6667,0.8741
0.7,0.4828,0.5714,0.831
0.75,0.4688,0.5769,0.7535
0.7,0.56,0.6222,0.8495
0.85,0.5484,0.6667,0.862
0.75,0.5357,0.625,0.8355
0.8,0.6957,0.7442,0.898
0.65,0.65,0.65,0.8418
0.8,0.6154,0.6957,0.8929
0.7143,0.5769,0.6383,0.8328
0.619,0.4643,0.5306,0.8013
0.75,0.625,0.6818,0.8685
0.9,0.5806,0.7059,0.8815
0.8,0.6667,0.7273,0.9185
0.8,0.5517,0.6531,0.8755
0.85,0.5484,0.6667,0.904
0.65,0.4815,0.5532,0.7975
0.7,0.4242,0.5283,0.8168
0.55,0.6111,0.5789,0.8316
0.7,0.56,0.6222,0.832
0.75,0.6522,0.6977,0.9135
0.8,0.6957,0.7442,0.891
0.75,0.5556,0.6383,0.8675
0.65,0.4815,0.5532,0.753
0.8,0.5926,0.6809,0.821
0.7619,0.5926,0.6667,0.8236
0.6667,0.5385,0.5957,0.8154
0.6,0.4286,0.5,0.7577
0.85,0.6296,0.7234,0.8969
0.8095,0.5667,0.6667,0.8499
0.5238,0.5,0.5116,0.7507
0.65,0.5,0.5652,0.801
0.75,0.6818,0.7143,0.84
0.85,0.6296,0.7234,0.897
0.6,0.5217,0.5581,0.7915
0.8,0.5517,0.6531,0.8625
0.6,0.5714,0.5854,0.795
0.85,0.5152,0.6415,0.8337
0.85,0.5862,0.6939,0.8541
0.85,0.5313,0.6538,0.823
0.85,0.5862,0.6939,0.908
0.75,0.625,0.6818,0.858
0.75,0.5357,0.625,0.8875
0.55,0.55,0.55,0.777
0.75,0.5172,0.6122,0.8225
0.7143,0.75,0.7317,0.8533
0.7619,0.5714,0.6531,0.8236
0.85,0.7083,0.7727,0.9367
0.9,0.5143,0.6545,0.8495
0.8095,0.5862,0.68,0.8158
0.7619,0.64,0.6957,0.8776
0.65,0.5909,0.619,0.7965
0.9,0.6207,0.7347,0.9135
0.85,0.6296,0.7234,0.8635
0.7,0.56,0.6222,0.8105
0.75,0.4286,0.5455,0.7755
0.5,0.5556,0.5263,0.7325
0.75,0.625,0.6818,0.8485
0.9,0.6,0.72,0.9321
0.6667,0.5833,0.6222,0.8431
0.8095,0.6538,0.7234,0.8703
0.6,0.5714,0.5854,0.842
0.8,0.5333,0.64,0.8055
0.7,0.5385,0.6087,0.809
0.8,0.5,0.6154,0.812
0.75,0.5769,0.6522,0.858
0.7,0.6087,0.6512,0.834
0.9,0.5455,0.6792,0.9148
0.7,0.5,0.5833,0.8714
0.9,0.6429,0.75,0.879
0.55,0.3929,0.4583,0.7125
0.85,0.5667,0.68,0.8635
0.7,0.6364,0.6667,0.8675
0.85,0.6538,0.7391,0.9015
0.75,0.5172,0.6122,0.7885
0.8095,0.6071,0.6939,0.8528
0.8095,0.5862,0.68,0.8212
0.75,0.6818,0.7143,0.8872
0.65,0.7222,0.6842,0.8668
0.7,0.4828,0.5714,0.8045
0.9,0.5625,0.6923,0.871
0.85,0.5,0.6296,0.809
0.65,0.6842,0.6667,0.8595
0.55,0.3548,0.4314,0.6575
0.8,0.5714,0.6667,0.8715
0.8095,0.6071,0.6939,0.8805
0.9048,0.7308,0.8085,0.9223
0.45,0.6923,0.5455,0.8092
0.65,0.5652,0.6047,0.8117
0.8095,0.5152,0.6296,0.8421
0.9048,0.5758,0.7037,0.8931
1.0,0.6452,0.7843,0.9355
0.8,0.6154,0.6957,0.8555
0.85,0.5484,0.6667,0.879
0.8,0.7273,0.7619,0.8685
0.7,0.4667,0.56,0.7815
0.3,0.3,0.3,0.6775
0.7,0.6364,0.6667,0.8577
0.7,0.5385,0.6087,0.8898
0.85,0.5484,0.6667,0.8525
0.6,0.5455,0.5714,0.7515
0.75,0.5172,0.6122,0.858
0.75,0.5556,0.6383,0.8595
0.65,0.5417,0.5909,0.817
0.75,0.5769,0.6522,0.847
0.9048,0.6333,0.7451,0.9077
0.7143,0.5172,0.6,0.8377
0.8,0.6154,0.6957,0.8464
0.7,0.6087,0.6512,0.8046
0.6,0.4615,0.5217,0.753
0.8,0.5,0.6154,0.8275
0.8,0.5714,0.6667,0.8405
0.75,0.5357,0.625,0.849
0.85,0.5862,0.6939,0.906
0.65,0.5,0.5652,0.8065
0.8571,0.5806,0.6923,0.8722
0.7143,0.6,0.6522,0.8722
0.65,0.5909,0.619,0.8291
0.75,0.5769,0.6522,0.8709
0.7,0.5185,0.5957,0.8475
0.75,0.5172,0.6122,0.828
0.65,0.5,0.5652,0.8285
0.7,0.5185,0.5957,0.825
0.7,0.5385,0.6087,0.8075
0.7,0.5833,0.6364,0.7825
0.7143,0.4839,0.5769,0.8197
0.8095,0.5152,0.6296,0.8664
0.75,0.5172,0.6122,0.8724
0.95,0.6333,0.76,0.9122
0.65,0.5909,0.619,0.797
0.5,0.4545,0.4762,0.6955
0.65,0.52,0.5778,0.8525
0.85,0.6538,0.7391,0.8605
0.85,0.5,0.6296,0.885
0.7,0.6364,0.6667,0.8475
0.7143,0.6522,0.6818,0.9082
0.7619,0.4848,0.5926,0.827
0.75,0.6,0.6667,0.8628
0.9,0.5143,0.6545,0.8536
0.7143,0.5357,0.6122,0.8129
0.8571,0.6,0.7059,0.8732
0.85,0.7083,0.7727,0.931
0.75,0.5357,0.625,0.8355
0.7,0.5185,0.5957,0.8565
0.85,0.6071,0.7083,0.8695
0.75,0.6522,0.6977,0.8595
0.7,0.4828,0.5714,0.852
0.8,0.5517,0.6531,0.8337
0.4,0.3077,0.3478,0.6577
0.85,0.6296,0.7234,0.9045
0.9,0.5294,0.6667,0.8875
0.75,0.6522,0.6977,0.8495
0.6,0.4444,0.5106,0.7425
0.7,0.5185,0.5957,0.8235
0.7,0.4828,0.5714,0.8315
0.7619,0.64,0.6957,0.8688
0.8095,0.4857,0.6071,0.7784
0.75,0.5357,0.625,0.8474
0.8,0.6154,0.6957,0.8168
0.6667,0.5,0.5714,0.7634
0.7143,0.5769,0.6383,0.8076
0.65,0.4643,0.5417,0.8115
0.75,0.5556,0.6383,0.849
0.8,0.6154,0.6957,0.874
0.75,0.5769,0.6522,0.872
0.8,0.5926,0.6809,0.8815
0.65,0.4194,0.5098,0.7905
0.6,0.5,0.5455,0.8148
0.9,0.6207,0.7347,0.95
0.75,0.6522,0.6977,0.837
0.85,0.5862,0.6939,0.88
0.7,0.5,0.5833,0.8145
0.75,0.5556,0.6383,0.827
0.85,0.5484,0.6667,0.8985
0.7,0.4828,0.5714,0.7885
0.8095,0.6296,0.7083,0.8999
0.6667,0.56,0.6087,0.8124
0.65,0.5417,0.5909,0.7974
0.7,0.5833,0.6364,0.8587
0.75,0.5769,0.6522,0.824
0.7,0.5833,0.6364,0.8965
0.8,0.5,0.6154,0.857
0.7,0.5385,0.6087,0.837
0.85,0.7391,0.7907,0.918
0.65,0.52,0.5778,0.7665
0.7143,0.5357,0.6122,0.8022
0.7619,0.5517,0.64,0.8343
0.65,0.619,0.6341,0.8168
0.7,0.5385,0.6087,0.8337
0.75,0.5172,0.6122,0.864
0.5,0.7143,0.5882,0.869
0.8,0.5,0.6154,0.8295
0.65,0.619,0.6341,0.843
0.8,0.6154,0.6957,0.8925
1.0,0.5263,0.6897,0.8615
0.7143,0.5769,0.6383,0.8455
0.7619,0.5926,0.6667,0.8873
0.7,0.4828,0.5714,0.7944
0.55,0.44,0.4889,0.7699
0.7,0.56,0.6222,0.8335
0.65,0.5417,0.5909,0.8205
0.9,0.5455,0.6792,0.9125
0.85,0.6071,0.7083,0.9015
0.75,0.5357,0.625,0.811
0.8,0.6154,0.6957,0.882
0.5714,0.5217,0.5455,0.8027
0.7143,0.5556,0.625,0.8348
0.8,0.6154,0.6957,0.8429
0.65,0.5,0.5652,0.7776
0.65,0.6842,0.6667,0.8475
0.65,0.5,0.5652,0.8555
0.65,0.5417,0.5909,0.8545
0.8,0.5333,0.64,0.8635
0.75,0.5,0.6,0.803
0.8,0.5517,0.6531,0.839
0.619,0.6842,0.65,0.9028
0.8571,0.5143,0.6429,0.8824
0.75,0.5357,0.625,0.8311
0.55,0.5,0.5238,0.7551
0.8095,0.5152,0.6296,0.8236
0.7143,0.5,0.5882,0.8343
0.5,0.625,0.5556,0.799
0.85,0.6538,0.7391,0.9225
0.8,0.4444,0.5714,0.787
0.8,0.6667,0.7273,0.8705
0.55,0.6111,0.5789,0.817
0.75,0.625,0.6818,0.844
0.75,0.5172,0.6122,0.7913
0.8,0.6154,0.6957,0.8597
0.75,0.5556,0.6383,0.852
0.7,0.4667,0.56,0.801
0.85,0.6296,0.7234,0.9065
0.7,0.4828,0.5714,0.754
0.7,0.5833,0.6364,0.863
0.8,0.5517,0.6531,0.848
0.7143,0.6,0.6522,0.8474
0.7619,0.6957,0.7273,0.9329
0.85,0.5862,0.6939,0.8893
0.7,0.4375,0.5385,0.7745
0.8095,0.5152,0.6296,0.8571
0.619,0.4643,0.5306,0.7765
0.55,0.4783,0.5116,0.796
0.75,0.5357,0.625,0.819
0.85,0.5667,0.68,0.877
0.75,0.5769,0.6522,0.8445
0.5,0.5263,0.5128,0.7595
0.9,0.5806,0.7059,0.902
0.85,0.6071,0.7083,0.9056
0.85,0.6296,0.7234,0.8796
0.8571,0.6207,0.72,0.8537
0.7619,0.6154,0.6809,0.8639
0.8,0.64,0.7111,0.8415
0.8,0.5517,0.6531,0.8435
0.9,0.6429,0.75,0.958
0.7,0.6667,0.6829,0.8625
0.5,0.4348,0.4651,0.6865
0.7,0.5833,0.6364,0.8035
0.8,0.5517,0.6531,0.8199
0.85,0.6296,0.7234,0.8643
0.55,0.4783,0.5116,0.7135
0.95,0.5938,0.7308,0.9625
0.7,0.5385,0.6087,0.8035
0.6,0.5,0.5455,0.8325
0.7,0.5185,0.5957,0.798
0.7,0.6087,0.6512,0.849
0.8571,0.6207,0.72,0.897
0.6667,0.7,0.6829,0.8975
0.7,0.5185,0.5957,0.802
0.8,0.5161,0.6275,0.8658
0.619,0.52,0.5652,0.7954
0.7143,0.5172,0.6,0.8129
0.7,0.5185,0.5957,0.783
0.65,0.6842,0.6667,0.818
0.65,0.5417,0.5909,0.7825
0.85,0.5313,0.6538,0.887
0.7,0.5833,0.6364,0.8125
0.85,0.7083,0.7727,0.9265
0.7,0.5185,0.5957,0.8128
0.75,0.5769,0.6522,0.8781
0.65,0.5417,0.5909,0.81
0.95,0.5135,0.6667,0.872
0.75,0.5556,0.6383,0.812
0.75,0.5357,0.625,0.8695
0.6,0.6,0.6,0.8315
0.75,0.5357,0.625,0.856
0.619,0.65,0.6341,0.7779
0.6667,0.5,0.5714,0.7896
0.9,0.5806,0.7059,0.9066
0.55,0.5789,0.5641,0.8571
0.7143,0.6,0.6522,0.8732
0.7143,0.5357,0.6122,0.8649
0.75,0.625,0.6818,0.911
0.85,0.4857,0.6182,0.8355
0.45,0.45,0.45,0.788
0.6,0.5217,0.5581,0.7255
0.85,0.5862,0.6939,0.866
0.7,0.5385,0.6087,0.771
0.95,0.5758,0.717,0.925
0.7,0.6364,0.6667,0.8857
0.6667,0.5833,0.6222,0.8858
0.7143,0.4545,0.5556,0.776
0.75,0.5357,0.625,0.8535
0.7,0.5385,0.6087,0.8035
0.8,0.4706,0.5926,0.815
0.65,0.5417,0.5909,0.809
0.75,0.4839,0.5882,0.809
0.8,0.7273,0.7619,0.914
0.75,0.4688,0.5769,0.8194
0.85,0.7083,0.7727,0.9071
0.85,0.5152,0.6415,0.8055
0.8,0.5161,0.6275,0.886
0.8,0.6957,0.7442,0.8835
0.6,0.5,0.5455,0.778
0.75,0.5769,0.6522,0.849
0.75,0.6,0.6667,0.8305
0.5238,0.4583,0.4889,0.7804
0.8095,0.5484,0.6538,0.8761
0.75,0.6,0.6667,0.876
0.65,0.4643,0.5417,0.7418
0.7,0.5,0.5833,0.8185
0.85,0.5862,0.6939,0.899
0.45,0.5,0.4737,0.7635
0.6,0.48,0.5333,0.828
0.65,0.4643,0.5417,0.7945
0.7,0.4828,0.5714,0.836
0.8571,0.6429,0.7347,0.8654
0.8095,0.5862,0.68,0.8513
0.8,0.6667,0.7273,0.9046
0.7,0.5833,0.6364,0.8561
0.8095,0.6296,0.7083,0.8751
0.8095,0.6296,0.7083,0.8421
0.7,0.4828,0.5714,0.805
0.75,0.5556,0.6383,0.8605
0.45,0.4091,0.4286,0.7245
0.7,0.5,0.5833,0.7625
0.8,0.64,0.7111,0.9485
0.75,0.5556,0.6383,0.8685
0.7,0.6364,0.6667,0.8577
0.75,0.5357,0.625,0.7959
0.95,0.5429,0.6909,0.8375
0.7,0.4516,0.549,0.7655
0.7,0.5,0.5833,0.7935
0.85,0.6296,0.7234,0.911
0.9,0.5806,0.7059,0.9055
0.5,0.4348,0.4651,0.762
0.8571,0.6429,0.7347,0.8771
0.7619,0.7273,0.7442,0.9086
0.55,0.5,0.5238,0.7648
0.8,0.64,0.7111,0.851
0.95,0.6129,0.7451,0.939
0.7,0.4828,0.5714,0.7865
0.85,0.5862,0.6939,0.9175
0.7,0.6087,0.6512,0.8365
0.65,0.6842,0.6667,0.883
0.85,0.6538,0.7391,0.9205
0.7143,0.5357,0.6122,0.8188
0.7143,0.6,0.6522,0.829
0.6,0.5,0.5455,0.7342
0.85,0.5152,0.6415,0.8449
0.75,0.5556,0.6383,0.853
0.7,0.4242,0.5283,0.739
0.7,0.6087,0.6512,0.8525
0.75,0.4839,0.5882,0.8515
0.75,0.625,0.6818,0.867
0.65,0.52,0.5778,0.833
0.7619,0.6667,0.7111,0.8722
0.8095,0.5667,0.6667,0.8484
0.75,0.5172,0.6122,0.8439
0.65,0.52,0.5778,0.8112
0.7,0.5185,0.5957,0.7755
0.6,0.6,0.6,0.809
0.8,0.64,0.7111,0.8855
0.85,0.5862,0.6939,0.9105
0.75,0.5556,0.6383,0.814
0.6,0.5217,0.5581,0.7875
0.8095,0.5862,0.68,0.8615
0.9048,0.5938,0.717,0.8795
0.8,0.5,0.6154,0.8383
0.75,0.625,0.6818,0.8663
0.6667,0.4828,0.56,0.7546
0.6667,0.6667,0.6667,0.8591
0.45,0.45,0.45,0.693
0.9,0.6667,0.766,0.9405
0.7,0.4667,0.56,0.787
0.75,0.5556,0.6383,0.853
0.75,0.6522,0.6977,0.8485
0.85,0.7083,0.7727,0.889
0.55,0.5,0.5238,0.7622
0.85,0.5667,0.68,0.8974
0.7143,0.625,0.6667,0.8814
0.8095,0.6071,0.6939,0.8878
0.7,0.6667,0.6829,0.897
0.7,0.4118,0.5185,0.679
0.75,0.5,0.6,0.7625
0.85,0.5484,0.6667,0.882
0.7,0.56,0.6222,0.8655
0.9,0.6,0.72,0.8735
0.6,0.5455,0.5714,0.773
0.8,0.6667,0.7273,0.902
0.55,0.3929,0.4583,0.7545
0.6,0.5455,0.5714,0.8515
0.8,0.7273,0.7619,0.899
0.75,0.5357,0.625,0.8015
0.8,0.5926,0.6809,0.873
0.75,0.5357,0.625,0.826
0.8571,0.6429,0.7347,0.8649
0.7143,0.5556,0.625,0.8542
0.75,0.5357,0.625,0.8128
0.7,0.5385,0.6087,0.8607
0.7619,0.5714,0.6531,0.8338
0.6667,0.6667,0.6667,0.7672
0.65,0.5909,0.619,0.8715
0.75,0.6522,0.6977,0.8845
0.8,0.6154,0.6957,0.8835
0.75,0.4412,0.5556,0.766
0.85,0.5862,0.6939,0.8695
0.7,0.5833,0.6364,0.8575
0.7,0.5833,0.6364,0.8602
0.6,0.4615,0.5217,0.7908
0.6,0.5,0.5455,0.822
0.95,0.475,0.6333,0.9135
0.8,0.5926,0.6809,0.9255
0.75,0.4286,0.5455,0.783
0.6,0.4286,0.5,0.787
0.75,0.7895,0.7692,0.8925
0.7143,0.5357,0.6122,0.8411
0.7619,0.7619,0.7619,0.8946
0.8,0.5714,0.6667,0.826
0.55,0.4583,0.5,0.7092
0.6667,0.4516,0.5385,0.7464
0.6667,0.6667,0.6667,0.8309
0.95,0.5588,0.7037,0.9265
0.7,0.56,0.6222,0.8255
0.65,0.52,0.5778,0.79
0.8,0.5161,0.6275,0.8635
0.75,0.5357,0.625,0.8725
0.75,0.6522,0.6977,0.8935
0.6,0.6,0.6,0.7316
0.85,0.6538,0.7391,0.8872
0.9,0.4865,0.6316,0.8675
0.5,0.4348,0.4651,0.7265
0.7,0.6087,0.6512,0.8565
0.65,0.619,0.6341,0.8445
0.8,0.64,0.7111,0.8965
0.75,0.5357,0.625,0.8385
0.7619,0.7273,0.7442,0.8902
0.6667,0.56,0.6087,0.8095
0.8,0.5333,0.64,0.8189
0.8,0.5333,0.64,0.8643
0.7,0.6087,0.6512,0.8475
0.8,0.5714,0.6667,0.869
0.6,0.4615,0.5217,0.7875
0.6,0.5455,0.5714,0.805
0.6,0.5,0.5455,0.796
0.75,0.6,0.6667,0.7815
0.7619,0.6154,0.6809,0.8625
0.9048,0.6333,0.7451,0.8897
0.75,0.4545,0.566,0.8245
0.8,0.6154,0.6957,0.9179
0.65,0.5652,0.6047,0.853
0.7,0.5833,0.6364,0.818
0.85,0.6071,0.7083,0.8825
0.75,0.5357,0.625,0.877
0.85,0.5667,0.68,0.833
0.75,0.5769,0.6522,0.885
0.5714,0.5217,0.5455,0.8017
0.5714,0.5714,0.5714,0.8154
0.9,0.5625,0.6923,0.8694
0.7,0.5833,0.6364,0.827
RUSMaxBag
0.9048,0.6129,0.7308,0.9023
0.5714,0.4615,0.5106,0.6429
0.7,0.6667,0.6829,0.873
0.75,0.625,0.6818,0.914
0.8,0.4706,0.5926,0.812
0.7,0.5,0.5833,0.8425
0.6,0.5714,0.5854,0.828
0.55,0.5,0.5238,0.743
0.7,0.5385,0.6087,0.7903
0.85,0.68,0.7556,0.9214
0.6,0.48,0.5333,0.799
0.6,0.5714,0.5854,0.834
0.6,0.6667,0.6316,0.8395
0.9,0.5455,0.6792,0.8865
0.45,0.5625,0.5,0.725
0.65,0.5909,0.619,0.8745
0.6667,0.4828,0.56,0.7245
0.9048,0.8261,0.8636,0.9475
0.9,0.6429,0.75,0.9056
0.7,0.4828,0.5714,0.748
0.85,0.6296,0.7234,0.8885
0.65,0.52,0.5778,0.8195
0.55,0.6471,0.5946,0.788
0.8,0.5517,0.6531,0.8255
0.65,0.5909,0.619,0.847
0.75,0.625,0.6818,0.877
0.7619,0.6957,0.7273,0.8319
0.6667,0.5185,0.5833,0.7444
0.8,0.5517,0.6531,0.8602
0.75,0.6522,0.6977,0.8577
0.7143,0.6818,0.6977,0.8819
0.9048,0.6333,0.7451,0.9072
0.75,0.7143,0.7317,0.887
0.75,0.5556,0.6383,0.856
0.6,0.4444,0.5106,0.7125
0.45,0.5294,0.4865,0.774
0.7,0.5833,0.6364,0.8555
0.85,0.7391,0.7907,0.885
0.65,0.4815,0.5532,0.7684
0.6,0.4615,0.5217,0.8041
0.55,0.5789,0.5641,0.808
0.7,0.4828,0.5714,0.7655
0.8,0.6154,0.6957,0.8385
0.8,0.6667,0.7273,0.894
0.65,0.5417,0.5909,0.7895
0.6,0.5217,0.5581,0.8095
0.7143,0.5556,0.625,0.8469
0.619,0.5417,0.5778,0.8013
0.8,0.64,0.7111,0.9107
0.85,0.5152,0.6415,0.8643
0.7,0.5385,0.6087,0.7775
0.75,0.5172,0.6122,0.8065
0.8,0.5714,0.6667,0.8315
0.7,0.6087,0.6512,0.861
0.55,0.55,0.55,0.762
0.65,0.619,0.6341,0.9025
0.8095,0.7727,0.7907,0.9276
0.7619,0.5,0.6038,0.81
0.85,0.5152,0.6415,0.8102
0.75,0.5769,0.6522,0.8612
0.65,0.4483,0.5306,0.755
0.7,0.5833,0.6364,0.825
0.9,0.72,0.8,0.93
0.7,0.5833,0.6364,0.8185
0.65,0.4483,0.5306,0.7415
0.7,0.4667,0.56,0.825
0.7143,0.625,0.6667,0.7886
0.7143,0.6,0.6522,0.8168
0.8,0.64,0.7111,0.8847
0.85,0.6538,0.7391,0.8995
0.6667,0.5185,0.5833,0.759
0.8571,0.6429,0.7347,0.914
0.65,0.52,0.5778,0.8025
0.65,0.52,0.5778,0.7675
0.75,0.5172,0.6122,0.8775
0.65,0.65,0.65,0.8495
0.65,0.5652,0.6047,0.827
0.55,0.55,0.55,0.7835
0.7,0.6667,0.6829,0.8449
0.65,0.5652,0.6047,0.8031
0.85,0.68,0.7556,0.926
0.6,0.5217,0.5581,0.8035
0.7,0.5,0.5833,0.8195
0.8,0.5517,0.6531,0.8665
0.55,0.5238,0.5366,0.7345
0.8,0.6667,0.7273,0.916
0.7619,0.5714,0.6531,0.8649
0.4762,0.6667,0.5556,0.8129
0.85,0.68,0.7556,0.9168
0.7,0.56,0.6222,0.7934
0.6,0.5455,0.5714,0.7985
0.5,0.5882,0.5405,0.8205
0.85,0.4857,0.6182,0.8665
0.8,0.6957,0.7442,0.9315
0.75,0.7143,0.7317,0.8455
0.5,0.5263,0.5128,0.7485
0.7619,0.5517,0.64,0.8314
0.7619,0.5714,0.6531,0.8324
0.8,0.6154,0.6957,0.8847
0.7,0.5385,0.6087,0.8026
0.7143,0.6,0.6522,0.8508
0.8571,0.5806,0.6923,0.8639
0.75,0.5769,0.6522,0.844
0.8,0.64,0.7111,0.9165
0.65,0.7647,0.7027,0.863
0.6,0.5217,0.5581,0.7885
0.65,0.52,0.5778,0.7885
0.7,0.5385,0.6087,0.807
0.65,0.5652,0.6047,0.7633
0.65,0.619,0.6341,0.8316
0.75,0.6522,0.6977,0.837
0.75,0.6,0.6667,0.8485
0.8,0.4848,0.6038,0.871
0.7,0.6667,0.6829,0.8365
0.65,0.52,0.5778,0.837
0.4,0.4211,0.4103,0.682
0.7619,0.6154,0.6809,0.8533
0.7619,0.64,0.6957,0.8669
0.65,0.5909,0.619,0.8337
0.6,0.5217,0.5581,0.8005
0.7,0.5,0.5833,0.8215
0.75,0.6,0.6667,0.8805
0.7,0.4828,0.5714,0.791
0.65,0.65,0.65,0.8715
0.4,0.5714,0.4706,0.773
0.8,0.5333,0.64,0.8525
0.8095,0.6071,0.6939,0.8819
0.7143,0.6522,0.6818,0.8586
0.8,0.5333,0.64,0.8367
0.55,0.4783,0.5116,0.7291
0.619,0.52,0.5652,0.7945
0.6667,0.5833,0.6222,0.7983
0.75,0.5769,0.6522,0.91
0.55,0.5238,0.5366,0.7765
0.55,0.6471,0.5946,0.883
0.6,0.48,0.5333,0.7635
0.65,0.5909,0.619,0.818
0.65,0.8125,0.7222,0.8205
0.8,0.5333,0.64,0.8316
0.8,0.5517,0.6531,0.8587
0.9,0.7826,0.8372,0.9345
0.75,0.6,0.6667,0.862
0.8,0.6957,0.7442,0.902
0.85,0.6538,0.7391,0.9155
0.65,0.4333,0.52,0.7715
0.45,0.375,0.4091,0.6725
0.5714,0.6,0.5854,0.7799
0.6667,0.4828,0.56,0.8047
0.85,0.6296,0.7234,0.926
0.65,0.5909,0.619,0.8219
0.7619,0.5926,0.6667,0.8479
0.6667,0.7778,0.7179,0.8542
0.6,0.5714,0.5854,0.7955
0.65,0.52,0.5778,0.7585
0.55,0.5,0.5238,0.7905
0.8,0.5714,0.6667,0.8425
0.7,0.56,0.6222,0.836
0.9,0.6207,0.7347,0.9035
0.65,0.5909,0.619,0.8607
0.6,0.4444,0.5106,0.7245
0.8,0.6154,0.6957,0.903
0.75,0.6522,0.6977,0.8065
0.85,0.4857,0.6182,0.869
0.75,0.5357,0.625,0.823
0.7,0.6087,0.6512,0.8555
0.6,0.5714,0.5854,0.748
0.5714,0.5714,0.5714,0.7561
0.6667,0.6364,0.6512,0.8154
0.75,0.6,0.6667,0.8265
0.6,0.4444,0.5106,0.8097
0.7619,0.6667,0.7111,0.8805
0.7619,0.5714,0.6531,0.8601
0.8,0.5926,0.6809,0.8985
0.7,0.4516,0.549,0.8055
0.75,0.625,0.6818,0.8005
0.7,0.56,0.6222,0.829
0.55,0.5,0.5238,0.7395
0.8,0.6154,0.6957,0.8555
0.7,0.5833,0.6364,0.8719
0.75,0.5,0.6,0.7694
0.6667,0.6667,0.6667,0.9159
0.7619,0.64,0.6957,0.8411
0.75,0.5556,0.6383,0.843
0.6,0.4615,0.5217,0.769
0.6,0.48,0.5333,0.7265
0.75,0.5,0.6,0.792
0.7,0.7368,0.7179,0.85
0.75,0.625,0.6818,0.879
0.75,0.5769,0.6522,0.8648
0.7,0.6087,0.6512,0.8561
0.619,0.5909,0.6047,0.8591
0.8571,0.6667,0.75,0.879
0.65,0.5909,0.619,0.826
0.75,0.5769,0.6522,0.909
0.5,0.5263,0.5128,0.718
0.6,0.5,0.5455,0.7905
0.75,0.625,0.6818,0.8905
0.85,0.6538,0.7391,0.91
0.6,0.5217,0.5581,0.7755
0.7,0.5385,0.6087,0.8082
0.75,0.6522,0.6977,0.8875
0.8,0.5926,0.6809,0.855
0.7,0.5185,0.5957,0.8165
0.55,0.5789,0.5641,0.8285
0.7,0.6087,0.6512,0.8325
0.8,0.5517,0.6531,0.867
0.5714,0.5455,0.5581,0.7634
0.619,0.5909,0.6047,0.7279
0.85,0.68,0.7556,0.9128
0.7,0.6087,0.6512,0.8781
0.8095,0.6296,0.7083,0.8673
0.7143,0.625,0.6667,0.8489
0.7,0.5,0.5833,0.7775
0.8,0.6957,0.7442,0.911
0.6,0.5,0.5455,0.772
0.75,0.6522,0.6977,0.8585
0.75,0.7143,0.7317,0.9235
0.6,0.5455,0.5714,0.781
0.75,0.6,0.6667,0.8429
0.7,0.5,0.5833,0.7883
0.65,0.5417,0.5909,0.791
0.65,0.5652,0.6047,0.8475
0.7,0.5833,0.6364,0.7575
0.75,0.5556,0.6383,0.8435
0.75,0.6,0.6667,0.803
0.65,0.619,0.6341,0.8395
0.619,0.5417,0.5778,0.8348
0.7619,0.6957,0.7273,0.8839
0.6,0.4615,0.5217,0.7403
0.75,0.6,0.6667,0.852
0.6,0.5714,0.5854,0.837
0.55,0.5,0.5238,0.7105
0.75,0.5,0.6,0.845
0.9,0.6429,0.75,0.9125
0.75,0.5769,0.6522,0.793
0.75,0.5556,0.6383,0.808
0.7143,0.6522,0.6818,0.88
0.7619,0.6957,0.7273,0.9101
0.7,0.5,0.5833,0.8179
0.6,0.6316,0.6154,0.8255
0.75,0.5769,0.6522,0.8535
0.55,0.5,0.5238,0.7575
0.65,0.5909,0.619,0.8795
0.65,0.4815,0.5532,0.7905
0.7,0.7368,0.7179,0.8375
0.65,0.4333,0.52,0.757
0.8571,0.6,0.7059,0.8771
0.8571,0.7826,0.8182,0.9135
0.7,0.4667,0.56,0.7571
0.6,0.4615,0.5217,0.7918
0.7,0.5385,0.6087,0.8045
0.9,0.6923,0.7826,0.9175
0.55,0.6875,0.6111,0.8305
0.65,0.52,0.5778,0.781
0.65,0.5652,0.6047,0.8135
0.75,0.4688,0.5769,0.7775
0.9048,0.6786,0.7755,0.9232
0.7619,0.6154,0.6809,0.8581
0.75,0.7143,0.7317,0.9061
0.75,0.7143,0.7317,0.876
0.6,0.6316,0.6154,0.797
0.9,0.6667,0.766,0.933
0.7,0.5385,0.6087,0.78
0.75,0.5357,0.625,0.845
0.75,0.5357,0.625,0.827
0.8,0.5,0.6154,0.814
0.8095,0.6538,0.7234,0.915
0.5238,0.5238,0.5238,0.7809
0.65,0.7222,0.6842,0.8204
0.9,0.6207,0.7347,0.8903
0.65,0.65,0.65,0.876
0.65,0.65,0.65,0.9105
0.75,0.5172,0.6122,0.8545
0.65,0.5417,0.5909,0.778
0.7,0.56,0.6222,0.8645
0.7,0.5833,0.6364,0.809
0.7619,0.5926,0.6667,0.8741
0.7619,0.7619,0.7619,0.8805
0.65,0.5417,0.5909,0.8051
0.85,0.5667,0.68,0.8566
0.5714,0.6667,0.6154,0.8445
0.7143,0.625,0.6667,0.8644
0.65,0.4643,0.5417,0.8175
0.75,0.6522,0.6977,0.843
0.65,0.5909,0.619,0.8525
0.8,0.5714,0.6667,0.8865
0.75,0.4286,0.5455,0.751
0.7,0.5833,0.6364,0.873
0.75,0.625,0.6818,0.8796
0.7,0.6087,0.6512,0.824
0.65,0.5652,0.6047,0.805
0.75,0.6522,0.6977,0.8535
0.75,0.6,0.6667,0.8265
0.7,0.5385,0.6087,0.8315
0.6,0.6667,0.6316,0.7905
0.75,0.5172,0.6122,0.8225
0.7143,0.6,0.6522,0.8275
0.7143,0.5769,0.6383,0.8056
0.65,0.65,0.65,0.8587
0.85,0.7083,0.7727,0.9046
0.7143,0.6,0.6522,0.8168
0.7143,0.6522,0.6818,0.8333
0.65,0.619,0.6341,0.844
0.85,0.6538,0.7391,0.8905
0.6,0.5714,0.5854,0.8115
0.7,0.4375,0.5385,0.8245
0.7,0.6087,0.6512,0.8375
0.85,0.6538,0.7391,0.911
0.6,0.5,0.5455,0.7974
0.6,0.4444,0.5106,0.7699
0.75,0.5769,0.6522,0.8735
0.75,0.4688,0.5769,0.788
0.45,0.3913,0.4186,0.6485
0.6,0.7059,0.6486,0.8825
0.75,0.6,0.6667,0.872
0.7,0.5,0.5833,0.82
0.619,0.5417,0.5778,0.8217
0.9048,0.7308,0.8085,0.949
0.8,0.7273,0.7619,0.9122
0.75,0.5357,0.625,0.8128
0.7,0.5185,0.5957,0.7855
0.65,0.5652,0.6047,0.839
0.8,0.6667,0.7273,0.8945
0.55,0.5238,0.5366,0.778
0.7,0.5833,0.6364,0.8155
0.45,0.5625,0.5,0.7225
0.7619,0.5926,0.6667,0.8848
0.7619,0.6154,0.6809,0.8489
0.7,0.5833,0.6364,0.852
0.8,0.7619,0.7805,0.9199
0.6667,0.5833,0.6222,0.7809
0.5714,0.5455,0.5581,0.7979
0.8,0.64,0.7111,0.876
0.65,0.5417,0.5909,0.824
0.8,0.64,0.7111,0.8615
0.85,0.7391,0.7907,0.931
0.65,0.5417,0.5909,0.877
0.65,0.5909,0.619,0.817
0.55,0.5238,0.5366,0.8031
0.7,0.56,0.6222,0.8296
0.75,0.6522,0.6977,0.8095
0.75,0.6522,0.6977,0.876
0.8,0.6154,0.6957,0.9
0.7,0.5,0.5833,0.773
0.65,0.6842,0.6667,0.8715
0.7,0.5833,0.6364,0.8165
0.6667,0.56,0.6087,0.8246
0.6667,0.6364,0.6512,0.8533
0.75,0.7143,0.7317,0.8352
0.85,0.5667,0.68,0.8883
0.5714,0.6,0.5854,0.7974
0.6667,0.4828,0.56,0.8207
0.7,0.5833,0.6364,0.8455
0.65,0.5652,0.6047,0.822
0.75,0.5769,0.6522,0.866
0.7,0.4828,0.5714,0.818
0.85,0.5667,0.68,0.8575
0.65,0.4483,0.5306,0.7405
0.8,0.64,0.7111,0.8862
0.55,0.6111,0.5789,0.7929
0.7,0.6364,0.6667,0.8415
0.85,0.6296,0.7234,0.8565
0.9,0.75,0.8182,0.933
0.65,0.619,0.6341,0.838
0.65,0.5652,0.6047,0.782
0.8,0.5161,0.6275,0.8545
0.7619,0.5714,0.6531,0.8431
0.7619,0.5333,0.6275,0.827
0.7,0.8235,0.7568,0.8423
0.55,0.4583,0.5,0.7403
0.65,0.52,0.5778,0.7455
0.8,0.5333,0.64,0.8665
0.9,0.6,0.72,0.8625
0.7,0.7,0.7,0.8565
0.8,0.5333,0.64,0.8215
0.9,0.6207,0.7347,0.8555
0.6667,0.56,0.6087,0.8003
0.5714,0.5217,0.5455,0.76
0.8,0.6667,0.7273,0.9204
0.65,0.5652,0.6047,0.7949
0.8095,0.6296,0.7083,0.897
0.7143,0.5556,0.625,0.7915
0.7,0.56,0.6222,0.8315
0.6,0.6,0.6,0.8305
0.65,0.5652,0.6047,0.8305
0.7,0.5833,0.6364,0.8845
0.8,0.5714,0.6667,0.8495
0.75,0.625,0.6818,0.8395
0.75,0.6818,0.7143,0.8699
0.7,0.6364,0.6667,0.824
0.7143,0.5172,0.6,0.7954
0.5238,0.4783,0.5,0.7143
0.7,0.6667,0.6829,0.901
0.85,0.5862,0.6939,0.892
0.75,0.5172,0.6122,0.8665
0.95,0.8636,0.9048,0.971
0.7,0.4375,0.5385,0.8015
0.65,0.5652,0.6047,0.7735
0.65,0.619,0.6341,0.8668
0.7,0.5833,0.6364,0.8311
0.9,0.8182,0.8571,0.958
0.8,0.5714,0.6667,0.851
0.65,0.5652,0.6047,0.8145
0.7,0.7368,0.7179,0.8465
0.7,0.6087,0.6512,0.865
0.75,0.6,0.6667,0.854
0.7143,0.5769,0.6383,0.8353
0.6667,0.5385,0.5957,0.8265
0.7,0.5385,0.6087,0.8036
0.5,0.5263,0.5128,0.7781
0.7619,0.6154,0.6809,0.863
0.7143,0.5769,0.6383,0.7847
0.65,0.5652,0.6047,0.8215
0.6,0.5,0.5455,0.794
0.55,0.55,0.55,0.783
0.8,0.5926,0.6809,0.8715
0.6,0.6316,0.6154,0.8325
0.8,0.5161,0.6275,0.836
0.8,0.8,0.8,0.9
0.75,0.5172,0.6122,0.8393
0.5,0.5882,0.5405,0.838
0.8,0.64,0.7111,0.887
0.8,0.5926,0.6809,0.8575
0.65,0.5909,0.619,0.809
0.8,0.5517,0.6531,0.805
0.6,0.5,0.5455,0.773
0.7143,0.5357,0.6122,0.7643
0.8095,0.6296,0.7083,0.9276
0.55,0.55,0.55,0.799
0.45,0.45,0.45,0.7133
0.7,0.5,0.5833,0.8095
0.7,0.56,0.6222,0.825
0.6,0.6667,0.6316,0.8405
0.55,0.4583,0.5,0.794
0.8,0.7619,0.7805,0.8525
0.7,0.5,0.5833,0.789
0.7619,0.64,0.6957,0.861
0.7143,0.6522,0.6818,0.8669
0.75,0.6,0.6667,0.8913
0.7,0.56,0.6222,0.8173
0.65,0.7222,0.6842,0.903
0.75,0.5,0.6,0.795
0.55,0.6471,0.5946,0.8635
0.55,0.44,0.4889,0.756
0.7,0.56,0.6222,0.8455
0.8,0.5926,0.6809,0.848
0.7619,0.6667,0.7111,0.8294
0.619,0.5909,0.6047,0.8139
0.8,0.64,0.7111,0.9
0.75,0.6,0.6667,0.8689
0.8095,0.5484,0.6538,0.8654
0.8095,0.5862,0.68,0.8314
0.6,0.6667,0.6316,0.8365
0.7,0.5385,0.6087,0.8275
0.65,0.5652,0.6047,0.789
0.6,0.5217,0.5581,0.799
0.55,0.4783,0.5116,0.7705
0.8,0.6154,0.6957,0.887
0.65,0.4483,0.5306,0.8071
0.85,0.68,0.7556,0.876
0.8095,0.6071,0.6939,0.8654
0.4762,0.4167,0.4444,0.7075
0.75,0.5357,0.625,0.836
0.75,0.6522,0.6977,0.8605
0.7,0.4516,0.549,0.7475
0.75,0.5556,0.6383,0.8745
0.65,0.6842,0.6667,0.85
0.65,0.5,0.5652,0.8015
0.85,0.7391,0.7907,0.9235
0.75,0.7143,0.7317,0.8918
0.619,0.5417,0.5778,0.7775
0.6667,0.5385,0.5957,0.8042
0.85,0.6538,0.7391,0.873
0.55,0.7333,0.6286,0.8135
0.6,0.48,0.5333,0.816
0.65,0.4815,0.5532,0.799
0.8,0.5926,0.6809,0.8925
0.7,0.5,0.5833,0.8205
0.8,0.7273,0.7619,0.9148
0.7,0.4667,0.56,0.774
0.4,0.381,0.3902,0.6515
0.75,0.5,0.6,0.817
0.75,0.6818,0.7143,0.859
0.65,0.65,0.65,0.8655
0.85,0.6071,0.7083,0.9335
0.65,0.5652,0.6047,0.8425
0.6667,0.6364,0.6512,0.8207
0.7619,0.6154,0.6809,0.8173
0.9,0.6207,0.7347,0.875
0.7,0.56,0.6222,0.8357
0.9,0.5806,0.7059,0.8975
0.65,0.52,0.5778,0.797
0.7,0.4828,0.5714,0.777
0.75,0.5357,0.625,0.7875
0.8,0.6154,0.6957,0.8755
0.65,0.5909,0.619,0.813
0.7619,0.5926,0.6667,0.8027
0.5714,0.6316,0.6,0.7896
0.75,0.7143,0.7317,0.8709
0.75,0.5769,0.6522,0.8571
0.619,0.5,0.5532,0.7284
0.7143,0.6818,0.6977,0.8581
0.75,0.7143,0.7317,0.919
0.75,0.6522,0.6977,0.86
0.7,0.7,0.7,0.887
0.65,0.5417,0.5909,0.7875
0.65,0.619,0.6341,0.866
0.7,0.5185,0.5957,0.7705
0.8,0.64,0.7111,0.8969
0.75,0.6522,0.6977,0.848
0.619,0.5417,0.5778,0.7901
0.7619,0.64,0.6957,0.845
0.6,0.5714,0.5854,0.8345
0.75,0.6522,0.6977,0.856
0.8,0.7619,0.7805,0.902
0.65,0.4815,0.5532,0.7875
0.65,0.52,0.5778,0.758
0.8,0.5333,0.64,0.8785
0.65,0.4815,0.5532,0.7689
0.6,0.48,0.5333,0.7796
0.4,0.4444,0.4211,0.744
0.7,0.4828,0.5714,0.8425
0.65,0.5417,0.5909,0.848
0.8,0.5333,0.64,0.8655
0.75,0.6818,0.7143,0.8605
0.8,0.5333,0.64,0.8445
0.9048,0.7308,0.8085,0.9456
0.4286,0.6,0.5,0.7464
0.6,0.48,0.5333,0.8051
0.9,0.6207,0.7347,0.9092
0.5238,0.4783,0.5,0.7157
0.8095,0.6071,0.6939,0.8596
0.65,0.4815,0.5532,0.8195
0.65,0.5,0.5652,0.745
0.7,0.5833,0.6364,0.84
0.75,0.5357,0.625,0.8405
0.7,0.5385,0.6087,0.827
0.75,0.75,0.75,0.911
0.7,0.7,0.7,0.8209
0.85,0.68,0.7556,0.8898
0.7143,0.6522,0.6818,0.845
0.7143,0.5,0.5882,0.776
0.65,0.65,0.65,0.853
0.8,0.7273,0.7619,0.893
0.8,0.6957,0.7442,0.9175
0.8,0.5517,0.6531,0.91
0.75,0.5769,0.6522,0.89
0.7,0.56,0.6222,0.803
0.7,0.5,0.5833,0.8265
0.5,0.5882,0.5405,0.827
0.65,0.52,0.5778,0.826
0.8,0.6154,0.6957,0.8835
0.75,0.8333,0.7895,0.884
0.75,0.6,0.6667,0.8715
0.5,0.4348,0.4651,0.731
0.85,0.6538,0.7391,0.8495
0.7143,0.5357,0.6122,0.81
0.6667,0.56,0.6087,0.8003
0.6,0.4286,0.5,0.7423
0.8,0.5926,0.6809,0.877
0.8095,0.5862,0.68,0.8605
0.5238,0.5,0.5116,0.7376
0.65,0.5,0.5652,0.778
0.7,0.6667,0.6829,0.8295
0.8,0.7619,0.7805,0.897
0.6,0.5217,0.5581,0.7815
0.8,0.5714,0.6667,0.8545
0.5,0.5263,0.5128,0.777
0.8,0.5,0.6154,0.8337
0.8,0.5926,0.6809,0.852
0.8,0.5926,0.6809,0.833
0.8,0.5714,0.6667,0.89
0.75,0.6818,0.7143,0.848
0.7,0.56,0.6222,0.879
0.5,0.5263,0.5128,0.76
0.7,0.5385,0.6087,0.828
0.619,0.65,0.6341,0.8479
0.619,0.5652,0.5909,0.7862
0.9,0.72,0.8,0.9383
0.9,0.5455,0.6792,0.8561
0.7619,0.5517,0.64,0.81
0.6667,0.6667,0.6667,0.8707
0.55,0.55,0.55,0.7715
0.8,0.6667,0.7273,0.9
0.8,0.64,0.7111,0.8705
0.6,0.5217,0.5581,0.8045
0.8,0.4848,0.6038,0.7985
0.5,0.5556,0.5263,0.7195
0.6,0.5217,0.5581,0.8372
0.95,0.6552,0.7755,0.9429
0.5714,0.5714,0.5714,0.8022
0.619,0.619,0.619,0.8562
0.6,0.6316,0.6154,0.844
0.75,0.5172,0.6122,0.7845
0.65,0.52,0.5778,0.829
0.8,0.5333,0.64,0.797
0.75,0.5769,0.6522,0.841
0.65,0.5909,0.619,0.8295
0.9,0.6429,0.75,0.9117
0.7,0.6364,0.6667,0.8668
0.75,0.5769,0.6522,0.8655
0.55,0.4783,0.5116,0.726
0.7,0.5185,0.5957,0.85
0.7,0.6667,0.6829,0.8655
0.8,0.6667,0.7273,0.897
0.65,0.4643,0.5417,0.776
0.8095,0.6296,0.7083,0.8537
0.7143,0.6,0.6522,0.8222
0.65,0.65,0.65,0.8653
0.6,0.6667,0.6316,0.8587
0.7,0.56,0.6222,0.8
0.85,0.5484,0.6667,0.863
0.85,0.5152,0.6415,0.8125
0.65,0.65,0.65,0.8655
0.5,0.3704,0.4255,0.6675
0.8,0.64,0.7111,0.8685
0.7143,0.5769,0.6383,0.8601
0.9048,0.7037,0.7917,0.9203
0.4,0.6154,0.4848,0.7658
0.65,0.5652,0.6047,0.8133
0.7619,0.5,0.6038,0.811
0.8571,0.6667,0.75,0.8746
0.9,0.72,0.8,0.9455
0.75,0.6522,0.6977,0.8725
0.85,0.5667,0.68,0.877
0.8,0.8,0.8,0.8635
0.6,0.5,0.5455,0.7405
0.35,0.3684,0.359,0.707
0.7,0.6667,0.6829,0.8342
0.7,0.5185,0.5957,0.8633
0.75,0.5357,0.625,0.84
0.55,0.5789,0.5641,0.752
0.75,0.5172,0.6122,0.8665
0.7,0.5185,0.5957,0.847
0.7,0.5833,0.6364,0.8345
0.7,0.5833,0.6364,0.845
0.9048,0.6129,0.7308,0.9057
0.619,0.4643,0.5306,0.8027
0.7,0.5833,0.6364,0.85
0.7,0.6364,0.6667,0.8383
0.6,0.4444,0.5106,0.7725
0.75,0.4839,0.5882,0.818
0.75,0.5357,0.625,0.797
0.75,0.6,0.6667,0.8405
0.85,0.6071,0.7083,0.8955
0.55,0.5238,0.5366,0.7905
0.8571,0.6207,0.72,0.8868
0.6667,0.7,0.6829,0.8722
0.7,0.5833,0.6364,0.8378
0.65,0.5909,0.619,0.8459
0.7,0.5385,0.6087,0.823
0.75,0.5357,0.625,0.8345
0.6,0.5217,0.5581,0.794
0.7,0.6087,0.6512,0.8015
0.7,0.56,0.6222,0.818
0.65,0.619,0.6341,0.8185
0.7143,0.5172,0.6,0.827
0.8571,0.6,0.7059,0.8533
0.7,0.5385,0.6087,0.8781
0.95,0.6129,0.7451,0.9077
0.6,0.6,0.6,0.771
0.5,0.5,0.5,0.6965
0.6,0.5217,0.5581,0.823
0.7,0.5833,0.6364,0.839
0.85,0.5484,0.6667,0.884
0.65,0.65,0.65,0.843
0.7143,0.6522,0.6818,0.8936
0.7143,0.5172,0.6,0.7881
0.75,0.625,0.6818,0.8684
0.8,0.4848,0.6038,0.8398
0.7143,0.5556,0.625,0.8037
0.7619,0.6667,0.7111,0.8654
0.85,0.7083,0.7727,0.9205
0.75,0.625,0.6818,0.8445
0.6,0.5714,0.5854,0.859
0.75,0.5357,0.625,0.8585
0.7,0.6364,0.6667,0.8495
0.65,0.52,0.5778,0.8435
0.75,0.5556,0.6383,0.8173
0.45,0.375,0.4091,0.6485
0.8,0.64,0.7111,0.897
0.85,0.5484,0.6667,0.896
0.75,0.6818,0.7143,0.837
0.55,0.4583,0.5,0.729
0.65,0.52,0.5778,0.8015
0.7,0.4667,0.56,0.8095
0.7143,0.625,0.6667,0.8552
0.7619,0.4848,0.5926,0.7809
0.75,0.5357,0.625,0.8224
0.75,0.625,0.6818,0.8362
0.619,0.52,0.5652,0.7449
0.7143,0.5556,0.625,0.7852
0.65,0.4815,0.5532,0.802
0.75,0.5769,0.6522,0.835
0.8,0.6667,0.7273,0.8725
0.7,0.56,0.6222,0.887
0.8,0.6667,0.7273,0.8825
0.65,0.4815,0.5532,0.764
0.6,0.6667,0.6316,0.8245
0.9,0.75,0.8182,0.9505
0.65,0.619,0.6341,0.83
0.85,0.5667,0.68,0.8515
0.75,0.5172,0.6122,0.8015
0.7,0.5833,0.6364,0.82
0.85,0.6071,0.7083,0.892
0.7,0.4828,0.5714,0.789
0.7143,0.6522,0.6818,0.8902
0.6667,0.6364,0.6512,0.8236
0.6,0.5,0.5455,0.7883
0.65,0.5417,0.5909,0.8423
0.65,0.5,0.5652,0.799
0.65,0.5909,0.619,0.8605
0.8,0.5517,0.6531,0.855
0.7,0.5185,0.5957,0.8195
0.75,0.7143,0.7317,0.9245
0.65,0.5417,0.5909,0.757
0.7143,0.5556,0.625,0.7959
0.7619,0.5714,0.6531,0.8042
0.55,0.6111,0.5789,0.7811
0.65,0.5909,0.619,0.8439
0.75,0.4839,0.5882,0.856
0.45,0.6429,0.5294,0.858
0.75,0.5556,0.6383,0.833
0.6,0.6667,0.6316,0.8435
0.8,0.64,0.7111,0.8875
1.0,0.5714,0.7273,0.8435
0.6667,0.56,0.6087,0.8494
0.7619,0.6154,0.6809,0.878
0.7,0.5,0.5833,0.8
0.55,0.5,0.5238,0.7546
0.6,0.48,0.5333,0.8245
0.6,0.5455,0.5714,0.824
0.8,0.5161,0.6275,0.896
0.75,0.6,0.6667,0.9015
0.7,0.5185,0.5957,0.8275
0.8,0.64,0.7111,0.8605
0.6667,0.6087,0.6364,0.8061
0.7143,0.5769,0.6383,0.8348
0.75,0.5769,0.6522,0.873
0.65,0.5417,0.5909,0.7857
0.65,0.7222,0.6842,0.8235
0.6,0.5217,0.5581,0.835
0.65,0.5652,0.6047,0.834
0.8,0.5714,0.6667,0.8665
0.8,0.5714,0.6667,0.8055
0.8,0.5714,0.6667,0.838
0.619,0.6842,0.65,0.8858
0.8571,0.6207,0.72,0.8737
0.8,0.5926,0.6809,0.8327
0.45,0.45,0.45,0.7418
0.8095,0.5484,0.6538,0.8217
0.619,0.5417,0.5778,0.8105
0.55,0.5789,0.5641,0.7755
0.8,0.64,0.7111,0.9095
0.8,0.4848,0.6038,0.765
0.8,0.7273,0.7619,0.8645
0.6,0.6667,0.6316,0.8075
0.75,0.6522,0.6977,0.8585
0.65,0.4815,0.5532,0.8
0.8,0.6667,0.7273,0.8526
0.75,0.6522,0.6977,0.8445
0.7,0.5185,0.5957,0.7965
0.85,0.7083,0.7727,0.8915
0.65,0.4643,0.5417,0.755
0.7,0.6667,0.6829,0.8515
0.7,0.56,0.6222,0.858
0.7143,0.6522,0.6818,0.8596
0.8095,0.7083,0.7556,0.9257
0.8,0.5926,0.6809,0.8633
0.7,0.4375,0.5385,0.7577
0.7619,0.64,0.6957,0.8484
0.6667,0.5,0.5714,0.7877
0.6,0.5455,0.5714,0.751
0.75,0.5769,0.6522,0.81
0.85,0.6071,0.7083,0.8835
0.7,0.56,0.6222,0.859
0.45,0.45,0.45,0.7505
0.85,0.5667,0.68,0.908
0.95,0.6786,0.7917,0.8985
0.85,0.7083,0.7727,0.8776
0.7143,0.6,0.6522,0.8596
0.7143,0.6,0.6522,0.8601
0.8,0.6667,0.7273,0.846
0.7,0.56,0.6222,0.85
0.9,0.75,0.8182,0.947
0.7,0.6364,0.6667,0.86
0.5,0.4348,0.4651,0.7265
0.7,0.5385,0.6087,0.7675
0.75,0.5769,0.6522,0.8179
0.8,0.6667,0.7273,0.8663
0.5,0.4762,0.4878,0.719
0.95,0.6552,0.7755,0.952
0.65,0.5417,0.5909,0.813
0.65,0.5417,0.5909,0.814
0.7,0.5385,0.6087,0.804
0.7,0.6667,0.6829,0.8425
0.8571,0.6667,0.75,0.8897
0.619,0.7647,0.6842,0.8873
0.65,0.5417,0.5909,0.777
0.8,0.5333,0.64,0.8735
0.5238,0.55,0.5366,0.7983
0.7143,0.5556,0.625,0.7974
0.75,0.5556,0.6383,0.784
0.65,0.7222,0.6842,0.806
0.65,0.5909,0.619,0.811
0.85,0.5862,0.6939,0.8805
0.7,0.6364,0.6667,0.796
0.85,0.7083,0.7727,0.9165
0.65,0.5909,0.619,0.799
0.75,0.6,0.6667,0.8561
0.65,0.5909,0.619,0.782
0.9,0.5,0.6429,0.864
0.7,0.5833,0.6364,0.809
0.75,0.6,0.6667,0.8545
0.6,0.6,0.6,0.8235
0.75,0.625,0.6818,0.8495
0.619,0.65,0.6341,0.7736
0.6667,0.5385,0.5957,0.7862
0.85,0.5862,0.6939,0.8811
0.55,0.6471,0.5946,0.8515
0.6667,0.5833,0.6222,0.8557
0.7143,0.6,0.6522,0.8635
0.8,0.7273,0.7619,0.915
0.75,0.5172,0.6122,0.83
0.45,0.5,0.4737,0.7635
0.55,0.4783,0.5116,0.72
0.85,0.5667,0.68,0.881
0.7,0.5185,0.5957,0.7645
0.9,0.5625,0.6923,0.9077
0.7,0.6364,0.6667,0.8628
0.619,0.65,0.6341,0.8916
0.619,0.4483,0.52,0.7493
0.75,0.5556,0.6383,0.834
0.6,0.48,0.5333,0.803
0.8,0.5,0.6154,0.8495
0.55,0.4783,0.5116,0.777
0.75,0.5357,0.625,0.8325
0.8,0.8889,0.8421,0.912
0.6,0.4444,0.5106,0.8153
0.75,0.7143,0.7317,0.9051
0.7,0.5,0.5833,0.7785
0.75,0.4839,0.5882,0.8565
0.75,0.6818,0.7143,0.8805
0.55,0.55,0.55,0.799
0.75,0.6,0.6667,0.8485
0.7,0.5833,0.6364,0.8235
0.5238,0.4783,0.5,0.7799
0.8571,0.6,0.7059,0.897
0.8,0.6667,0.7273,0.8776
0.5,0.4167,0.4545,0.7189
0.65,0.5652,0.6047,0.8435
0.8,0.5714,0.6667,0.8985
0.4,0.4706,0.4324,0.744
0.65,0.52,0.5778,0.8115
0.6,0.4444,0.5106,0.757
0.7,0.5,0.5833,0.839
0.8095,0.5862,0.68,0.8528
0.8095,0.5862,0.68,0.846
0.85,0.7727,0.8095,0.9168
0.65,0.619,0.6341,0.8444
0.8571,0.6667,0.75,0.8712
0.7619,0.6154,0.6809,0.8377
0.7,0.4828,0.5714,0.8105
0.65,0.52,0.5778,0.8285
0.45,0.4737,0.4615,0.7185
0.65,0.5,0.5652,0.761
0.8,0.7273,0.7619,0.938
0.75,0.5769,0.6522,0.8695
0.65,0.6842,0.6667,0.8281
0.55,0.55,0.55,0.7653
0.8,0.5333,0.64,0.8025
0.7,0.5,0.5833,0.771
0.65,0.5417,0.5909,0.797
0.85,0.6296,0.7234,0.909
0.8,0.5926,0.6809,0.906
0.45,0.4091,0.4286,0.7255
0.8571,0.6667,0.75,0.8902
0.7619,0.8,0.7805,0.9043
0.6,0.5455,0.5714,0.7582
0.75,0.625,0.6818,0.8597
0.85,0.6296,0.7234,0.918
0.7,0.5385,0.6087,0.7995
0.85,0.6538,0.7391,0.922
0.7,0.6364,0.6667,0.8185
0.65,0.7222,0.6842,0.878
0.7,0.6364,0.6667,0.906
0.7619,0.5926,0.6667,0.8192
0.7619,0.64,0.6957,0.8236
0.6,0.5455,0.5714,0.7316
0.75,0.5769,0.6522,0.8449
0.65,0.5652,0.6047,0.8435
0.6,0.4286,0.5,0.7295
0.65,0.65,0.65,0.853
0.7,0.5185,0.5957,0.8435
0.7,0.5833,0.6364,0.8715
0.7,0.56,0.6222,0.83
0.7143,0.625,0.6667,0.8499
0.8095,0.68,0.7391,0.8635
0.75,0.5,0.6,0.8332
0.75,0.5769,0.6522,0.8122
0.65,0.5417,0.5909,0.7625
0.55,0.55,0.55,0.779
0.75,0.6818,0.7143,0.889
0.85,0.6538,0.7391,0.906
0.6,0.5217,0.5581,0.81
0.45,0.45,0.45,0.738
0.7619,0.5714,0.6531,0.8294
0.8571,0.6,0.7059,0.9023
0.7,0.4667,0.56,0.8566
0.7,0.6087,0.6512,0.8673
0.619,0.5,0.5532,0.7648
0.6667,0.6667,0.6667,0.8717
0.4,0.5,0.4444,0.702
0.9,0.6429,0.75,0.936
0.75,0.5,0.6,0.781
0.75,0.625,0.6818,0.8445
0.75,0.6818,0.7143,0.84
0.8,0.6667,0.7273,0.8735
0.55,0.55,0.55,0.7719
0.85,0.5313,0.6538,0.8862
0.6667,0.6667,0.6667,0.88
0.8095,0.6296,0.7083,0.8848
0.65,0.6842,0.6667,0.8935
0.65,0.4194,0.5098,0.6585
0.75,0.4839,0.5882,0.756
0.8,0.4848,0.6038,0.874
0.75,0.6,0.6667,0.858
0.85,0.6071,0.7083,0.869
0.6,0.5455,0.5714,0.7592
0.8,0.6667,0.7273,0.9061
0.6,0.4444,0.5106,0.762
0.55,0.5238,0.5366,0.844
0.75,0.7143,0.7317,0.8995
0.65,0.5,0.5652,0.7785
0.7,0.6364,0.6667,0.8605
0.7,0.5833,0.6364,0.828
0.8095,0.6296,0.7083,0.8411
0.7619,0.6667,0.7111,0.8649
0.7,0.5833,0.6364,0.8046
0.7,0.5833,0.6364,0.8612
0.7619,0.64,0.6957,0.828
0.5714,0.6316,0.6,0.7459
0.5,0.5263,0.5128,0.8365
0.75,0.7143,0.7317,0.872
0.8,0.6667,0.7273,0.8745
0.75,0.5,0.6,0.7805
0.8,0.5714,0.6667,0.8485
0.7,0.5833,0.6364,0.863
0.65,0.5909,0.619,0.849
0.7,0.5385,0.6087,0.7944
0.55,0.5238,0.5366,0.811
0.9,0.5143,0.6545,0.8875
0.8,0.64,0.7111,0.917
0.75,0.5357,0.625,0.8005
0.6,0.5,0.5455,0.8085
0.75,0.7895,0.7692,0.8835
0.7143,0.5172,0.6,0.829
0.7619,0.7619,0.7619,0.9072
0.8,0.64,0.7111,0.8526
0.45,0.4737,0.4615,0.7306
0.619,0.4483,0.52,0.7532
0.6667,0.6364,0.6512,0.828
0.9,0.6,0.72,0.926
0.6,0.5,0.5455,0.8095
0.55,0.5238,0.5366,0.7915
0.75,0.5357,0.625,0.849
0.75,0.5556,0.6383,0.8925
0.8,0.6667,0.7273,0.876
0.55,0.55,0.55,0.7204
0.85,0.7083,0.7727,0.8704
0.85,0.5667,0.68,0.854
0.55,0.5,0.5238,0.7415
0.7,0.6667,0.6829,0.8465
0.6,0.6,0.6,0.837
0.75,0.7143,0.7317,0.8865
0.7,0.5185,0.5957,0.8255
0.7143,0.75,0.7317,0.9038
0.619,0.5,0.5532,0.792
0.75,0.4839,0.5882,0.8209
0.8,0.5714,0.6667,0.8719
0.65,0.6842,0.6667,0.8195
0.8,0.5926,0.6809,0.856
0.55,0.44,0.4889,0.787
0.55,0.5238,0.5366,0.7925
0.6,0.5217,0.5581,0.7885
0.65,0.619,0.6341,0.754
0.7619,0.64,0.6957,0.844
0.9048,0.6552,0.76,0.8926
0.75,0.5172,0.6122,0.8138
0.75,0.6522,0.6977,0.9138
0.6,0.6316,0.6154,0.8565
0.7,0.6364,0.6667,0.797
0.9,0.6207,0.7347,0.879
0.7,0.5385,0.6087,0.872
0.75,0.5172,0.6122,0.8305
0.8,0.6957,0.7442,0.8755
0.4762,0.4545,0.4651,0.7736
0.5714,0.5714,0.5714,0.8071
0.85,0.6071,0.7083,0.8633
0.7,0.6364,0.6667,0.8495
RUSVoteBag
0.8095,0.6296,0.7083,0.8698
0.4286,0.3913,0.4091,0.6137
0.7,0.7778,0.7368,0.8285
0.75,0.8333,0.7895,0.9295
0.75,0.5556,0.6383,0.79
0.65,0.65,0.65,0.835
0.5,0.5882,0.5405,0.7895
0.55,0.5789,0.5641,0.824
0.7,0.56,0.6222,0.8128
0.8,0.8,0.8,0.9173
0.6,0.5455,0.5714,0.8185
0.6,0.5455,0.5714,0.8135
0.6,0.8571,0.7059,0.852
0.85,0.6071,0.7083,0.9025
0.45,0.5625,0.5,0.705
0.65,0.6842,0.6667,0.851
0.5714,0.5217,0.5455,0.7046
0.7143,0.75,0.7317,0.9179
0.8,0.6667,0.7273,0.899
0.65,0.52,0.5778,0.7587
0.75,0.75,0.75,0.889
0.7,0.5833,0.6364,0.8255
0.45,0.8182,0.5806,0.777
0.75,0.6522,0.6977,0.831
0.7,0.6667,0.6829,0.8585
0.7,0.6667,0.6829,0.893
0.7143,0.6522,0.6818,0.8343
0.6667,0.5833,0.6222,0.7604
0.7,0.6087,0.6512,0.8541
0.7,0.6667,0.6829,0.8597
0.7143,0.75,0.7317,0.9101
0.8571,0.72,0.7826,0.8785
0.75,0.7143,0.7317,0.89
0.7,0.5833,0.6364,0.8345
0.5,0.4167,0.4545,0.697
0.45,0.6,0.5143,0.7095
0.7,0.6667,0.6829,0.8625
0.75,0.6522,0.6977,0.8475
0.45,0.5,0.4737,0.748
0.6,0.7059,0.6486,0.8061
0.55,0.55,0.55,0.7695
0.6,0.4444,0.5106,0.7435
0.75,0.7143,0.7317,0.85
0.8,0.7273,0.7619,0.8935
0.55,0.5789,0.5641,0.771
0.55,0.5789,0.5641,0.8355
0.6667,0.6667,0.6667,0.844
0.5238,0.6111,0.5641,0.7468
0.8,0.6667,0.7273,0.8974
0.8,0.6154,0.6957,0.8653
0.6,0.5455,0.5714,0.798
0.7,0.56,0.6222,0.786
0.85,0.5862,0.6939,0.833
0.65,0.619,0.6341,0.8245
0.55,0.6111,0.5789,0.784
0.55,0.7333,0.6286,0.8905
0.7619,0.7619,0.7619,0.9091
0.6667,0.5185,0.5833,0.7697
0.75,0.5556,0.6383,0.7974
0.65,0.6842,0.6667,0.8372
0.55,0.5238,0.5366,0.743
0.6,0.6316,0.6154,0.7945
0.8,0.6667,0.7273,0.941
0.6,0.5714,0.5854,0.7805
0.5,0.5,0.5,0.7225
0.7,0.5833,0.6364,0.8185
0.7619,0.6667,0.7111,0.828
0.6667,0.6364,0.6512,0.793
0.75,0.7895,0.7692,0.8791
0.8,0.6154,0.6957,0.8872
0.5714,0.5,0.5333,0.7556
0.8571,0.6207,0.72,0.9106
0.65,0.65,0.65,0.805
0.7,0.56,0.6222,0.778
0.7,0.6364,0.6667,0.869
0.6,0.6316,0.6154,0.8215
0.6,0.6316,0.6154,0.814
0.5,0.5556,0.5263,0.792
0.65,0.6842,0.6667,0.8439
0.65,0.619,0.6341,0.8194
0.85,0.68,0.7556,0.9215
0.5,0.5882,0.5405,0.7765
0.7,0.5385,0.6087,0.7965
0.85,0.5484,0.6667,0.847
0.4,0.4706,0.4324,0.6885
0.75,0.7895,0.7692,0.9235
0.6667,0.6087,0.6364,0.8639
0.381,0.8,0.5161,0.7658
0.85,0.8095,0.8293,0.925
0.65,0.52,0.5778,0.798
0.6,0.6,0.6,0.8085
0.5,0.7143,0.5882,0.8305
0.8,0.5517,0.6531,0.8725
0.65,0.7647,0.7027,0.9295
0.65,0.7647,0.7027,0.815
0.45,0.4286,0.439,0.7395
0.7143,0.6,0.6522,0.8226
0.8095,0.6296,0.7083,0.8207
0.7,0.6667,0.6829,0.8515
0.7,0.6364,0.6667,0.7964
0.619,0.619,0.619,0.8537
0.6667,0.56,0.6087,0.829
0.65,0.5909,0.619,0.8545
0.85,0.68,0.7556,0.921
0.65,0.8667,0.7429,0.842
0.5,0.5882,0.5405,0.767
0.6,0.5714,0.5854,0.8035
0.7,0.6364,0.6667,0.841
0.6,0.6,0.6,0.7714
0.55,0.6111,0.5789,0.8015
0.65,0.7222,0.6842,0.818
0.65,0.65,0.65,0.8315
0.85,0.5862,0.6939,0.8785
0.65,0.7222,0.6842,0.8185
0.6,0.6316,0.6154,0.8245
0.45,0.5,0.4737,0.6635
0.6667,0.6667,0.6667,0.8605
0.7143,0.75,0.7317,0.8644
0.7,0.7,0.7,0.8265
0.6,0.5455,0.5714,0.7974
0.65,0.5417,0.5909,0.805
0.75,0.5769,0.6522,0.8675
0.7,0.5833,0.6364,0.784
0.6,0.7059,0.6486,0.836
0.4,0.8,0.5333,0.7965
0.8,0.5714,0.6667,0.832
0.8571,0.6429,0.7347,0.8907
0.619,0.7222,0.6667,0.8776
0.75,0.6,0.6667,0.8571
0.5,0.5882,0.5405,0.7082
0.5238,0.5238,0.5238,0.7935
0.6667,0.6364,0.6512,0.7784
0.65,0.619,0.6341,0.8795
0.55,0.5789,0.5641,0.7585
0.6,0.75,0.6667,0.878
0.6,0.5714,0.5854,0.7765
0.65,0.619,0.6341,0.813
0.7,0.7778,0.7368,0.829
0.75,0.6,0.6667,0.8704
0.8,0.5926,0.6809,0.8837
0.9,0.7826,0.8372,0.9215
0.65,0.619,0.6341,0.8625
0.7,0.8235,0.7568,0.9105
0.8,0.6667,0.7273,0.899
0.6,0.48,0.5333,0.7595
0.45,0.3913,0.4186,0.6555
0.5238,0.5789,0.55,0.7362
0.5238,0.5,0.5116,0.7862
0.8,0.5926,0.6809,0.8969
0.6,0.5714,0.5854,0.8306
0.6667,0.6087,0.6364,0.8469
0.619,0.7647,0.6842,0.8431
0.55,0.6111,0.5789,0.807
0.55,0.5789,0.5641,0.725
0.65,0.5909,0.619,0.8005
0.75,0.5769,0.6522,0.838
0.7,0.6087,0.6512,0.8675
0.8,0.6957,0.7442,0.909
0.65,0.65,0.65,0.8582
0.5,0.4762,0.4878,0.7005
0.7,0.7,0.7,0.913
0.7,0.6667,0.6829,0.81
0.8,0.5,0.6154,0.823
0.6,0.48,0.5333,0.79
0.6,0.6667,0.6316,0.8445
0.55,0.6111,0.5789,0.759
0.5238,0.5789,0.55,0.7274
0.619,0.7647,0.6842,0.828
0.65,0.65,0.65,0.8184
0.6,0.5,0.5455,0.775
0.6667,0.7,0.6829,0.8635
0.7143,0.5769,0.6383,0.8567
0.8,0.9412,0.8649,0.919
0.75,0.5556,0.6383,0.7985
0.65,0.619,0.6341,0.777
0.6,0.5455,0.5714,0.7845
0.55,0.6111,0.5789,0.7115
0.65,0.619,0.6341,0.8515
0.7,0.7,0.7,0.8719
0.65,0.5909,0.619,0.7786
0.7143,0.75,0.7317,0.9014
0.7619,0.6154,0.6809,0.8207
0.7,0.6364,0.6667,0.816
0.6,0.5,0.5455,0.8015
0.6,0.5,0.5455,0.7465
0.7,0.5385,0.6087,0.7685
0.6,0.75,0.6667,0.814
0.75,0.7143,0.7317,0.8955
0.8,0.5926,0.6809,0.8714
0.5,0.625,0.5556,0.8617
0.619,0.7222,0.6667,0.8362
0.8095,0.7391,0.7727,0.8707
0.65,0.65,0.65,0.805
0.7,0.6364,0.6667,0.898
0.5,0.5882,0.5405,0.726
0.6,0.5714,0.5854,0.793
0.8,0.6957,0.7442,0.901
0.75,0.6818,0.7143,0.912
0.5,0.5556,0.5263,0.774
0.5,0.6667,0.5714,0.8128
0.7,0.7,0.7,0.8495
0.65,0.5417,0.5909,0.839
0.6,0.5,0.5455,0.8035
0.6,0.6667,0.6316,0.812
0.6,0.7059,0.6486,0.823
0.65,0.6842,0.6667,0.852
0.5714,0.6,0.5854,0.7259
0.5714,0.5455,0.5581,0.6798
0.7,0.7368,0.7179,0.8724
0.7,0.8235,0.7568,0.9031
0.7619,0.5926,0.6667,0.8596
0.7143,0.7895,0.75,0.8494
0.65,0.5417,0.5909,0.7745
0.65,0.65,0.65,0.8825
0.6,0.48,0.5333,0.7125
0.75,0.7143,0.7317,0.848
0.7,0.7368,0.7179,0.9175
0.5,0.6667,0.5714,0.773
0.7,0.6087,0.6512,0.8668
0.65,0.52,0.5778,0.8423
0.55,0.6875,0.6111,0.7825
0.65,0.619,0.6341,0.838
0.7,0.6087,0.6512,0.786
0.7,0.56,0.6222,0.802
0.75,0.6818,0.7143,0.8015
0.55,0.6471,0.5946,0.799
0.619,0.6842,0.65,0.8358
0.6667,0.6087,0.6364,0.8853
0.55,0.5238,0.5366,0.7383
0.75,0.5769,0.6522,0.8082
0.55,0.6875,0.6111,0.8315
0.45,0.5625,0.5,0.7
0.8,0.5333,0.64,0.8345
0.9,0.6207,0.7347,0.913
0.65,0.5652,0.6047,0.7855
0.6,0.6,0.6,0.8175
0.7143,0.75,0.7317,0.8654
0.6667,0.7,0.6829,0.9043
0.8,0.5517,0.6531,0.8026
0.65,0.7647,0.7027,0.8658
0.75,0.6,0.6667,0.8545
0.5,0.5263,0.5128,0.7375
0.65,0.7647,0.7027,0.866
0.6,0.6,0.6,0.8175
0.55,0.7333,0.6286,0.806
0.55,0.4583,0.5,0.736
0.7619,0.6667,0.7111,0.844
0.8095,0.9444,0.8718,0.9363
0.7,0.4828,0.5714,0.7449
0.65,0.5417,0.5909,0.8015
0.65,0.5417,0.5909,0.7785
0.75,0.6522,0.6977,0.9045
0.45,0.5625,0.5,0.7945
0.5,0.5263,0.5128,0.7605
0.5,0.6667,0.5714,0.7935
0.75,0.4688,0.5769,0.7885
0.7619,0.6957,0.7273,0.9067
0.6667,0.7,0.6829,0.8411
0.75,0.75,0.75,0.8923
0.8,0.8,0.8,0.8602
0.55,0.6111,0.5789,0.7505
0.9,0.8182,0.8571,0.958
0.6,0.5714,0.5854,0.773
0.65,0.5417,0.5909,0.822
0.55,0.6471,0.5946,0.805
0.75,0.5769,0.6522,0.8265
0.7143,0.6522,0.6818,0.8916
0.5238,0.6471,0.5789,0.7269
0.6,0.7059,0.6486,0.7709
0.75,0.6818,0.7143,0.8883
0.7,0.7778,0.7368,0.874
0.65,0.7222,0.6842,0.882
0.65,0.65,0.65,0.852
0.65,0.52,0.5778,0.7975
0.55,0.5789,0.5641,0.8385
0.6,0.5714,0.5854,0.7825
0.619,0.5909,0.6047,0.827
0.7143,0.7143,0.7143,0.8737
0.6,0.5217,0.5581,0.7852
0.75,0.625,0.6818,0.8378
0.5238,0.6471,0.5789,0.8421
0.7143,0.625,0.6667,0.8231
0.65,0.4815,0.5532,0.814
0.75,0.75,0.75,0.8575
0.55,0.6111,0.5789,0.829
0.75,0.6818,0.7143,0.8705
0.7,0.5185,0.5957,0.7485
0.65,0.6842,0.6667,0.875
0.6,0.7059,0.6486,0.8929
0.6,0.6,0.6,0.8071
0.65,0.5909,0.619,0.7935
0.7,0.6364,0.6667,0.8135
0.7,0.6667,0.6829,0.847
0.55,0.6471,0.5946,0.844
0.55,0.6875,0.6111,0.761
0.7,0.6364,0.6667,0.8235
0.5714,0.6,0.5854,0.7998
0.6667,0.6364,0.6512,0.7969
0.55,0.7333,0.6286,0.8398
0.75,0.6,0.6667,0.8724
0.7143,0.6522,0.6818,0.8086
0.5238,0.6875,0.5946,0.8241
0.7,0.6364,0.6667,0.823
0.75,0.6818,0.7143,0.8795
0.6,0.6316,0.6154,0.768
0.65,0.5,0.5652,0.8025
0.65,0.5417,0.5909,0.807
0.8,0.6154,0.6957,0.9025
0.55,0.5789,0.5641,0.8031
0.6,0.4286,0.5,0.7413
0.65,0.6842,0.6667,0.87
0.65,0.5909,0.619,0.7835
0.4,0.4706,0.4324,0.614
0.6,0.6667,0.6316,0.851
0.65,0.6842,0.6667,0.8755
0.75,0.6,0.6667,0.8215
0.7143,0.6522,0.6818,0.8387
0.7619,0.8889,0.8205,0.9359
0.65,0.65,0.65,0.8816
0.7,0.5833,0.6364,0.7888
0.65,0.5417,0.5909,0.741
0.65,0.5652,0.6047,0.805
0.8,0.64,0.7111,0.8855
0.55,0.55,0.55,0.776
0.7,0.6364,0.6667,0.792
0.5,0.6667,0.5714,0.7285
0.7143,0.7143,0.7143,0.8955
0.6667,0.5385,0.5957,0.8465
0.75,0.6818,0.7143,0.8648
0.75,0.75,0.75,0.8959
0.4286,0.5,0.4615,0.7357
0.5714,0.7059,0.6316,0.7566
0.8,0.6667,0.7273,0.8625
0.55,0.55,0.55,0.824
0.7,0.7,0.7,0.8295
0.85,0.7727,0.8095,0.9405
0.7,0.5833,0.6364,0.8555
0.65,0.5909,0.619,0.783
0.6,0.6316,0.6154,0.8276
0.7,0.6364,0.6667,0.8612
0.7,0.6667,0.6829,0.808
0.7,0.6364,0.6667,0.842
0.75,0.6818,0.7143,0.9115
0.65,0.4815,0.5532,0.755
0.7,0.7778,0.7368,0.885
0.65,0.6842,0.6667,0.798
0.5238,0.5,0.5116,0.7794
0.5714,0.6,0.5854,0.8615
0.65,0.8125,0.7222,0.8301
0.75,0.5556,0.6383,0.8714
0.5238,0.6111,0.5641,0.7405
0.619,0.5652,0.5909,0.8596
0.65,0.5909,0.619,0.8355
0.65,0.619,0.6341,0.8295
0.8,0.7273,0.7619,0.8555
0.7,0.6087,0.6512,0.8175
0.85,0.6296,0.7234,0.8675
0.65,0.4815,0.5532,0.7525
0.8,0.6667,0.7273,0.8776
0.45,0.6923,0.5455,0.7893
0.7,0.7,0.7,0.807
0.7,0.7,0.7,0.863
0.7,0.7368,0.7179,0.925
0.6,0.5714,0.5854,0.826
0.55,0.5789,0.5641,0.741
0.9,0.6667,0.766,0.8625
0.6667,0.6087,0.6364,0.7949
0.7619,0.6667,0.7111,0.8571
0.65,0.9286,0.7647,0.8536
0.45,0.45,0.45,0.7403
0.6,0.75,0.6667,0.758
0.85,0.6296,0.7234,0.8885
0.6,0.5714,0.5854,0.837
0.5,0.6667,0.5714,0.82
0.75,0.5556,0.6383,0.808
0.9,0.6667,0.766,0.846
0.5714,0.6,0.5854,0.7828
0.4286,0.5625,0.4865,0.7357
0.8,0.6957,0.7442,0.9209
0.6,0.6,0.6,0.7842
0.8095,0.5862,0.68,0.8741
0.6667,0.6087,0.6364,0.8348
0.65,0.5652,0.6047,0.7895
0.45,0.6,0.5143,0.7985
0.55,0.6471,0.5946,0.7905
0.7,0.6667,0.6829,0.8705
0.55,0.55,0.55,0.8425
0.7,0.5833,0.6364,0.809
0.75,0.7143,0.7317,0.8648
0.7,0.6364,0.6667,0.823
0.5714,0.5217,0.5455,0.7556
0.4762,0.4545,0.4651,0.6783
0.65,0.65,0.65,0.888
0.8,0.7273,0.7619,0.889
0.7,0.5385,0.6087,0.844
0.9,0.9,0.9,0.9585
0.6,0.5455,0.5714,0.8035
0.6,0.5714,0.5854,0.7625
0.7,0.7,0.7,0.8587
0.65,0.65,0.65,0.8112
0.75,0.7895,0.7692,0.937
0.75,0.6818,0.7143,0.874
0.55,0.55,0.55,0.797
0.45,0.6429,0.5294,0.7995
0.7,0.6667,0.6829,0.886
0.7,0.7,0.7,0.8225
0.7143,0.625,0.6667,0.8333
0.7143,0.5357,0.6122,0.8348
0.6,0.5714,0.5854,0.7974
0.5,0.5882,0.5405,0.7296
0.7619,0.6667,0.7111,0.8416
0.6667,0.6364,0.6512,0.7862
0.6,0.6,0.6,0.817
0.55,0.5789,0.5641,0.778
0.55,0.8462,0.6667,0.808
0.7,0.6087,0.6512,0.8705
0.45,0.6,0.5143,0.7965
0.85,0.6538,0.7391,0.858
0.8,0.8,0.8,0.898
0.75,0.6818,0.7143,0.8133
0.6,0.7059,0.6486,0.86
0.75,0.625,0.6818,0.898
0.7,0.6087,0.6512,0.8425
0.55,0.5789,0.5641,0.8165
0.65,0.5,0.5652,0.769
0.6,0.6667,0.6316,0.7785
0.619,0.5652,0.5909,0.7614
0.8095,0.7083,0.7556,0.9208
0.5,0.625,0.5556,0.8168
0.4,0.4444,0.4211,0.7
0.75,0.5769,0.6522,0.8225
0.65,0.5652,0.6047,0.794
0.6,0.6667,0.6316,0.8635
0.6,0.5,0.5455,0.811
0.7,0.7778,0.7368,0.8245
0.7,0.56,0.6222,0.781
0.7619,0.6957,0.7273,0.8557
0.6667,0.7,0.6829,0.8795
0.7,0.6667,0.6829,0.8679
0.6,0.6,0.6,0.8316
0.65,0.7647,0.7027,0.8895
0.7,0.4828,0.5714,0.7855
0.6,0.6667,0.6316,0.861
0.55,0.4783,0.5116,0.7555
0.6,0.6,0.6,0.8025
0.7,0.6087,0.6512,0.833
0.7619,0.64,0.6957,0.8537
0.4762,0.5882,0.5263,0.7983
0.75,0.75,0.75,0.9
0.7,0.6087,0.6512,0.8571
0.7619,0.64,0.6957,0.8601
0.6667,0.6364,0.6512,0.7935
0.55,0.5789,0.5641,0.7985
0.65,0.5909,0.619,0.8065
0.65,0.619,0.6341,0.7965
0.55,0.6471,0.5946,0.8155
0.5,0.5,0.5,0.749
0.7,0.7368,0.7179,0.893
0.6,0.48,0.5333,0.7689
0.75,0.7895,0.7692,0.874
0.7619,0.6957,0.7273,0.8897
0.4762,0.5,0.4878,0.6798
0.7,0.6087,0.6512,0.8345
0.8,0.7273,0.7619,0.855
0.55,0.44,0.4889,0.7045
0.65,0.5652,0.6047,0.861
0.7,0.7368,0.7179,0.83
0.65,0.5909,0.619,0.79
0.65,0.6842,0.6667,0.9173
0.6,0.75,0.6667,0.8668
0.4762,0.625,0.5405,0.7585
0.619,0.619,0.619,0.7988
0.85,0.6538,0.7391,0.87
0.6,0.8,0.6857,0.79
0.55,0.5238,0.5366,0.8095
0.65,0.619,0.6341,0.7855
0.65,0.6842,0.6667,0.8665
0.65,0.5417,0.5909,0.801
0.75,0.7895,0.7692,0.8974
0.65,0.4643,0.5417,0.7714
0.4,0.4211,0.4103,0.64
0.65,0.4815,0.5532,0.7955
0.7,0.6667,0.6829,0.8445
0.7,0.7,0.7,0.8685
0.85,0.6538,0.7391,0.9085
0.65,0.5909,0.619,0.8375
0.6667,0.6667,0.6667,0.81
0.7143,0.6,0.6522,0.7886
0.85,0.7391,0.7907,0.8974
0.7,0.6364,0.6667,0.826
0.8,0.5926,0.6809,0.886
0.55,0.55,0.55,0.7655
0.75,0.5357,0.625,0.81
0.7,0.6087,0.6512,0.7795
0.7,0.7368,0.7179,0.8455
0.55,0.6471,0.5946,0.7735
0.7143,0.625,0.6667,0.7775
0.5714,0.75,0.6486,0.8222
0.55,0.7857,0.6471,0.8622
0.7,0.6667,0.6829,0.8628
0.5714,0.5714,0.5714,0.725
0.6667,0.6667,0.6667,0.8207
0.7,0.7368,0.7179,0.937
0.75,0.6522,0.6977,0.862
0.65,0.7222,0.6842,0.8755
0.6,0.5714,0.5854,0.784
0.6,0.5714,0.5854,0.851
0.65,0.5417,0.5909,0.786
0.85,0.68,0.7556,0.8985
0.65,0.6842,0.6667,0.7964
0.5714,0.6,0.5854,0.7668
0.7143,0.6,0.6522,0.8435
0.6,0.5714,0.5854,0.8195
0.7,0.7368,0.7179,0.8065
0.8,0.8421,0.8205,0.917
0.6,0.5455,0.5714,0.757
0.65,0.52,0.5778,0.748
0.7,0.6667,0.6829,0.867
0.65,0.5652,0.6047,0.7551
0.6,0.6,0.6,0.7648
0.35,0.4667,0.4,0.695
0.65,0.5652,0.6047,0.84
0.65,0.5,0.5652,0.808
0.75,0.6,0.6667,0.861
0.75,0.7143,0.7317,0.857
0.55,0.44,0.4889,0.829
0.8571,0.7826,0.8182,0.9553
0.4286,0.5625,0.4865,0.7347
0.65,0.5909,0.619,0.8184
0.7,0.6087,0.6512,0.8862
0.5238,0.5238,0.5238,0.6987
0.6667,0.6364,0.6512,0.8397
0.6,0.6,0.6,0.8035
0.65,0.5417,0.5909,0.7355
0.7,0.6364,0.6667,0.83
0.75,0.6522,0.6977,0.851
0.6,0.6316,0.6154,0.8005
0.7,0.7778,0.7368,0.8705
0.65,0.8125,0.7222,0.824
0.75,0.625,0.6818,0.8959
0.6667,0.6667,0.6667,0.8202
0.619,0.5417,0.5778,0.7366
0.55,0.6111,0.5789,0.824
0.6,0.6316,0.6154,0.847
0.7,0.7,0.7,0.904
0.7,0.5385,0.6087,0.864
0.85,0.5862,0.6939,0.879
0.55,0.5789,0.5641,0.7735
0.7,0.56,0.6222,0.8061
0.5,0.625,0.5556,0.8633
0.55,0.6471,0.5946,0.827
0.7,0.7778,0.7368,0.9005
0.75,0.75,0.75,0.865
0.7,0.6087,0.6512,0.8635
0.45,0.4737,0.4615,0.7325
0.65,0.5909,0.619,0.807
0.6667,0.6364,0.6512,0.7979
0.619,0.5652,0.5909,0.8037
0.55,0.5238,0.5366,0.7505
0.8,0.64,0.7111,0.8832
0.7143,0.5357,0.6122,0.8343
0.4762,0.5263,0.5,0.723
0.6,0.6,0.6,0.782
0.75,0.75,0.75,0.842
0.7,0.7368,0.7179,0.861
0.6,0.6316,0.6154,0.7705
0.7,0.6364,0.6667,0.834
0.5,0.5882,0.5405,0.746
0.8,0.5714,0.6667,0.8133
0.8,0.64,0.7111,0.851
0.7,0.5385,0.6087,0.813
0.75,0.625,0.6818,0.903
0.8,0.7619,0.7805,0.8545
0.7,0.5833,0.6364,0.8675
0.4,0.6154,0.4848,0.7735
0.6,0.5714,0.5854,0.772
0.7143,0.7895,0.75,0.8426
0.7143,0.6818,0.6977,0.8037
0.75,0.7143,0.7317,0.9434
0.75,0.5172,0.6122,0.8434
0.7143,0.6,0.6522,0.8105
0.7143,0.75,0.7317,0.8547
0.6,0.6,0.6,0.7845
0.8,0.8421,0.8205,0.9215
0.75,0.6818,0.7143,0.851
0.5,0.625,0.5556,0.826
0.6,0.48,0.5333,0.775
0.45,0.5625,0.5,0.664
0.55,0.6471,0.5946,0.8061
0.85,0.68,0.7556,0.9184
0.5714,0.75,0.6486,0.7959
0.7143,0.6818,0.6977,0.8916
0.55,0.6471,0.5946,0.8215
0.75,0.5556,0.6383,0.797
0.55,0.5238,0.5366,0.7935
0.7,0.56,0.6222,0.7835
0.7,0.6667,0.6829,0.8605
0.55,0.6471,0.5946,0.813
0.9,0.6667,0.766,0.9061
0.65,0.7647,0.7027,0.8434
0.85,0.68,0.7556,0.8695
0.45,0.4286,0.439,0.696
0.7,0.5833,0.6364,0.856
0.7,0.6667,0.6829,0.871
0.75,0.6818,0.7143,0.891
0.7,0.5385,0.6087,0.7675
0.6667,0.5833,0.6222,0.8178
0.7143,0.625,0.6667,0.7964
0.65,0.7647,0.7027,0.8541
0.6,0.8,0.6857,0.8571
0.65,0.619,0.6341,0.8115
0.7,0.5833,0.6364,0.843
0.75,0.5769,0.6522,0.8155
0.65,0.7647,0.7027,0.8565
0.45,0.36,0.4,0.6245
0.75,0.6,0.6667,0.862
0.7619,0.6957,0.7273,0.8673
0.8571,0.75,0.8,0.9334
0.4,0.6667,0.5,0.8143
0.55,0.6111,0.5789,0.8184
0.8095,0.6538,0.7234,0.8372
0.7619,0.6154,0.6809,0.8863
0.85,0.6538,0.7391,0.932
0.65,0.65,0.65,0.845
0.7,0.5833,0.6364,0.86
0.75,0.8824,0.8108,0.847
0.6,0.6316,0.6154,0.7865
0.3,0.375,0.3333,0.6645
0.65,0.7647,0.7027,0.8291
0.65,0.5909,0.619,0.8929
0.6,0.6,0.6,0.84
0.45,0.6429,0.5294,0.735
0.7,0.6364,0.6667,0.86
0.75,0.6,0.6667,0.836
0.65,0.65,0.65,0.8105
0.75,0.7143,0.7317,0.8405
0.8095,0.7083,0.7556,0.8916
0.619,0.5417,0.5778,0.7925
0.75,0.6522,0.6977,0.8398
0.7,0.7,0.7,0.7888
0.55,0.55,0.55,0.7535
0.7,0.5,0.5833,0.8195
0.65,0.5909,0.619,0.827
0.7,0.6364,0.6667,0.8225
0.85,0.68,0.7556,0.8815
0.6,0.5714,0.5854,0.8125
0.8095,0.6538,0.7234,0.8887
0.5714,0.7059,0.6316,0.8635
0.65,0.6842,0.6667,0.8255
0.7,0.6667,0.6829,0.8709
0.65,0.5909,0.619,0.791
0.75,0.5357,0.625,0.797
0.55,0.6111,0.5789,0.792
0.65,0.65,0.65,0.786
0.65,0.5909,0.619,0.792
0.6,0.5714,0.5854,0.785
0.5714,0.5714,0.5714,0.81
0.7143,0.625,0.6667,0.8265
0.6,0.6316,0.6154,0.8495
0.7,0.6087,0.6512,0.9056
0.55,0.5789,0.5641,0.7545
0.4,0.5,0.4444,0.6725
0.55,0.6471,0.5946,0.841
0.75,0.75,0.75,0.8695
0.8,0.5333,0.64,0.879
0.65,0.65,0.65,0.8305
0.6667,0.875,0.7568,0.8907
0.6667,0.5385,0.5957,0.8149
0.75,0.6818,0.7143,0.8327
0.7,0.5385,0.6087,0.8541
0.6667,0.56,0.6087,0.7872
0.619,0.6842,0.65,0.862
0.8,0.7619,0.7805,0.915
0.75,0.6,0.6667,0.8335
0.6,0.6316,0.6154,0.861
0.75,0.7143,0.7317,0.8595
0.7,0.7,0.7,0.835
0.7,0.6364,0.6667,0.859
0.65,0.5417,0.5909,0.8005
0.3,0.3529,0.3243,0.6372
0.7,0.6667,0.6829,0.8915
0.8,0.6154,0.6957,0.8695
0.7,0.8235,0.7568,0.82
0.55,0.5238,0.5366,0.7345
0.7,0.6667,0.6829,0.784
0.55,0.5,0.5238,0.7835
0.7619,0.7273,0.7442,0.8421
0.619,0.5,0.5532,0.7677
0.65,0.65,0.65,0.824
0.65,0.5909,0.619,0.8148
0.5714,0.6316,0.6,0.7488
0.5238,0.5789,0.55,0.7974
0.6,0.5,0.5455,0.7925
0.65,0.5652,0.6047,0.843
0.7,0.6667,0.6829,0.841
0.65,0.619,0.6341,0.8525
0.7,0.6087,0.6512,0.852
0.6,0.5714,0.5854,0.725
0.55,0.55,0.55,0.7893
0.85,0.7083,0.7727,0.9434
0.5,0.625,0.5556,0.8025
0.8,0.7273,0.7619,0.8335
0.6,0.5455,0.5714,0.766
0.6,0.6,0.6,0.8065
0.85,0.68,0.7556,0.8945
0.6,0.6,0.6,0.8105
0.7619,0.7273,0.7442,0.8999
0.6667,0.6667,0.6667,0.8197
0.55,0.5789,0.5641,0.7995
0.7,0.6087,0.6512,0.852
0.65,0.619,0.6341,0.807
0.65,0.619,0.6341,0.863
0.85,0.5862,0.6939,0.882
0.65,0.65,0.65,0.8315
0.65,0.7222,0.6842,0.891
0.55,0.5789,0.5641,0.7495
0.6667,0.56,0.6087,0.7969
0.7143,0.6522,0.6818,0.7867
0.6,0.6316,0.6154,0.7816
0.7,0.6087,0.6512,0.8347
0.75,0.6522,0.6977,0.8545
0.4,0.8889,0.5517,0.8325
0.7,0.5385,0.6087,0.8295
0.6,0.7059,0.6486,0.83
0.8,0.7273,0.7619,0.873
0.85,0.6071,0.7083,0.8515
0.6667,0.6667,0.6667,0.8299
0.7143,0.6522,0.6818,0.8673
0.7,0.56,0.6222,0.801
0.4,0.5,0.4444,0.7556
0.55,0.55,0.55,0.825
0.45,0.6,0.5143,0.809
0.75,0.5556,0.6383,0.9005
0.75,0.7143,0.7317,0.904
0.65,0.52,0.5778,0.816
0.75,0.7143,0.7317,0.842
0.5238,0.6111,0.5641,0.793
0.619,0.6842,0.65,0.8217
0.65,0.619,0.6341,0.8342
0.6,0.5714,0.5854,0.7709
0.55,0.7333,0.6286,0.8105
0.65,0.619,0.6341,0.825
0.6,0.6316,0.6154,0.8125
0.65,0.5417,0.5909,0.8255
0.7,0.56,0.6222,0.808
0.75,0.6,0.6667,0.831
0.4762,0.6667,0.5556,0.846
0.8095,0.6538,0.7234,0.8693
0.65,0.5417,0.5909,0.8041
0.45,0.5294,0.4865,0.7515
0.7143,0.5556,0.625,0.7974
0.619,0.5909,0.6047,0.8275
0.5,0.7143,0.5882,0.7535
0.7,0.6667,0.6829,0.902
0.65,0.4643,0.5417,0.757
0.75,0.6818,0.7143,0.8735
0.55,0.7333,0.6286,0.8065
0.6,0.6,0.6,0.82
0.6,0.5,0.5455,0.7857
0.65,0.7647,0.7027,0.8597
0.7,0.6667,0.6829,0.848
0.65,0.5,0.5652,0.782
0.8,0.6667,0.7273,0.8965
0.6,0.5,0.5455,0.777
0.55,0.6111,0.5789,0.825
0.7,0.56,0.6222,0.8515
0.7143,0.6818,0.6977,0.8377
0.7143,0.75,0.7317,0.9261
0.85,0.6071,0.7083,0.8663
0.65,0.52,0.5778,0.7556
0.6667,0.56,0.6087,0.8489
0.4762,0.5263,0.5,0.7775
0.45,0.5,0.4737,0.7315
0.65,0.5652,0.6047,0.7715
0.7,0.56,0.6222,0.8525
0.65,0.65,0.65,0.835
0.5,0.5882,0.5405,0.7305
0.85,0.68,0.7556,0.9175
0.8,0.6667,0.7273,0.8908
0.8,0.6957,0.7442,0.8566
0.619,0.5909,0.6047,0.8445
0.6667,0.6667,0.6667,0.8275
0.7,0.6364,0.6667,0.843
0.6,0.5455,0.5714,0.814
0.9,0.75,0.8182,0.923
0.65,0.7222,0.6842,0.8425
0.4,0.4444,0.4211,0.6875
0.55,0.5789,0.5641,0.7495
0.6,0.5455,0.5714,0.7832
0.65,0.7222,0.6842,0.8679
0.5,0.5556,0.5263,0.6745
0.8,0.6667,0.7273,0.9475
0.55,0.5789,0.5641,0.7785
0.6,0.5455,0.5714,0.837
0.6,0.5,0.5455,0.77
0.55,0.6471,0.5946,0.797
0.7619,0.64,0.6957,0.8766
0.5714,0.8,0.6667,0.8805
0.6,0.6,0.6,0.7597
0.8,0.6154,0.6957,0.8607
0.5238,0.55,0.5366,0.7672
0.6667,0.6087,0.6364,0.7813
0.6,0.5455,0.5714,0.7615
0.6,0.7059,0.6486,0.786
0.6,0.6,0.6,0.7635
0.8,0.5926,0.6809,0.8815
0.7,0.7,0.7,0.772
0.8,0.7273,0.7619,0.911
0.7,0.6087,0.6512,0.7974
0.65,0.7222,0.6842,0.876
0.6,0.6667,0.6316,0.7685
0.75,0.5357,0.625,0.837
0.65,0.5417,0.5909,0.7785
0.7,0.5833,0.6364,0.8175
0.55,0.6875,0.6111,0.8095
0.7,0.6364,0.6667,0.863
0.4762,0.7143,0.5714,0.7692
0.619,0.5652,0.5909,0.7702
0.85,0.6296,0.7234,0.8806
0.5,0.7143,0.5882,0.8
0.619,0.65,0.6341,0.862
0.7143,0.6818,0.6977,0.8567
0.7,0.7368,0.7179,0.8795
0.8,0.5161,0.6275,0.824
0.35,0.6364,0.4516,0.7365
0.5,0.5263,0.5128,0.732
0.7,0.5833,0.6364,0.8425
0.6,0.5714,0.5854,0.775
0.85,0.68,0.7556,0.9209
0.65,0.7647,0.7027,0.8638
0.619,0.619,0.619,0.8819
0.6667,0.5185,0.5833,0.7556
0.6,0.5217,0.5581,0.8275
0.6,0.5714,0.5854,0.7975
0.65,0.4483,0.5306,0.781
0.55,0.6111,0.5789,0.772
0.7,0.5185,0.5957,0.8085
0.7,0.8235,0.7568,0.8725
0.55,0.5789,0.5641,0.8286
0.7,0.7368,0.7179,0.8837
0.65,0.5652,0.6047,0.794
0.75,0.625,0.6818,0.869
0.7,0.7,0.7,0.873
0.5,0.625,0.5556,0.7515
0.7,0.6087,0.6512,0.824
0.7,0.6364,0.6667,0.802
0.381,0.5,0.4324,0.7216
0.619,0.5909,0.6047,0.8465
0.7,0.6364,0.6667,0.8689
0.45,0.4286,0.439,0.6811
0.6,0.5714,0.5854,0.8255
0.75,0.6,0.6667,0.889
0.4,0.6154,0.4848,0.729
0.55,0.6111,0.5789,0.7925
0.55,0.55,0.55,0.756
0.65,0.5652,0.6047,0.8085
0.8095,0.7083,0.7556,0.8596
0.7143,0.6522,0.6818,0.8319
0.8,0.7273,0.7619,0.9199
0.65,0.7222,0.6842,0.8694
0.7619,0.6957,0.7273,0.8649
0.6667,0.6364,0.6512,0.8489
0.65,0.5,0.5652,0.811
0.7,0.7,0.7,0.844
0.4,0.5714,0.4706,0.705
0.55,0.4783,0.5116,0.7295
0.8,0.8,0.8,0.963
0.65,0.7222,0.6842,0.8795
0.7,0.7368,0.7179,0.824
0.55,0.6471,0.5946,0.7531
0.7,0.5,0.5833,0.7835
0.65,0.5,0.5652,0.751
0.65,0.619,0.6341,0.7625
0.8,0.7273,0.7619,0.9045
0.7,0.6667,0.6829,0.9195
0.45,0.5625,0.5,0.7125
0.8571,0.6923,0.766,0.8717
0.7619,0.8421,0.8,0.9145
0.5,0.5263,0.5128,0.7291
0.55,0.6875,0.6111,0.8255
0.9,0.6923,0.7826,0.9365
0.6,0.5714,0.5854,0.7645
0.8,0.6667,0.7273,0.8895
0.7,0.6364,0.6667,0.7915
0.6,0.75,0.6667,0.859
0.65,0.619,0.6341,0.8965
0.5238,0.5789,0.55,0.8105
0.619,0.6842,0.65,0.7736
0.6,0.6,0.6,0.6969
0.7,0.5185,0.5957,0.8209
0.6,0.6667,0.6316,0.837
0.6,0.48,0.5333,0.7265
0.65,0.6842,0.6667,0.817
0.7,0.56,0.6222,0.831
0.7,0.6667,0.6829,0.862
0.65,0.5652,0.6047,0.8085
0.7143,0.7895,0.75,0.861
0.6667,0.5833,0.6222,0.8241
0.7,0.6667,0.6829,0.824
0.65,0.5909,0.619,0.7842
0.6,0.6667,0.6316,0.774
0.55,0.6471,0.5946,0.823
0.8,0.7619,0.7805,0.8685
0.65,0.6842,0.6667,0.902
0.65,0.619,0.6341,0.827
0.55,0.6875,0.6111,0.7565
0.7143,0.6522,0.6818,0.8421
0.8571,0.6429,0.7347,0.8829
0.65,0.5652,0.6047,0.8372
0.75,0.7895,0.7692,0.874
0.5238,0.5,0.5116,0.7211
0.619,0.7647,0.6842,0.8129
0.4,0.5333,0.4571,0.697
0.8,0.6957,0.7442,0.935
0.7,0.56,0.6222,0.754
0.7,0.6087,0.6512,0.845
0.75,0.7143,0.7317,0.8095
0.75,0.75,0.75,0.887
0.55,0.6111,0.5789,0.7393
0.7,0.5833,0.6364,0.8714
0.619,0.619,0.619,0.8571
0.6667,0.6364,0.6512,0.8795
0.65,0.6842,0.6667,0.893
0.55,0.4231,0.4783,0.6795
0.75,0.6,0.6667,0.753
0.75,0.5769,0.6522,0.8695
0.6,0.6316,0.6154,0.8675
0.75,0.625,0.6818,0.8815
0.55,0.6471,0.5946,0.7684
0.7,0.7778,0.7368,0.8944
0.45,0.4091,0.4286,0.7615
0.5,0.6667,0.5714,0.825
0.75,0.75,0.75,0.884
0.55,0.5,0.5238,0.7615
0.6,0.6,0.6,0.8315
0.65,0.619,0.6341,0.816
0.7619,0.6957,0.7273,0.8557
0.6667,0.6364,0.6512,0.8328
0.65,0.619,0.6341,0.8036
0.7,0.56,0.6222,0.8214
0.6667,0.56,0.6087,0.792
0.5714,0.6667,0.6154,0.7138
0.55,0.6471,0.5946,0.885
0.6,0.7059,0.6486,0.8375
0.75,0.75,0.75,0.883
0.7,0.4828,0.5714,0.7655
0.7,0.6087,0.6512,0.86
0.6,0.6,0.6,0.823
0.65,0.6842,0.6667,0.827
0.5,0.4762,0.4878,0.7776
0.65,0.5652,0.6047,0.8045
0.85,0.6296,0.7234,0.901
0.8,0.6957,0.7442,0.893
0.65,0.4815,0.5532,0.764
0.55,0.4783,0.5116,0.761
0.7,0.9333,0.8,0.8765
0.619,0.5909,0.6047,0.8309
0.6667,0.7778,0.7179,0.9062
0.7,0.6087,0.6512,0.7964
0.45,0.4737,0.4615,0.7071
0.5714,0.5217,0.5455,0.7454
0.5238,0.6471,0.5789,0.8042
0.9,0.6923,0.7826,0.92
0.6,0.5714,0.5854,0.814
0.6,0.5,0.5455,0.7645
0.7,0.5833,0.6364,0.8705
0.7,0.6087,0.6512,0.866
0.65,0.7222,0.6842,0.8415
0.5,0.625,0.5556,0.7235
0.75,0.7143,0.7317,0.8694
0.8,0.5926,0.6809,0.846
0.5,0.4762,0.4878,0.6815
0.55,0.6471,0.5946,0.799
0.55,0.7333,0.6286,0.8455
0.65,0.8125,0.7222,0.8905
0.6,0.5714,0.5854,0.815
0.6667,0.7368,0.7,0.8853
0.619,0.619,0.619,0.8338
0.65,0.5417,0.5909,0.7888
0.65,0.5652,0.6047,0.8444
0.65,0.7647,0.7027,0.8
0.75,0.625,0.6818,0.8665
0.55,0.44,0.4889,0.78
0.6,0.6316,0.6154,0.803
0.5,0.5,0.5,0.7565
0.7,0.5833,0.6364,0.7505
0.619,0.7222,0.6667,0.8251
0.8571,0.6667,0.75,0.8814
0.75,0.5556,0.6383,0.8199
0.65,0.8125,0.7222,0.9224
0.6,0.6,0.6,0.804
0.6,0.6667,0.6316,0.78
0.85,0.6538,0.7391,0.844
0.7,0.6667,0.6829,0.8965
0.7,0.6087,0.6512,0.8465
0.7,0.6667,0.6829,0.877
0.4762,0.6667,0.5556,0.7847
0.5714,0.6316,0.6,0.8188
0.65,0.65,0.65,0.8485
0.65,0.5652,0.6047,0.8122
