RUSBag
0.7895,0.3947,0.5263,0.8714
0.8421,0.3721,0.5161,0.8529
0.8889,0.4848,0.6275,0.919
0.8333,0.375,0.5172,0.8352
0.8889,0.4103,0.5614,0.8881
0.7778,0.3415,0.4746,0.7886
0.8333,0.3947,0.5357,0.9116
0.9474,0.5143,0.6667,0.938
0.8947,0.4722,0.6182,0.8917
0.8421,0.4324,0.5714,0.8884
0.8421,0.5333,0.6531,0.9351
0.7895,0.3571,0.4918,0.8622
0.7368,0.3684,0.4912,0.8252
0.9474,0.45,0.6102,0.9274
0.8947,0.4359,0.5862,0.9028
0.8889,0.3721,0.5246,0.8717
0.8333,0.4054,0.5455,0.891
0.8333,0.375,0.5172,0.9204
0.8333,0.375,0.5172,0.9108
0.8333,0.3191,0.4615,0.8323
0.7895,0.3846,0.5172,0.8639
0.8947,0.4722,0.6182,0.9396
0.7895,0.4054,0.5357,0.8796
0.7895,0.3571,0.4918,0.8441
0.7368,0.3415,0.4667,0.8851
0.7778,0.3889,0.5185,0.8532
0.8333,0.3191,0.4615,0.8421
0.8333,0.4412,0.5769,0.9151
0.8889,0.3478,0.5,0.8749
0.8333,0.3947,0.5357,0.8757
0.9474,0.5143,0.6667,0.9253
0.8947,0.4595,0.6071,0.9226
0.8333,0.4412,0.5769,0.873
0.8333,0.4688,0.6,0.937
0.8889,0.4,0.5517,0.8759
0.6111,0.3333,0.4314,0.8138
0.7222,0.3824,0.5,0.8738
0.8421,0.4103,0.5517,0.8942
0.7895,0.375,0.5085,0.9028
0.6842,0.3611,0.4727,0.837
0.6316,0.2791,0.3871,0.7867
0.7895,0.5556,0.6522,0.8935
0.8889,0.5161,0.6531,0.9304
0.8333,0.3947,0.5357,0.8984
0.8333,0.375,0.5172,0.8802
0.7778,0.3889,0.5185,0.8812
0.8889,0.4706,0.6154,0.9188
0.6842,0.3023,0.4194,0.7763
0.8421,0.3721,0.5161,0.8737
0.7895,0.4054,0.5357,0.8983
0.8421,0.3636,0.5079,0.8774
0.8947,0.4474,0.5965,0.8887
0.9474,0.439,0.6,0.9259
0.8421,0.3556,0.5,0.855
0.7895,0.4286,0.5556,0.8563
0.7778,0.4242,0.549,0.8616
0.7222,0.3333,0.4561,0.8183
0.8889,0.4444,0.5926,0.9381
0.7778,0.4118,0.5385,0.882
0.9444,0.4146,0.5763,0.8989
0.8947,0.5862,0.7083,0.9652
0.8421,0.3902,0.5333,0.883
0.7778,0.3415,0.4746,0.8487
0.7222,0.3514,0.4727,0.836
0.7778,0.4,0.5283,0.8992
0.8889,0.4,0.5517,0.878
1.0,0.4286,0.6,0.9341
0.7368,0.4667,0.5714,0.8874
0.7368,0.4516,0.56,0.8869
0.7368,0.3256,0.4516,0.8537
0.8421,0.381,0.5246,0.8564
0.7368,0.3684,0.4912,0.8652
0.7778,0.3889,0.5185,0.8735
0.7778,0.35,0.4828,0.8616
0.8333,0.3488,0.4918,0.8579
0.7778,0.3889,0.5185,0.8804
0.8333,0.375,0.5172,0.8952
0.9474,0.5455,0.6923,0.9388
0.8421,0.4706,0.6038,0.9152
0.7895,0.3659,0.5,0.8537
0.7895,0.3846,0.5172,0.8769
0.7895,0.3659,0.5,0.8579
0.8333,0.375,0.5172,0.8865
0.8889,0.4571,0.6038,0.9069
0.8333,0.375,0.5172,0.8857
0.7778,0.4118,0.5385,0.9114
0.7778,0.4118,0.5385,0.8894
0.8421,0.4324,0.5714,0.9157
0.7368,0.3333,0.459,0.8158
0.8947,0.4595,0.6071,0.92
1.0,0.413,0.5846,0.9286
0.7895,0.3947,0.5263,0.8885
0.5556,0.3704,0.4444,0.7992
0.8333,0.3947,0.5357,0.8688
0.7778,0.4667,0.5833,0.8886
0.6667,0.375,0.48,0.863
0.7778,0.4,0.5283,0.9071
0.9474,0.3673,0.5294,0.8869
0.7895,0.4167,0.5455,0.874
0.9474,0.4737,0.6316,0.9297
0.9474,0.4737,0.6316,0.9251
0.8421,0.3137,0.4571,0.8912
0.7778,0.3333,0.4667,0.8288
0.7222,0.4063,0.52,0.8921
0.8333,0.4688,0.6,0.9138
0.8889,0.4848,0.6275,0.8981
0.7778,0.4516,0.5714,0.8847
0.8947,0.4146,0.5667,0.8942
1.0,0.4419,0.6129,0.9284
0.8421,0.4,0.5424,0.8639
0.7895,0.3191,0.4545,0.8361
0.7895,0.3488,0.4839,0.8644
0.8889,0.3902,0.5424,0.8693
0.8889,0.4848,0.6275,0.9323
0.7778,0.4516,0.5714,0.922
1.0,0.3913,0.5625,0.8735
0.7778,0.3684,0.5,0.8619
0.7895,0.375,0.5085,0.8778
0.7895,0.4412,0.566,0.92
0.8421,0.4211,0.5614,0.877
0.6316,0.375,0.4706,0.8679
0.9474,0.3913,0.5538,0.9113
0.9444,0.425,0.5862,0.9283
0.8889,0.4324,0.5818,0.9016
0.7778,0.359,0.4912,0.8561
0.8333,0.4412,0.5769,0.8981
0.7778,0.3415,0.4746,0.8463
0.8421,0.4211,0.5614,0.8742
0.7895,0.375,0.5085,0.9033
0.7895,0.4688,0.5882,0.8861
0.8421,0.3721,0.5161,0.889
0.7368,0.359,0.4828,0.8271
0.8333,0.3488,0.4918,0.8608
0.7222,0.4063,0.52,0.8939
0.7778,0.4516,0.5714,0.9026
0.9444,0.4146,0.5763,0.9299
0.7778,0.3043,0.4375,0.8807
0.8421,0.4,0.5424,0.833
1.0,0.4872,0.6552,0.9512
0.7895,0.4054,0.5357,0.8454
0.6842,0.3939,0.5,0.8451
0.8947,0.4359,0.5862,0.9085
0.9444,0.3778,0.5397,0.8807
0.8889,0.3478,0.5,0.8947
0.7222,0.4063,0.52,0.8553
0.7222,0.3714,0.4906,0.8698
0.8889,0.3333,0.4848,0.873
0.7895,0.4412,0.566,0.8907
0.7895,0.3409,0.4762,0.8575
0.6842,0.4194,0.52,0.8704
0.7895,0.4688,0.5882,0.8805
0.6842,0.3939,0.5,0.8702
0.8889,0.381,0.5333,0.8661
0.8889,0.4444,0.5926,0.9259
0.8889,0.4103,0.5614,0.9265
0.7222,0.3171,0.4407,0.8304
0.8333,0.3846,0.5263,0.8709
0.7895,0.3488,0.4839,0.8611
0.8947,0.5484,0.68,0.9421
0.8947,0.3864,0.5397,0.9001
0.6842,0.3611,0.4727,0.8496
0.7895,0.3659,0.5,0.8584
1.0,0.375,0.5455,0.8897
0.7222,0.3824,0.5,0.8534
0.8889,0.4324,0.5818,0.922
0.5556,0.2941,0.3846,0.8302
0.8333,0.3659,0.5085,0.9016
0.8421,0.4706,0.6038,0.8963
0.8421,0.4,0.5424,0.8859
0.8421,0.3478,0.4923,0.8596
0.8421,0.3902,0.5333,0.8794
0.7895,0.4412,0.566,0.8622
0.8333,0.3947,0.5357,0.8754
0.8889,0.3721,0.5246,0.8807
0.6667,0.3077,0.4211,0.8119
1.0,0.4615,0.6316,0.9079
0.7778,0.5,0.6087,0.8934
0.8421,0.3636,0.5079,0.8866
0.7368,0.4375,0.549,0.8887
0.8421,0.5333,0.6531,0.9013
0.9474,0.3462,0.507,0.8248
0.7368,0.3784,0.5,0.8398
0.9444,0.5313,0.68,0.9354
0.9444,0.4722,0.6296,0.9511
0.6667,0.375,0.48,0.8537
0.8333,0.3659,0.5085,0.8701
0.7778,0.359,0.4912,0.8556
0.8421,0.3556,0.5,0.875
0.7895,0.5,0.6122,0.9193
0.8947,0.3953,0.5484,0.914
0.8421,0.3902,0.5333,0.8749
0.8947,0.3864,0.5397,0.9241
0.8333,0.3846,0.5263,0.8952
0.8889,0.4211,0.5714,0.8989
0.8333,0.375,0.5172,0.9058
0.7778,0.4828,0.5957,0.891
0.9444,0.3778,0.5397,0.8714
0.7368,0.4,0.5185,0.8502
0.9474,0.4865,0.6429,0.9512
0.5789,0.3143,0.4074,0.8145
0.8947,0.425,0.5763,0.886
0.7895,0.375,0.5085,0.8759
0.9444,0.3953,0.5574,0.9108
0.7222,0.3333,0.4561,0.8381
0.8889,0.4324,0.5818,0.931
0.7778,0.359,0.4912,0.877
0.7222,0.3421,0.4643,0.8024
0.7895,0.4286,0.5556,0.8553
0.8421,0.4211,0.5614,0.8877
0.9474,0.4186,0.5806,0.9122
0.7895,0.3488,0.4839,0.8719
0.7368,0.359,0.4828,0.8521
0.9444,0.4857,0.6415,0.9489
0.8333,0.3409,0.4839,0.8593
0.9444,0.3953,0.5574,0.877
0.8333,0.4545,0.5882,0.8807
0.7778,0.3889,0.5185,0.8733
0.7368,0.4667,0.5714,0.9008
0.6842,0.3824,0.4906,0.8682
0.8421,0.4571,0.5926,0.918
1.0,0.4043,0.5758,0.905
0.7368,0.5,0.5957,0.8855
0.7778,0.35,0.4828,0.8519
0.7778,0.4118,0.5385,0.9127
0.8333,0.3947,0.5357,0.8937
0.8889,0.4444,0.5926,0.8921
0.7222,0.3333,0.4561,0.8444
0.7895,0.5769,0.6667,0.8897
0.8947,0.3864,0.5397,0.9297
0.8421,0.3478,0.4923,0.8679
0.8421,0.4444,0.5818,0.9073
0.7895,0.3947,0.5263,0.8837
0.8421,0.5161,0.64,0.9198
0.7895,0.3488,0.4839,0.854
0.8947,0.3864,0.5397,0.8846
0.7778,0.3333,0.4667,0.8331
0.7778,0.3784,0.5091,0.8529
0.8333,0.5,0.625,0.9204
0.8333,0.375,0.5172,0.8825
1.0,0.383,0.5538,0.9677
0.7895,0.4054,0.5357,0.8962
0.8421,0.5,0.6275,0.9108
0.7222,0.4194,0.5306,0.9029
0.9444,0.4048,0.5667,0.9164
0.7222,0.3514,0.4727,0.8452
0.6111,0.3143,0.4151,0.7963
1.0,0.4615,0.6316,0.945
0.7895,0.3488,0.4839,0.8783
0.8947,0.3778,0.5313,0.8621
0.7895,0.4545,0.5769,0.8846
0.6842,0.3514,0.4643,0.8411
0.9474,0.4865,0.6429,0.9211
0.7778,0.3784,0.5091,0.8799
0.7778,0.3415,0.4746,0.8667
0.8889,0.3902,0.5424,0.8923
0.8889,0.4444,0.5926,0.9561
0.8333,0.3488,0.4918,0.8458
0.8421,0.4211,0.5614,0.8712
0.6316,0.3871,0.48,0.8545
0.8947,0.3778,0.5313,0.9026
0.6842,0.3611,0.4727,0.8048
0.8947,0.4595,0.6071,0.9211
0.8333,0.3571,0.5,0.8545
0.8333,0.3846,0.5263,0.9127
0.7222,0.3611,0.4815,0.8558
1.0,0.4865,0.6545,0.9019
1.0,0.4737,0.6429,0.9458
0.8421,0.3404,0.4848,0.8216
0.6842,0.3939,0.5,0.8631
0.9474,0.45,0.6102,0.9499
0.8947,0.3778,0.5313,0.9013
0.7895,0.4054,0.5357,0.901
0.8333,0.4545,0.5882,0.9037
0.9444,0.3778,0.5397,0.8799
0.7778,0.35,0.4828,0.8532
0.7778,0.4118,0.5385,0.8839
0.7778,0.4242,0.549,0.8767
0.8421,0.4706,0.6038,0.8975
0.8421,0.4211,0.5614,0.8823
0.6316,0.3429,0.4444,0.8408
0.7895,0.4839,0.6,0.8845
0.8947,0.4474,0.5965,0.9033
0.8333,0.4412,0.5769,0.8865
0.9444,0.5484,0.6939,0.9537
0.8889,0.4571,0.6038,0.9381
0.8333,0.3571,0.5,0.8653
0.7222,0.3611,0.4815,0.8831
1.0,0.3725,0.5429,0.8773
0.8421,0.4444,0.5818,0.8747
0.6316,0.2791,0.3871,0.8122
0.8947,0.5152,0.6538,0.9183
0.8421,0.381,0.5246,0.8539
0.8889,0.4,0.5517,0.8923
0.7778,0.3182,0.4516,0.8376
0.7222,0.3714,0.4906,0.8812
0.8333,0.4545,0.5882,0.8688
0.8333,0.375,0.5172,0.8796
0.7368,0.4242,0.5385,0.8565
0.8421,0.4103,0.5517,0.9061
0.8421,0.3902,0.5333,0.8682
0.8947,0.3864,0.5397,0.905
0.7368,0.4242,0.5385,0.8699
0.8333,0.4167,0.5556,0.8915
0.6111,0.3667,0.4583,0.8722
0.9444,0.4359,0.5965,0.9085
0.8333,0.4167,0.5556,0.8619
0.7222,0.4333,0.5417,0.8918
0.8947,0.3696,0.5231,0.8988
1.0,0.4524,0.623,0.9092
0.8947,0.3778,0.5313,0.8909
0.8421,0.381,0.5246,0.8784
0.8421,0.4571,0.5926,0.9429
0.7895,0.3191,0.4545,0.8474
0.7895,0.3571,0.4918,0.8489
0.7895,0.4412,0.566,0.8798
0.9444,0.4595,0.6182,0.9328
0.8889,0.4706,0.6154,0.9407
0.8333,0.375,0.5172,0.882
0.7778,0.4375,0.56,0.8849
0.7222,0.3023,0.4262,0.8042
0.8421,0.4,0.5424,0.887
0.8421,0.381,0.5246,0.9165
0.8333,0.3261,0.4688,0.882
0.7778,0.4375,0.56,0.8989
0.9444,0.3696,0.5313,0.8931
0.7222,0.4063,0.52,0.8675
0.8889,0.3404,0.4923,0.8746
0.8947,0.3953,0.5484,0.899
0.8947,0.4048,0.5574,0.8775
0.7895,0.4054,0.5357,0.8849
0.7895,0.3659,0.5,0.8464
0.8421,0.3333,0.4776,0.8589
0.8889,0.4324,0.5818,0.9063
0.9444,0.425,0.5862,0.9426
0.8333,0.4412,0.5769,0.9093
0.7778,0.4375,0.56,0.8902
0.7778,0.3182,0.4516,0.8627
0.7895,0.4839,0.6,0.8902
0.7895,0.375,0.5085,0.8699
0.8947,0.4048,0.5574,0.8914
0.7895,0.4167,0.5455,0.8762
0.8421,0.3265,0.4706,0.8569
0.6667,0.3429,0.4528,0.8495
0.6667,0.3,0.4138,0.8542
0.7778,0.5,0.6087,0.9278
0.9444,0.4146,0.5763,0.9143
0.5556,0.2778,0.3704,0.7815
0.8421,0.4211,0.5614,0.8973
0.7368,0.5,0.5957,0.8798
0.8947,0.4595,0.6071,0.9256
1.0,0.4043,0.5758,0.8987
0.8421,0.4571,0.5926,0.9175
0.9444,0.3696,0.5313,0.896
0.7778,0.3889,0.5185,0.9235
0.8333,0.3947,0.5357,0.896
0.7222,0.3824,0.5,0.8852
0.8333,0.3846,0.5263,0.8405
0.7368,0.4667,0.5714,0.8975
0.7368,0.3889,0.5091,0.8444
0.8947,0.4474,0.5965,0.9276
0.7895,0.3659,0.5,0.8689
0.7368,0.3043,0.4308,0.8596
1.0,0.375,0.5455,0.9249
0.7778,0.359,0.4912,0.8463
0.7778,0.3182,0.4516,0.8437
0.9444,0.4474,0.6071,0.9214
0.7222,0.3824,0.5,0.8733
0.8421,0.381,0.5246,0.8783
0.7895,0.4054,0.5357,0.8674
0.7895,0.3947,0.5263,0.9028
0.8947,0.3696,0.5231,0.8536
0.7895,0.3333,0.4688,0.8767
0.7778,0.3889,0.5185,0.8894
0.7778,0.3684,0.5,0.8627
0.7778,0.4242,0.549,0.8923
0.8889,0.4571,0.6038,0.8836
0.7778,0.3889,0.5185,0.8743
0.8947,0.4474,0.5965,0.9084
0.8421,0.4,0.5424,0.8704
0.8947,0.4048,0.5574,0.9092
0.8947,0.4048,0.5574,0.9055
0.6842,0.3171,0.4333,0.8373
0.7778,0.4,0.5283,0.8979
0.8889,0.4571,0.6038,0.9056
0.8333,0.3947,0.5357,0.8563
0.8333,0.4286,0.566,0.8971
0.8333,0.3846,0.5263,0.8762
0.9474,0.4865,0.6429,0.9466
0.8947,0.3333,0.4857,0.898
0.6842,0.3939,0.5,0.8823
0.9474,0.45,0.6102,0.9273
0.8421,0.4103,0.5517,0.8692
0.9444,0.4048,0.5667,0.9135
0.7222,0.3333,0.4561,0.8542
0.7778,0.3415,0.4746,0.8452
0.7778,0.4118,0.5385,0.8974
0.9444,0.3696,0.5313,0.8966
0.7368,0.4516,0.56,0.8636
0.6842,0.3611,0.4727,0.8586
1.0,0.4634,0.6333,0.8877
0.8421,0.381,0.5246,0.894
0.7895,0.4688,0.5882,0.9045
0.7778,0.4,0.5283,0.864
0.8889,0.3721,0.5246,0.877
0.6667,0.3243,0.4364,0.8026
0.8889,0.4706,0.6154,0.9373
0.8333,0.3125,0.4545,0.8537
0.7368,0.4118,0.5283,0.8831
0.6842,0.3421,0.4561,0.8413
1.0,0.4318,0.6032,0.9046
0.7895,0.3659,0.5,0.8667
0.8421,0.4324,0.5714,0.903
0.9444,0.3778,0.5397,0.8802
0.8333,0.4545,0.5882,0.9077
0.7778,0.3256,0.459,0.827
0.9444,0.4474,0.6071,0.927
0.6111,0.3548,0.449,0.8362
0.8947,0.425,0.5763,0.8823
0.8947,0.4048,0.5574,0.9246
0.7895,0.4688,0.5882,0.8616
0.9474,0.3913,0.5538,0.8722
0.8421,0.4706,0.6038,0.9238
0.8333,0.3571,0.5,0.8265
0.9444,0.4722,0.6296,0.9497
0.6667,0.3333,0.4444,0.8299
0.6667,0.3429,0.4528,0.823
0.6667,0.3333,0.4444,0.8063
0.8947,0.5,0.6415,0.9466
1.0,0.475,0.6441,0.9297
0.8947,0.4048,0.5574,0.9016
0.7368,0.4516,0.56,0.9098
0.8947,0.5152,0.6538,0.9494
0.8947,0.3696,0.5231,0.8737
0.9474,0.4737,0.6316,0.9124
0.8421,0.4,0.5424,0.8515
0.9444,0.4048,0.5667,0.9272
0.8333,0.375,0.5172,0.868
0.7222,0.3514,0.4727,0.8392
0.7222,0.325,0.4483,0.8368
0.7778,0.3889,0.5185,0.8669
0.8421,0.4,0.5424,0.8872
0.9474,0.3673,0.5294,0.8784
0.7778,0.4375,0.56,0.882
0.8333,0.5,0.625,0.9376
0.9444,0.3696,0.5313,0.9479
0.8333,0.375,0.5172,0.8579
0.6111,0.3438,0.44,0.8402
0.8947,0.3617,0.5152,0.8811
0.7895,0.4688,0.5882,0.9064
0.7895,0.3947,0.5263,0.8727
0.8421,0.3077,0.4507,0.8003
0.8421,0.4324,0.5714,0.8965
0.8889,0.4706,0.6154,0.9354
0.7222,0.4333,0.5417,0.8741
0.9444,0.4722,0.6296,0.9228
0.8333,0.3846,0.5263,0.8566
0.7778,0.3889,0.5185,0.9042
0.6316,0.3529,0.4528,0.8424
0.7895,0.3947,0.5263,0.8715
1.0,0.413,0.5846,0.9362
0.8947,0.4359,0.5862,0.8972
0.7895,0.3947,0.5263,0.8807
0.7222,0.3514,0.4727,0.8402
1.0,0.5143,0.6792,0.931
0.8889,0.4103,0.5614,0.8942
0.6667,0.3529,0.4615,0.8265
0.6667,0.4286,0.5217,0.8481
0.7368,0.4242,0.5385,0.8859
0.8421,0.3478,0.4923,0.8925
0.9474,0.4286,0.5902,0.9127
0.7895,0.3488,0.4839,0.8456
0.9474,0.4286,0.5902,0.8799
0.8333,0.4286,0.566,0.878
0.6667,0.3871,0.4898,0.8442
0.9444,0.4048,0.5667,0.9183
0.7222,0.3171,0.4407,0.85
0.8889,0.5161,0.6531,0.9146
0.8947,0.4359,0.5862,0.8563
0.8421,0.4444,0.5818,0.9269
0.8947,0.4722,0.6182,0.9178
0.8421,0.381,0.5246,0.8789
0.8947,0.425,0.5763,0.8977
0.8889,0.4848,0.6275,0.9127
0.9444,0.3864,0.5484,0.8799
0.8333,0.4054,0.5455,0.9257
0.8333,0.3333,0.4762,0.8685
0.8889,0.4706,0.6154,0.922
0.7368,0.3784,0.5,0.8661
0.8947,0.5,0.6415,0.9236
0.7368,0.3784,0.5,0.8241
0.9474,0.375,0.5373,0.9028
0.7895,0.375,0.5085,0.8682
0.8421,0.4211,0.5614,0.8808
0.7895,0.4286,0.5556,0.8689
0.8947,0.3269,0.4789,0.809
0.8333,0.4286,0.566,0.941
0.8333,0.4054,0.5455,0.9151
0.8889,0.5,0.64,0.9458
0.6111,0.3793,0.4681,0.8241
0.8333,0.4054,0.5455,0.8802
0.8947,0.4359,0.5862,0.896
0.8947,0.4359,0.5862,0.8895
0.8421,0.381,0.5246,0.8737
0.6842,0.4194,0.52,0.8828
0.9474,0.4865,0.6429,0.9461
0.7222,0.3171,0.4407,0.8384
0.8889,0.4211,0.5714,0.9095
0.6111,0.3333,0.4314,0.8553
0.8889,0.4324,0.5818,0.9304
0.8333,0.4054,0.5455,0.8841
0.8421,0.4103,0.5517,0.8857
0.9474,0.5143,0.6667,0.9409
0.8889,0.4103,0.5614,0.9188
0.8333,0.3571,0.5,0.8349
0.8889,0.4103,0.5614,0.8622
0.6667,0.3333,0.4444,0.8513
0.8333,0.4054,0.5455,0.8817
0.7895,0.4286,0.5556,0.8608
0.7895,0.4167,0.5455,0.8664
0.8947,0.3696,0.5231,0.8963
0.5263,0.3704,0.4348,0.8233
0.8947,0.4722,0.6182,0.904
0.7222,0.3611,0.4815,0.8394
0.8333,0.4286,0.566,0.9
0.8889,0.4103,0.5614,0.8778
0.8333,0.3261,0.4688,0.863
0.8333,0.4054,0.5455,0.9024
0.8421,0.3636,0.5079,0.8679
0.8947,0.3953,0.5484,0.9216
0.7895,0.4545,0.5769,0.9018
0.8947,0.4359,0.5862,0.915
0.9474,0.3913,0.5538,0.8907
0.8421,0.4,0.5424,0.8864
0.6316,0.3243,0.4286,0.7804
0.8947,0.4359,0.5862,0.8909
0.8333,0.4412,0.5769,0.904
0.7778,0.3889,0.5185,0.8884
0.8889,0.381,0.5333,0.8532
0.8889,0.381,0.5333,0.8878
0.7778,0.3889,0.5185,0.8537
0.6842,0.3333,0.4483,0.8699
0.9474,0.4737,0.6316,0.9155
0.9444,0.4595,0.6182,0.9243
0.9444,0.4359,0.5965,0.9201
0.8333,0.3846,0.5263,0.8548
0.9444,0.4359,0.5965,0.9074
0.8333,0.3846,0.5263,0.8608
0.6842,0.3095,0.4262,0.8047
0.7895,0.3947,0.5263,0.8851
0.6842,0.3611,0.4727,0.8431
0.8947,0.4359,0.5862,0.9233
0.6842,0.3095,0.4262,0.8085
0.8889,0.4706,0.6154,0.9254
0.9444,0.4359,0.5965,0.9185
0.6111,0.3667,0.4583,0.837
0.6667,0.3429,0.4528,0.8574
0.8333,0.4167,0.5556,0.8944
0.7368,0.3182,0.4444,0.8363
0.7368,0.4,0.5185,0.8634
0.8421,0.381,0.5246,0.8935
1.0,0.5,0.6667,0.9551
0.8421,0.4848,0.6154,0.9198
0.6111,0.2821,0.386,0.8122
0.9444,0.4595,0.6182,0.9241
0.9444,0.4048,0.5667,0.8706
0.7778,0.4118,0.5385,0.9108
0.9444,0.425,0.5862,0.8923
0.8947,0.4146,0.5667,0.8742
0.7368,0.3111,0.4375,0.8279
0.7895,0.4054,0.5357,0.8846
0.9474,0.45,0.6102,0.9419
0.8421,0.5,0.6275,0.9253
0.6842,0.3714,0.4815,0.8391
0.8947,0.4048,0.5574,0.9155
0.8421,0.4706,0.6038,0.875
0.9444,0.3269,0.4857,0.8577
0.8333,0.3947,0.5357,0.881
0.8333,0.4054,0.5455,0.8786
0.7778,0.3889,0.5185,0.8812
0.7778,0.3415,0.4746,0.8354
0.7895,0.4054,0.5357,0.8749
0.7368,0.359,0.4828,0.8496
0.9474,0.4186,0.5806,0.9157
1.0,0.4872,0.6552,0.9365
0.8421,0.3478,0.4923,0.8644
0.8333,0.4167,0.5556,0.922
0.8889,0.4848,0.6275,0.9034
0.8333,0.375,0.5172,0.9011
0.7222,0.3611,0.4815,0.8574
0.7778,0.3889,0.5185,0.8556
0.8947,0.4048,0.5574,0.8672
0.7895,0.4054,0.5357,0.8794
1.0,0.3913,0.5625,0.9296
0.7222,0.4194,0.5306,0.9021
0.8333,0.375,0.5172,0.9275
0.8333,0.4286,0.566,0.8849
0.8889,0.4,0.5517,0.8963
0.8421,0.4,0.5424,0.9081
0.7368,0.3415,0.4667,0.7905
0.7368,0.3415,0.4667,0.8654
0.8421,0.3721,0.5161,0.8679
0.8421,0.4706,0.6038,0.9008
0.9444,0.3696,0.5313,0.9193
0.8889,0.4103,0.5614,0.9233
0.8333,0.4412,0.5769,0.8897
0.8333,0.4286,0.566,0.887
0.8333,0.375,0.5172,0.8675
0.6842,0.3611,0.4727,0.8391
0.7895,0.3409,0.4762,0.832
0.8421,0.4706,0.6038,0.9071
0.7895,0.3571,0.4918,0.8617
0.7368,0.359,0.4828,0.8291
0.8889,0.3556,0.5079,0.8849
0.7222,0.3824,0.5,0.8831
0.8889,0.4103,0.5614,0.9053
0.8333,0.4839,0.6122,0.9582
0.7778,0.3256,0.459,0.8328
0.8947,0.425,0.5763,0.9271
0.7895,0.4412,0.566,0.8441
0.7368,0.4375,0.549,0.8469
0.7368,0.3889,0.5091,0.8501
0.8421,0.4103,0.5517,0.8799
0.9444,0.4359,0.5965,0.9161
0.8333,0.3571,0.5,0.8392
0.8889,0.4571,0.6038,0.9259
0.8333,0.375,0.5172,0.9119
0.8333,0.3261,0.4688,0.8873
0.7368,0.4828,0.5833,0.9221
0.8947,0.4474,0.5965,0.919
0.6316,0.3158,0.4211,0.7961
0.8947,0.3864,0.5397,0.8957
0.7368,0.4375,0.549,0.9183
0.7368,0.28,0.4058,0.8062
0.7368,0.4118,0.5283,0.8464
0.8947,0.3864,0.5397,0.8618
0.7778,0.3684,0.5,0.8841
1.0,0.3673,0.5373,0.9135
0.6667,0.3636,0.4706,0.8659
0.9444,0.4048,0.5667,0.9127
0.8889,0.5333,0.6667,0.9421
0.8421,0.3478,0.4923,0.8211
0.7368,0.4118,0.5283,0.894
0.7778,0.3889,0.5185,0.9138
0.8333,0.4412,0.5769,0.8884
0.7222,0.3023,0.4262,0.8407
0.7222,0.3939,0.5098,0.8397
1.0,0.3913,0.5625,0.9124
0.9474,0.4286,0.5902,0.94
0.7895,0.4054,0.5357,0.8998
0.5263,0.3226,0.4,0.833
0.8421,0.4211,0.5614,0.8887
0.8947,0.3864,0.5397,0.893
0.9444,0.3696,0.5313,0.8889
0.8889,0.3902,0.5424,0.8804
0.6667,0.3429,0.4528,0.8299
0.8333,0.5,0.625,0.9304
0.8889,0.381,0.5333,0.9135
0.7368,0.35,0.4746,0.8449
0.7368,0.4118,0.5283,0.8775
0.6842,0.4483,0.5417,0.8543
0.9474,0.4186,0.5806,0.9216
0.8947,0.4857,0.6296,0.892
0.8333,0.3846,0.5263,0.8619
0.7222,0.4063,0.52,0.9005
0.8333,0.375,0.5172,0.8635
0.7778,0.4242,0.549,0.869
0.8889,0.3404,0.4923,0.7937
0.7368,0.3333,0.459,0.8732
0.8421,0.4211,0.5614,0.9165
0.8421,0.4103,0.5517,0.9079
0.8421,0.3265,0.4706,0.8897
0.8947,0.4474,0.5965,0.9063
0.9444,0.4722,0.6296,0.9209
0.8889,0.6667,0.7619,0.909
0.7778,0.359,0.4912,0.846
0.9444,0.3208,0.4789,0.8712
0.8333,0.4167,0.5556,0.8741
0.7368,0.4516,0.56,0.9071
0.8947,0.4474,0.5965,0.9117
0.7368,0.5185,0.6087,0.8785
0.6842,0.4643,0.5532,0.9123
0.8421,0.3721,0.5161,0.8689
0.7778,0.3333,0.4667,0.8722
0.8333,0.4286,0.566,0.9172
0.8333,0.4688,0.6,0.9156
0.8333,0.4286,0.566,0.9103
0.7778,0.359,0.4912,0.8825
0.8421,0.4211,0.5614,0.8844
0.8421,0.3636,0.5079,0.8553
0.8421,0.3556,0.5,0.8712
0.8947,0.4722,0.6182,0.9183
0.8947,0.4857,0.6296,0.9195
0.9444,0.3696,0.5313,0.8802
0.7778,0.3415,0.4746,0.8458
0.7222,0.3421,0.4643,0.8418
0.6111,0.3548,0.449,0.7958
0.8333,0.3846,0.5263,0.8429
0.8421,0.4211,0.5614,0.9028
0.9474,0.4615,0.6207,0.918
0.9474,0.4286,0.5902,0.9061
0.8421,0.4324,0.5714,0.8917
0.8421,0.3902,0.5333,0.8902
0.9444,0.4359,0.5965,0.9516
0.7222,0.4063,0.52,0.8558
0.8889,0.3556,0.5079,0.8563
0.6111,0.3056,0.4074,0.7262
0.8889,0.4571,0.6038,0.9241
0.8421,0.5161,0.64,0.8871
0.8421,0.4211,0.5614,0.914
0.7895,0.3571,0.4918,0.8859
0.7368,0.35,0.4746,0.8652
0.8947,0.4595,0.6071,0.9103
0.8889,0.4103,0.5614,0.8915
0.7778,0.35,0.4828,0.8849
0.9444,0.5,0.6538,0.9272
0.9444,0.3864,0.5484,0.8926
0.7222,0.3421,0.4643,0.8463
0.7368,0.4242,0.5385,0.8811
0.7895,0.3947,0.5263,0.8312
0.7895,0.3488,0.4839,0.8598
1.0,0.3958,0.5672,0.903
0.7895,0.4688,0.5882,0.9145
0.7778,0.4,0.5283,0.8796
0.5556,0.2703,0.3636,0.8331
0.8333,0.4839,0.6122,0.9135
0.8889,0.4103,0.5614,0.8741
0.9444,0.3269,0.4857,0.872
0.7895,0.375,0.5085,0.8775
0.7895,0.3846,0.5172,0.893
0.7368,0.359,0.4828,0.8451
0.8947,0.3778,0.5313,0.907
0.8421,0.3721,0.5161,0.8787
0.8333,0.4286,0.566,0.8923
0.7778,0.3784,0.5091,0.8545
0.8889,0.381,0.5333,0.9063
1.0,0.4186,0.5902,0.9331
0.7222,0.3824,0.5,0.8823
0.7895,0.3488,0.4839,0.8608
0.8947,0.4359,0.5862,0.9248
0.7368,0.35,0.4746,0.8216
0.8947,0.3617,0.5152,0.8316
0.8421,0.3333,0.4776,0.8667
0.8889,0.4,0.5517,0.895
0.8889,0.4103,0.5614,0.8968
0.8889,0.4324,0.5818,0.9011
0.7222,0.3714,0.4906,0.8762
0.9444,0.4474,0.6071,0.9212
0.7895,0.3571,0.4918,0.8545
0.7368,0.4242,0.5385,0.8778
0.9474,0.4737,0.6316,0.9251
0.8947,0.4359,0.5862,0.8917
0.8421,0.381,0.5246,0.891
0.7778,0.3784,0.5091,0.8913
0.8889,0.3636,0.5161,0.8868
0.8333,0.3409,0.4839,0.8725
0.8889,0.4444,0.5926,0.8981
0.8889,0.4571,0.6038,0.9148
0.8421,0.4444,0.5818,0.8492
0.8947,0.3778,0.5313,0.9079
0.7895,0.5,0.6122,0.9352
0.8947,0.3864,0.5397,0.8902
0.7895,0.4167,0.5455,0.888
0.8333,0.3659,0.5085,0.8712
0.8889,0.4103,0.5614,0.9106
0.8333,0.3947,0.5357,0.9196
0.8889,0.4,0.5517,0.8899
0.9444,0.3091,0.4658,0.863
0.8421,0.4,0.5424,0.8666
0.7368,0.4375,0.549,0.9003
0.7895,0.4688,0.5882,0.8861
0.8947,0.4359,0.5862,0.8877
0.8421,0.4,0.5424,0.883
0.8947,0.3953,0.5484,0.8654
0.8947,0.4857,0.6296,0.8882
0.9474,0.439,0.6,0.9289
0.8333,0.4839,0.6122,0.9299
0.7222,0.3333,0.4561,0.8307
0.8333,0.5556,0.6667,0.9423
0.6667,0.3,0.4138,0.7807
0.8333,0.3846,0.5263,0.9008
0.9474,0.4,0.5625,0.89
0.8421,0.381,0.5246,0.8787
0.7222,0.5417,0.619,0.914
0.5556,0.2857,0.3774,0.8233
0.8889,0.5161,0.6531,0.8995
1.0,0.4615,0.6316,0.9275
0.7222,0.3824,0.5,0.8728
0.8421,0.3556,0.5,0.8692
0.9474,0.4286,0.5902,0.8844
0.7895,0.3488,0.4839,0.8887
0.8947,0.4722,0.6182,0.9333
0.9474,0.4286,0.5902,0.8907
0.7778,0.4242,0.549,0.8659
0.7222,0.3171,0.4407,0.8386
0.8333,0.375,0.5172,0.8767
0.8889,0.4848,0.6275,0.9209
0.8889,0.4444,0.5926,0.8915
0.9474,0.4186,0.5806,0.9114
0.6842,0.3611,0.4727,0.8398
0.7895,0.3571,0.4918,0.8811
0.8947,0.4722,0.6182,0.9125
0.7895,0.4054,0.5357,0.8925
0.7778,0.3684,0.5,0.8738
0.8889,0.4571,0.6038,0.8958
0.9444,0.425,0.5862,0.9167
0.7778,0.4242,0.549,0.9026
0.7778,0.4667,0.5833,0.8519
0.7368,0.35,0.4746,0.8699
0.8421,0.4103,0.5517,0.9104
0.9474,0.383,0.5455,0.895
0.8947,0.3953,0.5484,0.8794
0.7368,0.359,0.4828,0.8373
0.8333,0.3409,0.4839,0.8757
0.8333,0.3947,0.5357,0.8884
0.8889,0.3902,0.5424,0.8926
0.8333,0.3947,0.5357,0.8894
0.9444,0.4722,0.6296,0.9307
0.7895,0.4839,0.6,0.9046
0.7895,0.3846,0.5172,0.8717
1.0,0.413,0.5846,0.9383
1.0,0.475,0.6441,0.9268
0.8421,0.4324,0.5714,0.8895
0.9444,0.4722,0.6296,0.9063
0.9444,0.4359,0.5965,0.9167
0.8889,0.4324,0.5818,0.8981
0.7778,0.4,0.5283,0.8788
0.8333,0.4054,0.5455,0.8807
0.8947,0.34,0.4928,0.8479
0.6316,0.3429,0.4444,0.8079
0.8947,0.3617,0.5152,0.8907
0.8421,0.4211,0.5614,0.883
0.6842,0.2955,0.4127,0.7541
0.7778,0.4242,0.549,0.918
0.9444,0.5313,0.68,0.9228
0.8333,0.4054,0.5455,0.8921
0.8889,0.3404,0.4923,0.9061
0.9444,0.3778,0.5397,0.9011
0.8947,0.4146,0.5667,0.9061
0.7895,0.4412,0.566,0.9011
0.9474,0.4737,0.6316,0.913
0.6842,0.2955,0.4127,0.8015
0.9474,0.5294,0.6792,0.9333
0.8889,0.4324,0.5818,0.8995
0.8333,0.375,0.5172,0.882
0.7778,0.2979,0.4308,0.8437
1.0,0.5,0.6667,0.9595
0.7778,0.4667,0.5833,0.9
0.8947,0.3953,0.5484,0.8796
0.8421,0.5,0.6275,0.8909
0.7368,0.3889,0.5091,0.8396
0.8947,0.425,0.5763,0.913
0.7895,0.3333,0.4688,0.8158
0.8333,0.3947,0.5357,0.8857
0.8333,0.4545,0.5882,0.8931
0.8889,0.4,0.5517,0.9167
0.9444,0.425,0.5862,0.9146
0.8333,0.375,0.5172,0.872
0.6842,0.4194,0.52,0.8436
0.8947,0.3864,0.5397,0.9142
0.7368,0.3182,0.4444,0.8502
0.9474,0.383,0.5455,0.89
0.7895,0.5357,0.6383,0.918
0.7895,0.375,0.5085,0.8269
0.8421,0.4444,0.5818,0.9228
0.9474,0.36,0.5217,0.9074
0.6667,0.4138,0.5106,0.8664
0.9444,0.3617,0.5231,0.8884
0.6111,0.3667,0.4583,0.8587
0.8889,0.4848,0.6275,0.9053
0.7778,0.4516,0.5714,0.8974
0.8421,0.4444,0.5818,0.912
0.8947,0.3469,0.5,0.9158
0.7778,0.4375,0.56,0.8902
0.8333,0.4167,0.5556,0.8725
0.7778,0.3889,0.5185,0.8934
0.7778,0.3182,0.4516,0.8315
0.7222,0.4483,0.5532,0.8608
0.8421,0.3478,0.4923,0.8877
0.8947,0.4146,0.5667,0.9142
0.8947,0.4722,0.6182,0.9127
0.8421,0.5517,0.6667,0.9268
0.7368,0.3111,0.4375,0.8023
0.8333,0.4688,0.6,0.9143
0.7222,0.3611,0.4815,0.8825
0.7778,0.359,0.4912,0.8683
0.7222,0.3714,0.4906,0.8635
0.8333,0.4412,0.5769,0.9114
0.7368,0.4516,0.56,0.8687
0.8947,0.3778,0.5313,0.8679
0.7895,0.3409,0.4762,0.8408
0.8421,0.3636,0.5079,0.8704
0.8421,0.4571,0.5926,0.9085
0.8333,0.3488,0.4918,0.8765
0.8889,0.3902,0.5424,0.8929
0.8889,0.3721,0.5246,0.9122
0.7778,0.4375,0.56,0.8889
0.7222,0.3714,0.4906,0.8772
0.8947,0.5,0.6415,0.9198
0.9474,0.4737,0.6316,0.9157
0.5789,0.2973,0.3929,0.8057
0.7895,0.375,0.5085,0.8784
0.8947,0.4359,0.5862,0.9253
0.6842,0.4483,0.5417,0.856
0.8421,0.4706,0.6038,0.8914
0.8421,0.381,0.5246,0.8717
0.7778,0.35,0.4828,0.8611
0.8333,0.4545,0.5882,0.9251
0.9444,0.4359,0.5965,0.9177
0.8889,0.3556,0.5079,0.8582
0.8333,0.4286,0.566,0.896
0.7368,0.3784,0.5,0.8847
0.7368,0.4,0.5185,0.9108
0.8889,0.3404,0.4923,0.8272
0.7778,0.4,0.5283,0.9
0.7778,0.4242,0.549,0.9032
0.8333,0.4688,0.6,0.878
0.8333,0.3488,0.4918,0.864
0.8947,0.4048,0.5574,0.8985
0.8947,0.4146,0.5667,0.9079
0.8421,0.3265,0.4706,0.8596
0.7368,0.4375,0.549,0.8627
0.8421,0.381,0.5246,0.8549
0.7778,0.4118,0.5385,0.8635
0.7778,0.4,0.5283,0.8497
0.8889,0.3404,0.4923,0.922
0.9444,0.3953,0.5574,0.9079
0.8333,0.3488,0.4918,0.8661
0.9474,0.45,0.6102,0.9165
0.9474,0.5455,0.6923,0.9319
0.7368,0.4118,0.5283,0.8902
1.0,0.413,0.5846,0.9208
0.6842,0.3611,0.4727,0.8429
0.8333,0.3846,0.5263,0.8886
0.7778,0.359,0.4912,0.8381
0.8889,0.3902,0.5424,0.8778
0.8333,0.375,0.5172,0.9085
0.8333,0.3846,0.5263,0.8635
0.7895,0.5,0.6122,0.9069
0.7895,0.4167,0.5455,0.9028
0.8947,0.4048,0.5574,0.9001
0.9474,0.4737,0.6316,0.9341
0.7895,0.4054,0.5357,0.8784
0.8333,0.3947,0.5357,0.8831
0.7778,0.4375,0.56,0.8886
0.9444,0.4146,0.5763,0.9148
0.8333,0.375,0.5172,0.8847
0.6111,0.3143,0.4151,0.8212
0.8947,0.4359,0.5862,0.8882
0.7895,0.3846,0.5172,0.8626
0.7895,0.4286,0.5556,0.8894
0.7895,0.4412,0.566,0.8857
0.7895,0.3488,0.4839,0.8657
0.9444,0.3953,0.5574,0.9085
0.7222,0.2955,0.4194,0.7899
0.9444,0.4146,0.5763,0.9278
0.8889,0.4571,0.6038,0.9053
0.9444,0.3864,0.5484,0.9288
0.8947,0.4595,0.6071,0.919
0.5789,0.3929,0.4681,0.8618
0.8421,0.4211,0.5614,0.8965
0.8947,0.4048,0.5574,0.9306
0.8947,0.5152,0.6538,0.9494
0.7778,0.35,0.4828,0.8698
1.0,0.5143,0.6792,0.945
0.9444,0.4048,0.5667,0.8767
0.7778,0.3889,0.5185,0.8603
0.7778,0.3111,0.4444,0.8397
0.7895,0.3659,0.5,0.8899
0.7368,0.4118,0.5283,0.8479
0.7895,0.3846,0.5172,0.8601
0.6842,0.4483,0.5417,0.8619
0.7895,0.3261,0.4615,0.8674
0.6667,0.3158,0.4286,0.791
0.8889,0.4211,0.5714,0.8817
0.7222,0.3421,0.4643,0.8243
0.8889,0.3902,0.5424,0.9132
0.8889,0.4444,0.5926,0.918
1.0,0.4318,0.6032,0.9291
0.5263,0.4348,0.4762,0.8479
1.0,0.4524,0.623,0.9598
0.7368,0.4118,0.5283,0.8471
0.7895,0.3947,0.5263,0.8882
0.7222,0.3824,0.5,0.8627
0.8889,0.4103,0.5614,0.8995
0.7778,0.4516,0.5714,0.8884
0.9444,0.3617,0.5231,0.8992
0.7778,0.3784,0.5091,0.8643
0.8947,0.5152,0.6538,0.9165
0.6842,0.3611,0.4727,0.8565
0.8421,0.4324,0.5714,0.9236
0.8421,0.4444,0.5818,0.8952
0.9474,0.4286,0.5902,0.9243
0.6667,0.3333,0.4444,0.8534
0.9444,0.4857,0.6415,0.9177
0.7778,0.4242,0.549,0.8669
0.7778,0.3333,0.4667,0.8357
0.8889,0.3137,0.4638,0.8434
0.8421,0.4324,0.5714,0.8947
0.8421,0.4324,0.5714,0.898
0.8947,0.4595,0.6071,0.9061
RUSMaxBag
0.7895,0.4054,0.5357,0.8584
0.6842,0.3421,0.4561,0.8504
0.8889,0.5333,0.6667,0.9127
0.7778,0.3684,0.5,0.8331
0.7778,0.3889,0.5185,0.8799
0.7222,0.3333,0.4561,0.8071
0.6667,0.4,0.5,0.914
0.8947,0.5484,0.68,0.9395
0.7895,0.4286,0.5556,0.8823
0.7895,0.4286,0.5556,0.893
0.7895,0.5357,0.6383,0.9241
0.7368,0.4,0.5185,0.8642
0.7368,0.3889,0.5091,0.8209
0.7368,0.4375,0.549,0.918
0.8947,0.4722,0.6182,0.8922
0.8889,0.4,0.5517,0.8796
0.7778,0.4242,0.549,0.8899
0.8889,0.5161,0.6531,0.9196
0.8333,0.3846,0.5263,0.9058
0.7778,0.3415,0.4746,0.8526
0.6842,0.3824,0.4906,0.8629
0.8421,0.5333,0.6531,0.9228
0.7368,0.4,0.5185,0.8603
0.6842,0.3824,0.4906,0.8262
0.7368,0.4,0.5185,0.874
0.6667,0.4,0.5,0.85
0.7778,0.3111,0.4444,0.8283
0.8333,0.4545,0.5882,0.9132
0.7778,0.35,0.4828,0.854
0.8333,0.4839,0.6122,0.8791
0.8947,0.5313,0.6667,0.9313
0.8421,0.4444,0.5818,0.9093
0.8333,0.5,0.625,0.8894
0.9444,0.4857,0.6415,0.9503
0.8333,0.4167,0.5556,0.8942
0.6111,0.3667,0.4583,0.8175
0.7778,0.4118,0.5385,0.8794
0.7368,0.4,0.5185,0.8788
0.7368,0.3784,0.5,0.8834
0.6842,0.3939,0.5,0.8431
0.6842,0.3095,0.4262,0.803
0.7895,0.5357,0.6383,0.9
0.8889,0.5333,0.6667,0.9296
0.8333,0.3947,0.5357,0.895
0.7778,0.4,0.5283,0.8669
0.7222,0.4194,0.5306,0.8794
0.8333,0.4545,0.5882,0.9172
0.6316,0.2927,0.4,0.7702
0.8421,0.4,0.5424,0.8788
0.7895,0.4286,0.5556,0.9071
0.7895,0.3659,0.5,0.8669
0.8421,0.4324,0.5714,0.8817
0.8421,0.4571,0.5926,0.9157
0.8947,0.4048,0.5574,0.831
0.6842,0.3714,0.4815,0.858
0.8333,0.4839,0.6122,0.8672
0.6111,0.3143,0.4151,0.8243
0.8333,0.4545,0.5882,0.9222
0.7778,0.4118,0.5385,0.8672
0.7222,0.4333,0.5417,0.8817
0.8947,0.5862,0.7083,0.9622
0.8421,0.3902,0.5333,0.8694
0.6667,0.3636,0.4706,0.8574
0.6667,0.3636,0.4706,0.8288
0.7778,0.4118,0.5385,0.8997
0.8889,0.4103,0.5614,0.8794
0.9444,0.4048,0.5667,0.9278
0.6842,0.4194,0.52,0.8618
0.7368,0.4828,0.5833,0.8836
0.6842,0.3421,0.4561,0.8527
0.8421,0.3902,0.5333,0.8737
0.6316,0.4286,0.5106,0.8386
0.7778,0.3784,0.5091,0.864
0.7778,0.3889,0.5185,0.8611
0.7778,0.35,0.4828,0.8611
0.7222,0.3824,0.5,0.8749
0.8333,0.4167,0.5556,0.8995
0.7895,0.5769,0.6667,0.9233
0.9474,0.5143,0.6667,0.9266
0.8421,0.4324,0.5714,0.8796
0.7895,0.4286,0.5556,0.8947
0.7895,0.4054,0.5357,0.8571
0.7778,0.4,0.5283,0.8915
0.7778,0.4375,0.56,0.8839
0.8333,0.3846,0.5263,0.8937
0.7778,0.5,0.6087,0.8865
0.7222,0.4194,0.5306,0.8807
0.7895,0.4688,0.5882,0.9013
0.7368,0.359,0.4828,0.8249
0.8421,0.4706,0.6038,0.9213
0.9474,0.4286,0.5902,0.9326
0.7895,0.4286,0.5556,0.8955
0.5,0.36,0.4186,0.7995
0.7222,0.3333,0.4561,0.8603
0.7222,0.5,0.5909,0.8757
0.7222,0.4063,0.52,0.8698
0.6667,0.4286,0.5217,0.8857
0.9474,0.375,0.5373,0.8659
0.7895,0.4412,0.566,0.8914
0.9474,0.4865,0.6429,0.9127
0.8947,0.4722,0.6182,0.9145
0.8421,0.3404,0.4848,0.895
0.7778,0.3415,0.4746,0.8175
0.7778,0.4516,0.5714,0.8886
0.6667,0.5217,0.5854,0.9029
0.8889,0.5161,0.6531,0.9228
0.7778,0.4828,0.5957,0.8704
0.7895,0.4286,0.5556,0.8846
0.9474,0.4737,0.6316,0.9302
0.6842,0.3714,0.4815,0.8677
0.6842,0.3333,0.4483,0.8291
0.7368,0.359,0.4828,0.8596
0.8333,0.3947,0.5357,0.8741
0.8333,0.4839,0.6122,0.9212
0.8889,0.5714,0.6957,0.9341
0.7778,0.3684,0.5,0.887
0.7778,0.3784,0.5091,0.8701
0.7895,0.4167,0.5455,0.8672
0.7368,0.4375,0.549,0.8846
0.7895,0.4412,0.566,0.8818
0.6316,0.3871,0.48,0.8484
0.7895,0.375,0.5085,0.8885
0.9444,0.4048,0.5667,0.9373
0.8333,0.4545,0.5882,0.8918
0.7222,0.3611,0.4815,0.85
0.8333,0.4412,0.5769,0.8987
0.7778,0.3684,0.5,0.8574
0.7895,0.4054,0.5357,0.8666
0.8421,0.4324,0.5714,0.9112
0.8421,0.4706,0.6038,0.9044
0.8947,0.425,0.5763,0.8807
0.6842,0.3611,0.4727,0.8363
0.7778,0.35,0.4828,0.864
0.7222,0.4063,0.52,0.8923
0.7778,0.4667,0.5833,0.8955
0.9444,0.4359,0.5965,0.936
0.7778,0.3111,0.4444,0.8619
0.8421,0.4444,0.5818,0.8274
0.8947,0.5,0.6415,0.9509
0.6316,0.375,0.4706,0.8345
0.6842,0.3939,0.5,0.8414
0.8421,0.4444,0.5818,0.8962
0.8889,0.3902,0.5424,0.8728
0.8333,0.375,0.5172,0.8921
0.7222,0.4333,0.5417,0.8614
0.7222,0.3939,0.5098,0.8614
0.7778,0.3043,0.4375,0.868
0.7368,0.4242,0.5385,0.8973
0.8421,0.381,0.5246,0.8737
0.6316,0.4138,0.5,0.8912
0.6842,0.4063,0.5098,0.8659
0.7895,0.4688,0.5882,0.8774
0.7778,0.3889,0.5185,0.8664
0.8889,0.4444,0.5926,0.9159
0.8889,0.4103,0.5614,0.9362
0.7222,0.3514,0.4727,0.832
0.6667,0.3529,0.4615,0.8532
0.8421,0.3721,0.5161,0.8606
0.7895,0.5769,0.6667,0.9327
0.8947,0.4146,0.5667,0.9155
0.7368,0.4516,0.56,0.8328
0.7368,0.3784,0.5,0.8489
0.9444,0.3617,0.5231,0.8772
0.5556,0.3571,0.4348,0.8386
0.7778,0.4375,0.56,0.9294
0.5556,0.303,0.3922,0.8262
0.7778,0.4,0.5283,0.8667
0.8421,0.4706,0.6038,0.8965
0.7895,0.4167,0.5455,0.8839
0.7895,0.3409,0.4762,0.8684
0.7895,0.3947,0.5263,0.892
0.6842,0.4643,0.5532,0.8752
0.6667,0.375,0.48,0.8677
0.7778,0.4242,0.549,0.8876
0.5,0.25,0.3333,0.8034
1.0,0.4737,0.6429,0.8984
0.7222,0.4643,0.5652,0.9024
0.9474,0.3673,0.5294,0.8927
0.7895,0.4688,0.5882,0.8889
0.7895,0.4839,0.6,0.9028
0.9474,0.375,0.5373,0.8371
0.6842,0.4333,0.5306,0.8489
0.8333,0.5172,0.6383,0.9214
0.9444,0.5313,0.68,0.9458
0.6111,0.3438,0.44,0.8344
0.8889,0.4,0.5517,0.8688
0.7222,0.3824,0.5,0.8384
0.7368,0.4,0.5185,0.8813
0.8421,0.5,0.6275,0.9342
0.8947,0.4048,0.5574,0.9162
0.8947,0.4595,0.6071,0.8835
0.8421,0.4103,0.5517,0.9038
0.8333,0.3947,0.5357,0.8931
0.7222,0.3714,0.4906,0.8807
0.8333,0.4054,0.5455,0.914
0.6667,0.4286,0.5217,0.8865
0.8889,0.3721,0.5246,0.8841
0.6842,0.4333,0.5306,0.8563
0.8947,0.5,0.6415,0.9433
0.5263,0.3226,0.4,0.8019
0.8421,0.4444,0.5818,0.8762
0.7895,0.3947,0.5263,0.8649
0.9444,0.4146,0.5763,0.9185
0.6667,0.3636,0.4706,0.8529
0.8889,0.4706,0.6154,0.9267
0.7222,0.3611,0.4815,0.8873
0.7222,0.3611,0.4815,0.8024
0.6842,0.4063,0.5098,0.8537
0.7895,0.4412,0.566,0.8687
0.9474,0.5,0.6545,0.9324
0.6842,0.3421,0.4561,0.8514
0.6842,0.3714,0.4815,0.8619
0.9444,0.5152,0.6667,0.9571
0.8333,0.3409,0.4839,0.8455
0.9444,0.4048,0.5667,0.9024
0.7222,0.4483,0.5532,0.8899
0.7222,0.4643,0.5652,0.8656
0.6842,0.4815,0.5652,0.9056
0.6842,0.4063,0.5098,0.8601
0.7895,0.4286,0.5556,0.9211
0.9474,0.3913,0.5538,0.8985
0.6316,0.4444,0.5217,0.8742
0.7778,0.3784,0.5091,0.8735
0.7778,0.4516,0.5714,0.9053
0.7222,0.3611,0.4815,0.873
0.7778,0.4242,0.549,0.895
0.6667,0.3243,0.4364,0.8399
0.7368,0.5185,0.6087,0.8894
0.9474,0.439,0.6,0.9322
0.8947,0.4146,0.5667,0.8884
0.8421,0.4324,0.5714,0.9105
0.7895,0.4167,0.5455,0.884
0.8421,0.5161,0.64,0.9198
0.7368,0.3415,0.4667,0.8477
0.8421,0.4,0.5424,0.8821
0.7778,0.3333,0.4667,0.8402
0.7778,0.4,0.5283,0.869
0.7222,0.5652,0.6341,0.9106
0.7778,0.3889,0.5185,0.8831
1.0,0.45,0.6207,0.9521
0.7895,0.4167,0.5455,0.8975
0.7895,0.5172,0.625,0.8987
0.7778,0.4375,0.56,0.8976
0.8889,0.4211,0.5714,0.9005
0.6667,0.3243,0.4364,0.8508
0.6111,0.3438,0.44,0.8063
1.0,0.4615,0.6316,0.9511
0.8421,0.4103,0.5517,0.8869
0.8947,0.3778,0.5313,0.854
0.7895,0.5172,0.625,0.8874
0.6316,0.3529,0.4528,0.8446
0.8421,0.4848,0.6154,0.9183
0.7778,0.4242,0.549,0.8844
0.7778,0.359,0.4912,0.8693
0.7778,0.3784,0.5091,0.881
0.9444,0.5152,0.6667,0.9608
0.7222,0.3421,0.4643,0.8347
0.7368,0.4118,0.5283,0.8623
0.6316,0.4286,0.5106,0.8613
0.8421,0.3636,0.5079,0.8892
0.6316,0.3429,0.4444,0.8088
0.8947,0.5484,0.68,0.9218
0.6667,0.3333,0.4444,0.85
0.8333,0.4167,0.5556,0.9093
0.7222,0.3939,0.5098,0.8558
0.7778,0.4,0.5283,0.8807
0.8889,0.5,0.64,0.9426
0.8421,0.3556,0.5,0.8193
0.6316,0.4,0.4898,0.8522
0.9474,0.5,0.6545,0.9431
0.8947,0.4474,0.5965,0.8912
0.8421,0.4571,0.5926,0.9055
0.8889,0.4444,0.5926,0.8921
0.8889,0.4324,0.5818,0.8706
0.7778,0.35,0.4828,0.8608
0.8333,0.5357,0.6522,0.8947
0.7222,0.4333,0.5417,0.8762
0.7368,0.4516,0.56,0.9011
0.6842,0.3514,0.4643,0.8629
0.6316,0.375,0.4706,0.8345
0.7895,0.5172,0.625,0.8907
0.8421,0.4848,0.6154,0.8982
0.7778,0.4375,0.56,0.8815
0.8889,0.5161,0.6531,0.9503
0.8333,0.5357,0.6522,0.9333
0.7778,0.3684,0.5,0.8638
0.6667,0.375,0.48,0.8884
0.8421,0.3478,0.4923,0.8839
0.7895,0.4839,0.6,0.8793
0.6316,0.3333,0.4364,0.816
0.8947,0.5667,0.6939,0.911
0.8421,0.4,0.5424,0.8326
0.8333,0.4286,0.566,0.8929
0.7222,0.3714,0.4906,0.8529
0.7222,0.3611,0.4815,0.8508
0.7778,0.5,0.6087,0.8783
0.7778,0.3889,0.5185,0.8643
0.6842,0.4194,0.52,0.853
0.6842,0.3514,0.4643,0.8808
0.8421,0.4103,0.5517,0.8654
0.9474,0.4,0.5625,0.8962
0.6842,0.4063,0.5098,0.8729
0.8333,0.4054,0.5455,0.8844
0.6111,0.4231,0.5,0.8738
0.9444,0.4857,0.6415,0.8971
0.7778,0.3889,0.5185,0.8608
0.6667,0.4444,0.5333,0.8743
0.8947,0.3864,0.5397,0.8983
0.7895,0.4545,0.5769,0.8894
0.8421,0.4444,0.5818,0.8788
0.8421,0.4324,0.5714,0.8536
0.7895,0.5357,0.6383,0.9434
0.7895,0.3659,0.5,0.8527
0.6842,0.3421,0.4561,0.8219
0.7895,0.5556,0.6522,0.8851
0.9444,0.5,0.6538,0.9503
0.8333,0.5,0.625,0.9331
0.8333,0.375,0.5172,0.8976
0.6111,0.4074,0.4889,0.8741
0.7222,0.3421,0.4643,0.8183
0.8421,0.4444,0.5818,0.905
0.8421,0.4,0.5424,0.917
0.7778,0.35,0.4828,0.8762
0.7222,0.4333,0.5417,0.8995
0.8889,0.4,0.5517,0.8984
0.6111,0.4231,0.5,0.85
0.7778,0.3684,0.5,0.8614
0.8421,0.4444,0.5818,0.9021
0.7895,0.375,0.5085,0.8788
0.7895,0.4412,0.566,0.854
0.6316,0.3243,0.4286,0.818
0.7895,0.3846,0.5172,0.8617
0.7778,0.4242,0.549,0.891
0.9444,0.4359,0.5965,0.9508
0.7778,0.4828,0.5957,0.8913
0.7222,0.4194,0.5306,0.8812
0.6667,0.3158,0.4286,0.8529
0.7895,0.4545,0.5769,0.8707
0.8421,0.4103,0.5517,0.8849
0.8947,0.4474,0.5965,0.8955
0.7895,0.4545,0.5769,0.8777
0.7368,0.35,0.4746,0.8692
0.6667,0.3529,0.4615,0.8519
0.6111,0.3235,0.4231,0.8561
0.7778,0.56,0.6512,0.9349
0.9444,0.425,0.5862,0.9103
0.5556,0.3125,0.4,0.7733
0.7895,0.4286,0.5556,0.8993
0.7368,0.5,0.5957,0.8785
0.8947,0.4857,0.6296,0.9175
0.9474,0.4091,0.5714,0.9
0.8421,0.4571,0.5926,0.9053
0.8889,0.3556,0.5079,0.8981
0.7778,0.4828,0.5957,0.9347
0.7778,0.4242,0.549,0.8706
0.6111,0.3235,0.4231,0.8804
0.6667,0.375,0.48,0.832
0.7368,0.4667,0.5714,0.9026
0.7368,0.3889,0.5091,0.8522
0.8421,0.5,0.6275,0.9198
0.7368,0.4,0.5185,0.8584
0.7895,0.375,0.5085,0.8609
0.9444,0.425,0.5862,0.9257
0.7778,0.4,0.5283,0.8635
0.7222,0.3333,0.4561,0.8376
0.8889,0.4444,0.5926,0.922
0.6667,0.3636,0.4706,0.864
0.8421,0.4103,0.5517,0.8957
0.7895,0.4286,0.5556,0.855
0.7895,0.4412,0.566,0.9046
0.8421,0.4,0.5424,0.8591
0.7895,0.3571,0.4918,0.8737
0.7222,0.3714,0.4906,0.8791
0.6667,0.4138,0.5106,0.8532
0.7222,0.4483,0.5532,0.8854
0.7778,0.4242,0.549,0.8881
0.8333,0.4412,0.5769,0.8796
0.7895,0.4688,0.5882,0.8856
0.7368,0.3684,0.4912,0.8641
0.8421,0.4211,0.5614,0.8942
0.8421,0.4,0.5424,0.895
0.6842,0.3333,0.4483,0.8414
0.6667,0.4,0.5,0.8738
0.8889,0.4706,0.6154,0.8981
0.7222,0.4063,0.52,0.8397
0.7778,0.4242,0.549,0.8979
0.7222,0.3824,0.5,0.8656
0.9474,0.4865,0.6429,0.9547
0.8947,0.3778,0.5313,0.898
0.6842,0.4333,0.5306,0.8935
0.9474,0.4865,0.6429,0.9338
0.7895,0.3947,0.5263,0.8491
0.9444,0.4359,0.5965,0.9016
0.7222,0.3514,0.4727,0.878
0.8333,0.3846,0.5263,0.8521
0.7222,0.4483,0.5532,0.8738
0.7778,0.3684,0.5,0.8651
0.6842,0.4815,0.5652,0.8626
0.7368,0.4242,0.5385,0.8588
0.8421,0.4324,0.5714,0.8727
0.8947,0.3953,0.5484,0.9221
0.7368,0.5385,0.6222,0.8845
0.7222,0.3714,0.4906,0.8603
0.8889,0.3902,0.5424,0.8632
0.6111,0.3143,0.4151,0.8098
0.8889,0.4571,0.6038,0.9347
0.8333,0.3333,0.4762,0.8368
0.6842,0.4063,0.5098,0.8823
0.5789,0.3235,0.4151,0.8332
0.8947,0.4146,0.5667,0.9021
0.6842,0.3611,0.4727,0.8584
0.7895,0.4412,0.566,0.8937
0.8889,0.4211,0.5714,0.8688
0.8333,0.4839,0.6122,0.8963
0.6667,0.3158,0.4286,0.7947
0.8333,0.4545,0.5882,0.9288
0.6111,0.3793,0.4681,0.8333
0.7895,0.4167,0.5455,0.8732
0.8421,0.4444,0.5818,0.9084
0.8421,0.5161,0.64,0.8717
0.8947,0.3953,0.5484,0.8759
0.7895,0.5357,0.6383,0.9236
0.6111,0.3438,0.44,0.8381
0.9444,0.4474,0.6071,0.9495
0.6111,0.3235,0.4231,0.822
0.6667,0.3529,0.4615,0.8344
0.5556,0.3333,0.4167,0.8124
0.8947,0.5,0.6415,0.9375
0.9474,0.4737,0.6316,0.9289
0.8421,0.3902,0.5333,0.9071
0.7368,0.5,0.5957,0.901
0.8947,0.5667,0.6939,0.9516
0.9474,0.4,0.5625,0.8907
0.7895,0.4688,0.5882,0.9162
0.8421,0.4211,0.5614,0.8436
0.9444,0.4146,0.5763,0.9381
0.6111,0.3056,0.4074,0.8553
0.7222,0.3824,0.5,0.8394
0.6667,0.3529,0.4615,0.8315
0.7222,0.4194,0.5306,0.8847
0.8421,0.4324,0.5714,0.8832
0.9474,0.383,0.5455,0.8947
0.7222,0.4815,0.5778,0.8778
0.8333,0.5769,0.6818,0.9376
0.9444,0.3864,0.5484,0.9267
0.7778,0.3889,0.5185,0.8638
0.6111,0.3793,0.4681,0.8328
0.8947,0.425,0.5763,0.8963
0.7368,0.5,0.5957,0.9114
0.5263,0.303,0.3846,0.8727
0.7895,0.3261,0.4615,0.8178
0.8421,0.4706,0.6038,0.8875
0.9444,0.5,0.6538,0.9392
0.7222,0.4194,0.5306,0.8735
0.7778,0.4118,0.5385,0.9146
0.7778,0.4,0.5283,0.8741
0.7778,0.4516,0.5714,0.9111
0.6842,0.4063,0.5098,0.8421
0.7895,0.4412,0.566,0.8626
0.9474,0.4737,0.6316,0.9284
0.8421,0.4,0.5424,0.8872
0.7895,0.4412,0.566,0.8827
0.7222,0.3714,0.4906,0.8362
0.8889,0.4706,0.6154,0.9151
0.8889,0.4444,0.5926,0.9013
0.6667,0.3333,0.4444,0.814
0.6667,0.4138,0.5106,0.8407
0.7368,0.4242,0.5385,0.896
0.8421,0.3636,0.5079,0.8917
0.8421,0.4444,0.5818,0.9006
0.7368,0.3889,0.5091,0.8358
0.8421,0.381,0.5246,0.8872
0.7778,0.4242,0.549,0.8944
0.6667,0.4138,0.5106,0.8529
0.9444,0.4359,0.5965,0.9108
0.6667,0.3636,0.4706,0.8466
0.8333,0.5172,0.6383,0.9063
0.7368,0.4118,0.5283,0.8644
0.8421,0.4571,0.5926,0.9426
0.8421,0.4571,0.5926,0.894
0.7895,0.3846,0.5172,0.8797
0.8947,0.4359,0.5862,0.9218
0.8889,0.4324,0.5818,0.9116
0.8333,0.3659,0.5085,0.8601
0.8889,0.4571,0.6038,0.927
0.7778,0.35,0.4828,0.8717
0.8889,0.5333,0.6667,0.9341
0.5263,0.3125,0.3922,0.8391
0.8421,0.4848,0.6154,0.9079
0.6842,0.4063,0.5098,0.8487
0.8421,0.3721,0.5161,0.8752
0.7368,0.3889,0.5091,0.8632
0.8421,0.4848,0.6154,0.8904
0.7368,0.4375,0.549,0.8646
0.7895,0.3261,0.4615,0.8216
0.8333,0.5,0.625,0.9275
0.8333,0.4054,0.5455,0.8989
0.8333,0.5172,0.6383,0.9442
0.6111,0.4231,0.5,0.819
0.8333,0.4054,0.5455,0.8788
0.8947,0.425,0.5763,0.8945
0.8947,0.4857,0.6296,0.8734
0.7895,0.4054,0.5357,0.8783
0.6842,0.5652,0.619,0.8823
0.9474,0.5294,0.6792,0.9395
0.7778,0.3784,0.5091,0.8709
0.8333,0.4839,0.6122,0.8952
0.6667,0.375,0.48,0.8563
0.8333,0.4839,0.6122,0.9286
0.7222,0.3824,0.5,0.8706
0.7895,0.4412,0.566,0.8957
0.8947,0.5,0.6415,0.9286
0.8333,0.4839,0.6122,0.9034
0.7222,0.3611,0.4815,0.8373
0.8889,0.4324,0.5818,0.8735
0.6667,0.3636,0.4706,0.8574
0.8333,0.4054,0.5455,0.8693
0.7895,0.4412,0.566,0.8522
0.7368,0.4242,0.5385,0.8606
0.8421,0.381,0.5246,0.8823
0.5263,0.4167,0.4651,0.806
0.8421,0.5,0.6275,0.9083
0.7222,0.3824,0.5,0.8429
0.7778,0.4242,0.549,0.8937
0.8333,0.3947,0.5357,0.8608
0.8333,0.3571,0.5,0.8783
0.8333,0.3488,0.4918,0.8778
0.8421,0.3902,0.5333,0.8644
0.8947,0.3778,0.5313,0.9254
0.6316,0.375,0.4706,0.8785
0.7895,0.4545,0.5769,0.8917
0.9474,0.383,0.5455,0.8805
0.7368,0.4,0.5185,0.8897
0.5263,0.2857,0.3704,0.7852
0.7895,0.3947,0.5263,0.8806
0.7778,0.4828,0.5957,0.8971
0.7222,0.3939,0.5098,0.8783
0.7222,0.4063,0.52,0.8489
0.7778,0.3333,0.4667,0.8632
0.7222,0.4063,0.52,0.8569
0.6842,0.3714,0.4815,0.8779
0.8947,0.4722,0.6182,0.9098
0.9444,0.5,0.6538,0.9312
0.8889,0.4706,0.6154,0.9325
0.8333,0.4286,0.566,0.8767
0.8889,0.4571,0.6038,0.9077
0.7222,0.3939,0.5098,0.8561
0.6842,0.2955,0.4127,0.7925
0.6842,0.4194,0.52,0.8679
0.6316,0.3636,0.4615,0.8345
0.8947,0.4359,0.5862,0.9165
0.6316,0.2791,0.3871,0.8028
0.7778,0.4667,0.5833,0.9288
0.9444,0.5,0.6538,0.9114
0.6667,0.3636,0.4706,0.8352
0.6111,0.3548,0.449,0.8595
0.7778,0.4,0.5283,0.8828
0.7895,0.3659,0.5,0.832
0.7368,0.4375,0.549,0.8785
0.7895,0.4286,0.5556,0.8937
0.8947,0.5484,0.68,0.9549
0.8421,0.5161,0.64,0.9058
0.6667,0.3429,0.4528,0.8238
0.8889,0.4444,0.5926,0.8981
0.8889,0.3902,0.5424,0.869
0.6667,0.4615,0.5455,0.914
0.9444,0.4359,0.5965,0.9077
0.7895,0.4054,0.5357,0.8494
0.7895,0.3659,0.5,0.8332
0.7895,0.4167,0.5455,0.8831
0.8947,0.4474,0.5965,0.9421
0.8421,0.5926,0.6957,0.9266
0.6316,0.3636,0.4615,0.8459
0.8421,0.4324,0.5714,0.9094
0.8421,0.5161,0.64,0.8677
0.8889,0.3333,0.4848,0.8651
0.7222,0.3824,0.5,0.8738
0.7778,0.4,0.5283,0.8701
0.7222,0.4194,0.5306,0.8714
0.7222,0.3514,0.4727,0.836
0.7895,0.3947,0.5263,0.8754
0.7368,0.4,0.5185,0.8388
0.8421,0.4324,0.5714,0.8879
0.9474,0.5,0.6545,0.9375
0.8421,0.4,0.5424,0.8623
0.8889,0.4706,0.6154,0.9267
0.7778,0.5,0.6087,0.8952
0.8333,0.4054,0.5455,0.905
0.7222,0.3939,0.5098,0.8529
0.6667,0.3429,0.4528,0.8442
0.8421,0.4,0.5424,0.8827
0.8421,0.5,0.6275,0.8815
0.9444,0.4359,0.5965,0.9275
0.7222,0.4333,0.5417,0.8984
0.7778,0.3889,0.5185,0.9212
0.7778,0.3784,0.5091,0.8823
0.8333,0.3846,0.5263,0.9066
0.7368,0.3889,0.5091,0.8912
0.6316,0.375,0.4706,0.7958
0.6316,0.3871,0.48,0.8672
0.7895,0.3947,0.5263,0.8642
0.6316,0.4286,0.5106,0.8719
0.8333,0.375,0.5172,0.9061
0.8333,0.4412,0.5769,0.9254
0.7222,0.4333,0.5417,0.8839
0.7778,0.3889,0.5185,0.8852
0.8333,0.3846,0.5263,0.8767
0.6316,0.375,0.4706,0.8434
0.7368,0.3784,0.5,0.8264
0.8421,0.4706,0.6038,0.9195
0.7895,0.3947,0.5263,0.8789
0.7368,0.3684,0.4912,0.8398
0.8333,0.4054,0.5455,0.8759
0.7222,0.3939,0.5098,0.8812
0.8333,0.3947,0.5357,0.8974
0.8889,0.5333,0.6667,0.9571
0.7778,0.35,0.4828,0.836
0.8421,0.4571,0.5926,0.9117
0.8421,0.5161,0.64,0.8778
0.7368,0.4667,0.5714,0.8545
0.7368,0.3784,0.5,0.8431
0.7895,0.4054,0.5357,0.9043
0.8889,0.5,0.64,0.9296
0.8333,0.3947,0.5357,0.8405
0.8333,0.5,0.625,0.9138
0.8333,0.3947,0.5357,0.8862
0.8333,0.3659,0.5085,0.8706
0.7895,0.6,0.6818,0.9365
0.8947,0.4359,0.5862,0.9157
0.6316,0.3529,0.4528,0.8322
0.8947,0.425,0.5763,0.8907
0.6842,0.4483,0.5417,0.9078
0.6842,0.2955,0.4127,0.8163
0.6316,0.3871,0.48,0.8492
0.8421,0.3902,0.5333,0.855
0.6667,0.3871,0.4898,0.8783
1.0,0.383,0.5538,0.8979
0.6667,0.4,0.5,0.8585
0.8333,0.3659,0.5085,0.8923
0.8333,0.5172,0.6383,0.9315
0.8421,0.4103,0.5517,0.8311
0.7368,0.4242,0.5385,0.8907
0.7778,0.4516,0.5714,0.913
0.8333,0.4167,0.5556,0.8918
0.7222,0.3171,0.4407,0.8479
0.6667,0.375,0.48,0.8349
1.0,0.4091,0.5806,0.9161
0.9474,0.4737,0.6316,0.9433
0.7895,0.375,0.5085,0.897
0.5263,0.3846,0.4444,0.7981
0.6842,0.4063,0.5098,0.8591
0.8421,0.4103,0.5517,0.8895
0.8889,0.3636,0.5161,0.8772
0.8333,0.4167,0.5556,0.8812
0.7778,0.4375,0.56,0.8458
0.7222,0.4483,0.5532,0.9095
0.8889,0.3721,0.5246,0.8997
0.7895,0.4167,0.5455,0.8419
0.6842,0.3939,0.5,0.879
0.6842,0.4333,0.5306,0.8456
0.9474,0.4091,0.5714,0.908
0.8947,0.4857,0.6296,0.8867
0.8333,0.4412,0.5769,0.8635
0.7222,0.4333,0.5417,0.8979
0.7222,0.3333,0.4561,0.8532
0.7222,0.4194,0.5306,0.8569
0.7778,0.3256,0.459,0.7606
0.8421,0.4,0.5424,0.8909
0.7895,0.3947,0.5263,0.8935
0.8421,0.4848,0.6154,0.9102
0.8421,0.3265,0.4706,0.8722
0.8421,0.5,0.6275,0.909
0.8889,0.5161,0.6531,0.9214
0.7222,0.619,0.6667,0.9225
0.6667,0.3429,0.4528,0.8423
0.8889,0.3265,0.4776,0.8439
0.7222,0.4333,0.5417,0.8741
0.7368,0.4828,0.5833,0.8978
0.8947,0.4857,0.6296,0.9135
0.6842,0.4643,0.5532,0.8844
0.6842,0.4815,0.5652,0.8982
0.8421,0.3902,0.5333,0.8704
0.7778,0.3784,0.5091,0.877
0.7778,0.4667,0.5833,0.9127
0.8889,0.5,0.64,0.923
0.6667,0.4,0.5,0.896
0.7778,0.3889,0.5185,0.8765
0.8421,0.4324,0.5714,0.8839
0.6842,0.3714,0.4815,0.8497
0.7895,0.4054,0.5357,0.8575
0.8947,0.5152,0.6538,0.917
0.7895,0.4286,0.5556,0.898
0.8333,0.3409,0.4839,0.886
0.7778,0.3333,0.4667,0.8386
0.7778,0.3889,0.5185,0.8437
0.5556,0.3704,0.4444,0.7881
0.7222,0.3824,0.5,0.8378
0.7368,0.4,0.5185,0.9028
0.8947,0.4857,0.6296,0.9266
0.8421,0.4,0.5424,0.8763
0.6842,0.4063,0.5098,0.889
0.7895,0.4054,0.5357,0.8787
0.8889,0.4211,0.5714,0.9352
0.7778,0.4828,0.5957,0.8463
0.7778,0.3256,0.459,0.8479
0.5,0.2813,0.36,0.7328
0.8889,0.5333,0.6667,0.9304
0.7895,0.5,0.6122,0.879
0.7895,0.3947,0.5263,0.8937
0.6842,0.3824,0.4906,0.8861
0.8421,0.4211,0.5614,0.8712
0.8947,0.4722,0.6182,0.9351
0.8333,0.4688,0.6,0.8854
0.7778,0.3889,0.5185,0.8944
0.8333,0.5357,0.6522,0.9251
0.7778,0.3684,0.5,0.8979
0.6667,0.3529,0.4615,0.8503
0.7368,0.4242,0.5385,0.8707
0.6842,0.3514,0.4643,0.8489
0.7895,0.3659,0.5,0.8636
0.8947,0.3864,0.5397,0.8972
0.7368,0.5,0.5957,0.9078
0.7222,0.4063,0.52,0.872
0.6111,0.3235,0.4231,0.8328
0.7778,0.5185,0.6222,0.9146
0.8889,0.4211,0.5714,0.8717
0.8889,0.3556,0.5079,0.8601
0.7895,0.4167,0.5455,0.8813
0.7895,0.4545,0.5769,0.8839
0.7368,0.3784,0.5,0.8679
0.8421,0.4211,0.5614,0.8942
0.8421,0.381,0.5246,0.8586
0.8333,0.4839,0.6122,0.9003
0.6667,0.3158,0.4286,0.8265
0.8333,0.3947,0.5357,0.9053
0.8889,0.4211,0.5714,0.9011
0.6667,0.375,0.48,0.8688
0.7895,0.4286,0.5556,0.8694
0.8947,0.4722,0.6182,0.9241
0.7368,0.3784,0.5,0.8317
0.6842,0.2889,0.4063,0.8248
0.9474,0.3913,0.5538,0.8672
0.8889,0.4324,0.5818,0.9042
0.8889,0.4571,0.6038,0.8934
0.7778,0.4375,0.56,0.8952
0.7222,0.4643,0.5652,0.8542
0.8333,0.4412,0.5769,0.9161
0.7368,0.3684,0.4912,0.853
0.6316,0.4138,0.5,0.8793
0.8947,0.5152,0.6538,0.9211
0.8947,0.5152,0.6538,0.9055
0.8421,0.4211,0.5614,0.8897
0.7222,0.3824,0.5,0.8807
0.8333,0.3571,0.5,0.8804
0.8333,0.3571,0.5,0.863
0.8889,0.4706,0.6154,0.9037
0.9444,0.5,0.6538,0.9291
0.7368,0.5,0.5957,0.8505
0.8421,0.4,0.5424,0.9243
0.7895,0.5556,0.6522,0.9094
0.8421,0.4103,0.5517,0.9038
0.7895,0.4412,0.566,0.8679
0.8333,0.3571,0.5,0.873
0.8889,0.3721,0.5246,0.8894
0.8333,0.4545,0.5882,0.9066
0.9444,0.4595,0.6182,0.9063
0.8889,0.32,0.4706,0.8659
0.7368,0.4,0.5185,0.8512
0.7368,0.5185,0.6087,0.893
0.7368,0.4667,0.5714,0.8798
0.7368,0.3784,0.5,0.8596
0.7368,0.3684,0.4912,0.8667
0.8421,0.4,0.5424,0.8674
0.7368,0.4242,0.5385,0.8871
0.9474,0.45,0.6102,0.9345
0.8333,0.5,0.625,0.9257
0.7222,0.3611,0.4815,0.8209
0.7222,0.5417,0.619,0.9291
0.6111,0.3056,0.4074,0.7675
0.7778,0.4,0.5283,0.8955
0.8947,0.4146,0.5667,0.8895
0.7895,0.3659,0.5,0.884
0.7222,0.5417,0.619,0.9114
0.6111,0.3333,0.4314,0.8119
0.8333,0.5172,0.6383,0.9042
0.8889,0.5333,0.6667,0.923
0.7222,0.4063,0.52,0.8598
0.7895,0.4286,0.5556,0.878
0.8421,0.381,0.5246,0.8727
0.8421,0.4211,0.5614,0.8957
0.8947,0.5,0.6415,0.9211
0.8947,0.4359,0.5862,0.8937
0.7778,0.4667,0.5833,0.8556
0.6667,0.3333,0.4444,0.8344
0.7778,0.35,0.4828,0.8677
0.8333,0.5,0.625,0.9212
0.8333,0.4286,0.566,0.8728
0.8421,0.4444,0.5818,0.9087
0.6316,0.3529,0.4528,0.8315
0.6842,0.3939,0.5,0.8669
0.8421,0.5,0.6275,0.9148
0.7895,0.3947,0.5263,0.8972
0.7778,0.3889,0.5185,0.8648
0.8889,0.4211,0.5714,0.9101
0.8889,0.4103,0.5614,0.9058
0.8333,0.4167,0.5556,0.9135
0.7222,0.4194,0.5306,0.873
0.6842,0.3714,0.4815,0.8593
0.7895,0.3947,0.5263,0.8775
0.8421,0.4103,0.5517,0.8851
0.8421,0.4103,0.5517,0.8714
0.7368,0.35,0.4746,0.8348
0.7222,0.3421,0.4643,0.8661
0.8333,0.4054,0.5455,0.8759
0.8889,0.4211,0.5714,0.8865
0.6667,0.3636,0.4706,0.8812
0.9444,0.5,0.6538,0.9317
0.7895,0.6,0.6818,0.9332
0.7895,0.4286,0.5556,0.8621
1.0,0.4634,0.6333,0.9276
0.8421,0.4444,0.5818,0.9216
0.7895,0.4054,0.5357,0.8872
0.8889,0.4571,0.6038,0.904
0.8889,0.4324,0.5818,0.9151
0.7778,0.4375,0.56,0.8989
0.6667,0.4,0.5,0.8735
0.8333,0.4286,0.566,0.8852
0.8947,0.3864,0.5397,0.8429
0.6316,0.3636,0.4615,0.8173
0.8421,0.3636,0.5079,0.8826
0.8421,0.4444,0.5818,0.89
0.6316,0.3077,0.4138,0.7486
0.7778,0.5,0.6087,0.9206
0.9444,0.5152,0.6667,0.9201
0.8333,0.4412,0.5769,0.905
0.8889,0.3721,0.5246,0.8984
0.8889,0.4,0.5517,0.895
0.8947,0.4474,0.5965,0.9056
0.6316,0.4138,0.5,0.8884
0.9474,0.5455,0.6923,0.9178
0.7368,0.3415,0.4667,0.7937
0.9474,0.5294,0.6792,0.9409
0.7778,0.4118,0.5385,0.8915
0.7778,0.3684,0.5,0.8902
0.7778,0.3415,0.4746,0.8272
1.0,0.4865,0.6545,0.9563
0.7222,0.4194,0.5306,0.9085
0.8421,0.3556,0.5,0.8649
0.7895,0.5,0.6122,0.879
0.6316,0.3636,0.4615,0.8176
0.8421,0.4211,0.5614,0.9013
0.7368,0.35,0.4746,0.804
0.8333,0.4839,0.6122,0.8987
0.7778,0.4375,0.56,0.8974
0.7778,0.4,0.5283,0.9026
0.8333,0.4054,0.5455,0.9175
0.7778,0.4242,0.549,0.8772
0.6842,0.4333,0.5306,0.8601
0.8947,0.4048,0.5574,0.9041
0.6842,0.4063,0.5098,0.8631
0.7895,0.375,0.5085,0.8792
0.7368,0.5833,0.6512,0.9103
0.7895,0.3571,0.4918,0.8307
0.8421,0.4324,0.5714,0.9241
0.9474,0.383,0.5455,0.9081
0.6667,0.4615,0.5455,0.8791
0.9444,0.3778,0.5397,0.9135
0.6111,0.4231,0.5,0.8405
0.8889,0.5333,0.6667,0.9196
0.6667,0.4138,0.5106,0.9021
0.8421,0.4848,0.6154,0.9208
0.8947,0.3864,0.5397,0.904
0.7778,0.4242,0.549,0.8878
0.8333,0.4286,0.566,0.8844
0.6667,0.3871,0.4898,0.8788
0.7778,0.3256,0.459,0.846
0.6667,0.4286,0.5217,0.8685
0.8421,0.4,0.5424,0.8932
0.7895,0.4286,0.5556,0.9041
0.8421,0.5,0.6275,0.9256
0.6842,0.5417,0.6047,0.9163
0.7368,0.3333,0.459,0.799
0.8333,0.4839,0.6122,0.913
0.7222,0.3939,0.5098,0.8712
0.7778,0.3784,0.5091,0.8931
0.6667,0.375,0.48,0.8611
0.7778,0.4375,0.56,0.9095
0.7368,0.4828,0.5833,0.8613
0.8421,0.4103,0.5517,0.8732
0.9474,0.4091,0.5714,0.8707
0.7895,0.375,0.5085,0.8331
0.8421,0.4444,0.5818,0.8952
0.8333,0.3571,0.5,0.8873
0.8333,0.3947,0.5357,0.8902
0.8889,0.3902,0.5424,0.9037
0.7222,0.4333,0.5417,0.8622
0.7222,0.4063,0.52,0.863
0.8947,0.5152,0.6538,0.9142
0.8947,0.4474,0.5965,0.9104
0.4737,0.2903,0.36,0.7955
0.7368,0.3684,0.4912,0.8712
0.8947,0.5484,0.68,0.9316
0.7368,0.4667,0.5714,0.8606
0.7368,0.5,0.5957,0.896
0.8421,0.3902,0.5333,0.852
0.7222,0.4063,0.52,0.8627
0.8889,0.5161,0.6531,0.9431
0.8889,0.4211,0.5714,0.9156
0.8333,0.3571,0.5,0.8653
0.8333,0.4839,0.6122,0.8934
0.7895,0.4286,0.5556,0.8927
0.7895,0.4412,0.566,0.9133
0.7778,0.3256,0.459,0.8254
0.8333,0.4688,0.6,0.9056
0.7778,0.4375,0.56,0.8926
0.7778,0.4242,0.549,0.8868
0.8333,0.375,0.5172,0.8601
0.8421,0.4211,0.5614,0.8775
0.7368,0.4375,0.549,0.8942
0.8421,0.3556,0.5,0.8593
0.7368,0.4516,0.56,0.8652
0.7368,0.3784,0.5,0.8479
0.7778,0.4375,0.56,0.8619
0.6667,0.3636,0.4706,0.8415
0.8889,0.4571,0.6038,0.9344
0.8889,0.4,0.5517,0.8923
0.7778,0.359,0.4912,0.8693
0.8421,0.4324,0.5714,0.9084
0.8421,0.5333,0.6531,0.9221
0.6316,0.4,0.4898,0.8823
0.9474,0.375,0.5373,0.9065
0.7368,0.3784,0.5,0.8469
0.7778,0.4375,0.56,0.8939
0.6667,0.3333,0.4444,0.8291
0.8333,0.4167,0.5556,0.8886
0.8889,0.4103,0.5614,0.9045
0.7778,0.4,0.5283,0.8574
0.7368,0.4828,0.5833,0.9036
0.7368,0.4242,0.5385,0.8935
0.8421,0.4103,0.5517,0.9016
0.9474,0.4737,0.6316,0.9489
0.7895,0.4286,0.5556,0.8627
0.8333,0.3947,0.5357,0.882
0.7778,0.4242,0.549,0.887
0.8889,0.4211,0.5714,0.9124
0.7778,0.3784,0.5091,0.8868
0.6111,0.3438,0.44,0.8402
0.8421,0.4211,0.5614,0.8811
0.7895,0.3947,0.5263,0.8596
0.7895,0.4688,0.5882,0.8702
0.7368,0.4375,0.549,0.8927
0.6842,0.3824,0.4906,0.8797
0.8333,0.4688,0.6,0.9056
0.7778,0.3256,0.459,0.8008
0.9444,0.4857,0.6415,0.9392
0.8889,0.5517,0.6809,0.9032
0.9444,0.425,0.5862,0.9119
0.7895,0.4545,0.5769,0.8963
0.5789,0.3929,0.4681,0.8439
0.7368,0.4118,0.5283,0.9033
0.9474,0.45,0.6102,0.9411
0.8421,0.5333,0.6531,0.9383
0.6667,0.3429,0.4528,0.8487
0.9444,0.5667,0.7083,0.9505
0.9444,0.4474,0.6071,0.8881
0.7778,0.4,0.5283,0.8627
0.7222,0.3095,0.4333,0.8532
0.7895,0.375,0.5085,0.8877
0.7368,0.4242,0.5385,0.8656
0.7368,0.3684,0.4912,0.833
0.6316,0.4444,0.5217,0.8604
0.8421,0.3478,0.4923,0.8639
0.7222,0.3611,0.4815,0.7696
0.7222,0.3939,0.5098,0.8529
0.7222,0.3514,0.4727,0.8148
0.8333,0.4054,0.5455,0.9061
0.8333,0.4412,0.5769,0.904
0.8947,0.4359,0.5862,0.9221
0.4737,0.4091,0.439,0.8588
0.9474,0.439,0.6,0.9436
0.7368,0.4242,0.5385,0.8456
0.7895,0.3846,0.5172,0.8875
0.7222,0.3939,0.5098,0.864
0.8333,0.4054,0.5455,0.9071
0.6667,0.4444,0.5333,0.8847
0.8889,0.3556,0.5079,0.9016
0.8333,0.3571,0.5,0.8466
0.7368,0.5385,0.6222,0.9099
0.6316,0.3529,0.4528,0.8413
0.8421,0.4706,0.6038,0.9142
0.7895,0.4839,0.6,0.9085
0.8947,0.4359,0.5862,0.9118
0.6667,0.3636,0.4706,0.8463
0.9444,0.5152,0.6667,0.9249
0.7222,0.4483,0.5532,0.8505
0.7222,0.325,0.4483,0.8304
0.8889,0.3721,0.5246,0.868
0.8421,0.4444,0.5818,0.873
0.8421,0.5161,0.64,0.9097
0.8421,0.5,0.6275,0.9076
RUSVoteBag
0.7368,0.4828,0.5833,0.8554
0.7368,0.4118,0.5283,0.8692
0.8333,0.5172,0.6383,0.8966
0.6111,0.4074,0.4889,0.8101
0.8889,0.4706,0.6154,0.8828
0.6111,0.3143,0.4151,0.7942
0.7222,0.4483,0.5532,0.8974
0.8947,0.5667,0.6939,0.9324
0.7368,0.5,0.5957,0.8851
0.7895,0.5,0.6122,0.8897
0.6842,0.5652,0.619,0.9133
0.7368,0.4,0.5185,0.8566
0.5789,0.3667,0.449,0.8077
0.7895,0.6,0.6818,0.9362
0.7895,0.5,0.6122,0.8844
0.7222,0.4063,0.52,0.8812
0.7778,0.4242,0.549,0.8802
0.8333,0.6522,0.7317,0.9106
0.8333,0.4688,0.6,0.8839
0.7222,0.3824,0.5,0.8397
0.5789,0.3929,0.4681,0.8451
0.8947,0.5313,0.6667,0.9168
0.7368,0.4375,0.549,0.853
0.6316,0.4286,0.5106,0.8246
0.6842,0.4643,0.5532,0.8689
0.7222,0.4483,0.5532,0.8323
0.7222,0.3514,0.4727,0.8177
0.8333,0.5556,0.6667,0.8966
0.8333,0.4167,0.5556,0.8532
0.7222,0.4333,0.5417,0.8566
0.7895,0.4839,0.6,0.9128
0.6842,0.5,0.5778,0.911
0.7222,0.4643,0.5652,0.8735
0.8333,0.5556,0.6667,0.937
0.8889,0.4324,0.5818,0.8765
0.5,0.36,0.4186,0.7836
0.7222,0.4194,0.5306,0.8593
0.7368,0.5,0.5957,0.8952
0.7368,0.5,0.5957,0.8882
0.6316,0.4444,0.5217,0.8317
0.5789,0.3548,0.44,0.7744
0.7895,0.625,0.6977,0.9105
0.6667,0.5455,0.6,0.9204
0.8333,0.4412,0.5769,0.8955
0.8333,0.4412,0.5769,0.8709
0.7778,0.4667,0.5833,0.8675
0.7778,0.4828,0.5957,0.9063
0.5789,0.3143,0.4074,0.7584
0.7895,0.4545,0.5769,0.8742
0.7368,0.4516,0.56,0.9127
0.7895,0.4054,0.5357,0.8789
0.7368,0.4375,0.549,0.8757
0.8947,0.5313,0.6667,0.9226
0.7895,0.4412,0.566,0.832
0.5263,0.4167,0.4651,0.8601
0.7222,0.4643,0.5652,0.8384
0.6111,0.3793,0.4681,0.7892
0.8333,0.5,0.625,0.9378
0.6111,0.4231,0.5,0.8616
0.7778,0.4516,0.5714,0.8717
0.8947,0.6071,0.7234,0.9561
0.7368,0.4667,0.5714,0.8955
0.7222,0.4333,0.5417,0.85
0.7222,0.4333,0.5417,0.8344
0.7222,0.4063,0.52,0.8942
0.7778,0.4667,0.5833,0.8709
0.8333,0.4545,0.5882,0.9267
0.5263,0.4545,0.4878,0.8907
0.5263,0.4167,0.4651,0.8679
0.6316,0.3871,0.48,0.834
0.6316,0.375,0.4706,0.8667
0.6842,0.4815,0.5652,0.8416
0.6667,0.4286,0.5217,0.8749
0.7778,0.3889,0.5185,0.8447
0.7778,0.4118,0.5385,0.8526
0.7222,0.4483,0.5532,0.8788
0.8333,0.4545,0.5882,0.8688
0.7895,0.5357,0.6383,0.9405
0.7895,0.5769,0.6667,0.9084
0.5789,0.4231,0.4889,0.8629
0.7895,0.4839,0.6,0.8987
0.6842,0.3939,0.5,0.8569
0.7778,0.4375,0.56,0.9005
0.6111,0.44,0.5116,0.8772
0.7778,0.4667,0.5833,0.8844
0.7222,0.5652,0.6341,0.8926
0.6667,0.4,0.5,0.8569
0.7368,0.4667,0.5714,0.9124
0.6316,0.3871,0.48,0.8193
0.7368,0.5385,0.6222,0.9094
0.8947,0.5,0.6415,0.9261
0.6842,0.4483,0.5417,0.8614
0.5,0.4091,0.45,0.7619
0.6667,0.4,0.5,0.8577
0.7778,0.5385,0.6364,0.8881
0.6111,0.4231,0.5,0.8418
0.7222,0.4643,0.5652,0.8889
0.8947,0.4474,0.5965,0.8816
0.6842,0.4483,0.5417,0.8704
0.9474,0.5294,0.6792,0.9355
0.7368,0.4828,0.5833,0.8967
0.8421,0.3556,0.5,0.8812
0.7222,0.3421,0.4643,0.7854
0.6667,0.4615,0.5455,0.8807
0.6667,0.5714,0.6154,0.8992
0.7778,0.5,0.6087,0.8944
0.6667,0.48,0.5581,0.8606
0.7368,0.4667,0.5714,0.8677
0.9474,0.5,0.6545,0.9291
0.6842,0.4483,0.5417,0.8674
0.6842,0.3514,0.4643,0.8431
0.7368,0.4118,0.5283,0.8712
0.8333,0.4167,0.5556,0.8854
0.8333,0.5357,0.6522,0.9415
0.7778,0.56,0.6512,0.918
0.8333,0.4054,0.5455,0.8894
0.6667,0.375,0.48,0.8529
0.6842,0.4333,0.5306,0.8472
0.7895,0.5556,0.6522,0.9018
0.6842,0.4483,0.5417,0.8644
0.6316,0.4615,0.5333,0.8481
0.8947,0.4359,0.5862,0.9005
0.8889,0.4848,0.6275,0.9344
0.6111,0.44,0.5116,0.8868
0.7222,0.4483,0.5532,0.8667
0.7778,0.4667,0.5833,0.9082
0.7222,0.4194,0.5306,0.8029
0.6316,0.4286,0.5106,0.8499
0.7368,0.4375,0.549,0.9054
0.7368,0.5185,0.6087,0.8568
0.7895,0.4286,0.5556,0.8684
0.6316,0.3636,0.4615,0.8195
0.7222,0.3611,0.4815,0.8278
0.7222,0.4815,0.5778,0.9045
0.7222,0.5417,0.619,0.9003
0.7222,0.4643,0.5652,0.8989
0.7222,0.3939,0.5098,0.8746
0.7368,0.4375,0.549,0.8229
0.9474,0.5,0.6545,0.9464
0.6316,0.375,0.4706,0.8052
0.6842,0.4483,0.5417,0.8188
0.8421,0.4706,0.6038,0.901
0.8333,0.4054,0.5455,0.8601
0.8333,0.4167,0.5556,0.8981
0.6111,0.4231,0.5,0.841
0.6111,0.3793,0.4681,0.8648
0.7778,0.4516,0.5714,0.8608
0.7895,0.4839,0.6,0.9028
0.6316,0.375,0.4706,0.8459
0.5789,0.4783,0.5238,0.8558
0.7368,0.5385,0.6222,0.8827
0.6842,0.4483,0.5417,0.8419
0.7778,0.4,0.5283,0.8704
0.8333,0.5357,0.6522,0.922
0.7222,0.4643,0.5652,0.9106
0.5556,0.3226,0.4082,0.8294
0.6667,0.4,0.5,0.8643
0.7368,0.4375,0.549,0.8234
0.8421,0.6154,0.7111,0.9431
0.8421,0.4324,0.5714,0.9001
0.5789,0.44,0.5,0.8496
0.6316,0.3871,0.48,0.8153
0.8333,0.4054,0.5455,0.8976
0.5556,0.4545,0.5,0.8246
0.8333,0.4688,0.6,0.9328
0.5,0.3462,0.4091,0.7852
0.7778,0.4375,0.56,0.8881
0.7368,0.5185,0.6087,0.8937
0.7895,0.4688,0.5882,0.8834
0.7895,0.4167,0.5455,0.8661
0.7895,0.4688,0.5882,0.8672
0.6842,0.5,0.5778,0.8805
0.7778,0.4375,0.56,0.8698
0.6667,0.3636,0.4706,0.8585
0.5556,0.4348,0.4878,0.8132
0.9444,0.5,0.6538,0.9042
0.7778,0.5185,0.6222,0.8849
0.8421,0.4706,0.6038,0.8737
0.6842,0.4643,0.5532,0.8631
0.7368,0.6087,0.6667,0.9084
0.7895,0.3488,0.4839,0.801
0.5263,0.4348,0.4762,0.8323
0.7222,0.52,0.6047,0.9257
0.8889,0.4848,0.6275,0.9487
0.6111,0.4231,0.5,0.8352
0.7222,0.3939,0.5098,0.8635
0.7222,0.4643,0.5652,0.8479
0.7368,0.3784,0.5,0.8821
0.7368,0.56,0.6364,0.919
0.8947,0.4595,0.6071,0.894
0.7368,0.4118,0.5283,0.8456
0.8947,0.4474,0.5965,0.909
0.7778,0.4242,0.549,0.8868
0.7778,0.4516,0.5714,0.9127
0.8333,0.4412,0.5769,0.8876
0.6667,0.5217,0.5854,0.8812
0.8333,0.3947,0.5357,0.8709
0.6842,0.4643,0.5532,0.8403
0.8421,0.5517,0.6667,0.9524
0.4737,0.3333,0.3913,0.8085
0.7895,0.5,0.6122,0.8945
0.7895,0.4286,0.5556,0.8797
0.9444,0.4595,0.6182,0.8997
0.6667,0.3871,0.4898,0.7886
0.8333,0.5357,0.6522,0.9101
0.7778,0.4375,0.56,0.877
0.6667,0.375,0.48,0.7913
0.6316,0.4444,0.5217,0.8459
0.7895,0.4545,0.5769,0.877
0.9474,0.4865,0.6429,0.9107
0.5789,0.3929,0.4681,0.8481
0.6842,0.3611,0.4727,0.8591
0.9444,0.5667,0.7083,0.9627
0.7778,0.3784,0.5091,0.8714
0.6111,0.3548,0.449,0.8492
0.7778,0.5,0.6087,0.8849
0.6111,0.3929,0.4783,0.828
0.6842,0.5417,0.6047,0.9018
0.6316,0.4615,0.5333,0.8573
0.7368,0.5,0.5957,0.9175
0.7895,0.3846,0.5172,0.8955
0.5789,0.44,0.5,0.8689
0.7778,0.3889,0.5185,0.8495
0.6667,0.4138,0.5106,0.8944
0.8333,0.4839,0.6122,0.9029
0.7778,0.4828,0.5957,0.8799
0.6667,0.3636,0.4706,0.837
0.7368,0.6364,0.6829,0.8785
0.8421,0.4444,0.5818,0.9117
0.7895,0.4167,0.5455,0.8421
0.8421,0.5517,0.6667,0.8952
0.7368,0.4242,0.5385,0.8524
0.6842,0.5,0.5778,0.8968
0.6316,0.375,0.4706,0.8436
0.8421,0.4444,0.5818,0.8844
0.7222,0.3514,0.4727,0.8521
0.6667,0.3871,0.4898,0.836
0.7222,0.52,0.6047,0.9048
0.7778,0.3889,0.5185,0.8627
0.8889,0.5517,0.6809,0.9431
0.7895,0.4839,0.6,0.9075
0.6842,0.4815,0.5652,0.9015
0.6667,0.48,0.5581,0.9175
0.8333,0.4167,0.5556,0.886
0.6111,0.3929,0.4783,0.8397
0.5,0.36,0.4186,0.8048
0.9444,0.5313,0.68,0.9484
0.7368,0.3889,0.5091,0.8434
0.8947,0.425,0.5763,0.8646
0.6842,0.4815,0.5652,0.8649
0.5789,0.3793,0.4583,0.8353
0.8421,0.5714,0.6809,0.9158
0.6667,0.4,0.5,0.8603
0.7778,0.4,0.5283,0.8513
0.7778,0.4118,0.5385,0.8923
0.8889,0.6667,0.7619,0.9365
0.6667,0.4,0.5,0.8291
0.6842,0.4483,0.5417,0.8654
0.6316,0.4286,0.5106,0.8745
0.8947,0.4359,0.5862,0.8937
0.6316,0.3871,0.48,0.7897
0.8947,0.5862,0.7083,0.903
0.5556,0.3571,0.4348,0.841
0.8333,0.4054,0.5455,0.8754
0.6667,0.4,0.5,0.846
0.7222,0.4643,0.5652,0.8958
0.8333,0.5357,0.6522,0.9267
0.5789,0.3143,0.4074,0.8095
0.6842,0.4333,0.5306,0.8069
0.8947,0.5313,0.6667,0.9438
0.8421,0.4848,0.6154,0.889
0.7895,0.5,0.6122,0.9048
0.8333,0.4839,0.6122,0.8989
0.7778,0.4242,0.549,0.8765
0.6667,0.3636,0.4706,0.8511
0.6111,0.44,0.5116,0.8566
0.6667,0.4615,0.5455,0.8402
0.7368,0.56,0.6364,0.9054
0.7895,0.4545,0.5769,0.8537
0.5263,0.4,0.4545,0.8277
0.6842,0.52,0.5909,0.8471
0.8421,0.5333,0.6531,0.8952
0.7778,0.4828,0.5957,0.8778
0.8889,0.5926,0.7111,0.9598
0.7778,0.5385,0.6364,0.922
0.7222,0.4063,0.52,0.8275
0.7222,0.4194,0.5306,0.8934
0.9474,0.383,0.5455,0.8889
0.7368,0.4375,0.549,0.8692
0.5789,0.3438,0.4314,0.7978
0.7368,0.5385,0.6222,0.8977
0.8421,0.4571,0.5926,0.8749
0.7778,0.4,0.5283,0.9
0.7222,0.3824,0.5,0.8426
0.6667,0.4615,0.5455,0.8873
0.7222,0.4815,0.5778,0.8778
0.7778,0.4375,0.56,0.8627
0.6842,0.4815,0.5652,0.8537
0.7368,0.4828,0.5833,0.9094
0.7895,0.4286,0.5556,0.8672
0.8421,0.4571,0.5926,0.9023
0.5789,0.3667,0.449,0.8539
0.8333,0.4839,0.6122,0.8839
0.5556,0.4545,0.5,0.881
0.8333,0.4839,0.6122,0.8899
0.7778,0.4828,0.5957,0.8516
0.7222,0.5,0.5909,0.8328
0.8421,0.4571,0.5926,0.8679
0.6842,0.4333,0.5306,0.8932
0.8421,0.4706,0.6038,0.8899
0.8421,0.4571,0.5926,0.886
0.7895,0.6,0.6818,0.9381
0.7895,0.375,0.5085,0.8401
0.6842,0.4194,0.52,0.8527
0.7368,0.5385,0.6222,0.8727
0.7778,0.4828,0.5957,0.9243
0.8333,0.5172,0.6383,0.9394
0.7222,0.3824,0.5,0.8862
0.5,0.4091,0.45,0.8884
0.6111,0.3333,0.4314,0.7828
0.7895,0.4412,0.566,0.899
0.7895,0.4167,0.5455,0.9135
0.7778,0.3889,0.5185,0.8664
0.6667,0.5,0.5714,0.8979
0.7778,0.3784,0.5091,0.8841
0.6111,0.5789,0.5946,0.8399
0.7778,0.4,0.5283,0.8672
0.7895,0.4688,0.5882,0.8988
0.6842,0.4063,0.5098,0.8512
0.7368,0.4516,0.56,0.8396
0.6842,0.4483,0.5417,0.8504
0.7895,0.3846,0.5172,0.8762
0.7778,0.4375,0.56,0.9019
0.8889,0.4444,0.5926,0.9439
0.7222,0.5,0.5909,0.8717
0.7778,0.4667,0.5833,0.8839
0.7778,0.3784,0.5091,0.8619
0.7895,0.5172,0.625,0.8553
0.7368,0.4242,0.5385,0.8537
0.7368,0.4,0.5185,0.8763
0.6842,0.4643,0.5532,0.8772
0.7368,0.35,0.4746,0.8431
0.6667,0.4444,0.5333,0.8222
0.6111,0.3438,0.44,0.8294
0.6667,0.5714,0.6154,0.9257
0.9444,0.4722,0.6296,0.8886
0.5556,0.3571,0.4348,0.781
0.7895,0.4688,0.5882,0.8978
0.6316,0.5455,0.5854,0.8725
0.8421,0.5517,0.6667,0.9076
0.8947,0.4474,0.5965,0.9055
0.7368,0.5385,0.6222,0.8845
0.7778,0.3784,0.5091,0.8952
0.7222,0.4815,0.5778,0.9177
0.8333,0.4839,0.6122,0.8831
0.7222,0.4483,0.5532,0.8989
0.6111,0.3667,0.4583,0.7992
0.6842,0.4643,0.5532,0.8834
0.6316,0.4,0.4898,0.8338
0.8421,0.5,0.6275,0.913
0.7368,0.4516,0.56,0.8594
0.6842,0.4333,0.5306,0.8431
0.9444,0.4359,0.5965,0.922
0.6111,0.3793,0.4681,0.8365
0.6111,0.3235,0.4231,0.8265
0.7778,0.5,0.6087,0.9204
0.5556,0.3846,0.4545,0.8479
0.7368,0.4118,0.5283,0.8808
0.6316,0.4444,0.5217,0.8522
0.7368,0.5185,0.6087,0.898
0.8421,0.381,0.5246,0.8546
0.7368,0.4242,0.5385,0.8767
0.7222,0.52,0.6047,0.8815
0.6667,0.5455,0.6,0.8929
0.6667,0.4615,0.5455,0.8749
0.7778,0.4516,0.5714,0.8704
0.7778,0.4375,0.56,0.8476
0.7895,0.5,0.6122,0.8965
0.7895,0.4412,0.566,0.8623
0.8421,0.4324,0.5714,0.8975
0.7895,0.4545,0.5769,0.9008
0.5263,0.3571,0.4255,0.8193
0.7222,0.52,0.6047,0.8926
0.8333,0.4688,0.6,0.9019
0.7222,0.4483,0.5532,0.8217
0.7222,0.4815,0.5778,0.9048
0.7222,0.4194,0.5306,0.8746
0.8947,0.5667,0.6939,0.9413
0.7895,0.3659,0.5,0.8869
0.6316,0.5455,0.5854,0.893
0.9474,0.5455,0.6923,0.9238
0.8421,0.4848,0.6154,0.8333
0.8889,0.4444,0.5926,0.9114
0.6667,0.4286,0.5217,0.8542
0.7222,0.3611,0.4815,0.8254
0.7222,0.52,0.6047,0.8849
0.8333,0.4412,0.5769,0.8849
0.5789,0.4583,0.5116,0.8666
0.4737,0.4286,0.45,0.809
0.7368,0.4516,0.56,0.8866
0.7368,0.4828,0.5833,0.8749
0.5789,0.5238,0.55,0.8694
0.7222,0.4333,0.5417,0.8704
0.7778,0.4242,0.549,0.8669
0.6111,0.3333,0.4314,0.7952
0.8333,0.5172,0.6383,0.9288
0.7778,0.3333,0.4667,0.8349
0.5789,0.4074,0.4783,0.8583
0.5789,0.3929,0.4681,0.816
0.8947,0.4359,0.5862,0.9059
0.6842,0.4063,0.5098,0.8544
0.6842,0.52,0.5909,0.8772
0.7222,0.3714,0.4906,0.8598
0.7778,0.5,0.6087,0.8881
0.6111,0.3333,0.4314,0.8153
0.8889,0.5161,0.6531,0.9328
0.5556,0.4167,0.4762,0.8116
0.7368,0.4375,0.549,0.8882
0.8421,0.5161,0.64,0.9281
0.7368,0.5185,0.6087,0.851
0.8421,0.4324,0.5714,0.8852
0.7895,0.5357,0.6383,0.9221
0.5556,0.3571,0.4348,0.8108
0.8889,0.5333,0.6667,0.9553
0.6667,0.3636,0.4706,0.8201
0.5556,0.3333,0.4167,0.8021
0.5556,0.3448,0.4255,0.7997
0.8421,0.5714,0.6809,0.9405
0.8947,0.5,0.6415,0.9294
0.8947,0.4595,0.6071,0.9059
0.7368,0.5,0.5957,0.9045
0.7368,0.56,0.6364,0.9404
0.8421,0.3902,0.5333,0.878
0.7895,0.5172,0.625,0.9031
0.7895,0.4839,0.6,0.8378
0.8889,0.4444,0.5926,0.9212
0.6667,0.4,0.5,0.8653
0.6667,0.3871,0.4898,0.7984
0.6667,0.375,0.48,0.8378
0.6667,0.4,0.5,0.8307
0.8421,0.5,0.6275,0.8972
0.8947,0.4146,0.5667,0.8559
0.6667,0.4615,0.5455,0.877
0.7778,0.5385,0.6364,0.9048
0.9444,0.4359,0.5965,0.9299
0.7778,0.3889,0.5185,0.8606
0.6111,0.4074,0.4889,0.8159
0.7895,0.4054,0.5357,0.8682
0.6842,0.5652,0.619,0.9132
0.5789,0.3793,0.4583,0.8745
0.6316,0.3429,0.4444,0.8045
0.7368,0.4375,0.549,0.8872
0.8889,0.5333,0.6667,0.931
0.6111,0.5,0.55,0.8534
0.6667,0.5,0.5714,0.9122
0.6667,0.4138,0.5106,0.8288
0.7778,0.4667,0.5833,0.9021
0.5789,0.5,0.5366,0.8158
0.6316,0.4286,0.5106,0.8406
1.0,0.5135,0.6786,0.9481
0.8947,0.4474,0.5965,0.9045
0.7368,0.4242,0.5385,0.8719
0.6111,0.3333,0.4314,0.8045
0.8333,0.5556,0.6667,0.9394
0.7222,0.4483,0.5532,0.8664
0.6111,0.44,0.5116,0.8172
0.6111,0.4583,0.5238,0.8169
0.6842,0.5417,0.6047,0.8707
0.8421,0.4444,0.5818,0.8775
0.8421,0.5,0.6275,0.9069
0.6316,0.375,0.4706,0.8158
0.7895,0.4286,0.5556,0.8807
0.7222,0.4333,0.5417,0.8966
0.5556,0.4762,0.5128,0.8254
0.8889,0.4324,0.5818,0.9029
0.6667,0.3529,0.4615,0.8053
0.8889,0.5517,0.6809,0.914
0.6316,0.4286,0.5106,0.8689
0.7895,0.5172,0.625,0.9362
0.7895,0.5357,0.6383,0.9013
0.7368,0.4,0.5185,0.8967
0.8421,0.4706,0.6038,0.8997
0.8333,0.4688,0.6,0.8862
0.7222,0.3514,0.4727,0.8524
0.8333,0.5172,0.6383,0.9071
0.7778,0.4118,0.5385,0.8757
0.7778,0.5385,0.6364,0.9267
0.6842,0.4483,0.5417,0.875
0.6842,0.5417,0.6047,0.917
0.6842,0.4063,0.5098,0.834
0.8947,0.4722,0.6182,0.8982
0.7895,0.4839,0.6,0.881
0.7895,0.4839,0.6,0.8947
0.7368,0.4828,0.5833,0.8583
0.7368,0.3256,0.4516,0.7991
0.8889,0.5926,0.7111,0.9381
0.8333,0.5,0.625,0.9135
0.8889,0.6154,0.7273,0.9513
0.5556,0.3846,0.4545,0.8114
0.7222,0.4063,0.52,0.8971
0.8421,0.5161,0.64,0.8847
0.8421,0.4848,0.6154,0.8719
0.7368,0.3889,0.5091,0.8725
0.6316,0.6,0.6154,0.8894
0.9474,0.6207,0.75,0.9436
0.6667,0.3429,0.4528,0.8307
0.7778,0.4516,0.5714,0.8995
0.6111,0.4074,0.4889,0.8651
0.8333,0.5,0.625,0.9135
0.7778,0.4667,0.5833,0.8897
0.6842,0.3939,0.5,0.8892
0.7895,0.5556,0.6522,0.9381
0.7778,0.5185,0.6222,0.9003
0.6111,0.3929,0.4783,0.8471
0.8333,0.4839,0.6122,0.8669
0.6111,0.3667,0.4583,0.8159
0.7778,0.4667,0.5833,0.8857
0.7368,0.5185,0.6087,0.857
0.7895,0.4167,0.5455,0.8545
0.8421,0.4571,0.5926,0.8892
0.4211,0.3333,0.3721,0.7709
0.7895,0.5172,0.625,0.8947
0.7222,0.4063,0.52,0.8368
0.7778,0.4667,0.5833,0.868
0.7778,0.4667,0.5833,0.8608
0.6667,0.3636,0.4706,0.8386
0.7778,0.4667,0.5833,0.8704
0.7895,0.4054,0.5357,0.8421
0.8421,0.4211,0.5614,0.9168
0.5263,0.4762,0.5,0.9059
0.8421,0.5,0.6275,0.891
0.8421,0.4,0.5424,0.8895
0.7368,0.4,0.5185,0.8861
0.6316,0.375,0.4706,0.8079
0.7895,0.4545,0.5769,0.9001
0.7222,0.4815,0.5778,0.8889
0.7778,0.4667,0.5833,0.8905
0.6111,0.3929,0.4783,0.8442
0.8333,0.5,0.625,0.8897
0.5556,0.4,0.4651,0.8548
0.6842,0.4063,0.5098,0.8486
0.8421,0.5,0.6275,0.9095
0.8889,0.5333,0.6667,0.9161
0.8889,0.4848,0.6275,0.936
0.7778,0.4,0.5283,0.8476
0.8889,0.4848,0.6275,0.9013
0.7222,0.4194,0.5306,0.8225
0.5789,0.3548,0.44,0.7928
0.6316,0.4286,0.5106,0.8828
0.6316,0.4615,0.5333,0.8087
0.8421,0.5517,0.6667,0.8922
0.5789,0.3143,0.4074,0.7872
0.8333,0.5172,0.6383,0.9376
0.7778,0.4828,0.5957,0.9085
0.5556,0.3846,0.4545,0.8288
0.5556,0.4,0.4651,0.8566
0.7778,0.4516,0.5714,0.8897
0.6316,0.375,0.4706,0.8087
0.7368,0.4667,0.5714,0.8618
0.7368,0.4828,0.5833,0.8942
0.9474,0.5455,0.6923,0.9514
0.7368,0.5833,0.6512,0.903
0.5556,0.3571,0.4348,0.7661
0.7778,0.5185,0.6222,0.9135
0.8333,0.4167,0.5556,0.8688
0.6667,0.4615,0.5455,0.8963
0.8889,0.4571,0.6038,0.8865
0.8947,0.4595,0.6071,0.8697
0.6316,0.3636,0.4615,0.8069
0.7368,0.4242,0.5385,0.8844
0.8947,0.5484,0.68,0.9391
0.8421,0.5714,0.6809,0.909
0.6316,0.3871,0.48,0.8517
0.7895,0.4412,0.566,0.9188
0.6316,0.5455,0.5854,0.8363
0.7778,0.3111,0.4444,0.8489
0.6667,0.375,0.48,0.8749
0.8333,0.5172,0.6383,0.8841
0.7222,0.4483,0.5532,0.8876
0.6111,0.3143,0.4151,0.8312
0.7368,0.4516,0.56,0.8689
0.6316,0.4286,0.5106,0.8469
0.7895,0.4839,0.6,0.9208
0.8947,0.5313,0.6667,0.9337
0.6842,0.4194,0.52,0.857
0.8333,0.4839,0.6122,0.8995
0.6667,0.4615,0.5455,0.8907
0.7222,0.4063,0.52,0.8714
0.6111,0.4231,0.5,0.8402
0.6111,0.4074,0.4889,0.8624
0.7895,0.4054,0.5357,0.8524
0.7895,0.5,0.6122,0.8602
0.8889,0.4211,0.5714,0.9235
0.6111,0.4783,0.5366,0.8873
0.8333,0.4688,0.6,0.9183
0.7778,0.4667,0.5833,0.8741
0.8889,0.4444,0.5926,0.9063
0.7368,0.5385,0.6222,0.9061
0.4737,0.2903,0.36,0.7677
0.5789,0.3793,0.4583,0.8649
0.6842,0.3824,0.4906,0.8622
0.6842,0.5652,0.619,0.8977
0.9444,0.4722,0.6296,0.9122
0.8333,0.5,0.625,0.9063
0.7222,0.4643,0.5652,0.8783
0.7778,0.4375,0.56,0.8746
0.7778,0.4375,0.56,0.8627
0.5789,0.3793,0.4583,0.8315
0.6316,0.3243,0.4286,0.8305
0.7368,0.5833,0.6512,0.8836
0.7368,0.3889,0.5091,0.8454
0.7368,0.3889,0.5091,0.8028
0.7778,0.4,0.5283,0.8733
0.6667,0.5,0.5714,0.878
0.8333,0.4286,0.566,0.9082
0.7778,0.5833,0.6667,0.9423
0.7222,0.3939,0.5098,0.8108
0.8421,0.5926,0.6957,0.9173
0.6316,0.4138,0.5,0.8317
0.5789,0.4231,0.4889,0.8287
0.7368,0.4375,0.549,0.8308
0.7895,0.4839,0.6,0.9093
0.8333,0.5172,0.6383,0.9029
0.7778,0.4375,0.56,0.8228
0.8889,0.5333,0.6667,0.9079
0.7778,0.4118,0.5385,0.9034
0.8333,0.375,0.5172,0.877
0.6316,0.5217,0.5714,0.9021
0.8421,0.5161,0.64,0.9281
0.4737,0.3,0.3673,0.7839
0.8947,0.425,0.5763,0.9105
0.6842,0.5909,0.6341,0.9185
0.6842,0.325,0.4407,0.7993
0.5789,0.44,0.5,0.8193
0.7895,0.4286,0.5556,0.8431
0.7222,0.4333,0.5417,0.8836
0.8333,0.3947,0.5357,0.8958
0.6667,0.5,0.5714,0.8556
0.8889,0.4571,0.6038,0.9108
0.8889,0.5926,0.7111,0.9259
0.6842,0.3421,0.4561,0.8195
0.6316,0.5455,0.5854,0.8907
0.6667,0.5217,0.5854,0.9079
0.7222,0.5,0.5909,0.8608
0.6667,0.375,0.48,0.8254
0.6111,0.4074,0.4889,0.8243
1.0,0.45,0.6207,0.9185
0.8947,0.4595,0.6071,0.9251
0.7895,0.5,0.6122,0.9016
0.5263,0.3846,0.4444,0.7968
0.7368,0.4516,0.56,0.8682
0.7895,0.4412,0.566,0.8762
0.8889,0.4324,0.5818,0.8897
0.7778,0.4375,0.56,0.8577
0.6111,0.4074,0.4889,0.7979
0.7778,0.7,0.7368,0.9439
0.8889,0.4444,0.5926,0.8913
0.6842,0.3824,0.4906,0.8254
0.6316,0.5217,0.5714,0.8818
0.6842,0.5,0.5778,0.795
0.9474,0.5143,0.6667,0.899
0.8421,0.5333,0.6531,0.8855
0.7222,0.3939,0.5098,0.8495
0.6667,0.5217,0.5854,0.8876
0.7778,0.4516,0.5714,0.8399
0.6667,0.4444,0.5333,0.8693
0.7778,0.3333,0.4667,0.7881
0.7368,0.4,0.5185,0.8801
0.7895,0.5172,0.625,0.917
0.8421,0.5161,0.64,0.8887
0.7895,0.3659,0.5,0.8887
0.7368,0.5385,0.6222,0.904
0.8333,0.5357,0.6522,0.9093
0.7778,0.6364,0.7,0.9058
0.6111,0.3929,0.4783,0.8251
0.8889,0.3556,0.5079,0.8593
0.6667,0.4138,0.5106,0.8624
0.7368,0.5385,0.6222,0.913
0.8421,0.4848,0.6154,0.896
0.6316,0.5,0.5581,0.8889
0.6316,0.4615,0.5333,0.8915
0.7895,0.4286,0.5556,0.8624
0.7778,0.3684,0.5,0.8659
0.8333,0.4688,0.6,0.9323
0.7778,0.56,0.6512,0.9119
0.7222,0.4643,0.5652,0.9185
0.7222,0.3939,0.5098,0.8556
0.7895,0.4545,0.5769,0.8882
0.6842,0.4643,0.5532,0.8317
0.7895,0.4688,0.5882,0.8591
0.7895,0.5172,0.625,0.912
0.7368,0.4828,0.5833,0.9183
0.7222,0.3714,0.4906,0.8574
0.7222,0.4063,0.52,0.8556
0.6667,0.375,0.48,0.8376
0.3889,0.3684,0.3784,0.7439
0.6667,0.4138,0.5106,0.8339
0.7368,0.4242,0.5385,0.9011
0.8421,0.4848,0.6154,0.916
0.8947,0.4722,0.6182,0.9142
0.6842,0.4333,0.5306,0.8807
0.7895,0.4286,0.5556,0.8875
0.7778,0.5,0.6087,0.945
0.7222,0.4643,0.5652,0.8397
0.8889,0.4,0.5517,0.8688
0.4444,0.2667,0.3333,0.6836
0.8889,0.5333,0.6667,0.9169
0.6842,0.52,0.5909,0.8487
0.8421,0.4848,0.6154,0.9026
0.7895,0.4167,0.5455,0.9069
0.5789,0.3667,0.449,0.8496
0.8421,0.5,0.6275,0.9178
0.8333,0.5,0.625,0.8667
0.6667,0.4444,0.5333,0.8413
0.7778,0.56,0.6512,0.9209
0.8333,0.4545,0.5882,0.905
0.5556,0.3333,0.4167,0.8344
0.6842,0.5,0.5778,0.8793
0.6316,0.375,0.4706,0.835
0.7895,0.4054,0.5357,0.8596
0.8947,0.4048,0.5574,0.911
0.7368,0.5,0.5957,0.9213
0.6111,0.4231,0.5,0.8587
0.5556,0.3704,0.4444,0.7815
0.6667,0.48,0.5581,0.9032
0.7222,0.4333,0.5417,0.8537
0.8889,0.3636,0.5161,0.8571
0.7895,0.4412,0.566,0.856
0.7368,0.4667,0.5714,0.8806
0.7368,0.4242,0.5385,0.8621
0.8421,0.4211,0.5614,0.8885
0.6842,0.4063,0.5098,0.8529
0.6111,0.4783,0.5366,0.8778
0.6111,0.3793,0.4681,0.8508
0.8333,0.4286,0.566,0.8929
0.9444,0.4595,0.6182,0.9399
0.7222,0.4483,0.5532,0.8646
0.6842,0.4483,0.5417,0.8391
0.8947,0.5,0.6415,0.9112
0.5789,0.3667,0.449,0.8097
0.7368,0.3889,0.5091,0.8411
0.7368,0.3889,0.5091,0.8659
0.7222,0.4483,0.5532,0.886
0.8333,0.4688,0.6,0.8765
0.8889,0.4571,0.6038,0.9056
0.6667,0.5,0.5714,0.8505
0.9444,0.5484,0.6939,0.9339
0.6842,0.4333,0.5306,0.8568
0.5263,0.4167,0.4651,0.8558
0.7895,0.4839,0.6,0.9157
0.6842,0.4483,0.5417,0.8877
0.7368,0.4516,0.56,0.8727
0.7778,0.4667,0.5833,0.8828
0.8333,0.4286,0.566,0.9111
0.8333,0.4286,0.566,0.873
0.7222,0.4815,0.5778,0.8974
0.6111,0.4783,0.5366,0.9056
0.5789,0.4231,0.4889,0.8201
0.8421,0.4,0.5424,0.9064
0.6842,0.52,0.5909,0.9314
0.8421,0.4444,0.5818,0.8905
0.6842,0.4483,0.5417,0.8817
0.7778,0.4375,0.56,0.846
0.7778,0.4667,0.5833,0.8799
0.8333,0.4412,0.5769,0.9119
0.6667,0.4138,0.5106,0.8651
0.7222,0.3421,0.4643,0.8481
0.6842,0.4483,0.5417,0.8467
0.6316,0.5217,0.5714,0.8811
0.6842,0.4815,0.5652,0.8942
0.8421,0.4706,0.6038,0.8712
0.7895,0.4545,0.5769,0.8506
0.7895,0.4167,0.5455,0.8393
0.6842,0.4333,0.5306,0.8922
0.8421,0.4706,0.6038,0.9195
0.8333,0.5,0.625,0.9312
0.6111,0.3548,0.449,0.7894
0.8333,0.625,0.7143,0.9437
0.5556,0.3846,0.4545,0.7712
0.8333,0.5172,0.6383,0.8802
0.8947,0.4474,0.5965,0.8769
0.7368,0.4118,0.5283,0.89
0.6111,0.5238,0.5641,0.8704
0.5556,0.3448,0.4255,0.8122
0.7222,0.52,0.6047,0.8987
0.8889,0.4848,0.6275,0.9175
0.7222,0.4333,0.5417,0.8606
0.7368,0.4375,0.549,0.8639
0.7895,0.4412,0.566,0.8806
0.7368,0.4375,0.549,0.8879
0.7895,0.5172,0.625,0.9236
0.7895,0.4688,0.5882,0.901
0.7778,0.5,0.6087,0.8397
0.4444,0.3478,0.3902,0.8066
0.7778,0.4242,0.549,0.8577
0.7778,0.5385,0.6364,0.9095
0.6667,0.4,0.5,0.869
0.8947,0.4857,0.6296,0.913
0.6316,0.375,0.4706,0.8441
0.7895,0.3947,0.5263,0.8889
0.7895,0.5,0.6122,0.9053
0.7368,0.4118,0.5283,0.8885
0.7778,0.5,0.6087,0.8696
0.7778,0.4828,0.5957,0.9116
0.9444,0.4722,0.6296,0.9093
0.7778,0.5385,0.6364,0.931
0.6667,0.5455,0.6,0.8524
0.6316,0.4,0.4898,0.8634
0.8421,0.4444,0.5818,0.8664
0.8947,0.4474,0.5965,0.8884
0.7895,0.4412,0.566,0.8822
0.6842,0.4333,0.5306,0.8519
0.6667,0.3529,0.4615,0.8579
0.7778,0.4828,0.5957,0.8955
0.8333,0.4167,0.5556,0.8817
0.6667,0.4444,0.5333,0.8619
0.8333,0.4839,0.6122,0.9198
0.6842,0.5,0.5778,0.9102
0.7895,0.4688,0.5882,0.8629
1.0,0.4872,0.6552,0.9441
0.7895,0.4688,0.5882,0.9213
0.7368,0.4516,0.56,0.8767
0.8333,0.5357,0.6522,0.9185
0.9444,0.5313,0.68,0.9082
0.6667,0.4286,0.5217,0.8976
0.6111,0.4231,0.5,0.8738
0.7778,0.5385,0.6364,0.8471
0.7895,0.375,0.5085,0.8441
0.5263,0.3846,0.4444,0.7897
0.8947,0.4722,0.6182,0.9064
0.8421,0.4848,0.6154,0.8787
0.5263,0.2857,0.3704,0.7163
0.6667,0.5,0.5714,0.9071
0.8889,0.6154,0.7273,0.9146
0.7778,0.5,0.6087,0.8786
0.7778,0.3784,0.5091,0.8907
0.7778,0.4118,0.5385,0.877
0.7368,0.4516,0.56,0.8788
0.5789,0.4783,0.5238,0.9003
0.7895,0.5,0.6122,0.9089
0.6316,0.3529,0.4528,0.7945
0.7895,0.5769,0.6667,0.9313
0.8333,0.4839,0.6122,0.9069
0.7778,0.4118,0.5385,0.8815
0.7778,0.3889,0.5185,0.7989
1.0,0.5455,0.7059,0.9505
0.6667,0.5,0.5714,0.8937
0.6842,0.4063,0.5098,0.8798
0.7895,0.5,0.6122,0.8745
0.6316,0.4138,0.5,0.8148
0.8421,0.4211,0.5614,0.9078
0.5263,0.303,0.3846,0.8
0.7778,0.4828,0.5957,0.8751
0.7778,0.4516,0.5714,0.8783
0.7222,0.52,0.6047,0.9111
0.8333,0.4545,0.5882,0.9095
0.8333,0.4545,0.5882,0.8548
0.5789,0.44,0.5,0.8277
0.7368,0.4516,0.56,0.9081
0.6842,0.3824,0.4906,0.8654
0.7368,0.4,0.5185,0.897
0.7368,0.5185,0.6087,0.9078
0.7368,0.4118,0.5283,0.8135
0.8421,0.5,0.6275,0.9302
0.8947,0.4474,0.5965,0.9102
0.6111,0.4231,0.5,0.8611
0.8333,0.3947,0.5357,0.8952
0.5,0.375,0.4286,0.8442
0.7778,0.5385,0.6364,0.8979
0.6667,0.48,0.5581,0.8783
0.7368,0.5,0.5957,0.9113
0.7895,0.4412,0.566,0.8995
0.7222,0.5417,0.619,0.8627
0.7222,0.4063,0.52,0.8624
0.6667,0.4444,0.5333,0.8886
0.7222,0.4194,0.5306,0.828
0.6111,0.4583,0.5238,0.8151
0.8421,0.4211,0.5614,0.8993
0.8947,0.4857,0.6296,0.9041
0.8947,0.5152,0.6538,0.9168
0.6316,0.5455,0.5854,0.9173
0.6842,0.3939,0.5,0.7805
0.8333,0.5172,0.6383,0.8992
0.7222,0.4483,0.5532,0.905
0.6667,0.4138,0.5106,0.8841
0.6667,0.4444,0.5333,0.8632
0.7222,0.4643,0.5652,0.8979
0.6842,0.4483,0.5417,0.8672
0.7895,0.4286,0.5556,0.8796
0.5789,0.3235,0.4151,0.8011
0.7895,0.3846,0.5172,0.8301
0.8421,0.5,0.6275,0.892
0.8333,0.4545,0.5882,0.8807
0.7778,0.4667,0.5833,0.8868
0.8333,0.4167,0.5556,0.8759
0.7222,0.4815,0.5778,0.8762
0.6667,0.4286,0.5217,0.845
0.7368,0.56,0.6364,0.9099
0.9474,0.5806,0.72,0.9274
0.5263,0.3333,0.4082,0.7955
0.7368,0.4375,0.549,0.8506
0.7895,0.5172,0.625,0.9236
0.5263,0.4348,0.4762,0.835
0.8421,0.5517,0.6667,0.8904
0.6842,0.4194,0.52,0.8634
0.7222,0.3939,0.5098,0.8651
0.7222,0.52,0.6047,0.9101
0.8333,0.4412,0.5769,0.8902
0.8333,0.3947,0.5357,0.8619
0.7222,0.4333,0.5417,0.9032
0.6842,0.4643,0.5532,0.8945
0.7368,0.4667,0.5714,0.8937
0.7222,0.3714,0.4906,0.8214
0.7222,0.4194,0.5306,0.8897
0.7222,0.5,0.5909,0.872
0.7222,0.4643,0.5652,0.8667
0.7778,0.4375,0.56,0.8312
0.6842,0.5,0.5778,0.8861
0.8421,0.5,0.6275,0.9193
0.8421,0.381,0.5246,0.8413
0.7368,0.4667,0.5714,0.8145
0.7368,0.4242,0.5385,0.8331
0.5556,0.3704,0.4444,0.8146
0.6111,0.3929,0.4783,0.8368
0.8889,0.4211,0.5714,0.9228
0.8333,0.4545,0.5882,0.904
0.7778,0.4242,0.549,0.8717
0.8947,0.4857,0.6296,0.9162
0.8421,0.5517,0.6667,0.9307
0.6842,0.4815,0.5652,0.8634
0.8947,0.4595,0.6071,0.918
0.5789,0.3793,0.4583,0.809
0.7222,0.4063,0.52,0.873
0.5,0.3333,0.4,0.8098
0.7778,0.4375,0.56,0.8786
0.8333,0.4412,0.5769,0.8828
0.7222,0.3714,0.4906,0.8585
0.7368,0.5385,0.6222,0.9001
0.7368,0.5,0.5957,0.893
0.7895,0.4545,0.5769,0.895
0.7895,0.4545,0.5769,0.9371
0.7895,0.5172,0.625,0.8338
0.7222,0.4333,0.5417,0.8934
0.6667,0.4615,0.5455,0.8717
0.7778,0.4667,0.5833,0.909
0.7222,0.4643,0.5652,0.882
0.5556,0.3226,0.4082,0.8093
0.7368,0.4516,0.56,0.8864
0.7368,0.4,0.5185,0.8178
0.6316,0.5217,0.5714,0.8884
0.6842,0.4643,0.5532,0.896
0.6842,0.4333,0.5306,0.8739
0.8889,0.4571,0.6038,0.9071
0.6667,0.3429,0.4528,0.7709
0.8889,0.4571,0.6038,0.9225
0.7778,0.4828,0.5957,0.8865
0.9444,0.4359,0.5965,0.904
0.8947,0.5152,0.6538,0.899
0.5789,0.4231,0.4889,0.8411
0.8421,0.5,0.6275,0.898
0.7895,0.4839,0.6,0.9133
0.8947,0.5862,0.7083,0.9486
0.6667,0.3871,0.4898,0.8653
0.8889,0.5926,0.7111,0.9349
0.8333,0.4412,0.5769,0.8839
0.6667,0.4138,0.5106,0.8712
0.7222,0.3421,0.4643,0.818
0.7895,0.4167,0.5455,0.9038
0.5263,0.3846,0.4444,0.8264
0.7368,0.4242,0.5385,0.8462
0.6316,0.5217,0.5714,0.8383
0.7368,0.3784,0.5,0.8744
0.6111,0.3438,0.44,0.7336
0.7778,0.5,0.6087,0.8952
0.6667,0.375,0.48,0.8108
0.7778,0.4667,0.5833,0.913
0.8333,0.5,0.625,0.9275
0.9474,0.5294,0.6792,0.9269
0.4737,0.4737,0.4737,0.8302
0.9474,0.5625,0.7059,0.9641
0.6842,0.4483,0.5417,0.8148
0.7895,0.4545,0.5769,0.8677
0.7222,0.3939,0.5098,0.8344
0.8889,0.4706,0.6154,0.9103
0.6667,0.4615,0.5455,0.8918
0.8333,0.4167,0.5556,0.918
0.6667,0.4286,0.5217,0.8381
0.7368,0.5385,0.6222,0.916
0.6316,0.4138,0.5,0.8477
0.7895,0.5357,0.6383,0.8902
0.6316,0.4444,0.5217,0.8647
0.8947,0.4857,0.6296,0.9261
0.6111,0.3548,0.449,0.8487
0.7778,0.5185,0.6222,0.914
0.6111,0.4074,0.4889,0.8167
0.5,0.3103,0.383,0.7892
0.7222,0.3333,0.4561,0.841
0.8421,0.5333,0.6531,0.8659
0.8421,0.6154,0.7111,0.8922
0.8421,0.5161,0.64,0.8894
