RUSBag
0.8193,0.6538,0.7273,0.9448
0.8193,0.6326,0.7139,0.9342
0.8193,0.6326,0.7139,0.9403
0.7771,0.6649,0.7167,0.9302
0.7771,0.6386,0.7011,0.92
0.7952,0.6286,0.7021,0.9384
0.759,0.6332,0.6904,0.9286
0.8012,0.6274,0.7037,0.9289
0.8133,0.6683,0.7337,0.9509
0.8133,0.6279,0.7087,0.9347
0.7892,0.6583,0.7178,0.9305
0.7771,0.6684,0.7187,0.9299
0.7711,0.6702,0.7171,0.9209
0.7952,0.6471,0.7135,0.9391
0.8133,0.6853,0.7438,0.9347
0.8012,0.6717,0.7308,0.9432
0.7831,0.6311,0.6989,0.9297
0.8012,0.6303,0.7056,0.9307
0.7229,0.6349,0.6761,0.9117
0.8193,0.67,0.7371,0.9511
0.8253,0.5905,0.6884,0.9285
0.7771,0.6418,0.703,0.9238
0.8494,0.5924,0.698,0.9374
0.7892,0.5796,0.6684,0.9285
0.747,0.6631,0.7025,0.9256
0.7771,0.6789,0.7247,0.9372
0.7651,0.6684,0.7135,0.9307
0.8133,0.6959,0.75,0.9437
0.7952,0.6055,0.6875,0.9285
0.7831,0.6533,0.7123,0.946
0.8253,0.6618,0.7346,0.9405
0.7952,0.6471,0.7135,0.9241
0.7892,0.6616,0.7198,0.9193
0.8072,0.6734,0.7342,0.9382
0.7952,0.6316,0.704,0.933
0.7831,0.6566,0.7143,0.9251
0.7711,0.6337,0.6957,0.9249
0.8012,0.6018,0.6873,0.9224
0.8012,0.6927,0.743,0.942
0.7952,0.6408,0.7097,0.9353
0.7952,0.6055,0.6875,0.9325
0.759,0.6563,0.7039,0.9238
0.7952,0.6701,0.7273,0.9319
0.8012,0.6821,0.7368,0.9386
0.8012,0.6129,0.6945,0.9252
0.7831,0.6103,0.686,0.9298
0.759,0.6632,0.7079,0.9274
0.8072,0.6442,0.7166,0.929
0.8133,0.6716,0.7357,0.9463
0.8253,0.6749,0.7425,0.9352
0.8012,0.6364,0.7093,0.933
0.7831,0.5909,0.6736,0.9248
0.7651,0.6318,0.6921,0.9208
0.8012,0.7,0.7472,0.9318
0.7952,0.7174,0.7543,0.9487
0.8253,0.6555,0.7307,0.948
0.7831,0.6842,0.7303,0.9322
0.7711,0.6305,0.6938,0.9309
0.8494,0.638,0.7287,0.931
0.7831,0.6103,0.686,0.9162
0.8012,0.652,0.7189,0.9381
0.759,0.6885,0.7221,0.9391
0.7651,0.6382,0.6959,0.9207
0.7892,0.639,0.7062,0.9349
0.7831,0.6075,0.6842,0.93
0.8494,0.638,0.7287,0.9437
0.747,0.6526,0.6966,0.9164
0.8012,0.6683,0.7288,0.9437
0.8253,0.665,0.7366,0.9414
0.8012,0.6856,0.7389,0.9259
0.8554,0.6544,0.7415,0.9481
0.7892,0.6968,0.7401,0.9332
0.7892,0.6859,0.7339,0.9299
0.8193,0.6099,0.6992,0.9359
0.747,0.6667,0.7045,0.9278
0.7892,0.6329,0.7024,0.9326
0.8012,0.5991,0.6856,0.9321
0.7771,0.6355,0.6992,0.9243
0.759,0.6495,0.7,0.9237
0.7771,0.6355,0.6992,0.9312
0.8072,0.6009,0.6889,0.9412
0.7892,0.6684,0.7238,0.9362
0.8253,0.6284,0.7135,0.9371
0.8373,0.695,0.7596,0.9465
0.8072,0.6009,0.6889,0.9336
0.8133,0.6618,0.7297,0.9294
0.741,0.6029,0.6649,0.9191
0.7771,0.6202,0.6898,0.9258
0.8072,0.67,0.7322,0.9481
0.7952,0.6,0.6839,0.9234
0.8012,0.665,0.7268,0.9356
0.759,0.6429,0.6961,0.9149
0.7711,0.6214,0.6882,0.9184
0.8072,0.6233,0.7034,0.9457
0.8373,0.6465,0.7297,0.9493
0.8012,0.665,0.7268,0.9418
0.8313,0.6635,0.738,0.9383
0.7711,0.6702,0.7171,0.9403
0.7771,0.6482,0.7068,0.9242
0.759,0.6332,0.6904,0.9192
0.8373,0.6465,0.7297,0.9531
0.7711,0.6432,0.7014,0.9296
0.7289,0.5931,0.6541,0.914
0.8373,0.6096,0.7056,0.9411
0.7831,0.6842,0.7303,0.9326
0.8434,0.7143,0.7735,0.9532
0.7289,0.5961,0.6558,0.9188
0.7771,0.6973,0.735,0.9438
0.8012,0.6488,0.717,0.9405
0.753,0.6188,0.6793,0.9094
0.7952,0.6567,0.7193,0.9348
0.7651,0.6382,0.6959,0.9281
0.8133,0.6164,0.7013,0.9369
0.7892,0.6684,0.7238,0.9455
0.7892,0.6753,0.7278,0.9362
0.7771,0.6202,0.6898,0.9174
0.8072,0.6943,0.7465,0.9486
0.8313,0.6603,0.736,0.9503
0.753,0.6039,0.6702,0.9203
0.7651,0.6513,0.7036,0.9194
0.7711,0.6737,0.7191,0.9227
0.7892,0.6359,0.7043,0.9358
0.7952,0.6226,0.6984,0.9252
0.759,0.6146,0.6792,0.9266
0.7711,0.6154,0.6845,0.9096
0.7952,0.7253,0.7586,0.9407
0.7771,0.645,0.7049,0.9404
0.8434,0.6829,0.7547,0.9464
0.7831,0.6341,0.7008,0.9264
0.8253,0.6256,0.7117,0.9393
0.8373,0.6465,0.7297,0.943
0.8193,0.6239,0.7083,0.9294
0.8313,0.69,0.7541,0.9485
0.8012,0.6456,0.7151,0.9165
0.8072,0.6291,0.7071,0.9303
0.7831,0.6599,0.7163,0.9194
0.7349,0.6455,0.6873,0.9173
0.7892,0.6209,0.695,0.926
0.8193,0.6667,0.7351,0.9373
0.759,0.6848,0.72,0.9344
0.8012,0.6717,0.7308,0.9378
0.759,0.6738,0.7139,0.9396
0.8072,0.6091,0.6943,0.9364
0.7831,0.6842,0.7303,0.9225
0.8012,0.6584,0.7228,0.9347
0.747,0.6078,0.6703,0.937
0.8072,0.6473,0.7185,0.9379
0.7952,0.6769,0.7313,0.938
0.7349,0.6595,0.6952,0.9215
0.8012,0.6683,0.7288,0.9241
0.8072,0.6291,0.7071,0.9347
0.8253,0.6432,0.723,0.9414
0.7349,0.663,0.6971,0.9158
0.8373,0.6881,0.7554,0.9439
0.7892,0.6788,0.7298,0.9423
0.7831,0.6806,0.7283,0.9309
0.8434,0.6931,0.7609,0.9443
0.753,0.6313,0.6868,0.9227
0.8313,0.6389,0.7225,0.9386
0.7892,0.6238,0.6968,0.9194
0.8193,0.6904,0.7493,0.9342
0.7892,0.6121,0.6895,0.9203
0.8193,0.6974,0.7535,0.937
0.8012,0.6617,0.7248,0.9408
0.7952,0.6408,0.7097,0.9283
0.7711,0.6244,0.69,0.9369
0.8072,0.6233,0.7034,0.9331
0.7952,0.66,0.7213,0.9458
0.753,0.6545,0.7003,0.9239
0.7952,0.6502,0.7154,0.928
0.8012,0.6584,0.7228,0.944
0.7952,0.6226,0.6984,0.9313
0.8494,0.7015,0.7684,0.9378
0.7349,0.7394,0.7372,0.9188
0.7952,0.6197,0.6966,0.9318
0.8554,0.6201,0.719,0.9406
0.7831,0.628,0.6971,0.9394
0.7771,0.6232,0.6917,0.9126
0.8012,0.6584,0.7228,0.9291
0.7952,0.6439,0.7116,0.9255
0.8494,0.6438,0.7325,0.9426
0.7952,0.6316,0.704,0.9217
0.7289,0.6471,0.6856,0.9237
0.7651,0.6225,0.6865,0.9139
0.8012,0.6617,0.7248,0.9395
0.8554,0.6455,0.7358,0.9561
0.7771,0.6973,0.735,0.9323
0.7831,0.5991,0.6789,0.931
0.7831,0.6771,0.7263,0.9346
0.8313,0.6798,0.748,0.9407
0.7289,0.6402,0.6817,0.9037
0.8072,0.5852,0.6785,0.9196
0.8193,0.6869,0.7473,0.9494
0.8072,0.6351,0.7109,0.9383
0.8133,0.6338,0.7124,0.9418
0.8072,0.6634,0.7283,0.939
0.7771,0.7011,0.7371,0.9313
0.8193,0.6239,0.7083,0.933
0.7952,0.6439,0.7116,0.9266
0.7831,0.6103,0.686,0.9251
0.7952,0.6111,0.6911,0.9301
0.7771,0.6085,0.6825,0.9329
0.8193,0.6476,0.7234,0.9452
0.8133,0.6221,0.705,0.9335
0.753,0.651,0.6983,0.919
0.753,0.601,0.6684,0.9274
0.8133,0.675,0.7377,0.935
0.8193,0.6667,0.7351,0.9339
0.7651,0.6865,0.7236,0.9277
0.8373,0.7128,0.7701,0.9536
0.7651,0.672,0.7155,0.9308
0.7831,0.6341,0.7008,0.9333
0.7771,0.6515,0.7088,0.9307
0.7892,0.6895,0.736,0.9351
0.753,0.6281,0.6849,0.9318
0.7952,0.6408,0.7097,0.9278
0.7892,0.655,0.7158,0.9365
0.8614,0.6272,0.7259,0.9415
0.753,0.651,0.6983,0.9255
0.8253,0.5983,0.6937,0.9442
0.8494,0.6746,0.752,0.9535
0.759,0.6364,0.6923,0.9246
0.6988,0.627,0.661,0.9066
0.8072,0.6569,0.7243,0.9337
0.8253,0.6816,0.7466,0.9508
0.7892,0.6037,0.6841,0.9215
0.7892,0.6359,0.7043,0.9328
0.8133,0.6221,0.705,0.9358
0.8012,0.6333,0.7074,0.9306
0.7831,0.6878,0.7324,0.9306
0.8434,0.6731,0.7487,0.9479
0.7289,0.6402,0.6817,0.9133
0.7952,0.6286,0.7021,0.9278
0.7771,0.6114,0.6844,0.9323
0.8012,0.652,0.7189,0.9426
0.8072,0.6321,0.709,0.927
0.7771,0.6355,0.6992,0.9273
0.8072,0.6634,0.7283,0.9352
0.7831,0.6019,0.6806,0.9308
0.8193,0.6445,0.7215,0.9318
0.753,0.6545,0.7003,0.9372
0.753,0.6039,0.6702,0.9146
0.8133,0.6221,0.705,0.94
0.8193,0.6667,0.7351,0.935
0.8253,0.7211,0.7697,0.9596
0.8313,0.69,0.7541,0.9457
0.7349,0.674,0.7032,0.9212
0.7892,0.5928,0.677,0.9254
0.7952,0.6633,0.7233,0.9319
0.7711,0.6154,0.6845,0.9357
0.8253,0.7026,0.759,0.9344
0.753,0.6579,0.7022,0.9116
0.7711,0.6809,0.7232,0.9322
0.8193,0.6326,0.7139,0.9395
0.7831,0.6566,0.7143,0.9305
0.8012,0.6617,0.7248,0.9379
0.7952,0.6439,0.7116,0.9361
0.8193,0.6634,0.7332,0.9349
0.7771,0.6172,0.688,0.9242
0.8554,0.5992,0.7047,0.9351
0.8072,0.6233,0.7034,0.939
0.8253,0.6402,0.7211,0.937
0.8133,0.6398,0.7162,0.9356
0.7651,0.6256,0.6883,0.9035
0.8253,0.7249,0.7718,0.938
0.8193,0.6634,0.7332,0.9435
0.7892,0.639,0.7062,0.9309
0.753,0.6545,0.7003,0.937
0.7711,0.6337,0.6957,0.9188
0.8675,0.7094,0.7805,0.9556
0.7892,0.5721,0.6633,0.9251
0.8072,0.6091,0.6943,0.9366
0.8133,0.5921,0.6853,0.9191
0.753,0.6649,0.7062,0.9292
0.8072,0.6601,0.7263,0.9295
0.8193,0.6445,0.7215,0.9427
0.8253,0.6524,0.7287,0.9531
0.8253,0.665,0.7366,0.94
0.7289,0.6954,0.7118,0.9153
0.8193,0.6834,0.7452,0.9396
0.8133,0.6553,0.7258,0.9397
0.7711,0.6772,0.7211,0.9357
0.7771,0.6482,0.7068,0.9206
0.7892,0.6453,0.71,0.9196
0.759,0.6597,0.7059,0.9292
0.8373,0.629,0.7183,0.9473
0.7831,0.625,0.6952,0.9338
0.8012,0.6488,0.717,0.9391
0.7711,0.6337,0.6957,0.9201
0.8193,0.6974,0.7535,0.9479
0.7229,0.6283,0.6723,0.9244
0.759,0.6597,0.7059,0.9141
0.7831,0.622,0.6933,0.9291
0.7229,0.6154,0.6648,0.9047
0.7892,0.6517,0.7139,0.941
0.8012,0.6717,0.7308,0.9361
0.8313,0.7041,0.7624,0.9419
0.8313,0.6419,0.7244,0.9462
0.8494,0.6558,0.7402,0.9466
0.8313,0.6571,0.734,0.9417
0.8072,0.6442,0.7166,0.9407
0.8434,0.6667,0.7447,0.9401
0.753,0.6345,0.6887,0.9195
0.8072,0.6262,0.7053,0.9375
0.7952,0.6439,0.7116,0.9232
0.7771,0.6973,0.735,0.9291
0.7711,0.6809,0.7232,0.9288
0.8253,0.6524,0.7287,0.9466
0.7771,0.6684,0.7187,0.9335
0.747,0.6458,0.6927,0.9304
0.7711,0.5565,0.6465,0.9106
0.8012,0.6821,0.7368,0.9304
0.8313,0.6798,0.748,0.9429
0.7892,0.6329,0.7024,0.9223
0.8434,0.6573,0.7388,0.947
0.8193,0.6355,0.7158,0.9372
0.8193,0.6602,0.7312,0.9413
0.8012,0.6717,0.7308,0.9421
0.7289,0.6471,0.6856,0.9156
0.753,0.6313,0.6868,0.9261
0.7711,0.6564,0.7091,0.9083
0.7952,0.6055,0.6875,0.9349
0.7711,0.6214,0.6882,0.9311
0.8373,0.678,0.7493,0.9506
0.7952,0.66,0.7213,0.9416
0.7831,0.6701,0.7222,0.9256
0.8373,0.6748,0.7473,0.9442
0.7711,0.6531,0.7072,0.9268
0.8012,0.6045,0.6891,0.9157
0.747,0.6813,0.7126,0.9259
0.8313,0.6161,0.7077,0.9418
0.8133,0.6818,0.7418,0.9369
0.7711,0.5517,0.6432,0.9203
0.8434,0.6573,0.7388,0.9344
0.8133,0.6618,0.7297,0.9408
0.7651,0.635,0.694,0.917
0.7831,0.6736,0.7242,0.9142
0.8193,0.657,0.7292,0.9434
0.753,0.6614,0.7042,0.9288
0.7952,0.6633,0.7233,0.931
0.7892,0.5928,0.677,0.9235
0.747,0.6631,0.7025,0.9285
0.7952,0.6168,0.6947,0.9334
0.747,0.6231,0.6795,0.9306
0.8313,0.6571,0.734,0.94
0.8133,0.6522,0.7239,0.9358
0.7952,0.6911,0.7395,0.9423
0.8193,0.5913,0.6869,0.9351
0.753,0.6757,0.7123,0.9201
0.8193,0.6602,0.7312,0.9387
0.7771,0.6548,0.7107,0.9214
0.759,0.6462,0.6981,0.9202
0.8614,0.6745,0.7566,0.9509
0.741,0.6119,0.6703,0.9192
0.8313,0.6765,0.7459,0.9377
0.7771,0.645,0.7049,0.9402
0.8253,0.6035,0.6972,0.9317
0.8072,0.6473,0.7185,0.939
0.7771,0.6056,0.6807,0.9353
0.8193,0.68,0.7432,0.943
0.8373,0.6347,0.7221,0.9345
0.7831,0.6404,0.7046,0.9366
0.8012,0.6927,0.743,0.9465
0.7771,0.6825,0.7268,0.9336
0.7048,0.6359,0.6686,0.9072
0.7831,0.6878,0.7324,0.9379
0.7831,0.619,0.6915,0.9309
0.8313,0.6389,0.7225,0.9406
0.8133,0.6585,0.7278,0.9306
0.8253,0.665,0.7366,0.9344
0.8313,0.7005,0.7603,0.9455
0.8313,0.6449,0.7263,0.9371
0.7349,0.601,0.6612,0.9069
0.8072,0.7166,0.7592,0.9361
0.8072,0.6667,0.7302,0.9428
0.7349,0.6421,0.6854,0.9163
0.7952,0.5893,0.6769,0.9195
0.7771,0.6324,0.6973,0.9231
0.8614,0.653,0.7429,0.9593
0.7892,0.7081,0.7464,0.9303
0.8193,0.6974,0.7535,0.9405
0.7711,0.6275,0.6919,0.9266
0.7831,0.6468,0.7084,0.9194
0.8072,0.7166,0.7592,0.9432
0.759,0.6087,0.6756,0.9198
0.8373,0.6495,0.7316,0.9557
0.8133,0.649,0.7219,0.9295
0.8012,0.6786,0.7348,0.9377
0.741,0.5971,0.6613,0.9154
0.8133,0.6522,0.7239,0.9347
0.8313,0.69,0.7541,0.9379
0.8012,0.6274,0.7037,0.9275
0.7711,0.6368,0.6975,0.9345
0.8554,0.6544,0.7415,0.9422
0.7711,0.6368,0.6975,0.9452
0.7831,0.6404,0.7046,0.9314
0.8554,0.7136,0.7781,0.9473
0.741,0.6059,0.6667,0.9216
0.8012,0.6244,0.7018,0.9266
0.7771,0.6789,0.7247,0.925
0.8373,0.6495,0.7316,0.9317
0.8313,0.6389,0.7225,0.9412
0.7711,0.6845,0.7252,0.9308
0.7771,0.6324,0.6973,0.917
0.8313,0.6603,0.736,0.944
0.7892,0.6422,0.7081,0.931
0.8072,0.6473,0.7185,0.9388
0.8072,0.6505,0.7204,0.934
0.7108,0.631,0.6686,0.9096
0.7831,0.7263,0.7536,0.9393
0.8072,0.6204,0.7016,0.9323
0.8494,0.6409,0.7306,0.949
0.7831,0.6701,0.7222,0.9377
0.753,0.6477,0.6964,0.9259
0.7108,0.6448,0.6762,0.9198
0.8313,0.6509,0.7302,0.9476
0.7831,0.6566,0.7143,0.9243
0.753,0.6281,0.6849,0.9239
0.8072,0.6601,0.7263,0.9321
0.8434,0.6167,0.7125,0.9289
0.8012,0.6425,0.7131,0.9417
0.7771,0.6615,0.7147,0.923
0.7711,0.6919,0.7293,0.9251
0.7711,0.6337,0.6957,0.9228
0.7771,0.645,0.7049,0.9274
0.7892,0.6065,0.6859,0.9289
0.7831,0.6468,0.7084,0.9316
0.8373,0.629,0.7183,0.9362
0.8072,0.6442,0.7166,0.9344
0.8072,0.6979,0.7486,0.9426
0.8253,0.6462,0.7249,0.941
0.7952,0.6197,0.6966,0.9213
0.7048,0.6464,0.6744,0.9048
0.7651,0.6513,0.7036,0.9224
0.8193,0.6507,0.7253,0.9406
0.8253,0.6372,0.7192,0.9489
0.8373,0.6495,0.7316,0.9444
0.8494,0.6438,0.7325,0.9461
0.7831,0.6566,0.7143,0.9245
0.7289,0.6205,0.6704,0.9105
0.7831,0.6566,0.7143,0.9165
0.7651,0.6318,0.6921,0.9201
0.7892,0.6718,0.7258,0.9289
0.8916,0.6667,0.7629,0.9558
0.7892,0.6179,0.6931,0.9288
0.7651,0.6318,0.6921,0.9295
0.747,0.5962,0.6631,0.9108
0.8373,0.6847,0.7534,0.9551
0.8313,0.6509,0.7302,0.9437
0.7711,0.6497,0.7052,0.949
0.7952,0.6111,0.6911,0.9253
0.7892,0.6517,0.7139,0.9253
0.7952,0.6377,0.7078,0.932
0.759,0.6738,0.7139,0.9168
0.7831,0.622,0.6933,0.9233
0.753,0.6579,0.7022,0.9128
0.8494,0.6498,0.7363,0.9465
0.8072,0.6091,0.6943,0.9441
0.8012,0.7074,0.7514,0.9347
0.8373,0.6651,0.7413,0.9471
0.8072,0.6147,0.6979,0.9388
0.7952,0.6471,0.7135,0.9346
0.7952,0.6535,0.7174,0.923
0.8614,0.681,0.7606,0.9484
0.8193,0.6766,0.7411,0.9511
0.7349,0.6289,0.6778,0.9028
0.741,0.6406,0.6872,0.9201
0.8313,0.6359,0.7206,0.9462
0.747,0.6739,0.7086,0.9255
0.7831,0.5991,0.6789,0.9298
0.8494,0.662,0.7441,0.9455
0.8313,0.6667,0.7399,0.9553
0.8133,0.6716,0.7357,0.9404
0.7831,0.6533,0.7123,0.927
0.747,0.6458,0.6927,0.9306
0.7952,0.6316,0.704,0.9347
0.7771,0.6719,0.7207,0.9197
0.8193,0.6445,0.7215,0.9349
0.7711,0.6368,0.6975,0.9206
0.8072,0.6175,0.6997,0.9297
0.8735,0.6332,0.7342,0.9564
0.7711,0.64,0.6995,0.9185
0.7651,0.6513,0.7036,0.9296
0.741,0.6543,0.6949,0.9183
0.7651,0.6195,0.6846,0.9195
0.7831,0.6404,0.7046,0.9302
0.8494,0.638,0.7287,0.9451
0.7831,0.6436,0.7065,0.9289
0.7831,0.6311,0.6989,0.935
0.7711,0.6772,0.7211,0.9369
0.7651,0.7017,0.732,0.924
0.7831,0.6633,0.7182,0.9234
0.7952,0.6633,0.7233,0.9379
0.7892,0.6453,0.71,0.9363
0.7771,0.6789,0.7247,0.9273
0.8373,0.6748,0.7473,0.949
0.7651,0.6135,0.681,0.9244
0.7952,0.6226,0.6984,0.9183
0.8494,0.6651,0.746,0.9426
0.7952,0.7059,0.7479,0.9256
0.8072,0.6907,0.7444,0.9402
0.8193,0.5887,0.6851,0.9317
0.8554,0.6574,0.7435,0.9371
0.7892,0.615,0.6913,0.9349
0.8012,0.6617,0.7248,0.9471
0.741,0.6508,0.693,0.9119
0.741,0.6578,0.6969,0.9201
0.8072,0.6872,0.7424,0.9394
0.7831,0.583,0.6684,0.9109
0.8133,0.6716,0.7357,0.9476
0.753,0.6684,0.7082,0.939
0.8253,0.6618,0.7346,0.9308
0.8253,0.6343,0.7173,0.9421
0.8193,0.6939,0.7514,0.9447
0.7771,0.6324,0.6973,0.9164
0.759,0.6632,0.7079,0.9277
0.8193,0.6385,0.7177,0.9307
0.8133,0.665,0.7317,0.9355
0.7771,0.589,0.6701,0.9221
0.7952,0.6439,0.7116,0.9398
0.7771,0.6202,0.6898,0.928
0.8253,0.6313,0.7154,0.9447
0.7892,0.6359,0.7043,0.9388
0.8072,0.6119,0.6961,0.9354
0.7349,0.6778,0.7052,0.9256
0.8133,0.6522,0.7239,0.9419
0.8313,0.6571,0.734,0.9487
0.7771,0.6028,0.6789,0.9122
0.7349,0.6354,0.6816,0.9051
0.8072,0.6943,0.7465,0.9412
0.8072,0.6321,0.709,0.9283
0.8012,0.6394,0.7112,0.929
0.8012,0.6394,0.7112,0.9326
0.7892,0.5901,0.6753,0.9329
0.7892,0.6931,0.738,0.9226
0.8253,0.6749,0.7425,0.9428
0.8012,0.652,0.7189,0.9378
0.7952,0.6633,0.7233,0.9378
0.8072,0.6802,0.7383,0.9284
0.7711,0.6667,0.7151,0.9283
0.8193,0.657,0.7292,0.9317
0.7229,0.6522,0.6857,0.9206
0.7771,0.6825,0.7268,0.936
0.7229,0.6667,0.6936,0.9197
0.8012,0.652,0.7189,0.9223
0.8373,0.6651,0.7413,0.9605
0.759,0.6528,0.7019,0.9197
0.8313,0.6079,0.7023,0.9433
0.7651,0.6019,0.6737,0.9111
0.8133,0.6818,0.7418,0.9481
0.7651,0.6649,0.7115,0.9316
0.753,0.6831,0.7163,0.9227
0.7952,0.7059,0.7479,0.9443
0.8012,0.6303,0.7056,0.9335
0.7651,0.6615,0.7095,0.9377
0.8675,0.64,0.7366,0.9479
0.8434,0.6452,0.7311,0.9432
0.7952,0.6667,0.7253,0.9398
0.747,0.6108,0.6721,0.9139
0.8012,0.6244,0.7018,0.9208
0.8434,0.6393,0.7273,0.9472
0.7831,0.625,0.6952,0.9269
0.7952,0.5739,0.6667,0.9258
0.7952,0.6168,0.6947,0.9251
0.8253,0.6343,0.7173,0.9424
0.8072,0.6837,0.7403,0.9409
0.7771,0.6386,0.7011,0.9186
0.7771,0.6789,0.7247,0.9224
0.8012,0.6456,0.7151,0.9261
0.7831,0.6373,0.7027,0.9358
0.8072,0.6907,0.7444,0.9295
0.7711,0.6845,0.7252,0.9343
0.7651,0.5907,0.6667,0.9184
0.8313,0.6571,0.734,0.9394
0.8072,0.6351,0.7109,0.9377
0.7651,0.658,0.7075,0.9311
0.8253,0.6343,0.7173,0.9318
0.7892,0.5901,0.6753,0.9269
0.8133,0.6585,0.7278,0.9375
0.8133,0.6308,0.7105,0.9328
0.7952,0.7059,0.7479,0.9353
0.7771,0.6418,0.703,0.9227
0.8434,0.6604,0.7407,0.9425
0.7952,0.5946,0.6804,0.9215
0.7831,0.6566,0.7143,0.9309
0.8735,0.6118,0.7196,0.948
0.7349,0.6162,0.6703,0.9096
0.8133,0.6853,0.7438,0.945
0.7711,0.6809,0.7232,0.9309
0.8072,0.6262,0.7053,0.9336
0.8313,0.6188,0.7095,0.9464
0.8072,0.6091,0.6943,0.9225
0.7952,0.6839,0.7354,0.9373
0.7169,0.6685,0.6919,0.9099
0.7892,0.6485,0.712,0.9413
0.8193,0.6415,0.7196,0.9438
0.7771,0.6649,0.7167,0.9314
0.7892,0.6009,0.6823,0.9365
0.7711,0.6154,0.6845,0.9262
0.8253,0.6035,0.6972,0.9415
0.7771,0.6862,0.7288,0.9377
0.7831,0.6373,0.7027,0.92
0.7892,0.6895,0.736,0.9377
0.8012,0.6617,0.7248,0.9249
0.7651,0.6513,0.7036,0.9256
0.7892,0.6485,0.712,0.9403
0.7952,0.6377,0.7078,0.9397
0.8072,0.6262,0.7053,0.9308
0.7831,0.6878,0.7324,0.928
0.8373,0.6985,0.7616,0.9425
0.7771,0.5837,0.6667,0.9113
0.8012,0.6617,0.7248,0.9379
0.747,0.62,0.6776,0.9226
0.8434,0.6667,0.7447,0.9491
0.8193,0.6602,0.7312,0.9414
0.8193,0.6733,0.7391,0.9401
0.7771,0.6719,0.7207,0.9254
0.8133,0.5895,0.6835,0.9415
0.759,0.6146,0.6792,0.9216
0.8193,0.6507,0.7253,0.942
0.7711,0.6275,0.6919,0.9204
0.8012,0.6274,0.7037,0.9333
0.8313,0.69,0.7541,0.9466
0.7651,0.5799,0.6597,0.9195
0.8253,0.6555,0.7307,0.9385
0.8012,0.6683,0.7288,0.9284
0.8193,0.6766,0.7411,0.9449
0.8675,0.6698,0.7559,0.9518
0.7349,0.6354,0.6816,0.9154
0.8012,0.5964,0.6838,0.9296
0.8133,0.6553,0.7258,0.9312
0.7711,0.6564,0.7091,0.9336
0.8012,0.6963,0.7451,0.9454
0.8313,0.6216,0.7113,0.9328
0.7711,0.6598,0.7111,0.9206
0.7651,0.672,0.7155,0.9382
0.753,0.6831,0.7163,0.9299
0.8012,0.6333,0.7074,0.9358
0.7952,0.6346,0.7059,0.9384
0.8193,0.6355,0.7158,0.9456
0.759,0.6632,0.7079,0.9274
0.759,0.6029,0.672,0.9232
0.7349,0.6703,0.7011,0.9248
0.8012,0.6364,0.7093,0.9362
0.8675,0.64,0.7366,0.9479
0.8434,0.6796,0.7527,0.9419
0.8253,0.6716,0.7405,0.9317
0.7711,0.6184,0.6863,0.9408
0.8193,0.6355,0.7158,0.9332
0.747,0.6561,0.6986,0.9268
0.8494,0.6682,0.748,0.94
0.7711,0.6095,0.6809,0.9245
0.8373,0.6406,0.7258,0.9445
0.747,0.6739,0.7086,0.9203
0.7892,0.6684,0.7238,0.9392
0.8012,0.6073,0.6909,0.9301
0.7711,0.6919,0.7293,0.9319
0.7831,0.65,0.7104,0.9307
0.7952,0.5973,0.6822,0.9204
0.753,0.6868,0.7184,0.9361
0.753,0.6443,0.6944,0.9158
0.7892,0.6718,0.7258,0.9372
0.7952,0.6316,0.704,0.9363
0.759,0.6269,0.6866,0.9292
0.7711,0.6497,0.7052,0.9275
0.7952,0.6701,0.7273,0.9383
0.8012,0.6364,0.7093,0.9446
0.759,0.6087,0.6756,0.9217
0.8313,0.6509,0.7302,0.9412
0.7711,0.6497,0.7052,0.9289
0.7771,0.6324,0.6973,0.9459
0.7651,0.6318,0.6921,0.9229
0.8193,0.6385,0.7177,0.9392
0.7892,0.6517,0.7139,0.9415
0.7349,0.6489,0.6893,0.916
0.7952,0.6839,0.7354,0.9427
0.8133,0.6818,0.7418,0.9418
0.7711,0.6702,0.7171,0.9308
0.747,0.6667,0.7045,0.9298
0.8253,0.6587,0.7326,0.9406
0.7892,0.6684,0.7238,0.9385
0.7651,0.6546,0.7056,0.9264
0.8434,0.6114,0.7089,0.9386
0.7952,0.6911,0.7395,0.9435
0.8133,0.6716,0.7357,0.9352
0.8012,0.6856,0.7389,0.9401
0.8253,0.6524,0.7287,0.9415
0.7711,0.6214,0.6882,0.9262
0.747,0.6851,0.7147,0.9254
0.7892,0.6329,0.7024,0.9105
0.741,0.691,0.7151,0.925
0.8133,0.6784,0.7397,0.9381
0.8012,0.6552,0.7209,0.9243
0.8072,0.6537,0.7224,0.9368
0.759,0.7159,0.7368,0.9184
0.8193,0.6355,0.7158,0.9397
0.7711,0.5872,0.6667,0.9161
0.7771,0.6293,0.6954,0.9266
0.8012,0.6552,0.7209,0.9403
0.8193,0.6538,0.7273,0.9431
0.8373,0.6847,0.7534,0.9406
0.753,0.672,0.7102,0.9318
0.747,0.6231,0.6795,0.9134
0.7952,0.6226,0.6984,0.9313
0.7892,0.6931,0.738,0.9367
0.8313,0.6026,0.6987,0.941
0.7349,0.6256,0.6759,0.9204
0.8434,0.6393,0.7273,0.9452
0.8012,0.5964,0.6838,0.927
0.7952,0.6471,0.7135,0.9249
0.8253,0.6954,0.7548,0.9435
0.8373,0.6347,0.7221,0.9395
0.7831,0.6566,0.7143,0.9295
0.7831,0.6667,0.7202,0.9233
0.8012,0.652,0.7189,0.9286
0.7771,0.6143,0.6862,0.927
0.8072,0.6872,0.7424,0.9314
0.7651,0.6165,0.6828,0.9233
0.7952,0.6197,0.6966,0.9424
0.8072,0.6734,0.7342,0.9392
0.8012,0.6333,0.7074,0.9324
0.7892,0.6684,0.7238,0.9328
0.753,0.651,0.6983,0.9188
0.7952,0.6377,0.7078,0.9417
0.747,0.6631,0.7025,0.9222
0.8072,0.6837,0.7403,0.9259
0.741,0.6578,0.6969,0.9314
0.8193,0.712,0.7619,0.9319
0.8253,0.6954,0.7548,0.9296
0.8434,0.6512,0.7349,0.9431
0.8012,0.6584,0.7228,0.9393
0.7831,0.6633,0.7182,0.933
0.8434,0.6512,0.7349,0.9439
0.8313,0.654,0.7321,0.9452
0.7048,0.65,0.6763,0.905
0.8193,0.6326,0.7139,0.9364
0.7651,0.648,0.7017,0.9339
0.753,0.6614,0.7042,0.9183
0.8133,0.6716,0.7357,0.9351
0.8133,0.6164,0.7013,0.9329
0.7711,0.6598,0.7111,0.9403
0.8133,0.6784,0.7397,0.9467
0.8012,0.6617,0.7248,0.9416
0.7952,0.6535,0.7174,0.9355
0.7711,0.6497,0.7052,0.935
0.8133,0.5947,0.687,0.934
0.8012,0.665,0.7268,0.934
0.7831,0.6373,0.7027,0.9142
0.8012,0.6617,0.7248,0.9286
0.7952,0.6471,0.7135,0.9282
0.7831,0.6701,0.7222,0.9315
0.7892,0.5955,0.6788,0.9293
0.7711,0.6531,0.7072,0.9294
0.7952,0.6701,0.7273,0.944
0.7771,0.5811,0.6649,0.927
0.7892,0.6485,0.712,0.9315
0.8434,0.6635,0.7427,0.9483
0.8193,0.6476,0.7234,0.9278
0.8494,0.6438,0.7325,0.9414
0.753,0.6545,0.7003,0.9271
0.7952,0.6567,0.7193,0.9365
0.8253,0.5983,0.6937,0.9366
0.8012,0.6456,0.7151,0.9287
0.8133,0.675,0.7377,0.9515
0.741,0.6578,0.6969,0.9141
0.7771,0.6615,0.7147,0.9344
0.7892,0.5928,0.677,0.9151
0.7952,0.6226,0.6984,0.9363
0.8675,0.7273,0.7912,0.9615
0.7349,0.7011,0.7176,0.9262
0.8012,0.6456,0.7151,0.9397
0.8373,0.589,0.6915,0.9379
0.8012,0.665,0.7268,0.934
0.7711,0.6095,0.6809,0.9248
0.8313,0.5948,0.6935,0.9436
0.8313,0.633,0.7187,0.9412
0.7349,0.6816,0.7072,0.9204
0.7831,0.6633,0.7182,0.9313
0.759,0.6702,0.7119,0.9408
0.7771,0.6515,0.7088,0.9326
0.8193,0.68,0.7432,0.9347
0.7831,0.628,0.6971,0.9286
0.759,0.6462,0.6981,0.927
0.741,0.6181,0.674,0.9255
0.741,0.6308,0.6814,0.9237
0.8193,0.6507,0.7253,0.9354
0.8494,0.6558,0.7402,0.9479
0.8373,0.6588,0.7374,0.9408
0.8494,0.6682,0.748,0.9477
0.7952,0.6735,0.7293,0.927
0.7229,0.6818,0.7018,0.9207
0.7771,0.6143,0.6862,0.9381
0.741,0.6613,0.6989,0.9307
0.7892,0.6453,0.71,0.9448
0.7952,0.6471,0.7135,0.9211
0.7892,0.6037,0.6841,0.9278
0.759,0.6702,0.7119,0.9302
0.7711,0.6632,0.7131,0.9267
0.8554,0.6425,0.7339,0.9446
0.7952,0.6083,0.6893,0.9413
0.7831,0.6436,0.7065,0.938
0.8916,0.6607,0.759,0.9553
0.7711,0.6214,0.6882,0.9215
0.8373,0.678,0.7493,0.9591
0.8012,0.6617,0.7248,0.945
0.759,0.6029,0.672,0.9205
0.7711,0.6184,0.6863,0.9156
0.8012,0.6584,0.7228,0.934
0.8072,0.6351,0.7109,0.9334
0.7651,0.6447,0.6997,0.9219
0.8072,0.6667,0.7302,0.9431
0.7831,0.6468,0.7084,0.9224
0.8494,0.6812,0.756,0.9437
0.7349,0.6256,0.6759,0.9105
0.8012,0.6717,0.7308,0.9342
0.7952,0.6408,0.7097,0.9337
0.8012,0.6364,0.7093,0.9389
0.7892,0.6093,0.6877,0.9334
0.8253,0.6402,0.7211,0.9429
0.759,0.6528,0.7019,0.9277
0.8012,0.652,0.7189,0.9439
0.8193,0.6018,0.6939,0.9361
0.7711,0.6919,0.7293,0.9274
0.7711,0.6154,0.6845,0.9292
0.747,0.6631,0.7025,0.9161
0.8253,0.6683,0.7385,0.9399
0.7952,0.6804,0.7333,0.9397
0.7771,0.6324,0.6973,0.934
0.8313,0.6866,0.752,0.9441
0.8133,0.6522,0.7239,0.9318
0.8434,0.6195,0.7143,0.9387
0.7651,0.6649,0.7115,0.9186
0.741,0.6029,0.6649,0.923
0.8012,0.7151,0.7557,0.9351
0.8373,0.6715,0.7453,0.9469
0.7892,0.6753,0.7278,0.9353
0.8133,0.6459,0.72,0.9264
0.8072,0.6291,0.7071,0.9331
0.7349,0.6667,0.6991,0.9229
0.8373,0.5966,0.6967,0.938
0.7952,0.6947,0.7416,0.9311
0.7711,0.6702,0.7171,0.9253
0.7771,0.6202,0.6898,0.9229
0.7831,0.6468,0.7084,0.9223
0.8313,0.69,0.7541,0.94
0.7711,0.6598,0.7111,0.9299
0.8313,0.6273,0.715,0.9396
0.8253,0.6524,0.7287,0.9405
0.7831,0.6566,0.7143,0.936
0.8193,0.6766,0.7411,0.934
0.8012,0.6617,0.7248,0.9402
0.8072,0.6667,0.7302,0.9316
0.7651,0.6414,0.6978,0.9309
0.8012,0.6244,0.7018,0.9235
0.7771,0.6293,0.6954,0.9196
0.8313,0.633,0.7187,0.9421
0.7651,0.6414,0.6978,0.9302
0.7831,0.7182,0.7493,0.9366
0.8072,0.6147,0.6979,0.9367
0.8012,0.6364,0.7093,0.9322
0.741,0.6119,0.6703,0.9121
0.7892,0.6485,0.712,0.9303
0.7651,0.6135,0.681,0.924
0.747,0.6492,0.6947,0.929
0.8373,0.6683,0.7433,0.9458
0.8554,0.6667,0.7493,0.9531
0.8012,0.6333,0.7074,0.9299
0.7349,0.6778,0.7052,0.9256
0.8373,0.6619,0.7394,0.9427
0.7892,0.6616,0.7198,0.932
0.7651,0.635,0.694,0.922
0.7892,0.6583,0.7178,0.9371
0.7892,0.7238,0.755,0.9254
0.8373,0.6406,0.7258,0.9484
0.8012,0.652,0.7189,0.934
0.759,0.6961,0.7262,0.9274
0.8193,0.6766,0.7411,0.9414
0.8494,0.6812,0.756,0.9513
0.7771,0.6,0.6772,0.9198
0.741,0.6508,0.693,0.9257
0.8434,0.6335,0.7235,0.9395
0.7711,0.6305,0.6938,0.9298
0.8012,0.6129,0.6945,0.9298
0.8133,0.6279,0.7087,0.9394
0.753,0.6219,0.6812,0.9122
0.8675,0.6857,0.766,0.9569
0.8193,0.6507,0.7253,0.9426
0.8253,0.6919,0.7527,0.9394
0.6988,0.6409,0.6686,0.8999
0.741,0.6758,0.7069,0.9261
0.8313,0.6133,0.7059,0.9455
0.8373,0.6261,0.7165,0.9328
0.7771,0.6684,0.7187,0.9237
0.7892,0.6329,0.7024,0.9262
0.7711,0.6497,0.7052,0.9252
0.8072,0.6601,0.7263,0.9274
0.8012,0.6488,0.717,0.9248
0.7711,0.6564,0.7091,0.9261
0.759,0.6597,0.7059,0.9228
0.8253,0.665,0.7366,0.9467
0.747,0.5933,0.6613,0.9156
0.7892,0.6453,0.71,0.9238
0.7892,0.6753,0.7278,0.9356
0.8614,0.6384,0.7333,0.9463
0.7952,0.6535,0.7174,0.937
0.7831,0.628,0.6971,0.9317
0.8253,0.6782,0.7446,0.9477
0.7892,0.6517,0.7139,0.931
0.8072,0.6601,0.7263,0.9332
0.7831,0.6132,0.6878,0.9286
0.7711,0.6124,0.6827,0.9212
0.7771,0.7088,0.7414,0.9381
0.7771,0.6754,0.7227,0.9333
0.8554,0.6995,0.7696,0.9554
0.8012,0.6333,0.7074,0.932
0.7711,0.6095,0.6809,0.9354
0.7711,0.6009,0.6755,0.9147
0.8193,0.6415,0.7196,0.9362
0.7711,0.6465,0.7033,0.9348
0.7892,0.6238,0.6968,0.9238
0.8012,0.6425,0.7131,0.9235
0.8253,0.6493,0.7268,0.9503
0.8012,0.665,0.7268,0.929
0.747,0.6392,0.6889,0.9265
0.8193,0.6044,0.6957,0.9383
0.7892,0.6238,0.6968,0.9364
0.8012,0.6617,0.7248,0.93
0.7651,0.6755,0.7175,0.9306
0.7952,0.66,0.7213,0.9435
0.8133,0.649,0.7219,0.9388
0.7651,0.672,0.7155,0.9266
0.7771,0.6202,0.6898,0.9339
0.8253,0.6884,0.7507,0.937
0.753,0.6831,0.7163,0.9386
0.8072,0.6381,0.7128,0.9289
0.8012,0.6364,0.7093,0.9275
0.7651,0.6865,0.7236,0.9382
0.7892,0.6009,0.6823,0.9356
0.7952,0.6439,0.7116,0.9387
0.8012,0.6186,0.6982,0.9212
0.7289,0.6505,0.6875,0.921
0.7892,0.6753,0.7278,0.938
0.8133,0.6522,0.7239,0.9355
0.8554,0.6667,0.7493,0.9534
0.7349,0.7219,0.7284,0.9315
0.8373,0.5991,0.6985,0.9262
0.759,0.6563,0.7039,0.9281
0.7771,0.6355,0.6992,0.928
0.7771,0.6754,0.7227,0.929
0.7711,0.6598,0.7111,0.9321
0.7651,0.6414,0.6978,0.9224
0.7952,0.5973,0.6822,0.9194
0.7892,0.6209,0.695,0.9224
0.8735,0.6502,0.7455,0.9587
0.8072,0.6381,0.7128,0.9367
0.7892,0.6616,0.7198,0.939
0.8072,0.6442,0.7166,0.9287
0.8133,0.6818,0.7418,0.9368
0.8253,0.6782,0.7446,0.9407
0.741,0.6406,0.6872,0.9233
0.8373,0.6847,0.7534,0.9352
0.7771,0.7011,0.7371,0.9444
0.8193,0.6733,0.7391,0.9408
0.8133,0.6618,0.7297,0.9365
0.8012,0.6552,0.7209,0.9339
0.7771,0.6085,0.6825,0.9151
0.7771,0.645,0.7049,0.939
0.7651,0.6865,0.7236,0.9307
0.759,0.6269,0.6866,0.9196
0.8313,0.5847,0.6866,0.9291
0.7711,0.6598,0.7111,0.9272
0.753,0.6378,0.6906,0.911
0.8494,0.6682,0.748,0.9484
0.8554,0.6514,0.7396,0.9501
0.7831,0.7027,0.7407,0.9454
0.8313,0.6571,0.734,0.9444
0.7892,0.6121,0.6895,0.9398
0.7952,0.6804,0.7333,0.9355
0.8012,0.6821,0.7368,0.9403
0.747,0.5849,0.6561,0.9036
0.7711,0.6531,0.7072,0.9185
0.7831,0.6599,0.7163,0.9296
0.7651,0.6513,0.7036,0.9304
0.8313,0.6603,0.736,0.9431
0.8253,0.6587,0.7326,0.951
0.7169,0.6611,0.6879,0.9151
0.7831,0.65,0.7104,0.9268
0.8012,0.6274,0.7037,0.9312
0.8434,0.6422,0.7292,0.9383
0.7892,0.6485,0.712,0.9368
0.8072,0.6147,0.6979,0.9381
0.8012,0.6425,0.7131,0.9382
0.8133,0.6368,0.7143,0.9302
0.8675,0.6076,0.7146,0.9459
0.8072,0.6537,0.7224,0.9355
0.8012,0.6244,0.7018,0.9209
0.7952,0.6875,0.7374,0.9399
0.753,0.6831,0.7163,0.9246
0.7771,0.6355,0.6992,0.9276
0.8373,0.615,0.7092,0.9448
