RUSBag
0.9231,0.1983,0.3265,0.8415
0.8846,0.1825,0.3026,0.821
0.8462,0.2292,0.3607,0.8334
0.68,0.1466,0.2411,0.7586
0.68,0.2656,0.382,0.8281
0.72,0.1837,0.2927,0.7756
0.7308,0.3016,0.427,0.8749
0.8462,0.1818,0.2993,0.7953
0.9615,0.1773,0.2994,0.816
0.6154,0.2025,0.3048,0.749
0.6923,0.2687,0.3871,0.8285
0.9231,0.1818,0.3038,0.7727
0.8462,0.1746,0.2895,0.7844
0.88,0.1897,0.3121,0.8787
0.76,0.2923,0.4222,0.8547
0.72,0.1651,0.2687,0.7682
0.8846,0.284,0.4299,0.875
0.8462,0.1947,0.3165,0.8266
0.5385,0.1687,0.2569,0.7177
0.6923,0.1636,0.2647,0.7661
0.9231,0.1633,0.2775,0.7701
0.8462,0.1864,0.3056,0.747
0.7308,0.2159,0.3333,0.8004
0.76,0.3065,0.4368,0.8757
0.52,0.1585,0.243,0.7281
1.0,0.1773,0.3012,0.8608
0.6154,0.2712,0.3765,0.7998
0.6923,0.225,0.3396,0.7904
0.8077,0.178,0.2917,0.8562
0.7692,0.2439,0.3704,0.8386
0.6154,0.2424,0.3478,0.7865
0.8846,0.1631,0.2754,0.8683
0.9231,0.1832,0.3057,0.8147
0.8,0.1575,0.2632,0.7943
0.68,0.2048,0.3148,0.7782
0.84,0.2039,0.3281,0.8049
0.4615,0.1714,0.25,0.7175
0.6538,0.1868,0.2906,0.7957
0.8846,0.211,0.3407,0.8173
0.9615,0.2033,0.3356,0.8856
0.8462,0.2529,0.3894,0.821
0.7692,0.2353,0.3604,0.8295
0.8462,0.2683,0.4074,0.8601
0.88,0.1897,0.3121,0.834
0.6,0.1724,0.2679,0.7392
0.8,0.1786,0.292,0.8091
0.8077,0.1927,0.3111,0.8199
0.4615,0.2069,0.2857,0.7728
0.7308,0.2235,0.3423,0.7618
0.7308,0.1638,0.2676,0.7627
0.8077,0.2283,0.3559,0.856
0.7692,0.1639,0.2703,0.7451
0.7692,0.1639,0.2703,0.7549
0.6,0.2727,0.375,0.8456
0.4,0.1961,0.2632,0.7639
0.8,0.2532,0.3846,0.8435
0.7308,0.1881,0.2992,0.8002
0.6923,0.2118,0.3243,0.811
0.7308,0.1667,0.2714,0.7835
0.8462,0.1897,0.3099,0.7976
0.8846,0.2054,0.3333,0.7892
0.6923,0.2195,0.3333,0.7605
0.8462,0.1774,0.2933,0.7999
0.88,0.1732,0.2895,0.8156
0.6,0.2308,0.3333,0.7766
0.8,0.2564,0.3883,0.8573
0.8846,0.219,0.3511,0.8693
0.7308,0.1597,0.2621,0.7549
0.7308,0.2879,0.413,0.8411
0.9615,0.1866,0.3125,0.8293
0.5769,0.1875,0.283,0.7289
0.6923,0.2535,0.3711,0.8036
0.8846,0.1811,0.3007,0.784
0.88,0.1732,0.2895,0.8627
0.64,0.1975,0.3019,0.7989
0.84,0.168,0.28,0.8045
0.9615,0.2066,0.3401,0.813
0.6923,0.3051,0.4235,0.8389
0.7308,0.2436,0.3654,0.818
0.7308,0.1827,0.2923,0.8094
0.5769,0.2586,0.3571,0.7995
0.5769,0.3061,0.4,0.7878
1.0,0.2149,0.3537,0.8788
0.6,0.1974,0.297,0.7519
0.88,0.176,0.2933,0.8518
0.88,0.1705,0.2857,0.7626
0.5385,0.2692,0.359,0.801
0.7692,0.1869,0.3008,0.8339
0.6923,0.2278,0.3429,0.7995
0.7308,0.2346,0.3551,0.8221
0.6154,0.2162,0.32,0.7652
0.7692,0.2222,0.3448,0.8562
0.9231,0.1832,0.3057,0.8425
0.56,0.2154,0.3111,0.7922
0.96,0.2087,0.3429,0.8781
0.6,0.2083,0.3093,0.7459
0.6923,0.2022,0.313,0.8051
0.6154,0.2353,0.3404,0.7792
0.7692,0.1587,0.2632,0.7311
0.5769,0.2239,0.3226,0.8199
0.8077,0.1533,0.2577,0.7788
0.8077,0.1981,0.3182,0.8321
0.8077,0.1963,0.3158,0.8283
0.84,0.1721,0.2857,0.8001
0.68,0.1932,0.3009,0.8104
0.68,0.2361,0.3505,0.8031
0.7692,0.241,0.367,0.8395
0.8462,0.2056,0.3308,0.8311
0.8077,0.1736,0.2857,0.7725
0.6538,0.2024,0.3091,0.7927
0.9615,0.1894,0.3165,0.8503
0.7692,0.274,0.404,0.8697
0.7692,0.1887,0.303,0.7794
0.8,0.1695,0.2797,0.7669
0.88,0.1732,0.2895,0.798
0.8,0.1802,0.2941,0.8034
0.9231,0.1805,0.3019,0.7984
0.5385,0.1647,0.2523,0.7556
0.7692,0.1739,0.2837,0.7607
0.9615,0.2101,0.3448,0.8604
0.8846,0.1917,0.3151,0.8337
0.8846,0.1783,0.2968,0.8275
0.6154,0.2424,0.3478,0.7651
0.6,0.2027,0.303,0.7705
0.8,0.1905,0.3077,0.7894
0.76,0.1652,0.2714,0.7826
0.7692,0.1754,0.2857,0.8082
0.8846,0.2018,0.3286,0.8849
0.7308,0.1624,0.2657,0.7501
0.7692,0.1639,0.2703,0.7351
0.7692,0.2532,0.381,0.8201
0.5769,0.2778,0.375,0.8273
0.6923,0.1565,0.2553,0.8051
0.88,0.1913,0.3143,0.86
0.76,0.1919,0.3065,0.793
0.6,0.2083,0.3093,0.7863
0.8462,0.1818,0.2993,0.7533
0.8846,0.2091,0.3382,0.8134
0.7308,0.1939,0.3065,0.765
0.8462,0.1964,0.3188,0.8246
0.8462,0.1897,0.3099,0.8283
0.8462,0.1789,0.2953,0.7985
0.6538,0.2576,0.3696,0.7942
0.92,0.1855,0.3087,0.819
0.84,0.1875,0.3066,0.8092
0.88,0.1774,0.2953,0.802
0.6538,0.1848,0.2881,0.7473
0.6923,0.1957,0.3051,0.803
0.8462,0.2037,0.3284,0.8188
0.7308,0.1776,0.2857,0.8014
0.8462,0.2,0.3235,0.843
0.7308,0.2923,0.4176,0.8641
0.8846,0.215,0.3459,0.867
0.88,0.1964,0.3212,0.835
0.64,0.186,0.2883,0.7455
0.8,0.1563,0.2614,0.771
0.8846,0.1704,0.2857,0.7587
0.8462,0.1833,0.3014,0.7522
0.9231,0.1832,0.3057,0.8267
0.9231,0.1818,0.3038,0.8088
0.8077,0.1795,0.2937,0.789
0.6154,0.25,0.3556,0.7967
0.5769,0.1923,0.2885,0.8042
0.7692,0.1626,0.2685,0.7289
0.6154,0.2388,0.3441,0.8213
0.5769,0.2885,0.3846,0.8099
0.8462,0.1849,0.3034,0.834
0.68,0.2125,0.3238,0.8164
0.84,0.1721,0.2857,0.8327
0.96,0.2143,0.3504,0.8219
0.8077,0.1721,0.2838,0.7867
0.8077,0.2442,0.375,0.8027
0.6923,0.2143,0.3273,0.7861
0.8,0.1835,0.2985,0.7866
0.8,0.1695,0.2797,0.7635
0.96,0.1935,0.3221,0.8582
0.6923,0.2466,0.3636,0.8216
0.8077,0.2079,0.3307,0.8124
0.8077,0.1707,0.2819,0.7748
0.8846,0.215,0.3459,0.8484
0.8846,0.1742,0.2911,0.7707
0.8077,0.1858,0.3022,0.8407
0.9615,0.2033,0.3356,0.8952
0.88,0.176,0.2933,0.7944
0.8,0.1667,0.2759,0.7158
0.76,0.1583,0.2621,0.744
0.9231,0.2017,0.331,0.8386
0.5385,0.1892,0.28,0.7513
0.8462,0.176,0.2914,0.8283
0.7692,0.303,0.4348,0.8671
0.8077,0.1721,0.2838,0.7788
0.6923,0.2093,0.3214,0.8275
0.8462,0.2037,0.3284,0.7907
0.92,0.187,0.3108,0.8309
0.76,0.1919,0.3065,0.768
0.72,0.2278,0.3462,0.83
0.8846,0.2035,0.3309,0.8169
0.9231,0.2202,0.3556,0.8659
0.8462,0.176,0.2914,0.7843
0.3846,0.2326,0.2899,0.7473
0.5385,0.2414,0.3333,0.8054
0.9231,0.1875,0.3117,0.813
0.7692,0.1739,0.2837,0.7804
0.84,0.1567,0.2642,0.7234
0.8,0.2632,0.396,0.8631
0.96,0.1818,0.3057,0.8319
0.7692,0.155,0.2581,0.7775
0.8846,0.1811,0.3007,0.7979
0.8462,0.1746,0.2895,0.8418
0.7308,0.2879,0.413,0.8338
0.9615,0.2,0.3311,0.8336
0.5769,0.1974,0.2941,0.7501
0.7692,0.2083,0.3279,0.8221
0.8,0.1527,0.2564,0.7854
0.64,0.2078,0.3137,0.8021
0.88,0.1864,0.3077,0.7763
0.9231,0.2143,0.3478,0.846
0.5,0.1884,0.2737,0.7484
0.8077,0.2211,0.3471,0.8548
0.8846,0.1983,0.3239,0.8482
0.9231,0.2017,0.331,0.8294
0.6154,0.2133,0.3168,0.7871
0.8846,0.1447,0.2486,0.7895
0.88,0.1864,0.3077,0.802
0.92,0.2018,0.3309,0.8451
0.6,0.2586,0.3614,0.7913
0.6923,0.24,0.3564,0.8418
0.8846,0.1983,0.3239,0.8436
0.9231,0.1752,0.2945,0.8538
0.5769,0.2239,0.3226,0.77
0.8462,0.1679,0.2803,0.7823
0.5385,0.2692,0.359,0.8264
0.7308,0.1727,0.2794,0.7577
0.52,0.2364,0.325,0.7736
0.68,0.2237,0.3366,0.789
0.76,0.2043,0.322,0.8099
0.8462,0.2857,0.4272,0.8752
0.7692,0.241,0.367,0.8019
0.8077,0.2143,0.3387,0.8336
0.6923,0.25,0.3673,0.8178
0.6154,0.1905,0.2909,0.74
0.7692,0.2222,0.3448,0.8153
0.5769,0.2027,0.3,0.7718
0.92,0.1756,0.2949,0.8196
0.64,0.1379,0.227,0.6764
0.96,0.2105,0.3453,0.8773
0.8462,0.2136,0.3411,0.8277
0.8077,0.2079,0.3307,0.8676
0.8462,0.1642,0.275,0.8204
0.9615,0.1938,0.3226,0.8284
0.7308,0.2088,0.3248,0.7678
0.7692,0.1818,0.2941,0.7603
0.9615,0.2033,0.3356,0.8621
0.88,0.1654,0.2785,0.7688
0.56,0.1628,0.2523,0.7734
0.92,0.1797,0.3007,0.8387
0.8462,0.2075,0.3333,0.846
0.8462,0.1732,0.2876,0.7865
0.8077,0.181,0.2958,0.8022
0.7692,0.2532,0.381,0.8795
0.6154,0.2388,0.3441,0.822
0.8462,0.1982,0.3212,0.8088
0.8462,0.188,0.3077,0.8037
0.56,0.2222,0.3182,0.7834
0.84,0.1489,0.253,0.7819
0.72,0.1957,0.3077,0.7706
0.9231,0.1846,0.3077,0.7912
0.7308,0.2923,0.4176,0.8557
0.6923,0.2951,0.4138,0.8365
0.8462,0.2037,0.3284,0.8464
0.6154,0.2222,0.3265,0.7894
0.5769,0.2174,0.3158,0.7775
0.6154,0.2286,0.3333,0.7868
0.8077,0.1667,0.2763,0.7836
0.6923,0.2338,0.3495,0.8081
0.7308,0.1696,0.2754,0.7654
0.8846,0.2035,0.3309,0.847
0.8,0.16,0.2667,0.7885
0.84,0.2234,0.3529,0.8373
0.96,0.1832,0.3077,0.848
0.8846,0.2212,0.3538,0.83
0.8077,0.2211,0.3471,0.831
0.6154,0.1928,0.2936,0.7581
0.92,0.1811,0.3026,0.8317
0.8,0.1818,0.2963,0.7447
0.92,0.1855,0.3087,0.8609
0.7308,0.1473,0.2452,0.7153
0.7692,0.2353,0.3604,0.8197
0.9231,0.1983,0.3265,0.8377
0.4615,0.3,0.3636,0.7941
0.6923,0.2857,0.4045,0.8427
0.7692,0.2105,0.3306,0.7967
0.7308,0.1743,0.2815,0.7798
0.56,0.2154,0.3111,0.8042
0.88,0.2056,0.3333,0.8586
0.8,0.1724,0.2837,0.7769
0.7308,0.2111,0.3276,0.7826
0.8462,0.1654,0.2767,0.7741
0.6538,0.2073,0.3148,0.8021
0.6923,0.2571,0.375,0.8193
0.9231,0.1832,0.3057,0.8122
0.8846,0.2371,0.374,0.8499
0.8846,0.1855,0.3067,0.7864
0.8,0.2105,0.3333,0.8175
0.88,0.1789,0.2973,0.8156
0.8,0.1818,0.2963,0.8006
0.7308,0.3065,0.4318,0.8629
0.7308,0.1743,0.2815,0.7972
0.6538,0.2208,0.3301,0.7782
0.6538,0.1977,0.3036,0.7712
0.8077,0.181,0.2958,0.7821
0.6538,0.2099,0.3178,0.778
0.7308,0.2159,0.3333,0.8138
0.68,0.2361,0.3505,0.8239
0.92,0.1901,0.3151,0.858
0.56,0.1647,0.2545,0.7042
0.9231,0.1983,0.3265,0.8563
0.6538,0.2576,0.3696,0.7764
0.7692,0.1923,0.3077,0.7464
0.8846,0.1769,0.2949,0.8182
0.8077,0.2019,0.3231,0.8037
0.8846,0.1901,0.3129,0.7628
0.6538,0.2024,0.3091,0.7702
0.52,0.1529,0.2364,0.7247
0.56,0.1628,0.2523,0.7427
0.68,0.2208,0.3333,0.8208
0.7692,0.2198,0.3419,0.8452
0.9231,0.1967,0.3243,0.8728
0.9231,0.1935,0.32,0.8119
0.8077,0.1892,0.3066,0.822
0.8846,0.1949,0.3194,0.8195
0.6154,0.186,0.2857,0.7619
1.0,0.1857,0.3133,0.8608
0.84,0.1469,0.25,0.7805
0.48,0.1739,0.2553,0.775
0.88,0.1833,0.3034,0.7778
0.6923,0.2368,0.3529,0.8116
0.7692,0.2326,0.3571,0.8047
0.5769,0.2,0.297,0.7666
0.7692,0.1887,0.303,0.8101
0.8077,0.1603,0.2675,0.8256
0.8846,0.219,0.3511,0.8511
0.4231,0.2444,0.3099,0.7809
0.48,0.1846,0.2667,0.7056
0.72,0.2093,0.3243,0.7989
0.92,0.2,0.3286,0.8003
0.8462,0.188,0.3077,0.8225
0.9615,0.2174,0.3546,0.8832
0.7308,0.2,0.314,0.7758
0.7692,0.177,0.2878,0.7717
0.9231,0.1951,0.3221,0.8762
0.9231,0.1983,0.3265,0.8421
0.8462,0.1719,0.2857,0.7775
0.6,0.1875,0.2857,0.7958
0.76,0.1429,0.2405,0.7556
0.6,0.2679,0.3704,0.7962
0.5769,0.2885,0.3846,0.8292
0.6538,0.2267,0.3366,0.7688
0.5769,0.2586,0.3571,0.796
0.8846,0.1797,0.2987,0.7662
0.6538,0.2576,0.3696,0.8213
0.8462,0.234,0.3667,0.839
0.7308,0.1667,0.2714,0.7403
0.6538,0.2237,0.3333,0.8131
0.8846,0.1716,0.2875,0.796
0.8846,0.1655,0.2788,0.7883
0.8846,0.2072,0.3358,0.8501
0.6,0.2,0.3,0.8072
0.84,0.2165,0.3443,0.8438
0.72,0.2727,0.3956,0.8188
0.8462,0.2018,0.3259,0.8463
0.9615,0.1623,0.2778,0.7957
0.9615,0.2174,0.3546,0.849
0.52,0.2281,0.3171,0.7648
0.76,0.2262,0.3486,0.824
0.76,0.1792,0.2901,0.7946
0.4231,0.1803,0.2529,0.7164
0.8462,0.1849,0.3034,0.8154
0.7308,0.1919,0.304,0.7987
0.6154,0.1684,0.2645,0.7534
0.8462,0.1692,0.2821,0.7629
0.8846,0.1966,0.3217,0.8088
0.6154,0.2667,0.3721,0.8444
0.88,0.1679,0.2821,0.8045
0.64,0.2,0.3048,0.7627
0.44,0.2391,0.3099,0.743
0.7692,0.2299,0.354,0.8011
0.9615,0.2083,0.3425,0.8828
0.5385,0.1429,0.2258,0.6994
0.8077,0.2838,0.42,0.8449
0.6538,0.25,0.3617,0.8064
0.9615,0.1786,0.3012,0.8745
0.7308,0.1557,0.2568,0.7415
0.64,0.1951,0.2991,0.7653
0.92,0.1631,0.2771,0.7959
0.84,0.1721,0.2857,0.785
0.8462,0.1849,0.3034,0.8017
0.7308,0.2043,0.3193,0.8316
0.6538,0.2464,0.3579,0.8163
0.8462,0.1803,0.2973,0.7968
0.7692,0.2273,0.3509,0.8394
0.4615,0.3,0.3636,0.8316
0.5769,0.2083,0.3061,0.7398
0.52,0.1733,0.26,0.7364
0.64,0.1739,0.2735,0.77
0.84,0.2121,0.3387,0.82
0.7692,0.1724,0.2817,0.7889
0.9231,0.1727,0.2909,0.8208
0.9231,0.2017,0.331,0.85
0.8846,0.1983,0.3239,0.819
0.5769,0.2206,0.3191,0.774
0.4615,0.2034,0.2824,0.7869
0.5769,0.2542,0.3529,0.8141
0.88,0.1732,0.2895,0.7936
0.68,0.2464,0.3617,0.817
0.88,0.1705,0.2857,0.7846
0.7692,0.202,0.32,0.816
0.9231,0.2069,0.338,0.8434
0.8077,0.1641,0.2727,0.7422
0.8462,0.1719,0.2857,0.8256
0.8077,0.1694,0.28,0.762
0.8462,0.2651,0.4037,0.8356
0.5769,0.2632,0.3614,0.7776
0.68,0.1848,0.2906,0.807
0.84,0.1579,0.2658,0.8349
0.84,0.2019,0.3256,0.8069
0.8846,0.1983,0.3239,0.8425
1.0,0.197,0.3291,0.8607
0.8462,0.1774,0.2933,0.7385
0.9231,0.2,0.3288,0.8389
0.9231,0.1805,0.3019,0.8212
0.8462,0.1818,0.2993,0.8226
0.6154,0.2581,0.3636,0.8131
0.8,0.2985,0.4348,0.8709
0.68,0.2179,0.3301,0.8202
0.76,0.1652,0.2714,0.7871
0.9615,0.1908,0.3185,0.8317
0.6538,0.2698,0.382,0.83
0.4615,0.2182,0.2963,0.7431
0.6538,0.2931,0.4048,0.7994
0.8077,0.168,0.2781,0.7679
0.6538,0.2152,0.3238,0.8073
0.6538,0.2537,0.3656,0.8089
0.88,0.1642,0.2767,0.7949
0.76,0.25,0.3762,0.8475
0.56,0.1386,0.2222,0.7121
0.6538,0.2656,0.3778,0.808
0.8077,0.1654,0.2745,0.7641
0.6154,0.2222,0.3265,0.7781
0.7692,0.2273,0.3509,0.795
0.6538,0.1589,0.2556,0.7132
0.7308,0.2021,0.3167,0.7942
0.5385,0.2373,0.3294,0.8054
0.92,0.1949,0.3217,0.8957
0.96,0.1951,0.3243,0.8659
0.84,0.1842,0.3022,0.779
0.9615,0.1701,0.289,0.8484
0.7308,0.1959,0.3089,0.7964
0.8077,0.178,0.2917,0.7937
0.5,0.2,0.2857,0.7623
0.5769,0.3061,0.4,0.8112
0.8077,0.2763,0.4118,0.8532
0.7692,0.177,0.2878,0.7707
0.8462,0.1594,0.2683,0.7467
0.9231,0.2051,0.3357,0.8517
0.8077,0.2165,0.3415,0.7998
0.7692,0.1835,0.2963,0.8047
0.88,0.1746,0.2914,0.8512
0.84,0.175,0.2897,0.8324
0.8,0.1923,0.3101,0.8228
0.9231,0.1935,0.32,0.8207
0.7308,0.2135,0.3304,0.8225
0.6923,0.2466,0.3636,0.7805
0.88,0.1789,0.2973,0.8112
0.56,0.2258,0.3218,0.7631
0.92,0.1966,0.3239,0.8319
0.7308,0.2375,0.3585,0.8374
0.8077,0.2079,0.3307,0.8334
0.8462,0.1849,0.3034,0.7984
0.7692,0.1887,0.303,0.8054
0.8077,0.1736,0.2857,0.7337
0.6923,0.2308,0.3462,0.7928
0.8077,0.1826,0.2979,0.8309
0.6,0.25,0.3529,0.8165
0.6,0.1786,0.2752,0.7734
0.88,0.1947,0.3188,0.8354
0.8462,0.2268,0.3577,0.8385
0.8077,0.1765,0.2897,0.7473
0.7692,0.2299,0.354,0.8106
0.9615,0.2155,0.3521,0.8794
0.8462,0.2075,0.3333,0.8034
0.7692,0.1695,0.2778,0.728
0.6923,0.2432,0.36,0.8199
0.48,0.2069,0.2892,0.757
0.8,0.1626,0.2703,0.7741
0.8,0.177,0.2899,0.7879
0.8462,0.2245,0.3548,0.8419
0.9231,0.2162,0.3504,0.8849
0.8846,0.1811,0.3007,0.7887
0.8846,0.1742,0.2911,0.8068
0.8077,0.1892,0.3066,0.8013
0.7692,0.274,0.404,0.8376
0.6538,0.2429,0.3542,0.764
0.84,0.2308,0.3621,0.8513
0.92,0.1691,0.2857,0.8271
0.88,0.1606,0.2716,0.8
0.8077,0.1944,0.3134,0.7798
0.8462,0.188,0.3077,0.8148
0.5769,0.2586,0.3571,0.804
0.5385,0.2154,0.3077,0.7687
0.8846,0.1966,0.3217,0.8719
0.7308,0.2111,0.3276,0.7815
0.7308,0.1792,0.2879,0.7934
0.6,0.2174,0.3191,0.8072
0.72,0.2308,0.3495,0.803
0.64,0.2222,0.3299,0.8001
0.5,0.26,0.3421,0.7725
0.9615,0.1938,0.3226,0.842
0.7308,0.1496,0.2484,0.7343
0.7308,0.1743,0.2815,0.75
0.6538,0.2297,0.34,0.7958
0.9231,0.1846,0.3077,0.8552
0.6538,0.2208,0.3301,0.8121
0.92,0.1966,0.3239,0.8676
0.88,0.2037,0.3308,0.8706
0.84,0.168,0.28,0.7717
0.5,0.2241,0.3095,0.7928
0.6538,0.1453,0.2378,0.7467
0.9231,0.2069,0.338,0.8417
0.7692,0.1852,0.2985,0.7991
0.7692,0.2174,0.339,0.8059
0.8462,0.22,0.3492,0.8545
0.8846,0.1691,0.284,0.7839
0.84,0.25,0.3853,0.8674
0.52,0.1857,0.2737,0.7526
0.84,0.1694,0.2819,0.8156
0.8077,0.1795,0.2937,0.7617
0.6154,0.2462,0.3516,0.824
0.8462,0.1864,0.3056,0.7797
0.7308,0.1545,0.255,0.7596
0.7692,0.2469,0.3738,0.8414
0.9231,0.1875,0.3117,0.8841
0.7308,0.1624,0.2657,0.7485
0.8,0.1818,0.2963,0.8067
0.92,0.2018,0.3309,0.8427
0.8,0.2128,0.3361,0.805
0.8846,0.184,0.3046,0.8028
0.6538,0.2429,0.3542,0.8113
0.3462,0.1698,0.2278,0.7233
0.8846,0.211,0.3407,0.8227
0.8846,0.1643,0.2771,0.7943
0.6154,0.1429,0.2319,0.72
0.8077,0.1909,0.3088,0.7873
0.6,0.1829,0.2804,0.767
0.52,0.2364,0.325,0.7556
0.72,0.3103,0.4337,0.9071
0.9231,0.2105,0.3429,0.8428
0.6154,0.2254,0.3299,0.7668
0.6538,0.2698,0.382,0.8337
0.9615,0.2,0.3311,0.8517
0.8077,0.1963,0.3158,0.8341
0.5385,0.2,0.2917,0.7648
0.8462,0.1833,0.3014,0.8522
0.56,0.1892,0.2828,0.7775
0.68,0.1382,0.2297,0.6921
0.68,0.2237,0.3366,0.7687
0.9231,0.1951,0.3221,0.8517
0.8846,0.1825,0.3026,0.774
0.6923,0.2647,0.383,0.8163
0.7308,0.2317,0.3519,0.8324
0.5769,0.2381,0.3371,0.796
0.9615,0.2212,0.3597,0.8645
0.5385,0.2745,0.3636,0.8068
0.92,0.1811,0.3026,0.8267
0.56,0.2188,0.3146,0.7799
0.64,0.1455,0.237,0.7326
0.9231,0.1739,0.2927,0.8297
0.8077,0.2121,0.336,0.8358
0.9615,0.1938,0.3226,0.8826
0.5,0.1857,0.2708,0.7386
0.6538,0.3091,0.4198,0.8216
0.7308,0.2262,0.3455,0.8007
0.9231,0.1739,0.2927,0.7895
0.88,0.2115,0.3411,0.8137
0.8,0.1786,0.292,0.8133
0.76,0.1939,0.3089,0.7703
0.8077,0.2442,0.375,0.8572
0.7692,0.1887,0.303,0.834
0.6154,0.2759,0.381,0.8153
0.5,0.1605,0.243,0.7479
0.8846,0.2347,0.371,0.8321
0.8462,0.2095,0.3359,0.8165
0.5769,0.2083,0.3061,0.7389
0.5769,0.15,0.2381,0.7483
0.6923,0.2195,0.3333,0.7662
0.8462,0.1667,0.2785,0.8113
0.8077,0.253,0.3853,0.8711
0.68,0.2297,0.3434,0.7994
0.92,0.2212,0.3566,0.8725
0.72,0.1682,0.2727,0.8031
0.9615,0.2066,0.3401,0.846
0.5769,0.2419,0.3409,0.7545
0.9231,0.2143,0.3478,0.847
0.76,0.2714,0.4,0.8307
0.84,0.1654,0.2763,0.8006
0.48,0.2264,0.3077,0.7845
0.8462,0.1849,0.3034,0.8042
0.8462,0.1849,0.3034,0.8395
0.9615,0.1938,0.3226,0.8201
0.8462,0.1719,0.2857,0.7938
0.8846,0.1966,0.3217,0.8451
0.8462,0.1746,0.2895,0.783
0.5769,0.2143,0.3125,0.7831
0.76,0.1845,0.2969,0.7638
0.68,0.2237,0.3366,0.7712
0.6,0.2885,0.3896,0.8231
0.6923,0.2195,0.3333,0.8079
0.8846,0.1917,0.3151,0.8216
0.9231,0.1727,0.2909,0.8289
0.9615,0.2,0.3311,0.8348
0.8077,0.1795,0.2937,0.8076
0.8462,0.1654,0.2767,0.8097
0.6538,0.2179,0.3269,0.7623
0.8,0.177,0.2899,0.8454
0.68,0.2297,0.3434,0.7957
0.8,0.1504,0.2532,0.7404
0.7308,0.1743,0.2815,0.7211
0.7692,0.1887,0.303,0.8203
0.8846,0.2,0.3262,0.8389
0.9615,0.1799,0.303,0.8116
0.8846,0.184,0.3046,0.8175
0.4615,0.2449,0.32,0.7996
0.8462,0.188,0.3077,0.7531
0.56,0.2222,0.3182,0.8106
0.68,0.2152,0.3269,0.8152
0.76,0.1532,0.255,0.7728
0.6154,0.2963,0.4,0.8281
0.8462,0.1818,0.2993,0.8229
0.8077,0.2211,0.3471,0.8172
0.8846,0.1966,0.3217,0.7895
0.6154,0.2105,0.3137,0.7598
0.7308,0.2088,0.3248,0.8094
0.8077,0.2386,0.3684,0.8134
1.0,0.2119,0.3497,0.9146
0.92,0.1901,0.3151,0.833
0.88,0.1667,0.2803,0.8018
0.8462,0.188,0.3077,0.8114
0.6538,0.2429,0.3542,0.807
0.8462,0.2136,0.3411,0.8739
0.8077,0.1707,0.2819,0.7523
0.8462,0.1654,0.2767,0.7746
0.8077,0.2442,0.375,0.8543
0.8077,0.1721,0.2838,0.7922
0.68,0.1753,0.2787,0.7369
0.84,0.1981,0.3206,0.8312
0.64,0.2222,0.3299,0.7622
0.6154,0.3636,0.4571,0.8352
0.8846,0.1966,0.3217,0.8419
0.8846,0.2212,0.3538,0.8902
0.8846,0.215,0.3459,0.8503
0.9615,0.2049,0.3378,0.857
0.8846,0.1811,0.3007,0.7848
0.6538,0.2537,0.3656,0.8076
0.8,0.1802,0.2941,0.7874
0.8,0.1681,0.2778,0.7786
0.84,0.1736,0.2877,0.7876
0.8462,0.1746,0.2895,0.7718
0.8462,0.1947,0.3165,0.8379
0.9231,0.2034,0.3333,0.8536
0.8077,0.1736,0.2857,0.8386
0.8846,0.1756,0.293,0.8047
0.6154,0.2162,0.32,0.7664
0.8846,0.1811,0.3007,0.7965
0.6,0.2,0.3,0.7621
0.8,0.2353,0.3636,0.8208
0.88,0.1833,0.3034,0.8224
0.7692,0.177,0.2878,0.7752
0.9231,0.2243,0.3609,0.8767
0.9231,0.2424,0.384,0.8843
0.6154,0.2025,0.3048,0.7627
0.8846,0.2054,0.3333,0.8405
0.9231,0.1846,0.3077,0.8519
0.6538,0.3269,0.4359,0.8542
0.88,0.1642,0.2767,0.7993
0.88,0.1774,0.2953,0.7655
0.8,0.1961,0.315,0.8081
0.5769,0.1875,0.283,0.7705
0.7692,0.1905,0.3053,0.7917
0.5385,0.2456,0.3373,0.7678
0.7692,0.198,0.315,0.8057
0.8462,0.2075,0.3333,0.8122
0.7692,0.1869,0.3008,0.8121
0.7692,0.2778,0.4082,0.8446
0.72,0.144,0.24,0.7288
0.72,0.225,0.3429,0.8172
0.76,0.2135,0.3333,0.8224
0.9231,0.2051,0.3357,0.8738
0.6154,0.1839,0.2832,0.7509
0.8462,0.2018,0.3259,0.8254
0.8077,0.1736,0.2857,0.7878
0.8077,0.1963,0.3158,0.8204
0.9615,0.1938,0.3226,0.8696
0.7692,0.2857,0.4167,0.8387
0.64,0.1798,0.2807,0.7404
0.92,0.1756,0.2949,0.8306
0.64,0.1928,0.2963,0.7511
0.8462,0.1982,0.3212,0.8362
0.8462,0.1913,0.3121,0.7879
0.8846,0.1933,0.3172,0.8563
0.6538,0.1683,0.2677,0.7499
0.7308,0.1959,0.3089,0.8046
0.9615,0.1953,0.3247,0.7928
0.5769,0.2239,0.3226,0.7551
0.8846,0.2233,0.3566,0.8593
0.9615,0.1984,0.3289,0.8772
0.4615,0.2105,0.2892,0.7758
0.8077,0.2333,0.3621,0.8202
0.64,0.1468,0.2388,0.683
0.76,0.1652,0.2714,0.8213
0.84,0.181,0.2979,0.821
0.8077,0.1927,0.3111,0.8139
0.6923,0.2093,0.3214,0.8174
0.8846,0.2091,0.3382,0.8154
0.8,0.1563,0.2614,0.7395
0.96,0.2162,0.3529,0.8725
0.72,0.1565,0.2571,0.7839
0.6923,0.2143,0.3273,0.8004
0.9231,0.2143,0.3478,0.8381
0.5385,0.2414,0.3333,0.741
0.9231,0.192,0.3179,0.8594
0.6923,0.3,0.4186,0.834
0.5769,0.2083,0.3061,0.8066
0.7692,0.2198,0.3419,0.7845
0.92,0.1797,0.3007,0.8119
0.96,0.1935,0.3221,0.7942
0.92,0.1825,0.3046,0.8458
0.8077,0.168,0.2781,0.7928
0.6538,0.1667,0.2656,0.7688
0.5385,0.2,0.2917,0.7765
0.7308,0.1712,0.2774,0.7657
0.8077,0.1694,0.28,0.7605
0.8462,0.2056,0.3308,0.8294
0.9615,0.2193,0.3571,0.8689
0.64,0.2712,0.381,0.8202
0.64,0.2192,0.3265,0.7924
0.76,0.1863,0.2992,0.773
0.8846,0.2018,0.3286,0.855
0.5385,0.2295,0.3218,0.7736
0.5,0.194,0.2796,0.7611
0.5769,0.2273,0.3261,0.7831
0.5769,0.1807,0.2752,0.6841
0.8077,0.178,0.2917,0.7748
0.8462,0.1964,0.3188,0.804
0.7308,0.2568,0.38,0.8489
0.8846,0.2072,0.3358,0.8209
0.5385,0.175,0.2642,0.7221
0.8462,0.1732,0.2876,0.7376
0.96,0.1983,0.3288,0.8904
0.96,0.2124,0.3478,0.8988
0.72,0.1525,0.2517,0.7562
0.8846,0.1983,0.3239,0.8497
1.0,0.1985,0.3312,0.86
0.8462,0.1642,0.275,0.7921
0.8,0.1653,0.274,0.7744
0.76,0.2375,0.3619,0.824
0.8,0.1818,0.2963,0.7781
0.7692,0.2174,0.339,0.8079
0.6923,0.1538,0.2517,0.6966
0.6538,0.2615,0.3736,0.8356
0.8846,0.1797,0.2987,0.7966
0.9615,0.2016,0.3333,0.8773
0.8077,0.175,0.2877,0.8336
0.8846,0.1691,0.284,0.788
0.8,0.2222,0.3478,0.8054
0.84,0.1765,0.2917,0.7969
0.56,0.2456,0.3415,0.795
0.5,0.2097,0.2955,0.7836
0.6154,0.2133,0.3168,0.8003
0.5385,0.2029,0.2947,0.7521
0.8077,0.1858,0.3022,0.8373
0.9231,0.1846,0.3077,0.8474
0.5,0.2653,0.3467,0.7836
0.6154,0.2051,0.3077,0.7671
0.84,0.1909,0.3111,0.87
0.84,0.1858,0.3043,0.7641
0.88,0.2056,0.3333,0.8893
0.6538,0.165,0.2636,0.736
0.5385,0.2154,0.3077,0.7772
0.7308,0.1638,0.2676,0.7382
0.9615,0.1953,0.3247,0.8071
0.7692,0.1818,0.2941,0.771
0.8077,0.2386,0.3684,0.8218
0.7692,0.2198,0.3419,0.7901
0.9615,0.1866,0.3125,0.8263
0.7692,0.2083,0.3279,0.8246
0.8846,0.211,0.3407,0.8493
0.5769,0.2027,0.3,0.7326
0.88,0.176,0.2933,0.8162
0.6,0.2459,0.3488,0.7904
0.8,0.1802,0.2941,0.8035
0.7692,0.2222,0.3448,0.8341
0.9231,0.2162,0.3504,0.8345
0.5,0.2364,0.321,0.7898
0.84,0.1875,0.3066,0.7597
0.6,0.2206,0.3226,0.7808
0.84,0.1707,0.2838,0.8101
0.8846,0.1917,0.3151,0.8645
0.8846,0.1949,0.3194,0.8235
0.7308,0.2262,0.3455,0.8177
0.6923,0.1765,0.2813,0.7682
0.6538,0.2429,0.3542,0.8018
0.8462,0.275,0.4151,0.8803
0.9615,0.2016,0.3333,0.8221
0.88,0.188,0.3099,0.8023
0.92,0.1901,0.3151,0.8161
0.8,0.2247,0.3509,0.8287
0.7308,0.1508,0.25,0.7243
0.7692,0.1887,0.303,0.8377
0.8462,0.1774,0.2933,0.8646
0.7308,0.1545,0.255,0.7157
0.8462,0.1964,0.3188,0.8363
0.6923,0.2571,0.375,0.8275
0.8077,0.1721,0.2838,0.8182
0.6,0.2055,0.3061,0.7771
0.88,0.1606,0.2716,0.7962
0.6,0.2113,0.3125,0.8186
0.5769,0.1765,0.2703,0.7547
0.6154,0.2078,0.3107,0.7787
0.7692,0.1739,0.2837,0.7707
0.8462,0.1849,0.3034,0.8147
0.9231,0.1765,0.2963,0.8059
0.8846,0.2035,0.3309,0.8104
0.7308,0.2346,0.3551,0.826
0.72,0.2432,0.3636,0.8223
0.96,0.1678,0.2857,0.8003
0.88,0.1982,0.3235,0.8249
0.8077,0.1909,0.3088,0.8191
0.8077,0.1842,0.3,0.8046
0.5385,0.25,0.3415,0.7822
0.5769,0.1923,0.2885,0.7643
0.7692,0.2857,0.4167,0.8367
0.7308,0.2794,0.4043,0.8507
0.8462,0.1692,0.2821,0.7915
0.92,0.184,0.3067,0.8358
0.76,0.1881,0.3016,0.7615
0.92,0.2255,0.3622,0.8898
0.7692,0.1724,0.2817,0.7555
0.7308,0.1696,0.2754,0.7892
0.5769,0.1875,0.283,0.764
0.8462,0.1897,0.3099,0.8145
0.7692,0.16,0.2649,0.7715
0.6538,0.2742,0.3864,0.8249
0.6154,0.2581,0.3636,0.8059
0.9231,0.1935,0.32,0.8189
0.4231,0.234,0.3014,0.7799
0.6538,0.2125,0.3208,0.7577
0.8846,0.2584,0.4,0.8892
0.96,0.1846,0.3097,0.8725
0.76,0.1881,0.3016,0.8272
0.88,0.1705,0.2857,0.8053
0.5769,0.1875,0.283,0.7792
0.5,0.194,0.2796,0.696
0.8077,0.1909,0.3088,0.8011
0.88,0.1774,0.2953,0.7969
0.84,0.1721,0.2857,0.8146
0.8,0.2105,0.3333,0.832
0.9231,0.1805,0.3019,0.7821
0.8077,0.1981,0.3182,0.8161
0.7692,0.2632,0.3922,0.838
0.7692,0.1887,0.303,0.8024
0.6154,0.2133,0.3168,0.8038
0.8077,0.2561,0.3889,0.8653
0.7692,0.1852,0.2985,0.7815
0.84,0.1533,0.2593,0.7535
0.84,0.1858,0.3043,0.7998
0.84,0.1892,0.3088,0.8082
0.7692,0.1709,0.2797,0.7693
0.8462,0.1947,0.3165,0.7836
0.8846,0.1901,0.3129,0.8546
0.6538,0.1828,0.2857,0.7698
0.9615,0.2155,0.3521,0.8425
0.8077,0.2283,0.3559,0.8522
0.6154,0.1905,0.2909,0.7845
0.72,0.1856,0.2951,0.7932
0.96,0.1846,0.3097,0.8166
0.84,0.21,0.336,0.8519
0.6154,0.2254,0.3299,0.7819
0.8462,0.1897,0.3099,0.7324
0.8846,0.1855,0.3067,0.8225
0.6154,0.2222,0.3265,0.7777
0.8846,0.1966,0.3217,0.8213
0.8846,0.2,0.3262,0.8451
0.7308,0.1727,0.2794,0.7551
0.84,0.1567,0.2642,0.7644
0.8,0.1802,0.2941,0.8414
0.76,0.25,0.3762,0.8482
0.9231,0.1846,0.3077,0.8088
0.7692,0.198,0.315,0.7926
0.5385,0.2258,0.3182,0.7945
0.5769,0.2113,0.3093,0.7721
0.8846,0.2018,0.3286,0.8312
0.8846,0.2054,0.3333,0.8097
0.7308,0.1776,0.2857,0.7942
0.72,0.1607,0.2628,0.7295
0.4,0.2326,0.2941,0.7646
0.84,0.2059,0.3307,0.8276
0.8462,0.1719,0.2857,0.8059
0.8846,0.2091,0.3382,0.8546
0.8846,0.1631,0.2754,0.8133
0.8846,0.1966,0.3217,0.8328
0.8077,0.2019,0.3231,0.8235
0.6923,0.1698,0.2727,0.7863
0.9231,0.1935,0.32,0.8375
0.68,0.1619,0.2615,0.7682
0.6,0.1923,0.2913,0.7483
0.52,0.2203,0.3095,0.7855
0.6538,0.25,0.3617,0.7978
0.9231,0.1846,0.3077,0.8509
0.8846,0.1769,0.2949,0.8206
0.8462,0.1746,0.2895,0.8233
0.5769,0.1923,0.2885,0.7241
0.6923,0.2118,0.3243,0.7934
0.5769,0.2083,0.3061,0.7963
0.76,0.1557,0.2585,0.7325
0.92,0.1825,0.3046,0.7962
0.8,0.2532,0.3846,0.8557
0.9231,0.2017,0.331,0.8177
0.7308,0.2754,0.4,0.8538
0.9231,0.192,0.3179,0.8333
0.7692,0.1695,0.2778,0.7969
0.8077,0.1909,0.3088,0.8243
0.9231,0.1667,0.2824,0.7995
0.9231,0.1983,0.3265,0.7902
0.96,0.1538,0.2652,0.7873
0.84,0.21,0.336,0.838
0.84,0.1875,0.3066,0.7848
0.7308,0.1727,0.2794,0.7554
0.5385,0.2188,0.3111,0.7543
0.8077,0.1694,0.28,0.7848
0.7308,0.2639,0.3878,0.8338
0.8846,0.2035,0.3309,0.8471
0.9615,0.2101,0.3448,0.8682
0.8846,0.1901,0.3129,0.8167
0.64,0.2462,0.3556,0.8131
0.72,0.144,0.24,0.7042
0.4,0.1695,0.2381,0.7207
0.8846,0.1586,0.269,0.783
0.7692,0.2198,0.3419,0.8546
0.4615,0.2857,0.3529,0.7554
0.8077,0.2593,0.3925,0.8477
0.6538,0.1954,0.3009,0.7569
0.7692,0.2817,0.4124,0.8716
0.8846,0.1949,0.3194,0.7965
0.84,0.1842,0.3022,0.848
0.84,0.1591,0.2675,0.7092
0.64,0.2162,0.3232,0.7916
0.7308,0.2209,0.3393,0.8084
0.7308,0.2021,0.3167,0.7934
0.9231,0.1983,0.3265,0.8394
0.8077,0.1765,0.2897,0.7699
0.8846,0.2,0.3262,0.8316
0.8846,0.2396,0.377,0.8665
0.8462,0.176,0.2914,0.7686
0.56,0.2373,0.3333,0.789
0.76,0.1508,0.2517,0.7701
0.88,0.1913,0.3143,0.797
0.9615,0.1908,0.3185,0.8553
0.6154,0.2133,0.3168,0.7972
0.8077,0.236,0.3652,0.8489
0.5769,0.25,0.3488,0.7836
0.7692,0.1961,0.3125,0.7867
0.6923,0.2609,0.3789,0.8429
0.7692,0.202,0.32,0.7759
0.6,0.1899,0.2885,0.7585
0.88,0.2292,0.3636,0.8626
0.84,0.1579,0.2658,0.7973
0.6538,0.2267,0.3366,0.8215
0.8846,0.2371,0.374,0.8068
0.6154,0.1905,0.2909,0.782
0.8077,0.2593,0.3925,0.8486
0.6154,0.2623,0.3678,0.819
0.6154,0.1928,0.2936,0.7339
0.6538,0.2297,0.34,0.8344
0.88,0.1913,0.3143,0.7904
0.76,0.2235,0.3455,0.8067
0.76,0.1743,0.2836,0.7981
0.8077,0.1842,0.3,0.7869
0.9231,0.189,0.3137,0.8597
0.9615,0.2049,0.3378,0.8553
0.9231,0.2051,0.3357,0.8164
0.8846,0.1631,0.2754,0.8155
0.7308,0.1759,0.2836,0.7174
0.7308,0.2405,0.3619,0.8077
0.88,0.1818,0.3014,0.8403
0.84,0.236,0.3684,0.845
0.72,0.2045,0.3186,0.8156
0.7308,0.2603,0.3838,0.8455
0.4231,0.1803,0.2529,0.7671
0.9615,0.2033,0.3356,0.8594
0.7308,0.2405,0.3619,0.8032
