RUSBag
0.8182,0.1957,0.3158,0.8752
0.9091,0.2667,0.4124,0.9422
0.8636,0.2184,0.3486,0.8874
0.6522,0.2027,0.3093,0.8863
0.9091,0.2247,0.3604,0.938
0.8182,0.225,0.3529,0.8636
0.7727,0.2073,0.3269,0.8801
0.5909,0.1566,0.2476,0.8192
0.8636,0.2262,0.3585,0.9051
0.7727,0.2361,0.3617,0.8999
0.7273,0.2353,0.3556,0.8735
0.6818,0.2206,0.3333,0.8553
0.7727,0.2048,0.3238,0.8557
0.7391,0.2,0.3148,0.8764
0.8636,0.2135,0.3423,0.9045
0.9091,0.2381,0.3774,0.9137
0.8636,0.2088,0.3363,0.9029
0.6364,0.1795,0.28,0.8541
0.7727,0.2297,0.3542,0.8736
0.8182,0.18,0.2951,0.8849
0.7727,0.1868,0.3009,0.8883
0.7273,0.2162,0.3333,0.8896
0.7727,0.1977,0.3148,0.8904
0.8261,0.2289,0.3585,0.905
0.7727,0.2024,0.3208,0.8849
0.8636,0.25,0.3878,0.9135
0.8182,0.24,0.3711,0.8863
0.7273,0.172,0.2783,0.7757
0.9091,0.198,0.3252,0.9166
0.8182,0.1957,0.3158,0.8877
0.8636,0.2135,0.3423,0.8905
0.9091,0.2273,0.3636,0.8943
0.7273,0.2254,0.3441,0.8777
0.5652,0.1912,0.2857,0.8292
0.8636,0.1979,0.322,0.8681
0.9091,0.2439,0.3846,0.9275
0.9091,0.2222,0.3571,0.9192
0.8636,0.2235,0.3551,0.8795
0.8182,0.2609,0.3956,0.8912
0.8636,0.25,0.3878,0.8888
0.7273,0.1975,0.3107,0.8514
0.9091,0.1923,0.3175,0.8788
0.8636,0.2065,0.3333,0.9024
0.8696,0.2247,0.3571,0.9144
0.7727,0.2073,0.3269,0.8432
0.8182,0.2118,0.3364,0.8732
0.9091,0.2222,0.3571,0.9375
0.7727,0.1954,0.3119,0.8437
0.8182,0.1978,0.3186,0.8799
0.7273,0.186,0.2963,0.8944
0.8182,0.2093,0.3333,0.8716
0.7727,0.2,0.3178,0.8686
0.7727,0.2048,0.3238,0.8679
0.7391,0.191,0.3036,0.863
0.7727,0.2394,0.3656,0.8862
0.9091,0.2326,0.3704,0.9041
0.9091,0.241,0.381,0.9454
0.7727,0.2099,0.3301,0.8858
0.8182,0.1915,0.3103,0.8889
0.7273,0.2192,0.3368,0.8641
0.8182,0.2571,0.3913,0.902
0.6364,0.1795,0.28,0.8496
0.7727,0.1889,0.3036,0.8705
0.7826,0.1782,0.2903,0.8901
0.8182,0.2278,0.3564,0.8779
0.7727,0.1977,0.3148,0.8942
0.9545,0.2442,0.3889,0.923
0.8182,0.2093,0.3333,0.8833
0.8182,0.1978,0.3186,0.884
0.8636,0.2021,0.3276,0.9011
0.7826,0.2118,0.3333,0.8847
0.7273,0.186,0.2963,0.8398
0.8636,0.2262,0.3585,0.8899
0.7273,0.1758,0.2832,0.8864
0.8636,0.2289,0.3619,0.9087
0.8182,0.2093,0.3333,0.8889
0.7727,0.2179,0.34,0.862
0.8182,0.2093,0.3333,0.9055
0.7273,0.1928,0.3048,0.8863
0.9091,0.2353,0.3738,0.9372
0.7391,0.2024,0.3178,0.8681
0.8182,0.2432,0.375,0.8923
0.8182,0.2278,0.3564,0.8827
0.8636,0.2065,0.3333,0.8879
0.7727,0.2267,0.3505,0.8951
0.9091,0.2062,0.3361,0.8931
0.8636,0.1979,0.322,0.8974
0.7273,0.186,0.2963,0.851
0.7273,0.2388,0.3596,0.8716
0.8636,0.2184,0.3486,0.931
0.9545,0.2188,0.3559,0.9404
0.5909,0.1857,0.2826,0.8143
0.8182,0.1978,0.3186,0.8654
0.8261,0.2436,0.3762,0.8921
0.7727,0.2152,0.3366,0.8908
0.5455,0.1429,0.2264,0.8027
0.7727,0.2099,0.3301,0.8723
0.9091,0.2326,0.3704,0.9008
0.8636,0.2436,0.38,0.9378
0.8182,0.2222,0.3495,0.8786
0.6364,0.1772,0.2772,0.8323
0.7727,0.2152,0.3366,0.8911
0.8182,0.24,0.3711,0.8821
0.913,0.2692,0.4158,0.9319
0.9545,0.2561,0.4038,0.9223
0.9091,0.2439,0.3846,0.9347
0.8636,0.2159,0.3455,0.8821
0.7727,0.2394,0.3656,0.9079
0.8636,0.2289,0.3619,0.9062
0.7273,0.1798,0.2883,0.8492
0.7727,0.2237,0.3469,0.8972
1.0,0.2785,0.4356,0.9395
0.6818,0.1531,0.25,0.8405
0.6957,0.2051,0.3168,0.8614
0.7727,0.1954,0.3119,0.8511
0.8182,0.2195,0.3462,0.8627
0.9545,0.253,0.4,0.9338
0.7727,0.1848,0.2982,0.8524
0.8636,0.2533,0.3918,0.9077
0.9091,0.2564,0.4,0.923
0.7273,0.1975,0.3107,0.8583
0.5909,0.1605,0.2524,0.8232
0.7273,0.2,0.3137,0.8874
0.7826,0.225,0.3495,0.8508
0.8182,0.2118,0.3364,0.9067
0.8636,0.2262,0.3585,0.9065
0.9091,0.2326,0.3704,0.9178
0.8636,0.2568,0.3958,0.9001
0.6364,0.1972,0.3011,0.8328
0.7727,0.1789,0.2906,0.8561
0.8636,0.2088,0.3363,0.9016
0.7273,0.2286,0.3478,0.8748
0.8182,0.2093,0.3333,0.9292
0.7826,0.1978,0.3158,0.8806
0.7273,0.2025,0.3168,0.8629
0.9545,0.2414,0.3853,0.9155
0.5909,0.1667,0.26,0.8266
0.5909,0.2281,0.3291,0.8625
0.6818,0.1923,0.3,0.8549
0.8182,0.2118,0.3364,0.8998
0.8636,0.2065,0.3333,0.8849
0.7273,0.1928,0.3048,0.879
0.6818,0.1923,0.3,0.8406
0.8696,0.2632,0.404,0.9273
0.7727,0.2048,0.3238,0.8658
0.8636,0.2375,0.3725,0.8815
0.8182,0.2278,0.3564,0.9145
0.7727,0.2267,0.3505,0.8546
0.9091,0.2353,0.3738,0.94
0.8636,0.2159,0.3455,0.8957
0.8636,0.2235,0.3551,0.9122
0.8636,0.2639,0.4043,0.9298
0.8182,0.2,0.3214,0.8852
0.5652,0.1831,0.2766,0.8164
0.5909,0.197,0.2955,0.8737
0.7727,0.2429,0.3696,0.8999
0.9091,0.2381,0.3774,0.9187
0.8636,0.1919,0.314,0.8641
0.7273,0.1951,0.3077,0.8565
0.9545,0.2283,0.3684,0.9208
0.7273,0.2051,0.32,0.8651
0.7273,0.2162,0.3333,0.8857
0.8182,0.1935,0.313,0.8937
0.7391,0.2208,0.34,0.8839
0.8636,0.2375,0.3725,0.8912
0.8182,0.1818,0.2975,0.8851
0.8636,0.2375,0.3725,0.8915
0.7727,0.2,0.3178,0.8681
0.7273,0.2051,0.32,0.8872
0.9545,0.2727,0.4242,0.9097
0.7273,0.2078,0.3232,0.8891
0.7273,0.254,0.3765,0.8876
0.8182,0.2143,0.3396,0.892
0.913,0.236,0.375,0.9171
0.6818,0.283,0.4,0.8628
0.6364,0.2059,0.3111,0.847
0.8182,0.2338,0.3636,0.8823
1.0,0.2268,0.3697,0.9464
0.8636,0.1979,0.322,0.8876
0.8636,0.2235,0.3551,0.9049
0.8182,0.2118,0.3364,0.8877
0.7273,0.1584,0.2602,0.8423
0.7273,0.1739,0.2807,0.85
0.913,0.2561,0.4,0.9323
0.7273,0.2051,0.32,0.8905
0.8182,0.2093,0.3333,0.9035
0.9091,0.2062,0.3361,0.9015
0.7727,0.2615,0.3908,0.8784
0.7273,0.2192,0.3368,0.8619
0.9091,0.2128,0.3448,0.9124
0.7727,0.1848,0.2982,0.8698
0.7273,0.172,0.2783,0.8666
0.9545,0.2658,0.4158,0.9517
0.8696,0.2198,0.3509,0.9176
0.8636,0.19,0.3115,0.9049
0.7273,0.1928,0.3048,0.8494
0.7727,0.1848,0.2982,0.8764
0.9091,0.2469,0.3883,0.9327
0.8182,0.2535,0.3871,0.8753
0.6818,0.163,0.2632,0.8082
0.9091,0.2532,0.396,0.9223
0.8636,0.1939,0.3167,0.87
0.6818,0.2055,0.3158,0.8715
0.8261,0.2533,0.3878,0.9119
0.7273,0.2192,0.3368,0.8442
0.7727,0.2152,0.3366,0.8719
0.8182,0.2045,0.3273,0.8954
0.6818,0.1875,0.2941,0.8766
0.8182,0.2195,0.3462,0.9114
0.9545,0.2471,0.3925,0.913
0.8182,0.24,0.3711,0.8881
0.8636,0.2262,0.3585,0.914
0.8182,0.1875,0.3051,0.8934
0.8261,0.2111,0.3363,0.8659
0.7727,0.191,0.3063,0.8983
0.8636,0.1827,0.3016,0.9074
0.7727,0.1977,0.3148,0.8687
0.5455,0.1765,0.2667,0.789
0.7727,0.191,0.3063,0.8909
0.9091,0.2564,0.4,0.9134
0.6364,0.2,0.3043,0.8179
0.8182,0.2118,0.3364,0.8869
0.8636,0.2468,0.3838,0.9348
0.7826,0.2143,0.3364,0.8681
0.6364,0.1667,0.2642,0.8479
0.9091,0.25,0.3922,0.916
0.9091,0.2299,0.367,0.9148
0.7727,0.1932,0.3091,0.8617
0.9545,0.2333,0.375,0.9617
0.8636,0.2043,0.3304,0.9017
0.8182,0.2278,0.3564,0.9188
0.6818,0.2143,0.3261,0.8692
0.7273,0.2025,0.3168,0.8718
0.7391,0.2048,0.3208,0.8217
0.8182,0.2118,0.3364,0.8972
0.9091,0.2564,0.4,0.9335
0.8182,0.2118,0.3364,0.9046
0.7727,0.2237,0.3469,0.8801
0.7273,0.2051,0.32,0.8591
0.8182,0.2368,0.3673,0.9185
0.7273,0.2286,0.3478,0.8415
0.7727,0.2073,0.3269,0.8689
0.6818,0.1807,0.2857,0.8671
0.913,0.2258,0.3621,0.9318
0.8636,0.2346,0.3689,0.926
0.6818,0.1923,0.3,0.8581
0.6818,0.1875,0.2941,0.8641
1.0,0.2222,0.3636,0.9541
0.8182,0.2143,0.3396,0.8889
0.7727,0.1809,0.2931,0.8897
0.6818,0.1724,0.2752,0.8606
0.9091,0.2128,0.3448,0.9141
0.9091,0.2532,0.396,0.9312
0.6522,0.2,0.3061,0.8472
0.6818,0.1667,0.2679,0.8028
0.8182,0.2,0.3214,0.8914
0.8182,0.2368,0.3673,0.8952
0.7727,0.2125,0.3333,0.8631
0.8182,0.1978,0.3186,0.8837
0.9545,0.28,0.433,0.9402
0.8636,0.2405,0.3762,0.9149
0.8636,0.2135,0.3423,0.8887
0.6818,0.1807,0.2857,0.856
0.7391,0.2615,0.3864,0.9081
0.6364,0.1818,0.2828,0.8103
0.7727,0.1977,0.3148,0.8859
0.7273,0.2,0.3137,0.8801
0.8182,0.2278,0.3564,0.8966
0.9545,0.2333,0.375,0.9398
0.6818,0.1899,0.297,0.8841
0.7273,0.1975,0.3107,0.878
0.7273,0.186,0.2963,0.8678
0.8182,0.2022,0.3243,0.9116
0.7391,0.2537,0.3778,0.8806
0.7273,0.2105,0.3265,0.8263
0.8182,0.2308,0.36,0.8899
0.8182,0.2,0.3214,0.8957
0.7273,0.1818,0.2909,0.8539
0.8182,0.2169,0.3429,0.9128
0.9545,0.2308,0.3717,0.92
0.6818,0.1875,0.2941,0.8579
0.6364,0.1628,0.2593,0.8262
0.7727,0.2024,0.3208,0.8601
0.8696,0.2128,0.3419,0.9204
0.9545,0.2121,0.3471,0.9225
0.7727,0.2048,0.3238,0.8793
0.8182,0.2222,0.3495,0.8921
0.8636,0.1919,0.314,0.8588
0.6818,0.2679,0.3846,0.8656
0.9545,0.2917,0.4468,0.9473
0.7391,0.2099,0.3269,0.8193
0.8182,0.1935,0.313,0.906
0.7727,0.2152,0.3366,0.8888
0.8182,0.2118,0.3364,0.9087
0.7273,0.1928,0.3048,0.885
0.5909,0.1512,0.2407,0.7702
0.9091,0.2353,0.3738,0.9104
0.7727,0.2361,0.3617,0.8927
0.9091,0.2174,0.3509,0.9188
0.8636,0.2714,0.413,0.9249
0.7273,0.1928,0.3048,0.844
0.7727,0.2267,0.3505,0.8656
0.9545,0.2561,0.4038,0.9181
0.9565,0.2558,0.4037,0.9415
0.8182,0.2278,0.3564,0.8994
0.8636,0.2,0.3248,0.8826
0.7727,0.1932,0.3091,0.8325
0.8636,0.2676,0.4086,0.8994
0.6364,0.1842,0.2857,0.8155
0.7727,0.1848,0.2982,0.9017
0.7727,0.2615,0.3908,0.8889
0.8182,0.2,0.3214,0.8668
0.7727,0.2329,0.3579,0.8989
0.6957,0.2025,0.3137,0.8567
0.5909,0.1831,0.2796,0.8272
0.8636,0.2317,0.3654,0.9065
0.7727,0.1868,0.3009,0.8934
0.8636,0.2533,0.3918,0.9241
0.9091,0.1942,0.32,0.8889
0.7727,0.2048,0.3238,0.9016
0.7273,0.2,0.3137,0.8809
0.6364,0.1609,0.2569,0.8414
0.7273,0.1928,0.3048,0.8583
0.7391,0.191,0.3036,0.8665
0.7273,0.2133,0.3299,0.8728
0.8182,0.2022,0.3243,0.9109
1.0,0.2588,0.4112,0.9486
0.8182,0.2118,0.3364,0.8536
0.9091,0.202,0.3306,0.9276
0.9091,0.2198,0.354,0.9433
0.7727,0.2537,0.382,0.8746
0.7727,0.2329,0.3579,0.9074
0.7273,0.1616,0.2645,0.8311
0.913,0.2727,0.42,0.9206
0.7273,0.1882,0.2991,0.872
0.8182,0.2466,0.3789,0.9191
0.7273,0.1905,0.3019,0.8435
0.7273,0.2078,0.3232,0.8849
1.0,0.2245,0.3667,0.9568
0.8182,0.225,0.3529,0.9022
0.7727,0.1753,0.2857,0.8574
0.8636,0.2111,0.3393,0.9444
0.7727,0.2267,0.3505,0.8879
0.7391,0.1954,0.3091,0.8889
0.7727,0.2152,0.3366,0.8936
0.8182,0.1818,0.2975,0.8782
0.7273,0.2162,0.3333,0.8781
0.6818,0.2,0.3093,0.8581
0.8182,0.2308,0.36,0.8846
0.7727,0.2394,0.3656,0.9009
0.8636,0.2317,0.3654,0.9216
0.6818,0.2239,0.3371,0.8826
0.8636,0.2,0.3248,0.9106
0.8261,0.2262,0.3551,0.9009
0.8182,0.2045,0.3273,0.9022
0.8182,0.25,0.383,0.9059
0.7273,0.2286,0.3478,0.8573
0.9545,0.2121,0.3471,0.9063
0.8636,0.2135,0.3423,0.9129
0.8182,0.1915,0.3103,0.8907
0.7727,0.2208,0.3434,0.8827
0.6364,0.1972,0.3011,0.8542
0.8182,0.2069,0.3303,0.8896
0.7391,0.1848,0.2957,0.8555
0.8636,0.2235,0.3551,0.8994
0.8636,0.2159,0.3455,0.8966
0.7727,0.2,0.3178,0.9031
0.7273,0.25,0.3721,0.8837
0.8636,0.2111,0.3393,0.899
0.8636,0.2135,0.3423,0.9207
0.8182,0.2535,0.3871,0.8978
0.8636,0.2794,0.4222,0.9063
0.7727,0.2073,0.3269,0.863
0.9565,0.234,0.3761,0.8988
0.8182,0.2338,0.3636,0.8895
0.8182,0.2093,0.3333,0.8815
0.7273,0.1951,0.3077,0.8498
0.8636,0.2317,0.3654,0.94
0.8182,0.1957,0.3158,0.8621
0.8182,0.2338,0.3636,0.8954
0.8182,0.1935,0.313,0.8836
0.7273,0.2,0.3137,0.8781
0.9545,0.2442,0.3889,0.9665
0.6087,0.1667,0.2617,0.8227
0.7727,0.2297,0.3542,0.8971
0.5455,0.1558,0.2424,0.8235
0.7727,0.2464,0.3736,0.915
0.8636,0.2209,0.3519,0.8959
0.9091,0.2174,0.3509,0.9067
0.9091,0.2198,0.354,0.926
0.9091,0.2151,0.3478,0.929
0.8636,0.2,0.3248,0.8898
0.7273,0.1928,0.3048,0.8557
0.7826,0.2308,0.3564,0.8983
0.8636,0.2262,0.3585,0.9073
0.8636,0.25,0.3878,0.9053
0.6364,0.1795,0.28,0.8398
0.8636,0.2568,0.3958,0.8891
0.7273,0.2105,0.3265,0.8606
0.7727,0.2048,0.3238,0.843
0.8182,0.225,0.3529,0.8804
0.7727,0.2152,0.3366,0.8979
0.8182,0.25,0.383,0.8944
0.8696,0.25,0.3883,0.9096
0.7727,0.1932,0.3091,0.8656
0.6364,0.1944,0.2979,0.847
0.9091,0.2198,0.354,0.9122
0.6818,0.1579,0.2564,0.8407
0.8636,0.2436,0.38,0.901
0.8636,0.2043,0.3304,0.8781
0.7727,0.1753,0.2857,0.8499
0.7273,0.2,0.3137,0.8751
0.9091,0.2198,0.354,0.9175
0.8696,0.2703,0.4124,0.9088
0.7727,0.2237,0.3469,0.9034
0.7727,0.2152,0.3366,0.8814
0.8182,0.2338,0.3636,0.8955
0.8182,0.1782,0.2927,0.8786
0.8636,0.2468,0.3838,0.92
0.7727,0.1889,0.3036,0.8668
0.9091,0.2353,0.3738,0.8991
0.7727,0.2537,0.382,0.8666
0.6818,0.2206,0.3333,0.8824
0.8696,0.2597,0.4,0.9233
0.7727,0.1789,0.2906,0.8557
0.7727,0.2,0.3178,0.873
0.7273,0.1928,0.3048,0.8916
0.9091,0.2105,0.3419,0.8999
0.9091,0.2703,0.4167,0.9405
0.8636,0.2317,0.3654,0.9468
0.7727,0.2208,0.3434,0.8774
0.7727,0.2208,0.3434,0.8677
0.6818,0.1852,0.2913,0.8705
0.6522,0.1923,0.297,0.8597
0.7727,0.2048,0.3238,0.8718
0.7727,0.2152,0.3366,0.892
0.6364,0.1772,0.2772,0.8013
0.9091,0.2222,0.3571,0.9112
0.8182,0.2118,0.3364,0.903
0.8636,0.2,0.3248,0.9142
0.7727,0.1889,0.3036,0.8591
0.9091,0.2532,0.396,0.93
0.6818,0.1829,0.2885,0.8458
0.8261,0.2184,0.3455,0.8872
0.8636,0.2436,0.38,0.9352
0.6818,0.2143,0.3261,0.8671
0.8636,0.1979,0.322,0.9117
0.7727,0.1977,0.3148,0.8437
0.7273,0.2319,0.3516,0.8738
0.9091,0.2128,0.3448,0.8994
0.8636,0.1827,0.3016,0.8869
0.7273,0.2133,0.3299,0.884
0.9091,0.2299,0.367,0.932
0.8261,0.2346,0.3654,0.8711
0.8182,0.1895,0.3077,0.884
0.6364,0.1944,0.2979,0.8439
0.8636,0.1979,0.322,0.9132
0.8182,0.2195,0.3462,0.8977
0.6818,0.1807,0.2857,0.8326
0.7273,0.2133,0.3299,0.8576
0.9091,0.2222,0.3571,0.9423
0.7727,0.1954,0.3119,0.8946
0.8636,0.2209,0.3519,0.9169
0.7391,0.1954,0.3091,0.826
0.7727,0.191,0.3063,0.8486
0.8182,0.2045,0.3273,0.8799
0.7727,0.1717,0.281,0.8581
0.9091,0.2817,0.4301,0.9407
0.7273,0.2105,0.3265,0.9045
0.7727,0.1977,0.3148,0.8854
0.8182,0.2222,0.3495,0.8738
0.6364,0.1842,0.2857,0.8182
0.8636,0.2184,0.3486,0.8827
0.8696,0.274,0.4167,0.8941
0.9091,0.2198,0.354,0.9272
0.9545,0.2258,0.3652,0.9297
0.6818,0.1923,0.3,0.8278
0.8182,0.2118,0.3364,0.9002
0.7273,0.2286,0.3478,0.8558
0.9091,0.2667,0.4124,0.928
0.6957,0.1839,0.2909,0.8265
0.9091,0.2381,0.3774,0.9278
0.7727,0.1977,0.3148,0.876
0.7727,0.2,0.3178,0.8872
0.9545,0.2188,0.3559,0.9218
0.7727,0.1889,0.3036,0.8611
0.9545,0.2188,0.3559,0.9306
0.9545,0.2471,0.3925,0.9292
0.8182,0.25,0.383,0.9197
0.6818,0.1765,0.2804,0.8361
0.7273,0.1818,0.2909,0.8216
0.8182,0.2069,0.3303,0.8906
0.8636,0.2065,0.3333,0.8973
1.0,0.2527,0.4035,0.958
0.6818,0.1786,0.283,0.8413
0.9091,0.2174,0.3509,0.9367
0.8182,0.1895,0.3077,0.8841
0.7727,0.191,0.3063,0.858
0.8636,0.25,0.3878,0.9347
0.8636,0.2375,0.3725,0.9034
0.7273,0.2462,0.3678,0.8827
0.9545,0.2727,0.4242,0.9392
0.7273,0.2192,0.3368,0.8655
0.8696,0.2083,0.3361,0.874
0.9091,0.2326,0.3704,0.9177
0.7727,0.1889,0.3036,0.8804
0.6818,0.1786,0.283,0.864
0.9091,0.2299,0.367,0.9344
0.7727,0.2329,0.3579,0.8712
0.7727,0.2048,0.3238,0.8714
0.8636,0.2135,0.3423,0.878
0.7727,0.2329,0.3579,0.8853
0.8182,0.2093,0.3333,0.8976
0.8696,0.2,0.3252,0.8849
0.7273,0.25,0.3721,0.8814
0.8636,0.2375,0.3725,0.8956
0.8636,0.2159,0.3455,0.9016
0.9545,0.2625,0.4118,0.948
0.8182,0.1915,0.3103,0.8775
0.8182,0.2308,0.36,0.8814
0.9091,0.2299,0.367,0.9106
0.9091,0.2326,0.3704,0.8951
0.8182,0.1957,0.3158,0.8735
0.8261,0.2262,0.3551,0.8788
0.7727,0.2237,0.3469,0.8761
0.6364,0.1591,0.2545,0.8419
0.6818,0.2083,0.3191,0.8797
0.8636,0.2262,0.3585,0.9344
0.7727,0.2361,0.3617,0.895
0.9091,0.2,0.3279,0.8942
0.7273,0.2388,0.3596,0.8464
0.9545,0.2625,0.4118,0.913
0.9091,0.2326,0.3704,0.9291
0.913,0.2121,0.3443,0.9179
0.6364,0.1892,0.2917,0.8318
0.8182,0.225,0.3529,0.8781
0.9091,0.2273,0.3636,0.9145
0.8636,0.2235,0.3551,0.9004
0.8636,0.2436,0.38,0.9223
0.7727,0.2329,0.3579,0.8834
0.8636,0.2088,0.3363,0.8962
0.7273,0.2162,0.3333,0.8639
0.7727,0.1848,0.2982,0.8681
0.6957,0.1882,0.2963,0.8575
0.8182,0.2432,0.375,0.913
0.8636,0.2317,0.3654,0.9117
0.6818,0.2027,0.3125,0.8153
0.9091,0.2247,0.3604,0.9165
0.6818,0.2273,0.3409,0.8683
0.8636,0.2135,0.3423,0.9351
0.7273,0.2254,0.3441,0.8419
0.8182,0.2432,0.375,0.9138
0.9091,0.2326,0.3704,0.8948
0.8261,0.1919,0.3115,0.8936
0.6818,0.2273,0.3409,0.8789
0.7727,0.2125,0.3333,0.8779
0.9091,0.241,0.381,0.914
0.9545,0.2414,0.3853,0.9284
0.9091,0.2198,0.354,0.9334
0.7727,0.2048,0.3238,0.8639
0.8182,0.225,0.3529,0.8832
0.8636,0.2111,0.3393,0.9369
0.7273,0.1975,0.3107,0.8455
0.8261,0.2639,0.4,0.8852
0.9091,0.2247,0.3604,0.9415
0.9091,0.2326,0.3704,0.9281
0.6818,0.2027,0.3125,0.8283
0.9091,0.2299,0.367,0.9185
0.8636,0.2159,0.3455,0.9165
0.7727,0.2125,0.3333,0.8623
0.8636,0.2923,0.4368,0.9275
0.7727,0.2361,0.3617,0.8938
0.8182,0.2143,0.3396,0.9061
0.8261,0.2,0.322,0.9083
0.6818,0.1852,0.2913,0.8471
0.7273,0.1905,0.3019,0.8556
0.8182,0.1895,0.3077,0.8687
0.8636,0.2065,0.3333,0.8759
0.9091,0.2439,0.3846,0.9072
0.7727,0.1868,0.3009,0.856
0.9545,0.2727,0.4242,0.9226
0.8636,0.2533,0.3918,0.904
0.9091,0.202,0.3306,0.8981
0.7391,0.1932,0.3063,0.8709
0.8636,0.2317,0.3654,0.911
0.6818,0.1852,0.2913,0.8385
0.8636,0.2135,0.3423,0.9016
0.9091,0.2,0.3279,0.8984
0.8182,0.2571,0.3913,0.9018
0.7273,0.1839,0.2936,0.8338
0.7727,0.2208,0.3434,0.9035
0.8182,0.2045,0.3273,0.8795
0.8636,0.2043,0.3304,0.9307
0.7391,0.1889,0.3009,0.8823
0.8182,0.2118,0.3364,0.8913
0.6364,0.2121,0.3182,0.8668
0.9091,0.2353,0.3738,0.9302
1.0,0.2095,0.3465,0.9392
0.7273,0.1905,0.3019,0.8476
0.6364,0.1728,0.2718,0.8063
0.7727,0.1589,0.2636,0.8407
0.8182,0.2,0.3214,0.874
0.7727,0.2394,0.3656,0.8886
0.8261,0.2262,0.3551,0.9031
0.9091,0.2174,0.3509,0.9527
0.8182,0.2093,0.3333,0.8877
0.7727,0.2329,0.3579,0.8841
0.7273,0.2051,0.32,0.9049
0.6364,0.1972,0.3011,0.8386
0.8636,0.2184,0.3486,0.9016
0.8182,0.2169,0.3429,0.8868
0.8182,0.2118,0.3364,0.8797
0.7727,0.1954,0.3119,0.8814
0.8696,0.2353,0.3704,0.9104
0.7273,0.25,0.3721,0.8673
0.8182,0.2093,0.3333,0.9152
0.7727,0.1828,0.2957,0.8611
0.8636,0.2235,0.3551,0.9016
0.7273,0.1798,0.2883,0.8489
0.8636,0.2405,0.3762,0.9012
0.8182,0.1895,0.3077,0.8652
0.9091,0.2128,0.3448,0.8854
0.8636,0.2135,0.3423,0.8765
0.913,0.2561,0.4,0.9353
0.8636,0.2603,0.4,0.9042
0.7273,0.2,0.3137,0.8474
0.8636,0.2065,0.3333,0.8967
0.7273,0.2051,0.32,0.8413
0.9091,0.2381,0.3774,0.9303
0.8636,0.2209,0.3519,0.9081
0.7727,0.2125,0.3333,0.8647
0.9545,0.2333,0.375,0.9355
0.7273,0.1951,0.3077,0.8653
0.8261,0.2,0.322,0.8781
0.9091,0.2381,0.3774,0.9119
0.7727,0.2267,0.3505,0.8852
0.9091,0.2381,0.3774,0.9375
0.8182,0.2368,0.3673,0.8862
0.8636,0.2159,0.3455,0.9128
0.6364,0.175,0.2745,0.8365
0.9545,0.2308,0.3717,0.9354
0.7727,0.2099,0.3301,0.8764
0.8182,0.2169,0.3429,0.8828
0.8696,0.2,0.3252,0.863
0.7727,0.2179,0.34,0.8769
0.9091,0.2381,0.3774,0.8959
0.8636,0.2184,0.3486,0.9062
0.7273,0.1951,0.3077,0.8757
0.7727,0.1771,0.2881,0.8666
0.8636,0.2135,0.3423,0.9047
0.9545,0.2414,0.3853,0.9445
0.6818,0.2083,0.3191,0.8457
0.7273,0.2857,0.4103,0.8802
0.8696,0.2128,0.3419,0.8957
0.7727,0.1889,0.3036,0.8718
0.8182,0.2195,0.3462,0.8931
0.8182,0.2195,0.3462,0.8938
0.9091,0.2222,0.3571,0.9229
0.7273,0.1928,0.3048,0.824
0.7727,0.1977,0.3148,0.8986
0.7727,0.2208,0.3434,0.8926
0.8182,0.2,0.3214,0.8867
0.7727,0.2099,0.3301,0.873
0.7391,0.2024,0.3178,0.8742
0.7273,0.2,0.3137,0.8515
0.8182,0.2278,0.3564,0.8974
0.8182,0.2169,0.3429,0.9258
0.7727,0.2208,0.3434,0.9032
0.6818,0.1875,0.2941,0.8472
0.8182,0.2069,0.3303,0.9014
0.8636,0.1959,0.3193,0.907
0.7273,0.1882,0.2991,0.8398
0.8182,0.24,0.3711,0.9093
0.913,0.2386,0.3784,0.9116
0.7273,0.1928,0.3048,0.8467
0.8636,0.2043,0.3304,0.875
0.9091,0.2778,0.4255,0.9378
1.0,0.2268,0.3697,0.9513
0.7273,0.2105,0.3265,0.8703
0.6818,0.1875,0.2941,0.8523
0.8182,0.2143,0.3396,0.8809
0.6818,0.25,0.3659,0.862
0.9545,0.2,0.3307,0.9389
0.7391,0.1789,0.2881,0.8448
0.9091,0.2174,0.3509,0.9109
0.6818,0.2308,0.3448,0.86
0.7727,0.1932,0.3091,0.8188
0.9091,0.2326,0.3704,0.8948
0.9091,0.2299,0.367,0.9125
0.8182,0.2069,0.3303,0.8862
0.8636,0.2043,0.3304,0.9119
0.7273,0.2025,0.3168,0.8645
0.7727,0.1809,0.2931,0.8681
0.6957,0.1739,0.2783,0.848
0.8636,0.2639,0.4043,0.9014
0.8182,0.2169,0.3429,0.8794
0.9545,0.2561,0.4038,0.944
0.8182,0.2308,0.36,0.9311
0.8182,0.2093,0.3333,0.9102
0.9091,0.1905,0.315,0.8906
0.8636,0.2021,0.3276,0.9041
0.8182,0.1957,0.3158,0.8767
0.9545,0.2211,0.359,0.9292
0.8696,0.2597,0.4,0.9278
0.7273,0.2286,0.3478,0.871
0.6818,0.25,0.3659,0.868
0.7727,0.2464,0.3736,0.8397
0.7273,0.1778,0.2857,0.8709
0.7727,0.2237,0.3469,0.8876
0.9545,0.2121,0.3471,0.9092
0.6818,0.1705,0.2727,0.8418
0.9091,0.2381,0.3774,0.9208
0.9545,0.2308,0.3717,0.9181
0.8696,0.2174,0.3478,0.9094
0.8636,0.2375,0.3725,0.8978
0.8182,0.2069,0.3303,0.8909
0.7727,0.2208,0.3434,0.8706
0.8636,0.2184,0.3486,0.9132
0.7273,0.1839,0.2936,0.8299
0.8182,0.2022,0.3243,0.8862
0.7391,0.2361,0.3579,0.8741
0.8182,0.2687,0.4045,0.9218
0.7727,0.2024,0.3208,0.9192
0.9091,0.2299,0.367,0.9253
0.8636,0.2209,0.3519,0.8931
0.6818,0.1829,0.2885,0.8151
0.7727,0.2329,0.3579,0.8689
0.5909,0.1733,0.268,0.803
0.8636,0.2111,0.3393,0.9251
0.7273,0.186,0.2963,0.8587
0.7727,0.1868,0.3009,0.8544
0.6364,0.2295,0.3373,0.8464
0.8182,0.2118,0.3364,0.8859
0.913,0.2625,0.4078,0.9396
0.8636,0.1845,0.304,0.8937
0.9091,0.2222,0.3571,0.9007
0.6818,0.2174,0.3297,0.8549
0.9545,0.236,0.3784,0.9166
0.6364,0.2188,0.3256,0.8756
0.8182,0.2278,0.3564,0.9088
0.8636,0.2159,0.3455,0.8988
0.7273,0.1818,0.2909,0.8526
0.9091,0.2381,0.3774,0.9238
0.8261,0.1959,0.3167,0.8666
1.0,0.2651,0.419,0.9495
0.9091,0.2985,0.4494,0.9471
0.7727,0.25,0.3778,0.9092
0.6818,0.1744,0.2778,0.8515
0.8182,0.2022,0.3243,0.8986
0.8636,0.2159,0.3455,0.9046
0.6818,0.1515,0.2479,0.8329
0.9091,0.2703,0.4167,0.9317
0.7273,0.1928,0.3048,0.8723
0.8696,0.2632,0.404,0.9169
0.8182,0.2308,0.36,0.8754
0.9091,0.2299,0.367,0.902
0.6818,0.2027,0.3125,0.8586
0.7727,0.2208,0.3434,0.8708
0.9545,0.2442,0.3889,0.9312
0.6364,0.1795,0.28,0.8589
0.8182,0.225,0.3529,0.9181
0.9091,0.2381,0.3774,0.9159
0.9545,0.2188,0.3559,0.9504
0.7826,0.225,0.3495,0.8902
0.7727,0.2179,0.34,0.8622
0.7273,0.1975,0.3107,0.8589
0.6364,0.1591,0.2545,0.8108
0.8636,0.2209,0.3519,0.8761
0.8636,0.2754,0.4176,0.9186
0.8636,0.2262,0.3585,0.9143
0.8636,0.2209,0.3519,0.9083
0.7273,0.1739,0.2807,0.8326
1.0,0.2391,0.386,0.9427
0.7391,0.2099,0.3269,0.8788
0.8182,0.2069,0.3303,0.8965
0.8636,0.2289,0.3619,0.8798
0.9545,0.2234,0.3621,0.9333
0.8636,0.25,0.3878,0.9084
0.6364,0.1944,0.2979,0.8341
0.6818,0.1579,0.2564,0.8314
0.8182,0.1895,0.3077,0.8894
0.8182,0.225,0.3529,0.8796
0.8182,0.225,0.3529,0.8839
0.8261,0.2603,0.3958,0.9051
0.8182,0.2466,0.3789,0.9034
0.9545,0.2258,0.3652,0.8978
0.5909,0.1444,0.2321,0.811
0.9091,0.1942,0.32,0.8987
0.8182,0.2278,0.3564,0.9284
0.8636,0.2754,0.4176,0.9195
0.8696,0.25,0.3883,0.9068
0.8636,0.25,0.3878,0.9261
0.7727,0.2024,0.3208,0.8504
0.8182,0.2195,0.3462,0.8965
0.8636,0.2,0.3248,0.899
0.8182,0.25,0.383,0.9089
0.9545,0.2471,0.3925,0.9455
0.6818,0.2,0.3093,0.8739
0.6818,0.1705,0.2727,0.8283
0.7727,0.2099,0.3301,0.887
0.8636,0.1939,0.3167,0.902
0.7727,0.2833,0.4146,0.9248
0.8182,0.2169,0.3429,0.9216
0.7391,0.1717,0.2787,0.8641
0.7273,0.2162,0.3333,0.8908
0.7273,0.2424,0.3636,0.9057
0.8636,0.2533,0.3918,0.917
0.8182,0.2045,0.3273,0.892
0.8636,0.2159,0.3455,0.8952
0.6364,0.1647,0.2617,0.8376
0.8261,0.2317,0.3619,0.8755
0.7727,0.2361,0.3617,0.8774
0.8636,0.2209,0.3519,0.9349
0.8636,0.2405,0.3762,0.8987
0.8636,0.1863,0.3065,0.8496
0.8182,0.2535,0.3871,0.9013
0.6818,0.1899,0.297,0.8468
0.9091,0.2667,0.4124,0.9316
0.7727,0.2125,0.3333,0.849
0.8636,0.2235,0.3551,0.8978
0.8696,0.2041,0.3306,0.8947
0.8636,0.2289,0.3619,0.8857
0.8182,0.2169,0.3429,0.9058
0.9091,0.2151,0.3478,0.9125
0.8636,0.2235,0.3551,0.8967
0.6818,0.1923,0.3,0.8681
0.8182,0.2022,0.3243,0.8583
0.6818,0.1744,0.2778,0.8326
0.7273,0.1975,0.3107,0.8611
0.8636,0.2159,0.3455,0.8875
0.8182,0.2022,0.3243,0.8842
0.7727,0.2361,0.3617,0.8631
0.8636,0.2184,0.3486,0.8983
0.7826,0.2093,0.3303,0.8828
0.8182,0.2022,0.3243,0.9132
0.8182,0.1957,0.3158,0.8755
0.6364,0.1944,0.2979,0.8326
0.7727,0.2152,0.3366,0.8799
0.9545,0.2234,0.3621,0.9415
0.7273,0.2222,0.3404,0.8899
0.8636,0.2235,0.3551,0.8928
0.7273,0.1739,0.2807,0.8534
0.7273,0.1882,0.2991,0.8368
0.9565,0.2245,0.3636,0.9223
0.9091,0.2632,0.4082,0.9385
0.8182,0.2169,0.3429,0.8768
0.7727,0.2152,0.3366,0.8828
0.6364,0.1842,0.2857,0.8342
0.8182,0.24,0.3711,0.9327
0.8636,0.2235,0.3551,0.9238
0.8636,0.2088,0.3363,0.8899
0.8182,0.2022,0.3243,0.9022
0.9091,0.1942,0.32,0.9184
0.8261,0.2289,0.3585,0.8877
0.8636,0.2065,0.3333,0.8994
0.7273,0.2025,0.3168,0.8385
0.6818,0.2083,0.3191,0.8687
0.8182,0.2466,0.3789,0.8882
0.8636,0.2065,0.3333,0.8917
0.8182,0.2368,0.3673,0.9237
0.6364,0.1667,0.2642,0.8763
0.7727,0.2099,0.3301,0.8743
0.6818,0.1875,0.2941,0.8472
0.7826,0.2069,0.3273,0.8735
0.8182,0.2308,0.36,0.9024
0.8636,0.2184,0.3486,0.9052
0.7273,0.1778,0.2857,0.8498
0.8636,0.2794,0.4222,0.9114
0.6818,0.1744,0.2778,0.8311
0.9545,0.2414,0.3853,0.9475
0.7273,0.2105,0.3265,0.873
0.9091,0.2222,0.3571,0.8917
0.8182,0.2466,0.3789,0.908
0.913,0.2283,0.3652,0.9191
0.8636,0.2209,0.3519,0.8936
0.8636,0.2603,0.4,0.9135
0.7727,0.2297,0.3542,0.9014
0.6818,0.2027,0.3125,0.8466
0.8182,0.1915,0.3103,0.8981
0.8182,0.1579,0.2647,0.8273
0.7727,0.191,0.3063,0.8627
0.7273,0.1928,0.3048,0.847
0.8182,0.2069,0.3303,0.8581
0.7826,0.2308,0.3564,0.8877
0.8182,0.2169,0.3429,0.8943
0.8182,0.2169,0.3429,0.884
0.7727,0.2179,0.34,0.8942
0.8636,0.2317,0.3654,0.9156
0.9091,0.241,0.381,0.9113
0.8182,0.2195,0.3462,0.9094
0.9091,0.2353,0.3738,0.9029
0.7273,0.1818,0.2909,0.8379
0.9545,0.2386,0.3818,0.9178
0.9565,0.2245,0.3636,0.8856
0.8636,0.2235,0.3551,0.92
0.7273,0.186,0.2963,0.8702
0.7727,0.1977,0.3148,0.8986
0.7273,0.1758,0.2832,0.8854
0.5455,0.1714,0.2609,0.8086
0.8636,0.2262,0.3585,0.8906
0.6364,0.1687,0.2667,0.8422
0.6364,0.1842,0.2857,0.8577
0.9091,0.2299,0.367,0.9194
0.7391,0.2048,0.3208,0.8554
0.8182,0.1935,0.313,0.8914
0.8636,0.1863,0.3065,0.8821
0.8636,0.2346,0.3689,0.9224
0.8636,0.2262,0.3585,0.9207
0.8636,0.2603,0.4,0.9035
0.7727,0.2125,0.3333,0.8852
0.8182,0.1978,0.3186,0.8582
0.9091,0.2198,0.354,0.9012
0.9545,0.2333,0.375,0.9279
0.7826,0.2338,0.36,0.9221
0.7273,0.1951,0.3077,0.8815
0.8636,0.25,0.3878,0.8877
0.7727,0.1828,0.2957,0.8586
0.7273,0.1951,0.3077,0.8568
0.7727,0.1954,0.3119,0.8455
0.7727,0.2464,0.3736,0.8829
0.8636,0.2346,0.3689,0.8711
0.8182,0.2,0.3214,0.8961
0.7273,0.2286,0.3478,0.8823
0.8261,0.2289,0.3585,0.8849
0.8182,0.2069,0.3303,0.8749
0.7727,0.25,0.3778,0.9117
0.9545,0.2283,0.3684,0.9335
0.8182,0.1682,0.2791,0.8901
0.7727,0.2464,0.3736,0.8915
0.7273,0.1951,0.3077,0.8694
0.8636,0.2235,0.3551,0.9221
0.6818,0.1948,0.303,0.8402
0.9091,0.2128,0.3448,0.9295
0.7826,0.25,0.3789,0.8947
0.7727,0.1977,0.3148,0.8844
0.8636,0.2065,0.3333,0.9141
0.8636,0.2159,0.3455,0.8964
0.8636,0.2043,0.3304,0.8999
0.6364,0.2,0.3043,0.8649
0.6818,0.2679,0.3846,0.8766
0.9091,0.2469,0.3883,0.9397
0.8636,0.2184,0.3486,0.9034
0.8636,0.2111,0.3393,0.9095
0.8261,0.2436,0.3762,0.8981
0.7727,0.2267,0.3505,0.8741
0.6364,0.1867,0.2887,0.834
0.8636,0.2262,0.3585,0.9221
0.9091,0.25,0.3922,0.9419
0.8182,0.18,0.2951,0.8599
0.7273,0.2222,0.3404,0.8578
0.7273,0.2,0.3137,0.8789
0.8182,0.2069,0.3303,0.8917
0.8182,0.2368,0.3673,0.9149
1.0,0.2527,0.4035,0.947
0.6818,0.1899,0.297,0.8719
0.8636,0.2317,0.3654,0.9057
0.8182,0.2169,0.3429,0.8892
0.8636,0.25,0.3878,0.922
0.6818,0.1596,0.2586,0.8151
0.8636,0.2317,0.3654,0.893
0.7273,0.1882,0.2991,0.8696
0.9091,0.2353,0.3738,0.8943
0.7273,0.2051,0.32,0.8874
0.7391,0.1889,0.3009,0.8623
0.8636,0.2111,0.3393,0.8899
0.9091,0.2439,0.3846,0.9305
0.8182,0.2195,0.3462,0.8948
0.8636,0.2209,0.3519,0.8982
0.6818,0.1974,0.3061,0.8598
0.8182,0.2,0.3214,0.8704
0.8182,0.225,0.3529,0.8772
0.9091,0.2299,0.367,0.9278
0.8182,0.2571,0.3913,0.8741
0.7826,0.225,0.3495,0.9001
0.9091,0.2174,0.3509,0.8831
0.7727,0.2464,0.3736,0.8844
0.7273,0.2133,0.3299,0.8608
0.8636,0.2065,0.3333,0.9042
0.9091,0.2151,0.3478,0.9053
0.6818,0.1705,0.2727,0.8339
0.6818,0.1875,0.2941,0.8874
0.8182,0.1875,0.3051,0.8557
0.8182,0.2069,0.3303,0.8807
0.7826,0.2045,0.3243,0.8883
0.9091,0.241,0.381,0.9485
0.7273,0.2133,0.3299,0.8686
0.8182,0.2118,0.3364,0.8956
0.8182,0.1978,0.3186,0.8712
0.9091,0.2469,0.3883,0.919
0.8636,0.2289,0.3619,0.9018
0.7727,0.2073,0.3269,0.9088
0.7727,0.2208,0.3434,0.9139
0.8182,0.1837,0.3,0.8776
0.7826,0.2195,0.3429,0.8471
0.5909,0.1857,0.2826,0.8452
0.7273,0.186,0.2963,0.8811
0.9091,0.2353,0.3738,0.9286
0.7273,0.1839,0.2936,0.8353
0.8636,0.2436,0.38,0.9185
0.9091,0.2353,0.3738,0.9284
