RUSBag
0.8298,0.527,0.6446,0.9201
0.8191,0.4783,0.6039,0.9078
0.9355,0.537,0.6824,0.9429
0.8495,0.5338,0.6556,0.9138
0.9032,0.549,0.6829,0.9485
0.9032,0.503,0.6462,0.9342
0.8617,0.4939,0.6279,0.9167
0.7766,0.4803,0.5935,0.9006
0.7979,0.4747,0.5952,0.9011
0.8723,0.5503,0.6749,0.9184
0.9362,0.5641,0.704,0.9484
0.8191,0.5168,0.6337,0.9139
0.8495,0.4847,0.6172,0.9073
0.8817,0.4556,0.6007,0.9159
0.8925,0.5646,0.6917,0.9207
0.9032,0.5316,0.6693,0.9251
0.8936,0.4855,0.6292,0.9325
0.8404,0.4938,0.622,0.9065
0.8617,0.4939,0.6279,0.9289
0.8298,0.5166,0.6367,0.9206
0.883,0.5253,0.6587,0.935
0.8298,0.4561,0.5887,0.9252
0.9149,0.5,0.6466,0.9287
0.883,0.5355,0.6667,0.9219
0.9149,0.5513,0.688,0.9374
0.9255,0.5506,0.6905,0.9461
0.8495,0.5374,0.6583,0.9263
0.9247,0.5309,0.6745,0.9405
0.8065,0.463,0.5882,0.8789
0.8172,0.4841,0.608,0.9015
0.8298,0.4937,0.619,0.9131
0.9149,0.5695,0.702,0.9513
0.914,0.5152,0.6589,0.9329
0.8925,0.4716,0.6171,0.939
0.8495,0.5486,0.6667,0.9204
0.8495,0.4847,0.6172,0.9103
0.8298,0.4906,0.6166,0.909
0.8936,0.5419,0.6747,0.9289
0.9043,0.5152,0.6564,0.9477
0.8404,0.4877,0.6172,0.9008
0.9255,0.537,0.6797,0.9387
0.9255,0.5613,0.6988,0.937
0.8172,0.5067,0.6255,0.904
0.8817,0.5223,0.656,0.9272
0.828,0.5,0.6235,0.9127
0.9032,0.5316,0.6693,0.9209
0.9043,0.4857,0.632,0.9289
0.8617,0.5062,0.6378,0.9021
0.8511,0.4878,0.6202,0.9044
0.8085,0.5,0.6179,0.903
0.8617,0.5436,0.6667,0.93
0.883,0.4798,0.6217,0.9223
0.871,0.5192,0.6506,0.9281
0.8602,0.4938,0.6275,0.9185
0.9247,0.5375,0.6798,0.9548
0.871,0.5159,0.648,0.9219
0.8404,0.4759,0.6077,0.9137
0.8723,0.5541,0.6777,0.9206
0.8298,0.5342,0.65,0.9031
0.883,0.5061,0.6434,0.9333
0.8936,0.506,0.6462,0.9198
0.8298,0.5493,0.661,0.9147
0.828,0.558,0.6667,0.9085
0.8387,0.4937,0.6215,0.9224
0.7849,0.5,0.6109,0.8816
0.8817,0.5395,0.6694,0.9276
0.8723,0.491,0.6284,0.9264
0.8936,0.48,0.6245,0.9253
0.9255,0.4971,0.6468,0.9363
0.9362,0.5146,0.6642,0.9231
0.883,0.5355,0.6667,0.9214
0.9149,0.5181,0.6615,0.9394
0.8495,0.5448,0.6639,0.9212
0.8925,0.5092,0.6484,0.9319
0.8172,0.472,0.5984,0.9005
0.8817,0.497,0.6357,0.9188
0.8511,0.5063,0.6349,0.9031
0.8511,0.5298,0.6531,0.9096
0.9149,0.5119,0.6565,0.9319
0.8936,0.5419,0.6747,0.9356
0.8936,0.5122,0.6512,0.908
0.7979,0.5034,0.6173,0.9067
0.9247,0.5212,0.6667,0.9419
0.8602,0.5,0.6324,0.9138
0.8387,0.5098,0.6341,0.9163
0.871,0.587,0.7013,0.9391
0.8936,0.5122,0.6512,0.9305
0.8298,0.5306,0.6473,0.8986
0.9255,0.5404,0.6824,0.9426
0.8723,0.5503,0.6749,0.9121
0.9149,0.4943,0.6418,0.9296
0.7979,0.4808,0.6,0.8886
0.7634,0.5338,0.6283,0.9104
0.914,0.512,0.6564,0.9355
0.8065,0.5068,0.6224,0.8985
0.8925,0.4882,0.6312,0.9211
0.8723,0.5031,0.6381,0.922
0.7872,0.4596,0.5804,0.9018
0.9149,0.5181,0.6615,0.9432
0.9255,0.5649,0.7016,0.9325
0.8936,0.56,0.6885,0.9476
0.8723,0.497,0.6332,0.9036
0.871,0.4909,0.6279,0.9098
0.8817,0.5359,0.6667,0.9206
0.8065,0.4902,0.6098,0.9147
0.8387,0.5098,0.6341,0.8981
0.8723,0.5395,0.6667,0.9171
0.9255,0.5,0.6493,0.9293
0.8298,0.5032,0.6265,0.9194
0.8085,0.5429,0.6496,0.8793
0.8617,0.5364,0.6612,0.9175
0.8191,0.4753,0.6016,0.9014
0.883,0.522,0.6561,0.9289
0.7447,0.5109,0.6061,0.8869
0.9255,0.521,0.6667,0.9327
0.8617,0.4765,0.6136,0.9031
0.9355,0.5305,0.677,0.9563
0.8602,0.5,0.6324,0.9182
0.871,0.5,0.6353,0.9191
0.8387,0.527,0.6473,0.9156
0.9468,0.5086,0.6617,0.9426
0.9255,0.5305,0.6744,0.9373
0.828,0.4753,0.6039,0.8957
0.828,0.5238,0.6417,0.9183
0.9032,0.56,0.6914,0.9474
0.8602,0.4969,0.6299,0.9244
0.9043,0.5484,0.6827,0.9384
0.8404,0.4731,0.6054,0.8872
0.8936,0.5526,0.6829,0.9408
0.8723,0.5541,0.6777,0.9239
0.8085,0.5352,0.6441,0.9128
0.8936,0.535,0.6693,0.9433
0.8817,0.5395,0.6694,0.9438
0.8495,0.4731,0.6077,0.9114
0.8602,0.5063,0.6375,0.923
0.914,0.5414,0.68,0.9371
0.8085,0.4903,0.6104,0.8789
0.9255,0.5029,0.6517,0.9453
0.9043,0.5484,0.6827,0.9327
0.9574,0.5085,0.6642,0.9451
0.8511,0.5229,0.6478,0.9017
0.883,0.494,0.6336,0.9317
0.8172,0.481,0.6056,0.8895
0.8817,0.5359,0.6667,0.9329
0.914,0.5215,0.6641,0.9337
0.9355,0.5029,0.6541,0.9408
0.8723,0.494,0.6308,0.8931
0.8191,0.4813,0.6063,0.9186
0.8723,0.5125,0.6457,0.9192
0.8191,0.5347,0.6471,0.9087
0.8723,0.5395,0.6667,0.93
0.8723,0.5157,0.6482,0.918
0.9247,0.5342,0.6772,0.934
0.871,0.5159,0.648,0.9058
0.8495,0.5097,0.6371,0.9248
0.914,0.503,0.6489,0.9379
0.9149,0.5513,0.688,0.9329
0.8298,0.5,0.624,0.889
0.8404,0.5097,0.6345,0.9092
0.9149,0.5972,0.7227,0.9329
0.8511,0.5333,0.6557,0.9429
0.8511,0.5442,0.6639,0.9218
0.871,0.4909,0.6279,0.9098
0.9355,0.5686,0.7073,0.9497
0.8495,0.4647,0.6008,0.9088
0.871,0.5,0.6353,0.9162
0.9149,0.5309,0.6719,0.9403
0.734,0.5111,0.6026,0.9016
0.9255,0.5541,0.6932,0.934
0.8191,0.5033,0.6235,0.8959
0.8617,0.5586,0.6778,0.9121
0.8511,0.4908,0.6226,0.9126
0.9247,0.4778,0.63,0.924
0.914,0.5313,0.6719,0.9386
0.8495,0.5232,0.6475,0.9265
0.914,0.5313,0.6719,0.9425
0.8191,0.531,0.6444,0.9164
0.8617,0.5127,0.6429,0.9029
0.8404,0.5197,0.6423,0.9091
0.8191,0.4583,0.5878,0.883
0.9043,0.5556,0.6883,0.9342
0.883,0.5188,0.6535,0.9217
0.8602,0.5031,0.6349,0.9008
0.9355,0.5148,0.6641,0.9352
0.8602,0.5031,0.6349,0.9102
0.8817,0.4713,0.6142,0.9228
0.7872,0.4837,0.5992,0.9049
0.9255,0.486,0.6374,0.9182
0.766,0.4557,0.5714,0.8785
0.883,0.539,0.6694,0.9304
0.8617,0.526,0.6532,0.928
0.883,0.5123,0.6484,0.9332
0.8602,0.4878,0.6226,0.8965
0.8602,0.5405,0.6639,0.9047
0.8925,0.4882,0.6312,0.9085
0.8925,0.5497,0.6803,0.9321
0.8511,0.4969,0.6275,0.9137
0.8723,0.5734,0.692,0.9008
0.9149,0.4649,0.6165,0.9105
0.8404,0.5267,0.6475,0.9266
0.8936,0.5153,0.6537,0.9239
0.8723,0.5062,0.6406,0.9179
0.8387,0.4699,0.6023,0.8901
0.8602,0.5195,0.6478,0.9202
0.8495,0.5302,0.6529,0.9103
0.9247,0.5658,0.702,0.9488
0.8085,0.5205,0.6333,0.918
0.8191,0.4783,0.6039,0.9091
0.9468,0.4863,0.6426,0.9377
0.8617,0.526,0.6532,0.8991
0.9043,0.4885,0.6343,0.9294
0.8191,0.4783,0.6039,0.9076
0.828,0.5423,0.6553,0.9204
0.8602,0.5369,0.6612,0.93
0.8817,0.491,0.6308,0.906
0.8925,0.503,0.6434,0.9248
0.9255,0.5613,0.6988,0.947
0.9468,0.5266,0.6768,0.9463
0.8723,0.543,0.6694,0.9147
0.8298,0.5032,0.6265,0.9109
0.8085,0.5352,0.6441,0.9158
0.8936,0.497,0.6388,0.9261
0.9032,0.5385,0.6747,0.9345
0.8817,0.5359,0.6667,0.9274
0.8925,0.5287,0.664,0.9155
0.914,0.512,0.6564,0.9357
0.8723,0.491,0.6284,0.9119
0.883,0.5425,0.6721,0.9356
0.8723,0.5,0.6357,0.9398
0.8404,0.4702,0.6031,0.8976
0.8723,0.5578,0.6805,0.9023
0.8723,0.5325,0.6613,0.9138
0.8495,0.4593,0.5962,0.9126
0.6989,0.4305,0.5328,0.8435
0.8925,0.4743,0.6194,0.9174
0.9032,0.549,0.6829,0.935
0.9043,0.5183,0.6589,0.9421
0.8511,0.4878,0.6202,0.9136
0.8723,0.519,0.6508,0.9233
0.8723,0.5616,0.6833,0.9345
0.8191,0.44,0.5725,0.8979
0.8723,0.529,0.6586,0.9346
0.8817,0.519,0.6534,0.9324
0.8602,0.5,0.6324,0.9054
0.8817,0.519,0.6534,0.9274
0.871,0.4765,0.616,0.9204
0.9362,0.5333,0.6795,0.9407
0.8191,0.5033,0.6235,0.9237
0.9043,0.5556,0.6883,0.9412
0.7766,0.4679,0.584,0.8781
0.9255,0.5506,0.6905,0.9506
0.8723,0.5157,0.6482,0.9242
0.7742,0.4865,0.5975,0.8876
0.871,0.488,0.6255,0.9242
0.8925,0.497,0.6385,0.9199
0.9032,0.5753,0.7029,0.9504
0.8191,0.531,0.6444,0.915
0.883,0.522,0.6561,0.9103
0.8298,0.4727,0.6023,0.9024
0.9149,0.5375,0.6772,0.9366
0.883,0.5188,0.6535,0.9205
0.8511,0.5195,0.6452,0.9124
0.9149,0.5181,0.6615,0.9237
0.9362,0.5535,0.6957,0.9531
0.8723,0.5,0.6357,0.9234
0.7872,0.4625,0.5827,0.8947
0.8817,0.5031,0.6406,0.9231
0.957,0.5742,0.7177,0.9529
0.8602,0.5229,0.6504,0.9202
0.914,0.5484,0.6855,0.9356
0.8617,0.5473,0.6694,0.9294
0.9362,0.5432,0.6875,0.9459
0.8172,0.5241,0.6387,0.9134
0.8925,0.5,0.6409,0.9278
0.7849,0.4771,0.5935,0.8865
0.8172,0.4841,0.608,0.9053
0.8511,0.5161,0.6426,0.9268
0.7447,0.4965,0.5957,0.8884
0.8298,0.4561,0.5887,0.8889
0.9362,0.5828,0.7184,0.9526
0.8404,0.5064,0.632,0.9177
0.8723,0.5578,0.6805,0.9313
0.8925,0.5061,0.6459,0.9205
0.828,0.5203,0.639,0.9021
0.8925,0.4637,0.6103,0.921
0.8065,0.4967,0.6148,0.9137
0.883,0.4854,0.6264,0.9211
0.9149,0.4971,0.6442,0.9271
0.9255,0.5506,0.6905,0.9494
0.8617,0.5062,0.6378,0.9112
0.883,0.5425,0.6721,0.922
0.8617,0.5094,0.6403,0.9234
0.8925,0.5253,0.6614,0.9369
0.871,0.5062,0.6403,0.917
0.914,0.6028,0.7265,0.9522
0.8602,0.5517,0.6723,0.9211
0.8936,0.5091,0.6486,0.9269
0.8723,0.519,0.6508,0.9187
0.8936,0.5185,0.6563,0.9345
0.8298,0.4785,0.607,0.9122
0.8085,0.4903,0.6104,0.8975
0.8936,0.525,0.6614,0.9304
0.828,0.5099,0.6311,0.9252
0.871,0.5436,0.6694,0.936
0.8387,0.4699,0.6023,0.8886
0.8172,0.5278,0.6414,0.9222
0.8617,0.5127,0.6429,0.9132
0.734,0.4792,0.5798,0.8632
0.8723,0.497,0.6332,0.918
0.9255,0.5148,0.6616,0.9388
0.8723,0.5093,0.6431,0.9336
0.8723,0.5157,0.6482,0.9296
0.8817,0.5062,0.6431,0.9053
0.8925,0.5123,0.651,0.92
0.8817,0.5325,0.664,0.9299
0.871,0.5364,0.6639,0.9155
0.883,0.5061,0.6434,0.9259
0.8298,0.5098,0.6316,0.8992
0.9043,0.5484,0.6827,0.933
0.8723,0.5467,0.6721,0.9287
0.8723,0.4852,0.6236,0.9234
0.883,0.539,0.6694,0.9376
0.8925,0.5724,0.6975,0.9347
0.8817,0.5062,0.6431,0.9222
0.8495,0.5064,0.6345,0.9158
0.9032,0.4615,0.6109,0.9166
0.8404,0.4847,0.6148,0.9217
0.8511,0.4969,0.6275,0.9122
0.8298,0.4906,0.6166,0.9135
0.8617,0.4939,0.6279,0.9119
0.9468,0.5427,0.6899,0.9543
0.9149,0.5119,0.6565,0.9336
0.871,0.5,0.6353,0.9228
0.9462,0.5301,0.6795,0.9525
0.8817,0.494,0.6332,0.9237
0.7742,0.5333,0.6316,0.8858
0.8723,0.5467,0.6721,0.9264
0.8298,0.4483,0.5821,0.8863
0.8617,0.5094,0.6403,0.9089
0.883,0.494,0.6336,0.9343
0.9255,0.5029,0.6517,0.9331
0.8511,0.4819,0.6154,0.9046
0.8617,0.526,0.6532,0.9235
0.8511,0.5031,0.6324,0.9272
0.9149,0.5443,0.6825,0.9508
0.8617,0.5062,0.6378,0.9104
0.828,0.4873,0.6135,0.8923
0.8602,0.5298,0.6557,0.9165
0.871,0.5625,0.6835,0.934
0.7957,0.5034,0.6167,0.8979
0.883,0.5425,0.6721,0.9405
0.9255,0.4971,0.6468,0.9269
0.828,0.4451,0.5789,0.8988
0.828,0.5203,0.639,0.9078
0.9032,0.5153,0.6563,0.9285
0.8172,0.4903,0.6129,0.9231
0.8511,0.5063,0.6349,0.9068
0.8511,0.5263,0.6504,0.9196
0.8511,0.4969,0.6275,0.9089
0.9043,0.5484,0.6827,0.9361
0.8085,0.5101,0.6255,0.9075
0.8936,0.5316,0.6667,0.94
0.8387,0.5306,0.65,0.9123
0.871,0.5,0.6353,0.9225
0.871,0.4821,0.6207,0.9251
0.828,0.5423,0.6553,0.9129
0.883,0.503,0.6409,0.914
0.8723,0.5157,0.6482,0.9113
0.883,0.5123,0.6484,0.9256
0.8936,0.5091,0.6486,0.9218
0.8936,0.5563,0.6857,0.9338
0.9043,0.528,0.6667,0.9478
0.9032,0.4615,0.6109,0.9182
0.828,0.5133,0.6337,0.9026
0.8602,0.5031,0.6349,0.9212
0.8172,0.5033,0.623,0.909
0.883,0.4798,0.6217,0.9144
0.8936,0.503,0.6437,0.9276
0.8723,0.5093,0.6431,0.9213
0.8936,0.535,0.6693,0.9277
0.8723,0.5,0.6357,0.9227
0.8404,0.5232,0.6449,0.9155
0.9032,0.5283,0.6667,0.9353
0.8602,0.4938,0.6275,0.9018
0.8925,0.5425,0.6748,0.9315
0.8925,0.5253,0.6614,0.9337
0.8404,0.4847,0.6148,0.9101
0.8617,0.5329,0.6585,0.918
0.8404,0.5032,0.6295,0.9027
0.9043,0.506,0.6489,0.9329
0.8723,0.494,0.6308,0.91
0.9255,0.4628,0.617,0.9224
0.9355,0.5179,0.6667,0.9471
0.8925,0.5155,0.6535,0.9263
0.8602,0.5298,0.6557,0.9216
0.7742,0.4645,0.5806,0.8975
0.8723,0.491,0.6284,0.9109
0.883,0.539,0.6694,0.9228
0.8723,0.5157,0.6482,0.9286
0.8298,0.5,0.624,0.9141
0.8936,0.4855,0.6292,0.9137
0.8723,0.5157,0.6482,0.9191
0.8602,0.4908,0.625,0.9168
0.8602,0.5161,0.6452,0.9231
0.8925,0.5188,0.6561,0.9258
0.8817,0.5062,0.6431,0.9174
0.8511,0.5298,0.6531,0.9207
0.9149,0.5,0.6466,0.9438
0.9149,0.5029,0.6491,0.943
0.8404,0.5097,0.6345,0.9297
0.8511,0.5128,0.64,0.9178
0.883,0.5533,0.6803,0.9344
0.8817,0.5256,0.6586,0.9053
0.7957,0.4654,0.5873,0.891
0.871,0.5031,0.6378,0.9199
0.7957,0.4774,0.5968,0.875
0.8723,0.5256,0.656,0.9252
0.8936,0.549,0.6802,0.9411
0.8511,0.4969,0.6275,0.9145
0.9043,0.4942,0.6391,0.9349
0.8723,0.5578,0.6805,0.9164
0.8085,0.5101,0.6255,0.9168
0.8723,0.5157,0.6482,0.9203
0.7447,0.4667,0.5738,0.8848
0.8404,0.5032,0.6295,0.8947
0.8298,0.4937,0.619,0.9029
0.8817,0.5223,0.656,0.9281
0.9032,0.5419,0.6774,0.9463
0.8817,0.5093,0.6457,0.9141
0.914,0.528,0.6693,0.9346
0.9255,0.6084,0.7342,0.939
0.9149,0.5089,0.654,0.9315
0.8172,0.5101,0.6281,0.9085
0.8172,0.5468,0.6552,0.9262
0.914,0.509,0.6538,0.9437
0.8817,0.5223,0.656,0.9321
0.8191,0.4556,0.5856,0.8834
0.8723,0.4881,0.626,0.9197
0.8723,0.5816,0.6979,0.921
0.7979,0.4839,0.6024,0.889
0.8617,0.5473,0.6694,0.9121
0.8191,0.4813,0.6063,0.8924
0.9032,0.4746,0.6222,0.903
0.871,0.4602,0.6022,0.9105
0.8817,0.5,0.6381,0.9196
0.9355,0.5029,0.6541,0.9371
0.9149,0.5478,0.6853,0.949
0.8511,0.5,0.6299,0.9061
0.8191,0.5274,0.6417,0.9198
0.8511,0.5031,0.6324,0.9261
0.8617,0.54,0.6639,0.9175
0.9043,0.503,0.6464,0.9463
0.871,0.5226,0.6532,0.9142
0.828,0.5066,0.6286,0.9294
0.914,0.5705,0.7025,0.9261
0.8817,0.4767,0.6189,0.9164
0.8936,0.4615,0.6087,0.9043
0.8723,0.5256,0.656,0.9045
0.8723,0.5359,0.664,0.941
0.7979,0.487,0.6048,0.899
0.9468,0.5427,0.6899,0.9375
0.8936,0.497,0.6388,0.9199
0.8495,0.513,0.6397,0.9121
0.8925,0.5646,0.6917,0.9374
0.914,0.5519,0.6883,0.9485
0.8602,0.4969,0.6299,0.9145
0.8617,0.4765,0.6136,0.9213
0.8936,0.4693,0.6154,0.9322
0.8511,0.4848,0.6178,0.9237
0.8191,0.4904,0.6135,0.9123
0.8298,0.5,0.624,0.9122
0.9043,0.538,0.6746,0.933
0.8817,0.5223,0.656,0.9255
0.8387,0.4906,0.619,0.8851
0.8387,0.5455,0.661,0.9329
0.8387,0.4906,0.619,0.8923
0.8936,0.48,0.6245,0.9204
0.8936,0.5714,0.6971,0.9408
0.8404,0.5,0.627,0.8976
0.8723,0.4852,0.6236,0.9129
0.8936,0.5714,0.6971,0.9415
0.8723,0.4633,0.6052,0.9071
0.8925,0.5061,0.6459,0.9291
0.828,0.5033,0.626,0.9043
0.8495,0.5302,0.6529,0.9269
0.7527,0.4605,0.5714,0.8871
0.9043,0.5449,0.68,0.9361
0.9149,0.5621,0.6964,0.9441
0.8298,0.4968,0.6215,0.9254
0.8723,0.529,0.6586,0.9255
0.7979,0.5639,0.6608,0.9088
0.9149,0.5443,0.6825,0.9394
0.8936,0.5122,0.6512,0.9205
0.883,0.5155,0.651,0.933
0.8617,0.5031,0.6353,0.9086
0.766,0.5143,0.6154,0.8945
0.9247,0.4943,0.6442,0.9304
0.9032,0.506,0.6486,0.9444
0.8925,0.5287,0.664,0.9283
0.8172,0.5135,0.6307,0.9061
0.8617,0.551,0.6722,0.9264
0.8936,0.525,0.6614,0.9254
0.8065,0.4777,0.6,0.8801
0.8817,0.4713,0.6142,0.9125
0.8925,0.5123,0.651,0.9296
0.914,0.509,0.6538,0.9362
0.8723,0.543,0.6694,0.9203
0.9043,0.4885,0.6343,0.9233
0.883,0.557,0.6831,0.9438
0.8298,0.4756,0.6047,0.9079
0.8617,0.5094,0.6403,0.919
0.8617,0.5159,0.6454,0.9274
0.8817,0.5,0.6381,0.9182
0.9355,0.5305,0.677,0.9423
0.8495,0.5197,0.6449,0.9338
0.9355,0.5437,0.6877,0.9444
0.9149,0.5375,0.6772,0.9282
0.8511,0.5128,0.64,0.9117
0.8511,0.4762,0.6107,0.9196
0.8723,0.4505,0.5942,0.9195
0.8404,0.4647,0.5985,0.8674
0.8723,0.4795,0.6189,0.9122
0.8495,0.4731,0.6077,0.9008
0.8925,0.5061,0.6459,0.9247
0.828,0.5203,0.639,0.9157
0.8817,0.4824,0.6236,0.9029
0.8511,0.4908,0.6226,0.915
0.8617,0.5912,0.7013,0.9382
0.9043,0.5449,0.68,0.9435
0.8617,0.4821,0.6183,0.932
0.8723,0.5031,0.6381,0.9315
0.8085,0.4471,0.5758,0.885
0.9247,0.5119,0.659,0.9483
0.8817,0.519,0.6534,0.9195
0.8495,0.4731,0.6077,0.9023
0.8387,0.5235,0.6446,0.9085
0.8936,0.549,0.6802,0.9248
0.8723,0.5223,0.6534,0.9166
0.883,0.5,0.6385,0.9239
0.8723,0.529,0.6586,0.9239
0.8617,0.5294,0.6559,0.9259
0.7872,0.4713,0.5896,0.8891
0.8065,0.5068,0.6224,0.8944
0.8602,0.5128,0.6426,0.9337
0.8602,0.5096,0.64,0.9129
0.8602,0.5128,0.6426,0.9077
0.8085,0.4663,0.5914,0.896
0.9043,0.5215,0.6615,0.9397
0.8723,0.5157,0.6482,0.9215
0.9043,0.5183,0.6589,0.9383
0.8936,0.5316,0.6667,0.9178
0.8511,0.5556,0.6723,0.9257
0.9462,0.5535,0.6984,0.9541
0.8925,0.5461,0.6776,0.9037
0.871,0.54,0.6667,0.9315
0.9032,0.5526,0.6857,0.9311
0.9149,0.4725,0.6232,0.9327
0.8936,0.506,0.6462,0.9249
0.8511,0.5405,0.6612,0.8995
0.8085,0.4872,0.608,0.8807
0.8936,0.5185,0.6563,0.9163
0.883,0.5287,0.6614,0.9439
0.7957,0.4868,0.6041,0.893
0.8387,0.5,0.6265,0.9003
0.914,0.5556,0.6911,0.9277
0.8817,0.4767,0.6189,0.9072
0.8404,0.5197,0.6423,0.9186
0.8298,0.5306,0.6473,0.9089
0.8298,0.5778,0.6812,0.923
0.8298,0.5455,0.6582,0.9104
0.8511,0.4819,0.6154,0.8997
0.9255,0.5541,0.6932,0.933
0.9247,0.5375,0.6798,0.9363
0.8602,0.5442,0.6667,0.92
0.9355,0.5273,0.6744,0.9491
0.8602,0.5333,0.6584,0.9412
0.9468,0.5057,0.6593,0.9317
0.8085,0.4663,0.5914,0.8975
0.9043,0.5414,0.6773,0.9277
0.8617,0.5127,0.6429,0.9126
0.8936,0.5185,0.6563,0.9257
0.8404,0.5197,0.6423,0.9373
0.9032,0.5316,0.6693,0.9343
0.8065,0.4747,0.5976,0.8962
0.8925,0.4798,0.6241,0.9152
0.871,0.4709,0.6113,0.91
0.8617,0.5031,0.6353,0.9052
0.9149,0.4943,0.6418,0.9261
0.8404,0.5232,0.6449,0.9143
0.8511,0.5517,0.6695,0.9305
0.8936,0.5455,0.6774,0.9295
0.883,0.5425,0.6721,0.9327
0.8617,0.5062,0.6378,0.9352
0.8191,0.4611,0.59,0.8765
0.883,0.5929,0.7094,0.9476
0.8936,0.506,0.6462,0.9263
0.8387,0.5098,0.6341,0.9045
0.957,0.5057,0.6617,0.9325
0.871,0.4793,0.6183,0.9275
0.828,0.5662,0.6725,0.8994
0.8085,0.5278,0.6387,0.9011
0.8191,0.4968,0.6185,0.9033
0.871,0.526,0.6559,0.9416
0.8602,0.4734,0.6107,0.9097
0.9462,0.5116,0.6642,0.9531
0.8602,0.5229,0.6504,0.9176
0.8298,0.5417,0.6555,0.9138
0.9043,0.538,0.6746,0.9373
0.9574,0.5455,0.695,0.9573
0.8723,0.4432,0.5878,0.8974
0.8617,0.488,0.6231,0.9209
0.8723,0.5256,0.656,0.9275
0.8172,0.4872,0.6104,0.8895
0.8387,0.5065,0.6316,0.905
0.8387,0.4815,0.6118,0.9254
0.871,0.5436,0.6694,0.9269
0.8298,0.4561,0.5887,0.9023
0.8617,0.5159,0.6454,0.9405
0.883,0.5123,0.6484,0.9318
0.8936,0.5122,0.6512,0.9186
0.8936,0.4746,0.6199,0.9162
0.9255,0.5029,0.6517,0.9339
0.8172,0.4872,0.6104,0.8952
0.8602,0.5442,0.6667,0.9229
0.8172,0.5429,0.6524,0.8879
0.9032,0.5455,0.6802,0.9425
0.8936,0.5283,0.664,0.9127
0.9362,0.5207,0.6692,0.9263
0.8511,0.5063,0.6349,0.9287
0.8511,0.5263,0.6504,0.9159
0.8404,0.5032,0.6295,0.9258
0.8936,0.5153,0.6537,0.9204
0.8404,0.4877,0.6172,0.9082
0.8617,0.551,0.6722,0.9217
0.8511,0.4908,0.6226,0.9251
0.8511,0.4969,0.6275,0.9153
0.871,0.5062,0.6403,0.9258
0.8925,0.5061,0.6459,0.9186
0.8387,0.5132,0.6367,0.9134
0.8602,0.5195,0.6478,0.9192
0.8936,0.4855,0.6292,0.9301
0.8936,0.4719,0.6176,0.9259
0.7553,0.5145,0.6121,0.8946
0.7872,0.4933,0.6066,0.8934
0.8298,0.6,0.6964,0.9337
0.9043,0.5247,0.6641,0.9168
0.8817,0.5578,0.6833,0.9302
0.8495,0.5163,0.6423,0.9137
0.9247,0.4914,0.6418,0.9409
0.8387,0.52,0.642,0.914
0.8936,0.4773,0.6222,0.9179
0.883,0.5497,0.6776,0.9276
0.8925,0.497,0.6385,0.9246
0.8817,0.5359,0.6667,0.9233
0.8817,0.5157,0.6508,0.9304
0.828,0.4968,0.621,0.9064
0.7979,0.487,0.6048,0.9003
0.8617,0.4737,0.6113,0.8959
0.9149,0.5244,0.6667,0.9204
0.8191,0.5347,0.6471,0.9016
0.9149,0.5478,0.6853,0.9362
0.9043,0.5215,0.6615,0.9171
0.871,0.5294,0.6585,0.9238
0.8602,0.5,0.6324,0.9267
0.914,0.5247,0.6667,0.9176
0.8817,0.5125,0.6482,0.9303
0.8085,0.5067,0.623,0.9061
0.8936,0.4719,0.6176,0.9223
0.8936,0.4884,0.6316,0.9367
0.8511,0.5556,0.6723,0.9069
0.8936,0.5833,0.7059,0.9437
0.8404,0.4877,0.6172,0.9255
0.7872,0.4805,0.5968,0.9061
0.8085,0.4872,0.608,0.8929
0.8723,0.5031,0.6381,0.931
0.9149,0.5276,0.6693,0.9353
0.8495,0.4969,0.627,0.9352
0.9032,0.4941,0.6388,0.9045
0.8602,0.5195,0.6478,0.9001
0.8387,0.5417,0.6582,0.9058
0.9255,0.478,0.6304,0.9367
0.8298,0.5032,0.6265,0.8964
0.8617,0.488,0.6231,0.9116
0.8404,0.4731,0.6054,0.905
0.8723,0.529,0.6586,0.9318
0.8404,0.5,0.627,0.912
0.8817,0.5467,0.6749,0.9303
0.828,0.5066,0.6286,0.9036
0.8817,0.5775,0.6979,0.9423
0.7957,0.5175,0.6271,0.8986
0.8617,0.5159,0.6454,0.9207
0.9149,0.4886,0.637,0.9258
0.8065,0.4386,0.5682,0.8921
0.8495,0.5,0.6295,0.9193
0.8172,0.5033,0.623,0.9045
0.8495,0.4969,0.627,0.9096
0.8511,0.5714,0.6838,0.9354
0.9255,0.5029,0.6517,0.9281
0.8617,0.5,0.6328,0.9073
0.8404,0.4702,0.6031,0.897
0.8511,0.5128,0.64,0.8998
0.8617,0.5192,0.648,0.9222
0.8602,0.4819,0.6178,0.9278
0.8602,0.5161,0.6452,0.9249
0.871,0.4969,0.6328,0.9273
0.8602,0.5229,0.6504,0.9094
0.883,0.5425,0.6721,0.9202
0.883,0.5608,0.686,0.9228
0.8404,0.4938,0.622,0.9144
0.9043,0.506,0.6489,0.9261
0.8191,0.4783,0.6039,0.9001
0.7979,0.5435,0.6466,0.9056
0.8817,0.497,0.6357,0.9065
0.8495,0.4817,0.6148,0.9031
0.8925,0.5061,0.6459,0.9219
0.9247,0.5375,0.6798,0.9433
0.8298,0.5379,0.6527,0.9347
0.7979,0.4839,0.6024,0.8953
0.883,0.4911,0.6312,0.9185
0.8404,0.513,0.6371,0.9018
0.8511,0.5333,0.6557,0.9142
0.8085,0.5315,0.6414,0.9117
0.8602,0.4571,0.597,0.9025
0.8925,0.494,0.636,0.9437
0.9032,0.5217,0.6614,0.9373
0.9032,0.4941,0.6388,0.9365
0.883,0.5061,0.6434,0.9207
0.8723,0.494,0.6308,0.9209
0.8723,0.5503,0.6749,0.9334
0.8617,0.5127,0.6429,0.9177
0.8404,0.5524,0.6667,0.917
0.883,0.5685,0.6917,0.9247
0.8817,0.5578,0.6833,0.9369
0.914,0.5519,0.6883,0.9344
0.8387,0.4937,0.6215,0.9174
0.8925,0.5092,0.6484,0.9336
0.8936,0.5153,0.6537,0.9198
0.8298,0.5065,0.629,0.9178
0.8404,0.4759,0.6077,0.9016
0.766,0.5143,0.6154,0.9019
0.9149,0.5,0.6466,0.9174
0.8191,0.5274,0.6417,0.9179
0.8085,0.472,0.5961,0.8967
0.8617,0.4682,0.6067,0.9062
0.8298,0.5455,0.6582,0.9282
0.8511,0.479,0.613,0.9111
0.8495,0.5032,0.632,0.9096
0.8495,0.5,0.6295,0.9174
0.8172,0.5067,0.6255,0.8964
0.8172,0.517,0.6333,0.9173
0.8511,0.4878,0.6202,0.908
0.9149,0.5059,0.6515,0.9382
0.8387,0.4937,0.6215,0.8976
0.8925,0.6194,0.7313,0.9501
0.8495,0.5032,0.632,0.91
0.9032,0.4941,0.6388,0.9152
0.8191,0.4904,0.6135,0.9194
0.9149,0.5513,0.688,0.943
0.8723,0.491,0.6284,0.9308
0.8723,0.5223,0.6534,0.9184
0.8936,0.525,0.6614,0.9274
0.8511,0.5333,0.6557,0.9098
0.8602,0.5517,0.6723,0.9351
0.8387,0.5166,0.6393,0.9294
0.8495,0.5163,0.6423,0.9201
0.8602,0.5479,0.6695,0.9264
0.8723,0.5031,0.6381,0.9113
0.8723,0.4686,0.6097,0.9089
0.8617,0.5,0.6328,0.9256
0.8936,0.4667,0.6131,0.9244
0.8617,0.488,0.6231,0.9224
0.8191,0.4813,0.6063,0.9016
0.8925,0.5253,0.6614,0.9499
0.8925,0.5321,0.6667,0.9272
0.9032,0.5753,0.7029,0.9491
0.8925,0.4716,0.6171,0.9066
0.8617,0.5294,0.6559,0.9216
0.8617,0.5127,0.6429,0.9068
0.8511,0.4598,0.597,0.9144
0.8298,0.4815,0.6094,0.8997
0.8404,0.5338,0.6529,0.9284
0.7872,0.4868,0.6016,0.889
0.914,0.4696,0.6204,0.9137
0.914,0.4595,0.6115,0.9092
0.8817,0.529,0.6613,0.9328
0.8172,0.4967,0.6179,0.8957
0.8511,0.4969,0.6275,0.9233
0.9149,0.5548,0.6908,0.9397
0.8723,0.5223,0.6534,0.9222
0.8723,0.529,0.6586,0.9265
0.9043,0.4913,0.6367,0.9333
0.883,0.5533,0.6803,0.9341
0.8602,0.5229,0.6504,0.9151
0.828,0.4813,0.6087,0.9016
0.8495,0.5032,0.632,0.9195
0.9032,0.5122,0.6537,0.9403
0.8511,0.4908,0.6226,0.9047
0.8511,0.5263,0.6504,0.9195
0.9149,0.5181,0.6615,0.9192
0.8617,0.4939,0.6279,0.9008
0.9043,0.483,0.6296,0.9225
0.9149,0.5513,0.688,0.9379
0.8495,0.5302,0.6529,0.9217
0.8925,0.5188,0.6561,0.9254
0.8602,0.4938,0.6275,0.9165
0.871,0.5159,0.648,0.9142
0.8298,0.4875,0.6142,0.8876
0.8511,0.4848,0.6178,0.9113
0.8511,0.5926,0.6987,0.9318
0.883,0.5253,0.6587,0.9322
0.9574,0.4945,0.6522,0.9225
0.8191,0.554,0.6609,0.9185
0.9032,0.5122,0.6537,0.9171
0.828,0.5033,0.626,0.9062
0.8817,0.5395,0.6694,0.9314
0.914,0.5556,0.6911,0.9482
0.9043,0.5629,0.6939,0.9514
0.883,0.494,0.6336,0.9231
0.8298,0.4906,0.6166,0.9074
0.8085,0.5033,0.6204,0.9127
0.883,0.4689,0.6125,0.9194
0.8511,0.4848,0.6178,0.9073
0.9462,0.5087,0.6617,0.9475
0.828,0.5238,0.6417,0.9068
0.8602,0.5479,0.6695,0.9234
0.9462,0.5301,0.6795,0.9416
0.8511,0.479,0.613,0.908
0.8723,0.5256,0.656,0.9187
0.883,0.557,0.6831,0.9269
0.8617,0.5094,0.6403,0.9159
0.8723,0.5359,0.664,0.9248
0.883,0.5188,0.6535,0.9168
0.8602,0.5031,0.6349,0.9202
0.8925,0.539,0.6721,0.9301
0.8925,0.522,0.6587,0.9328
0.871,0.5294,0.6585,0.9061
0.8723,0.4556,0.5985,0.9098
0.8723,0.5125,0.6457,0.9385
0.8298,0.5,0.624,0.8988
0.7872,0.4654,0.585,0.8943
0.9043,0.5414,0.6773,0.9327
0.8723,0.4581,0.6007,0.9086
0.8495,0.454,0.5918,0.9088
0.8387,0.6047,0.7027,0.927
0.8925,0.4911,0.6336,0.919
0.8495,0.5064,0.6345,0.9038
0.8617,0.4682,0.6067,0.9229
0.8511,0.5,0.6299,0.9107
0.8617,0.4969,0.6304,0.9017
0.9043,0.5629,0.6939,0.9352
0.9043,0.5414,0.6773,0.9254
0.8511,0.5556,0.6723,0.918
0.8495,0.5267,0.6502,0.93
0.7957,0.5481,0.6491,0.8996
0.8495,0.513,0.6397,0.911
0.8495,0.5032,0.632,0.9033
0.9255,0.5404,0.6824,0.943
0.9468,0.5394,0.6873,0.9539
0.7979,0.5172,0.6276,0.9147
0.8511,0.4969,0.6275,0.9132
0.9043,0.4722,0.6204,0.9303
0.883,0.5061,0.6434,0.9296
0.8298,0.4906,0.6166,0.9129
0.8511,0.5128,0.64,0.9028
0.8404,0.4731,0.6054,0.9055
0.8936,0.6043,0.721,0.9376
0.8925,0.5321,0.6667,0.9194
0.8387,0.52,0.642,0.937
0.828,0.5066,0.6286,0.8857
0.8925,0.5355,0.6694,0.914
0.9043,0.512,0.6538,0.922
0.9043,0.4696,0.6182,0.907
0.8387,0.4875,0.6166,0.9077
0.871,0.5226,0.6532,0.9297
0.8387,0.4588,0.5932,0.8942
0.8495,0.4847,0.6172,0.9147
0.883,0.494,0.6336,0.9149
0.8723,0.5125,0.6457,0.9155
0.8617,0.5436,0.6667,0.9039
0.7872,0.5034,0.6141,0.909
0.8511,0.479,0.613,0.9124
0.8723,0.491,0.6284,0.938
0.8602,0.5063,0.6375,0.9067
0.871,0.4765,0.616,0.9148
0.828,0.4477,0.5811,0.9061
0.7742,0.4417,0.5625,0.8844
0.8617,0.4909,0.6255,0.9289
0.8191,0.5662,0.6696,0.9277
0.8723,0.5223,0.6534,0.9345
0.9574,0.5357,0.687,0.9528
0.8617,0.5127,0.6429,0.9181
0.8511,0.5096,0.6375,0.9129
0.9247,0.5478,0.688,0.9398
0.871,0.5062,0.6403,0.9439
0.9032,0.5091,0.6512,0.9296
0.8925,0.5287,0.664,0.9281
0.9255,0.5649,0.7016,0.9356
0.8298,0.5065,0.629,0.9241
0.8936,0.4884,0.6316,0.9036
0.8617,0.4709,0.609,0.9124
0.8617,0.488,0.6231,0.9123
0.9255,0.5273,0.6718,0.9426
0.8925,0.477,0.6217,0.9138
0.914,0.5152,0.6589,0.9189
0.7097,0.4314,0.5366,0.8549
0.8172,0.5588,0.6638,0.9054
0.883,0.5287,0.6614,0.9315
0.9681,0.523,0.6791,0.9538
0.8511,0.5405,0.6612,0.9165
0.8617,0.5,0.6328,0.9109
0.8936,0.5316,0.6667,0.9414
0.9362,0.5641,0.704,0.945
0.8817,0.5223,0.656,0.918
0.828,0.4783,0.6063,0.917
0.8602,0.452,0.5926,0.9033
0.914,0.509,0.6538,0.9254
0.8617,0.4939,0.6279,0.9142
0.883,0.5425,0.6721,0.9164
0.883,0.5123,0.6484,0.9203
0.8723,0.5157,0.6482,0.8958
0.8404,0.5524,0.6667,0.9175
0.883,0.4689,0.6125,0.896
0.9032,0.5217,0.6614,0.9352
0.9247,0.5029,0.6515,0.9268
0.8495,0.4702,0.6054,0.9106
0.8495,0.4969,0.627,0.9078
0.8191,0.5274,0.6417,0.9101
0.9574,0.604,0.7407,0.9662
0.8617,0.5473,0.6694,0.909
0.8404,0.5603,0.6723,0.9307
0.8723,0.474,0.6142,0.9129
0.9362,0.5432,0.6875,0.9489
0.8495,0.5032,0.632,0.9178
0.8925,0.5724,0.6975,0.9417
0.8065,0.4237,0.5556,0.8714
0.8925,0.5253,0.6614,0.9328
0.8936,0.4912,0.634,0.9093
0.8511,0.5031,0.6324,0.92
0.8936,0.506,0.6462,0.936
0.8723,0.5325,0.6613,0.9275
0.7872,0.5139,0.6218,0.9142
0.8511,0.5,0.6299,0.9138
0.9247,0.4831,0.6347,0.9342
0.8925,0.4637,0.6103,0.9158
0.8602,0.5031,0.6349,0.9106
0.8065,0.4967,0.6148,0.8927
0.7979,0.4777,0.5976,0.8956
0.8511,0.4908,0.6226,0.919
0.8298,0.5379,0.6527,0.925
0.7872,0.5401,0.6407,0.8915
0.8511,0.5031,0.6324,0.9025
0.9043,0.512,0.6538,0.9278
0.7849,0.4451,0.5681,0.8677
0.8172,0.5033,0.623,0.9101
0.9032,0.535,0.672,0.9421
0.8602,0.5594,0.678,0.9227
0.8511,0.5479,0.6667,0.9139
0.883,0.5646,0.6888,0.9347
0.8617,0.5062,0.6378,0.8991
0.9362,0.4889,0.6423,0.9373
0.8617,0.5586,0.6778,0.9319
0.8191,0.4753,0.6016,0.9017
0.8298,0.4727,0.6023,0.8993
0.8511,0.5128,0.64,0.9222
0.8936,0.5217,0.6588,0.9386
0.8723,0.4824,0.6212,0.8989
0.8925,0.5155,0.6535,0.9265
0.9355,0.5088,0.6591,0.9481
0.8495,0.5232,0.6475,0.9237
0.828,0.5238,0.6417,0.9014
0.9362,0.5867,0.7213,0.9464
0.8617,0.4969,0.6304,0.9017
0.8172,0.5241,0.6387,0.9123
0.914,0.5743,0.7054,0.9466
0.8495,0.5448,0.6639,0.9351
0.8925,0.4882,0.6312,0.9233
0.8404,0.5064,0.632,0.9064
0.9149,0.5443,0.6825,0.9468
0.8191,0.5066,0.626,0.9096
0.883,0.5,0.6385,0.9235
0.8404,0.5197,0.6423,0.9097
0.883,0.5092,0.6459,0.9201
0.9032,0.4884,0.634,0.9202
0.8387,0.4845,0.6142,0.8857
0.871,0.5786,0.6953,0.9404
0.8817,0.4852,0.626,0.9203
0.8298,0.4815,0.6094,0.9151
0.9255,0.5179,0.6641,0.9288
0.8617,0.5,0.6328,0.9126
0.8511,0.5405,0.6612,0.9288
0.8936,0.5185,0.6563,0.9296
0.9149,0.5478,0.6853,0.9467
0.8085,0.4935,0.6129,0.9205
0.883,0.5123,0.6484,0.9196
0.9043,0.4942,0.6391,0.9118
0.883,0.503,0.6409,0.921
0.9247,0.5409,0.6825,0.9399
0.8925,0.5724,0.6975,0.9393
0.8065,0.4335,0.5639,0.8838
0.8925,0.5425,0.6748,0.9184
