RUSBag
0.9091,0.3896,0.5455,0.8766
0.6667,0.3385,0.449,0.7997
0.7576,0.3623,0.4902,0.8265
0.7273,0.3692,0.4898,0.8194
0.7576,0.3968,0.5208,0.8803
0.7353,0.3788,0.5,0.8438
0.8824,0.4225,0.5714,0.8771
0.7647,0.3662,0.4952,0.786
0.7879,0.4063,0.5361,0.8316
0.8788,0.5,0.6374,0.902
0.7059,0.4068,0.5161,0.8424
0.7647,0.5,0.6047,0.8437
0.8824,0.4286,0.5769,0.8747
0.7273,0.375,0.4948,0.7936
0.8182,0.4219,0.5567,0.8856
0.8485,0.3636,0.5091,0.8182
0.8485,0.4118,0.5545,0.866
0.8182,0.3971,0.5347,0.8248
0.8182,0.3857,0.5243,0.8509
0.7273,0.3582,0.48,0.8072
0.7273,0.3871,0.5053,0.8284
0.7879,0.4127,0.5417,0.8356
0.8485,0.4058,0.549,0.8452
0.7576,0.3846,0.5102,0.7957
0.7273,0.3478,0.4706,0.8213
0.7353,0.4032,0.5208,0.8278
0.7647,0.4127,0.5361,0.8498
0.7941,0.403,0.5347,0.8247
0.7879,0.3881,0.52,0.8354
0.9091,0.4688,0.6186,0.891
0.8182,0.403,0.54,0.862
0.8182,0.3803,0.5192,0.8496
0.8485,0.4308,0.5714,0.8756
0.8485,0.3944,0.5385,0.8463
0.8485,0.4058,0.549,0.8615
0.7647,0.3611,0.4906,0.8077
0.7941,0.4909,0.6067,0.8939
0.6765,0.4259,0.5227,0.8354
0.7879,0.3824,0.5149,0.7915
0.8182,0.4091,0.5455,0.8492
0.8485,0.4308,0.5714,0.8856
0.9091,0.4412,0.5941,0.9076
0.7273,0.3636,0.4848,0.7985
0.8788,0.4143,0.5631,0.8392
0.697,0.377,0.4894,0.8249
0.8235,0.4746,0.6022,0.8626
0.7647,0.4127,0.5361,0.8653
0.7941,0.4154,0.5455,0.8686
0.8788,0.3333,0.4833,0.831
0.7273,0.375,0.4948,0.8147
0.6667,0.44,0.5301,0.8149
0.8485,0.459,0.5957,0.8936
0.8788,0.3867,0.537,0.8785
0.8485,0.4667,0.6022,0.8734
0.7879,0.3611,0.4952,0.8032
0.7353,0.3788,0.5,0.8037
0.8235,0.4375,0.5714,0.8542
0.8235,0.459,0.5895,0.8762
0.7879,0.3562,0.4906,0.8053
0.7576,0.3788,0.5051,0.8341
0.697,0.4259,0.5287,0.8795
0.7576,0.3731,0.5,0.8044
0.8788,0.3625,0.5133,0.8489
0.7576,0.4386,0.5556,0.8254
0.8182,0.4355,0.5684,0.8652
0.7647,0.3881,0.5149,0.8321
0.9412,0.4638,0.6214,0.9035
0.7059,0.3529,0.4706,0.7994
0.8182,0.4821,0.6067,0.8742
0.6667,0.4,0.5,0.8122
0.9091,0.3947,0.5505,0.9149
0.8788,0.4203,0.5686,0.8592
0.8182,0.3857,0.5243,0.863
0.6667,0.3929,0.4944,0.7929
0.697,0.377,0.4894,0.8182
0.7059,0.4286,0.5333,0.8237
0.8529,0.4265,0.5686,0.876
0.8529,0.4531,0.5918,0.8762
0.5152,0.2982,0.3778,0.7546
0.7879,0.3824,0.5149,0.8221
0.7273,0.3636,0.4848,0.8088
0.8182,0.4091,0.5455,0.8912
0.7273,0.4211,0.5333,0.856
0.8788,0.4531,0.5979,0.8746
0.697,0.3333,0.451,0.7616
0.8235,0.4058,0.5437,0.8441
0.8529,0.4265,0.5686,0.8655
0.7353,0.4386,0.5495,0.8479
0.8182,0.3971,0.5347,0.862
0.7879,0.4262,0.5532,0.8559
0.7879,0.4127,0.5417,0.8587
0.9091,0.4412,0.5941,0.894
0.7273,0.4138,0.5275,0.8335
0.8485,0.3944,0.5385,0.8503
0.7273,0.375,0.4948,0.8397
0.7647,0.4333,0.5532,0.8571
0.7647,0.4127,0.5361,0.8543
0.7941,0.3462,0.4821,0.7921
0.7576,0.4237,0.5435,0.8267
0.697,0.3833,0.4946,0.8048
0.7576,0.3968,0.5208,0.8272
0.8788,0.3919,0.5421,0.8518
0.7879,0.4561,0.5778,0.8697
0.8788,0.4328,0.58,0.8945
0.6667,0.386,0.4889,0.8623
0.7647,0.325,0.4561,0.7831
0.8235,0.4828,0.6087,0.8737
0.8529,0.4143,0.5577,0.8753
0.6364,0.3182,0.4242,0.7608
0.697,0.4423,0.5412,0.839
0.6471,0.3607,0.4632,0.7893
0.7941,0.3857,0.5192,0.8889
0.7353,0.3623,0.4854,0.8278
0.8485,0.3836,0.5283,0.8813
0.7576,0.4545,0.5682,0.8706
0.6364,0.3231,0.4286,0.8198
0.7879,0.3611,0.4952,0.8043
0.7273,0.4068,0.5217,0.8258
0.8182,0.4154,0.551,0.8784
0.8182,0.45,0.5806,0.868
0.7576,0.4098,0.5319,0.8588
0.7576,0.431,0.5495,0.8591
0.8182,0.4154,0.551,0.8696
0.8485,0.3784,0.5234,0.8602
0.7576,0.3788,0.5051,0.8215
0.7941,0.3699,0.5047,0.8127
0.9118,0.3924,0.5487,0.881
0.8235,0.4,0.5385,0.8136
0.7576,0.4386,0.5556,0.8508
0.7879,0.3662,0.5,0.8245
0.8182,0.4286,0.5625,0.8781
0.697,0.377,0.4894,0.8337
0.7576,0.3676,0.495,0.8312
0.9091,0.411,0.566,0.8617
0.7879,0.4407,0.5652,0.8747
0.8235,0.4118,0.549,0.8405
0.7059,0.375,0.4898,0.8032
0.8529,0.4328,0.5743,0.8871
0.6364,0.3818,0.4773,0.8175
0.7879,0.4063,0.5361,0.8385
0.7576,0.463,0.5747,0.8798
0.8182,0.3913,0.5294,0.8165
0.7273,0.4138,0.5275,0.8433
0.697,0.3966,0.5055,0.8211
0.7273,0.4898,0.5854,0.7958
0.8529,0.3867,0.5321,0.8633
0.7647,0.3514,0.4815,0.8031
0.7647,0.3939,0.52,0.8514
0.9091,0.4054,0.5607,0.8887
0.7879,0.3562,0.4906,0.8468
0.8485,0.3836,0.5283,0.8131
0.8788,0.4143,0.5631,0.887
0.7273,0.3333,0.4571,0.8343
0.697,0.371,0.4842,0.8256
0.8485,0.4444,0.5833,0.8806
0.6471,0.4151,0.5057,0.7919
0.8824,0.5085,0.6452,0.9104
0.8529,0.3867,0.5321,0.8311
0.7576,0.4545,0.5682,0.8583
0.7879,0.4407,0.5652,0.8551
0.8182,0.4655,0.5934,0.8813
0.8485,0.4516,0.5895,0.8813
0.9394,0.369,0.5299,0.8536
0.697,0.3538,0.4694,0.8068
0.7576,0.431,0.5495,0.8697
0.7647,0.4483,0.5652,0.8633
0.7941,0.3971,0.5294,0.8222
0.7353,0.3521,0.4762,0.7634
0.8485,0.459,0.5957,0.8928
0.7576,0.3906,0.5155,0.8301
0.7576,0.3623,0.4902,0.8133
0.8485,0.4242,0.5657,0.8679
0.8788,0.3867,0.537,0.8653
0.7576,0.3968,0.5208,0.8528
0.8182,0.4219,0.5567,0.8768
0.8824,0.4054,0.5556,0.8354
0.8529,0.4085,0.5524,0.8377
0.8235,0.3636,0.5045,0.847
0.7273,0.375,0.4948,0.824
0.8182,0.3803,0.5192,0.841
0.8485,0.3889,0.5333,0.8949
0.9394,0.4697,0.6263,0.8971
0.8788,0.4143,0.5631,0.8791
0.7576,0.3425,0.4717,0.8005
0.8182,0.3699,0.5094,0.7963
0.7353,0.4032,0.5208,0.8232
0.8235,0.3784,0.5185,0.8682
0.6176,0.3818,0.4719,0.8004
0.7273,0.4286,0.5393,0.8294
0.6364,0.35,0.4516,0.802
0.8182,0.4576,0.587,0.8677
0.697,0.3966,0.5055,0.8184
0.7576,0.4237,0.5435,0.8565
0.8788,0.3816,0.5321,0.8674
0.697,0.3382,0.4554,0.8175
0.8529,0.4085,0.5524,0.9074
0.7059,0.3692,0.4848,0.7712
0.7941,0.4737,0.5934,0.8592
0.7576,0.3968,0.5208,0.8537
0.7576,0.3571,0.4854,0.8227
0.7273,0.3429,0.466,0.7957
0.7273,0.3478,0.4706,0.8173
0.7879,0.3881,0.52,0.8331
0.697,0.4107,0.5169,0.8759
0.7576,0.4545,0.5682,0.8644
0.8235,0.4828,0.6087,0.8802
0.8235,0.4308,0.5657,0.8605
0.7941,0.4091,0.54,0.8485
0.8788,0.4143,0.5631,0.8755
0.7273,0.375,0.4948,0.8248
0.9394,0.3974,0.5586,0.8528
0.6061,0.3846,0.4706,0.76
0.8182,0.4219,0.5567,0.8589
0.7879,0.3768,0.5098,0.8264
0.8485,0.4444,0.5833,0.8632
0.7353,0.4032,0.5208,0.837
0.8235,0.3457,0.487,0.8164
0.6471,0.4074,0.5,0.8377
0.7576,0.4167,0.5376,0.8213
0.8182,0.4219,0.5567,0.8737
0.8235,0.4,0.5385,0.854
0.8235,0.3784,0.5185,0.8172
0.7941,0.3649,0.5,0.8492
0.6667,0.3607,0.4681,0.8201
0.8182,0.4576,0.587,0.8568
0.8182,0.4655,0.5934,0.8549
0.8485,0.4667,0.6022,0.8639
0.6667,0.3729,0.4783,0.831
0.8788,0.3919,0.5421,0.8507
0.7879,0.3714,0.5049,0.8601
0.7576,0.3472,0.4762,0.7873
0.8485,0.4308,0.5714,0.8339
0.8182,0.45,0.5806,0.9037
0.8788,0.4143,0.5631,0.8887
0.8182,0.403,0.54,0.825
0.7941,0.4091,0.54,0.8336
0.8235,0.4444,0.5773,0.8755
0.7941,0.3803,0.5143,0.8397
0.6667,0.3729,0.4783,0.8005
0.8182,0.4426,0.5745,0.8464
0.9091,0.4348,0.5882,0.8727
0.7576,0.4464,0.5618,0.8564
0.7879,0.3714,0.5049,0.8113
0.6364,0.375,0.4719,0.8015
0.8182,0.4286,0.5625,0.8773
0.8235,0.4444,0.5773,0.8763
0.9118,0.4026,0.5586,0.8794
0.7353,0.3571,0.4808,0.8011
0.7273,0.4068,0.5217,0.8433
0.7879,0.3939,0.5253,0.8712
0.7273,0.381,0.5,0.8331
0.8182,0.4426,0.5745,0.8575
0.6667,0.3793,0.4835,0.775
0.7879,0.3714,0.5049,0.8301
0.8182,0.403,0.54,0.874
0.7353,0.4386,0.5495,0.8453
0.8824,0.4167,0.566,0.9001
0.8529,0.4085,0.5524,0.8694
0.9091,0.4225,0.5769,0.8823
0.7273,0.3636,0.4848,0.8071
0.8182,0.4091,0.5455,0.8869
0.8182,0.375,0.5143,0.8555
0.697,0.377,0.4894,0.805
0.8182,0.3857,0.5243,0.8229
0.8182,0.36,0.5,0.824
0.8235,0.4179,0.5545,0.8614
0.8824,0.4167,0.566,0.8667
0.8235,0.4179,0.5545,0.8711
0.7576,0.3623,0.4902,0.8231
0.7273,0.4615,0.5647,0.8302
0.8788,0.3816,0.5321,0.8787
0.7576,0.3425,0.4717,0.8016
0.8182,0.4355,0.5684,0.8595
0.7273,0.3117,0.4364,0.8056
0.8182,0.45,0.5806,0.8519
0.8235,0.3944,0.5333,0.8218
0.9412,0.4706,0.6275,0.9163
0.6471,0.4314,0.5176,0.857
0.9091,0.411,0.566,0.872
0.7576,0.3968,0.5208,0.8376
0.7576,0.3906,0.5155,0.8458
0.7879,0.3514,0.486,0.8369
0.7879,0.3611,0.4952,0.8653
0.8485,0.4516,0.5895,0.8389
0.697,0.3898,0.5,0.8363
0.8529,0.4265,0.5686,0.8388
0.8824,0.4918,0.6316,0.9022
0.7647,0.3881,0.5149,0.8237
0.7273,0.3934,0.5106,0.8356
0.7879,0.4,0.5306,0.8405
0.7879,0.3881,0.52,0.8417
0.8485,0.4,0.5437,0.8325
0.7576,0.3906,0.5155,0.8592
0.7576,0.4032,0.5263,0.8411
0.6364,0.3684,0.4667,0.8025
0.7059,0.4068,0.5161,0.849
0.7647,0.3824,0.5098,0.8124
0.7647,0.3768,0.5049,0.8537
0.8485,0.4828,0.6154,0.8831
0.7879,0.4262,0.5532,0.8346
0.8182,0.4219,0.5567,0.8543
0.7879,0.4561,0.5778,0.9003
0.8485,0.3784,0.5234,0.8535
0.8485,0.3636,0.5091,0.8459
0.6061,0.3226,0.4211,0.7778
0.8235,0.4118,0.549,0.8576
0.7059,0.375,0.4898,0.7945
0.7941,0.3913,0.5243,0.8133
0.6667,0.3548,0.4632,0.7975
0.8485,0.459,0.5957,0.8624
0.7273,0.381,0.5,0.8028
0.8485,0.3636,0.5091,0.857
0.9394,0.4493,0.6078,0.8774
0.697,0.3966,0.5055,0.8276
0.7273,0.4068,0.5217,0.7615
0.8235,0.4444,0.5773,0.8946
0.7941,0.403,0.5347,0.8731
0.8235,0.4308,0.5657,0.8855
0.7273,0.4138,0.5275,0.8174
0.7576,0.4167,0.5376,0.839
0.8485,0.4118,0.5545,0.8568
0.9091,0.3846,0.5405,0.8675
0.7576,0.3731,0.5,0.8284
0.9394,0.4921,0.6458,0.9291
0.9091,0.3571,0.5128,0.8803
0.8235,0.4444,0.5773,0.8578
0.8235,0.4118,0.549,0.827
0.6471,0.4314,0.5176,0.8138
0.7576,0.3676,0.495,0.8305
0.697,0.3651,0.4792,0.7985
0.8182,0.403,0.54,0.8877
0.8485,0.3636,0.5091,0.8176
0.6364,0.3962,0.4884,0.7858
0.8788,0.4394,0.5859,0.8734
0.7576,0.3289,0.4587,0.7674
0.8824,0.4688,0.6122,0.9037
0.8824,0.4918,0.6316,0.8888
0.7353,0.3846,0.5051,0.8324
0.697,0.3485,0.4646,0.7807
0.7576,0.3788,0.5051,0.835
0.7576,0.3968,0.5208,0.8224
0.8182,0.3913,0.5294,0.853
0.7879,0.3562,0.4906,0.794
0.8788,0.4028,0.5524,0.8552
0.7273,0.4211,0.5333,0.8418
0.8824,0.4615,0.6061,0.9067
0.7941,0.3803,0.5143,0.865
0.6471,0.4151,0.5057,0.8101
0.8485,0.3944,0.5385,0.8603
0.7879,0.4,0.5306,0.8248
0.8529,0.4328,0.5743,0.862
0.8235,0.4179,0.5545,0.8599
0.7353,0.3968,0.5155,0.8487
0.7879,0.4,0.5306,0.8329
0.7576,0.3906,0.5155,0.8465
0.6667,0.4074,0.5057,0.8285
0.8485,0.4118,0.5545,0.8585
0.7576,0.463,0.5747,0.8564
0.8485,0.3733,0.5185,0.8521
0.8485,0.4,0.5437,0.8375
0.697,0.3594,0.4742,0.8205
0.7576,0.3676,0.495,0.8077
0.8485,0.3636,0.5091,0.8547
0.9091,0.4839,0.6316,0.8919
0.7576,0.4808,0.5882,0.8781
0.7353,0.3968,0.5155,0.8486
0.9118,0.4921,0.6392,0.8945
0.6765,0.3898,0.4946,0.7935
0.7273,0.3692,0.4898,0.8188
0.7273,0.3871,0.5053,0.8131
0.7273,0.3478,0.4706,0.8091
0.8485,0.4375,0.5773,0.8842
0.8485,0.3836,0.5283,0.8198
0.7576,0.3788,0.5051,0.8249
0.7879,0.4,0.5306,0.8547
0.7353,0.431,0.5435,0.8493
0.7353,0.4098,0.5263,0.8406
0.7647,0.5,0.6047,0.8758
0.7879,0.4262,0.5532,0.8477
0.9091,0.4167,0.5714,0.8922
0.8788,0.3816,0.5321,0.8337
0.7273,0.3934,0.5106,0.8356
0.7879,0.4262,0.5532,0.8335
0.8485,0.459,0.5957,0.8804
0.7576,0.3846,0.5102,0.8193
0.7941,0.4355,0.5625,0.8776
0.8529,0.4833,0.617,0.9059
0.8529,0.4028,0.5472,0.8348
0.7879,0.4333,0.5591,0.8385
0.8182,0.3462,0.4865,0.8561
0.7273,0.4,0.5161,0.8365
0.7273,0.4138,0.5275,0.8389
0.8485,0.4058,0.549,0.8486
0.8788,0.3973,0.5472,0.8889
0.8485,0.459,0.5957,0.8829
0.6176,0.3043,0.4078,0.7488
0.7647,0.4127,0.5361,0.8113
0.7647,0.3881,0.5149,0.8401
0.7879,0.4262,0.5532,0.8761
0.8788,0.4085,0.5577,0.8703
0.8485,0.4444,0.5833,0.8558
0.697,0.377,0.4894,0.795
0.8485,0.4179,0.56,0.9004
0.8485,0.359,0.5045,0.8116
0.7273,0.4138,0.5275,0.8409
0.7941,0.3971,0.5294,0.8542
0.6471,0.3492,0.4536,0.7981
0.8235,0.4308,0.5657,0.827
0.6364,0.3818,0.4773,0.8161
0.7879,0.4407,0.5652,0.8595
0.7273,0.4211,0.5333,0.8422
0.7879,0.4407,0.5652,0.8703
0.7879,0.4561,0.5778,0.8723
0.8788,0.4265,0.5743,0.8616
0.8182,0.3913,0.5294,0.826
0.7353,0.3968,0.5155,0.8161
0.7059,0.3871,0.5,0.8154
0.8529,0.4203,0.5631,0.8556
0.7273,0.4138,0.5275,0.8302
0.7879,0.3714,0.5049,0.8455
0.8529,0.3816,0.5273,0.8474
0.6765,0.3966,0.5,0.8007
0.6765,0.3898,0.4946,0.8098
0.7576,0.463,0.5747,0.8466
0.8485,0.3836,0.5283,0.8877
0.9091,0.3704,0.5263,0.8611
0.7879,0.4127,0.5417,0.8387
0.8182,0.4576,0.587,0.885
0.7273,0.3478,0.4706,0.7909
0.7273,0.3871,0.5053,0.8367
0.6061,0.3333,0.4301,0.7639
0.6061,0.4082,0.4878,0.8416
0.9091,0.4167,0.5714,0.8903
0.8182,0.4355,0.5684,0.8379
0.8182,0.3857,0.5243,0.8754
0.8529,0.4265,0.5686,0.8532
0.6471,0.386,0.4835,0.8052
0.7941,0.375,0.5094,0.838
0.8485,0.4179,0.56,0.8592
0.7576,0.3846,0.5102,0.8139
0.5758,0.322,0.413,0.7534
0.8788,0.4265,0.5743,0.8838
0.7273,0.4138,0.5275,0.834
0.7879,0.4906,0.6047,0.8714
0.9394,0.4247,0.5849,0.9032
0.6765,0.4792,0.561,0.8466
0.8235,0.3836,0.5234,0.8355
0.7059,0.381,0.4948,0.826
0.6667,0.3548,0.4632,0.8216
0.7879,0.4194,0.5474,0.8441
0.9394,0.5,0.6526,0.9015
0.8485,0.4516,0.5895,0.9043
0.8182,0.4426,0.5745,0.8615
0.8182,0.3913,0.5294,0.8132
0.6667,0.3385,0.449,0.791
0.7059,0.4138,0.5217,0.8022
0.7353,0.4386,0.5495,0.8224
0.7353,0.3623,0.4854,0.8135
0.7879,0.4,0.5306,0.8427
0.8788,0.4028,0.5524,0.8742
0.8788,0.4394,0.5859,0.8949
0.7576,0.3378,0.4673,0.8261
0.8182,0.4655,0.5934,0.9013
0.7576,0.3968,0.5208,0.821
0.8182,0.36,0.5,0.8285
0.7941,0.3971,0.5294,0.8271
0.7353,0.3846,0.5051,0.8373
0.7059,0.4068,0.5161,0.8156
0.6667,0.3492,0.4583,0.8112
0.7576,0.4032,0.5263,0.8574
0.7879,0.4063,0.5361,0.8092
0.7576,0.3125,0.4425,0.8131
0.7879,0.3881,0.52,0.8417
0.8485,0.4,0.5437,0.8765
0.7273,0.4615,0.5647,0.8854
0.7353,0.3623,0.4854,0.8232
0.7647,0.4063,0.5306,0.8418
0.7647,0.4127,0.5361,0.8551
0.8485,0.4375,0.5773,0.8579
0.7879,0.4063,0.5361,0.8486
0.697,0.3433,0.46,0.7709
0.8182,0.3971,0.5347,0.8756
0.8182,0.3553,0.4954,0.8159
0.7576,0.4032,0.5263,0.8705
0.7273,0.3692,0.4898,0.8325
0.7647,0.4194,0.5417,0.8109
0.7353,0.3623,0.4854,0.822
0.8824,0.4478,0.5941,0.8741
0.8182,0.4576,0.587,0.8957
0.8485,0.4444,0.5833,0.8436
0.7879,0.4127,0.5417,0.8563
0.7576,0.3378,0.4673,0.7952
0.8182,0.4154,0.551,0.8877
0.7879,0.3562,0.4906,0.8051
0.6364,0.4286,0.5122,0.8
0.8529,0.5,0.6304,0.8644
0.8235,0.4179,0.5545,0.857
0.7353,0.3968,0.5155,0.8498
0.7879,0.4906,0.6047,0.8817
0.8788,0.4265,0.5743,0.8753
0.8182,0.403,0.54,0.8321
0.7273,0.4211,0.5333,0.8295
0.8182,0.4154,0.551,0.8544
0.9091,0.4478,0.6,0.8857
0.8182,0.3553,0.4954,0.7998
0.7647,0.4407,0.5591,0.8326
0.6765,0.4107,0.5111,0.8161
0.7059,0.4286,0.5333,0.8299
0.8182,0.4426,0.5745,0.8736
0.7576,0.4098,0.5319,0.8716
0.6667,0.3235,0.4356,0.7553
0.9394,0.4133,0.5741,0.9182
0.7273,0.3871,0.5053,0.8404
0.7879,0.3881,0.52,0.8372
0.8485,0.459,0.5957,0.8824
0.7059,0.4,0.5106,0.8253
0.7941,0.4355,0.5625,0.8561
0.8529,0.4531,0.5918,0.8578
0.8182,0.4355,0.5684,0.8648
0.7273,0.375,0.4948,0.8294
0.7576,0.3846,0.5102,0.8285
0.8485,0.4667,0.6022,0.8885
0.8182,0.3418,0.4821,0.8434
0.7576,0.3906,0.5155,0.8111
0.6667,0.3667,0.4731,0.7679
0.7941,0.4355,0.5625,0.8447
0.7941,0.3971,0.5294,0.8702
0.8235,0.459,0.5895,0.8812
0.6667,0.3438,0.4536,0.7765
0.9394,0.4769,0.6327,0.9191
0.7059,0.3582,0.4752,0.82
0.9118,0.4133,0.5688,0.8808
0.8235,0.4118,0.549,0.8627
0.7576,0.3731,0.5,0.8098
0.7576,0.3968,0.5208,0.8431
0.7273,0.381,0.5,0.8365
0.7576,0.3788,0.5051,0.834
0.7273,0.3636,0.4848,0.8157
0.8485,0.459,0.5957,0.8983
0.7879,0.3714,0.5049,0.8514
0.8235,0.4667,0.5957,0.8873
0.7647,0.4127,0.5361,0.8353
0.7941,0.4219,0.551,0.8797
0.8182,0.3803,0.5192,0.8395
0.6667,0.3607,0.4681,0.7833
0.8182,0.3506,0.4909,0.8203
0.7576,0.4386,0.5556,0.8812
0.8485,0.4308,0.5714,0.8826
0.7879,0.3881,0.52,0.8265
0.7879,0.4063,0.5361,0.8385
0.7879,0.3768,0.5098,0.8389
0.9091,0.4167,0.5714,0.8827
0.8485,0.4179,0.56,0.8439
0.8485,0.459,0.5957,0.8887
0.8182,0.3699,0.5094,0.824
0.8235,0.4179,0.5545,0.8858
0.7941,0.3699,0.5047,0.8006
0.7059,0.4138,0.5217,0.8484
0.7879,0.3714,0.5049,0.8331
0.8182,0.4821,0.6067,0.849
0.697,0.3651,0.4792,0.82
0.7273,0.4,0.5161,0.8149
0.8182,0.403,0.54,0.8596
0.7576,0.4098,0.5319,0.8332
0.8788,0.4028,0.5524,0.8724
0.7941,0.4355,0.5625,0.8916
0.7059,0.4444,0.5455,0.8254
0.9118,0.4079,0.5636,0.8993
0.7879,0.3881,0.52,0.7995
0.7879,0.4,0.5306,0.8531
0.6667,0.386,0.4889,0.8018
0.8485,0.4516,0.5895,0.8812
0.8182,0.4355,0.5684,0.8864
0.8485,0.4058,0.549,0.8287
0.8485,0.4179,0.56,0.8482
0.8235,0.4516,0.5833,0.8771
0.7941,0.3913,0.5243,0.8492
0.8529,0.4394,0.58,0.8664
0.7273,0.4138,0.5275,0.8156
0.8182,0.4576,0.587,0.8439
0.8485,0.4516,0.5895,0.851
0.7273,0.4,0.5161,0.8158
0.8485,0.3544,0.5,0.8366
0.7879,0.3611,0.4952,0.8295
0.8485,0.4516,0.5895,0.8917
0.7059,0.375,0.4898,0.8245
0.7647,0.4561,0.5714,0.8603
0.8235,0.4,0.5385,0.845
0.8788,0.4265,0.5743,0.8864
0.7576,0.3968,0.5208,0.8332
0.7879,0.4127,0.5417,0.846
0.8485,0.4179,0.56,0.8463
0.8182,0.3913,0.5294,0.8313
0.8182,0.3699,0.5094,0.8212
0.8485,0.4667,0.6022,0.8859
0.8824,0.411,0.5607,0.8567
0.8824,0.4225,0.5714,0.8761
0.7941,0.403,0.5347,0.8326
0.697,0.377,0.4894,0.7905
0.7576,0.4032,0.5263,0.8513
0.8182,0.4154,0.551,0.8488
0.7576,0.3846,0.5102,0.8256
0.7576,0.3906,0.5155,0.8498
0.7273,0.3478,0.4706,0.8398
0.697,0.3538,0.4694,0.8214
0.8529,0.4462,0.5859,0.8562
0.8235,0.459,0.5895,0.8508
0.7353,0.4237,0.5376,0.8523
0.9091,0.4478,0.6,0.8877
0.7576,0.3846,0.5102,0.8301
0.8529,0.4394,0.58,0.8831
0.8824,0.4225,0.5714,0.8986
0.7353,0.4237,0.5376,0.8448
0.8182,0.5,0.6207,0.8699
0.8182,0.3971,0.5347,0.8618
0.7576,0.3731,0.5,0.7677
0.7879,0.3611,0.4952,0.8425
0.8485,0.3836,0.5283,0.8562
0.7576,0.4167,0.5376,0.8468
0.7273,0.381,0.5,0.8283
0.8182,0.3699,0.5094,0.8573
0.7273,0.4138,0.5275,0.842
0.8182,0.4154,0.551,0.8666
0.6667,0.4,0.5,0.8067
0.8182,0.3913,0.5294,0.8486
0.7647,0.3562,0.486,0.8228
0.7059,0.4528,0.5517,0.8433
0.9118,0.4697,0.62,0.8624
0.7879,0.4561,0.5778,0.8676
0.8485,0.3636,0.5091,0.8619
0.9091,0.4054,0.5607,0.8524
0.7879,0.4063,0.5361,0.8273
0.8182,0.3699,0.5094,0.8192
0.8788,0.4028,0.5524,0.8771
0.8485,0.4746,0.6087,0.8701
0.7941,0.5294,0.6353,0.8953
0.7647,0.3611,0.4906,0.8072
0.7353,0.4032,0.5208,0.8413
0.7576,0.3676,0.495,0.8157
0.7576,0.3788,0.5051,0.8421
0.7879,0.4,0.5306,0.8316
0.7273,0.3934,0.5106,0.8487
0.7879,0.4194,0.5474,0.8685
0.7576,0.4237,0.5435,0.8462
0.8182,0.4091,0.5455,0.8444
0.7353,0.4032,0.5208,0.8167
0.8235,0.4667,0.5957,0.8957
0.8529,0.3816,0.5273,0.8613
0.7879,0.3824,0.5149,0.8499
0.8182,0.4821,0.6067,0.8427
0.7941,0.4091,0.54,0.8039
0.8824,0.411,0.5607,0.884
0.6765,0.4182,0.5169,0.7998
0.7576,0.3731,0.5,0.837
0.8182,0.4426,0.5745,0.8839
0.9091,0.411,0.566,0.9251
0.7879,0.4,0.5306,0.8438
0.6364,0.3281,0.433,0.7769
0.7879,0.4333,0.5591,0.8467
0.8182,0.3971,0.5347,0.8503
0.7273,0.3582,0.48,0.7883
0.9091,0.4839,0.6316,0.9024
0.8485,0.4516,0.5895,0.8973
0.7576,0.3247,0.4545,0.7912
0.9394,0.4306,0.5905,0.9185
0.6765,0.3194,0.434,0.7898
0.7941,0.403,0.5347,0.8551
0.8529,0.4265,0.5686,0.8256
0.5758,0.3519,0.4368,0.7708
0.7576,0.431,0.5495,0.841
0.7353,0.3968,0.5155,0.8117
0.7059,0.4068,0.5161,0.8467
0.8529,0.4328,0.5743,0.8639
0.697,0.4259,0.5287,0.8515
0.8485,0.4912,0.6222,0.8803
0.7273,0.4211,0.5333,0.8444
0.697,0.2911,0.4107,0.7684
0.8485,0.4118,0.5545,0.8687
0.8182,0.403,0.54,0.8575
0.8182,0.4821,0.6067,0.8648
0.8235,0.4444,0.5773,0.8599
0.7647,0.4063,0.5306,0.8277
0.7941,0.3857,0.5192,0.8426
0.697,0.377,0.4894,0.8351
0.7273,0.3582,0.48,0.8341
0.9394,0.4429,0.6019,0.8932
0.7273,0.381,0.5,0.825
0.697,0.371,0.4842,0.8287
0.8485,0.4179,0.56,0.8869
0.7273,0.338,0.4615,0.8212
0.9091,0.4225,0.5769,0.8687
0.697,0.4107,0.5169,0.8326
0.7576,0.4167,0.5376,0.8342
0.7273,0.3871,0.5053,0.7994
0.7879,0.4127,0.5417,0.8476
0.6471,0.3607,0.4632,0.7808
0.9118,0.4627,0.6139,0.8988
0.9118,0.3974,0.5536,0.8561
0.8182,0.3375,0.4779,0.8353
0.697,0.3538,0.4694,0.7942
0.8235,0.459,0.5895,0.8749
0.7941,0.3649,0.5,0.837
0.7059,0.4138,0.5217,0.8303
0.7879,0.4727,0.5909,0.8682
0.7273,0.375,0.4948,0.816
0.8788,0.4203,0.5686,0.8648
0.7879,0.4063,0.5361,0.8276
0.7273,0.4211,0.5333,0.8496
0.8788,0.4265,0.5743,0.8773
0.7576,0.3378,0.4673,0.8176
0.697,0.3651,0.4792,0.8415
0.6667,0.3667,0.4731,0.8132
0.8788,0.4394,0.5859,0.8713
0.697,0.3651,0.4792,0.8085
0.6667,0.3667,0.4731,0.8267
0.8824,0.4348,0.5825,0.8613
0.7353,0.4237,0.5376,0.8288
0.8529,0.4603,0.5979,0.8764
0.8485,0.4058,0.549,0.8669
0.8182,0.3506,0.4909,0.7946
0.7879,0.3881,0.52,0.8335
0.8788,0.4085,0.5577,0.8627
0.7576,0.3788,0.5051,0.7917
0.6061,0.3226,0.4211,0.7596
0.8788,0.4462,0.5918,0.892
0.7941,0.3971,0.5294,0.8784
0.8235,0.4308,0.5657,0.8378
0.7059,0.4068,0.5161,0.8012
0.9091,0.4412,0.5941,0.8845
0.8788,0.4531,0.5979,0.9034
0.8182,0.3913,0.5294,0.8587
0.7576,0.3906,0.5155,0.7964
0.7273,0.4,0.5161,0.8347
0.6364,0.3889,0.4828,0.7668
0.7576,0.4098,0.5319,0.8536
0.7647,0.4407,0.5591,0.8572
0.7059,0.4444,0.5455,0.8758
0.8529,0.3973,0.5421,0.8674
0.697,0.3651,0.4792,0.8222
0.8485,0.4516,0.5895,0.8654
0.8485,0.4058,0.549,0.86
0.7576,0.3846,0.5102,0.8187
0.6667,0.3548,0.4632,0.809
0.7576,0.4464,0.5618,0.8509
0.7273,0.4286,0.5393,0.8275
0.7353,0.3731,0.495,0.8488
0.8529,0.4462,0.5859,0.8729
0.8824,0.4225,0.5714,0.884
0.8485,0.3636,0.5091,0.8437
0.7273,0.3871,0.5053,0.8143
0.7576,0.4717,0.5814,0.8671
0.697,0.3485,0.4646,0.7906
0.9091,0.4688,0.6186,0.8986
0.697,0.451,0.5476,0.8298
0.9091,0.4167,0.5714,0.8961
0.7647,0.3768,0.5049,0.8255
0.7647,0.4,0.5253,0.8341
0.7353,0.4167,0.5319,0.8081
0.8182,0.3699,0.5094,0.8201
0.8182,0.403,0.54,0.844
0.8182,0.4286,0.5625,0.8939
0.697,0.3898,0.5,0.8347
0.9091,0.4286,0.5825,0.8874
0.6667,0.3729,0.4783,0.8241
0.8182,0.4286,0.5625,0.8768
0.8235,0.4118,0.549,0.8347
0.7647,0.3939,0.52,0.8279
0.7059,0.4,0.5106,0.8128
0.8485,0.3457,0.4912,0.8244
0.7879,0.3881,0.52,0.8219
0.7879,0.4194,0.5474,0.8557
0.8485,0.3944,0.5385,0.8439
0.8182,0.375,0.5143,0.8346
0.7576,0.4032,0.5263,0.8549
0.8788,0.4143,0.5631,0.8639
0.7059,0.3288,0.4486,0.8006
0.8235,0.3889,0.5283,0.818
0.8529,0.4531,0.5918,0.8581
0.8182,0.45,0.5806,0.8859
0.8485,0.4058,0.549,0.8398
0.6364,0.4118,0.5,0.831
0.8182,0.3803,0.5192,0.8181
0.8485,0.5283,0.6512,0.8762
0.6364,0.3818,0.4773,0.8024
0.7273,0.3871,0.5053,0.841
0.6765,0.3538,0.4646,0.7824
0.9118,0.4559,0.6078,0.9051
0.8235,0.3544,0.4956,0.8087
0.7576,0.3846,0.5102,0.8383
0.8182,0.4091,0.5455,0.8757
0.7576,0.4808,0.5882,0.8466
0.7879,0.4063,0.5361,0.884
0.6667,0.3492,0.4583,0.7884
0.8485,0.459,0.5957,0.8591
0.5758,0.3585,0.4419,0.8028
0.6471,0.3284,0.4356,0.7717
0.8824,0.4348,0.5825,0.8887
0.8529,0.4085,0.5524,0.8525
0.9091,0.4478,0.6,0.9078
0.7879,0.4,0.5306,0.8269
0.8788,0.3867,0.537,0.856
0.8788,0.4328,0.58,0.8925
0.7576,0.3623,0.4902,0.8108
0.8788,0.5,0.6374,0.8841
0.7576,0.3788,0.5051,0.8386
0.7647,0.4483,0.5652,0.8565
0.7353,0.3472,0.4717,0.8026
0.7353,0.3788,0.5,0.8286
0.7879,0.4194,0.5474,0.8572
0.7576,0.3906,0.5155,0.837
0.7941,0.3913,0.5243,0.843
0.8235,0.4179,0.5545,0.8527
0.7647,0.3714,0.5,0.8259
0.9091,0.4478,0.6,0.8991
0.9394,0.4769,0.6327,0.8937
0.7879,0.3939,0.5253,0.8486
0.7879,0.3714,0.5049,0.8411
0.9091,0.4412,0.5941,0.8871
0.697,0.3898,0.5,0.784
0.7879,0.4063,0.5361,0.8487
0.697,0.3966,0.5055,0.8356
0.7879,0.3881,0.52,0.8324
0.8788,0.4085,0.5577,0.8676
0.8788,0.4143,0.5631,0.8416
0.6667,0.3729,0.4783,0.7847
0.7647,0.4483,0.5652,0.8723
0.6471,0.3929,0.4889,0.8132
0.8824,0.4545,0.6,0.8908
0.697,0.371,0.4842,0.7964
0.8485,0.4516,0.5895,0.8923
0.8182,0.4286,0.5625,0.882
0.7576,0.4098,0.5319,0.8203
0.7576,0.4464,0.5618,0.8386
0.7879,0.4,0.5306,0.8472
0.7273,0.3429,0.466,0.7892
0.9412,0.4571,0.6154,0.9306
0.6176,0.3088,0.4118,0.7866
0.7647,0.4,0.5253,0.8329
0.8788,0.4028,0.5524,0.8764
0.7576,0.4237,0.5435,0.8534
0.697,0.3651,0.4792,0.8395
0.7879,0.3768,0.5098,0.8557
0.7879,0.3291,0.4643,0.7936
0.8182,0.4091,0.5455,0.8701
0.697,0.46,0.5542,0.8111
0.7941,0.4219,0.551,0.8391
0.7647,0.3939,0.52,0.8557
0.7647,0.3768,0.5049,0.8648
0.7576,0.4167,0.5376,0.848
0.8788,0.4085,0.5577,0.8869
0.8788,0.4328,0.58,0.8753
0.7273,0.3934,0.5106,0.8359
0.8788,0.4677,0.6105,0.8811
0.8485,0.359,0.5045,0.7824
0.7879,0.4262,0.5532,0.845
0.6471,0.3667,0.4681,0.7763
0.7941,0.4286,0.5567,0.8649
0.9412,0.4384,0.5981,0.9014
0.8182,0.3553,0.4954,0.8306
0.6667,0.3235,0.4356,0.7572
0.7879,0.3824,0.5149,0.8447
0.7879,0.3824,0.5149,0.8528
0.8182,0.3913,0.5294,0.8675
0.7273,0.375,0.4948,0.8078
0.7879,0.3768,0.5098,0.8393
0.6176,0.3559,0.4516,0.8173
0.7941,0.4286,0.5567,0.8527
0.7647,0.3562,0.486,0.8401
0.7879,0.4063,0.5361,0.8297
0.7273,0.4068,0.5217,0.8288
0.697,0.3898,0.5,0.7893
0.697,0.46,0.5542,0.8739
0.8182,0.4355,0.5684,0.8852
0.9091,0.4054,0.5607,0.8485
0.8182,0.3913,0.5294,0.8811
0.8824,0.3846,0.5357,0.8651
0.7059,0.3692,0.4848,0.7611
0.7647,0.4407,0.5591,0.8576
0.9091,0.3659,0.5217,0.8845
0.6667,0.3607,0.4681,0.8052
0.7879,0.4643,0.5843,0.8286
0.6364,0.3333,0.4375,0.7619
0.9394,0.4769,0.6327,0.9085
0.7273,0.4364,0.5455,0.8481
0.7273,0.4364,0.5455,0.8517
0.8824,0.3571,0.5085,0.8384
0.7941,0.36,0.4954,0.7841
0.7941,0.45,0.5745,0.8592
0.8788,0.3919,0.5421,0.8572
0.8788,0.3973,0.5472,0.8525
0.8788,0.4531,0.5979,0.8491
0.6667,0.3607,0.4681,0.7474
0.8182,0.3803,0.5192,0.8366
0.8485,0.4375,0.5773,0.8779
0.8485,0.4058,0.549,0.8811
0.9118,0.4306,0.5849,0.911
0.7941,0.3971,0.5294,0.8412
0.7647,0.4643,0.5778,0.8544
0.5455,0.3214,0.4045,0.7473
0.8485,0.4375,0.5773,0.8961
0.8485,0.3889,0.5333,0.8183
0.6364,0.3962,0.4884,0.835
0.8182,0.3913,0.5294,0.8315
0.7879,0.4,0.5306,0.853
0.6667,0.3729,0.4783,0.8147
0.8235,0.3636,0.5045,0.8405
0.8529,0.3919,0.537,0.8212
0.7647,0.4407,0.5591,0.8482
0.8182,0.3971,0.5347,0.8637
0.8182,0.3971,0.5347,0.84
0.8182,0.403,0.54,0.851
0.7576,0.4167,0.5376,0.8644
0.8788,0.4531,0.5979,0.889
0.6667,0.3385,0.449,0.7842
0.8182,0.4355,0.5684,0.869
0.8529,0.4394,0.58,0.8553
0.7353,0.463,0.5682,0.8769
0.7647,0.3662,0.4952,0.7831
0.7879,0.3611,0.4952,0.8475
0.8485,0.3836,0.5283,0.86
0.7576,0.3623,0.4902,0.8073
0.7576,0.3968,0.5208,0.829
0.7879,0.4194,0.5474,0.8448
0.697,0.3538,0.4694,0.8134
0.7273,0.381,0.5,0.8254
0.7941,0.3462,0.4821,0.8332
0.8824,0.3947,0.5455,0.8375
0.8529,0.5088,0.6374,0.9122
0.9091,0.4918,0.6383,0.9206
0.8485,0.4375,0.5773,0.9033
0.7576,0.4237,0.5435,0.8689
0.6667,0.3438,0.4536,0.806
0.7273,0.3582,0.48,0.7997
0.7879,0.3714,0.5049,0.858
0.8182,0.4154,0.551,0.8614
0.8529,0.4265,0.5686,0.8506
0.7059,0.3692,0.4848,0.7879
0.7941,0.4219,0.551,0.8596
0.7273,0.3333,0.4571,0.7922
0.9091,0.4688,0.6186,0.9322
0.8485,0.4375,0.5773,0.8615
0.7576,0.3472,0.4762,0.7905
0.7879,0.3095,0.4444,0.8259
0.8485,0.4118,0.5545,0.8574
0.7273,0.3478,0.4706,0.8076
0.8235,0.4242,0.56,0.8781
0.8235,0.3944,0.5333,0.8493
0.7059,0.4068,0.5161,0.8362
0.7879,0.4262,0.5532,0.8695
0.7576,0.3788,0.5051,0.8196
0.6061,0.4167,0.4938,0.8044
0.697,0.4107,0.5169,0.858
0.8182,0.45,0.5806,0.8762
0.6667,0.2973,0.4112,0.7477
0.8788,0.4085,0.5577,0.8899
0.8529,0.4677,0.6042,0.8769
0.8529,0.4328,0.5743,0.8796
0.8235,0.4118,0.549,0.8364
0.8182,0.3971,0.5347,0.8763
0.7576,0.3676,0.495,0.8072
0.7879,0.4194,0.5474,0.8768
0.8182,0.3649,0.5047,0.8427
0.8182,0.4286,0.5625,0.8424
0.7576,0.3521,0.4808,0.7699
0.8788,0.4531,0.5979,0.896
0.8529,0.4265,0.5686,0.8895
0.8824,0.4348,0.5825,0.8835
0.7353,0.4098,0.5263,0.8087
0.8182,0.403,0.54,0.862
0.7879,0.3824,0.5149,0.8328
0.7879,0.3768,0.5098,0.8656
0.5758,0.3333,0.4222,0.7634
0.8485,0.4,0.5437,0.8739
0.7879,0.3824,0.5149,0.8766
0.8788,0.4531,0.5979,0.8845
0.8824,0.4688,0.6122,0.891
0.7353,0.4098,0.5263,0.8382
0.7941,0.3913,0.5243,0.8331
0.7576,0.463,0.5747,0.8619
0.697,0.3239,0.4423,0.8015
0.7879,0.4643,0.5843,0.8686
0.7576,0.3968,0.5208,0.8185
0.7879,0.3939,0.5253,0.8
0.8182,0.45,0.5806,0.8734
0.9394,0.3827,0.5439,0.8868
0.8529,0.3919,0.537,0.8525
0.6765,0.4182,0.5169,0.8207
0.8529,0.4531,0.5918,0.8647
0.8485,0.3636,0.5091,0.8271
0.7273,0.3636,0.4848,0.8286
0.7941,0.3803,0.5143,0.8545
0.6765,0.3898,0.4946,0.7945
0.7059,0.4138,0.5217,0.8684
0.8788,0.4677,0.6105,0.8494
0.7576,0.4167,0.5376,0.8328
0.9394,0.3924,0.5536,0.8911
0.7879,0.3939,0.5253,0.799
0.9697,0.4,0.5664,0.8851
0.8485,0.4118,0.5545,0.8701
0.7879,0.3467,0.4815,0.8303
