RUSBag
0.7727,0.5313,0.6296,0.8936
0.7879,0.5778,0.6667,0.9107
0.9552,0.5039,0.6598,0.9118
0.6716,0.5556,0.6081,0.8892
0.7313,0.5568,0.6323,0.8943
0.8358,0.5283,0.6474,0.9114
0.8333,0.5,0.625,0.9028
0.7727,0.5604,0.6497,0.9015
0.7879,0.6341,0.7027,0.9122
0.7879,0.5361,0.638,0.9002
0.7879,0.5474,0.646,0.8995
0.6667,0.5366,0.5946,0.8798
0.6567,0.5789,0.6154,0.9064
0.7761,0.5977,0.6753,0.8995
0.8955,0.4651,0.6122,0.9232
0.6866,0.6479,0.6667,0.9004
0.803,0.4454,0.573,0.8412
0.8636,0.6,0.7081,0.9289
0.9242,0.5701,0.7052,0.9218
0.8485,0.5437,0.6627,0.9092
0.8788,0.5,0.6374,0.9073
0.8788,0.5133,0.648,0.9093
0.8657,0.5631,0.6824,0.8989
0.8955,0.4545,0.603,0.8756
0.8657,0.5043,0.6374,0.9125
0.6866,0.6053,0.6434,0.899
0.7424,0.5698,0.6447,0.9097
0.8485,0.4828,0.6154,0.8992
0.803,0.5048,0.6199,0.9008
0.7727,0.6145,0.6846,0.9219
0.8636,0.5182,0.6477,0.9146
0.8333,0.5238,0.6433,0.8991
0.7313,0.5904,0.6533,0.897
0.8806,0.472,0.6146,0.8889
0.7761,0.6582,0.7123,0.927
0.8358,0.6154,0.7089,0.9194
0.7727,0.573,0.6581,0.9093
0.7576,0.5435,0.6329,0.8916
0.8333,0.5046,0.6286,0.8888
0.8788,0.4677,0.6105,0.8974
0.8333,0.5093,0.6322,0.8924
0.7727,0.5258,0.6258,0.8744
0.8209,0.534,0.6471,0.8915
0.8507,0.5182,0.6441,0.9125
0.791,0.5955,0.6795,0.908
0.806,0.4615,0.587,0.877
0.8636,0.6129,0.717,0.9265
0.9242,0.5126,0.6595,0.9252
0.697,0.561,0.6216,0.8986
0.697,0.6133,0.6525,0.8995
0.697,0.5897,0.6389,0.8858
0.6818,0.5422,0.604,0.8753
0.9552,0.5039,0.6598,0.9196
0.8209,0.625,0.7097,0.9192
0.7463,0.6024,0.6667,0.9113
0.7612,0.573,0.6538,0.9144
0.8788,0.5686,0.6905,0.9262
0.7879,0.5843,0.671,0.8939
0.7576,0.5747,0.6536,0.9014
0.7273,0.48,0.5783,0.8739
0.8939,0.5,0.6413,0.9135
0.7273,0.6575,0.6906,0.9234
0.7612,0.5,0.6036,0.8707
0.7463,0.5556,0.6369,0.8977
0.7463,0.5618,0.641,0.8917
0.9254,0.4769,0.6294,0.9056
0.8485,0.5714,0.6829,0.9133
0.8485,0.5091,0.6364,0.9042
0.8788,0.58,0.6988,0.9422
0.7576,0.4854,0.5917,0.8773
0.7879,0.6265,0.698,0.9314
0.7576,0.5376,0.6289,0.8929
0.8657,0.5,0.6339,0.8929
0.7463,0.5051,0.6024,0.888
0.7761,0.6118,0.6842,0.9202
0.7463,0.5556,0.6369,0.9004
0.7727,0.5667,0.6538,0.9052
0.8333,0.514,0.6358,0.9134
0.8788,0.5,0.6374,0.8953
0.7273,0.5,0.5926,0.8729
0.7879,0.5909,0.6753,0.9123
0.7576,0.5682,0.6494,0.9095
0.791,0.6163,0.6928,0.8993
0.9104,0.4919,0.6387,0.9096
0.8507,0.5135,0.6404,0.9033
0.8955,0.5042,0.6452,0.9104
0.7879,0.5417,0.642,0.8974
0.6818,0.5294,0.596,0.8903
0.8636,0.5758,0.6909,0.9228
0.8485,0.4553,0.5926,0.873
0.8788,0.5472,0.6744,0.9115
0.7879,0.65,0.7123,0.9124
0.791,0.5889,0.6752,0.908
0.9104,0.4178,0.5728,0.8714
0.8209,0.5612,0.6667,0.8943
0.8209,0.4955,0.618,0.9077
0.7727,0.6071,0.68,0.9222
0.7121,0.5732,0.6351,0.8886
0.8485,0.4444,0.5833,0.8684
0.8485,0.5,0.6292,0.9004
0.7612,0.573,0.6538,0.9167
0.8358,0.5091,0.6328,0.9032
0.6716,0.5233,0.5882,0.8707
0.7463,0.6098,0.6711,0.8978
0.803,0.4649,0.5889,0.8694
0.7727,0.6,0.6755,0.9089
0.9091,0.5405,0.678,0.9171
0.8333,0.5288,0.6471,0.8914
0.9394,0.4921,0.6458,0.9059
0.7121,0.6026,0.6528,0.8862
0.7576,0.5952,0.6667,0.9003
0.7879,0.5909,0.6753,0.9039
0.9104,0.581,0.7093,0.952
0.8507,0.5089,0.6369,0.8927
0.9403,0.504,0.6563,0.9254
0.6866,0.5897,0.6345,0.9026
0.9091,0.4762,0.625,0.9019
0.6515,0.5119,0.5733,0.8565
0.803,0.5096,0.6235,0.8991
0.8182,0.5455,0.6545,0.8899
0.7727,0.573,0.6581,0.9133
0.9091,0.4255,0.5797,0.8667
0.6866,0.5349,0.6013,0.8775
0.7612,0.6071,0.6755,0.918
0.8657,0.5043,0.6374,0.9082
0.8209,0.5851,0.6832,0.9021
0.7424,0.5052,0.6012,0.8808
0.8485,0.5833,0.6914,0.9162
0.803,0.5761,0.6709,0.9201
0.8636,0.5429,0.6667,0.9138
0.8507,0.5,0.6298,0.9176
0.7463,0.5155,0.6098,0.8982
0.8507,0.4872,0.6196,0.887
0.8209,0.4508,0.582,0.8787
0.7879,0.5977,0.6797,0.9144
0.6667,0.4583,0.5432,0.8594
0.9545,0.5526,0.7,0.9427
0.7879,0.5714,0.6624,0.915
0.8636,0.479,0.6162,0.8943
0.7121,0.6812,0.6963,0.9133
0.8209,0.5789,0.679,0.9204
0.806,0.6667,0.7297,0.9392
0.8358,0.459,0.5926,0.8899
0.8358,0.5437,0.6588,0.9013
0.7879,0.5652,0.6582,0.9062
0.6212,0.6029,0.6119,0.8581
0.6818,0.6,0.6383,0.9064
0.7727,0.5667,0.6538,0.9149
0.8182,0.4286,0.5625,0.8541
0.8333,0.5851,0.6875,0.9122
0.9091,0.4918,0.6383,0.9188
0.8939,0.4836,0.6277,0.9101
0.8806,0.596,0.7108,0.9336
0.6716,0.5696,0.6164,0.8929
0.8358,0.5091,0.6328,0.9069
0.7761,0.642,0.7027,0.9018
0.8485,0.4786,0.612,0.897
0.7121,0.5222,0.6026,0.8951
0.7121,0.5281,0.6065,0.8675
0.7727,0.4766,0.5896,0.8762
0.806,0.587,0.6792,0.909
0.8806,0.5,0.6378,0.9095
0.7463,0.5208,0.6135,0.8876
0.8806,0.4758,0.6178,0.8835
0.7576,0.6173,0.6803,0.9025
0.7879,0.5977,0.6797,0.907
0.7576,0.6329,0.6897,0.8995
0.7576,0.5263,0.6211,0.9101
0.7424,0.5385,0.6242,0.8674
0.7576,0.5952,0.6667,0.897
0.7424,0.6282,0.6806,0.9139
0.9242,0.4959,0.6455,0.8967
0.8358,0.5138,0.6364,0.8955
0.7612,0.5258,0.622,0.8927
0.7015,0.6184,0.6573,0.9027
0.9552,0.4961,0.6531,0.9346
0.803,0.5096,0.6235,0.8935
0.6818,0.5556,0.6122,0.8929
0.7273,0.6,0.6575,0.8818
0.8636,0.4914,0.6264,0.8935
0.8939,0.4538,0.602,0.8779
0.6818,0.5844,0.6294,0.8713
0.7612,0.4951,0.6,0.8884
0.7313,0.5269,0.6125,0.9017
0.8209,0.514,0.6322,0.9037
0.9254,0.5439,0.6851,0.9204
0.9545,0.5526,0.7,0.9355
0.7879,0.4906,0.6047,0.8928
0.7727,0.4904,0.6,0.8946
0.8485,0.56,0.6747,0.9081
0.8182,0.551,0.6585,0.914
0.8939,0.6277,0.7375,0.9398
0.7612,0.5426,0.6335,0.9007
0.791,0.5638,0.6584,0.9103
0.8209,0.5556,0.6627,0.8792
0.6119,0.5857,0.5985,0.8676
0.8485,0.5283,0.6512,0.9037
0.7879,0.5474,0.646,0.9066
0.8485,0.4956,0.6257,0.8849
0.8636,0.4524,0.5938,0.8856
0.803,0.5521,0.6543,0.9145
0.803,0.5699,0.6667,0.9025
0.806,0.587,0.6792,0.9253
0.8209,0.4741,0.6011,0.8908
0.7463,0.6173,0.6757,0.9096
0.8507,0.4831,0.6162,0.8738
0.8788,0.464,0.6073,0.902
0.7879,0.5361,0.638,0.9012
0.7727,0.6071,0.68,0.9171
0.803,0.6163,0.6974,0.9273
0.7727,0.5484,0.6415,0.9003
0.8485,0.5045,0.6328,0.8818
0.8806,0.437,0.5842,0.8674
0.7761,0.619,0.6887,0.9206
0.8507,0.5876,0.6951,0.9198
0.806,0.5934,0.6835,0.9173
0.8788,0.464,0.6073,0.8911
0.7879,0.5417,0.642,0.9017
0.8485,0.5138,0.64,0.9228
0.7121,0.5529,0.6225,0.8825
0.7273,0.5517,0.6275,0.8965
0.7727,0.5258,0.6258,0.8909
0.806,0.6,0.6879,0.9007
0.8507,0.5644,0.6786,0.9089
0.9403,0.5122,0.6632,0.9091
0.8358,0.5833,0.6871,0.92
0.8939,0.4876,0.631,0.9085
0.7273,0.5393,0.6194,0.8889
0.8182,0.5684,0.6708,0.9055
0.803,0.5096,0.6235,0.8883
0.7761,0.52,0.6228,0.8898
0.6567,0.5867,0.6197,0.8967
0.8955,0.4959,0.6383,0.9129
0.8657,0.5273,0.6554,0.9088
0.8182,0.4696,0.5967,0.8887
0.9091,0.5405,0.678,0.9184
0.803,0.5354,0.6424,0.914
0.7424,0.6364,0.6853,0.8933
0.8939,0.5413,0.6743,0.9198
0.803,0.4732,0.5955,0.8804
0.8209,0.55,0.6587,0.8933
0.9552,0.4507,0.6124,0.8943
0.8209,0.5729,0.6748,0.9053
0.6716,0.6429,0.6569,0.9139
0.9242,0.5,0.6489,0.9211
0.8485,0.5333,0.655,0.9058
0.7879,0.52,0.6265,0.8986
0.8333,0.5189,0.6395,0.9057
0.8485,0.5185,0.6437,0.9212
0.7727,0.4474,0.5667,0.871
0.803,0.631,0.7067,0.9335
0.7273,0.5393,0.6194,0.8894
0.6567,0.557,0.6027,0.8761
0.7612,0.5426,0.6335,0.8969
0.7313,0.6125,0.6667,0.9226
0.9254,0.5167,0.6631,0.9094
0.9091,0.4762,0.625,0.8835
0.9091,0.5085,0.6522,0.9145
0.7273,0.5106,0.6,0.8832
0.8636,0.479,0.6162,0.8995
0.7879,0.5,0.6118,0.8917
0.7576,0.5376,0.6289,0.8883
0.791,0.5889,0.6752,0.9111
0.8209,0.6322,0.7143,0.9249
0.9254,0.4627,0.6169,0.8812
0.791,0.5354,0.6386,0.8881
0.7273,0.64,0.6809,0.9126
0.8939,0.4504,0.599,0.8901
0.8939,0.5086,0.6484,0.9234
0.7273,0.6,0.6575,0.9042
0.803,0.5408,0.6463,0.9023
0.8788,0.4915,0.6304,0.891
0.791,0.6543,0.7162,0.9206
0.7313,0.5269,0.6125,0.8928
0.7463,0.5747,0.6494,0.8885
0.8507,0.4914,0.623,0.8943
0.7424,0.5385,0.6242,0.894
0.8182,0.6353,0.7152,0.9395
0.8636,0.5,0.6333,0.8817
0.8939,0.4836,0.6277,0.9012
0.8485,0.5957,0.7,0.9289
0.7424,0.5326,0.6203,0.8821
0.791,0.4109,0.5408,0.8621
0.8806,0.5619,0.686,0.908
0.8507,0.5229,0.6477,0.9088
0.7313,0.5833,0.649,0.8974
0.7424,0.6125,0.6712,0.9136
0.8788,0.5,0.6374,0.9206
0.7879,0.5591,0.6541,0.9078
0.8485,0.4516,0.5895,0.8921
0.7727,0.4595,0.5763,0.8872
0.8939,0.5268,0.6629,0.9137
0.7612,0.5543,0.6415,0.8964
0.6418,0.5375,0.585,0.8813
0.8806,0.4758,0.6178,0.9012
0.7761,0.5714,0.6582,0.8961
0.9091,0.5405,0.678,0.9142
0.8636,0.4957,0.6298,0.9063
0.7121,0.5802,0.6395,0.9031
0.7727,0.5604,0.6497,0.8872
0.8209,0.5093,0.6286,0.8945
0.7313,0.5698,0.6405,0.8813
0.8209,0.6044,0.6962,0.907
0.8209,0.514,0.6322,0.9139
0.9091,0.4412,0.5941,0.8989
0.6818,0.5921,0.6338,0.9077
0.8333,0.5446,0.6587,0.9189
0.6818,0.5422,0.604,0.8879
0.8636,0.4634,0.6032,0.8854
0.7576,0.5952,0.6667,0.9072
0.7121,0.5341,0.6104,0.899
0.8485,0.6512,0.7368,0.9227
0.7761,0.4771,0.5909,0.9025
0.8806,0.4683,0.6114,0.9064
0.791,0.5761,0.6667,0.8983
0.8806,0.4917,0.631,0.8998
0.8636,0.5089,0.6404,0.8994
0.8182,0.5347,0.6467,0.9022
0.8788,0.4915,0.6304,0.9152
0.7727,0.5368,0.6335,0.8699
0.803,0.4309,0.5608,0.8548
0.8182,0.5143,0.6316,0.9015
0.9701,0.5508,0.7027,0.9422
0.7015,0.5949,0.6438,0.8748
0.806,0.5047,0.6207,0.9066
0.9701,0.4924,0.6533,0.9275
0.7727,0.573,0.6581,0.8976
0.7879,0.5306,0.6341,0.8955
0.6212,0.5942,0.6074,0.9009
0.7727,0.5667,0.6538,0.9033
0.8788,0.4915,0.6304,0.9037
0.8939,0.5086,0.6484,0.9008
0.791,0.5146,0.6235,0.9014
0.806,0.5192,0.6316,0.9023
0.7463,0.5495,0.6329,0.9105
0.8358,0.4956,0.6222,0.888
0.7879,0.5417,0.642,0.8912
0.8939,0.5,0.6413,0.9181
0.7424,0.5833,0.6533,0.8963
0.7576,0.5435,0.6329,0.8879
0.7121,0.5875,0.6438,0.8966
0.7576,0.5747,0.6536,0.89
0.6567,0.5238,0.5828,0.873
0.9104,0.4803,0.6289,0.9064
0.8955,0.5455,0.678,0.9245
0.8358,0.5957,0.6957,0.9165
0.7727,0.4595,0.5763,0.8829
0.9091,0.5085,0.6522,0.9295
0.7879,0.7027,0.7429,0.9462
0.6364,0.4884,0.5526,0.8534
0.7015,0.5529,0.6184,0.8961
0.7612,0.5484,0.6375,0.9014
0.7612,0.5604,0.6456,0.8972
0.8209,0.5189,0.6358,0.8733
0.8182,0.5455,0.6545,0.9083
0.8182,0.5094,0.6279,0.9013
0.7424,0.5833,0.6533,0.8966
0.8485,0.5333,0.655,0.9212
0.8182,0.4463,0.5775,0.8878
0.9091,0.4317,0.5854,0.8907
0.8636,0.5876,0.6994,0.9215
0.7121,0.5732,0.6351,0.8855
0.8657,0.537,0.6629,0.9032
0.8806,0.5175,0.6519,0.9153
0.8209,0.5189,0.6358,0.891
0.6716,0.5294,0.5921,0.8659
0.8788,0.5133,0.648,0.9091
0.8485,0.5234,0.6474,0.9097
0.8788,0.4915,0.6304,0.9006
0.7879,0.5843,0.671,0.9124
0.7879,0.6118,0.6887,0.9251
0.8485,0.5895,0.6957,0.9261
0.791,0.5955,0.6795,0.9168
0.7612,0.5604,0.6456,0.9076
0.7313,0.4757,0.5765,0.8805
0.8209,0.6044,0.6962,0.9266
0.8182,0.6067,0.6968,0.9202
0.7273,0.5581,0.6316,0.8885
0.7424,0.5269,0.6164,0.8748
0.8485,0.4444,0.5833,0.8682
0.8485,0.5657,0.6788,0.931
0.8333,0.5288,0.6471,0.9138
0.806,0.4865,0.6067,0.8802
0.8358,0.4956,0.6222,0.9007
0.7463,0.5435,0.6289,0.909
0.8209,0.567,0.6707,0.9073
0.803,0.5761,0.6709,0.9102
0.6818,0.625,0.6522,0.9096
0.7424,0.5568,0.6364,0.8893
0.7576,0.5208,0.6173,0.8794
0.7121,0.5595,0.6267,0.8816
0.8939,0.4646,0.6114,0.8739
0.8955,0.625,0.7362,0.9419
0.8507,0.4634,0.6,0.882
0.7761,0.4952,0.6047,0.8738
0.791,0.5521,0.6503,0.9118
0.7424,0.5104,0.6049,0.8898
0.7727,0.6145,0.6846,0.9181
0.7273,0.5333,0.6154,0.9042
0.8788,0.4793,0.6203,0.8998
0.8333,0.55,0.6627,0.902
0.8788,0.5743,0.6946,0.9196
0.8209,0.4783,0.6044,0.9081
0.7015,0.5465,0.6144,0.8878
0.7313,0.5904,0.6533,0.9235
0.8507,0.4914,0.623,0.8895
0.8182,0.5094,0.6279,0.8984
0.8636,0.5327,0.659,0.9057
0.9091,0.5042,0.6486,0.9027
0.8636,0.475,0.6129,0.8787
0.9697,0.5517,0.7033,0.9548
0.6212,0.5694,0.5942,0.8917
0.806,0.4696,0.5934,0.8846
0.791,0.6023,0.6839,0.9279
0.9104,0.4326,0.5865,0.8855
0.8358,0.5895,0.6914,0.917
0.6212,0.5467,0.5816,0.8701
0.7576,0.625,0.6849,0.9147
0.697,0.5679,0.6259,0.8787
0.7879,0.5417,0.642,0.8919
0.7121,0.6351,0.6714,0.9033
0.7879,0.5049,0.6154,0.8832
0.8507,0.4831,0.6162,0.8954
0.7463,0.5208,0.6135,0.8926
0.9104,0.4519,0.604,0.8974
0.6716,0.5696,0.6164,0.8631
0.8939,0.5086,0.6484,0.9045
0.9091,0.5172,0.6593,0.9276
0.8636,0.4831,0.6196,0.8988
0.7424,0.5568,0.6364,0.9104
0.803,0.4732,0.5955,0.8759
0.7727,0.5258,0.6258,0.8982
0.806,0.6835,0.7397,0.9265
0.6119,0.6406,0.626,0.8784
0.7164,0.5854,0.6443,0.8877
0.8507,0.5429,0.6628,0.9055
0.7121,0.5529,0.6225,0.8913
0.7576,0.5102,0.6098,0.8765
0.7424,0.6125,0.6712,0.9222
0.8333,0.5093,0.6322,0.9099
0.8209,0.5288,0.6433,0.8935
0.8209,0.625,0.7097,0.935
0.9104,0.4552,0.607,0.9034
0.8358,0.6222,0.7134,0.9326
0.697,0.561,0.6216,0.8772
0.803,0.4818,0.6023,0.8893
0.6667,0.5641,0.6111,0.8928
0.8636,0.4831,0.6196,0.8802
0.8788,0.4677,0.6105,0.9083
0.7879,0.5909,0.6753,0.9196
0.8507,0.5229,0.6477,0.918
0.806,0.4865,0.6067,0.8926
0.791,0.5048,0.6163,0.8987
0.8358,0.5138,0.6364,0.9109
0.8788,0.5421,0.6705,0.9148
0.7424,0.5632,0.6405,0.8887
0.8485,0.5833,0.6914,0.9173
0.7727,0.51,0.6145,0.8735
0.6364,0.5676,0.6,0.8804
0.7727,0.5258,0.6258,0.8925
0.8806,0.5315,0.6629,0.9131
0.8507,0.4831,0.6162,0.8924
0.8209,0.5238,0.6395,0.8838
0.791,0.5955,0.6795,0.8956
0.8485,0.4956,0.6257,0.903
0.8939,0.4917,0.6344,0.8991
0.697,0.575,0.6301,0.9005
0.8485,0.5833,0.6914,0.9115
0.9394,0.446,0.6049,0.9043
0.7879,0.5778,0.6667,0.8958
0.9242,0.4388,0.5951,0.8743
0.803,0.4953,0.6127,0.8975
0.806,0.5294,0.6391,0.9086
0.7164,0.5926,0.6486,0.912
0.7015,0.662,0.6812,0.9204
0.8209,0.6627,0.7333,0.927
0.6818,0.6716,0.6767,0.9195
0.6818,0.5625,0.6164,0.8869
0.803,0.469,0.5922,0.8834
0.8636,0.4872,0.623,0.8954
0.8788,0.4957,0.6339,0.9095
0.7727,0.6071,0.68,0.8994
0.8657,0.4793,0.617,0.8964
0.8507,0.4914,0.623,0.9012
0.7313,0.6125,0.6667,0.9001
0.7313,0.6049,0.6622,0.8977
0.9242,0.4841,0.6354,0.9137
0.7879,0.5532,0.65,0.9012
0.7273,0.5647,0.6358,0.8944
0.803,0.5354,0.6424,0.9112
0.7879,0.5474,0.646,0.8991
0.7727,0.5667,0.6538,0.8939
0.7463,0.463,0.5714,0.8614
0.7612,0.593,0.6667,0.9102
0.8955,0.4918,0.6349,0.9079
0.9104,0.5446,0.6816,0.9276
0.8636,0.5229,0.6514,0.9144
0.8333,0.514,0.6358,0.9068
0.7576,0.5495,0.6369,0.9016
0.8485,0.4628,0.5989,0.8989
0.803,0.4492,0.5761,0.8793
0.803,0.5761,0.6709,0.9165
0.806,0.5143,0.6279,0.9024
0.7612,0.573,0.6538,0.9072
0.8209,0.5238,0.6395,0.8988
0.8806,0.513,0.6484,0.922
0.7121,0.6528,0.6812,0.9228
0.8182,0.587,0.6835,0.9158
0.697,0.5169,0.5935,0.8737
0.8333,0.5446,0.6587,0.898
0.7761,0.5843,0.6667,0.9017
0.8657,0.4915,0.627,0.9019
0.9104,0.5922,0.7176,0.9307
0.791,0.5638,0.6584,0.9
0.7273,0.5053,0.5963,0.8695
0.7879,0.5532,0.65,0.9009
0.7273,0.6076,0.6621,0.89
0.803,0.5955,0.6839,0.9157
0.8182,0.4655,0.5934,0.8635
0.8182,0.5745,0.675,0.9048
0.8939,0.4504,0.599,0.8993
0.6818,0.6338,0.6569,0.9052
0.7612,0.5313,0.6258,0.9044
0.8657,0.5979,0.7073,0.9213
0.7761,0.486,0.5977,0.9021
0.8657,0.5421,0.6667,0.9077
0.803,0.5464,0.6503,0.8804
0.7727,0.5426,0.6375,0.8997
0.697,0.5111,0.5897,0.8766
0.8333,0.567,0.6748,0.91
0.7121,0.6351,0.6714,0.9028
0.7879,0.5049,0.6154,0.885
0.8209,0.567,0.6707,0.9036
0.7313,0.5506,0.6282,0.8823
0.791,0.631,0.702,0.9157
0.7612,0.5258,0.622,0.8983
0.7727,0.6,0.6755,0.9152
0.803,0.5464,0.6503,0.9223
0.7727,0.5484,0.6415,0.8891
0.8788,0.4677,0.6105,0.9096
0.8182,0.6667,0.7347,0.9431
0.6818,0.6338,0.6569,0.8972
0.7612,0.5604,0.6456,0.9026
0.8507,0.4711,0.6064,0.8792
0.7761,0.5778,0.6624,0.9059
0.806,0.5684,0.6667,0.8955
0.697,0.561,0.6216,0.8763
0.7121,0.5529,0.6225,0.8821
0.8485,0.5045,0.6328,0.9271
0.9091,0.4412,0.5941,0.8869
0.8485,0.4912,0.6222,0.8931
0.6364,0.5455,0.5874,0.8756
0.7612,0.5795,0.6581,0.9122
0.7761,0.5,0.6082,0.8782
0.7164,0.5393,0.6154,0.8864
0.9552,0.5517,0.6995,0.9245
0.7727,0.573,0.6581,0.9058
0.803,0.5761,0.6709,0.9046
0.8333,0.5392,0.6548,0.9153
0.8636,0.4634,0.6032,0.898
0.7424,0.5104,0.6049,0.88
0.7576,0.5376,0.6289,0.8839
0.8507,0.5,0.6298,0.8997
0.806,0.5243,0.6353,0.8905
0.8209,0.55,0.6587,0.9148
0.8507,0.5816,0.6909,0.9155
0.8788,0.4874,0.627,0.9061
0.8636,0.5327,0.659,0.9115
0.8182,0.587,0.6835,0.9132
0.8485,0.5234,0.6474,0.9081
0.8939,0.5,0.6413,0.9146
0.6818,0.5921,0.6338,0.8944
0.9104,0.4326,0.5865,0.8904
0.8209,0.55,0.6587,0.9185
0.8657,0.4793,0.617,0.8702
0.7015,0.6026,0.6483,0.9049
0.9394,0.5167,0.6667,0.9074
0.803,0.4862,0.6057,0.9003
0.7424,0.6125,0.6712,0.9212
0.8788,0.4427,0.5888,0.8984
0.8636,0.4597,0.6,0.8809
0.8485,0.5437,0.6627,0.9194
0.8955,0.5882,0.7101,0.9177
0.8806,0.4758,0.6178,0.9034
0.806,0.6,0.6879,0.9187
0.6567,0.5714,0.6111,0.8823
0.8485,0.459,0.5957,0.8693
0.7879,0.5253,0.6303,0.8938
0.7121,0.5529,0.6225,0.8943
0.8485,0.5437,0.6627,0.9295
0.791,0.6235,0.6974,0.9115
0.7612,0.6,0.6711,0.9244
0.7761,0.65,0.7075,0.9274
0.9104,0.5126,0.6559,0.9279
0.697,0.5679,0.6259,0.8801
0.8636,0.4286,0.5729,0.8792
0.8182,0.5143,0.6316,0.8892
0.803,0.5579,0.6584,0.921
0.8636,0.5044,0.6369,0.8762
0.6667,0.5432,0.5986,0.8892
0.7879,0.5098,0.619,0.8919
0.8182,0.5455,0.6545,0.9173
0.7612,0.51,0.6108,0.8808
0.7463,0.5556,0.6369,0.8963
0.7612,0.5484,0.6375,0.9139
0.806,0.6353,0.7105,0.9231
0.7879,0.5098,0.619,0.8979
0.7879,0.5417,0.642,0.8968
0.7273,0.5393,0.6194,0.8974
0.9545,0.525,0.6774,0.9122
0.7424,0.6049,0.6667,0.9081
0.9091,0.4762,0.625,0.909
0.6866,0.6216,0.6525,0.8991
0.8358,0.5657,0.6747,0.912
0.8358,0.549,0.6627,0.9039
0.9104,0.5169,0.6595,0.9184
0.7576,0.5263,0.6211,0.8815
0.697,0.5,0.5823,0.8707
0.7727,0.5795,0.6623,0.9125
0.8333,0.618,0.7097,0.9205
0.7273,0.5333,0.6154,0.8803
0.8636,0.5229,0.6514,0.907
0.8955,0.5405,0.6742,0.8996
0.7313,0.6364,0.6806,0.9163
0.8657,0.5133,0.6444,0.9042
0.7015,0.5875,0.6395,0.9001
0.8788,0.5043,0.6409,0.909
0.9091,0.5505,0.6857,0.9262
0.8636,0.479,0.6162,0.8876
0.7273,0.5647,0.6358,0.888
0.803,0.5638,0.6625,0.8983
0.9091,0.5172,0.6593,0.92
0.7164,0.5854,0.6443,0.8931
0.7761,0.4952,0.6047,0.8824
0.8657,0.5133,0.6444,0.8893
0.7463,0.6098,0.6711,0.8977
0.8636,0.5481,0.6706,0.9084
0.8636,0.5278,0.6552,0.8999
0.803,0.4569,0.5824,0.8705
0.803,0.5955,0.6839,0.9252
0.8182,0.5745,0.675,0.9182
0.8788,0.537,0.6667,0.9238
0.8955,0.4688,0.6154,0.8928
0.8209,0.4622,0.5914,0.861
0.7313,0.5976,0.6577,0.9067
0.8358,0.5545,0.6667,0.9214
0.7273,0.5,0.5926,0.8782
0.7424,0.4949,0.5939,0.8873
0.7576,0.5682,0.6494,0.8893
0.697,0.575,0.6301,0.8928
0.7879,0.52,0.6265,0.8864
0.8939,0.5413,0.6743,0.9177
0.7313,0.5269,0.6125,0.8696
0.8657,0.5,0.6339,0.9051
0.791,0.5464,0.6463,0.9097
0.8209,0.4783,0.6044,0.8752
0.8636,0.5229,0.6514,0.9166
0.8485,0.5957,0.7,0.9339
0.8788,0.5631,0.6864,0.9153
0.6364,0.525,0.5753,0.8609
0.9394,0.5254,0.6739,0.9223
0.8182,0.5567,0.6626,0.906
0.8358,0.5657,0.6747,0.912
0.9104,0.4959,0.6421,0.9141
0.6866,0.575,0.6259,0.8862
0.791,0.5408,0.6424,0.8893
0.7121,0.5402,0.6144,0.8655
0.8182,0.5934,0.6879,0.9139
0.7879,0.6341,0.7027,0.923
0.7273,0.5783,0.6443,0.9007
0.8485,0.5333,0.655,0.9244
0.8182,0.587,0.6835,0.9082
0.7463,0.5495,0.6329,0.883
0.8209,0.5,0.6215,0.9063
0.8358,0.5833,0.6871,0.9033
0.8358,0.5,0.6257,0.9079
0.7424,0.5632,0.6405,0.8818
0.803,0.5408,0.6463,0.9019
0.8939,0.513,0.6519,0.9073
0.7727,0.5368,0.6335,0.9008
0.7273,0.5783,0.6443,0.9027
0.8485,0.5185,0.6437,0.9034
0.806,0.5192,0.6316,0.8936
0.7313,0.5385,0.6203,0.881
0.8955,0.5085,0.6486,0.9069
0.7612,0.573,0.6538,0.907
0.8788,0.4874,0.627,0.924
0.8182,0.4821,0.6067,0.8683
0.7424,0.6049,0.6667,0.9216
0.8788,0.4874,0.627,0.9046
0.7879,0.5909,0.6753,0.902
0.9394,0.4593,0.6169,0.9093
0.7164,0.48,0.5749,0.8936
0.9552,0.5289,0.6809,0.9401
0.7612,0.573,0.6538,0.9124
0.6269,0.5385,0.5793,0.8657
0.8939,0.472,0.6178,0.8899
0.8485,0.5333,0.655,0.9109
0.7273,0.5854,0.6486,0.9043
0.8333,0.4741,0.6044,0.8874
0.697,0.6301,0.6619,0.9082
0.8182,0.4576,0.587,0.8824
0.7612,0.5426,0.6335,0.8865
0.8657,0.5273,0.6554,0.9041
0.791,0.6023,0.6839,0.9067
0.791,0.5354,0.6386,0.9094
0.8788,0.5321,0.6629,0.9055
0.7727,0.6,0.6755,0.9072
0.9394,0.5167,0.6667,0.9305
0.7273,0.5783,0.6443,0.8841
0.8788,0.5472,0.6744,0.9227
0.8333,0.5556,0.6667,0.8999
0.8507,0.5135,0.6404,0.9213
0.8806,0.4758,0.6178,0.8753
0.806,0.4779,0.6,0.8988
0.806,0.5934,0.6835,0.9093
0.803,0.5638,0.6625,0.9021
0.7576,0.5556,0.641,0.8836
0.7424,0.6447,0.6901,0.9092
0.6818,0.4945,0.5732,0.8765
0.697,0.5679,0.6259,0.8999
0.8788,0.537,0.6667,0.9239
0.7463,0.6173,0.6757,0.9157
0.8507,0.475,0.6096,0.9044
0.8806,0.4403,0.5871,0.8722
0.7463,0.5,0.5988,0.8811
0.803,0.6163,0.6974,0.9121
0.6667,0.5238,0.5867,0.8852
0.7273,0.5053,0.5963,0.9091
0.7879,0.619,0.6933,0.9265
0.7424,0.5052,0.6012,0.9044
0.8939,0.5364,0.6705,0.9211
0.7463,0.6329,0.6849,0.9139
0.8806,0.4876,0.6277,0.9051
0.8955,0.4878,0.6316,0.9124
0.8358,0.549,0.6627,0.9032
0.7273,0.4615,0.5647,0.8661
0.7273,0.5783,0.6443,0.9083
0.7879,0.4333,0.5591,0.859
0.8939,0.4958,0.6378,0.907
0.8507,0.4914,0.623,0.9084
0.6716,0.6081,0.6383,0.9056
0.7612,0.5258,0.622,0.871
0.9104,0.5755,0.7052,0.9155
0.7424,0.5765,0.649,0.899
0.697,0.5412,0.6093,0.8897
0.7576,0.5618,0.6452,0.8968
0.9697,0.4776,0.64,0.9108
0.7424,0.6533,0.695,0.9316
0.8939,0.5566,0.686,0.9055
0.7015,0.6267,0.662,0.8944
0.7612,0.5,0.6036,0.8761
0.9254,0.5041,0.6526,0.9015
0.8358,0.4786,0.6087,0.8873
0.7121,0.6026,0.6528,0.9046
0.7273,0.5053,0.5963,0.8624
0.8636,0.5278,0.6552,0.9189
0.697,0.5412,0.6093,0.8942
0.7576,0.6024,0.6711,0.9114
0.9394,0.5794,0.7168,0.9425
0.7273,0.5714,0.64,0.8824
0.7273,0.5714,0.64,0.8916
0.9403,0.504,0.6563,0.933
0.7612,0.6145,0.68,0.9076
0.9701,0.4779,0.6404,0.9157
0.7761,0.5591,0.65,0.8841
0.7273,0.5783,0.6443,0.8918
0.7424,0.5269,0.6164,0.9043
0.7576,0.5376,0.6289,0.8854
0.7576,0.4902,0.5952,0.8813
0.7879,0.5253,0.6303,0.8776
0.8788,0.4677,0.6105,0.8853
0.8358,0.4628,0.5957,0.8625
0.8358,0.6747,0.7467,0.934
0.791,0.5889,0.6752,0.9247
0.7463,0.5618,0.641,0.904
0.8636,0.4634,0.6032,0.8897
0.7424,0.5632,0.6405,0.8752
0.9545,0.5385,0.6885,0.9433
0.6667,0.6377,0.6519,0.9052
0.7313,0.5326,0.6164,0.8966
0.791,0.5761,0.6667,0.9059
0.7463,0.5208,0.6135,0.8705
0.9104,0.488,0.6354,0.9203
0.7727,0.5,0.6071,0.8783
0.8636,0.4914,0.6264,0.9044
0.8636,0.5,0.6333,0.9111
0.7879,0.5417,0.642,0.9057
0.6667,0.5789,0.6197,0.8796
0.7424,0.6203,0.6759,0.9132
0.9091,0.5128,0.6557,0.901
0.9091,0.5941,0.7186,0.9335
0.791,0.6543,0.7162,0.9148
0.8507,0.4351,0.5758,0.8881
0.8358,0.5138,0.6364,0.8932
0.7612,0.5484,0.6375,0.8803
0.8485,0.549,0.6667,0.9086
0.6818,0.4639,0.5521,0.8568
0.8939,0.5315,0.6667,0.9168
0.7121,0.5875,0.6438,0.9005
0.7727,0.5862,0.6667,0.902
0.8485,0.549,0.6667,0.9395
0.7313,0.4757,0.5765,0.8729
0.8209,0.5288,0.6433,0.8872
0.8955,0.4839,0.6283,0.907
0.6716,0.5556,0.6081,0.895
0.8939,0.4917,0.6344,0.8925
0.8939,0.5673,0.6941,0.9429
0.7121,0.5402,0.6144,0.8782
0.8636,0.4711,0.6096,0.8877
0.803,0.5699,0.6667,0.8923
0.697,0.561,0.6216,0.8757
0.9254,0.5254,0.6703,0.9228
0.7313,0.5833,0.649,0.9179
0.8806,0.4758,0.6178,0.899
0.8657,0.6042,0.7117,0.9308
0.7879,0.4771,0.5943,0.8941
0.7576,0.6024,0.6711,0.9125
0.697,0.561,0.6216,0.881
0.9242,0.4519,0.607,0.8828
0.8182,0.6279,0.7105,0.9299
0.7273,0.5275,0.6115,0.8837
0.791,0.469,0.5889,0.8769
0.7761,0.5306,0.6303,0.8953
0.8209,0.5046,0.625,0.8824
0.8507,0.5588,0.6746,0.9191
0.7273,0.5517,0.6275,0.8993
0.8182,0.6136,0.7013,0.925
0.9091,0.4444,0.597,0.8991
0.697,0.575,0.6301,0.8855
0.8182,0.6279,0.7105,0.9279
0.6818,0.5114,0.5844,0.8621
0.6866,0.5227,0.5935,0.8709
0.806,0.54,0.6467,0.9069
0.8358,0.5657,0.6747,0.9085
0.8507,0.6264,0.7215,0.9219
0.9091,0.5172,0.6593,0.9085
0.8333,0.4583,0.5914,0.8733
0.8939,0.5086,0.6484,0.9189
0.8636,0.4957,0.6298,0.9044
0.8507,0.5876,0.6951,0.9064
0.8657,0.58,0.6946,0.9294
0.9254,0.6019,0.7294,0.9288
0.7612,0.51,0.6108,0.869
0.9091,0.5128,0.6557,0.9267
0.8788,0.4531,0.5979,0.8657
0.7879,0.6667,0.7222,0.9296
0.7879,0.4815,0.5977,0.8816
0.8182,0.6207,0.7059,0.9255
0.7273,0.5106,0.6,0.8748
0.7727,0.5543,0.6456,0.8988
0.7576,0.5495,0.6369,0.8969
0.8358,0.4628,0.5957,0.8855
0.7761,0.4815,0.5943,0.8852
0.9552,0.4103,0.574,0.9026
0.7164,0.6154,0.6621,0.9048
0.8788,0.4957,0.6339,0.9063
0.7273,0.6076,0.6621,0.9025
0.9394,0.4247,0.5849,0.8995
0.697,0.6053,0.6479,0.9013
0.7727,0.5368,0.6335,0.8887
0.8485,0.5,0.6292,0.8975
0.7313,0.5158,0.6049,0.8786
0.8955,0.5085,0.6486,0.9132
0.7463,0.5,0.5988,0.8797
0.7313,0.5632,0.6364,0.8937
0.9242,0.5083,0.6559,0.9183
0.7576,0.625,0.6849,0.9119
0.7879,0.5591,0.6541,0.9059
0.8333,0.4955,0.6215,0.9137
0.697,0.5412,0.6093,0.8705
0.7576,0.5814,0.6579,0.9067
0.9254,0.5,0.6492,0.9167
0.806,0.4909,0.6102,0.9035
0.8209,0.4911,0.6145,0.8691
0.7015,0.5341,0.6065,0.8798
0.9242,0.442,0.598,0.9121
0.9242,0.5083,0.6559,0.9164
0.9091,0.5455,0.6818,0.9274
0.8939,0.5315,0.6667,0.9115
0.803,0.4953,0.6127,0.9077
0.9091,0.4651,0.6154,0.8999
0.8955,0.5128,0.6522,0.9156
0.7015,0.5595,0.6225,0.9013
0.9552,0.4444,0.6066,0.8958
0.7463,0.6329,0.6849,0.9096
0.6061,0.678,0.64,0.9058
0.8788,0.4833,0.6237,0.912
0.7273,0.6,0.6575,0.9078
0.7273,0.5333,0.6154,0.8791
0.8636,0.479,0.6162,0.8921
0.7576,0.5435,0.6329,0.8995
0.8806,0.5619,0.686,0.9075
0.7612,0.6,0.6711,0.9107
0.7612,0.5862,0.6623,0.9044
0.8955,0.4762,0.6218,0.8997
0.8333,0.6044,0.7006,0.9218
0.8333,0.4741,0.6044,0.8908
0.7879,0.52,0.6265,0.8955
0.8485,0.6022,0.7044,0.9236
0.7121,0.5165,0.5987,0.8801
0.8485,0.5045,0.6328,0.9234
0.8358,0.5385,0.655,0.8994
0.7463,0.6024,0.6667,0.9041
0.8507,0.5429,0.6628,0.8924
0.8209,0.5,0.6215,0.8816
0.8636,0.5327,0.659,0.9247
0.8788,0.5133,0.648,0.9135
0.803,0.4732,0.5955,0.866
0.8182,0.5294,0.6429,0.9038
0.8182,0.5567,0.6626,0.9079
0.7879,0.5253,0.6303,0.9076
0.8358,0.6292,0.7179,0.9266
0.8358,0.4628,0.5957,0.8614
0.8806,0.4917,0.631,0.9051
0.791,0.4862,0.6023,0.8898
0.7273,0.5581,0.6316,0.8935
0.7879,0.5532,0.65,0.88
0.8333,0.5914,0.6918,0.9138
0.7576,0.5814,0.6579,0.9059
0.8485,0.4628,0.5989,0.8731
0.7727,0.4722,0.5862,0.8878
0.8806,0.4609,0.6051,0.9051
0.806,0.4655,0.5902,0.8647
0.9104,0.5214,0.663,0.9254
0.7761,0.5909,0.671,0.9126
0.7121,0.5165,0.5987,0.8717
0.8182,0.4954,0.6171,0.8952
0.9242,0.5446,0.6854,0.9255
0.8182,0.6067,0.6968,0.9212
0.6667,0.5714,0.6154,0.8841
0.9545,0.4257,0.5888,0.8989
0.806,0.5806,0.675,0.9186
0.8507,0.5327,0.6552,0.9146
0.8358,0.4746,0.6054,0.908
0.8955,0.4478,0.597,0.8966
0.6818,0.5769,0.625,0.9061
0.6818,0.5556,0.6122,0.893
0.7424,0.6364,0.6853,0.9044
0.7576,0.5495,0.6369,0.873
0.8788,0.5979,0.7117,0.928
0.803,0.5196,0.631,0.8841
0.9851,0.3976,0.5665,0.8814
0.6119,0.6029,0.6074,0.9119
0.8507,0.5481,0.6667,0.8898
0.8657,0.537,0.6629,0.9035
0.8636,0.4524,0.5938,0.8881
0.7121,0.5663,0.6309,0.9004
0.8333,0.5,0.625,0.912
0.7727,0.6456,0.7034,0.9238
0.8485,0.549,0.6667,0.9001
0.8182,0.5094,0.6279,0.8958
0.6866,0.5169,0.5897,0.8878
0.7612,0.5795,0.6581,0.8972
0.6866,0.5823,0.6301,0.892
0.8507,0.7125,0.7755,0.9417
0.8788,0.4462,0.5918,0.8753
0.8333,0.5288,0.6471,0.9114
0.8182,0.5347,0.6467,0.8967
0.7273,0.5455,0.6234,0.9038
0.7273,0.5714,0.64,0.8989
0.803,0.5048,0.6199,0.8904
0.8507,0.6,0.7037,0.9242
0.7761,0.486,0.5977,0.8921
0.9851,0.3929,0.5617,0.8991
0.7612,0.5484,0.6375,0.8921
0.8788,0.5088,0.6444,0.9072
0.7424,0.5833,0.6533,0.9066
0.697,0.5476,0.6133,0.89
0.7576,0.5376,0.6289,0.9059
0.8182,0.4576,0.587,0.8766
0.803,0.4862,0.6057,0.88
0.8955,0.5505,0.6818,0.9284
0.7015,0.5529,0.6184,0.8976
0.6418,0.6232,0.6324,0.9002
0.806,0.5455,0.6506,0.9133
0.6818,0.5556,0.6122,0.888
0.7121,0.5165,0.5987,0.8865
0.803,0.6023,0.6883,0.9142
0.8485,0.5957,0.7,0.9105
0.7879,0.52,0.6265,0.8916
0.9545,0.4846,0.6429,0.9313
0.806,0.4737,0.5967,0.8724
0.7015,0.6184,0.6573,0.905
0.8507,0.5534,0.6706,0.9204
0.791,0.5761,0.6667,0.9039
0.9848,0.3801,0.5485,0.8959
0.6515,0.5119,0.5733,0.87
0.803,0.5464,0.6503,0.8912
0.8636,0.5327,0.659,0.9035
0.8358,0.5234,0.6437,0.905
0.9552,0.4885,0.6465,0.9112
0.8209,0.5914,0.6875,0.914
0.6716,0.6522,0.6618,0.8971
0.7727,0.51,0.6145,0.8814
0.7879,0.5098,0.619,0.8972
0.803,0.5354,0.6424,0.9032
0.9545,0.4809,0.6396,0.937
0.8333,0.55,0.6627,0.8954
0.6667,0.5867,0.6241,0.889
