RUSBag
0.9518,0.7182,0.8187,0.9782
0.9157,0.8085,0.8588,0.9696
0.9167,0.77,0.837,0.9602
0.7857,0.7253,0.7543,0.9418
0.8675,0.766,0.8136,0.9659
0.8675,0.72,0.7869,0.9579
0.9277,0.7624,0.837,0.9716
0.9398,0.7879,0.8571,0.9791
0.9518,0.7524,0.8404,0.9776
0.9398,0.78,0.8525,0.9808
0.9398,0.8125,0.8715,0.9769
0.8675,0.7273,0.7912,0.9581
0.9405,0.6695,0.7822,0.969
0.869,0.7766,0.8202,0.9591
0.9157,0.7238,0.8085,0.9678
0.8916,0.7255,0.8,0.9681
0.9639,0.7407,0.8377,0.9721
0.8916,0.7255,0.8,0.9574
0.9157,0.7451,0.8216,0.9663
0.9036,0.8152,0.8571,0.9716
0.9036,0.7282,0.8065,0.9639
0.9398,0.6964,0.8,0.9782
0.9167,0.7624,0.8324,0.9704
0.881,0.7708,0.8222,0.9587
0.8916,0.8132,0.8506,0.9726
0.9518,0.7745,0.8541,0.9775
0.8795,0.7526,0.8111,0.9593
0.9157,0.717,0.8042,0.9651
0.9036,0.7732,0.8333,0.973
0.8675,0.72,0.7869,0.957
0.9157,0.8,0.8539,0.9713
0.8916,0.7327,0.8043,0.96
0.881,0.74,0.8043,0.959
0.9048,0.7451,0.8172,0.9721
0.9036,0.7143,0.7979,0.9503
0.988,0.7321,0.841,0.9738
0.9277,0.7778,0.8462,0.9764
0.9398,0.7879,0.8571,0.9746
0.9157,0.6726,0.7755,0.9592
0.9157,0.7677,0.8352,0.9713
0.9286,0.7959,0.8571,0.9766
0.8333,0.7692,0.8,0.9683
0.9036,0.7353,0.8108,0.9674
0.9277,0.7064,0.8021,0.9587
0.8675,0.7273,0.7912,0.9721
0.9157,0.7755,0.8398,0.975
0.9277,0.77,0.8415,0.9653
0.9157,0.7677,0.8352,0.9636
0.9036,0.7426,0.8152,0.9691
0.8916,0.6852,0.7749,0.9604
0.8929,0.7353,0.8065,0.9642
0.9167,0.7333,0.8148,0.9631
0.8675,0.699,0.7742,0.9549
0.8675,0.7742,0.8182,0.9656
0.9157,0.7037,0.7958,0.9599
0.9036,0.7653,0.8287,0.9653
0.9277,0.7333,0.8191,0.9674
0.9277,0.77,0.8415,0.9765
0.9639,0.7767,0.8602,0.983
0.9036,0.7732,0.8333,0.9639
0.9277,0.6581,0.77,0.9554
0.9036,0.75,0.8197,0.9647
0.881,0.7629,0.8177,0.9585
0.881,0.7475,0.8087,0.9548
0.8434,0.7527,0.7955,0.9625
0.9157,0.7238,0.8085,0.976
0.9518,0.7524,0.8404,0.9803
0.9518,0.79,0.8634,0.9872
0.9277,0.7778,0.8462,0.9693
0.9277,0.7476,0.828,0.9779
0.9286,0.7358,0.8211,0.9735
0.8333,0.7292,0.7778,0.9447
0.9518,0.79,0.8634,0.9685
0.8193,0.7083,0.7598,0.9367
0.9518,0.7182,0.8187,0.9733
0.8795,0.7228,0.7935,0.952
0.9398,0.7647,0.8432,0.9806
0.9277,0.8191,0.8701,0.9755
0.9518,0.7383,0.8316,0.9805
0.8675,0.7347,0.7956,0.9693
0.881,0.74,0.8043,0.9603
0.9286,0.6724,0.78,0.9708
0.8795,0.7157,0.7892,0.9567
0.8795,0.8202,0.8488,0.9697
0.8916,0.6981,0.7831,0.9619
0.8916,0.7629,0.8222,0.9723
0.8434,0.7778,0.8092,0.9651
0.9277,0.7938,0.8556,0.9715
0.9277,0.7404,0.8235,0.9682
0.9518,0.7822,0.8587,0.9798
0.9157,0.7308,0.8128,0.9582
0.8795,0.646,0.7449,0.957
0.8929,0.7426,0.8108,0.9647
0.9286,0.729,0.8168,0.973
0.9157,0.8,0.8539,0.9701
0.9398,0.7429,0.8298,0.9737
0.8675,0.7742,0.8182,0.9588
0.9157,0.7379,0.8172,0.9668
0.9036,0.7576,0.8242,0.9698
0.8675,0.7273,0.7912,0.9562
0.9167,0.77,0.837,0.9697
0.9405,0.7596,0.8404,0.9802
0.9277,0.7,0.7979,0.9555
0.8675,0.809,0.8372,0.9781
0.9157,0.7379,0.8172,0.9776
0.9157,0.7525,0.8261,0.9736
0.8434,0.6731,0.7487,0.9489
0.9277,0.6937,0.7938,0.9631
0.8916,0.74,0.8087,0.9625
0.9157,0.8539,0.8837,0.9857
0.9167,0.7404,0.8191,0.9624
0.9167,0.713,0.8021,0.9665
0.9277,0.7549,0.8324,0.9704
0.9639,0.6838,0.8,0.9717
0.9398,0.8041,0.8667,0.9798
0.9036,0.7895,0.8427,0.9744
0.9157,0.76,0.8306,0.9744
0.8554,0.7634,0.8068,0.9588
0.9036,0.75,0.8197,0.9655
0.8675,0.72,0.7869,0.9502
0.9286,0.729,0.8168,0.9773
0.9524,0.8,0.8696,0.9793
0.8313,0.7263,0.7753,0.9556
0.8916,0.7708,0.8268,0.96
0.8916,0.74,0.8087,0.9635
0.8916,0.8409,0.8655,0.9756
0.9157,0.7037,0.7958,0.9648
0.8795,0.7604,0.8156,0.9676
0.9036,0.7009,0.7895,0.9642
0.9398,0.75,0.8342,0.9778
0.9277,0.8105,0.8652,0.9747
0.9398,0.7879,0.8571,0.9732
0.881,0.7789,0.8268,0.9748
0.9524,0.8081,0.8743,0.9787
0.9157,0.7525,0.8261,0.9651
0.9759,0.6694,0.7941,0.9766
0.8795,0.7228,0.7935,0.9599
0.8916,0.7255,0.8,0.9686
0.7952,0.7765,0.7857,0.9645
0.9277,0.7333,0.8191,0.9578
0.881,0.6852,0.7708,0.9446
0.9167,0.7476,0.8235,0.9776
0.8554,0.732,0.7889,0.9534
0.9277,0.7857,0.8508,0.9801
0.9036,0.7979,0.8475,0.9586
0.9277,0.7857,0.8508,0.9768
0.8795,0.7374,0.8022,0.9667
0.9036,0.7979,0.8475,0.9742
0.9518,0.7596,0.8449,0.9823
0.9398,0.7879,0.8571,0.9763
0.9277,0.7333,0.8191,0.9753
0.8916,0.7551,0.8177,0.9647
0.9524,0.7407,0.8333,0.97
0.9048,0.7677,0.8306,0.973
0.9036,0.7895,0.8427,0.9684
0.8434,0.7216,0.7778,0.9566
0.9398,0.8041,0.8667,0.9772
0.9036,0.7576,0.8242,0.9691
0.8916,0.7255,0.8,0.965
0.8554,0.71,0.776,0.9656
0.9036,0.7426,0.8152,0.9766
0.9157,0.717,0.8042,0.9632
0.9167,0.77,0.837,0.9688
0.9167,0.77,0.837,0.9619
0.8916,0.7475,0.8132,0.9584
0.9639,0.7339,0.8333,0.9782
0.8554,0.7717,0.8114,0.9732
0.9277,0.7549,0.8324,0.9602
0.8916,0.8506,0.8706,0.9807
0.8554,0.7245,0.7845,0.9622
0.869,0.73,0.7935,0.9625
0.8571,0.7742,0.8136,0.9573
0.9277,0.7624,0.837,0.9727
0.9157,0.7525,0.8261,0.9773
0.9639,0.7921,0.8696,0.9799
0.7711,0.7033,0.7356,0.9307
0.9518,0.7745,0.8541,0.9785
0.9398,0.729,0.8211,0.9771
0.9277,0.7,0.7979,0.9592
0.9277,0.837,0.88,0.9772
0.8313,0.7931,0.8118,0.9649
0.9157,0.7379,0.8172,0.9622
0.881,0.7551,0.8132,0.9643
0.8929,0.7426,0.8108,0.9636
0.9277,0.7476,0.828,0.9615
0.8434,0.7692,0.8046,0.9627
0.9639,0.7407,0.8377,0.9806
0.9036,0.7212,0.8021,0.9579
0.9518,0.7822,0.8587,0.9745
0.9277,0.7404,0.8235,0.9713
0.9277,0.7333,0.8191,0.9835
0.8554,0.7553,0.8023,0.9562
0.8929,0.7353,0.8065,0.9637
0.881,0.7327,0.8,0.9649
0.9398,0.7358,0.8254,0.9681
0.9036,0.7009,0.7895,0.9666
0.9639,0.8081,0.8791,0.9789
0.9036,0.7212,0.8021,0.9555
0.9398,0.8125,0.8715,0.9815
0.8916,0.8315,0.8605,0.9744
0.8916,0.74,0.8087,0.9634
0.9518,0.7383,0.8316,0.9705
0.869,0.7526,0.8066,0.967
0.8929,0.7212,0.7979,0.9531
0.9036,0.7426,0.8152,0.9605
0.8554,0.732,0.7889,0.9447
0.8072,0.6768,0.7363,0.9339
0.8916,0.7789,0.8315,0.967
0.8916,0.7475,0.8132,0.9758
0.9398,0.78,0.8525,0.9821
0.8554,0.71,0.776,0.9556
0.9036,0.7075,0.7937,0.9613
0.9167,0.7064,0.7979,0.9732
0.9405,0.7822,0.8541,0.9727
0.9518,0.79,0.8634,0.9847
0.8795,0.7228,0.7935,0.9507
0.9036,0.7282,0.8065,0.9579
0.8916,0.74,0.8087,0.9676
0.9036,0.8065,0.8523,0.968
0.8916,0.8409,0.8655,0.9707
0.8554,0.732,0.7889,0.9537
0.9277,0.7778,0.8462,0.9692
0.9048,0.7677,0.8306,0.9699
0.8333,0.7368,0.7821,0.9576
0.9157,0.7525,0.8261,0.9742
0.9036,0.7353,0.8108,0.9736
0.8795,0.7228,0.7935,0.9616
0.9157,0.7308,0.8128,0.9459
0.9157,0.7755,0.8398,0.9623
0.9157,0.7835,0.8444,0.9678
0.9167,0.7857,0.8462,0.9657
0.9048,0.8172,0.8588,0.9726
0.9157,0.7525,0.8261,0.9682
0.9036,0.7653,0.8287,0.9719
0.9639,0.7477,0.8421,0.9744
0.8193,0.8,0.8095,0.9465
0.9518,0.6752,0.79,0.9674
0.9398,0.7429,0.8298,0.9603
0.8916,0.7551,0.8177,0.9589
0.8795,0.7526,0.8111,0.9677
0.8675,0.8,0.8324,0.9669
0.9759,0.757,0.8526,0.9838
0.9405,0.7182,0.8144,0.9744
0.8929,0.7353,0.8065,0.9626
0.8795,0.7374,0.8022,0.963
0.9036,0.6881,0.7813,0.9689
0.9036,0.7143,0.7979,0.9646
0.9036,0.7426,0.8152,0.9703
0.9157,0.7755,0.8398,0.9669
0.8916,0.7789,0.8315,0.9615
0.9277,0.7333,0.8191,0.9751
0.8795,0.73,0.7978,0.96
0.881,0.7957,0.8362,0.9565
0.9524,0.7273,0.8247,0.9739
0.9277,0.7857,0.8508,0.9777
0.9639,0.8163,0.884,0.9844
0.8916,0.6916,0.7789,0.9532
0.8675,0.7347,0.7956,0.9608
0.9036,0.7009,0.7895,0.9675
0.9157,0.717,0.8042,0.9643
0.9277,0.8021,0.8603,0.9698
0.9277,0.7476,0.828,0.9784
0.9524,0.7843,0.8602,0.9853
0.9167,0.7196,0.8063,0.9575
0.9277,0.7857,0.8508,0.9786
0.9157,0.7525,0.8261,0.9634
0.9277,0.7778,0.8462,0.9756
0.8675,0.72,0.7869,0.9604
0.8916,0.7957,0.8409,0.9561
0.9398,0.6964,0.8,0.9646
0.9398,0.7573,0.8387,0.9768
0.8795,0.7604,0.8156,0.9635
0.9286,0.7959,0.8571,0.9784
0.9405,0.8681,0.9029,0.9815
0.9036,0.7732,0.8333,0.9621
0.9157,0.7103,0.8,0.9667
0.9036,0.7576,0.8242,0.961
0.8675,0.7273,0.7912,0.9691
0.9398,0.7573,0.8387,0.9691
0.9277,0.7404,0.8235,0.9791
0.9286,0.8387,0.8814,0.9813
0.8929,0.7813,0.8333,0.9688
0.9036,0.7212,0.8021,0.9654
0.8313,0.7582,0.7931,0.9549
0.8916,0.7475,0.8132,0.9682
0.8916,0.7115,0.7914,0.9657
0.9036,0.7895,0.8427,0.9666
0.9036,0.7732,0.8333,0.9581
0.8795,0.7449,0.8066,0.9654
0.9398,0.7723,0.8478,0.9781
0.8916,0.7551,0.8177,0.9635
0.9277,0.7,0.7979,0.9639
0.8333,0.7527,0.791,0.9436
0.8929,0.7895,0.838,0.9669
0.8675,0.8,0.8324,0.9672
0.9157,0.8085,0.8588,0.9743
0.8916,0.8132,0.8506,0.9733
0.9639,0.8163,0.884,0.9831
0.8916,0.7475,0.8132,0.9589
0.9518,0.6991,0.8061,0.9693
0.9157,0.7917,0.8492,0.9748
0.9277,0.7333,0.8191,0.9772
0.9286,0.661,0.7723,0.9737
0.8571,0.7826,0.8182,0.9595
0.8916,0.74,0.8087,0.9568
0.9518,0.798,0.8681,0.9769
0.8675,0.8,0.8324,0.9695
0.9157,0.717,0.8042,0.9546
0.8554,0.7396,0.7933,0.9641
0.8795,0.7374,0.8022,0.9612
0.8452,0.7802,0.8114,0.9573
0.9167,0.7938,0.8508,0.969
0.9277,0.7264,0.8148,0.9623
0.9277,0.7624,0.837,0.9756
0.9398,0.75,0.8342,0.9727
0.8434,0.7292,0.7821,0.9544
0.9518,0.7248,0.8229,0.9636
0.9277,0.828,0.875,0.9779
0.9277,0.8021,0.8603,0.9766
0.9518,0.8144,0.8778,0.9786
0.9398,0.8211,0.8764,0.9828
0.8795,0.7449,0.8066,0.9417
0.8452,0.7474,0.7933,0.9579
0.881,0.7115,0.7872,0.9586
0.9277,0.7404,0.8235,0.975
0.9398,0.661,0.7761,0.9565
0.8916,0.7872,0.8362,0.9669
0.9398,0.8125,0.8715,0.9784
0.8675,0.72,0.7869,0.9607
0.9277,0.7857,0.8508,0.9746
0.8554,0.71,0.776,0.9629
0.8675,0.8,0.8324,0.9641
0.9167,0.77,0.837,0.9764
0.9405,0.8061,0.8681,0.9808
0.8795,0.7087,0.7849,0.9631
0.8434,0.6796,0.7527,0.9605
0.9277,0.7549,0.8324,0.9658
0.8916,0.7957,0.8409,0.9655
0.9639,0.7407,0.8377,0.9765
0.9639,0.6957,0.8081,0.9667
0.8434,0.7692,0.8046,0.9615
0.9277,0.7476,0.828,0.9692
0.8929,0.7576,0.8197,0.9644
0.8929,0.7813,0.8333,0.9694
0.9518,0.798,0.8681,0.983
0.8434,0.7692,0.8046,0.9697
0.9157,0.7103,0.8,0.9618
0.9157,0.7677,0.8352,0.9724
0.9277,0.6875,0.7897,0.9729
0.9036,0.7143,0.7979,0.9525
0.9524,0.7767,0.8556,0.9803
0.869,0.7087,0.7807,0.955
0.9036,0.7075,0.7937,0.959
0.9277,0.7264,0.8148,0.972
0.9759,0.75,0.8482,0.9747
0.9036,0.7143,0.7979,0.9637
0.9157,0.7308,0.8128,0.9692
0.8916,0.7789,0.8315,0.973
0.9277,0.77,0.8415,0.973
0.7711,0.8421,0.805,0.9411
0.9036,0.7979,0.8475,0.9747
0.9277,0.7196,0.8105,0.9602
0.8929,0.7353,0.8065,0.9554
0.9405,0.7315,0.8229,0.9681
0.8916,0.74,0.8087,0.9658
0.9518,0.7524,0.8404,0.9825
0.9277,0.7264,0.8148,0.9676
0.9518,0.7383,0.8316,0.9694
0.9036,0.7653,0.8287,0.9669
0.9277,0.7476,0.828,0.9683
0.9048,0.7755,0.8352,0.9804
0.9286,0.7027,0.8,0.969
0.8795,0.6952,0.7766,0.955
0.9277,0.7,0.7979,0.9563
0.9277,0.7938,0.8556,0.9721
0.9277,0.7196,0.8105,0.9576
0.9157,0.76,0.8306,0.9721
0.9036,0.7813,0.838,0.9696
0.8554,0.7553,0.8023,0.9494
0.9398,0.7573,0.8387,0.9783
0.8916,0.7789,0.8315,0.9596
0.8795,0.7087,0.7849,0.9501
0.9524,0.8421,0.8939,0.9836
0.9167,0.7476,0.8235,0.9628
0.9157,0.8444,0.8786,0.982
0.8675,0.7273,0.7912,0.9582
0.9759,0.7168,0.8265,0.9715
0.8434,0.7778,0.8092,0.9591
0.9036,0.7009,0.7895,0.9575
0.8193,0.7312,0.7727,0.9521
0.9167,0.7624,0.8324,0.9749
0.8929,0.7895,0.838,0.9628
0.9157,0.76,0.8306,0.9753
0.8554,0.7172,0.7802,0.9388
0.9398,0.7358,0.8254,0.9768
0.9277,0.7404,0.8235,0.9704
0.9036,0.7075,0.7937,0.9607
0.9759,0.75,0.8482,0.9751
0.8675,0.7423,0.8,0.966
0.9036,0.7576,0.8242,0.978
0.9643,0.7168,0.8223,0.9755
0.9524,0.7477,0.8377,0.9672
0.9277,0.7624,0.837,0.972
0.8795,0.7374,0.8022,0.9695
0.9518,0.7383,0.8316,0.9704
0.8554,0.7889,0.8208,0.958
0.8554,0.7634,0.8068,0.9602
0.9036,0.8152,0.8571,0.9764
0.8795,0.7684,0.8202,0.9721
0.9277,0.8105,0.8652,0.9763
0.8795,0.7849,0.8295,0.9605
0.8675,0.766,0.8136,0.9652
0.9405,0.7182,0.8144,0.9753
0.9048,0.7238,0.8042,0.969
0.9157,0.7755,0.8398,0.9707
0.9036,0.6757,0.7732,0.9396
0.9398,0.8041,0.8667,0.976
0.8675,0.809,0.8372,0.9777
0.8675,0.7579,0.809,0.9568
0.9277,0.7333,0.8191,0.9729
0.9036,0.6881,0.7813,0.9494
0.8072,0.7363,0.7701,0.9575
0.9167,0.7624,0.8324,0.979
0.9762,0.8119,0.8865,0.9858
0.8916,0.7255,0.8,0.9662
0.9036,0.7576,0.8242,0.9632
0.9759,0.7043,0.8182,0.9698
0.8554,0.8161,0.8353,0.9675
0.9277,0.7549,0.8324,0.9759
0.9277,0.7333,0.8191,0.9672
0.8916,0.7327,0.8043,0.9615
0.9518,0.7745,0.8541,0.9737
0.8929,0.7813,0.8333,0.966
0.9405,0.79,0.8587,0.9818
0.8554,0.7245,0.7845,0.9398
0.9398,0.7156,0.8125,0.9689
0.9518,0.7117,0.8144,0.9752
0.9036,0.7813,0.838,0.9737
0.8434,0.7692,0.8046,0.9578
0.9518,0.79,0.8634,0.9794
0.9286,0.7573,0.8342,0.9754
0.9167,0.7624,0.8324,0.9758
0.9277,0.8105,0.8652,0.9673
0.8795,0.6887,0.7725,0.9591
0.8916,0.74,0.8087,0.9701
0.9036,0.7426,0.8152,0.9683
0.8193,0.6602,0.7312,0.9435
0.9398,0.78,0.8525,0.9775
0.9277,0.7857,0.8508,0.9787
0.8795,0.73,0.7978,0.9455
0.9157,0.7917,0.8492,0.969
0.9518,0.767,0.8495,0.9792
0.881,0.7475,0.8087,0.9695
0.9048,0.76,0.8261,0.9614
0.8675,0.766,0.8136,0.9661
0.9277,0.7857,0.8508,0.9624
0.9157,0.7677,0.8352,0.9647
0.9157,0.7379,0.8172,0.9572
0.9398,0.7723,0.8478,0.9789
0.9157,0.7525,0.8261,0.9695
0.9398,0.6667,0.78,0.9738
0.8795,0.73,0.7978,0.958
0.9286,0.7647,0.8387,0.9695
0.9167,0.7404,0.8191,0.9677
0.8795,0.6636,0.7565,0.9624
0.8675,0.6606,0.75,0.9625
0.9639,0.7339,0.8333,0.9731
0.8554,0.7172,0.7802,0.9572
0.9398,0.7723,0.8478,0.9781
0.9157,0.7835,0.8444,0.9693
0.9048,0.7525,0.8216,0.9648
0.869,0.6636,0.7526,0.9428
0.8916,0.7475,0.8132,0.9704
0.9157,0.7677,0.8352,0.9766
0.8795,0.7526,0.8111,0.9674
0.9277,0.7938,0.8556,0.9689
0.8675,0.7423,0.8,0.9608
0.9036,0.7653,0.8287,0.9723
0.9518,0.7453,0.836,0.9712
0.9518,0.7596,0.8449,0.9751
0.9157,0.76,0.8306,0.9746
0.9639,0.7018,0.8122,0.9683
0.8929,0.7426,0.8108,0.9631
0.8452,0.7978,0.8208,0.9602
0.9157,0.8172,0.8636,0.9777
0.9036,0.7895,0.8427,0.9762
0.8916,0.7184,0.7957,0.9637
0.8434,0.7071,0.7692,0.9465
0.9036,0.7895,0.8427,0.9713
0.9277,0.713,0.8063,0.9697
0.8795,0.7766,0.8249,0.9612
0.9036,0.7075,0.7937,0.9569
0.9643,0.757,0.8482,0.9807
0.9405,0.7117,0.8103,0.9671
0.9036,0.7653,0.8287,0.9744
0.9398,0.7573,0.8387,0.9736
0.8313,0.7188,0.7709,0.9452
0.9277,0.7549,0.8324,0.9786
0.8675,0.766,0.8136,0.9648
0.9277,0.7476,0.828,0.9731
0.8554,0.7172,0.7802,0.9547
0.8795,0.7228,0.7935,0.9448
0.881,0.7327,0.8,0.9718
0.881,0.7551,0.8132,0.9524
0.8916,0.74,0.8087,0.9609
0.9277,0.8191,0.8701,0.9772
0.9036,0.7426,0.8152,0.9628
0.9036,0.7653,0.8287,0.9653
0.9277,0.7624,0.837,0.9732
0.9157,0.7917,0.8492,0.979
0.9518,0.7182,0.8187,0.973
0.9398,0.7358,0.8254,0.9756
0.881,0.7115,0.7872,0.9714
0.8571,0.7273,0.7869,0.943
0.9277,0.7404,0.8235,0.9635
0.9036,0.7212,0.8021,0.966
0.9036,0.7895,0.8427,0.9646
0.9036,0.8523,0.8772,0.9789
0.9157,0.7917,0.8492,0.9687
0.8916,0.7789,0.8315,0.9705
0.9167,0.7476,0.8235,0.9694
0.9167,0.7196,0.8063,0.9606
0.9759,0.757,0.8526,0.9814
0.8554,0.7245,0.7845,0.9416
0.8675,0.7129,0.7826,0.95
0.9277,0.7938,0.8556,0.9813
0.9036,0.7653,0.8287,0.977
0.9157,0.7308,0.8128,0.9655
0.9277,0.8021,0.8603,0.9797
0.9036,0.7353,0.8108,0.9613
0.9286,0.7573,0.8342,0.968
0.8929,0.75,0.8152,0.9679
0.9277,0.7476,0.828,0.9729
0.9157,0.7451,0.8216,0.9698
0.8795,0.7374,0.8022,0.9639
0.8916,0.7115,0.7914,0.96
0.9518,0.8144,0.8778,0.9884
0.8916,0.8409,0.8655,0.9748
0.9036,0.7353,0.8108,0.9697
0.8554,0.7717,0.8114,0.949
0.8916,0.7475,0.8132,0.9557
0.8916,0.7551,0.8177,0.9719
0.8929,0.7653,0.8242,0.9651
0.9048,0.7525,0.8216,0.9664
0.988,0.7523,0.8542,0.9827
0.8434,0.6863,0.7568,0.9433
0.8916,0.8409,0.8655,0.9772
0.9036,0.7653,0.8287,0.9722
0.8675,0.7347,0.7956,0.9539
0.9277,0.8191,0.8701,0.9823
0.9277,0.7549,0.8324,0.9738
0.9398,0.7027,0.8041,0.9749
0.8214,0.7263,0.7709,0.9556
0.9524,0.8081,0.8743,0.9845
0.9277,0.8105,0.8652,0.9704
0.9518,0.7524,0.8404,0.9639
0.9036,0.7426,0.8152,0.9513
0.9036,0.7353,0.8108,0.965
0.9518,0.7248,0.8229,0.9769
0.8916,0.74,0.8087,0.9556
0.9639,0.7407,0.8377,0.9791
0.8916,0.7327,0.8043,0.9566
0.8571,0.699,0.7701,0.9507
0.881,0.7872,0.8315,0.9708
0.9036,0.7282,0.8065,0.9613
0.9157,0.7037,0.7958,0.9638
0.9518,0.8316,0.8876,0.9855
0.9398,0.7647,0.8432,0.9761
0.9157,0.7917,0.8492,0.9797
0.8434,0.7955,0.8187,0.9676
0.9167,0.7196,0.8063,0.969
0.8929,0.7813,0.8333,0.9685
0.9277,0.7333,0.8191,0.9615
0.9398,0.7358,0.8254,0.9706
0.9277,0.7264,0.8148,0.9741
0.9157,0.7917,0.8492,0.9817
0.8916,0.8132,0.8506,0.9743
0.9277,0.77,0.8415,0.9796
0.9398,0.7879,0.8571,0.9755
0.9036,0.7143,0.7979,0.9499
0.869,0.7449,0.8022,0.9625
0.9405,0.7315,0.8229,0.9747
0.9518,0.7745,0.8541,0.9755
0.9036,0.7143,0.7979,0.9683
0.9759,0.757,0.8526,0.9821
0.8916,0.74,0.8087,0.9723
0.8554,0.703,0.7717,0.9478
0.9518,0.767,0.8495,0.9765
0.8554,0.7172,0.7802,0.9458
0.9036,0.7212,0.8021,0.9596
0.8795,0.7526,0.8111,0.9581
0.9036,0.7143,0.7979,0.9616
0.9405,0.7745,0.8495,0.9783
0.9048,0.7525,0.8216,0.9734
0.8675,0.7579,0.809,0.957
0.7952,0.7586,0.7765,0.9548
0.8916,0.6981,0.7831,0.9648
0.9277,0.7624,0.837,0.9833
0.9398,0.7027,0.8041,0.9777
0.8916,0.7327,0.8043,0.9672
0.9036,0.7576,0.8242,0.976
0.9157,0.7525,0.8261,0.9687
0.9167,0.8021,0.8556,0.9754
0.9167,0.77,0.837,0.9703
0.9036,0.75,0.8197,0.9678
0.8795,0.7684,0.8202,0.9666
0.8193,0.7556,0.7861,0.9541
0.9277,0.7264,0.8148,0.9687
0.988,0.7885,0.877,0.9823
0.9157,0.76,0.8306,0.9611
0.9036,0.7653,0.8287,0.9543
0.9036,0.7353,0.8108,0.9672
0.9167,0.8191,0.8652,0.9829
0.881,0.7551,0.8132,0.9612
0.9157,0.7677,0.8352,0.9765
0.9036,0.7212,0.8021,0.9671
0.8916,0.8222,0.8555,0.9712
0.9157,0.6909,0.7876,0.9651
0.9398,0.7429,0.8298,0.9775
0.9759,0.75,0.8482,0.9781
0.9398,0.7358,0.8254,0.9715
0.9398,0.7429,0.8298,0.9724
0.8571,0.7423,0.7956,0.9561
0.8929,0.7653,0.8242,0.9656
0.9518,0.7822,0.8587,0.9666
0.8795,0.7766,0.8249,0.9664
0.8916,0.7327,0.8043,0.9698
0.9518,0.7383,0.8316,0.9644
0.8193,0.764,0.7907,0.9572
0.9157,0.7835,0.8444,0.9761
0.9398,0.75,0.8342,0.9768
0.9157,0.6972,0.7917,0.96
0.9167,0.7549,0.828,0.9621
0.8929,0.7653,0.8242,0.9738
0.8795,0.73,0.7978,0.9484
0.9398,0.7429,0.8298,0.9713
0.9157,0.7677,0.8352,0.9753
0.8795,0.8022,0.8391,0.9695
0.9398,0.729,0.8211,0.9633
0.9157,0.7308,0.8128,0.9671
0.8916,0.74,0.8087,0.9667
0.9759,0.8265,0.895,0.9874
0.8571,0.7129,0.7784,0.9606
0.9762,0.7193,0.8283,0.9818
0.9157,0.8261,0.8686,0.9763
0.8795,0.6636,0.7565,0.9558
0.7952,0.7586,0.7765,0.9483
0.9277,0.7549,0.8324,0.9762
0.9277,0.6638,0.7739,0.9677
0.8795,0.7766,0.8249,0.9646
0.8795,0.7766,0.8249,0.9689
0.9036,0.75,0.8197,0.9689
0.8571,0.7826,0.8182,0.9608
0.9643,0.75,0.8437,0.9756
0.8795,0.7849,0.8295,0.966
0.9157,0.7525,0.8261,0.9695
0.8313,0.6699,0.7419,0.9444
0.9518,0.767,0.8495,0.9758
0.9518,0.7745,0.8541,0.9826
0.9157,0.7451,0.8216,0.9671
0.9518,0.7182,0.8187,0.9787
0.9398,0.7573,0.8387,0.9745
0.9167,0.8105,0.8603,0.9693
0.9286,0.8041,0.8619,0.9655
0.9277,0.7196,0.8105,0.9658
0.9759,0.8526,0.9101,0.9894
0.9157,0.7308,0.8128,0.9702
0.8916,0.6916,0.7789,0.949
0.8916,0.6916,0.7789,0.952
0.8675,0.7423,0.8,0.9695
0.9036,0.7895,0.8427,0.9716
0.9036,0.7353,0.8108,0.9563
0.869,0.7935,0.8295,0.9584
0.9405,0.7524,0.836,0.9867
0.8916,0.7708,0.8268,0.9604
0.9759,0.8182,0.8901,0.9784
0.8916,0.7115,0.7914,0.9642
0.9157,0.6909,0.7876,0.9663
0.9157,0.7755,0.8398,0.9684
0.9398,0.7222,0.8168,0.9689
0.9036,0.75,0.8197,0.9707
0.8675,0.809,0.8372,0.9556
0.9167,0.7857,0.8462,0.9716
0.881,0.7115,0.7872,0.9675
0.9036,0.7353,0.8108,0.9584
0.9157,0.7379,0.8172,0.9705
0.9277,0.77,0.8415,0.9751
0.8916,0.7184,0.7957,0.9619
0.9518,0.7383,0.8316,0.9723
0.9639,0.8,0.8743,0.9846
0.9036,0.6881,0.7813,0.9563
0.8916,0.7957,0.8409,0.9633
0.9286,0.8125,0.8667,0.982
0.9286,0.75,0.8298,0.969
0.8795,0.8111,0.8439,0.9639
0.8916,0.7327,0.8043,0.9523
0.9639,0.7547,0.8466,0.9711
0.9277,0.7196,0.8105,0.9734
0.8675,0.7423,0.8,0.9537
0.8554,0.7396,0.7933,0.9637
0.9157,0.7525,0.8261,0.9644
0.9157,0.8085,0.8588,0.9703
0.8452,0.6961,0.7634,0.9438
0.9405,0.7822,0.8541,0.9792
0.9157,0.7238,0.8085,0.9661
0.9036,0.7576,0.8242,0.9618
0.9277,0.7333,0.8191,0.9657
0.8675,0.766,0.8136,0.9681
0.9157,0.76,0.8306,0.9734
0.9036,0.7895,0.8427,0.9726
0.8795,0.6822,0.7684,0.9496
0.8916,0.7327,0.8043,0.9508
0.881,0.7255,0.7957,0.9601
0.9286,0.75,0.8298,0.9789
0.9518,0.7117,0.8144,0.9614
0.9157,0.7308,0.8128,0.9678
0.8675,0.72,0.7869,0.9623
0.9157,0.7451,0.8216,0.9728
0.9398,0.78,0.8525,0.9799
0.9036,0.8152,0.8571,0.9745
0.8916,0.7327,0.8043,0.9655
0.8916,0.7048,0.7872,0.9661
0.869,0.7449,0.8022,0.9625
0.8929,0.7143,0.7937,0.9469
0.8675,0.7579,0.809,0.9551
0.9398,0.75,0.8342,0.9752
0.9277,0.7938,0.8556,0.972
0.9277,0.8556,0.8902,0.9844
0.9157,0.7238,0.8085,0.9664
0.9518,0.79,0.8634,0.9806
0.9398,0.7723,0.8478,0.9763
0.9398,0.78,0.8525,0.9771
0.8929,0.7426,0.8108,0.9589
0.9167,0.7857,0.8462,0.969
0.8554,0.6893,0.7634,0.9385
0.8795,0.7157,0.7892,0.9655
0.9277,0.7938,0.8556,0.9754
0.9277,0.8105,0.8652,0.9732
0.9277,0.7549,0.8324,0.9733
0.8675,0.72,0.7869,0.952
0.8916,0.7708,0.8268,0.9686
0.9759,0.8438,0.905,0.9839
0.9048,0.7308,0.8085,0.9623
0.8095,0.6939,0.7473,0.9537
0.9036,0.7143,0.7979,0.9635
0.8554,0.7553,0.8023,0.9593
0.9157,0.76,0.8306,0.9778
0.9157,0.7755,0.8398,0.9837
0.9759,0.7168,0.8265,0.9749
0.9518,0.79,0.8634,0.9823
0.8916,0.8132,0.8506,0.9671
0.8916,0.6789,0.7708,0.9619
0.9167,0.77,0.837,0.9791
0.9524,0.7018,0.8081,0.977
0.9157,0.7755,0.8398,0.9688
0.9157,0.7917,0.8492,0.9709
0.9036,0.7212,0.8021,0.9701
0.8916,0.7184,0.7957,0.9629
0.9277,0.77,0.8415,0.9642
0.9036,0.7353,0.8108,0.9583
0.9518,0.7248,0.8229,0.975
0.8795,0.7449,0.8066,0.9589
0.8571,0.7129,0.7784,0.9523
0.8571,0.7826,0.8182,0.9631
0.9157,0.76,0.8306,0.9691
0.7831,0.7471,0.7647,0.9458
0.8916,0.7184,0.7957,0.9618
0.9398,0.78,0.8525,0.9792
0.9277,0.7549,0.8324,0.9778
0.9398,0.7358,0.8254,0.9823
0.8916,0.7327,0.8043,0.971
0.9759,0.7864,0.871,0.9878
0.8214,0.6765,0.7419,0.9355
0.9167,0.7196,0.8063,0.9549
0.9277,0.8191,0.8701,0.9763
0.8554,0.8161,0.8353,0.9596
0.988,0.7885,0.877,0.9828
0.9518,0.7524,0.8404,0.9718
0.9398,0.78,0.8525,0.974
0.8916,0.74,0.8087,0.9549
0.8795,0.7087,0.7849,0.9566
0.9036,0.7732,0.8333,0.9716
0.9286,0.7573,0.8342,0.9665
0.9643,0.7431,0.8394,0.9787
0.9398,0.75,0.8342,0.9782
0.8313,0.7419,0.7841,0.9482
0.8675,0.7273,0.7912,0.953
0.8916,0.6789,0.7708,0.9442
0.9277,0.8105,0.8652,0.9841
0.9398,0.7723,0.8478,0.9775
0.8916,0.7708,0.8268,0.9751
0.9639,0.7619,0.8511,0.9786
0.9286,0.75,0.8298,0.9762
0.869,0.7374,0.7978,0.958
0.9036,0.7009,0.7895,0.9457
0.9277,0.77,0.8415,0.9644
0.9157,0.7525,0.8261,0.9726
0.8795,0.7157,0.7892,0.9648
0.9157,0.7525,0.8261,0.9701
0.8193,0.7556,0.7861,0.9591
0.881,0.7475,0.8087,0.9682
0.881,0.6789,0.7668,0.9549
0.9036,0.75,0.8197,0.9696
0.9157,0.7379,0.8172,0.97
0.9277,0.713,0.8063,0.9673
0.8795,0.73,0.7978,0.9553
0.9157,0.7238,0.8085,0.9628
0.8916,0.7327,0.8043,0.9682
0.988,0.82,0.8962,0.9873
0.8916,0.7327,0.8043,0.9673
0.881,0.7872,0.8315,0.9678
0.8929,0.7813,0.8333,0.9599
0.9036,0.7653,0.8287,0.9831
0.9398,0.7091,0.8083,0.9656
0.8795,0.7766,0.8249,0.9633
0.9518,0.7315,0.8272,0.9753
0.9036,0.7212,0.8021,0.9499
0.9157,0.8261,0.8686,0.9734
0.9036,0.75,0.8197,0.9694
0.8916,0.7184,0.7957,0.9666
0.8452,0.7474,0.7933,0.9537
0.9167,0.7778,0.8415,0.9731
0.9277,0.7857,0.8508,0.9758
0.9398,0.7723,0.8478,0.9776
0.9277,0.7264,0.8148,0.9696
0.8916,0.7255,0.8,0.9564
0.9518,0.7822,0.8587,0.9807
0.9518,0.7453,0.836,0.9731
0.8916,0.7551,0.8177,0.967
0.9277,0.7333,0.8191,0.9684
0.9643,0.8265,0.8901,0.9879
0.9048,0.7835,0.8398,0.971
0.9036,0.75,0.8197,0.9736
0.9277,0.8105,0.8652,0.9848
0.9036,0.7212,0.8021,0.9556
0.8916,0.7551,0.8177,0.9612
0.9639,0.7339,0.8333,0.9738
0.8675,0.75,0.8045,0.9528
0.9398,0.7027,0.8041,0.9577
0.8916,0.74,0.8087,0.9542
0.9277,0.8105,0.8652,0.9822
0.9157,0.6972,0.7917,0.9622
0.881,0.74,0.8043,0.9631
0.869,0.7766,0.8202,0.9693
0.9398,0.7429,0.8298,0.9689
0.9277,0.8105,0.8652,0.964
0.9036,0.6944,0.7853,0.9634
0.8916,0.7872,0.8362,0.9797
0.9036,0.7353,0.8108,0.9696
0.9157,0.7917,0.8492,0.9733
0.8916,0.7789,0.8315,0.9705
0.8675,0.72,0.7869,0.9525
0.9643,0.7297,0.8308,0.9734
0.881,0.6981,0.7789,0.9513
0.8795,0.7087,0.7849,0.9548
0.8916,0.7629,0.8222,0.9679
0.8916,0.7789,0.8315,0.9597
0.9398,0.7429,0.8298,0.9735
0.9157,0.7525,0.8261,0.9778
0.9157,0.7835,0.8444,0.9765
0.9518,0.7315,0.8272,0.9834
0.9277,0.7196,0.8105,0.9679
0.8929,0.7895,0.838,0.9735
0.8929,0.7732,0.8287,0.9633
0.8795,0.7374,0.8022,0.9458
0.9157,0.7379,0.8172,0.9726
0.8916,0.7872,0.8362,0.9592
0.9398,0.729,0.8211,0.9725
0.8916,0.7327,0.8043,0.9707
0.8072,0.8171,0.8121,0.9575
0.9277,0.6875,0.7897,0.9623
0.9036,0.7075,0.7937,0.9677
0.8929,0.7979,0.8427,0.9683
0.9643,0.7714,0.8571,0.9852
0.9518,0.7822,0.8587,0.9741
0.9036,0.7813,0.838,0.9763
0.9036,0.75,0.8197,0.9719
0.8434,0.7143,0.7735,0.9409
0.8193,0.8,0.8095,0.9575
0.9277,0.7549,0.8324,0.9745
0.9639,0.7407,0.8377,0.9719
0.9036,0.7426,0.8152,0.9683
0.9048,0.7308,0.8085,0.9641
0.8929,0.7426,0.8108,0.9629
0.9036,0.8152,0.8571,0.9679
0.8795,0.7684,0.8202,0.9659
0.9157,0.7238,0.8085,0.9613
0.9157,0.7917,0.8492,0.9804
0.9277,0.7196,0.8105,0.9657
0.8795,0.8111,0.8439,0.9665
0.9762,0.7455,0.8454,0.9838
0.9167,0.6814,0.7817,0.9585
0.8916,0.7184,0.7957,0.9606
0.9398,0.8125,0.8715,0.9784
0.8675,0.75,0.8045,0.9478
0.8434,0.7955,0.8187,0.9554
0.9639,0.7692,0.8556,0.9794
0.9277,0.7,0.7979,0.9627
0.8434,0.7692,0.8046,0.9575
0.9157,0.7755,0.8398,0.9716
0.8795,0.7849,0.8295,0.9602
0.8193,0.7234,0.7684,0.9492
0.9048,0.7755,0.8352,0.9728
0.9405,0.7745,0.8495,0.977
0.9277,0.7624,0.837,0.9644
0.9157,0.7525,0.8261,0.9675
0.8916,0.7327,0.8043,0.9656
0.9398,0.7091,0.8083,0.9662
0.9157,0.8172,0.8636,0.973
0.9398,0.7879,0.8571,0.978
0.9157,0.7917,0.8492,0.9715
0.9036,0.7353,0.8108,0.9581
0.8571,0.766,0.809,0.9559
0.9405,0.798,0.8634,0.9787
0.9157,0.6909,0.7876,0.964
0.8795,0.73,0.7978,0.9611
0.8434,0.7368,0.7865,0.9459
0.9518,0.8144,0.8778,0.9729
0.9157,0.7755,0.8398,0.9657
0.9277,0.77,0.8415,0.9692
0.9277,0.7549,0.8324,0.9719
0.9277,0.8021,0.8603,0.9715
0.9167,0.7624,0.8324,0.9689
1.0,0.7241,0.84,0.9886
0.9157,0.76,0.8306,0.9738
0.9277,0.7857,0.8508,0.9799
0.9518,0.767,0.8495,0.9738
0.8916,0.74,0.8087,0.9673
0.8675,0.7059,0.7784,0.9555
0.8675,0.8276,0.8471,0.9564
0.9036,0.7212,0.8021,0.9674
0.9277,0.7333,0.8191,0.9658
0.9048,0.7451,0.8172,0.9687
0.9286,0.7027,0.8,0.9604
0.9036,0.7353,0.8108,0.9689
0.9398,0.7429,0.8298,0.977
0.9277,0.7264,0.8148,0.9659
0.8554,0.8353,0.8452,0.9736
0.9036,0.7732,0.8333,0.9667
0.8434,0.7447,0.791,0.9549
0.9639,0.7477,0.8421,0.9797
0.9277,0.77,0.8415,0.966
0.8571,0.7742,0.8136,0.9604
0.8452,0.7889,0.8161,0.9662
0.9277,0.7549,0.8324,0.9751
0.9398,0.7879,0.8571,0.9702
0.8795,0.7684,0.8202,0.9537
0.8193,0.8095,0.8144,0.9542
0.9398,0.7879,0.8571,0.9791
0.9157,0.76,0.8306,0.9515
0.9398,0.7647,0.8432,0.9701
0.9157,0.717,0.8042,0.9689
0.881,0.7708,0.8222,0.9726
0.8929,0.7895,0.838,0.9653
0.9277,0.7404,0.8235,0.9577
0.8675,0.7826,0.8229,0.9647
0.8554,0.7634,0.8068,0.9569
0.9277,0.7624,0.837,0.9776
0.9036,0.7813,0.838,0.9655
0.9277,0.713,0.8063,0.9697
0.8795,0.7449,0.8066,0.9523
0.9157,0.7103,0.8,0.9667
0.9524,0.7477,0.8377,0.9792
0.8452,0.7889,0.8161,0.964
0.9398,0.78,0.8525,0.9804
0.9157,0.7917,0.8492,0.9657
0.8795,0.7935,0.8343,0.9688
0.9518,0.7745,0.8541,0.9784
0.9157,0.7379,0.8172,0.9684
0.8795,0.7449,0.8066,0.9586
0.9398,0.7027,0.8041,0.9733
0.9157,0.8,0.8539,0.9714
0.9048,0.7835,0.8398,0.9722
0.8571,0.7423,0.7956,0.9613
0.9036,0.8065,0.8523,0.9706
0.9157,0.6441,0.7562,0.9611
0.8916,0.7115,0.7914,0.9569
0.8795,0.7374,0.8022,0.9632
0.9157,0.76,0.8306,0.9682
0.9157,0.7525,0.8261,0.9694
0.9277,0.7549,0.8324,0.9759
0.8675,0.6792,0.7619,0.9522
0.8571,0.8276,0.8421,0.9658
0.8452,0.7889,0.8161,0.9607
0.9036,0.7732,0.8333,0.966
0.9398,0.729,0.8211,0.9786
0.8916,0.7184,0.7957,0.9653
0.9518,0.7248,0.8229,0.9772
0.8795,0.7684,0.8202,0.9798
0.8916,0.7475,0.8132,0.9627
0.9036,0.7576,0.8242,0.9625
0.8916,0.7184,0.7957,0.9623
0.9524,0.8,0.8696,0.9763
0.9643,0.757,0.8482,0.981
0.9518,0.7054,0.8103,0.9739
0.8916,0.7789,0.8315,0.9699
0.8554,0.6961,0.7676,0.9483
0.9398,0.7959,0.8619,0.9728
0.9277,0.7624,0.837,0.9662
0.9157,0.7835,0.8444,0.9648
