RUSBag
0.6857,0.4068,0.5106,0.8543
0.8571,0.4545,0.5941,0.9262
0.6857,0.3692,0.48,0.8523
0.5143,0.3913,0.4444,0.8138
0.6286,0.3492,0.449,0.8084
0.6857,0.375,0.4848,0.8507
0.7429,0.4407,0.5532,0.8636
0.75,0.4821,0.587,0.8799
0.6944,0.4098,0.5155,0.8386
0.6286,0.3548,0.4536,0.8432
0.6857,0.3582,0.4706,0.8093
0.6286,0.44,0.5176,0.8627
0.7714,0.3971,0.5243,0.8622
0.5714,0.3704,0.4494,0.8262
0.6286,0.3793,0.4731,0.8219
0.7714,0.4091,0.5347,0.8972
0.7143,0.3846,0.5,0.8491
0.75,0.4091,0.5294,0.861
0.6667,0.3582,0.466,0.8204
0.6286,0.3729,0.4681,0.8322
0.8286,0.4603,0.5918,0.9121
0.5429,0.3115,0.3958,0.7774
0.6,0.375,0.4615,0.8049
0.8,0.4179,0.549,0.8672
0.6857,0.4,0.5053,0.8755
0.7143,0.3676,0.4854,0.8354
0.7429,0.4407,0.5532,0.8704
0.6389,0.3966,0.4894,0.8642
0.7222,0.3881,0.5049,0.8863
0.6,0.4118,0.4884,0.8645
0.6667,0.4068,0.5053,0.848
0.5556,0.4348,0.4878,0.8238
0.7429,0.4063,0.5253,0.8668
0.7429,0.3333,0.4602,0.8452
0.7714,0.4426,0.5625,0.8799
0.6857,0.3871,0.4948,0.8297
0.6571,0.3485,0.4554,0.8388
0.7714,0.3913,0.5192,0.8776
0.6571,0.4423,0.5287,0.8367
0.6571,0.4259,0.5169,0.8643
0.7429,0.5098,0.6047,0.8729
0.7143,0.3968,0.5102,0.8434
0.7714,0.4286,0.551,0.8702
0.3714,0.3333,0.3514,0.7635
0.7714,0.403,0.5294,0.8398
0.6571,0.3538,0.46,0.8522
0.5714,0.3704,0.4494,0.7927
0.6389,0.4107,0.5,0.8631
0.7778,0.4058,0.5333,0.8888
0.7143,0.3731,0.4902,0.8576
0.7429,0.3881,0.5098,0.8517
0.6286,0.3729,0.4681,0.815
0.6857,0.48,0.5647,0.8986
0.7143,0.4167,0.5263,0.8684
0.6,0.4118,0.4884,0.7999
0.4857,0.3696,0.4198,0.8512
0.6286,0.44,0.5176,0.8345
0.6667,0.5106,0.5783,0.871
0.75,0.3506,0.4779,0.831
0.6286,0.3729,0.4681,0.8486
0.7714,0.3506,0.4821,0.8501
0.6571,0.4423,0.5287,0.8629
0.4857,0.3269,0.3908,0.8293
0.5429,0.3016,0.3878,0.794
0.6286,0.4231,0.5057,0.902
0.7429,0.4063,0.5253,0.8579
0.6571,0.3966,0.4946,0.8274
0.5833,0.4038,0.4773,0.819
0.75,0.3506,0.4779,0.857
0.6571,0.3966,0.4946,0.8678
0.8,0.4179,0.549,0.8673
0.7143,0.4237,0.5319,0.8166
0.7143,0.4464,0.5495,0.8556
0.6,0.4468,0.5122,0.8309
0.6286,0.3548,0.4536,0.8364
0.8571,0.3614,0.5085,0.8828
0.5714,0.3226,0.4124,0.7859
0.7222,0.3662,0.486,0.8533
0.5833,0.3621,0.4468,0.8555
0.6286,0.3667,0.4632,0.8544
0.6286,0.4583,0.5301,0.8652
0.4857,0.3953,0.4359,0.7975
0.6286,0.3014,0.4074,0.8092
0.6286,0.3235,0.4272,0.8251
0.7143,0.4167,0.5263,0.8693
0.6857,0.4364,0.5333,0.854
0.5429,0.4043,0.4634,0.8238
0.6944,0.3676,0.4808,0.8313
0.6667,0.4211,0.5161,0.8575
0.7714,0.3649,0.4954,0.8791
0.7143,0.431,0.5376,0.887
0.6571,0.377,0.4792,0.837
0.6571,0.3833,0.4842,0.8368
0.6571,0.3485,0.4554,0.7981
0.8571,0.3947,0.5405,0.9091
0.6,0.3684,0.4565,0.8359
0.6286,0.3929,0.4835,0.8425
0.5833,0.4375,0.5,0.8457
0.6667,0.4211,0.5161,0.8583
0.6286,0.3729,0.4681,0.8286
0.7143,0.4098,0.5208,0.888
0.7143,0.3125,0.4348,0.8387
0.7429,0.4063,0.5253,0.8736
0.4857,0.3333,0.3953,0.8109
0.6286,0.4151,0.5,0.8407
0.8,0.4242,0.5545,0.8984
0.8286,0.3452,0.4874,0.8434
0.6389,0.451,0.5287,0.8455
0.75,0.4154,0.5347,0.8657
0.6571,0.3485,0.4554,0.8701
0.5143,0.4615,0.4865,0.81
0.6,0.4667,0.525,0.8789
0.6571,0.3594,0.4646,0.8227
0.6571,0.4259,0.5169,0.8291
0.6286,0.4,0.4889,0.8492
0.5714,0.3922,0.4651,0.8216
0.7714,0.4219,0.5455,0.8984
0.75,0.3253,0.4538,0.8186
0.8056,0.5273,0.6374,0.8908
0.6571,0.3594,0.4646,0.8164
0.6,0.3621,0.4516,0.8212
0.6857,0.4068,0.5106,0.8575
0.7429,0.4815,0.5843,0.8861
0.6286,0.3385,0.44,0.806
0.6571,0.4182,0.5111,0.8499
0.5143,0.383,0.439,0.8288
0.7143,0.3846,0.5,0.8501
0.8333,0.4,0.5405,0.8648
0.8056,0.4085,0.5421,0.8889
0.6857,0.338,0.4528,0.8322
0.6389,0.3833,0.4792,0.8508
0.7778,0.4667,0.5833,0.89
0.6,0.3621,0.4516,0.8323
0.7429,0.4063,0.5253,0.8741
0.5714,0.3636,0.4444,0.8082
0.6286,0.3607,0.4583,0.8079
0.7429,0.3467,0.4727,0.8583
0.6571,0.4182,0.5111,0.8194
0.6,0.3231,0.42,0.7883
0.6286,0.3793,0.4731,0.8342
0.6571,0.4259,0.5169,0.8525
0.7714,0.4154,0.54,0.8745
0.6286,0.449,0.5238,0.8652
0.7429,0.3611,0.486,0.8159
0.7714,0.403,0.5294,0.8702
0.6571,0.4107,0.5055,0.8442
0.7429,0.3881,0.5098,0.8346
0.5556,0.3448,0.4255,0.7899
0.5556,0.4348,0.4878,0.8498
0.6286,0.3607,0.4583,0.8457
0.6111,0.3385,0.4356,0.8154
0.6389,0.5,0.561,0.8873
0.7143,0.4098,0.5208,0.8569
0.6286,0.44,0.5176,0.8666
0.6857,0.4364,0.5333,0.8232
0.6571,0.3485,0.4554,0.853
0.7143,0.3846,0.5,0.8523
0.5143,0.3462,0.4138,0.7979
0.8286,0.3537,0.4957,0.9137
0.8,0.4058,0.5385,0.8852
0.6,0.3559,0.4468,0.8238
0.5714,0.3774,0.4545,0.8369
0.8,0.4118,0.5437,0.8699
0.6857,0.4364,0.5333,0.8865
0.6286,0.4,0.4889,0.8694
0.7143,0.4545,0.5556,0.8688
0.7143,0.3676,0.4854,0.8449
0.75,0.4091,0.5294,0.847
0.6389,0.4423,0.5227,0.8622
0.5143,0.3,0.3789,0.7578
0.6286,0.3929,0.4835,0.8655
0.5429,0.3276,0.4086,0.8234
0.6571,0.3833,0.4842,0.8405
0.6286,0.386,0.4783,0.8519
0.6571,0.4035,0.5,0.824
0.7714,0.3857,0.5143,0.8909
0.6,0.3684,0.4565,0.8166
0.6944,0.3788,0.4902,0.8505
0.8611,0.3647,0.5124,0.8928
0.8,0.3457,0.4828,0.8881
0.7143,0.3521,0.4717,0.8286
0.6286,0.3385,0.44,0.812
0.6571,0.377,0.4792,0.8492
0.5714,0.4545,0.5063,0.8468
0.8286,0.4531,0.5859,0.8739
0.8286,0.4754,0.6042,0.9003
0.6857,0.3934,0.5,0.8784
0.7222,0.4906,0.5843,0.857
0.5833,0.3387,0.4286,0.8241
0.6286,0.386,0.4783,0.8168
0.6,0.3621,0.4516,0.8238
0.5714,0.3922,0.4651,0.8153
0.7714,0.4219,0.5455,0.8808
0.7714,0.4091,0.5347,0.8739
0.6286,0.4151,0.5,0.848
0.4571,0.3333,0.3855,0.8105
0.7143,0.3731,0.4902,0.864
0.6389,0.371,0.4694,0.8394
0.7778,0.3944,0.5234,0.8857
0.7714,0.3857,0.5143,0.8549
0.6944,0.3846,0.495,0.8295
0.7778,0.3836,0.5138,0.87
0.6286,0.3729,0.4681,0.844
0.6571,0.3651,0.4694,0.8329
0.8,0.4118,0.5437,0.9065
0.6857,0.4898,0.5714,0.8741
0.7143,0.5,0.5882,0.8843
0.6,0.3962,0.4773,0.8374
0.6571,0.46,0.5412,0.8568
0.5429,0.2676,0.3585,0.7687
0.8571,0.411,0.5556,0.8795
0.5714,0.4444,0.5,0.8622
0.8,0.4667,0.5895,0.9023
0.6857,0.3529,0.466,0.8422
0.6857,0.381,0.4898,0.852
0.7143,0.3846,0.5,0.8495
0.6571,0.4107,0.5055,0.8355
0.5556,0.4255,0.4819,0.848
0.5278,0.38,0.4419,0.8068
0.6857,0.3243,0.4404,0.7975
0.6857,0.4211,0.5217,0.8614
0.7714,0.4576,0.5745,0.8916
0.8,0.4,0.5333,0.8867
0.6857,0.3429,0.4571,0.8266
0.6286,0.2933,0.4,0.7585
0.4857,0.3091,0.3778,0.7872
0.7714,0.4576,0.5745,0.8764
0.6111,0.3667,0.4583,0.8096
0.6667,0.3934,0.4948,0.8517
0.7429,0.4063,0.5253,0.8981
0.7429,0.4333,0.5474,0.888
0.7143,0.4237,0.5319,0.8427
0.6,0.4118,0.4884,0.8247
0.6,0.3962,0.4773,0.8453
0.6286,0.4681,0.5366,0.8471
0.6857,0.3871,0.4948,0.8097
0.5143,0.3273,0.4,0.7922
0.7222,0.3662,0.486,0.8461
0.6944,0.431,0.5319,0.8798
0.5429,0.3654,0.4368,0.8135
0.7143,0.4545,0.5556,0.8748
0.8857,0.337,0.4882,0.8704
0.6,0.5,0.5455,0.8378
0.7143,0.3731,0.4902,0.8378
0.6857,0.4444,0.5393,0.8398
0.7143,0.3731,0.4902,0.8315
0.5429,0.3585,0.4318,0.8484
0.5833,0.4468,0.506,0.823
0.6944,0.4808,0.5682,0.8657
0.6571,0.4035,0.5,0.8442
0.6571,0.4259,0.5169,0.8525
0.6857,0.3934,0.5,0.8619
0.6286,0.2895,0.3964,0.7766
0.5714,0.339,0.4255,0.8077
0.5714,0.3571,0.4396,0.8397
0.8571,0.3947,0.5405,0.8834
0.6571,0.4792,0.5542,0.8788
0.8056,0.4265,0.5577,0.8576
0.7778,0.3944,0.5234,0.8776
0.6857,0.5217,0.5926,0.8874
0.5714,0.4,0.4706,0.8321
0.6286,0.44,0.5176,0.8272
0.7429,0.52,0.6118,0.86
0.6571,0.3594,0.4646,0.8253
0.6857,0.3478,0.4615,0.8573
0.6857,0.3529,0.466,0.8544
0.6,0.3621,0.4516,0.8084
0.7222,0.3881,0.5049,0.834
0.5556,0.3509,0.4301,0.7925
0.7429,0.5,0.5977,0.8767
0.7429,0.3421,0.4685,0.8651
0.8286,0.3766,0.5179,0.8769
0.5429,0.3654,0.4368,0.8375
0.6,0.35,0.4421,0.8014
0.7429,0.3768,0.5,0.8407
0.5429,0.3878,0.4524,0.8181
0.5429,0.4318,0.481,0.8395
0.6389,0.4423,0.5227,0.8557
0.8611,0.378,0.5254,0.8683
0.6571,0.4107,0.5055,0.8504
0.7714,0.4821,0.5934,0.895
0.5714,0.3846,0.4598,0.7982
0.5714,0.3774,0.4545,0.8582
0.6857,0.4444,0.5393,0.8414
0.7429,0.4643,0.5714,0.8759
0.7714,0.3506,0.4821,0.8667
0.7429,0.3714,0.4952,0.8444
0.7222,0.3611,0.4815,0.8569
0.6667,0.4444,0.5333,0.8456
0.7143,0.3521,0.4717,0.8219
0.5143,0.375,0.4337,0.8164
0.7714,0.403,0.5294,0.8987
0.6,0.4565,0.5185,0.8821
0.5143,0.4,0.45,0.775
0.7714,0.3649,0.4954,0.8782
0.7143,0.4032,0.5155,0.8582
0.6286,0.4151,0.5,0.8837
0.7222,0.3824,0.5,0.8795
0.7222,0.3714,0.4906,0.8818
0.6571,0.377,0.4792,0.8416
0.5143,0.3158,0.3913,0.7688
0.5429,0.3455,0.4222,0.8115
0.8286,0.3625,0.5043,0.8961
0.7714,0.45,0.5684,0.8797
0.6,0.42,0.4941,0.8644
0.5143,0.3051,0.383,0.7985
0.6571,0.371,0.4742,0.8613
0.7778,0.4242,0.549,0.8667
0.8056,0.4833,0.6042,0.8882
0.7714,0.4219,0.5455,0.8706
0.6,0.4038,0.4828,0.8374
0.4571,0.3902,0.4211,0.8016
0.8571,0.3571,0.5042,0.883
0.7143,0.4237,0.5319,0.8546
0.5143,0.36,0.4235,0.837
0.8,0.3636,0.5,0.8669
0.7429,0.4194,0.5361,0.8668
0.75,0.36,0.4865,0.8589
0.5556,0.4,0.4651,0.832
0.5714,0.4167,0.4819,0.8606
0.7143,0.3731,0.4902,0.8657
0.7143,0.4464,0.5495,0.8516
0.5143,0.4,0.45,0.8507
0.8286,0.4833,0.6105,0.9082
0.7429,0.3611,0.486,0.8363
0.7143,0.3086,0.431,0.8025
0.5714,0.4444,0.5,0.8796
0.5833,0.4375,0.5,0.8459
0.6944,0.4167,0.5208,0.8484
0.6571,0.3538,0.46,0.8509
0.6,0.3443,0.4375,0.8319
0.7143,0.4717,0.5682,0.867
0.7429,0.4483,0.5591,0.8758
0.6286,0.2933,0.4,0.7565
0.6286,0.3607,0.4583,0.868
0.6857,0.4,0.5053,0.8395
0.7143,0.431,0.5376,0.871
0.8333,0.4478,0.5825,0.8565
0.7778,0.4667,0.5833,0.881
0.6857,0.338,0.4528,0.8136
0.6286,0.3548,0.4536,0.842
0.7429,0.4063,0.5253,0.8753
0.4857,0.2982,0.3696,0.802
0.6857,0.3871,0.4948,0.8688
0.5143,0.3913,0.4444,0.7624
0.6857,0.4138,0.5161,0.83
0.6571,0.4694,0.5476,0.8354
0.6944,0.3676,0.4808,0.843
0.75,0.3699,0.4954,0.8637
0.7714,0.375,0.5047,0.8808
0.6286,0.3929,0.4835,0.8578
0.6571,0.3026,0.4144,0.7955
0.7143,0.3906,0.5051,0.8751
0.6286,0.3929,0.4835,0.8538
0.5714,0.4444,0.5,0.8408
0.6857,0.4138,0.5161,0.8777
0.7143,0.3906,0.5051,0.8641
0.6667,0.4706,0.5517,0.8737
0.6944,0.3623,0.4762,0.8294
0.6857,0.4138,0.5161,0.8778
0.7143,0.3846,0.5,0.8122
0.5714,0.4167,0.4819,0.8268
0.7429,0.3611,0.486,0.8622
0.7714,0.4655,0.5806,0.902
0.8,0.4828,0.6022,0.8534
0.7714,0.3913,0.5192,0.879
0.7143,0.431,0.5376,0.877
0.7222,0.3467,0.4685,0.8408
0.7222,0.321,0.4444,0.8321
0.6571,0.3538,0.46,0.8249
0.4857,0.3617,0.4146,0.8023
0.6286,0.3667,0.4632,0.7994
0.7714,0.3913,0.5192,0.8715
0.6857,0.3582,0.4706,0.8122
0.4571,0.4444,0.4507,0.8341
0.7714,0.4355,0.5567,0.8711
0.7429,0.4333,0.5474,0.8399
0.6389,0.3594,0.46,0.8494
0.6667,0.4,0.5,0.8871
0.6571,0.434,0.5227,0.8467
0.8286,0.358,0.5,0.8802
0.7429,0.3824,0.5049,0.8591
0.6286,0.5238,0.5714,0.8843
0.7143,0.4237,0.5319,0.8646
0.6571,0.4182,0.5111,0.8602
0.7143,0.4167,0.5263,0.8444
0.6857,0.4,0.5053,0.8678
0.5833,0.4038,0.4773,0.7999
0.7222,0.4063,0.52,0.8247
0.6857,0.4,0.5053,0.8705
0.6857,0.4286,0.5275,0.8576
0.7143,0.4808,0.5747,0.9255
0.8286,0.4394,0.5743,0.9086
0.7143,0.3571,0.4762,0.8483
0.6,0.2917,0.3925,0.8172
0.8,0.4058,0.5385,0.8831
0.6571,0.3594,0.4646,0.8424
0.5833,0.4118,0.4828,0.8177
0.6944,0.4098,0.5155,0.8317
0.6286,0.3607,0.4583,0.8248
0.4857,0.3469,0.4048,0.7752
0.7429,0.3611,0.486,0.8365
0.6571,0.434,0.5227,0.8729
0.7714,0.3699,0.5,0.8422
0.6571,0.4182,0.5111,0.8624
0.5714,0.3774,0.4545,0.8499
0.6857,0.4898,0.5714,0.8899
0.6944,0.3676,0.4808,0.8525
0.6667,0.3692,0.4752,0.8569
0.7714,0.4286,0.551,0.8731
0.6111,0.3284,0.4272,0.8327
0.7222,0.4,0.5149,0.8657
0.6571,0.3966,0.4946,0.8488
0.6286,0.3014,0.4074,0.7865
0.7429,0.4127,0.5306,0.8514
0.7714,0.5,0.6067,0.8897
0.6286,0.386,0.4783,0.8372
0.6286,0.4231,0.5057,0.8589
0.6571,0.3538,0.46,0.8424
0.6,0.3621,0.4516,0.8215
0.5143,0.375,0.4337,0.7941
0.6571,0.4035,0.5,0.8111
0.7429,0.4643,0.5714,0.86
0.6571,0.4694,0.5476,0.8729
0.7429,0.3714,0.4952,0.8001
0.7714,0.3462,0.4779,0.8466
0.7143,0.4167,0.5263,0.8728
0.6389,0.451,0.5287,0.8459
0.7778,0.4179,0.5437,0.8774
0.6,0.4286,0.5,0.8839
0.4857,0.3542,0.4096,0.7901
0.7429,0.3881,0.5098,0.8724
0.6,0.4884,0.5385,0.8293
0.6286,0.386,0.4783,0.8384
0.7429,0.3133,0.4407,0.8045
0.8286,0.4028,0.5421,0.8918
0.7429,0.3768,0.5,0.8826
0.6667,0.4706,0.5517,0.8803
0.6111,0.4074,0.4889,0.8048
0.8,0.4444,0.5714,0.8941
0.7143,0.3571,0.4762,0.8224
0.6,0.3818,0.4667,0.853
0.6286,0.386,0.4783,0.8451
0.6571,0.434,0.5227,0.8713
0.6857,0.4286,0.5275,0.826
0.8,0.4179,0.549,0.913
0.6571,0.3966,0.4946,0.8701
0.6667,0.4211,0.5161,0.8343
0.5278,0.2879,0.3725,0.7729
0.6857,0.4211,0.5217,0.8581
0.6571,0.4792,0.5542,0.8719
0.7143,0.5,0.5882,0.8662
0.7143,0.4717,0.5682,0.8642
0.6571,0.3651,0.4694,0.8449
0.8286,0.4085,0.5472,0.8845
0.6571,0.3382,0.4466,0.8226
0.4857,0.3148,0.382,0.7831
0.8056,0.4143,0.5472,0.8927
0.5278,0.2969,0.38,0.7542
0.5714,0.3571,0.4396,0.8375
0.8,0.3889,0.5234,0.8858
0.6571,0.4259,0.5169,0.8686
0.5714,0.4444,0.5,0.8488
0.6,0.3182,0.4158,0.8242
0.6286,0.3793,0.4731,0.8488
0.6,0.4565,0.5185,0.8623
0.6286,0.3056,0.4112,0.8004
0.75,0.4576,0.5684,0.8657
0.6667,0.4,0.5,0.8643
0.6571,0.4035,0.5,0.8741
0.7429,0.4262,0.5417,0.8664
0.5714,0.4255,0.4878,0.8758
0.5714,0.3704,0.4494,0.8409
0.8,0.359,0.4956,0.878
0.6286,0.4314,0.5116,0.816
0.6286,0.3729,0.4681,0.8129
0.8,0.3944,0.5283,0.8622
0.5556,0.3636,0.4396,0.8003
0.6667,0.4138,0.5106,0.8472
0.4857,0.2537,0.3333,0.7498
0.5143,0.3673,0.4286,0.7871
0.6571,0.3898,0.4894,0.8443
0.6571,0.371,0.4742,0.8317
0.6286,0.3607,0.4583,0.7999
0.6857,0.3871,0.4948,0.8647
0.8,0.4,0.5333,0.9009
0.6286,0.3667,0.4632,0.856
0.6667,0.381,0.4848,0.8382
0.7778,0.459,0.5773,0.8757
0.6571,0.434,0.5227,0.8734
0.6857,0.4068,0.5106,0.8464
0.5429,0.4222,0.475,0.8431
0.7143,0.431,0.5376,0.8636
0.5143,0.4,0.45,0.7817
0.6286,0.3099,0.4151,0.8307
0.7143,0.4032,0.5155,0.8522
0.6286,0.3929,0.4835,0.8383
0.8056,0.4328,0.5631,0.9228
0.6944,0.4098,0.5155,0.8578
0.7143,0.4386,0.5435,0.8497
0.6571,0.371,0.4742,0.8187
0.5714,0.3704,0.4494,0.8264
0.6857,0.375,0.4848,0.8238
0.6286,0.5116,0.5641,0.8898
0.7714,0.4576,0.5745,0.8705
0.6571,0.3067,0.4182,0.8209
0.7714,0.4909,0.6,0.8798
0.4722,0.2698,0.3434,0.7548
0.5,0.4615,0.48,0.8262
0.7143,0.3846,0.5,0.8569
0.7429,0.4333,0.5474,0.8615
0.6857,0.3529,0.466,0.851
0.4857,0.3269,0.3908,0.8298
0.8571,0.4167,0.5607,0.8944
0.7143,0.3906,0.5051,0.8683
0.6571,0.3485,0.4554,0.8154
0.7429,0.4262,0.5417,0.8481
0.7222,0.4333,0.5417,0.8629
0.75,0.45,0.5625,0.8323
0.7429,0.5306,0.619,0.8821
0.7714,0.4154,0.54,0.8602
0.5714,0.3448,0.4301,0.8151
0.5429,0.4043,0.4634,0.8528
0.6857,0.3117,0.4286,0.8359
0.5143,0.4,0.45,0.816
0.6,0.3889,0.4719,0.8519
0.6,0.3889,0.4719,0.8022
0.6389,0.371,0.4694,0.8437
0.75,0.4821,0.587,0.8953
0.8,0.4242,0.5545,0.8977
0.8,0.3784,0.5138,0.9087
0.5714,0.3636,0.4444,0.826
0.6857,0.4138,0.5161,0.8411
0.5143,0.439,0.4737,0.8216
0.6857,0.338,0.4528,0.8551
0.7429,0.4127,0.5306,0.8827
0.6571,0.3898,0.4894,0.8383
0.7222,0.4127,0.5253,0.8796
0.8611,0.3974,0.5439,0.863
0.7714,0.403,0.5294,0.8685
0.7429,0.3562,0.4815,0.84
0.8286,0.4203,0.5577,0.9022
0.7714,0.4821,0.5934,0.8993
0.6857,0.4364,0.5333,0.8445
0.6857,0.4444,0.5393,0.8767
0.6857,0.4211,0.5217,0.8598
0.6286,0.4151,0.5,0.8445
0.75,0.3971,0.5192,0.8882
0.6111,0.3793,0.4681,0.799
0.5429,0.3654,0.4368,0.8213
0.6286,0.3548,0.4536,0.8302
0.5429,0.3958,0.4578,0.8236
0.6571,0.4792,0.5542,0.8646
0.6571,0.4259,0.5169,0.8426
0.6571,0.4423,0.5287,0.8316
0.7429,0.4262,0.5417,0.8884
0.6571,0.3333,0.4423,0.8391
0.6667,0.4444,0.5333,0.8743
0.6389,0.3067,0.4144,0.8429
0.7429,0.3377,0.4643,0.8613
0.5556,0.3279,0.4124,0.8149
0.6389,0.3651,0.4646,0.8641
0.7143,0.3846,0.5,0.8682
0.6857,0.4138,0.5161,0.887
0.5143,0.5143,0.5143,0.8479
0.6571,0.434,0.5227,0.8328
0.6857,0.4615,0.5517,0.8603
0.6,0.3088,0.4078,0.8113
0.5714,0.3333,0.4211,0.7927
0.6571,0.3898,0.4894,0.8159
0.6,0.3889,0.4719,0.8317
0.6,0.3621,0.4516,0.8091
0.7714,0.3913,0.5192,0.8701
0.7143,0.3623,0.4808,0.828
0.8,0.3636,0.5,0.8637
0.7143,0.4167,0.5263,0.8839
0.7143,0.4386,0.5435,0.8856
0.75,0.4286,0.5455,0.8849
0.6944,0.4167,0.5208,0.8619
0.6571,0.5227,0.5823,0.8818
0.6857,0.375,0.4848,0.8198
0.6857,0.3934,0.5,0.8294
0.7143,0.4098,0.5208,0.8874
0.5429,0.38,0.4471,0.8282
0.7143,0.3906,0.5051,0.8584
0.7429,0.4194,0.5361,0.8837
0.8286,0.4531,0.5859,0.904
0.5556,0.3571,0.4348,0.8068
0.6389,0.3194,0.4259,0.8156
0.4571,0.4848,0.4706,0.8195
0.5714,0.339,0.4255,0.7934
0.6857,0.3692,0.48,0.8474
0.6857,0.4068,0.5106,0.8554
0.6857,0.4,0.5053,0.8466
0.7714,0.3913,0.5192,0.8856
0.6286,0.4074,0.4944,0.824
0.6,0.3684,0.4565,0.8004
0.8333,0.4286,0.566,0.9025
0.6944,0.3906,0.5,0.8792
0.6571,0.4182,0.5111,0.8709
0.4722,0.3696,0.4146,0.838
0.8056,0.3867,0.5225,0.8637
0.6286,0.3607,0.4583,0.8106
0.6857,0.48,0.5647,0.8973
0.6,0.3387,0.433,0.8289
0.8,0.3636,0.5,0.8564
0.4857,0.2881,0.3617,0.7478
0.6857,0.3871,0.4948,0.8247
0.6571,0.3194,0.4299,0.8394
0.6571,0.4423,0.5287,0.8503
0.7143,0.431,0.5376,0.8374
0.6286,0.3929,0.4835,0.8525
0.5714,0.3704,0.4494,0.8306
0.7429,0.52,0.6118,0.8839
0.6857,0.4068,0.5106,0.8057
0.7429,0.3881,0.5098,0.8969
0.7429,0.3514,0.4771,0.8304
0.6944,0.4237,0.5263,0.8767
0.6944,0.4386,0.5376,0.8665
0.6571,0.3538,0.46,0.8206
0.4857,0.34,0.4,0.8405
0.6857,0.375,0.4848,0.8476
0.6286,0.4681,0.5366,0.853
0.6857,0.3333,0.4486,0.8273
0.8286,0.4531,0.5859,0.9092
0.6286,0.44,0.5176,0.8264
0.8571,0.4167,0.5607,0.9028
0.75,0.4091,0.5294,0.8334
0.75,0.3803,0.5047,0.8584
0.6286,0.4314,0.5116,0.8645
0.6286,0.4314,0.5116,0.8693
0.8286,0.3867,0.5273,0.8593
0.7714,0.3971,0.5243,0.869
0.6,0.42,0.4941,0.8617
0.5429,0.3725,0.4419,0.7997
0.7143,0.4167,0.5263,0.8569
0.5429,0.3455,0.4222,0.7865
0.7778,0.3146,0.448,0.8337
0.5556,0.3636,0.4396,0.8019
0.8857,0.4306,0.5794,0.9024
0.7429,0.4063,0.5253,0.8759
0.8,0.4058,0.5385,0.8826
0.7714,0.3913,0.5192,0.8582
0.7143,0.463,0.5618,0.8687
0.5714,0.3571,0.4396,0.835
0.6,0.35,0.4421,0.769
0.7429,0.3881,0.5098,0.8555
0.6111,0.3438,0.44,0.82
0.5556,0.339,0.4211,0.8379
0.7429,0.4333,0.5474,0.861
0.6286,0.3607,0.4583,0.8326
0.6857,0.4211,0.5217,0.8698
0.7714,0.4154,0.54,0.8771
0.8,0.3784,0.5138,0.8911
0.5714,0.3571,0.4396,0.8471
0.5714,0.3333,0.4211,0.8113
0.6857,0.4615,0.5517,0.8909
0.75,0.4219,0.54,0.8498
0.5556,0.3509,0.4301,0.7797
0.5143,0.375,0.4337,0.8047
0.6571,0.4694,0.5476,0.8827
0.4857,0.3269,0.3908,0.7775
0.7429,0.3768,0.5,0.8212
0.7714,0.3857,0.5143,0.8639
0.6857,0.4286,0.5275,0.857
0.6571,0.3485,0.4554,0.8098
0.5143,0.3462,0.4138,0.8179
0.5833,0.4286,0.4941,0.8334
0.6667,0.381,0.4848,0.8283
0.6571,0.4182,0.5111,0.87
0.5833,0.3043,0.4,0.765
0.6667,0.4,0.5,0.8439
0.8571,0.3704,0.5172,0.8863
0.6857,0.4706,0.5581,0.8649
0.7143,0.3968,0.5102,0.8732
0.7143,0.3906,0.5051,0.824
0.6857,0.3429,0.4571,0.8427
0.7143,0.431,0.5376,0.8447
0.8,0.459,0.5833,0.8848
0.6857,0.4898,0.5714,0.8865
0.6111,0.4231,0.5,0.8256
0.5833,0.3684,0.4516,0.7927
0.7143,0.4237,0.5319,0.8568
0.5429,0.3065,0.3918,0.8018
0.7714,0.4737,0.587,0.912
0.7143,0.463,0.5618,0.8766
0.6,0.375,0.4615,0.8694
0.5143,0.3396,0.4091,0.8367
0.4857,0.4146,0.4474,0.8423
0.8857,0.3563,0.5082,0.9161
0.5429,0.3167,0.4,0.8064
0.7143,0.5208,0.6024,0.8977
0.7429,0.4333,0.5474,0.8531
0.5714,0.4082,0.4762,0.8458
0.6857,0.4444,0.5393,0.8629
0.7429,0.4063,0.5253,0.8754
0.7429,0.3611,0.486,0.8739
0.5278,0.3333,0.4086,0.7795
0.6667,0.3692,0.4752,0.8534
0.6286,0.3667,0.4632,0.852
0.7143,0.3247,0.4464,0.8507
0.6857,0.3934,0.5,0.8073
0.6286,0.4583,0.5301,0.8604
0.6571,0.3485,0.4554,0.8258
0.6286,0.3729,0.4681,0.8091
0.7714,0.3649,0.4954,0.8919
0.6857,0.4068,0.5106,0.8685
0.7222,0.4483,0.5532,0.8718
0.5833,0.3684,0.4516,0.8517
0.5429,0.3585,0.4318,0.8205
0.6857,0.4,0.5053,0.8695
0.4571,0.3721,0.4103,0.8106
0.6571,0.3833,0.4842,0.8356
0.6,0.42,0.4941,0.8434
0.6857,0.3934,0.5,0.8554
0.7143,0.3623,0.4808,0.8412
0.6,0.3443,0.4375,0.7815
0.7778,0.3889,0.5185,0.8739
0.7222,0.3881,0.5049,0.8341
0.4571,0.3721,0.4103,0.794
0.5143,0.45,0.48,0.8573
0.5714,0.3175,0.4082,0.8258
0.7714,0.4286,0.551,0.8889
0.5143,0.3214,0.3956,0.8084
0.6857,0.5217,0.5926,0.8728
0.8,0.3636,0.5,0.8628
0.8286,0.3494,0.4915,0.8681
0.6389,0.3898,0.4842,0.8359
0.8056,0.3816,0.5179,0.8515
0.5714,0.4167,0.4819,0.8458
0.6,0.4286,0.5,0.8204
0.6,0.3559,0.4468,0.8205
0.8571,0.3704,0.5172,0.8801
0.6857,0.4615,0.5517,0.8944
0.6286,0.4,0.4889,0.8319
0.5429,0.2714,0.3619,0.7846
0.6286,0.4583,0.5301,0.8409
0.5833,0.375,0.4565,0.8384
0.8611,0.4769,0.6139,0.9168
0.6,0.4118,0.4884,0.8098
0.6571,0.3898,0.4894,0.851
0.6571,0.3833,0.4842,0.8584
0.6857,0.3038,0.4211,0.838
0.7429,0.4063,0.5253,0.8878
0.6571,0.377,0.4792,0.851
0.6571,0.3966,0.4946,0.8518
0.5143,0.3214,0.3956,0.7512
0.6944,0.4386,0.5376,0.8894
0.6389,0.4035,0.4946,0.8531
0.7143,0.4386,0.5435,0.8582
0.6857,0.381,0.4898,0.8527
0.6,0.3818,0.4667,0.8286
0.7143,0.3788,0.495,0.8643
0.7429,0.3514,0.4771,0.8593
0.7714,0.4154,0.54,0.8935
0.6857,0.375,0.4848,0.835
0.7429,0.3939,0.5149,0.8783
0.6667,0.3243,0.4364,0.837
0.5,0.4286,0.4615,0.8172
0.7429,0.5,0.5977,0.8772
0.6571,0.3333,0.4423,0.7711
0.6857,0.4706,0.5581,0.8859
0.6857,0.3429,0.4571,0.8413
0.6571,0.284,0.3966,0.7897
0.8,0.4375,0.5657,0.8723
0.6,0.42,0.4941,0.859
0.6571,0.371,0.4742,0.8176
0.5278,0.38,0.4419,0.8112
0.8889,0.4507,0.5981,0.9495
0.6286,0.4583,0.5301,0.8881
0.5556,0.3636,0.4396,0.8288
0.75,0.3857,0.5094,0.8782
0.6,0.4038,0.4828,0.8103
0.7143,0.3846,0.5,0.8682
0.7429,0.52,0.6118,0.9
0.5143,0.383,0.439,0.819
0.8286,0.3816,0.5225,0.8828
0.7143,0.3968,0.5102,0.8558
0.6857,0.3871,0.4948,0.8538
0.5429,0.38,0.4471,0.8039
0.5714,0.4444,0.5,0.8453
0.7143,0.3378,0.4587,0.8407
0.6286,0.4231,0.5057,0.8804
0.8571,0.4412,0.5825,0.9014
0.5714,0.3571,0.4396,0.8343
0.6286,0.4151,0.5,0.8409
0.6857,0.4211,0.5217,0.854
0.6389,0.3898,0.4842,0.8099
0.6389,0.3286,0.434,0.8013
0.6286,0.3548,0.4536,0.8173
0.9143,0.4384,0.5926,0.9144
0.7143,0.3333,0.4545,0.8295
0.6286,0.4,0.4889,0.8488
0.6571,0.3651,0.4694,0.8517
0.6286,0.449,0.5238,0.8528
0.6286,0.44,0.5176,0.8475
0.6571,0.5111,0.575,0.8841
0.4722,0.2787,0.3505,0.7878
0.5833,0.4667,0.5185,0.8366
0.8,0.4375,0.5657,0.8921
0.7429,0.4333,0.5474,0.8475
0.8,0.3836,0.5185,0.877
0.7143,0.3731,0.4902,0.8178
0.6,0.3443,0.4375,0.8275
0.7143,0.4545,0.5556,0.8541
0.8,0.4516,0.5773,0.9044
0.6857,0.4,0.5053,0.8452
0.6667,0.5333,0.5926,0.8876
0.5833,0.2838,0.3818,0.7863
0.7429,0.3768,0.5,0.8814
0.5714,0.3704,0.4494,0.808
0.7429,0.4561,0.5652,0.8506
0.6571,0.371,0.4742,0.8039
0.6857,0.3871,0.4948,0.8382
0.6286,0.3729,0.4681,0.8197
0.7143,0.4386,0.5435,0.8627
0.6857,0.4,0.5053,0.8554
0.6111,0.3188,0.419,0.7555
0.5,0.383,0.4337,0.8026
0.8857,0.4697,0.6139,0.9319
0.6571,0.3833,0.4842,0.8428
0.6571,0.5111,0.575,0.8863
0.8286,0.4328,0.5686,0.8982
0.6286,0.3385,0.44,0.833
0.6286,0.44,0.5176,0.8407
0.6,0.3818,0.4667,0.843
0.6286,0.4,0.4889,0.8403
0.5556,0.3279,0.4124,0.8119
0.5833,0.3443,0.433,0.8275
0.8286,0.5,0.6237,0.9108
0.4571,0.3333,0.3855,0.8036
0.6857,0.4444,0.5393,0.8799
0.7714,0.3971,0.5243,0.868
0.7143,0.3472,0.4673,0.8262
0.6286,0.44,0.5176,0.8564
0.7429,0.3421,0.4685,0.853
0.8,0.4444,0.5714,0.9126
0.5833,0.4667,0.5185,0.8466
0.7222,0.4194,0.5306,0.8268
0.5714,0.4444,0.5,0.8269
0.6,0.3621,0.4516,0.8208
0.6,0.5526,0.5753,0.875
0.8286,0.3625,0.5043,0.8706
0.6286,0.386,0.4783,0.833
0.6571,0.3966,0.4946,0.867
0.6857,0.3871,0.4948,0.867
0.7143,0.3165,0.4386,0.8106
0.7778,0.4444,0.5657,0.8955
0.6667,0.4068,0.5053,0.841
0.7429,0.4063,0.5253,0.8872
0.8,0.459,0.5833,0.9042
0.6857,0.4286,0.5275,0.8778
0.6857,0.4138,0.5161,0.8731
0.5429,0.3725,0.4419,0.8012
0.6857,0.3636,0.4752,0.8345
0.7714,0.3971,0.5243,0.8521
0.7429,0.325,0.4522,0.8551
0.75,0.3913,0.5143,0.8431
0.5,0.4091,0.45,0.8074
0.7714,0.4576,0.5745,0.8977
0.7714,0.3857,0.5143,0.8826
0.7714,0.3803,0.5094,0.8444
0.6857,0.4364,0.5333,0.8612
0.6,0.4565,0.5185,0.858
0.6,0.3559,0.4468,0.8348
0.7143,0.4032,0.5155,0.8885
0.7143,0.4237,0.5319,0.8511
0.6944,0.431,0.5319,0.8574
0.6389,0.4182,0.5055,0.8478
0.7714,0.3293,0.4615,0.8562
0.6571,0.3651,0.4694,0.8226
0.6857,0.4615,0.5517,0.8334
0.7143,0.3676,0.4854,0.8591
0.6571,0.451,0.5349,0.8696
0.7714,0.4355,0.5567,0.8853
0.5143,0.4,0.45,0.8383
0.7429,0.3824,0.5049,0.8437
0.5833,0.4565,0.5122,0.8133
0.6667,0.4211,0.5161,0.8776
0.5714,0.3636,0.4444,0.8353
0.6857,0.375,0.4848,0.8624
0.6286,0.3492,0.449,0.8372
0.6857,0.3934,0.5,0.8894
0.7714,0.4355,0.5567,0.8852
0.6286,0.4074,0.4944,0.8379
0.6857,0.338,0.4528,0.8124
0.6571,0.3067,0.4182,0.8125
0.6944,0.4808,0.5682,0.8356
0.6944,0.3906,0.5,0.8545
0.7143,0.431,0.5376,0.89
0.5714,0.3636,0.4444,0.8218
0.8,0.3836,0.5185,0.9012
0.5429,0.3167,0.4,0.7484
0.7143,0.3846,0.5,0.8646
0.5143,0.3273,0.4,0.7963
0.6286,0.3333,0.4356,0.8248
0.7143,0.4098,0.5208,0.8619
0.7778,0.549,0.6437,0.888
0.8333,0.4688,0.6,0.9208
0.6857,0.3934,0.5,0.8453
0.7143,0.4237,0.5319,0.8661
0.6,0.3818,0.4667,0.8363
0.6286,0.3385,0.44,0.856
0.7714,0.4091,0.5347,0.8954
0.6,0.42,0.4941,0.8418
0.8,0.4308,0.56,0.8792
0.6857,0.4364,0.5333,0.8718
0.6389,0.3286,0.434,0.8312
0.5833,0.3281,0.42,0.7941
0.5714,0.4444,0.5,0.8115
0.6,0.3621,0.4516,0.7924
0.6571,0.377,0.4792,0.8195
0.6857,0.381,0.4898,0.8225
0.6857,0.3478,0.4615,0.8357
0.8286,0.4203,0.5577,0.9119
0.6286,0.386,0.4783,0.8372
0.7143,0.4098,0.5208,0.8551
0.6944,0.3623,0.4762,0.8292
0.6667,0.4,0.5,0.8342
0.5429,0.3878,0.4524,0.83
0.5143,0.4286,0.4675,0.7859
0.8,0.4746,0.5957,0.9177
0.7143,0.3968,0.5102,0.8703
0.8,0.4058,0.5385,0.8517
0.7714,0.4286,0.551,0.8914
0.4857,0.3542,0.4096,0.8293
0.6857,0.3692,0.48,0.8429
0.6389,0.371,0.4694,0.8443
0.6667,0.4068,0.5053,0.8421
0.6571,0.371,0.4742,0.8315
0.7429,0.4483,0.5591,0.8942
0.7714,0.3913,0.5192,0.8604
0.6571,0.3286,0.4381,0.8133
0.7429,0.4063,0.5253,0.8544
0.6571,0.377,0.4792,0.8468
0.6286,0.44,0.5176,0.8499
0.7143,0.4237,0.5319,0.8636
0.6389,0.4035,0.4946,0.8419
0.6667,0.4528,0.5393,0.8424
0.6857,0.3582,0.4706,0.8325
0.5714,0.3448,0.4301,0.8281
0.7143,0.4032,0.5155,0.8514
0.6286,0.449,0.5238,0.8614
0.6286,0.3729,0.4681,0.8387
0.7714,0.4091,0.5347,0.8697
0.7429,0.5417,0.6265,0.9075
0.5714,0.3125,0.404,0.7942
0.6667,0.5106,0.5783,0.8622
0.6944,0.4902,0.5747,0.8595
0.5143,0.3462,0.4138,0.7735
0.5833,0.5833,0.5833,0.8676
0.6111,0.3929,0.4783,0.8181
0.6857,0.375,0.4848,0.795
0.6857,0.381,0.4898,0.8329
0.6571,0.434,0.5227,0.8643
0.6,0.4565,0.5185,0.8345
0.7429,0.325,0.4522,0.8535
0.6286,0.3929,0.4835,0.8678
0.6857,0.3,0.4174,0.8484
0.7143,0.4808,0.5747,0.8872
0.7714,0.4576,0.5745,0.8656
0.6,0.3443,0.4375,0.7981
0.7143,0.3676,0.4854,0.8608
0.5714,0.3571,0.4396,0.85
0.6857,0.3333,0.4486,0.808
0.7143,0.4098,0.5208,0.9
0.7429,0.3824,0.5049,0.8611
0.5833,0.3387,0.4286,0.8035
0.75,0.4091,0.5294,0.8617
0.7714,0.3034,0.4355,0.8575
0.7143,0.3012,0.4237,0.8104
0.6571,0.4259,0.5169,0.8701
0.5143,0.3158,0.3913,0.801
0.6571,0.4182,0.5111,0.8625
0.7429,0.5,0.5977,0.8913
0.6286,0.4151,0.5,0.8039
0.7429,0.4483,0.5591,0.8716
0.5278,0.3519,0.4222,0.8147
0.5,0.383,0.4337,0.7997
0.7429,0.4127,0.5306,0.8757
0.6389,0.4894,0.5542,0.8449
0.7778,0.4516,0.5714,0.8676
0.7429,0.2955,0.4228,0.8321
0.6571,0.46,0.5412,0.8567
0.6571,0.4423,0.5287,0.8703
0.7143,0.431,0.5376,0.8517
0.7143,0.4386,0.5435,0.8839
0.6857,0.3288,0.4444,0.8177
0.7143,0.4464,0.5495,0.858
0.7714,0.3971,0.5243,0.8523
0.6286,0.4783,0.5432,0.8827
0.6286,0.4,0.4889,0.8214
0.7143,0.4808,0.5747,0.8815
0.7429,0.3939,0.5149,0.8572
0.5429,0.3333,0.413,0.821
0.7714,0.4655,0.5806,0.9085
0.6571,0.4035,0.5,0.8186
0.5556,0.3125,0.4,0.8422
0.5,0.4091,0.45,0.7895
0.7143,0.3846,0.5,0.8718
