RUSBag
0.8824,0.3125,0.4615,0.8791
0.9412,0.4706,0.6275,0.9439
0.9412,0.3019,0.4571,0.913
0.8824,0.3659,0.5172,0.91
0.8333,0.3571,0.5,0.9252
0.9444,0.3778,0.5397,0.9053
0.9412,0.381,0.5424,0.9356
1.0,0.3696,0.5397,0.9261
0.9412,0.3333,0.4923,0.8949
0.7647,0.3095,0.4407,0.858
0.9412,0.3721,0.5333,0.9619
0.7647,0.2955,0.4262,0.8285
0.9412,0.3556,0.5161,0.9362
0.8824,0.4688,0.6122,0.9332
1.0,0.45,0.6207,0.9549
1.0,0.375,0.5455,0.9076
0.9412,0.3721,0.5333,0.9165
0.9412,0.4444,0.6038,0.9465
0.9412,0.3137,0.4706,0.901
0.9412,0.3333,0.4923,0.9072
0.9444,0.3542,0.5152,0.8666
0.9444,0.4474,0.6071,0.9466
0.8824,0.375,0.5263,0.931
1.0,0.3953,0.5667,0.9172
0.9412,0.4,0.5614,0.9217
1.0,0.3696,0.5397,0.9551
0.8824,0.3261,0.4762,0.914
0.8824,0.3125,0.4615,0.8901
0.9412,0.3265,0.4848,0.9402
1.0,0.3333,0.5,0.917
0.8824,0.4167,0.566,0.9267
0.8824,0.3488,0.5,0.9103
0.9412,0.3404,0.5,0.9182
1.0,0.3333,0.5,0.8814
0.8889,0.381,0.5333,0.9008
0.8889,0.3721,0.5246,0.9257
0.8235,0.3889,0.5283,0.906
0.8235,0.2979,0.4375,0.8811
0.8824,0.3947,0.5455,0.9331
0.8824,0.3488,0.5,0.8856
0.8824,0.3846,0.5357,0.9028
0.8235,0.3333,0.4746,0.8766
0.9412,0.4706,0.6275,0.9492
0.9412,0.3902,0.5517,0.9267
1.0,0.3913,0.5625,0.9492
1.0,0.375,0.5455,0.9129
0.8824,0.3409,0.4918,0.9188
0.8824,0.283,0.4286,0.8396
0.8824,0.3659,0.5172,0.9113
1.0,0.3696,0.5397,0.9276
0.8889,0.381,0.5333,0.9053
0.9444,0.3864,0.5484,0.9098
0.9412,0.4,0.5614,0.9511
0.9412,0.3478,0.5079,0.8926
1.0,0.4048,0.5763,0.9374
0.9412,0.3721,0.5333,0.9364
0.8235,0.3415,0.4828,0.8806
1.0,0.3953,0.5667,0.9429
0.8235,0.2979,0.4375,0.8844
0.8824,0.3333,0.4839,0.8994
0.9412,0.3137,0.4706,0.9045
0.9412,0.3721,0.5333,0.9407
0.8235,0.3415,0.4828,0.9053
0.9412,0.3478,0.5079,0.9205
1.0,0.4186,0.5902,0.9186
0.8333,0.375,0.5172,0.9195
0.8235,0.35,0.4912,0.8512
0.8824,0.375,0.5263,0.9113
1.0,0.3469,0.5152,0.9105
0.8824,0.3261,0.4762,0.904
0.7647,0.3333,0.4643,0.8868
0.9412,0.3265,0.4848,0.928
0.7059,0.3158,0.4364,0.8659
0.7647,0.3514,0.4815,0.9158
1.0,0.3396,0.507,0.9463
0.8889,0.3902,0.5424,0.9124
0.9412,0.3636,0.5246,0.9266
0.8824,0.3333,0.4839,0.8929
0.8824,0.3947,0.5455,0.9434
0.9412,0.3902,0.5517,0.9301
1.0,0.3778,0.5484,0.9272
0.9412,0.4324,0.5926,0.9362
0.8824,0.3261,0.4762,0.9073
1.0,0.3953,0.5667,0.9439
0.8333,0.3261,0.4688,0.8421
0.7778,0.3684,0.5,0.8884
0.7647,0.2708,0.4,0.8527
0.8824,0.3333,0.4839,0.9085
1.0,0.4722,0.6415,0.9334
0.8235,0.3889,0.5283,0.9065
0.8235,0.3684,0.5091,0.8958
1.0,0.3617,0.5313,0.9078
1.0,0.3091,0.4722,0.919
1.0,0.4595,0.6296,0.9429
0.9444,0.3333,0.4928,0.9226
0.8889,0.3556,0.5079,0.9027
0.8824,0.3333,0.4839,0.8952
0.7647,0.3421,0.4727,0.9082
0.8235,0.3333,0.4746,0.9123
0.8824,0.4412,0.5882,0.8851
0.9412,0.3478,0.5079,0.9048
0.8235,0.3415,0.4828,0.8931
0.8824,0.3125,0.4615,0.9105
0.8824,0.3659,0.5172,0.9424
0.7778,0.35,0.4828,0.9136
0.8333,0.3191,0.4615,0.8599
1.0,0.3696,0.5397,0.8788
0.9412,0.4211,0.5818,0.9394
1.0,0.4595,0.6296,0.9487
0.8824,0.3191,0.4688,0.8311
1.0,0.2982,0.4595,0.8699
1.0,0.3617,0.5313,0.8916
0.8235,0.4118,0.549,0.9153
0.9412,0.3265,0.4848,0.8714
0.8333,0.3846,0.5263,0.943
0.8889,0.381,0.5333,0.8844
1.0,0.4474,0.6182,0.9598
0.9412,0.3404,0.5,0.9213
1.0,0.3953,0.5667,0.9472
0.8824,0.375,0.5263,0.9005
0.8824,0.3333,0.4839,0.9155
0.7647,0.3514,0.4815,0.8721
1.0,0.3864,0.5574,0.9175
0.9412,0.3556,0.5161,0.9165
0.9444,0.3953,0.5574,0.9062
0.8889,0.4444,0.5926,0.9309
0.8824,0.3333,0.4839,0.8894
0.8235,0.3182,0.459,0.8831
0.9412,0.2623,0.4103,0.8788
0.9412,0.4,0.5614,0.9301
0.9412,0.381,0.5424,0.9467
0.8824,0.3571,0.5085,0.9028
0.9412,0.3721,0.5333,0.9477
0.9412,0.3636,0.5246,0.9297
0.8889,0.4211,0.5714,0.9164
1.0,0.36,0.5294,0.9012
0.8235,0.3043,0.4444,0.8849
0.8235,0.4516,0.5833,0.9367
1.0,0.3542,0.5231,0.9613
1.0,0.3208,0.4857,0.9404
1.0,0.3864,0.5574,0.8838
0.9412,0.4211,0.5818,0.9255
0.8235,0.3256,0.4667,0.906
0.7059,0.2857,0.4068,0.9005
0.8889,0.3478,0.5,0.8946
0.8889,0.3478,0.5,0.9456
1.0,0.4048,0.5763,0.9608
1.0,0.3864,0.5574,0.9306
0.9412,0.3404,0.5,0.8942
0.8824,0.3488,0.5,0.8612
1.0,0.3469,0.5152,0.9292
0.8824,0.3261,0.4762,0.8684
1.0,0.2881,0.4474,0.918
0.8824,0.3659,0.5172,0.8986
0.8889,0.3478,0.5,0.8547
0.8889,0.3721,0.5246,0.9207
0.8824,0.4167,0.566,0.9507
0.9412,0.4211,0.5818,0.9447
0.7647,0.3714,0.5,0.8743
0.8235,0.3889,0.5283,0.908
0.7647,0.3171,0.4483,0.8701
0.8824,0.3191,0.4688,0.9113
1.0,0.3778,0.5484,0.9427
1.0,0.4474,0.6182,0.9604
0.9444,0.4359,0.5965,0.9473
1.0,0.3673,0.5373,0.9186
0.9412,0.3404,0.5,0.9211
0.6471,0.2558,0.3667,0.8459
0.8824,0.3409,0.4918,0.909
0.9412,0.3721,0.5333,0.9093
1.0,0.3542,0.5231,0.9148
0.9412,0.3265,0.4848,0.9038
1.0,0.3864,0.5574,0.9242
0.8824,0.3333,0.4839,0.9262
1.0,0.3913,0.5625,0.9328
0.8333,0.3846,0.5263,0.9046
0.7059,0.3077,0.4286,0.8836
0.8235,0.3889,0.5283,0.9201
1.0,0.3864,0.5574,0.9387
0.9412,0.32,0.4776,0.8999
0.8824,0.4054,0.5556,0.927
0.9412,0.3556,0.5161,0.9008
0.9412,0.3902,0.5517,0.914
0.9412,0.32,0.4776,0.9312
0.7778,0.3111,0.4444,0.8901
0.8333,0.3488,0.4918,0.8846
0.9412,0.3636,0.5246,0.9356
0.9412,0.4211,0.5818,0.9163
0.9412,0.32,0.4776,0.8763
1.0,0.3469,0.5152,0.9221
1.0,0.3864,0.5574,0.8878
1.0,0.3864,0.5574,0.9277
0.8235,0.3784,0.5185,0.8759
0.9412,0.3636,0.5246,0.9222
1.0,0.36,0.5294,0.9188
0.8333,0.3125,0.4545,0.8571
1.0,0.4359,0.6071,0.9409
0.9412,0.381,0.5424,0.9522
0.9412,0.3636,0.5246,0.9316
0.9412,0.2963,0.4507,0.8736
0.7059,0.3429,0.4615,0.8973
0.8824,0.3333,0.4839,0.8976
0.9412,0.2963,0.4507,0.8784
0.9412,0.3478,0.5079,0.9569
0.9444,0.425,0.5862,0.9463
0.9444,0.4048,0.5667,0.9209
0.9412,0.3333,0.4923,0.9507
0.8824,0.3947,0.5455,0.9361
0.9412,0.3265,0.4848,0.8999
0.8824,0.3333,0.4839,0.9035
0.7647,0.2826,0.4127,0.8998
1.0,0.3617,0.5313,0.9005
1.0,0.4722,0.6415,0.9484
0.9412,0.3265,0.4848,0.8724
0.7778,0.3889,0.5185,0.8955
1.0,0.45,0.6207,0.9264
0.9412,0.3137,0.4706,0.859
0.9412,0.4,0.5614,0.9258
0.9412,0.3636,0.5246,0.9238
0.7647,0.2766,0.4062,0.8562
1.0,0.383,0.5538,0.9361
0.9444,0.3269,0.4857,0.9171
0.8824,0.2941,0.4412,0.817
0.7647,0.4194,0.5417,0.904
1.0,0.3953,0.5667,0.9621
1.0,0.3778,0.5484,0.9055
0.8824,0.4167,0.566,0.9253
1.0,0.3696,0.5397,0.918
0.8235,0.3784,0.5185,0.9007
0.9412,0.3333,0.4923,0.95
0.8824,0.3947,0.5455,0.9172
0.8235,0.3889,0.5283,0.9145
0.8235,0.3182,0.459,0.8632
0.9412,0.3137,0.4706,0.8948
0.7222,0.3421,0.4643,0.872
0.8889,0.3636,0.5161,0.8958
1.0,0.3953,0.5667,0.9351
0.9412,0.4,0.5614,0.9206
1.0,0.4048,0.5763,0.949
0.8824,0.3191,0.4688,0.8959
0.8235,0.3182,0.459,0.8948
1.0,0.3617,0.5313,0.916
0.7647,0.3171,0.4483,0.8931
0.9412,0.3721,0.5333,0.8983
0.7778,0.3415,0.4746,0.8701
1.0,0.4286,0.6,0.9592
0.8824,0.3571,0.5085,0.8962
0.9412,0.3636,0.5246,0.9175
0.9412,0.3902,0.5517,0.9125
0.9412,0.3556,0.5161,0.9175
0.8235,0.3889,0.5283,0.8933
1.0,0.34,0.5075,0.9262
0.9412,0.3902,0.5517,0.9282
0.8824,0.3659,0.5172,0.8624
0.7778,0.3415,0.4746,0.9074
0.8889,0.3556,0.5079,0.9152
0.9412,0.3556,0.5161,0.9256
1.0,0.425,0.5965,0.9625
0.8235,0.4118,0.549,0.901
0.8824,0.2727,0.4167,0.8896
0.7647,0.3514,0.4815,0.8983
1.0,0.34,0.5075,0.9454
0.8824,0.4054,0.5556,0.922
0.8824,0.375,0.5263,0.8981
0.9444,0.3269,0.4857,0.9485
0.8333,0.3061,0.4478,0.8585
0.8235,0.3889,0.5283,0.9384
0.9412,0.3636,0.5246,0.9419
1.0,0.3696,0.5397,0.9301
0.7647,0.3023,0.4333,0.8766
0.8824,0.4054,0.5556,0.9035
0.7059,0.2667,0.3871,0.8706
0.9412,0.4211,0.5818,0.9347
0.9412,0.3636,0.5246,0.8973
0.9444,0.3696,0.5313,0.9444
0.9444,0.3617,0.5231,0.9304
0.9412,0.4103,0.5714,0.947
0.8235,0.2979,0.4375,0.8396
0.8824,0.3409,0.4918,0.9163
0.9412,0.3333,0.4923,0.9296
0.9412,0.4,0.5614,0.9217
0.8824,0.4054,0.5556,0.9252
0.8824,0.3571,0.5085,0.8998
0.9412,0.3902,0.5517,0.9487
0.9444,0.3469,0.5075,0.9107
0.8889,0.3636,0.5161,0.9053
0.7647,0.3171,0.4483,0.9105
0.7647,0.3171,0.4483,0.8967
0.7647,0.3824,0.5098,0.861
1.0,0.3778,0.5484,0.9336
0.9412,0.4706,0.6275,0.9372
0.9412,0.3636,0.5246,0.9347
0.7647,0.3611,0.4906,0.849
0.9412,0.3902,0.5517,0.923
0.8889,0.3333,0.4848,0.8858
0.9444,0.3469,0.5075,0.9224
0.8824,0.3061,0.4545,0.8974
1.0,0.3469,0.5152,0.9035
0.8235,0.3415,0.4828,0.8969
1.0,0.3469,0.5152,0.9454
0.8235,0.35,0.4912,0.8968
0.8824,0.3,0.4478,0.8846
0.8235,0.3043,0.4444,0.9075
0.8824,0.3571,0.5085,0.9182
0.8333,0.3488,0.4918,0.9062
0.8889,0.3478,0.5,0.877
0.9412,0.4444,0.6038,0.9749
0.9412,0.3636,0.5246,0.9077
0.9412,0.3333,0.4923,0.9294
0.9412,0.3721,0.5333,0.9138
0.7647,0.3023,0.4333,0.8749
0.9412,0.3636,0.5246,0.9103
0.8824,0.283,0.4286,0.8978
0.7647,0.2889,0.4194,0.8617
0.8889,0.4444,0.5926,0.9236
0.9444,0.3864,0.5484,0.9238
0.8235,0.359,0.5,0.9387
0.9412,0.3721,0.5333,0.9284
0.9412,0.4444,0.6038,0.9258
0.9412,0.381,0.5424,0.9497
0.9412,0.32,0.4776,0.8856
0.9412,0.3902,0.5517,0.9402
0.9412,0.4848,0.64,0.9624
0.8235,0.3333,0.4746,0.8898
0.8889,0.3556,0.5079,0.9
1.0,0.3673,0.5373,0.9447
0.8235,0.3333,0.4746,0.9005
0.8824,0.3333,0.4839,0.9055
0.7059,0.3,0.4211,0.8653
1.0,0.3696,0.5397,0.9356
0.9412,0.3333,0.4923,0.8789
1.0,0.3617,0.5313,0.9312
0.8235,0.3333,0.4746,0.8739
0.8824,0.3261,0.4762,0.8861
0.9444,0.425,0.5862,0.9349
0.9444,0.3778,0.5397,0.9133
0.9412,0.3636,0.5246,0.915
0.8235,0.3333,0.4746,0.8889
0.9412,0.4324,0.5926,0.9475
1.0,0.425,0.5965,0.9603
0.8824,0.4839,0.625,0.9516
0.8824,0.3409,0.4918,0.8858
0.8824,0.3846,0.5357,0.9267
0.9412,0.2909,0.4444,0.8786
0.7778,0.2857,0.4179,0.8708
0.8889,0.32,0.4706,0.853
1.0,0.3778,0.5484,0.9439
0.8824,0.375,0.5263,0.8866
1.0,0.3864,0.5574,0.9522
0.8235,0.4375,0.5714,0.9349
0.8824,0.3261,0.4762,0.8863
0.9412,0.3137,0.4706,0.9128
0.9412,0.3556,0.5161,0.9252
1.0,0.3542,0.5231,0.9509
1.0,0.4091,0.5806,0.9345
0.7222,0.4333,0.5417,0.9119
0.8235,0.35,0.4912,0.8879
0.8824,0.3261,0.4762,0.8426
0.9412,0.3902,0.5517,0.9412
0.9412,0.3902,0.5517,0.9432
1.0,0.4474,0.6182,0.9549
0.8824,0.3409,0.4918,0.8871
0.9412,0.4103,0.5714,0.9262
1.0,0.3778,0.5484,0.9501
0.7778,0.3684,0.5,0.915
1.0,0.383,0.5538,0.9368
0.8824,0.4167,0.566,0.9281
1.0,0.4146,0.5862,0.9361
0.7059,0.2791,0.4,0.8029
0.8235,0.3333,0.4746,0.8979
0.8235,0.35,0.4912,0.8455
0.7059,0.3529,0.4706,0.8826
0.8235,0.35,0.4912,0.9207
1.0,0.4048,0.5763,0.9382
1.0,0.3462,0.5143,0.9418
0.8889,0.3333,0.4848,0.9262
0.9412,0.3721,0.5333,0.9153
0.8235,0.3415,0.4828,0.8906
0.8824,0.3947,0.5455,0.903
1.0,0.3864,0.5574,0.9153
0.8235,0.3415,0.4828,0.9153
0.9412,0.4103,0.5714,0.9187
0.9412,0.3333,0.4923,0.9085
0.8824,0.3846,0.5357,0.8958
0.9444,0.3696,0.5313,0.9252
0.8333,0.3846,0.5263,0.9143
0.8824,0.4412,0.5882,0.9334
1.0,0.4146,0.5862,0.911
0.8824,0.3409,0.4918,0.8577
0.9412,0.3404,0.5,0.8874
1.0,0.3333,0.5,0.9257
0.8235,0.35,0.4912,0.8704
0.9412,0.4324,0.5926,0.9589
0.8824,0.3659,0.5172,0.9262
0.8889,0.3902,0.5424,0.9086
0.8889,0.4103,0.5614,0.9359
1.0,0.3542,0.5231,0.902
1.0,0.4359,0.6071,0.9191
0.9412,0.3404,0.5,0.907
0.8824,0.3333,0.4839,0.8562
0.7059,0.3077,0.4286,0.8961
0.8824,0.4054,0.5556,0.9367
0.8824,0.3,0.4478,0.843
0.8824,0.3571,0.5085,0.8888
1.0,0.383,0.5538,0.9383
0.9444,0.4146,0.5763,0.9387
0.8235,0.3684,0.5091,0.8987
0.8824,0.3659,0.5172,0.9233
0.8824,0.3409,0.4918,0.8894
0.8824,0.3061,0.4545,0.9123
0.8824,0.3125,0.4615,0.8786
0.7647,0.3611,0.4906,0.903
1.0,0.3953,0.5667,0.9544
0.9412,0.3478,0.5079,0.9133
0.7778,0.3333,0.4667,0.8678
0.9444,0.3696,0.5313,0.9183
1.0,0.425,0.5965,0.9042
1.0,0.4048,0.5763,0.9095
1.0,0.4146,0.5862,0.9274
1.0,0.3269,0.4928,0.8881
0.8824,0.3488,0.5,0.8819
0.9412,0.3556,0.5161,0.8667
0.9412,0.3137,0.4706,0.9043
0.8824,0.3333,0.4839,0.9138
0.9444,0.4048,0.5667,0.934
0.8889,0.4324,0.5818,0.9335
0.8824,0.3,0.4478,0.9165
0.7647,0.3171,0.4483,0.9015
1.0,0.4359,0.6071,0.9568
0.9412,0.3556,0.5161,0.9575
0.9412,0.4,0.5614,0.915
0.7647,0.3421,0.4727,0.9015
0.8824,0.375,0.5263,0.9158
0.8824,0.3846,0.5357,0.9212
1.0,0.3396,0.507,0.9333
0.8889,0.3019,0.4507,0.8889
0.8235,0.3784,0.5185,0.9057
1.0,0.4857,0.6538,0.9505
0.7647,0.3095,0.4407,0.8668
0.8824,0.3,0.4478,0.8798
0.8235,0.359,0.5,0.9105
0.8824,0.3125,0.4615,0.8841
0.9412,0.3404,0.5,0.9232
1.0,0.3953,0.5667,0.9666
0.9444,0.3864,0.5484,0.9138
0.8333,0.3571,0.5,0.8932
0.8235,0.2857,0.4242,0.8318
0.8235,0.4375,0.5714,0.9294
1.0,0.4048,0.5763,0.9093
0.8824,0.3191,0.4688,0.9015
0.9444,0.3696,0.5313,0.9309
0.9444,0.4048,0.5667,0.943
0.8824,0.3846,0.5357,0.8876
0.9412,0.3404,0.5,0.9307
0.9412,0.4,0.5614,0.9339
1.0,0.3542,0.5231,0.9372
0.9412,0.2963,0.4507,0.8962
0.8235,0.3415,0.4828,0.8826
0.9412,0.381,0.5424,0.8929
0.9412,0.4324,0.5926,0.9085
0.8824,0.4412,0.5882,0.9407
0.8824,0.4054,0.5556,0.9113
0.8824,0.375,0.5263,0.9108
0.8824,0.4054,0.5556,0.9392
0.8889,0.3333,0.4848,0.924
0.8333,0.3191,0.4615,0.8839
0.8235,0.3256,0.4667,0.8617
0.7647,0.2708,0.4,0.8215
0.8824,0.3333,0.4839,0.9017
1.0,0.4048,0.5763,0.9422
1.0,0.3778,0.5484,0.9272
0.8235,0.4375,0.5714,0.9212
0.8235,0.3784,0.5185,0.9078
0.8235,0.3182,0.459,0.8838
1.0,0.36,0.5294,0.9259
0.9444,0.34,0.5,0.9226
0.8824,0.2941,0.4412,0.8436
1.0,0.4595,0.6296,0.9271
0.9412,0.3902,0.5517,0.9394
1.0,0.3953,0.5667,0.9394
0.8235,0.3256,0.4667,0.919
1.0,0.4474,0.6182,0.9484
0.7647,0.4063,0.5306,0.9217
0.7647,0.2708,0.4,0.8522
0.8889,0.4211,0.5714,0.9231
1.0,0.383,0.5538,0.9433
0.8824,0.3846,0.5357,0.9271
0.9412,0.3636,0.5246,0.9414
1.0,0.3617,0.5313,0.9201
0.8824,0.3659,0.5172,0.916
0.8235,0.3784,0.5185,0.9172
0.8824,0.375,0.5263,0.8843
0.8824,0.3125,0.4615,0.8549
0.8824,0.3333,0.4839,0.8993
1.0,0.3913,0.5625,0.9179
0.9444,0.4048,0.5667,0.9651
0.9412,0.3478,0.5079,0.9211
0.9412,0.3333,0.4923,0.9007
0.9412,0.3556,0.5161,0.9261
1.0,0.4048,0.5763,0.9419
0.6471,0.3235,0.4314,0.8968
0.8235,0.3684,0.5091,0.9005
0.9412,0.3265,0.4848,0.9364
0.8824,0.2941,0.4412,0.8766
0.8333,0.4688,0.6,0.9122
0.9444,0.4146,0.5763,0.9364
0.9412,0.3556,0.5161,0.9005
1.0,0.425,0.5965,0.953
0.8824,0.2941,0.4412,0.8839
0.8824,0.3061,0.4545,0.8974
0.9412,0.2963,0.4507,0.8913
0.9412,0.32,0.4776,0.8948
0.8235,0.3415,0.4828,0.8853
0.7059,0.3429,0.4615,0.8926
0.8333,0.3659,0.5085,0.9406
0.9444,0.3778,0.5397,0.8818
0.8824,0.375,0.5263,0.9095
0.9412,0.4,0.5614,0.9351
0.9412,0.3333,0.4923,0.9095
0.8235,0.4516,0.5833,0.9475
0.8824,0.3947,0.5455,0.9382
0.9412,0.4,0.5614,0.9292
0.9412,0.3478,0.5079,0.921
0.7059,0.24,0.3582,0.7899
1.0,0.36,0.5294,0.9416
1.0,0.3529,0.5217,0.9264
0.9412,0.3333,0.4923,0.9133
0.9412,0.381,0.5424,0.9651
1.0,0.3696,0.5397,0.9517
0.8824,0.3409,0.4918,0.9228
0.9412,0.3556,0.5161,0.9377
0.8235,0.3784,0.5185,0.9272
0.9412,0.4,0.5614,0.9472
1.0,0.3091,0.4722,0.8973
0.8889,0.3404,0.4923,0.8936
0.9444,0.3091,0.4658,0.8984
0.8824,0.3261,0.4762,0.8974
0.8235,0.3784,0.5185,0.8854
1.0,0.3778,0.5484,0.9326
0.8824,0.3571,0.5085,0.9065
0.7647,0.3421,0.4727,0.8831
0.8235,0.4118,0.549,0.9167
0.9412,0.3556,0.5161,0.917
0.8824,0.375,0.5263,0.9217
0.8333,0.375,0.5172,0.9008
1.0,0.375,0.5455,0.9385
0.8235,0.3684,0.5091,0.8778
0.9412,0.381,0.5424,0.9299
0.8235,0.2642,0.4,0.8673
1.0,0.3036,0.4658,0.9072
0.9412,0.3636,0.5246,0.9252
0.8824,0.3488,0.5,0.9145
0.9412,0.3333,0.4923,0.9115
1.0,0.4857,0.6538,0.9569
0.8889,0.2857,0.4324,0.8822
0.9444,0.425,0.5862,0.9179
0.9412,0.3902,0.5517,0.907
0.7647,0.2889,0.4194,0.8685
0.9412,0.5,0.6531,0.9422
0.8235,0.3784,0.5185,0.8675
0.7222,0.3333,0.4561,0.8504
1.0,0.3333,0.5,0.9126
1.0,0.3469,0.5152,0.9462
0.8235,0.35,0.4912,0.9
0.9412,0.381,0.5424,0.9432
0.9412,0.3404,0.5,0.9352
0.9412,0.4,0.5614,0.9497
0.8824,0.2727,0.4167,0.8537
0.8235,0.3684,0.5091,0.9087
1.0,0.4595,0.6296,0.9407
0.9412,0.4324,0.5926,0.9477
1.0,0.3617,0.5313,0.9352
0.9412,0.4103,0.5714,0.9574
0.8824,0.3571,0.5085,0.8584
0.8889,0.3636,0.5161,0.9
0.9444,0.3778,0.5397,0.9262
0.7647,0.4194,0.5417,0.9191
1.0,0.3864,0.5574,0.9188
0.8824,0.3,0.4478,0.8781
0.8824,0.2586,0.4,0.8575
0.8824,0.4167,0.566,0.9489
1.0,0.3617,0.5313,0.9048
0.8824,0.3061,0.4545,0.8908
0.9412,0.3902,0.5517,0.9531
0.8889,0.3333,0.4848,0.8974
0.8889,0.4706,0.6154,0.9183
0.9412,0.3265,0.4848,0.8919
0.9412,0.4103,0.5714,0.9153
0.7059,0.3077,0.4286,0.8756
0.9412,0.4444,0.6038,0.9487
0.8235,0.2917,0.4308,0.8699
1.0,0.34,0.5075,0.9195
0.8824,0.4688,0.6122,0.9419
0.8824,0.2778,0.4225,0.8868
0.8333,0.3125,0.4545,0.8497
0.9444,0.4146,0.5763,0.9497
0.7647,0.3611,0.4906,0.8932
0.9412,0.4,0.5614,0.9487
0.8824,0.3846,0.5357,0.9221
0.8824,0.3846,0.5357,0.9113
1.0,0.4146,0.5862,0.9302
0.8824,0.3947,0.5455,0.9098
0.8824,0.3125,0.4615,0.8731
1.0,0.3333,0.5,0.9207
1.0,0.3913,0.5625,0.9473
0.9444,0.3617,0.5231,0.8858
0.8235,0.3111,0.4516,0.9015
0.8824,0.3488,0.5,0.9037
0.8235,0.3784,0.5185,0.8992
0.9412,0.4103,0.5714,0.9321
1.0,0.3617,0.5313,0.9078
0.8824,0.3659,0.5172,0.9305
0.8235,0.3415,0.4828,0.912
0.9412,0.4444,0.6038,0.933
0.9444,0.3333,0.4928,0.9038
0.8333,0.3333,0.4762,0.8718
1.0,0.3617,0.5313,0.9361
1.0,0.4146,0.5862,0.9495
0.8824,0.4286,0.5769,0.914
0.8824,0.3846,0.5357,0.9266
0.9412,0.3404,0.5,0.9237
0.8824,0.4545,0.6,0.9477
0.8235,0.3043,0.4444,0.8988
1.0,0.3617,0.5313,0.9252
0.8889,0.3636,0.5161,0.8884
0.9444,0.3469,0.5075,0.9095
0.8235,0.3182,0.459,0.906
0.8235,0.3111,0.4516,0.8856
0.8235,0.3333,0.4746,0.8831
0.9412,0.4324,0.5926,0.9527
0.9412,0.3478,0.5079,0.9008
0.9412,0.3478,0.5079,0.9327
1.0,0.4474,0.6182,0.9561
0.8235,0.2857,0.4242,0.8387
0.8889,0.3636,0.5161,0.8877
0.8333,0.4167,0.5556,0.9423
0.8824,0.3947,0.5455,0.9266
0.8235,0.35,0.4912,0.8861
0.9412,0.3265,0.4848,0.9299
1.0,0.3333,0.5,0.9216
1.0,0.3778,0.5484,0.9449
0.8235,0.2642,0.4,0.7839
0.8824,0.3191,0.4688,0.8734
0.9412,0.3404,0.5,0.8744
0.8889,0.3721,0.5246,0.8989
1.0,0.3462,0.5143,0.9335
0.8824,0.375,0.5263,0.9231
0.9412,0.4571,0.6154,0.9585
0.9412,0.4571,0.6154,0.9583
0.8824,0.3261,0.4762,0.8924
1.0,0.3542,0.5231,0.926
0.8824,0.2727,0.4167,0.8781
1.0,0.3953,0.5667,0.9546
0.9412,0.3556,0.5161,0.8669
0.8889,0.3636,0.5161,0.9084
0.8333,0.3488,0.4918,0.9008
0.8824,0.4688,0.6122,0.9548
1.0,0.3953,0.5667,0.9346
0.9412,0.3333,0.4923,0.8803
0.7647,0.4333,0.5532,0.8894
1.0,0.3208,0.4857,0.8896
0.8824,0.375,0.5263,0.8946
0.9412,0.3478,0.5079,0.9497
1.0,0.3469,0.5152,0.924
0.8333,0.3191,0.4615,0.8773
0.9444,0.3953,0.5574,0.9193
0.7059,0.3429,0.4615,0.8778
1.0,0.425,0.5965,0.9387
0.9412,0.4324,0.5926,0.9414
0.8824,0.3,0.4478,0.8705
0.8235,0.3111,0.4516,0.8911
1.0,0.4474,0.6182,0.9432
0.9412,0.3556,0.5161,0.9138
0.8824,0.3261,0.4762,0.8993
0.8889,0.3721,0.5246,0.9031
0.8889,0.4,0.5517,0.9373
0.9412,0.3404,0.5,0.9213
0.8235,0.3684,0.5091,0.8829
1.0,0.3864,0.5574,0.9492
0.9412,0.3404,0.5,0.917
1.0,0.5,0.6667,0.9412
1.0,0.3953,0.5667,0.921
0.7059,0.2791,0.4,0.85
0.9412,0.3265,0.4848,0.9187
1.0,0.3673,0.5373,0.9371
0.8889,0.3636,0.5161,0.9155
0.7059,0.3243,0.4444,0.8763
0.9412,0.3478,0.5079,0.9261
1.0,0.3696,0.5397,0.9263
0.7059,0.3158,0.4364,0.8773
0.9412,0.4444,0.6038,0.9148
1.0,0.4722,0.6415,0.9364
0.8235,0.3043,0.4444,0.8996
0.8824,0.3659,0.5172,0.9115
0.9444,0.3269,0.4857,0.9136
0.8333,0.375,0.5172,0.9264
1.0,0.3542,0.5231,0.9339
0.8824,0.3659,0.5172,0.9025
0.8235,0.359,0.5,0.8849
0.9412,0.3333,0.4923,0.9294
1.0,0.34,0.5075,0.9215
0.9412,0.3721,0.5333,0.9138
0.9412,0.3478,0.5079,0.8736
0.9412,0.3556,0.5161,0.909
0.8889,0.4103,0.5614,0.9072
0.8889,0.3636,0.5161,0.9088
0.9412,0.4103,0.5714,0.9525
1.0,0.3469,0.5152,0.9384
0.8824,0.2941,0.4412,0.8793
0.8824,0.4054,0.5556,0.9072
0.8824,0.3571,0.5085,0.8983
0.9412,0.3265,0.4848,0.8991
0.9412,0.4324,0.5926,0.9489
0.8235,0.359,0.5,0.8891
0.7222,0.3095,0.4333,0.8666
0.8889,0.4,0.5517,0.9425
0.9412,0.3636,0.5246,0.9196
1.0,0.3696,0.5397,0.9392
1.0,0.3696,0.5397,0.9294
1.0,0.3469,0.5152,0.9005
0.8824,0.2941,0.4412,0.8617
0.9412,0.381,0.5424,0.9334
0.9412,0.3636,0.5246,0.9374
0.9412,0.3636,0.5246,0.8906
0.9444,0.3617,0.5231,0.9271
0.8333,0.375,0.5172,0.9076
0.8824,0.3571,0.5085,0.913
0.7647,0.3421,0.4727,0.9128
0.8235,0.3182,0.459,0.8977
0.8824,0.4286,0.5769,0.9465
0.8824,0.375,0.5263,0.9222
0.9412,0.381,0.5424,0.9589
0.9412,0.3902,0.5517,0.928
0.9412,0.381,0.5424,0.9399
0.9444,0.3778,0.5397,0.9103
0.8333,0.3947,0.5357,0.9143
0.9412,0.3636,0.5246,0.8964
0.9412,0.4211,0.5818,0.9467
0.9412,0.3404,0.5,0.9226
0.7647,0.2826,0.4127,0.8451
1.0,0.3269,0.4928,0.9424
0.7647,0.3514,0.4815,0.8833
0.8235,0.2979,0.4375,0.8851
1.0,0.4857,0.6538,0.9626
0.9444,0.425,0.5862,0.9027
0.8889,0.4211,0.5714,0.9245
1.0,0.3696,0.5397,0.9399
0.8235,0.3784,0.5185,0.9201
0.9412,0.3902,0.5517,0.8625
0.9412,0.3478,0.5079,0.8899
0.9412,0.3636,0.5246,0.9115
0.9412,0.4211,0.5818,0.9282
0.9412,0.381,0.5424,0.8903
0.8235,0.3256,0.4667,0.8599
0.9444,0.3208,0.4789,0.8701
0.8889,0.4103,0.5614,0.9193
1.0,0.3953,0.5667,0.9527
0.8824,0.283,0.4286,0.8419
0.8824,0.3571,0.5085,0.9113
0.9412,0.4324,0.5926,0.9354
0.7778,0.3111,0.4444,0.8184
0.8333,0.375,0.5172,0.9255
0.9412,0.3556,0.5161,0.9561
1.0,0.34,0.5075,0.9422
0.8235,0.3415,0.4828,0.9028
1.0,0.3208,0.4857,0.9327
0.8824,0.4054,0.5556,0.9082
0.9412,0.3556,0.5161,0.9015
0.8235,0.4,0.5385,0.9309
0.8824,0.3488,0.5,0.9206
0.8889,0.381,0.5333,0.9297
0.9444,0.3778,0.5397,0.9383
1.0,0.4474,0.6182,0.9397
0.8824,0.3846,0.5357,0.9285
0.7059,0.3333,0.4528,0.8739
0.8235,0.2917,0.4308,0.8846
0.9412,0.3404,0.5,0.9082
0.8235,0.3684,0.5091,0.9015
1.0,0.3617,0.5313,0.9005
0.8824,0.3333,0.4839,0.905
0.9412,0.3137,0.4706,0.9235
0.8824,0.375,0.5263,0.932
0.8235,0.3182,0.459,0.9048
0.9412,0.3721,0.5333,0.904
0.9444,0.3696,0.5313,0.8998
1.0,0.4,0.5714,0.9416
0.9412,0.3333,0.4923,0.8989
0.7059,0.375,0.4898,0.8969
0.9412,0.3721,0.5333,0.9062
0.8235,0.3333,0.4746,0.8992
0.7647,0.3421,0.4727,0.8901
0.8235,0.4242,0.56,0.9262
0.8235,0.4,0.5385,0.9247
0.7647,0.3095,0.4407,0.9013
0.9444,0.3696,0.5313,0.9022
0.8889,0.3478,0.5,0.9136
0.9412,0.3404,0.5,0.8756
1.0,0.3091,0.4722,0.8954
0.9412,0.3721,0.5333,0.9289
1.0,0.34,0.5075,0.913
0.9412,0.3721,0.5333,0.9407
0.9412,0.3556,0.5161,0.8921
0.7647,0.3171,0.4483,0.9053
1.0,0.4146,0.5862,0.9217
0.9444,0.3696,0.5313,0.9143
0.7778,0.3684,0.5,0.9015
0.9412,0.381,0.5424,0.8889
0.8824,0.2381,0.375,0.8645
0.9412,0.3478,0.5079,0.9133
0.8824,0.4412,0.5882,0.949
0.8235,0.3182,0.459,0.9043
1.0,0.3864,0.5574,0.9222
1.0,0.4048,0.5763,0.9404
0.9412,0.5,0.6531,0.9566
0.8333,0.3488,0.4918,0.8903
0.9444,0.3469,0.5075,0.9138
0.9412,0.3636,0.5246,0.9113
0.8824,0.3409,0.4918,0.9226
0.8824,0.3261,0.4762,0.8743
0.8235,0.3684,0.5091,0.8813
0.8235,0.2642,0.4,0.8452
1.0,0.4359,0.6071,0.9576
0.9412,0.3556,0.5161,0.9103
0.9412,0.4571,0.6154,0.9305
0.9444,0.4146,0.5763,0.9214
0.8889,0.3902,0.5424,0.9117
0.8824,0.3846,0.5357,0.8876
0.8824,0.3409,0.4918,0.9223
0.9412,0.3077,0.4638,0.8861
0.9412,0.3333,0.4923,0.9407
0.8824,0.3409,0.4918,0.9055
0.8235,0.35,0.4912,0.8956
0.9412,0.3721,0.5333,0.9506
1.0,0.3542,0.5231,0.8931
0.9444,0.3864,0.5484,0.9281
0.9444,0.4048,0.5667,0.9283
0.9412,0.32,0.4776,0.8836
1.0,0.3953,0.5667,0.9568
0.8235,0.3889,0.5283,0.9143
0.8235,0.2857,0.4242,0.859
0.7647,0.3421,0.4727,0.8826
1.0,0.3148,0.4789,0.8858
0.9412,0.4103,0.5714,0.927
0.7647,0.3171,0.4483,0.8734
0.8889,0.4,0.5517,0.9164
0.9444,0.3469,0.5075,0.9281
1.0,0.3864,0.5574,0.946
0.8824,0.375,0.5263,0.9052
1.0,0.4146,0.5862,0.9173
0.9412,0.3137,0.4706,0.9133
0.9412,0.3636,0.5246,0.9185
0.8235,0.3043,0.4444,0.8709
1.0,0.4146,0.5862,0.9514
0.8824,0.3571,0.5085,0.8923
0.8889,0.3478,0.5,0.8877
1.0,0.3913,0.5625,0.9404
0.7647,0.3333,0.4643,0.8934
0.9412,0.3721,0.5333,0.9238
0.8824,0.3191,0.4688,0.8989
0.8824,0.3947,0.5455,0.91
0.8824,0.4054,0.5556,0.9207
1.0,0.34,0.5075,0.9462
0.8235,0.3111,0.4516,0.8953
0.9412,0.3636,0.5246,0.9514
1.0,0.4091,0.5806,0.9349
0.9444,0.3269,0.4857,0.9288
0.8824,0.3261,0.4762,0.9319
0.7647,0.3514,0.4815,0.8607
0.9412,0.3902,0.5517,0.916
0.8235,0.3182,0.459,0.8557
0.8889,0.4,0.5517,0.9174
0.9444,0.3778,0.5397,0.9252
0.7647,0.3023,0.4333,0.913
0.8824,0.3261,0.4762,0.9235
0.8824,0.3261,0.4762,0.8958
1.0,0.3617,0.5313,0.9245
0.8824,0.3488,0.5,0.8894
0.9412,0.3721,0.5333,0.901
1.0,0.425,0.5965,0.9351
0.9412,0.3556,0.5161,0.9183
0.8824,0.3261,0.4762,0.8953
0.8824,0.3261,0.4762,0.8592
0.9412,0.4324,0.5926,0.9424
0.8235,0.4242,0.56,0.9247
0.8333,0.3061,0.4478,0.8495
1.0,0.383,0.5538,0.9357
0.8824,0.2727,0.4167,0.8625
0.8235,0.3415,0.4828,0.9027
0.8824,0.4286,0.5769,0.9035
0.8824,0.3061,0.4545,0.8718
1.0,0.3617,0.5313,0.921
1.0,0.4048,0.5763,0.9407
1.0,0.3542,0.5231,0.906
0.8824,0.3571,0.5085,0.9207
0.8889,0.3721,0.5246,0.9138
1.0,0.3214,0.4865,0.9205
0.7647,0.3333,0.4643,0.8824
1.0,0.4146,0.5862,0.9693
0.8824,0.3488,0.5,0.8871
0.8235,0.3333,0.4746,0.8643
0.8824,0.3571,0.5085,0.9068
0.8824,0.3488,0.5,0.8953
0.9412,0.3902,0.5517,0.9412
0.9412,0.3556,0.5161,0.9187
0.8333,0.3409,0.4839,0.8915
0.9444,0.3269,0.4857,0.8903
1.0,0.3333,0.5,0.9218
0.8235,0.4,0.5385,0.9175
0.7647,0.325,0.4561,0.8698
0.9412,0.3556,0.5161,0.9279
0.8333,0.3061,0.4478,0.9003
0.9444,0.4048,0.5667,0.9262
0.9412,0.3721,0.5333,0.9108
0.9412,0.3902,0.5517,0.9526
0.8824,0.3125,0.4615,0.9163
0.9412,0.3556,0.5161,0.9197
0.8824,0.3061,0.4545,0.9065
0.8235,0.3256,0.4667,0.8909
0.9412,0.3333,0.4923,0.909
0.8235,0.3684,0.5091,0.9095
0.8824,0.3,0.4478,0.8507
0.8235,0.3415,0.4828,0.924
0.8824,0.3125,0.4615,0.8846
0.9412,0.3636,0.5246,0.923
0.9444,0.3696,0.5313,0.9554
0.9444,0.3696,0.5313,0.9383
0.8824,0.3947,0.5455,0.9005
0.9412,0.3636,0.5246,0.9082
0.9412,0.3137,0.4706,0.9274
0.9412,0.4324,0.5926,0.9419
0.9412,0.3721,0.5333,0.8943
1.0,0.3864,0.5574,0.9688
0.9412,0.3721,0.5333,0.9217
0.9412,0.3636,0.5246,0.9125
0.8333,0.3488,0.4918,0.8884
0.8889,0.3265,0.4776,0.8922
1.0,0.3864,0.5574,0.9226
0.7647,0.2826,0.4127,0.8778
0.8824,0.3571,0.5085,0.9037
0.9412,0.3478,0.5079,0.8834
0.8824,0.3488,0.5,0.9379
1.0,0.3091,0.4722,0.9153
0.7647,0.3714,0.5,0.8577
0.9412,0.381,0.5424,0.9088
0.8889,0.3721,0.5246,0.9202
0.9444,0.3778,0.5397,0.8962
1.0,0.3617,0.5313,0.9688
0.8824,0.3191,0.4688,0.9246
0.8824,0.4688,0.6122,0.9545
1.0,0.3333,0.5,0.9397
0.8235,0.2979,0.4375,0.8253
0.9412,0.3478,0.5079,0.9093
0.8824,0.3571,0.5085,0.9285
1.0,0.3542,0.5231,0.9093
0.9444,0.4359,0.5965,0.9271
0.8333,0.3947,0.5357,0.8943
0.9412,0.3556,0.5161,0.9367
0.8824,0.3571,0.5085,0.8751
0.8824,0.3571,0.5085,0.8929
0.7059,0.2609,0.381,0.8547
0.8824,0.4054,0.5556,0.8981
0.9412,0.4,0.5614,0.9526
0.9412,0.3077,0.4638,0.8774
1.0,0.3864,0.5574,0.9389
0.8889,0.4211,0.5714,0.9148
0.8889,0.4103,0.5614,0.9122
0.9412,0.3265,0.4848,0.8924
0.9412,0.32,0.4776,0.901
0.8235,0.3043,0.4444,0.8512
1.0,0.4048,0.5763,0.9175
0.8235,0.4242,0.56,0.9332
0.9412,0.3404,0.5,0.8754
0.8235,0.359,0.5,0.8671
0.8824,0.3846,0.5357,0.9035
0.9444,0.3778,0.5397,0.8697
1.0,0.36,0.5294,0.9238
0.9412,0.3556,0.5161,0.8972
0.8824,0.3191,0.4688,0.9241
1.0,0.3333,0.5,0.9578
0.9412,0.3721,0.5333,0.9294
1.0,0.3617,0.5313,0.9098
1.0,0.3469,0.5152,0.9185
0.9412,0.4324,0.5926,0.9654
0.9412,0.3404,0.5,0.9257
0.8889,0.3077,0.4571,0.849
0.8333,0.3488,0.4918,0.9107
0.7647,0.2955,0.4262,0.8474
0.9412,0.4324,0.5926,0.9698
0.9412,0.4211,0.5818,0.9331
0.9412,0.3721,0.5333,0.9374
0.9412,0.381,0.5424,0.8966
1.0,0.3778,0.5484,0.9579
0.7059,0.3,0.4211,0.8804
0.9412,0.3333,0.4923,0.8477
0.9444,0.4146,0.5763,0.9295
0.9444,0.2982,0.4533,0.8678
0.8824,0.3571,0.5085,0.9211
0.9412,0.3478,0.5079,0.9221
0.9412,0.3333,0.4923,0.9515
1.0,0.3778,0.5484,0.9256
