RUSBag
0.9048,0.38,0.5352,0.901
0.7619,0.2712,0.4,0.8481
0.9545,0.35,0.5122,0.8833
0.9545,0.375,0.5385,0.917
0.8182,0.3396,0.48,0.838
0.8636,0.3585,0.5067,0.8699
0.7619,0.2963,0.4267,0.8598
0.7619,0.32,0.4507,0.8507
0.9524,0.3922,0.5556,0.9221
0.619,0.3095,0.4127,0.7857
0.9048,0.3167,0.4691,0.8168
0.8571,0.3158,0.4615,0.856
0.7727,0.3269,0.4595,0.8351
0.8636,0.2969,0.4419,0.8505
0.8636,0.38,0.5278,0.9073
0.9545,0.4118,0.5753,0.943
0.7143,0.3947,0.5085,0.8925
0.7619,0.3137,0.4444,0.842
0.7619,0.2963,0.4267,0.8443
0.8571,0.3913,0.5373,0.9065
0.8571,0.36,0.507,0.8918
0.9048,0.38,0.5352,0.8789
0.8636,0.3065,0.4524,0.8651
0.6364,0.3333,0.4375,0.8203
0.8636,0.4043,0.5507,0.8963
0.8636,0.3167,0.4634,0.8732
0.8571,0.3333,0.48,0.8536
0.9524,0.3846,0.5479,0.9225
0.8095,0.3542,0.4928,0.8808
0.8095,0.3953,0.5313,0.8768
0.8571,0.4186,0.5625,0.9273
0.8571,0.383,0.5294,0.874
0.8182,0.3529,0.4932,0.8362
0.7727,0.34,0.4722,0.8265
0.9091,0.3509,0.5063,0.8974
0.7273,0.3721,0.4923,0.89
0.6667,0.3333,0.4444,0.8681
0.9524,0.2985,0.4545,0.9014
0.9048,0.3519,0.5067,0.8966
0.8095,0.3036,0.4416,0.8398
0.7619,0.2909,0.4211,0.8549
0.8095,0.3208,0.4595,0.8513
0.6818,0.3261,0.4412,0.8189
0.6364,0.2979,0.4058,0.8198
0.7727,0.3208,0.4533,0.8115
0.9091,0.3571,0.5128,0.9161
0.9524,0.3922,0.5556,0.8828
0.8095,0.3542,0.4928,0.8885
0.8095,0.34,0.4789,0.873
0.9048,0.4419,0.5938,0.9225
1.0,0.35,0.5185,0.9233
0.8095,0.3208,0.4595,0.8393
0.9091,0.3704,0.5263,0.9122
0.9545,0.375,0.5385,0.8981
0.7273,0.4571,0.5614,0.8903
0.8636,0.3725,0.5205,0.8608
0.8095,0.3469,0.4857,0.8526
0.7619,0.3478,0.4776,0.8643
0.7143,0.283,0.4054,0.7984
0.7619,0.3556,0.4848,0.8847
0.7619,0.3333,0.4638,0.8751
0.9048,0.3333,0.4872,0.9136
0.9545,0.3684,0.5316,0.9284
0.8636,0.3878,0.5352,0.877
0.7727,0.2931,0.425,0.8454
0.8636,0.3016,0.4471,0.8579
0.8095,0.3148,0.4533,0.8422
0.8571,0.4615,0.6,0.8785
0.6667,0.3111,0.4242,0.8592
0.7143,0.4054,0.5172,0.901
0.9048,0.3654,0.5205,0.9141
0.619,0.2549,0.3611,0.776
0.8636,0.3654,0.5135,0.8941
0.7727,0.2881,0.4198,0.8068
0.9545,0.4375,0.6,0.912
0.8636,0.3958,0.5429,0.8752
0.9048,0.3065,0.4578,0.8774
0.8095,0.34,0.4789,0.8896
0.8571,0.383,0.5294,0.9057
0.7143,0.2727,0.3947,0.839
0.8095,0.3778,0.5152,0.8609
0.9048,0.3276,0.481,0.8785
0.7727,0.3091,0.4416,0.864
0.7727,0.2881,0.4198,0.8344
0.8636,0.3276,0.475,0.8712
0.6818,0.3659,0.4762,0.8546
0.619,0.25,0.3562,0.7878
0.9048,0.413,0.5672,0.9261
0.9048,0.3455,0.5,0.8862
0.9048,0.3878,0.5429,0.9082
0.9091,0.4082,0.5634,0.8835
0.9091,0.3226,0.4762,0.8665
1.0,0.4314,0.6027,0.9313
0.9545,0.35,0.5122,0.8791
0.8571,0.3462,0.4932,0.8763
0.619,0.3514,0.4483,0.8476
0.5238,0.3056,0.386,0.7553
1.0,0.3684,0.5385,0.9237
0.619,0.3421,0.4407,0.8356
0.9048,0.3725,0.5278,0.8662
0.7727,0.2742,0.4048,0.8032
0.9091,0.3774,0.5333,0.8799
0.8182,0.3673,0.507,0.8651
0.7727,0.2833,0.4146,0.8286
0.9048,0.3654,0.5205,0.884
0.9048,0.4222,0.5758,0.9053
0.9524,0.4,0.5634,0.9189
0.8571,0.3913,0.5373,0.9237
0.7143,0.2459,0.3659,0.7984
0.9048,0.3519,0.5067,0.89
0.8182,0.36,0.5,0.899
0.9091,0.3509,0.5063,0.842
0.8182,0.36,0.5,0.8608
0.7727,0.3696,0.5,0.8658
0.8571,0.3214,0.4675,0.889
0.9048,0.3455,0.5,0.9018
0.8095,0.3333,0.4722,0.8615
0.7619,0.381,0.5079,0.8789
0.9524,0.3846,0.5479,0.8989
0.8571,0.3103,0.4557,0.8749
0.8571,0.3333,0.48,0.8853
0.8095,0.3864,0.5231,0.9078
0.7727,0.2931,0.425,0.8357
0.7727,0.3864,0.5152,0.8649
0.7727,0.3953,0.5231,0.8763
0.9091,0.3509,0.5063,0.8925
0.8095,0.2656,0.4,0.8235
0.8571,0.4,0.5455,0.921
0.7619,0.254,0.381,0.8258
0.7619,0.4706,0.5818,0.8815
0.8095,0.3864,0.5231,0.8855
0.9048,0.2923,0.4419,0.8504
0.7273,0.2807,0.4051,0.7913
0.8636,0.4043,0.5507,0.9156
0.8636,0.3167,0.4634,0.8835
0.9545,0.3621,0.525,0.9217
0.8095,0.3091,0.4474,0.808
0.8095,0.3091,0.4474,0.8577
0.8571,0.3913,0.5373,0.9165
0.6667,0.3043,0.4179,0.8105
0.8636,0.3725,0.5205,0.8528
0.8636,0.3878,0.5352,0.9201
0.9091,0.4,0.5556,0.8837
0.7727,0.3036,0.4359,0.816
1.0,0.4286,0.6,0.9608
0.8095,0.3148,0.4533,0.8564
0.7619,0.2759,0.4051,0.8175
0.9524,0.4167,0.5797,0.911
0.9524,0.3448,0.5063,0.904
0.7143,0.3488,0.4688,0.8169
0.9524,0.3448,0.5063,0.9074
0.6667,0.2979,0.4118,0.805
0.9091,0.4,0.5556,0.9206
0.9091,0.3175,0.4706,0.8683
0.7727,0.3696,0.5,0.8344
0.8182,0.3,0.439,0.8671
0.8571,0.3913,0.5373,0.8891
0.7619,0.3077,0.4384,0.8447
0.9048,0.3725,0.5278,0.8878
0.9048,0.3393,0.4935,0.904
0.8571,0.3158,0.4615,0.8879
0.8095,0.3091,0.4474,0.8596
0.7727,0.425,0.5484,0.8941
0.9091,0.4,0.5556,0.8835
0.7727,0.3617,0.4928,0.8645
0.7727,0.3696,0.5,0.8589
0.8095,0.3696,0.5075,0.8806
0.9048,0.3276,0.481,0.9082
1.0,0.3333,0.5,0.8997
0.7619,0.2909,0.4211,0.867
0.5238,0.2558,0.3438,0.788
0.8571,0.3913,0.5373,0.8924
0.9091,0.2985,0.4494,0.8667
0.9091,0.3774,0.5333,0.8757
0.8182,0.375,0.5143,0.8705
0.8636,0.3725,0.5205,0.8938
0.8095,0.3864,0.5231,0.8528
0.8571,0.3396,0.4865,0.8862
0.8571,0.36,0.507,0.8991
0.7619,0.32,0.4507,0.8866
0.7143,0.2727,0.3947,0.853
0.8571,0.4091,0.5538,0.8928
0.8636,0.3585,0.5067,0.871
0.9091,0.3571,0.5128,0.8775
0.8182,0.3214,0.4615,0.8808
0.9545,0.3684,0.5316,0.8972
0.9524,0.3333,0.4938,0.8702
0.7619,0.3721,0.5,0.8466
0.7619,0.3265,0.4571,0.8237
0.8571,0.3913,0.5373,0.9017
0.7143,0.3333,0.4545,0.8478
0.9048,0.3585,0.5135,0.8712
0.7273,0.3077,0.4324,0.8043
0.9545,0.3387,0.5,0.9003
0.7727,0.3208,0.4533,0.8461
0.8636,0.3519,0.5,0.9001
0.8571,0.36,0.507,0.8766
0.9048,0.3725,0.5278,0.9055
0.9048,0.3393,0.4935,0.9046
0.7143,0.375,0.4918,0.8456
0.8571,0.3529,0.5,0.8845
0.7143,0.3125,0.4348,0.8564
0.8182,0.3158,0.4557,0.8898
0.7727,0.3469,0.4789,0.8709
0.9545,0.4468,0.6087,0.9154
0.7273,0.3137,0.4384,0.8506
0.8095,0.3148,0.4533,0.8437
0.8095,0.3269,0.4658,0.8598
0.9524,0.4444,0.6061,0.9023
0.8095,0.3148,0.4533,0.8511
0.8571,0.4,0.5455,0.875
0.8571,0.4091,0.5538,0.8821
0.8636,0.3958,0.5429,0.8826
0.8182,0.3051,0.4444,0.827
0.9545,0.3559,0.5185,0.9111
0.9545,0.3684,0.5316,0.8647
0.9524,0.3571,0.5195,0.9036
0.8095,0.2656,0.4,0.8889
0.5238,0.3235,0.4,0.8316
0.7143,0.3571,0.4762,0.8787
0.7143,0.3061,0.4286,0.8335
0.9524,0.3774,0.5405,0.9149
0.9545,0.3684,0.5316,0.9145
0.9545,0.375,0.5385,0.8914
0.8182,0.36,0.5,0.8811
0.8182,0.2951,0.4337,0.8277
0.5238,0.275,0.3607,0.8074
0.9048,0.3878,0.5429,0.8874
0.5714,0.2667,0.3636,0.7969
0.9048,0.4634,0.6129,0.9494
0.8571,0.4,0.5455,0.8744
0.9048,0.3519,0.5067,0.874
0.7273,0.3404,0.4638,0.8532
0.9545,0.3621,0.525,0.9006
0.9091,0.3226,0.4762,0.836
0.8636,0.3654,0.5135,0.8636
0.8095,0.3208,0.4595,0.853
0.7619,0.3333,0.4638,0.8861
0.9524,0.3571,0.5195,0.9108
0.8095,0.3208,0.4595,0.8844
0.8095,0.3542,0.4928,0.8755
0.8571,0.3158,0.4615,0.8478
0.8636,0.38,0.5278,0.8957
0.7727,0.3696,0.5,0.884
0.7273,0.3137,0.4384,0.8539
0.7727,0.3091,0.4416,0.814
0.8095,0.3091,0.4474,0.8479
0.7619,0.32,0.4507,0.8656
0.9524,0.3846,0.5479,0.915
1.0,0.3889,0.56,0.9354
0.9048,0.413,0.5672,0.8785
0.7619,0.3137,0.4444,0.7874
0.9091,0.3704,0.5263,0.9017
0.6818,0.2778,0.3947,0.7839
0.8182,0.4186,0.5538,0.8999
0.8636,0.3167,0.4634,0.8737
0.9524,0.4,0.5634,0.897
0.7619,0.3333,0.4638,0.85
0.6667,0.2917,0.4058,0.8333
0.6667,0.3889,0.4912,0.8432
0.7143,0.3,0.4225,0.8277
0.8571,0.375,0.5217,0.8963
0.9091,0.3448,0.5,0.8911
0.7727,0.34,0.4722,0.8452
0.8182,0.3396,0.48,0.8808
0.8182,0.3673,0.507,0.8871
0.8571,0.2903,0.4337,0.8566
0.9524,0.3922,0.5556,0.891
0.8095,0.3333,0.4722,0.87
0.7143,0.3261,0.4478,0.8405
0.8095,0.2982,0.4359,0.8427
0.7619,0.3077,0.4384,0.8061
0.6818,0.3488,0.4615,0.8402
0.7273,0.4211,0.5333,0.8746
0.9545,0.4118,0.5753,0.9042
0.8182,0.3673,0.507,0.8754
0.8095,0.3208,0.4595,0.8707
0.9524,0.303,0.4598,0.9025
0.9048,0.3167,0.4691,0.8845
0.7619,0.3902,0.5161,0.8605
0.7143,0.3125,0.4348,0.8425
0.9048,0.3333,0.4872,0.8622
0.8182,0.383,0.5217,0.8977
0.8182,0.4091,0.5455,0.86
0.8636,0.413,0.5588,0.9035
0.8636,0.3276,0.475,0.8745
0.8571,0.4091,0.5538,0.9
0.8571,0.3396,0.4865,0.8872
0.8095,0.2833,0.4198,0.8443
0.8095,0.2982,0.4359,0.8694
0.6667,0.2979,0.4118,0.8262
0.8095,0.3617,0.5,0.8926
0.9091,0.3333,0.4878,0.8939
0.8636,0.322,0.4691,0.8873
0.8182,0.3913,0.5294,0.8853
0.7727,0.4474,0.5667,0.8945
0.7619,0.381,0.5079,0.8953
0.9048,0.3167,0.4691,0.8373
0.7619,0.3556,0.4848,0.8507
0.8571,0.375,0.5217,0.8823
0.9048,0.3455,0.5,0.9149
0.8571,0.4091,0.5538,0.9154
0.7727,0.3542,0.4857,0.8801
0.7727,0.34,0.4722,0.8463
0.8636,0.3455,0.4935,0.8355
0.8636,0.3519,0.5,0.8701
0.8571,0.3673,0.5143,0.901
0.8571,0.4186,0.5625,0.8891
0.9524,0.3571,0.5195,0.8998
0.7143,0.2885,0.411,0.826
0.7619,0.3137,0.4444,0.8195
0.9048,0.3115,0.4634,0.8894
0.8636,0.3878,0.5352,0.9145
0.7727,0.3469,0.4789,0.8633
0.7273,0.3333,0.4571,0.8561
0.9091,0.3226,0.4762,0.8813
0.7619,0.3019,0.4324,0.815
0.9048,0.38,0.5352,0.922
0.9048,0.3878,0.5429,0.8881
0.7619,0.32,0.4507,0.8562
0.7143,0.3191,0.4412,0.8268
0.7619,0.3478,0.4776,0.8538
0.8636,0.3276,0.475,0.8941
0.9545,0.4286,0.5915,0.9333
0.9545,0.4038,0.5676,0.9105
0.6818,0.3409,0.4545,0.8117
0.8571,0.3158,0.4615,0.8811
0.7143,0.2941,0.4167,0.7974
0.7619,0.3077,0.4384,0.8675
0.8095,0.3091,0.4474,0.8609
0.9524,0.3704,0.5333,0.9201
0.9524,0.4167,0.5797,0.9454
0.8636,0.3065,0.4524,0.8595
0.8182,0.3673,0.507,0.8804
0.6818,0.2941,0.411,0.8045
0.8636,0.3585,0.5067,0.8974
0.7619,0.3636,0.4923,0.8749
0.8095,0.425,0.5574,0.8866
0.8571,0.3214,0.4675,0.8415
0.8571,0.3158,0.4615,0.8526
0.8095,0.3953,0.5313,0.8781
0.7619,0.32,0.4507,0.8673
0.9091,0.3846,0.5405,0.8826
0.7727,0.3542,0.4857,0.8499
0.8636,0.475,0.6129,0.9067
0.9545,0.3231,0.4828,0.8822
0.8095,0.3091,0.4474,0.8528
0.9048,0.3455,0.5,0.881
0.7619,0.3333,0.4638,0.8571
0.7619,0.2857,0.4156,0.856
0.8095,0.3148,0.4533,0.8594
0.8095,0.3333,0.4722,0.8945
0.6818,0.3,0.4167,0.8243
0.9091,0.3571,0.5128,0.926
0.7273,0.2857,0.4103,0.8014
0.8182,0.4091,0.5455,0.8865
0.8095,0.3542,0.4928,0.8789
0.8095,0.3542,0.4928,0.8895
0.9048,0.3276,0.481,0.8912
0.9048,0.4043,0.5588,0.9101
0.8095,0.425,0.5574,0.8646
0.8571,0.36,0.507,0.8673
0.8636,0.4043,0.5507,0.8876
0.8182,0.3396,0.48,0.8571
0.6818,0.2778,0.3947,0.811
0.8636,0.413,0.5588,0.8921
0.9048,0.3455,0.5,0.8492
0.8095,0.34,0.4789,0.8492
0.9048,0.3878,0.5429,0.9
0.8571,0.3158,0.4615,0.8794
0.9091,0.3846,0.5405,0.8716
0.8636,0.3393,0.4872,0.8828
0.7727,0.3696,0.5,0.8777
0.8636,0.3958,0.5429,0.9111
0.8095,0.3617,0.5,0.901
0.7143,0.3061,0.4286,0.8427
0.7143,0.3191,0.4412,0.8318
0.9048,0.3167,0.4691,0.8277
0.7619,0.3902,0.5161,0.8796
0.8095,0.2742,0.4096,0.8411
0.7619,0.3478,0.4776,0.8538
0.9048,0.3519,0.5067,0.8851
0.8182,0.3051,0.4444,0.8654
0.8182,0.3913,0.5294,0.8844
0.7273,0.3019,0.4267,0.8167
0.7727,0.4048,0.5312,0.888
0.9048,0.3276,0.481,0.9118
0.7143,0.3261,0.4478,0.8611
0.7143,0.2885,0.411,0.8369
0.9048,0.3276,0.481,0.8825
0.9524,0.3636,0.5263,0.9169
0.7619,0.3137,0.4444,0.8586
0.6818,0.4286,0.5263,0.8826
0.8182,0.2857,0.4235,0.8194
0.8636,0.3519,0.5,0.882
0.6364,0.359,0.459,0.8517
0.8095,0.3036,0.4416,0.8558
0.9048,0.3333,0.4872,0.8821
0.9524,0.4,0.5634,0.9282
0.7143,0.3409,0.4615,0.8617
0.7619,0.3077,0.4384,0.8303
0.6667,0.2545,0.3684,0.8005
0.8182,0.3273,0.4675,0.8654
0.8636,0.38,0.5278,0.8741
0.7727,0.4359,0.5574,0.8555
0.8182,0.3462,0.4865,0.906
0.8571,0.36,0.507,0.9051
0.7619,0.3556,0.4848,0.8968
0.8571,0.3396,0.4865,0.8997
0.9048,0.3519,0.5067,0.8734
0.8095,0.3148,0.4533,0.8095
0.9048,0.3455,0.5,0.826
0.9091,0.4167,0.5714,0.892
0.9091,0.3448,0.5,0.9156
0.6818,0.3261,0.4412,0.8366
0.8636,0.3393,0.4872,0.8883
0.9048,0.3585,0.5135,0.921
0.8571,0.36,0.507,0.9036
0.8095,0.3091,0.4474,0.8303
0.9048,0.4222,0.5758,0.901
0.7727,0.3469,0.4789,0.8505
0.6818,0.3191,0.4348,0.8519
0.7727,0.3469,0.4789,0.8716
0.9545,0.3818,0.5455,0.8808
0.8095,0.2931,0.4304,0.8433
0.7143,0.3571,0.4762,0.8615
0.7143,0.2778,0.4,0.8071
0.9048,0.3654,0.5205,0.915
0.8095,0.4048,0.5397,0.88
0.9048,0.3585,0.5135,0.9242
0.8571,0.3529,0.5,0.8853
0.8095,0.3953,0.5313,0.8774
0.9091,0.3333,0.4878,0.9183
0.8636,0.3585,0.5067,0.8694
0.8182,0.3103,0.45,0.8369
0.9091,0.3846,0.5405,0.9051
0.5238,0.2292,0.3188,0.7428
0.8095,0.3696,0.5075,0.8702
0.8571,0.3,0.4444,0.8273
0.8571,0.4286,0.5714,0.9053
1.0,0.35,0.5185,0.9196
0.9048,0.322,0.475,0.8901
0.8636,0.3725,0.5205,0.8609
0.8182,0.36,0.5,0.8705
0.7273,0.381,0.5,0.8822
0.8636,0.3585,0.5067,0.8633
0.7619,0.3556,0.4848,0.8774
0.7143,0.3191,0.4412,0.8311
0.7619,0.3404,0.4706,0.8505
0.7619,0.3333,0.4638,0.8713
0.8571,0.3273,0.4737,0.886
0.8095,0.3269,0.4658,0.8656
0.7727,0.3469,0.4789,0.8476
0.8636,0.3115,0.4578,0.8802
0.8636,0.3393,0.4872,0.8496
0.8182,0.383,0.5217,0.8865
0.6667,0.2857,0.4,0.8275
0.9048,0.3878,0.5429,0.8961
0.8095,0.4048,0.5397,0.8923
0.6667,0.28,0.3944,0.819
0.7619,0.2857,0.4156,0.8346
0.8095,0.34,0.4789,0.8808
0.8182,0.3214,0.4615,0.8654
0.9545,0.3443,0.506,0.8907
0.8636,0.3276,0.475,0.8508
0.9545,0.3443,0.506,0.9278
0.7619,0.4,0.5246,0.8613
0.8095,0.34,0.4789,0.8617
0.7143,0.3,0.4225,0.8016
0.8095,0.3617,0.5,0.8424
0.8095,0.3333,0.4722,0.8421
0.8095,0.3091,0.4474,0.8277
1.0,0.3793,0.55,0.9021
0.9091,0.3704,0.5263,0.8874
0.8636,0.3455,0.4935,0.8479
0.8636,0.3654,0.5135,0.8793
0.9524,0.4348,0.597,0.9541
0.7143,0.3333,0.4545,0.8539
0.5714,0.3243,0.4138,0.86
0.7143,0.3261,0.4478,0.8307
0.8095,0.2881,0.425,0.869
0.8095,0.34,0.4789,0.8748
0.6364,0.35,0.4516,0.8348
0.7273,0.2909,0.4156,0.8106
0.8182,0.3158,0.4557,0.8662
0.9091,0.4167,0.5714,0.9188
0.8571,0.3273,0.4737,0.8857
0.7619,0.3556,0.4848,0.8908
0.7619,0.3265,0.4571,0.8622
0.8571,0.3529,0.5,0.8904
0.7619,0.3137,0.4444,0.8298
0.8571,0.3214,0.4675,0.8451
0.8636,0.38,0.5278,0.8597
0.7727,0.3696,0.5,0.8694
0.7727,0.3542,0.4857,0.8534
0.9091,0.4,0.5556,0.869
0.9524,0.339,0.5,0.8681
0.8571,0.3396,0.4865,0.8683
0.9048,0.3519,0.5067,0.9159
0.8095,0.3469,0.4857,0.8936
0.8571,0.375,0.5217,0.8941
0.9048,0.4043,0.5588,0.937
0.7727,0.3542,0.4857,0.8663
0.7273,0.3721,0.4923,0.8718
0.9091,0.4082,0.5634,0.9021
0.8182,0.3396,0.48,0.8705
0.8095,0.3542,0.4928,0.8719
0.8571,0.2647,0.4045,0.8673
0.9048,0.2969,0.4471,0.8154
0.7619,0.2807,0.4103,0.8318
0.7619,0.3721,0.5,0.8774
0.7619,0.3333,0.4638,0.8873
0.6364,0.3111,0.4179,0.8279
0.9091,0.3175,0.4706,0.8488
0.7273,0.32,0.4444,0.8506
0.8636,0.3654,0.5135,0.8815
0.8571,0.3462,0.4932,0.8624
0.8571,0.3673,0.5143,0.922
0.9048,0.3333,0.4872,0.8927
0.7143,0.4054,0.5172,0.8893
0.8095,0.3208,0.4595,0.8654
0.8571,0.3214,0.4675,0.8879
0.9091,0.3704,0.5263,0.9035
0.5909,0.3333,0.4262,0.8335
0.9091,0.4255,0.5797,0.921
0.9545,0.3684,0.5316,0.893
0.7619,0.2759,0.4051,0.842
0.7619,0.3077,0.4384,0.818
0.8571,0.4286,0.5714,0.8747
0.7619,0.2857,0.4156,0.8023
0.9048,0.38,0.5352,0.8982
0.9048,0.3519,0.5067,0.9016
0.8182,0.3673,0.507,0.8517
0.9545,0.375,0.5385,0.9224
0.8636,0.4419,0.5846,0.8694
0.8636,0.3585,0.5067,0.9109
0.6667,0.3043,0.4179,0.8209
0.9048,0.322,0.475,0.8398
0.7143,0.3333,0.4545,0.8392
0.7619,0.3478,0.4776,0.8694
0.9048,0.3519,0.5067,0.8885
0.8095,0.3864,0.5231,0.851
0.9091,0.4255,0.5797,0.9192
0.8182,0.3913,0.5294,0.8606
0.8636,0.4222,0.5672,0.8963
0.8182,0.383,0.5217,0.8902
0.8095,0.3148,0.4533,0.8507
0.7143,0.3,0.4225,0.7736
0.7619,0.3902,0.5161,0.8815
0.9048,0.3333,0.4872,0.8664
0.8095,0.425,0.5574,0.8986
0.8095,0.3696,0.5075,0.8804
0.7727,0.3333,0.4658,0.8429
0.9091,0.339,0.4938,0.8517
0.7727,0.3208,0.4533,0.8355
0.9091,0.2985,0.4494,0.8844
1.0,0.3889,0.56,0.9118
0.9524,0.3774,0.5405,0.8855
0.7143,0.3947,0.5085,0.8759
0.9524,0.3448,0.5063,0.9165
0.9524,0.3636,0.5263,0.8931
0.8571,0.36,0.507,0.8465
0.5909,0.3095,0.4063,0.8315
0.8182,0.3214,0.4615,0.8433
0.8636,0.3958,0.5429,0.8974
0.6818,0.2941,0.411,0.8366
0.8095,0.34,0.4789,0.8522
0.7619,0.3137,0.4444,0.873
0.8095,0.3696,0.5075,0.8921
0.8095,0.4048,0.5397,0.8683
0.8095,0.3269,0.4658,0.8448
1.0,0.3182,0.4828,0.8993
0.8636,0.38,0.5278,0.9069
0.9545,0.4375,0.6,0.9058
0.9091,0.4,0.5556,0.8862
0.8636,0.3878,0.5352,0.8975
0.8095,0.3469,0.4857,0.8908
0.9048,0.3393,0.4935,0.8768
0.7619,0.3404,0.4706,0.8577
0.6667,0.2593,0.3733,0.8048
0.8182,0.3158,0.4557,0.8447
0.9091,0.3636,0.5195,0.8685
0.8636,0.38,0.5278,0.8754
0.8636,0.3878,0.5352,0.8645
0.9048,0.3393,0.4935,0.9231
0.7619,0.2963,0.4267,0.8579
0.6667,0.359,0.4667,0.8653
0.8571,0.3333,0.48,0.8258
0.8571,0.3273,0.4737,0.8787
0.9048,0.3519,0.5067,0.9025
0.8571,0.3396,0.4865,0.8765
0.8571,0.36,0.507,0.869
0.8182,0.4286,0.5625,0.9035
0.9091,0.3636,0.5195,0.8826
0.6818,0.3571,0.4688,0.8647
0.6818,0.2885,0.4054,0.8225
0.9524,0.4651,0.625,0.9114
0.9048,0.3519,0.5067,0.8849
0.8095,0.2982,0.4359,0.8432
0.8571,0.3529,0.5,0.8624
0.8571,0.3396,0.4865,0.8791
0.7619,0.3265,0.4571,0.8472
0.9545,0.4773,0.6364,0.9486
0.6818,0.2941,0.411,0.8167
0.8182,0.3396,0.48,0.8873
0.8182,0.3396,0.48,0.8469
0.7143,0.283,0.4054,0.825
0.7619,0.3137,0.4444,0.8137
0.7619,0.3478,0.4776,0.8673
0.8095,0.3864,0.5231,0.8919
0.8095,0.3469,0.4857,0.8832
0.9048,0.3725,0.5278,0.9004
0.7727,0.3333,0.4658,0.8508
0.8182,0.3462,0.4865,0.8566
0.9091,0.3636,0.5195,0.8701
0.7727,0.3542,0.4857,0.8669
0.8571,0.3462,0.4932,0.9015
0.9524,0.3509,0.5128,0.9157
0.8095,0.425,0.5574,0.9055
0.8571,0.3103,0.4557,0.8709
0.9048,0.4043,0.5588,0.9031
1.0,0.3134,0.4773,0.9398
0.8636,0.3585,0.5067,0.8299
0.8182,0.3529,0.4932,0.882
0.7727,0.3864,0.5152,0.8699
0.8636,0.3276,0.475,0.8709
0.8095,0.3778,0.5152,0.8961
0.8571,0.375,0.5217,0.9044
0.8095,0.3542,0.4928,0.8371
1.0,0.35,0.5185,0.911
0.8095,0.3696,0.5075,0.8836
0.9524,0.3125,0.4706,0.9072
0.8182,0.36,0.5,0.8743
0.9091,0.3846,0.5405,0.8887
0.8182,0.3673,0.507,0.9073
0.7727,0.3542,0.4857,0.8481
0.8095,0.3469,0.4857,0.8407
0.7619,0.32,0.4507,0.8413
0.8095,0.4146,0.5484,0.9027
0.8571,0.3462,0.4932,0.8789
0.7619,0.2963,0.4267,0.8095
1.0,0.375,0.5455,0.9318
0.7727,0.425,0.5484,0.8692
0.8636,0.3115,0.4578,0.8131
0.9091,0.4167,0.5714,0.8707
0.8182,0.3913,0.5294,0.8422
1.0,0.3684,0.5385,0.8946
0.8095,0.3696,0.5075,0.881
0.9524,0.3448,0.5063,0.9478
0.8571,0.3214,0.4675,0.8435
0.8095,0.3269,0.4658,0.8753
0.9048,0.3519,0.5067,0.8558
0.8636,0.3958,0.5429,0.8613
0.6818,0.3,0.4167,0.8364
0.8182,0.3462,0.4865,0.8622
0.8636,0.3725,0.5205,0.8676
0.8571,0.3158,0.4615,0.8759
0.8571,0.4,0.5455,0.9225
0.8095,0.3617,0.5,0.8766
0.8571,0.3333,0.48,0.8643
0.8095,0.2982,0.4359,0.8616
0.8571,0.3529,0.5,0.8637
0.8182,0.4737,0.6,0.895
0.8636,0.3958,0.5429,0.8831
0.9091,0.4,0.5556,0.9143
0.9091,0.3846,0.5405,0.8892
0.9048,0.322,0.475,0.8116
0.7143,0.3191,0.4412,0.8301
0.7143,0.283,0.4054,0.8292
0.7619,0.3019,0.4324,0.8704
0.9048,0.3393,0.4935,0.9074
0.8571,0.2951,0.439,0.8532
0.8182,0.3913,0.5294,0.893
0.8182,0.3529,0.4932,0.881
0.7727,0.3864,0.5152,0.8595
0.7727,0.3953,0.5231,0.888
0.9048,0.3333,0.4872,0.8802
0.8095,0.3333,0.4722,0.8509
0.9524,0.3922,0.5556,0.907
0.8095,0.3208,0.4595,0.8543
0.9524,0.4255,0.5882,0.9565
0.9524,0.3774,0.5405,0.881
0.8182,0.4091,0.5455,0.8663
0.5909,0.3095,0.4063,0.8276
0.9091,0.3636,0.5195,0.8782
0.9545,0.42,0.5833,0.9163
0.8095,0.2698,0.4048,0.8347
0.5714,0.3243,0.4138,0.8124
0.8571,0.3673,0.5143,0.9102
0.9048,0.322,0.475,0.8963
0.8182,0.3273,0.4675,0.8703
0.8182,0.3673,0.507,0.9019
0.8182,0.3673,0.507,0.8813
0.8636,0.3878,0.5352,0.9075
0.8571,0.36,0.507,0.8819
0.9048,0.3519,0.5067,0.8665
0.8571,0.375,0.5217,0.8728
0.8571,0.36,0.507,0.8439
0.6667,0.3333,0.4444,0.8519
0.6667,0.2456,0.359,0.8018
0.8095,0.3469,0.4857,0.8744
0.7143,0.3125,0.4348,0.8436
0.6364,0.3256,0.4308,0.8355
0.8182,0.375,0.5143,0.8755
0.9091,0.4,0.5556,0.906
0.8182,0.3158,0.4557,0.8535
0.7619,0.2759,0.4051,0.8316
0.8571,0.3103,0.4557,0.8432
0.7619,0.3556,0.4848,0.8664
0.7619,0.381,0.5079,0.8849
0.9545,0.3443,0.506,0.8892
0.7727,0.3208,0.4533,0.8346
0.8182,0.3462,0.4865,0.8943
0.7727,0.3953,0.5231,0.853
0.9048,0.3393,0.4935,0.9141
0.8095,0.3208,0.4595,0.9036
0.7619,0.32,0.4507,0.8245
0.7619,0.3265,0.4571,0.8375
0.8095,0.34,0.4789,0.8772
0.7619,0.4,0.5246,0.8913
0.7727,0.3617,0.4928,0.8261
0.9091,0.4167,0.5714,0.9017
0.9091,0.3571,0.5128,0.9001
0.7727,0.2881,0.4198,0.8003
0.8095,0.3953,0.5313,0.8862
0.7143,0.3261,0.4478,0.8412
0.7619,0.2807,0.4103,0.8452
0.9048,0.4222,0.5758,0.9138
0.9048,0.3725,0.5278,0.9093
0.8095,0.3864,0.5231,0.9015
0.7727,0.3778,0.5075,0.8526
0.7727,0.3091,0.4416,0.8799
0.8636,0.413,0.5588,0.8941
0.8636,0.3455,0.4935,0.873
0.9048,0.38,0.5352,0.8832
0.8571,0.3158,0.4615,0.8721
0.6667,0.3043,0.4179,0.8545
0.9048,0.3065,0.4578,0.8617
0.8095,0.3269,0.4658,0.8751
0.6667,0.2593,0.3733,0.8048
0.8095,0.3696,0.5075,0.8823
0.9048,0.5,0.6441,0.9323
0.7273,0.3137,0.4384,0.8377
0.7727,0.3208,0.4533,0.8636
0.8182,0.3103,0.45,0.873
0.9091,0.4,0.5556,0.93
0.8571,0.3462,0.4932,0.8804
0.8571,0.3396,0.4865,0.8785
0.9048,0.3654,0.5205,0.8791
0.6667,0.2692,0.3836,0.8059
0.9048,0.3725,0.5278,0.8819
0.8095,0.3778,0.5152,0.8815
0.7727,0.34,0.4722,0.8222
0.9545,0.3684,0.5316,0.892
0.8182,0.2813,0.4186,0.8028
0.8182,0.383,0.5217,0.8602
0.9048,0.3519,0.5067,0.8889
0.8571,0.3396,0.4865,0.8673
0.9524,0.3226,0.4819,0.907
0.7619,0.3265,0.4571,0.8726
0.9524,0.339,0.5,0.8643
0.9048,0.4222,0.5758,0.9188
0.9545,0.375,0.5385,0.9201
0.9091,0.3571,0.5128,0.884
0.7273,0.2857,0.4103,0.8268
0.6364,0.3889,0.4828,0.8478
0.7619,0.3333,0.4638,0.8228
0.8095,0.2931,0.4304,0.8804
0.9524,0.3226,0.4819,0.9044
0.8095,0.3617,0.5,0.8621
0.9048,0.4043,0.5588,0.8793
0.7619,0.3404,0.4706,0.8701
0.6818,0.3061,0.4225,0.8404
0.9091,0.3509,0.5063,0.9122
0.8636,0.3065,0.4524,0.853
1.0,0.3438,0.5116,0.9446
0.6667,0.3043,0.4179,0.815
0.9048,0.3455,0.5,0.8741
0.8095,0.3778,0.5152,0.8481
0.9048,0.3725,0.5278,0.9051
0.8571,0.3462,0.4932,0.8969
0.7143,0.2885,0.411,0.8294
0.9091,0.3448,0.5,0.8856
0.8182,0.375,0.5143,0.8746
0.8182,0.36,0.5,0.89
0.9091,0.4,0.5556,0.8808
0.619,0.3171,0.4194,0.8018
1.0,0.4118,0.5833,0.9218
0.8095,0.3208,0.4595,0.8925
0.9048,0.3276,0.481,0.9023
0.8571,0.3214,0.4675,0.8493
0.8095,0.2931,0.4304,0.8616
0.7727,0.3953,0.5231,0.8734
0.6818,0.283,0.4,0.7798
0.8636,0.3878,0.5352,0.8658
0.9091,0.4167,0.5714,0.9484
0.8571,0.3333,0.48,0.9091
0.7619,0.3478,0.4776,0.873
0.8095,0.3778,0.5152,0.9076
0.8095,0.3542,0.4928,0.8573
0.9048,0.3585,0.5135,0.9156
0.9048,0.413,0.5672,0.9126
0.7273,0.3137,0.4384,0.8066
0.9091,0.3846,0.5405,0.8568
0.8182,0.3673,0.507,0.8463
0.9545,0.3889,0.5526,0.9242
0.9048,0.38,0.5352,0.9093
0.9524,0.3448,0.5063,0.9048
0.8571,0.3673,0.5143,0.8534
0.7143,0.3125,0.4348,0.8386
0.8571,0.3673,0.5143,0.8958
0.7143,0.3125,0.4348,0.7928
0.7727,0.3696,0.5,0.8723
0.8636,0.3455,0.4935,0.8911
0.8636,0.3654,0.5135,0.9008
0.9091,0.3922,0.5479,0.9188
0.9048,0.3585,0.5135,0.9363
0.8095,0.34,0.4789,0.8673
0.8095,0.3269,0.4658,0.8522
0.8571,0.383,0.5294,0.8609
0.9524,0.2817,0.4348,0.8568
0.7619,0.3333,0.4638,0.851
0.8182,0.3913,0.5294,0.8635
0.8636,0.3958,0.5429,0.8847
0.8636,0.3878,0.5352,0.8994
0.7727,0.3617,0.4928,0.8674
0.8571,0.3333,0.48,0.8749
0.9048,0.3455,0.5,0.8821
0.7619,0.32,0.4507,0.8683
0.9048,0.38,0.5352,0.9252
0.8095,0.3864,0.5231,0.8699
0.8095,0.3208,0.4595,0.8493
0.8636,0.3333,0.481,0.8416
0.9545,0.4118,0.5753,0.871
0.9091,0.4255,0.5797,0.91
0.7273,0.3478,0.4706,0.8878
0.9524,0.3846,0.5479,0.9284
0.7619,0.3404,0.4706,0.8228
0.8571,0.3529,0.5,0.8802
0.8095,0.2982,0.4359,0.8556
0.7143,0.3261,0.4478,0.8435
0.9048,0.3065,0.4578,0.8646
0.7273,0.4,0.5161,0.8952
1.0,0.3235,0.4889,0.9138
0.6818,0.4286,0.5263,0.9001
0.9545,0.375,0.5385,0.9199
0.8095,0.3778,0.5152,0.8838
0.8095,0.3208,0.4595,0.8896
0.8095,0.3269,0.4658,0.8541
0.8095,0.3778,0.5152,0.8441
0.7619,0.3636,0.4923,0.8746
0.8095,0.3617,0.5,0.8646
0.7273,0.3404,0.4638,0.8642
0.8182,0.375,0.5143,0.8676
0.8182,0.4091,0.5455,0.8245
0.8636,0.3333,0.481,0.8797
0.8095,0.3148,0.4533,0.8713
0.8095,0.3617,0.5,0.8864
0.9524,0.3922,0.5556,0.9127
0.9048,0.2879,0.4368,0.9042
0.8182,0.3396,0.48,0.8577
0.8182,0.3333,0.4737,0.875
0.9545,0.35,0.5122,0.8709
1.0,0.4074,0.5789,0.9215
0.8571,0.375,0.5217,0.8675
0.8095,0.3269,0.4658,0.857
0.8571,0.375,0.5217,0.8868
0.8095,0.3542,0.4928,0.8815
0.8571,0.3673,0.5143,0.8632
0.7619,0.3077,0.4384,0.8422
0.7619,0.3556,0.4848,0.8639
0.7143,0.283,0.4054,0.7782
0.9545,0.3134,0.4719,0.8653
0.7727,0.3542,0.4857,0.8512
0.9545,0.4118,0.5753,0.9401
0.7273,0.3265,0.4507,0.8759
0.8571,0.3396,0.4865,0.8197
0.7143,0.3409,0.4615,0.8545
0.8095,0.3469,0.4857,0.8866
0.8571,0.3158,0.4615,0.8511
0.9048,0.322,0.475,0.9149
0.9524,0.3636,0.5263,0.9479
0.7727,0.3091,0.4416,0.8622
0.8636,0.3519,0.5,0.8777
0.9091,0.4,0.5556,0.9064
0.6818,0.3125,0.4286,0.836
0.7619,0.2857,0.4156,0.8246
0.7619,0.3556,0.4848,0.8466
0.7619,0.3478,0.4776,0.8647
0.9048,0.3167,0.4691,0.8749
0.8571,0.36,0.507,0.8759
0.7619,0.2807,0.4103,0.8181
0.8636,0.3393,0.4872,0.9024
0.8636,0.3725,0.5205,0.8965
0.7273,0.3333,0.4571,0.8806
0.8636,0.3016,0.4471,0.8443
0.8571,0.3462,0.4932,0.876
0.9048,0.3585,0.5135,0.8947
0.8571,0.3529,0.5,0.8547
0.6667,0.2857,0.4,0.8358
0.6818,0.3125,0.4286,0.8124
0.7727,0.34,0.4722,0.8595
0.6818,0.3125,0.4286,0.8503
0.9091,0.4255,0.5797,0.9214
0.8095,0.3036,0.4416,0.8935
0.7619,0.3265,0.4571,0.8384
0.9524,0.3509,0.5128,0.9161
0.8571,0.3913,0.5373,0.9063
0.9048,0.3519,0.5067,0.8553
0.9048,0.38,0.5352,0.904
0.7619,0.3636,0.4923,0.8594
0.7143,0.3191,0.4412,0.8373
0.9545,0.3962,0.56,0.9185
0.8636,0.3455,0.4935,0.8434
0.7273,0.32,0.4444,0.8362
0.7273,0.3404,0.4638,0.8478
0.9524,0.2985,0.4545,0.9135
0.9048,0.3878,0.5429,0.89
0.7619,0.381,0.5079,0.8365
0.9524,0.3448,0.5063,0.8783
0.9524,0.339,0.5,0.8701
0.8095,0.3269,0.4658,0.8931
0.8182,0.3333,0.4737,0.8903
0.7273,0.2807,0.4051,0.8012
0.8182,0.2857,0.4235,0.8326
0.7727,0.3953,0.5231,0.8492
0.8571,0.3103,0.4557,0.8632
0.9048,0.38,0.5352,0.9259
0.6667,0.35,0.459,0.8564
0.8571,0.3913,0.5373,0.8794
0.7143,0.3261,0.4478,0.8628
0.6667,0.35,0.459,0.8352
0.8636,0.3958,0.5429,0.866
0.8182,0.3273,0.4675,0.8645
0.7273,0.3265,0.4507,0.869
0.8636,0.38,0.5278,0.9127
0.9524,0.3509,0.5128,0.8959
0.7619,0.3137,0.4444,0.8734
0.8571,0.3273,0.4737,0.8615
0.9048,0.3065,0.4578,0.8964
0.8571,0.3103,0.4557,0.8251
0.8095,0.3542,0.4928,0.8898
0.9091,0.4,0.5556,0.8779
0.8182,0.3673,0.507,0.8644
0.8636,0.3654,0.5135,0.8876
0.9091,0.4,0.5556,0.9096
0.8571,0.3673,0.5143,0.8689
0.8571,0.36,0.507,0.8723
0.9048,0.3167,0.4691,0.9261
0.5238,0.2292,0.3188,0.7734
0.8095,0.3864,0.5231,0.8935
0.8571,0.3333,0.48,0.8875
0.6364,0.35,0.4516,0.8525
0.8182,0.3103,0.45,0.8398
0.9545,0.42,0.5833,0.9289
0.7727,0.3208,0.4533,0.8173
0.8571,0.2687,0.4091,0.86
0.8095,0.3617,0.5,0.8683
0.9524,0.3922,0.5556,0.9238
0.8571,0.36,0.507,0.8844
0.8095,0.2982,0.4359,0.877
0.7619,0.32,0.4507,0.8781
0.9091,0.2941,0.4444,0.8564
0.9545,0.3962,0.56,0.8748
0.5909,0.3023,0.4,0.7956
0.9545,0.3889,0.5526,0.9082
0.8095,0.4359,0.5667,0.9082
0.8095,0.3864,0.5231,0.9008
0.9048,0.3333,0.4872,0.9172
0.7143,0.2885,0.411,0.8313
0.9048,0.4419,0.5938,0.904
0.6667,0.359,0.4667,0.8309
0.8636,0.413,0.5588,0.9109
0.9091,0.3448,0.5,0.8777
0.8182,0.3333,0.4737,0.8869
0.8182,0.4,0.5373,0.8963
0.7143,0.2778,0.4,0.8012
0.8571,0.3103,0.4557,0.8664
0.9524,0.3333,0.4938,0.8862
0.9048,0.3065,0.4578,0.8547
0.7727,0.2881,0.4198,0.8438
0.8636,0.38,0.5278,0.8835
0.8636,0.3455,0.4935,0.8701
0.6818,0.3125,0.4286,0.8416
0.7619,0.3636,0.4923,0.851
0.8095,0.4595,0.5862,0.9014
0.9048,0.3519,0.5067,0.8864
0.8571,0.36,0.507,0.8981
0.8571,0.3273,0.4737,0.8813
0.8095,0.3864,0.5231,0.8683
0.7619,0.3556,0.4848,0.8603
0.8571,0.3,0.4444,0.907
0.7727,0.3333,0.4658,0.8422
0.8636,0.3333,0.481,0.8478
0.8636,0.3519,0.5,0.9129
0.8636,0.3654,0.5135,0.8856
0.8095,0.3269,0.4658,0.8539
0.8095,0.3864,0.5231,0.8961
0.9048,0.3654,0.5205,0.9048
0.6667,0.3182,0.4308,0.8216
