RUSBag
0.8675,0.5926,0.7042,0.9442
0.8313,0.6133,0.7059,0.9435
0.8434,0.6061,0.7053,0.9385
0.8133,0.6279,0.7087,0.9326
0.8133,0.6164,0.7013,0.9313
0.8313,0.575,0.6798,0.935
0.8554,0.6017,0.7065,0.9476
0.8253,0.6089,0.7008,0.9456
0.8916,0.6607,0.759,0.9614
0.8434,0.5983,0.7,0.9279
0.8373,0.6406,0.7258,0.9427
0.8133,0.5844,0.6801,0.9305
0.8313,0.6419,0.7244,0.9426
0.8614,0.6059,0.7114,0.9504
0.8916,0.6141,0.7273,0.9528
0.8554,0.6396,0.732,0.9469
0.8133,0.6054,0.6941,0.9378
0.8373,0.5744,0.6814,0.9314
0.8012,0.5733,0.6683,0.9183
0.9157,0.6414,0.7543,0.9623
0.8494,0.5924,0.698,0.9342
0.8313,0.6273,0.715,0.9354
0.8614,0.5958,0.7044,0.9415
0.8373,0.565,0.6748,0.9213
0.8434,0.6195,0.7143,0.9416
0.8614,0.65,0.7409,0.9478
0.8133,0.6398,0.7162,0.9429
0.8554,0.6368,0.7301,0.942
0.8434,0.5833,0.6897,0.9399
0.9096,0.5898,0.7156,0.9549
0.8434,0.6422,0.7292,0.9463
0.8253,0.5983,0.6937,0.9413
0.8614,0.5934,0.7027,0.9529
0.8795,0.6213,0.7282,0.9476
0.8614,0.5983,0.7062,0.9377
0.8554,0.6201,0.719,0.9379
0.8072,0.6381,0.7128,0.9488
0.8434,0.5833,0.6897,0.9394
0.8373,0.6096,0.7056,0.9413
0.8313,0.5823,0.6849,0.9171
0.8916,0.6218,0.7327,0.9574
0.8012,0.5911,0.6803,0.9304
0.8313,0.6079,0.7023,0.942
0.8976,0.6507,0.7544,0.947
0.8614,0.5909,0.701,0.9335
0.8193,0.6182,0.7047,0.9244
0.8373,0.6465,0.7297,0.9409
0.8554,0.5941,0.7012,0.9371
0.8494,0.6104,0.7103,0.9555
0.8434,0.5957,0.6983,0.9396
0.8614,0.6327,0.7296,0.9573
0.8012,0.6186,0.6982,0.9205
0.8133,0.6,0.6905,0.9215
0.8373,0.6406,0.7258,0.942
0.8313,0.6216,0.7113,0.9516
0.8675,0.6234,0.7254,0.9534
0.8434,0.6306,0.7216,0.9433
0.8373,0.584,0.6881,0.9417
0.8735,0.5823,0.6988,0.9388
0.8133,0.5844,0.6801,0.9295
0.8675,0.6545,0.7461,0.9539
0.8133,0.6553,0.7258,0.9402
0.8193,0.6296,0.712,0.9396
0.8735,0.5754,0.6938,0.943
0.8193,0.5913,0.6869,0.9334
0.8675,0.6207,0.7236,0.9477
0.7771,0.5864,0.6684,0.9267
0.8373,0.6376,0.724,0.9436
0.8675,0.5926,0.7042,0.9516
0.8373,0.6123,0.7074,0.9371
0.8855,0.6476,0.7481,0.961
0.8434,0.5714,0.6813,0.9363
0.8193,0.6733,0.7391,0.9318
0.8373,0.5865,0.6898,0.9389
0.8253,0.6343,0.7173,0.9416
0.8554,0.6455,0.7358,0.9487
0.8253,0.5502,0.6602,0.9356
0.8494,0.6026,0.705,0.9448
0.8133,0.5745,0.6733,0.9252
0.8614,0.6272,0.7259,0.9504
0.8434,0.6222,0.7161,0.9391
0.8554,0.6455,0.7358,0.9511
0.8313,0.5726,0.6781,0.9483
0.8735,0.5847,0.7005,0.9551
0.8373,0.6233,0.7147,0.9334
0.8133,0.6279,0.7087,0.9394
0.8133,0.5696,0.67,0.914
0.8313,0.6053,0.7005,0.9431
0.8494,0.6409,0.7306,0.9626
0.8253,0.6062,0.699,0.9294
0.8133,0.5844,0.6801,0.932
0.8434,0.6393,0.7273,0.9416
0.8554,0.6256,0.7226,0.9384
0.8735,0.6416,0.7398,0.951
0.8735,0.617,0.7232,0.9496
0.8916,0.6245,0.7345,0.9592
0.8554,0.6201,0.719,0.9416
0.8434,0.6364,0.7254,0.9456
0.8193,0.6044,0.6957,0.9231
0.8133,0.5973,0.6888,0.9368
0.8976,0.6287,0.7395,0.9598
0.8253,0.5708,0.6749,0.9395
0.7711,0.5981,0.6737,0.9067
0.8735,0.6067,0.716,0.9516
0.8373,0.6376,0.724,0.9305
0.8614,0.6714,0.7546,0.9551
0.8675,0.595,0.7059,0.9405
0.8494,0.6746,0.752,0.9468
0.8434,0.5882,0.6931,0.9506
0.8012,0.5991,0.6856,0.9332
0.7892,0.6065,0.6859,0.9303
0.8373,0.6495,0.7316,0.947
0.8976,0.5889,0.7112,0.9426
0.8976,0.5843,0.7078,0.9586
0.8675,0.6207,0.7236,0.9562
0.8193,0.6044,0.6957,0.9283
0.8373,0.615,0.7092,0.9506
0.8916,0.6271,0.7363,0.9489
0.8494,0.5709,0.6828,0.9336
0.8012,0.6018,0.6873,0.9234
0.8133,0.6553,0.7258,0.9372
0.8494,0.6026,0.705,0.9356
0.8072,0.5929,0.6837,0.9304
0.8434,0.5858,0.6914,0.942
0.8193,0.6355,0.7158,0.9261
0.8554,0.6339,0.7282,0.9434
0.8373,0.6376,0.724,0.9429
0.8795,0.616,0.7246,0.9495
0.8494,0.6184,0.7157,0.9403
0.8554,0.582,0.6927,0.9412
0.8434,0.6195,0.7143,0.9391
0.8494,0.5975,0.7015,0.9347
0.8855,0.6125,0.7241,0.952
0.8434,0.6364,0.7254,0.9412
0.8735,0.5686,0.6888,0.9362
0.8313,0.6216,0.7113,0.9379
0.8313,0.5974,0.6952,0.9349
0.8072,0.6009,0.6889,0.9327
0.8614,0.6413,0.7352,0.9524
0.8313,0.6216,0.7113,0.9372
0.8373,0.6495,0.7316,0.9465
0.8434,0.5983,0.7,0.9496
0.8554,0.5613,0.6778,0.9445
0.7771,0.6172,0.688,0.9197
0.8253,0.6143,0.7044,0.9251
0.8253,0.583,0.6833,0.9399
0.8675,0.6234,0.7254,0.9418
0.8554,0.6368,0.7301,0.9508
0.8072,0.6381,0.7128,0.9351
0.8795,0.6134,0.7228,0.9406
0.8614,0.5861,0.6976,0.9456
0.8735,0.6144,0.7214,0.9505
0.7711,0.6337,0.6957,0.9262
0.8795,0.632,0.7355,0.9552
0.8735,0.6416,0.7398,0.9516
0.8373,0.629,0.7183,0.9393
0.8855,0.6203,0.7295,0.9586
0.8133,0.6027,0.6923,0.9284
0.8373,0.6017,0.7003,0.9396
0.7892,0.5598,0.655,0.923
0.8675,0.6316,0.731,0.9597
0.8193,0.5787,0.6783,0.932
0.8373,0.6123,0.7074,0.9425
0.8614,0.5934,0.7027,0.945
0.8313,0.5923,0.6917,0.9407
0.8253,0.6313,0.7154,0.9443
0.8554,0.5657,0.6811,0.934
0.8554,0.6121,0.7136,0.9412
0.8193,0.5763,0.6766,0.9347
0.8373,0.6435,0.7277,0.9292
0.8373,0.6748,0.7473,0.9497
0.8434,0.5907,0.6948,0.9446
0.8916,0.6298,0.7382,0.9526
0.7952,0.6535,0.7174,0.9283
0.8795,0.6239,0.73,0.9495
0.8253,0.5732,0.6765,0.9404
0.8554,0.5726,0.686,0.9426
0.8253,0.6089,0.7008,0.9251
0.8133,0.6027,0.6923,0.9359
0.8373,0.5792,0.6847,0.9331
0.8614,0.5983,0.7062,0.9411
0.8133,0.6368,0.7143,0.9295
0.8193,0.6355,0.7158,0.934
0.8072,0.6009,0.6889,0.9248
0.8735,0.6332,0.7342,0.9502
0.9157,0.6468,0.7581,0.9643
0.8253,0.5805,0.6816,0.9441
0.8313,0.5847,0.6866,0.9411
0.8373,0.6043,0.702,0.9355
0.8614,0.5983,0.7062,0.9426
0.7892,0.5796,0.6684,0.9236
0.8193,0.5991,0.6921,0.927
0.8373,0.6683,0.7433,0.9523
0.8133,0.5973,0.6888,0.9395
0.9096,0.5992,0.7225,0.9448
0.8675,0.6606,0.75,0.9464
0.8072,0.6381,0.7128,0.9472
0.8675,0.605,0.7129,0.9414
0.8735,0.617,0.7232,0.94
0.8193,0.5939,0.6886,0.9366
0.8434,0.5738,0.6829,0.9266
0.8675,0.6076,0.7146,0.9452
0.8554,0.6228,0.7208,0.9555
0.8795,0.6213,0.7282,0.9425
0.7831,0.6019,0.6806,0.9221
0.8193,0.6326,0.7139,0.9324
0.8494,0.6239,0.7194,0.9433
0.8614,0.5885,0.6993,0.9389
0.8072,0.6321,0.709,0.9416
0.8795,0.6822,0.7684,0.9631
0.8313,0.6133,0.7059,0.9398
0.8313,0.6273,0.715,0.9416
0.8373,0.5628,0.6731,0.9454
0.8434,0.6306,0.7216,0.9365
0.8313,0.6133,0.7059,0.9425
0.8313,0.5974,0.6952,0.9337
0.8735,0.5967,0.709,0.9451
0.8554,0.6121,0.7136,0.9387
0.8373,0.607,0.7038,0.9374
0.8494,0.6026,0.705,0.9453
0.8675,0.6207,0.7236,0.9482
0.8494,0.6351,0.7268,0.9373
0.7952,0.6439,0.7116,0.9338
0.8253,0.5805,0.6816,0.9394
0.8795,0.6266,0.7318,0.9552
0.8373,0.6096,0.7056,0.9229
0.8554,0.6068,0.71,0.9446
0.8675,0.6025,0.7111,0.9504
0.8313,0.5974,0.6952,0.9401
0.8253,0.6284,0.7135,0.9364
0.8795,0.6489,0.7468,0.9635
0.7831,0.6468,0.7084,0.9205
0.8253,0.6089,0.7008,0.9439
0.8193,0.5597,0.665,0.9289
0.8675,0.6076,0.7146,0.9575
0.8373,0.5673,0.6764,0.9186
0.8614,0.5958,0.7044,0.9515
0.8494,0.6157,0.7139,0.9433
0.8313,0.6273,0.715,0.9396
0.8253,0.6313,0.7154,0.9351
0.8313,0.6509,0.7302,0.941
0.8193,0.621,0.7065,0.9287
0.8193,0.5887,0.6851,0.9316
0.8494,0.613,0.7121,0.9413
0.9157,0.6255,0.7433,0.9671
0.8614,0.6059,0.7114,0.9384
0.7892,0.615,0.6913,0.9248
0.8434,0.5983,0.7,0.9383
0.8614,0.6356,0.7315,0.9416
0.8494,0.5924,0.698,0.9461
0.8494,0.6295,0.7231,0.9482
0.7892,0.639,0.7062,0.9304
0.8373,0.6261,0.7165,0.9387
0.8735,0.5992,0.7108,0.9496
0.8554,0.6256,0.7226,0.9572
0.8313,0.6053,0.7005,0.9387
0.8795,0.6058,0.7174,0.9471
0.8614,0.6008,0.7079,0.9431
0.8434,0.6034,0.7035,0.9323
0.8494,0.5949,0.6998,0.9383
0.8373,0.5966,0.6967,0.9397
0.8494,0.5975,0.7015,0.9422
0.8253,0.6227,0.7098,0.942
0.8072,0.5852,0.6785,0.9159
0.8795,0.6266,0.7318,0.9471
0.8313,0.6509,0.7302,0.9423
0.8614,0.6111,0.715,0.932
0.8072,0.6233,0.7034,0.9391
0.8193,0.6071,0.6974,0.945
0.9096,0.6509,0.7588,0.965
0.7711,0.5689,0.6547,0.9249
0.8735,0.6197,0.725,0.955
0.8373,0.565,0.6748,0.9286
0.8012,0.6073,0.6909,0.9394
0.8313,0.6053,0.7005,0.938
0.8675,0.6128,0.7182,0.9463
0.8554,0.6228,0.7208,0.9438
0.8554,0.6174,0.7172,0.9397
0.8253,0.6683,0.7385,0.9368
0.8675,0.6486,0.7423,0.9425
0.8614,0.6137,0.7168,0.9463
0.8434,0.6422,0.7292,0.9467
0.8133,0.625,0.7068,0.9324
0.7892,0.5901,0.6753,0.9196
0.8373,0.6123,0.7074,0.9411
0.8675,0.595,0.7059,0.9495
0.8434,0.5957,0.6983,0.9419
0.8614,0.6272,0.7259,0.9487
0.8193,0.5939,0.6886,0.9359
0.8735,0.6473,0.7436,0.9524
0.8072,0.6091,0.6943,0.9261
0.8373,0.589,0.6915,0.9353
0.8434,0.6087,0.7071,0.9397
0.8133,0.6,0.6905,0.9381
0.8494,0.6812,0.756,0.9485
0.8253,0.5855,0.685,0.9451
0.8735,0.6304,0.7323,0.9501
0.8675,0.6076,0.7146,0.9487
0.8735,0.6223,0.7268,0.9564
0.8373,0.6017,0.7003,0.9415
0.8494,0.6409,0.7306,0.9517
0.8434,0.6512,0.7349,0.9411
0.8072,0.5751,0.6717,0.9361
0.8554,0.5992,0.7047,0.9354
0.8494,0.6026,0.705,0.9326
0.8133,0.5947,0.687,0.9367
0.8373,0.5991,0.6985,0.942
0.8855,0.5765,0.6983,0.9474
0.8434,0.6222,0.7161,0.9446
0.8072,0.6009,0.6889,0.9356
0.8434,0.5833,0.6897,0.9378
0.8434,0.6452,0.7311,0.9438
0.8735,0.6144,0.7214,0.9486
0.8193,0.5965,0.6904,0.9297
0.8494,0.6295,0.7231,0.943
0.8675,0.64,0.7366,0.9503
0.8795,0.6266,0.7318,0.9525
0.8675,0.6,0.7094,0.9397
0.7892,0.5955,0.6788,0.926
0.8373,0.6233,0.7147,0.9427
0.8313,0.6161,0.7077,0.9293
0.8193,0.6018,0.6939,0.9396
0.8313,0.6079,0.7023,0.9331
0.9277,0.6844,0.7877,0.9639
0.8554,0.5917,0.6995,0.9468
0.8133,0.6109,0.6977,0.9285
0.9096,0.5968,0.7208,0.9575
0.8373,0.6376,0.724,0.9293
0.8133,0.6027,0.6923,0.9311
0.7952,0.6286,0.7021,0.9309
0.8795,0.6083,0.7192,0.9447
0.8675,0.6372,0.7347,0.9424
0.8494,0.5508,0.6682,0.9234
0.8795,0.6186,0.7264,0.9401
0.8133,0.6027,0.6923,0.9396
0.8434,0.625,0.7179,0.951
0.8494,0.6239,0.7194,0.9421
0.8614,0.6008,0.7079,0.9486
0.8373,0.5991,0.6985,0.9476
0.8313,0.654,0.7321,0.9431
0.8193,0.5991,0.6921,0.9362
0.8735,0.6651,0.7552,0.9425
0.8193,0.5991,0.6921,0.9303
0.8795,0.6186,0.7264,0.9529
0.8614,0.6034,0.7097,0.9485
0.8434,0.614,0.7107,0.9349
0.8494,0.6026,0.705,0.9428
0.8494,0.6211,0.7176,0.9474
0.7892,0.6298,0.7005,0.9298
0.8976,0.5936,0.7146,0.943
0.8253,0.6089,0.7008,0.9254
0.7952,0.6083,0.6893,0.9197
0.8675,0.6288,0.7291,0.9548
0.7892,0.5928,0.677,0.9277
0.8373,0.6557,0.7354,0.9422
0.8675,0.6344,0.7328,0.9586
0.8614,0.5766,0.6908,0.9461
0.8193,0.6154,0.7028,0.9342
0.8494,0.5875,0.6946,0.9415
0.8614,0.6137,0.7168,0.9439
0.8554,0.568,0.6827,0.9501
0.8133,0.6,0.6905,0.9286
0.8554,0.6174,0.7172,0.9513
0.8313,0.6419,0.7244,0.9241
0.7651,0.6048,0.6755,0.9192
0.8193,0.6733,0.7391,0.9457
0.8494,0.5732,0.6845,0.931
0.8735,0.6197,0.725,0.9544
0.8735,0.6092,0.7178,0.9492
0.8313,0.5823,0.6849,0.9388
0.8675,0.6667,0.7539,0.9566
0.8614,0.6272,0.7259,0.9425
0.8193,0.5714,0.6733,0.9142
0.8554,0.6893,0.7634,0.9479
0.8735,0.6017,0.7125,0.9448
0.7892,0.5696,0.6616,0.9193
0.8193,0.5812,0.68,0.9284
0.8434,0.5882,0.6931,0.9389
0.8795,0.6293,0.7337,0.9647
0.8193,0.6445,0.7215,0.9474
0.8614,0.6327,0.7296,0.9491
0.8675,0.6076,0.7146,0.9456
0.8373,0.6043,0.702,0.9419
0.8494,0.6239,0.7194,0.9476
0.8313,0.6133,0.7059,0.9286
0.8916,0.6271,0.7363,0.9632
0.8193,0.6355,0.7158,0.9438
0.8675,0.6207,0.7236,0.9501
0.7771,0.5811,0.6649,0.9113
0.8795,0.5984,0.7122,0.9371
0.8614,0.6111,0.715,0.9451
0.8373,0.5697,0.678,0.9339
0.7831,0.5936,0.6753,0.9307
0.8916,0.6041,0.7202,0.9542
0.8675,0.6729,0.7579,0.9491
0.8554,0.6827,0.7594,0.9517
0.8494,0.6239,0.7194,0.9505
0.8072,0.5852,0.6785,0.9297
0.8614,0.5934,0.7027,0.9433
0.8012,0.5991,0.6856,0.931
0.8434,0.6481,0.733,0.9412
0.8614,0.6164,0.7186,0.953
0.7892,0.5982,0.6805,0.9307
0.8313,0.561,0.6699,0.9226
0.8434,0.6009,0.7018,0.9398
0.8614,0.6356,0.7315,0.9431
0.8434,0.625,0.7179,0.9416
0.8434,0.5858,0.6914,0.9419
0.8072,0.5801,0.6751,0.9351
0.8675,0.618,0.7218,0.9509
0.8373,0.543,0.6588,0.9398
0.8976,0.6082,0.7251,0.9551
0.8494,0.6052,0.7068,0.9434
0.8072,0.5826,0.6768,0.937
0.753,0.6188,0.6793,0.9209
0.8795,0.5984,0.7122,0.9521
0.8253,0.6372,0.7192,0.9334
0.8373,0.615,0.7092,0.9368
0.8494,0.6211,0.7176,0.9444
0.8675,0.6154,0.72,0.9479
0.8373,0.6465,0.7297,0.9498
0.8313,0.6026,0.6987,0.9417
0.8253,0.6035,0.6972,0.9269
0.8434,0.6306,0.7216,0.9339
0.8554,0.6094,0.7118,0.9399
0.8675,0.5669,0.6857,0.9375
0.8614,0.5909,0.701,0.9391
0.8735,0.5918,0.7056,0.9445
0.8554,0.6396,0.732,0.9512
0.8494,0.638,0.7287,0.945
0.8855,0.6049,0.7188,0.9488
0.8253,0.5905,0.6884,0.9279
0.8012,0.5808,0.6734,0.9219
0.8253,0.5983,0.6937,0.9374
0.8313,0.6765,0.7459,0.9433
0.8795,0.5659,0.6887,0.9387
0.8554,0.6256,0.7226,0.945
0.8855,0.6203,0.7295,0.9622
0.7952,0.6567,0.7193,0.9385
0.8494,0.5779,0.6878,0.9242
0.8313,0.537,0.6525,0.938
0.7831,0.6103,0.686,0.92
0.8193,0.6296,0.712,0.9354
0.9217,0.6429,0.7574,0.9606
0.8373,0.607,0.7038,0.9385
0.8313,0.5897,0.69,0.9379
0.7892,0.5671,0.6599,0.9127
0.8675,0.6575,0.7481,0.9618
0.8855,0.6151,0.7259,0.9533
0.8434,0.6009,0.7018,0.9466
0.8494,0.5826,0.6912,0.944
0.8193,0.6445,0.7215,0.941
0.8434,0.6278,0.7198,0.9405
0.8012,0.6018,0.6873,0.9291
0.8434,0.6114,0.7089,0.9291
0.7892,0.5848,0.6718,0.9247
0.8795,0.6239,0.73,0.9585
0.8795,0.5863,0.7036,0.9543
0.8253,0.6493,0.7268,0.9459
0.8614,0.6441,0.7371,0.9588
0.8313,0.5923,0.6917,0.9285
0.8494,0.6104,0.7103,0.941
0.8373,0.615,0.7092,0.9419
0.8916,0.6352,0.7419,0.9546
0.8735,0.6144,0.7214,0.9522
0.7952,0.6286,0.7021,0.9112
0.7831,0.6373,0.7027,0.9389
0.8494,0.6026,0.705,0.9541
0.8434,0.6393,0.7273,0.9346
0.8373,0.5768,0.683,0.9334
0.8795,0.5935,0.7087,0.96
0.8855,0.6282,0.735,0.9552
0.8313,0.6026,0.6987,0.9321
0.8434,0.5691,0.6796,0.9375
0.8133,0.665,0.7317,0.9223
0.8494,0.6184,0.7157,0.9438
0.8373,0.6178,0.711,0.9368
0.8795,0.5817,0.7002,0.9552
0.8494,0.6157,0.7139,0.9375
0.8434,0.5858,0.6914,0.9297
0.8976,0.6057,0.7233,0.9645
0.8133,0.587,0.6818,0.9371
0.8313,0.6449,0.7263,0.9353
0.8133,0.6,0.6905,0.9277
0.8373,0.6043,0.702,0.9289
0.8494,0.5851,0.6929,0.9459
0.8916,0.5968,0.715,0.9554
0.8494,0.6295,0.7231,0.9351
0.8494,0.6,0.7032,0.943
0.8193,0.6326,0.7139,0.9422
0.7952,0.6226,0.6984,0.9341
0.8675,0.6207,0.7236,0.9312
0.8434,0.6009,0.7018,0.9421
0.8193,0.5862,0.6834,0.9399
0.8133,0.6585,0.7278,0.9342
0.9096,0.6214,0.7384,0.9686
0.8554,0.5844,0.6944,0.9409
0.8072,0.6091,0.6943,0.9309
0.8916,0.6116,0.7255,0.9459
0.8012,0.6101,0.6927,0.9329
0.9036,0.6224,0.7371,0.9587
0.8193,0.5667,0.67,0.9337
0.8855,0.5857,0.705,0.9514
0.8434,0.6061,0.7053,0.938
0.8675,0.6486,0.7423,0.9507
0.8193,0.6445,0.7215,0.933
0.7952,0.6083,0.6893,0.9195
0.8133,0.6279,0.7087,0.9403
0.8133,0.587,0.6818,0.9342
0.8554,0.5941,0.7012,0.9577
0.8193,0.6355,0.7158,0.9316
0.8253,0.5855,0.685,0.9362
0.8976,0.6132,0.7286,0.9609
0.8855,0.6336,0.7387,0.9526
0.8133,0.5973,0.6888,0.9267
0.8133,0.6193,0.7031,0.9372
0.8675,0.6102,0.7164,0.9497
0.8434,0.6306,0.7216,0.9426
0.8253,0.583,0.6833,0.9286
0.8614,0.6164,0.7186,0.9538
0.8554,0.6256,0.7226,0.9428
0.8916,0.6141,0.7273,0.952
0.8253,0.6009,0.6954,0.9234
0.8675,0.6025,0.7111,0.9561
0.8434,0.5983,0.7,0.9386
0.8494,0.6052,0.7068,0.9436
0.8675,0.6154,0.72,0.9553
0.8313,0.6079,0.7023,0.9146
0.7892,0.6422,0.7081,0.9323
0.8735,0.6304,0.7323,0.951
0.8614,0.5958,0.7044,0.9423
0.8193,0.6182,0.7047,0.9359
0.8494,0.5875,0.6946,0.938
0.8434,0.5622,0.6747,0.9371
0.8193,0.6099,0.6992,0.9337
0.8554,0.6174,0.7172,0.9542
0.8494,0.6558,0.7402,0.9479
0.8494,0.6498,0.7363,0.9383
0.8614,0.6111,0.715,0.9408
0.8193,0.6239,0.7083,0.9351
0.8193,0.5939,0.6886,0.9323
0.8072,0.6009,0.6889,0.9375
0.8133,0.6429,0.7181,0.9359
0.8373,0.6619,0.7394,0.9304
0.8193,0.5939,0.6886,0.937
0.8675,0.6102,0.7164,0.9559
0.8614,0.6272,0.7259,0.9508
0.8614,0.5934,0.7027,0.9489
0.8072,0.556,0.6585,0.9256
0.8193,0.6018,0.6939,0.9324
0.8494,0.59,0.6963,0.9454
0.8434,0.6512,0.7349,0.9316
0.8193,0.6476,0.7234,0.9372
0.8373,0.6178,0.711,0.9408
0.8313,0.5974,0.6952,0.9323
0.8675,0.6076,0.7146,0.9479
0.8675,0.6076,0.7146,0.9538
0.8735,0.5967,0.709,0.9566
0.8494,0.5949,0.6998,0.9303
0.8494,0.6409,0.7306,0.9362
0.8916,0.6091,0.7237,0.952
0.8133,0.5895,0.6835,0.9327
0.8494,0.6078,0.7085,0.9484
0.8072,0.5903,0.6819,0.9268
0.8554,0.5796,0.691,0.9468
0.8916,0.6298,0.7382,0.9552
0.8072,0.6442,0.7166,0.9441
0.8373,0.6178,0.711,0.9414
0.8313,0.6188,0.7095,0.9282
0.8072,0.5826,0.6768,0.9341
0.8494,0.6351,0.7268,0.955
0.8434,0.6452,0.7311,0.9544
0.8494,0.613,0.7121,0.9403
0.8434,0.6061,0.7053,0.9345
0.8313,0.6359,0.7206,0.9441
0.8133,0.625,0.7068,0.934
0.8675,0.6,0.7094,0.9396
0.8434,0.5738,0.6829,0.9241
0.8434,0.6009,0.7018,0.9427
0.8313,0.6106,0.7041,0.9414
0.8313,0.6133,0.7059,0.948
0.8253,0.5957,0.6919,0.9305
0.8494,0.5975,0.7015,0.9352
0.8253,0.583,0.6833,0.9314
0.8193,0.6296,0.712,0.9269
0.8675,0.5783,0.694,0.9503
0.8133,0.5844,0.6801,0.9312
0.8735,0.6561,0.7494,0.95
0.8313,0.6359,0.7206,0.9431
0.8614,0.6034,0.7097,0.9445
0.8554,0.6201,0.719,0.9572
0.8554,0.5992,0.7047,0.9235
0.8012,0.6186,0.6982,0.935
0.7892,0.615,0.6913,0.9215
0.8133,0.6027,0.6923,0.9353
0.8675,0.6102,0.7164,0.9559
0.8735,0.6223,0.7268,0.958
0.8614,0.5766,0.6908,0.9423
0.8313,0.5872,0.6883,0.9156
0.8313,0.5798,0.6832,0.9281
0.8494,0.5949,0.6998,0.9433
0.8253,0.6035,0.6972,0.937
0.8313,0.6509,0.7302,0.9375
0.8373,0.5673,0.6764,0.94
0.8614,0.6111,0.715,0.9453
0.8434,0.6114,0.7089,0.9455
0.8193,0.6326,0.7139,0.938
0.8554,0.5772,0.6893,0.9399
0.8434,0.5858,0.6914,0.9291
0.8675,0.64,0.7366,0.9532
0.8133,0.5625,0.665,0.924
0.8494,0.6026,0.705,0.9422
0.8133,0.6308,0.7105,0.9225
0.8795,0.6577,0.7526,0.958
0.8253,0.6313,0.7154,0.9467
0.8554,0.6311,0.7263,0.9545
0.8494,0.6438,0.7325,0.9443
0.8855,0.6049,0.7188,0.9533
0.8012,0.5758,0.67,0.9193
0.8735,0.6118,0.7196,0.9426
0.8253,0.6199,0.708,0.9397
0.8494,0.5875,0.6946,0.9448
0.8434,0.6481,0.733,0.9458
0.8373,0.5966,0.6967,0.9362
0.8193,0.5887,0.6851,0.9375
0.8494,0.6157,0.7139,0.9381
0.8434,0.6393,0.7273,0.9451
0.8976,0.6183,0.7322,0.958
0.7952,0.5714,0.665,0.9239
0.8614,0.5983,0.7062,0.9405
0.8554,0.6068,0.71,0.9448
0.8253,0.6524,0.7287,0.9477
0.8735,0.625,0.7286,0.9444
0.8373,0.594,0.695,0.9316
0.8373,0.6096,0.7056,0.9272
0.8133,0.6398,0.7162,0.9361
0.8072,0.6291,0.7071,0.9317
0.8554,0.6283,0.7245,0.9439
0.8313,0.6,0.697,0.9419
0.8735,0.6067,0.716,0.9533
0.8253,0.6199,0.708,0.9391
0.8434,0.5983,0.7,0.9387
0.7771,0.5945,0.6736,0.9305
0.8494,0.6157,0.7139,0.9381
0.8795,0.6186,0.7264,0.9594
0.8855,0.588,0.7067,0.9552
0.8554,0.6283,0.7245,0.9445
0.8614,0.6137,0.7168,0.9449
0.8373,0.5966,0.6967,0.9328
0.7831,0.6132,0.6878,0.9397
0.8554,0.5917,0.6995,0.9399
0.8193,0.5862,0.6834,0.9228
0.8554,0.6068,0.71,0.9472
0.7952,0.6111,0.6911,0.9237
0.8494,0.6157,0.7139,0.9464
0.8554,0.5892,0.6978,0.9346
0.8554,0.6455,0.7358,0.9525
0.8313,0.6635,0.738,0.9536
0.8614,0.5277,0.6545,0.9328
0.8434,0.6699,0.7467,0.9475
0.8434,0.625,0.7179,0.9401
0.8735,0.6304,0.7323,0.9509
0.8434,0.6114,0.7089,0.9362
0.8253,0.5732,0.6765,0.9192
0.8494,0.6078,0.7085,0.9395
0.8494,0.6409,0.7306,0.9421
0.8675,0.6128,0.7182,0.9519
0.8434,0.5809,0.688,0.9374
0.8313,0.6026,0.6987,0.9412
0.8434,0.6009,0.7018,0.9426
0.8554,0.6147,0.7154,0.9499
0.8313,0.5974,0.6952,0.9278
0.8675,0.5926,0.7042,0.9536
0.8373,0.589,0.6915,0.9428
0.8193,0.5991,0.6921,0.931
0.8434,0.625,0.7179,0.9483
0.8735,0.6502,0.7455,0.9423
0.8012,0.6157,0.6963,0.9285
0.8373,0.629,0.7183,0.9321
0.8855,0.6364,0.7406,0.9633
0.8253,0.583,0.6833,0.9442
0.8554,0.6174,0.7172,0.9529
0.8373,0.5816,0.6864,0.9367
0.8494,0.6323,0.7249,0.9529
0.8735,0.625,0.7286,0.9519
0.8614,0.6413,0.7352,0.941
0.8735,0.6473,0.7436,0.95
0.7831,0.5909,0.6736,0.9253
0.8072,0.6505,0.7204,0.9337
0.8373,0.6043,0.702,0.9342
0.8133,0.5819,0.6784,0.9196
0.8554,0.5992,0.7047,0.956
0.8434,0.6061,0.7053,0.9514
0.8494,0.5779,0.6878,0.9439
0.8072,0.6569,0.7243,0.9365
0.8795,0.6109,0.721,0.9469
0.8434,0.6061,0.7053,0.9255
0.8494,0.6078,0.7085,0.9355
0.8313,0.6301,0.7169,0.9404
0.8675,0.6288,0.7291,0.9507
0.8614,0.6413,0.7352,0.9442
0.8133,0.6279,0.7087,0.9306
0.8614,0.619,0.7204,0.9398
0.8494,0.6184,0.7157,0.949
0.8434,0.6061,0.7053,0.9445
0.8675,0.6288,0.7291,0.9514
0.8012,0.5859,0.6768,0.9338
0.8916,0.6016,0.7184,0.942
0.8193,0.569,0.6716,0.926
0.8554,0.6484,0.7377,0.9474
0.8373,0.6557,0.7354,0.9385
0.8554,0.6228,0.7208,0.9485
0.8735,0.6197,0.725,0.9559
0.8072,0.5877,0.6802,0.926
0.8735,0.6197,0.725,0.9303
0.8373,0.584,0.6881,0.9462
0.8313,0.6216,0.7113,0.9361
0.8434,0.5714,0.6813,0.9364
0.8193,0.6267,0.7102,0.9464
0.8373,0.607,0.7038,0.9383
0.8434,0.5858,0.6914,0.9467
0.8313,0.5897,0.69,0.9293
0.8373,0.6178,0.711,0.9462
0.8373,0.594,0.695,0.9421
0.8313,0.6079,0.7023,0.9289
0.8434,0.6278,0.7198,0.9385
0.8373,0.615,0.7092,0.9384
0.8675,0.6234,0.7254,0.9434
0.9036,0.6303,0.7426,0.9476
0.8855,0.6203,0.7295,0.9565
0.8795,0.6008,0.7139,0.9531
0.8072,0.6091,0.6943,0.9339
0.8614,0.6272,0.7259,0.9514
0.8614,0.63,0.7277,0.954
0.7771,0.5917,0.6719,0.9152
0.8855,0.6229,0.7313,0.951
0.8494,0.5949,0.6998,0.9504
0.8193,0.6182,0.7047,0.9135
0.8133,0.5769,0.675,0.9269
0.8795,0.6083,0.7192,0.9473
0.8494,0.6498,0.7363,0.9497
0.8795,0.5794,0.6986,0.958
0.8554,0.6147,0.7154,0.944
0.8313,0.6053,0.7005,0.9451
0.8313,0.6389,0.7225,0.9345
0.8554,0.5772,0.6893,0.9454
0.8313,0.5872,0.6883,0.9273
0.8072,0.6204,0.7016,0.9316
0.8253,0.6143,0.7044,0.931
0.8614,0.5837,0.6959,0.9421
0.8373,0.5991,0.6985,0.9345
0.7892,0.615,0.6913,0.9345
0.8434,0.6335,0.7235,0.9416
0.8494,0.6,0.7032,0.9474
0.8193,0.562,0.6667,0.9247
0.8434,0.6009,0.7018,0.9281
0.8675,0.6344,0.7328,0.9485
0.8193,0.6296,0.712,0.9419
0.8735,0.6017,0.7125,0.9453
0.8554,0.6256,0.7226,0.9385
0.8554,0.5992,0.7047,0.9404
0.8554,0.582,0.6927,0.9467
0.8494,0.5949,0.6998,0.9324
0.8494,0.6295,0.7231,0.9569
0.8373,0.6043,0.702,0.9266
0.8313,0.6479,0.7282,0.9479
0.8373,0.556,0.6683,0.9264
0.8494,0.5851,0.6929,0.9404
0.8855,0.6934,0.7778,0.9639
0.8313,0.6079,0.7023,0.9286
0.8373,0.6376,0.724,0.9507
0.8855,0.5833,0.7033,0.94
0.8494,0.6211,0.7176,0.9312
0.8253,0.583,0.6833,0.9324
0.9036,0.5747,0.7026,0.9554
0.8614,0.619,0.7204,0.9511
0.8193,0.6538,0.7273,0.9325
0.8253,0.6089,0.7008,0.9352
0.8253,0.6171,0.7062,0.9403
0.8253,0.6171,0.7062,0.9422
0.8253,0.6199,0.708,0.9357
0.8193,0.5991,0.6921,0.9339
0.8253,0.6227,0.7098,0.9347
0.8072,0.6009,0.6889,0.9429
0.8193,0.5991,0.6921,0.9278
0.8614,0.6471,0.739,0.95
0.9096,0.6089,0.7295,0.9639
0.8554,0.5992,0.7047,0.9426
0.8795,0.6033,0.7157,0.9432
0.8313,0.6244,0.7132,0.9404
0.8072,0.5929,0.6837,0.9201
0.8434,0.5761,0.6846,0.9381
0.8434,0.6061,0.7053,0.9499
0.8434,0.5957,0.6983,0.9498
0.8072,0.6262,0.7053,0.9326
0.8675,0.595,0.7059,0.9339
0.8675,0.6288,0.7291,0.9481
0.8434,0.6034,0.7035,0.9377
0.8494,0.6104,0.7103,0.9495
0.8554,0.6147,0.7154,0.9424
0.8072,0.6175,0.6997,0.9342
0.9277,0.6498,0.7643,0.9605
0.8253,0.6062,0.699,0.9341
0.8795,0.6058,0.7174,0.956
0.8253,0.6493,0.7268,0.9399
0.8434,0.5738,0.6829,0.9454
0.8434,0.6087,0.7071,0.9361
0.8373,0.6205,0.7128,0.9456
0.8313,0.6026,0.6987,0.9308
0.8072,0.6204,0.7016,0.9306
0.8735,0.6502,0.7455,0.9467
0.8133,0.6027,0.6923,0.9271
0.8554,0.6339,0.7282,0.9552
0.8193,0.6634,0.7332,0.9267
0.8193,0.5965,0.6904,0.9404
0.8494,0.6026,0.705,0.9404
0.8855,0.5857,0.705,0.9581
0.8554,0.5844,0.6944,0.941
0.8373,0.6205,0.7128,0.9481
0.8313,0.6133,0.7059,0.9416
0.8012,0.6215,0.7,0.9317
0.8795,0.6186,0.7264,0.9504
0.8373,0.6017,0.7003,0.9428
0.8253,0.5661,0.6716,0.9306
0.8133,0.6,0.6905,0.9258
0.8614,0.619,0.7204,0.9422
0.8313,0.6079,0.7023,0.9391
0.8313,0.5974,0.6952,0.9435
0.8735,0.617,0.7232,0.9512
0.8253,0.6199,0.708,0.9206
0.8675,0.5737,0.6906,0.9396
0.8133,0.6368,0.7143,0.9348
0.7952,0.6055,0.6875,0.9234
0.8494,0.6558,0.7402,0.9416
0.8614,0.63,0.7277,0.9406
0.8735,0.6197,0.725,0.9463
0.8735,0.5992,0.7108,0.9428
0.8494,0.6295,0.7231,0.9563
0.8193,0.5837,0.6817,0.9298
0.8494,0.5618,0.6763,0.9408
0.8434,0.625,0.7179,0.9411
0.8193,0.6182,0.7047,0.9382
0.8193,0.621,0.7065,0.9366
0.8373,0.629,0.7183,0.9311
0.8614,0.6245,0.7241,0.9397
0.8133,0.5745,0.6733,0.9315
0.8855,0.6255,0.7332,0.9471
0.8735,0.5777,0.6954,0.948
0.8614,0.5743,0.6892,0.9511
0.8554,0.5703,0.6843,0.9456
0.8313,0.6273,0.715,0.9443
0.8373,0.594,0.695,0.9419
0.8313,0.6026,0.6987,0.9243
0.8554,0.5613,0.6778,0.9431
0.8434,0.6573,0.7388,0.9524
0.8434,0.5833,0.6897,0.9467
0.8313,0.6273,0.715,0.9391
0.8012,0.652,0.7189,0.9399
0.8494,0.6104,0.7103,0.9546
0.8614,0.6245,0.7241,0.9346
0.7952,0.6111,0.6911,0.926
0.8313,0.5872,0.6883,0.9413
0.8434,0.5983,0.7,0.9254
0.8494,0.5709,0.6828,0.9503
0.8976,0.6234,0.7358,0.9534
0.8675,0.6344,0.7328,0.9549
0.8313,0.6161,0.7077,0.9357
0.8072,0.6262,0.7053,0.9348
0.8494,0.5851,0.6929,0.9367
0.8735,0.5894,0.7039,0.9426
0.7892,0.5771,0.6667,0.915
0.8855,0.6336,0.7387,0.9513
0.8494,0.6078,0.7085,0.9417
0.8795,0.5887,0.7053,0.9559
0.8253,0.5957,0.6919,0.9348
0.8434,0.6422,0.7292,0.9467
0.8554,0.6228,0.7208,0.9572
0.8735,0.6532,0.7474,0.9573
0.8253,0.5756,0.6782,0.9322
0.8072,0.5852,0.6785,0.9303
0.8313,0.6359,0.7206,0.9397
0.8373,0.589,0.6915,0.9317
0.8675,0.6667,0.7539,0.9441
0.8494,0.6104,0.7103,0.9472
0.8133,0.5649,0.6667,0.938
0.9217,0.6096,0.7338,0.9708
0.8614,0.5909,0.701,0.942
0.8554,0.6174,0.7172,0.9427
0.8313,0.6133,0.7059,0.9253
0.8072,0.6233,0.7034,0.9268
0.8614,0.5861,0.6976,0.9579
0.8253,0.5615,0.6683,0.9383
0.8494,0.59,0.6963,0.9358
0.8373,0.6318,0.7202,0.9456
0.8313,0.6026,0.6987,0.9365
0.8253,0.6343,0.7173,0.9333
0.8554,0.5966,0.703,0.9418
0.8253,0.6432,0.723,0.9346
0.8373,0.5991,0.6985,0.926
0.8855,0.61,0.7224,0.9625
0.8313,0.6026,0.6987,0.9323
0.8193,0.6071,0.6974,0.9349
0.8554,0.6094,0.7118,0.9466
0.8735,0.6092,0.7178,0.9523
0.8855,0.6151,0.7259,0.9607
0.8193,0.5812,0.68,0.939
0.8494,0.6295,0.7231,0.9552
0.8313,0.5948,0.6935,0.9326
0.8193,0.5965,0.6904,0.9323
0.8614,0.6441,0.7371,0.9389
0.8193,0.5862,0.6834,0.9283
0.8373,0.6205,0.7128,0.9483
0.8072,0.6175,0.6997,0.9281
0.8855,0.7,0.7819,0.9623
0.8554,0.6068,0.71,0.9371
0.8855,0.61,0.7224,0.9534
0.7892,0.5874,0.6735,0.9249
0.8554,0.6201,0.719,0.9402
0.8494,0.5851,0.6929,0.9485
0.8373,0.5991,0.6985,0.9475
0.8012,0.6073,0.6909,0.9275
0.8554,0.5749,0.6877,0.9418
0.8795,0.6134,0.7228,0.9475
0.8494,0.6211,0.7176,0.9287
0.8554,0.5703,0.6843,0.9462
0.7892,0.5721,0.6633,0.9359
0.8554,0.6339,0.7282,0.9451
0.8313,0.6571,0.734,0.94
0.8675,0.6102,0.7164,0.9552
0.8735,0.6502,0.7455,0.9435
0.8072,0.6175,0.6997,0.9356
0.8795,0.584,0.7019,0.9486
0.8133,0.6081,0.6959,0.9302
0.8494,0.6746,0.752,0.962
0.8675,0.6234,0.7254,0.9441
0.8494,0.6,0.7032,0.9436
0.8494,0.6267,0.7212,0.951
0.8434,0.5932,0.6965,0.9361
0.8434,0.6195,0.7143,0.9499
0.8554,0.6147,0.7154,0.9325
0.8373,0.6123,0.7074,0.9552
0.8193,0.6154,0.7028,0.9335
0.8494,0.6157,0.7139,0.9402
0.8916,0.6192,0.7309,0.9652
0.8253,0.6372,0.7192,0.9448
0.8554,0.5844,0.6944,0.9302
0.8554,0.6121,0.7136,0.9329
0.8072,0.5929,0.6837,0.9372
0.8494,0.5875,0.6946,0.9376
0.8012,0.5833,0.6751,0.9372
0.7831,0.5963,0.6771,0.9214
0.8735,0.5823,0.6988,0.9455
0.8434,0.5809,0.688,0.9426
0.8855,0.6255,0.7332,0.954
0.8434,0.6167,0.7125,0.9472
0.8614,0.6245,0.7241,0.9543
0.8554,0.6068,0.71,0.9371
0.8855,0.6622,0.7577,0.9513
0.8313,0.5923,0.6917,0.9388
0.7771,0.5443,0.6402,0.9139
0.8795,0.616,0.7246,0.9564
0.8313,0.6161,0.7077,0.9472
0.8313,0.6053,0.7005,0.9364
0.8675,0.6025,0.7111,0.9381
0.8373,0.6123,0.7074,0.9423
0.8434,0.5809,0.688,0.9412
0.8434,0.6481,0.733,0.9452
0.7892,0.6209,0.695,0.9293
0.8072,0.5929,0.6837,0.9319
0.8494,0.5755,0.6861,0.9344
0.8494,0.6295,0.7231,0.9468
0.8072,0.5956,0.6854,0.9153
0.8735,0.6144,0.7214,0.9525
0.8916,0.6091,0.7237,0.9566
0.8675,0.6207,0.7236,0.956
0.8494,0.6157,0.7139,0.9431
0.8313,0.5948,0.6935,0.9381
0.8253,0.6227,0.7098,0.9265
0.8313,0.6026,0.6987,0.9462
0.7952,0.5714,0.665,0.9313
0.8313,0.5702,0.6765,0.9378
0.8373,0.6017,0.7003,0.9342
0.8373,0.6178,0.711,0.9364
0.8675,0.605,0.7129,0.9521
0.8373,0.6233,0.7147,0.9484
0.7952,0.6439,0.7116,0.9324
0.8675,0.6207,0.7236,0.9445
0.8494,0.5875,0.6946,0.9329
0.8614,0.6137,0.7168,0.9408
0.8614,0.5675,0.6842,0.9519
0.8554,0.6283,0.7245,0.9416
0.8554,0.6201,0.719,0.9531
0.8313,0.6026,0.6987,0.9325
0.8434,0.5932,0.6965,0.9462
0.8494,0.5924,0.698,0.9363
0.7892,0.615,0.6913,0.9168
0.8735,0.6388,0.7379,0.9413
0.8072,0.6091,0.6943,0.9339
0.8494,0.613,0.7121,0.9397
0.9096,0.6453,0.755,0.9575
