RUSBag
0.9091,0.4762,0.625,0.9054
0.6667,0.4231,0.5176,0.8331
0.7273,0.381,0.5,0.8159
0.697,0.4694,0.561,0.8422
0.8485,0.4746,0.6087,0.9032
0.7647,0.4561,0.5714,0.8543
0.8529,0.4203,0.5631,0.8653
0.7941,0.3913,0.5243,0.8099
0.8485,0.4375,0.5773,0.8575
0.8182,0.5094,0.6279,0.8964
0.7647,0.4483,0.5652,0.8527
0.7059,0.4444,0.5455,0.8512
0.7647,0.4333,0.5532,0.8656
0.7576,0.4386,0.5556,0.8284
0.8485,0.5283,0.6512,0.9144
0.8788,0.3919,0.5421,0.8627
0.8182,0.4737,0.6,0.8811
0.8788,0.4833,0.6237,0.8668
0.7576,0.4167,0.5376,0.8534
0.697,0.371,0.4842,0.8185
0.7576,0.4545,0.5682,0.8739
0.7879,0.4333,0.5591,0.8528
0.7879,0.4127,0.5417,0.8557
0.7879,0.4333,0.5591,0.8166
0.697,0.451,0.5476,0.8318
0.7941,0.4821,0.6,0.8669
0.7941,0.4286,0.5567,0.8654
0.8529,0.4603,0.5979,0.8703
0.7273,0.4286,0.5393,0.8769
0.8182,0.45,0.5806,0.8874
0.8485,0.4375,0.5773,0.8815
0.8788,0.4328,0.58,0.8686
0.8182,0.4655,0.5934,0.8675
0.7879,0.4063,0.5361,0.8744
0.8485,0.4516,0.5895,0.881
0.7941,0.403,0.5347,0.828
0.8529,0.4394,0.58,0.8766
0.7353,0.5319,0.6173,0.8537
0.7273,0.3871,0.5053,0.7942
0.8182,0.4655,0.5934,0.8757
0.697,0.5111,0.5897,0.8947
0.9091,0.4545,0.6061,0.8949
0.7576,0.4032,0.5263,0.8482
0.697,0.4035,0.5111,0.8228
0.6364,0.3818,0.4773,0.8037
0.7059,0.4706,0.5647,0.8711
0.7941,0.4737,0.5934,0.8564
0.7941,0.403,0.5347,0.8703
0.7879,0.3611,0.4952,0.8342
0.7879,0.4333,0.5591,0.834
0.697,0.4259,0.5287,0.8235
0.8485,0.5283,0.6512,0.9029
0.8485,0.4375,0.5773,0.8736
0.7879,0.4815,0.5977,0.8723
0.7273,0.3429,0.466,0.7857
0.6471,0.4314,0.5176,0.8379
0.7941,0.4655,0.587,0.8705
0.8529,0.5,0.6304,0.8875
0.7273,0.4364,0.5455,0.8212
0.8182,0.4655,0.5934,0.87
0.697,0.451,0.5476,0.8904
0.8182,0.403,0.54,0.8324
0.8182,0.4355,0.5684,0.872
0.7273,0.4444,0.5517,0.8421
0.7879,0.4333,0.5591,0.8435
0.8529,0.4328,0.5743,0.8638
0.9118,0.5167,0.6596,0.896
0.7353,0.4032,0.5208,0.8182
0.7879,0.4727,0.5909,0.879
0.5455,0.4,0.4615,0.8247
0.9091,0.4545,0.6061,0.915
0.7576,0.4386,0.5556,0.884
0.7879,0.4643,0.5843,0.8771
0.6364,0.4118,0.5,0.8068
0.7879,0.4063,0.5361,0.8394
0.7647,0.4483,0.5652,0.8442
0.8235,0.4444,0.5773,0.8655
0.8529,0.4603,0.5979,0.8671
0.697,0.3833,0.4946,0.7744
0.8788,0.4677,0.6105,0.8732
0.7879,0.3824,0.5149,0.845
0.8485,0.4912,0.6222,0.8906
0.7273,0.4444,0.5517,0.8693
0.8485,0.459,0.5957,0.8853
0.5152,0.3148,0.3908,0.7254
0.8235,0.4375,0.5714,0.8627
0.8824,0.4839,0.625,0.897
0.7353,0.4717,0.5747,0.8691
0.8485,0.4375,0.5773,0.8736
0.697,0.4259,0.5287,0.866
0.8182,0.5,0.6207,0.8725
0.7879,0.4262,0.5532,0.8744
0.697,0.4182,0.5227,0.84
0.8182,0.4154,0.551,0.8393
0.7273,0.381,0.5,0.8368
0.8529,0.5,0.6304,0.9055
0.7647,0.4262,0.5474,0.8679
0.7941,0.3971,0.5294,0.8269
0.7879,0.4407,0.5652,0.841
0.7576,0.4464,0.5618,0.8509
0.7576,0.4167,0.5376,0.8432
0.7879,0.3939,0.5253,0.8407
0.7879,0.4815,0.5977,0.8602
0.8485,0.4746,0.6087,0.9057
0.697,0.3898,0.5,0.8565
0.7353,0.3521,0.4762,0.7735
0.7647,0.4643,0.5778,0.8675
0.8529,0.4462,0.5859,0.8913
0.6667,0.4151,0.5116,0.8043
0.6364,0.4286,0.5122,0.8395
0.7353,0.463,0.5682,0.8142
0.8235,0.4308,0.5657,0.8807
0.7647,0.4407,0.5591,0.8583
0.8485,0.4179,0.56,0.8894
0.8182,0.4355,0.5684,0.8642
0.697,0.377,0.4894,0.8169
0.7576,0.4386,0.5556,0.8139
0.8182,0.4821,0.6067,0.8487
0.8182,0.4219,0.5567,0.886
0.697,0.4894,0.575,0.8768
0.7879,0.4561,0.5778,0.8878
0.7879,0.5,0.6118,0.8958
0.7273,0.4211,0.5333,0.833
0.7576,0.4098,0.5319,0.8433
0.7879,0.4483,0.5714,0.8503
0.7353,0.4464,0.5556,0.8393
0.8235,0.4308,0.5657,0.8719
0.7941,0.45,0.5745,0.855
0.6667,0.4231,0.5176,0.8302
0.7273,0.3582,0.48,0.8097
0.7879,0.4333,0.5591,0.8632
0.6364,0.4118,0.5,0.8509
0.7576,0.4464,0.5618,0.8508
0.8485,0.4308,0.5714,0.8784
0.7879,0.4727,0.5909,0.8598
0.7647,0.4,0.5253,0.855
0.7647,0.4194,0.5417,0.8534
0.8235,0.4746,0.6022,0.8898
0.6667,0.386,0.4889,0.8495
0.8182,0.4909,0.6136,0.8536
0.8182,0.5294,0.6429,0.8943
0.7273,0.3636,0.4848,0.8241
0.7576,0.4032,0.5263,0.8327
0.6364,0.4468,0.525,0.8251
0.6061,0.4651,0.5263,0.7811
0.8235,0.4058,0.5437,0.847
0.7647,0.3562,0.486,0.8332
0.7647,0.52,0.619,0.8763
0.8485,0.4516,0.5895,0.9087
0.7576,0.4386,0.5556,0.8688
0.7879,0.3939,0.5253,0.828
0.9394,0.4697,0.6263,0.9141
0.7879,0.3824,0.5149,0.8545
0.7576,0.4098,0.5319,0.8432
0.8485,0.4516,0.5895,0.8817
0.6176,0.3962,0.4828,0.812
0.7353,0.5102,0.6024,0.874
0.7941,0.3857,0.5192,0.8375
0.8182,0.5,0.6207,0.8717
0.697,0.4423,0.5412,0.8367
0.8182,0.5,0.6207,0.8873
0.7273,0.4444,0.5517,0.8485
0.8788,0.4203,0.5686,0.8696
0.7879,0.4194,0.5474,0.841
0.8485,0.4375,0.5773,0.8876
0.7647,0.5532,0.642,0.8988
0.7059,0.4138,0.5217,0.8065
0.7353,0.4032,0.5208,0.7962
0.8485,0.4746,0.6087,0.9075
0.7879,0.3824,0.5149,0.8257
0.7273,0.3871,0.5053,0.8367
0.7879,0.5417,0.642,0.9021
0.8182,0.45,0.5806,0.85
0.7273,0.4,0.5161,0.8422
0.7576,0.4464,0.5618,0.8831
0.7353,0.4032,0.5208,0.8271
0.7353,0.4167,0.5319,0.8582
0.7941,0.4091,0.54,0.8535
0.7879,0.4483,0.5714,0.8504
0.7576,0.4545,0.5682,0.8655
0.9394,0.4627,0.62,0.8958
0.9091,0.4615,0.6122,0.9227
0.8485,0.4746,0.6087,0.884
0.7273,0.4286,0.5393,0.8297
0.697,0.3833,0.4946,0.81
0.7059,0.5,0.5854,0.8557
0.7353,0.4237,0.5376,0.8698
0.6765,0.4792,0.561,0.7993
0.7273,0.4444,0.5517,0.8366
0.7576,0.4098,0.5319,0.8151
0.8182,0.4737,0.6,0.8795
0.7879,0.5417,0.642,0.8729
0.7576,0.4902,0.5952,0.8711
0.7879,0.4262,0.5532,0.8944
0.7576,0.3846,0.5102,0.8437
0.7353,0.4386,0.5495,0.8738
0.7059,0.4068,0.5161,0.816
0.7353,0.4902,0.5882,0.8525
0.7576,0.3968,0.5208,0.8431
0.8182,0.4219,0.5567,0.8589
0.697,0.4107,0.5169,0.794
0.7576,0.3968,0.5208,0.8334
0.7879,0.4561,0.5778,0.8234
0.8182,0.4821,0.6067,0.8833
0.697,0.4694,0.561,0.8609
0.7353,0.4545,0.5618,0.8638
0.7941,0.4821,0.6,0.9057
0.7941,0.4821,0.6,0.8464
0.8485,0.4308,0.5714,0.8707
0.7879,0.3881,0.52,0.8458
0.8485,0.4242,0.5657,0.8774
0.6667,0.3793,0.4835,0.8018
0.8182,0.4909,0.6136,0.8653
0.7879,0.4,0.5306,0.8267
0.8485,0.4667,0.6022,0.9017
0.6765,0.4423,0.5349,0.8421
0.7353,0.4032,0.5208,0.845
0.7353,0.4464,0.5556,0.846
0.7879,0.4643,0.5843,0.8793
0.8182,0.551,0.6585,0.8903
0.7647,0.4483,0.5652,0.8574
0.7353,0.3968,0.5155,0.8348
0.7647,0.4483,0.5652,0.8574
0.7576,0.4545,0.5682,0.8267
0.7273,0.4706,0.5714,0.8648
0.7879,0.4815,0.5977,0.8647
0.9091,0.5263,0.6667,0.8943
0.5758,0.4043,0.475,0.8182
0.8182,0.3913,0.5294,0.8474
0.8485,0.3944,0.5385,0.8653
0.8182,0.3857,0.5243,0.8273
0.7576,0.4237,0.5435,0.8616
0.7273,0.5455,0.6234,0.9102
0.8788,0.4754,0.617,0.9149
0.7879,0.4,0.5306,0.8278
0.7059,0.4364,0.5393,0.8142
0.8529,0.4531,0.5918,0.8766
0.6471,0.3729,0.4731,0.806
0.6667,0.4151,0.5116,0.8239
0.8182,0.4576,0.587,0.8623
0.8182,0.4219,0.5567,0.8685
0.8182,0.4909,0.6136,0.8935
0.6364,0.3889,0.4828,0.7732
0.6364,0.4375,0.5185,0.8157
0.8485,0.459,0.5957,0.8953
0.7353,0.4545,0.5618,0.8685
0.8529,0.4203,0.5631,0.8833
0.7647,0.3824,0.5098,0.8373
0.8788,0.4677,0.6105,0.8634
0.7879,0.4333,0.5591,0.8523
0.697,0.4423,0.5412,0.8353
0.6364,0.4375,0.5185,0.8446
0.6364,0.375,0.4719,0.7736
0.8485,0.4444,0.5833,0.8583
0.7273,0.4364,0.5455,0.864
0.7941,0.4576,0.5806,0.8691
0.8824,0.4918,0.6316,0.8993
0.7941,0.4426,0.5684,0.8616
0.8788,0.4462,0.5918,0.8931
0.7576,0.4032,0.5263,0.8371
0.7879,0.4407,0.5652,0.9016
0.8182,0.4091,0.5455,0.8656
0.7879,0.4,0.5306,0.8529
0.7273,0.4444,0.5517,0.8343
0.8485,0.4179,0.56,0.8319
0.7353,0.4167,0.5319,0.8618
0.8235,0.4375,0.5714,0.8819
0.7647,0.4063,0.5306,0.8757
0.6667,0.3729,0.4783,0.8122
0.697,0.5227,0.5974,0.8569
0.9091,0.4545,0.6061,0.8924
0.6667,0.3729,0.4783,0.7894
0.7273,0.4706,0.5714,0.8669
0.697,0.3538,0.4694,0.7904
0.7273,0.5,0.5926,0.8764
0.9118,0.4133,0.5688,0.8679
0.9118,0.5167,0.6596,0.9014
0.6765,0.5111,0.5823,0.8532
0.7879,0.4333,0.5591,0.8774
0.8485,0.4375,0.5773,0.8546
0.697,0.46,0.5542,0.858
0.8182,0.4286,0.5625,0.8352
0.8182,0.4091,0.5455,0.8748
0.7879,0.4407,0.5652,0.8429
0.697,0.3966,0.5055,0.8621
0.7353,0.4717,0.5747,0.841
0.9118,0.5254,0.6667,0.9153
0.7353,0.431,0.5435,0.8437
0.697,0.4107,0.5169,0.8406
0.8182,0.4091,0.5455,0.8631
0.7879,0.4194,0.5474,0.834
0.8485,0.459,0.5957,0.85
0.7576,0.4902,0.5952,0.8569
0.7879,0.4333,0.5591,0.8545
0.5758,0.3519,0.4368,0.7793
0.7647,0.4063,0.5306,0.8575
0.7647,0.4333,0.5532,0.8338
0.7941,0.3913,0.5243,0.8674
0.7879,0.4561,0.5778,0.8716
0.7879,0.4727,0.5909,0.8685
0.8485,0.4179,0.56,0.8777
0.7576,0.5435,0.6329,0.9014
0.8485,0.3889,0.5333,0.8583
0.8485,0.4444,0.5833,0.8944
0.6061,0.4082,0.4878,0.8015
0.8529,0.4203,0.5631,0.8822
0.7647,0.4727,0.5843,0.8502
0.7353,0.4098,0.5263,0.8249
0.6667,0.4231,0.5176,0.8132
0.8182,0.5094,0.6279,0.8859
0.7576,0.4098,0.5319,0.8118
0.8485,0.4179,0.56,0.8642
0.9091,0.4762,0.625,0.9057
0.6667,0.4074,0.5057,0.8468
0.5455,0.375,0.4444,0.7497
0.8235,0.5385,0.6512,0.8812
0.8235,0.4667,0.5957,0.8774
0.7941,0.4909,0.6067,0.8696
0.8182,0.4154,0.551,0.8377
0.6364,0.3962,0.4884,0.843
0.8788,0.4531,0.5979,0.8696
0.7576,0.4167,0.5376,0.8611
0.6364,0.375,0.4719,0.8338
0.9091,0.5455,0.6818,0.924
0.9091,0.3896,0.5455,0.8899
0.8235,0.5,0.6222,0.8474
0.7647,0.4643,0.5778,0.8681
0.6176,0.4375,0.5122,0.8034
0.8182,0.4426,0.5745,0.8509
0.6667,0.4151,0.5116,0.8141
0.8788,0.4603,0.6042,0.8879
0.6667,0.4074,0.5057,0.8404
0.6364,0.375,0.4719,0.8263
0.8485,0.4516,0.5895,0.8645
0.8182,0.4091,0.5455,0.8315
0.8529,0.5577,0.6744,0.8999
0.8529,0.4328,0.5743,0.8886
0.6765,0.3651,0.4742,0.8398
0.697,0.3833,0.4946,0.7773
0.7879,0.3939,0.5253,0.8293
0.7576,0.431,0.5495,0.8417
0.8182,0.4576,0.587,0.8794
0.7576,0.3676,0.495,0.7858
0.8788,0.4394,0.5859,0.8637
0.7273,0.4444,0.5517,0.8393
0.8235,0.4912,0.6154,0.8819
0.7941,0.4821,0.6,0.8917
0.6765,0.4259,0.5227,0.8069
0.8182,0.4091,0.5455,0.8669
0.8182,0.4355,0.5684,0.846
0.8235,0.56,0.6667,0.8944
0.7353,0.4386,0.5495,0.8599
0.6765,0.4107,0.5111,0.8446
0.7273,0.4444,0.5517,0.8324
0.7576,0.4464,0.5618,0.8498
0.697,0.434,0.5349,0.8421
0.8485,0.4308,0.5714,0.8538
0.8485,0.4746,0.6087,0.8942
0.8182,0.4355,0.5684,0.8558
0.8182,0.4286,0.5625,0.8462
0.7576,0.463,0.5747,0.8412
0.8182,0.4091,0.5455,0.8212
0.9091,0.3896,0.5455,0.8903
0.8485,0.4746,0.6087,0.8895
0.697,0.46,0.5542,0.8771
0.7941,0.4655,0.587,0.897
0.8824,0.4918,0.6316,0.9053
0.5882,0.3279,0.4211,0.7601
0.6364,0.3889,0.4828,0.8016
0.6667,0.3929,0.4944,0.8303
0.7576,0.3968,0.5208,0.8233
0.8788,0.4915,0.6304,0.9051
0.7879,0.4127,0.5417,0.8327
0.6667,0.4151,0.5116,0.7854
0.8182,0.4909,0.6136,0.882
0.7647,0.5098,0.6118,0.8824
0.8235,0.4058,0.5437,0.8327
0.7941,0.54,0.6429,0.901
0.8182,0.4426,0.5745,0.873
0.8485,0.4179,0.56,0.8983
0.7879,0.3662,0.5,0.8303
0.6364,0.3621,0.4615,0.8269
0.6667,0.4314,0.5238,0.8132
0.8182,0.4909,0.6136,0.8841
0.697,0.3966,0.5055,0.8061
0.7941,0.5294,0.6353,0.8746
0.8235,0.5185,0.6364,0.9029
0.8824,0.4348,0.5825,0.8756
0.7273,0.381,0.5,0.816
0.8788,0.4328,0.58,0.8845
0.7273,0.4068,0.5217,0.8287
0.6667,0.4151,0.5116,0.846
0.8182,0.4576,0.587,0.8797
0.8182,0.4426,0.5745,0.9018
0.7879,0.4727,0.5909,0.8869
0.6765,0.3485,0.46,0.7432
0.8235,0.4516,0.5833,0.847
0.7353,0.4237,0.5376,0.8487
0.7273,0.4444,0.5517,0.8878
0.8788,0.5088,0.6444,0.8847
0.7879,0.4127,0.5417,0.8621
0.7576,0.4545,0.5682,0.8443
0.9697,0.4211,0.5872,0.9167
0.7879,0.3662,0.5,0.8508
0.6364,0.4884,0.5526,0.8689
0.7941,0.4286,0.5567,0.8671
0.6176,0.375,0.4667,0.8032
0.8235,0.4746,0.6022,0.8564
0.697,0.4182,0.5227,0.8301
0.7576,0.4167,0.5376,0.8598
0.7879,0.4561,0.5778,0.8445
0.7273,0.4286,0.5393,0.8535
0.7879,0.52,0.6265,0.8779
0.7273,0.3871,0.5053,0.8326
0.7879,0.3939,0.5253,0.8383
0.7353,0.3968,0.5155,0.8331
0.7059,0.4,0.5106,0.8231
0.7941,0.3971,0.5294,0.8383
0.7273,0.4068,0.5217,0.8507
0.8788,0.4394,0.5859,0.862
0.9412,0.4776,0.6337,0.9001
0.7059,0.4364,0.5393,0.804
0.6471,0.3729,0.4731,0.7977
0.7576,0.5102,0.6098,0.8868
0.7879,0.4407,0.5652,0.879
0.8788,0.4328,0.58,0.8816
0.7576,0.4167,0.5376,0.8553
0.8788,0.4833,0.6237,0.9021
0.6667,0.4,0.5,0.8265
0.8182,0.4576,0.587,0.8452
0.6061,0.3704,0.4598,0.7824
0.7273,0.5,0.5926,0.8685
0.8788,0.4394,0.5859,0.9139
0.7576,0.4237,0.5435,0.8492
0.8485,0.3784,0.5234,0.8663
0.8235,0.4746,0.6022,0.8669
0.6176,0.4038,0.4884,0.7923
0.8529,0.5,0.6304,0.9026
0.7879,0.4262,0.5532,0.8669
0.697,0.4694,0.561,0.809
0.6061,0.3636,0.4545,0.7567
0.8485,0.4308,0.5714,0.8838
0.8485,0.4308,0.5714,0.8663
0.7879,0.5098,0.619,0.9016
0.8788,0.3973,0.5472,0.8868
0.7059,0.48,0.5714,0.8557
0.8529,0.4265,0.5686,0.8665
0.7941,0.4219,0.551,0.865
0.697,0.4182,0.5227,0.8587
0.697,0.4107,0.5169,0.8406
0.8788,0.5,0.6374,0.8907
0.8485,0.4746,0.6087,0.9126
0.7576,0.463,0.5747,0.8854
0.7273,0.3934,0.5106,0.825
0.6364,0.3818,0.4773,0.8122
0.7353,0.4545,0.5618,0.8332
0.7941,0.4576,0.5806,0.8611
0.7059,0.375,0.4898,0.8202
0.7879,0.3824,0.5149,0.8646
0.8485,0.459,0.5957,0.881
0.8485,0.5,0.6292,0.8898
0.7273,0.4138,0.5275,0.8614
0.7879,0.4262,0.5532,0.8892
0.7576,0.4386,0.5556,0.8294
0.8182,0.403,0.54,0.8567
0.8235,0.4118,0.549,0.8634
0.7647,0.4333,0.5532,0.8563
0.6765,0.5,0.575,0.8448
0.6364,0.3684,0.4667,0.8103
0.7576,0.4808,0.5882,0.8955
0.7273,0.4706,0.5714,0.8262
0.8182,0.3857,0.5243,0.8584
0.8485,0.4242,0.5657,0.8652
0.8485,0.4375,0.5773,0.8714
0.8182,0.5625,0.6667,0.892
0.7647,0.3939,0.52,0.8011
0.7941,0.4576,0.5806,0.8479
0.7353,0.4808,0.5814,0.8684
0.8485,0.4242,0.5657,0.8579
0.7879,0.4063,0.5361,0.8526
0.6667,0.3667,0.4731,0.7882
0.8182,0.45,0.5806,0.8979
0.8182,0.4091,0.5455,0.8608
0.7273,0.4211,0.5333,0.8477
0.7273,0.4286,0.5393,0.8241
0.7059,0.4,0.5106,0.8201
0.6765,0.3333,0.4466,0.8011
0.8824,0.4762,0.6186,0.8925
0.8485,0.5185,0.6437,0.8962
0.7576,0.4902,0.5952,0.8725
0.7879,0.4333,0.5591,0.8535
0.8485,0.4,0.5437,0.8448
0.7879,0.4906,0.6047,0.8856
0.7273,0.381,0.5,0.8239
0.6667,0.4231,0.5176,0.7773
0.7941,0.4821,0.6,0.869
0.7647,0.4262,0.5474,0.8509
0.8529,0.4677,0.6042,0.8728
0.7576,0.4717,0.5814,0.8825
0.8485,0.4444,0.5833,0.8758
0.7576,0.463,0.5747,0.8623
0.697,0.4423,0.5412,0.8246
0.8485,0.4444,0.5833,0.8773
0.8788,0.4394,0.5859,0.8855
0.8182,0.3649,0.5047,0.8057
0.7647,0.4727,0.5843,0.8473
0.6471,0.4074,0.5,0.8217
0.7059,0.48,0.5714,0.8506
0.8182,0.45,0.5806,0.8933
0.8485,0.4912,0.6222,0.8876
0.697,0.4035,0.5111,0.8018
0.9091,0.4839,0.6316,0.9068
0.7879,0.5,0.6118,0.8804
0.7879,0.4063,0.5361,0.85
0.9091,0.4545,0.6061,0.8883
0.7647,0.4262,0.5474,0.8234
0.7647,0.4262,0.5474,0.8481
0.7941,0.45,0.5745,0.8749
0.7576,0.4808,0.5882,0.8676
0.7273,0.4364,0.5455,0.8303
0.7576,0.4464,0.5618,0.8187
0.8182,0.5294,0.6429,0.9048
0.8788,0.4143,0.5631,0.8839
0.697,0.4182,0.5227,0.8482
0.6667,0.3929,0.4944,0.7884
0.8824,0.5,0.6383,0.8901
0.7647,0.4483,0.5652,0.8603
0.8529,0.4677,0.6042,0.8753
0.697,0.3485,0.4646,0.7656
0.8182,0.4821,0.6067,0.9057
0.7647,0.4333,0.5532,0.8557
0.8824,0.4688,0.6122,0.8938
0.8235,0.4375,0.5714,0.8846
0.7879,0.4127,0.5417,0.8404
0.6667,0.4681,0.55,0.8293
0.7576,0.4386,0.5556,0.8596
0.7273,0.4286,0.5393,0.8498
0.6667,0.386,0.4889,0.783
0.8485,0.4912,0.6222,0.9075
0.8485,0.4179,0.56,0.8721
0.7941,0.4909,0.6067,0.8869
0.7353,0.4717,0.5747,0.8802
0.7941,0.4821,0.6,0.8671
0.8788,0.4531,0.5979,0.847
0.7576,0.4032,0.5263,0.8134
0.8182,0.3971,0.5347,0.8395
0.7273,0.4364,0.5455,0.86
0.7879,0.4333,0.5591,0.893
0.8485,0.4375,0.5773,0.8463
0.7576,0.431,0.5495,0.846
0.7879,0.4561,0.5778,0.864
0.8788,0.4394,0.5859,0.8974
0.7879,0.4407,0.5652,0.8433
0.8485,0.4746,0.6087,0.8813
0.7576,0.4167,0.5376,0.8425
0.8529,0.4394,0.58,0.8933
0.7059,0.3692,0.4848,0.8042
0.7059,0.4068,0.5161,0.8666
0.8182,0.4219,0.5567,0.8539
0.7273,0.4138,0.5275,0.834
0.7576,0.4237,0.5435,0.8389
0.7576,0.4098,0.5319,0.844
0.7879,0.4262,0.5532,0.8762
0.7576,0.431,0.5495,0.8406
0.9091,0.4478,0.6,0.8908
0.8529,0.4915,0.6237,0.8954
0.6176,0.4118,0.4941,0.8048
0.8824,0.4615,0.6061,0.8941
0.7576,0.3788,0.5051,0.8224
0.7576,0.4464,0.5618,0.8675
0.7576,0.4808,0.5882,0.8351
0.7273,0.4444,0.5517,0.8747
0.8182,0.4655,0.5934,0.8845
0.7576,0.3906,0.5155,0.8216
0.7879,0.4127,0.5417,0.8645
0.7941,0.4219,0.551,0.8566
0.8235,0.4516,0.5833,0.8731
0.8529,0.4603,0.5979,0.8833
0.7576,0.4386,0.5556,0.8419
0.6667,0.4231,0.5176,0.8294
0.7273,0.4138,0.5275,0.8463
0.6667,0.4074,0.5057,0.7916
0.7879,0.4063,0.5361,0.8693
0.7879,0.4,0.5306,0.86
0.7879,0.4727,0.5909,0.882
0.7353,0.3968,0.5155,0.825
0.7059,0.4706,0.5647,0.8683
0.7647,0.4,0.5253,0.8443
0.8788,0.4833,0.6237,0.9019
0.7273,0.3692,0.4898,0.8147
0.7879,0.4483,0.5714,0.8845
0.8182,0.403,0.54,0.8452
0.8182,0.4091,0.5455,0.8517
0.7576,0.4237,0.5435,0.8466
0.8182,0.5625,0.6667,0.9133
0.7941,0.4154,0.5455,0.8735
0.7647,0.4063,0.5306,0.8352
0.7941,0.45,0.5745,0.8569
0.7273,0.3934,0.5106,0.7761
0.8182,0.5094,0.6279,0.878
0.7879,0.4483,0.5714,0.8823
0.8485,0.4308,0.5714,0.869
0.8182,0.4655,0.5934,0.8715
0.7273,0.5106,0.6,0.8531
0.8182,0.4576,0.587,0.8352
0.7941,0.5,0.6136,0.8779
0.7941,0.4737,0.5934,0.8589
0.6765,0.4259,0.5227,0.8372
0.9091,0.411,0.566,0.8852
0.7879,0.4483,0.5714,0.8511
0.8235,0.4444,0.5773,0.8565
0.8824,0.5,0.6383,0.9242
0.7059,0.4,0.5106,0.8492
0.6061,0.4545,0.5195,0.8304
0.8182,0.4355,0.5684,0.8587
0.7273,0.4364,0.5455,0.7985
0.7576,0.4098,0.5319,0.8567
0.8485,0.4308,0.5714,0.8777
0.7576,0.463,0.5747,0.8628
0.7576,0.4464,0.5618,0.8576
0.7576,0.3676,0.495,0.8435
0.7879,0.4483,0.5714,0.8561
0.7879,0.4063,0.5361,0.8566
0.697,0.3833,0.4946,0.8089
0.7273,0.4364,0.5455,0.8815
0.8824,0.4478,0.5941,0.8661
0.6176,0.4468,0.5185,0.8477
0.8235,0.4746,0.6022,0.878
0.7576,0.463,0.5747,0.8454
0.8788,0.3973,0.5472,0.8841
0.8182,0.4355,0.5684,0.8615
0.7879,0.3824,0.5149,0.831
0.697,0.4182,0.5227,0.8052
0.8485,0.4746,0.6087,0.9097
0.8485,0.5283,0.6512,0.8648
0.8235,0.5385,0.6512,0.9027
0.7353,0.4902,0.5882,0.8505
0.7353,0.4464,0.5556,0.8607
0.7879,0.3881,0.52,0.8305
0.7576,0.4098,0.5319,0.8439
0.8182,0.4286,0.5625,0.8659
0.7576,0.4386,0.5556,0.8506
0.8485,0.5,0.6292,0.8827
0.7879,0.4815,0.5977,0.8381
0.8182,0.4286,0.5625,0.8415
0.7059,0.375,0.4898,0.8256
0.8235,0.5091,0.6292,0.8989
0.8529,0.3919,0.537,0.8803
0.7879,0.4063,0.5361,0.8514
0.8182,0.4655,0.5934,0.8349
0.6471,0.3607,0.4632,0.746
0.8529,0.4394,0.58,0.8971
0.7059,0.5,0.5854,0.8215
0.7879,0.3939,0.5253,0.8476
0.7879,0.4906,0.6047,0.8976
0.8788,0.4754,0.617,0.9148
0.7576,0.431,0.5495,0.8463
0.6364,0.3889,0.4828,0.8242
0.8182,0.4219,0.5567,0.8613
0.8485,0.4179,0.56,0.8852
0.6364,0.3684,0.4667,0.7563
0.8485,0.4667,0.6022,0.9066
0.7576,0.4808,0.5882,0.8939
0.7273,0.3692,0.4898,0.7959
0.8788,0.4754,0.617,0.9073
0.7353,0.3968,0.5155,0.8381
0.7647,0.4262,0.5474,0.8814
0.7941,0.4286,0.5567,0.8263
0.6667,0.44,0.5301,0.825
0.697,0.3898,0.5,0.8463
0.6176,0.4286,0.506,0.7989
0.7353,0.431,0.5435,0.8507
0.7941,0.5192,0.6279,0.8642
0.7273,0.4444,0.5517,0.8538
0.7879,0.4483,0.5714,0.89
0.7576,0.4032,0.5263,0.8551
0.7576,0.3521,0.4808,0.7902
0.8485,0.4667,0.6022,0.879
0.7879,0.4127,0.5417,0.8876
0.7879,0.4643,0.5843,0.8763
0.7647,0.4407,0.5591,0.861
0.7647,0.4643,0.5778,0.859
0.7647,0.4483,0.5652,0.8666
0.7879,0.4561,0.5778,0.838
0.7576,0.4545,0.5682,0.853
0.8485,0.5714,0.6829,0.9025
0.697,0.4694,0.561,0.8358
0.6667,0.3929,0.4944,0.825
0.8182,0.4286,0.5625,0.8737
0.7576,0.3676,0.495,0.8429
0.8182,0.403,0.54,0.8711
0.7576,0.3968,0.5208,0.8168
0.6667,0.3929,0.4944,0.8212
0.7273,0.4706,0.5714,0.8311
0.8182,0.4909,0.6136,0.8722
0.7059,0.4211,0.5275,0.82
0.8824,0.4918,0.6316,0.9142
0.9118,0.4429,0.5962,0.8922
0.7879,0.3939,0.5253,0.8623
0.7273,0.3934,0.5106,0.8169
0.7647,0.4643,0.5778,0.8944
0.7941,0.4355,0.5625,0.8587
0.6765,0.451,0.5412,0.8306
0.7576,0.463,0.5747,0.8674
0.6667,0.3929,0.4944,0.8087
0.7879,0.4643,0.5843,0.8645
0.8182,0.403,0.54,0.8308
0.7273,0.4286,0.5393,0.8342
0.9394,0.4559,0.6139,0.9022
0.7273,0.3478,0.4706,0.8031
0.7273,0.4615,0.5647,0.8472
0.6667,0.4783,0.557,0.8495
0.8788,0.4915,0.6304,0.8965
0.7576,0.4545,0.5682,0.8319
0.697,0.3651,0.4792,0.8084
0.8235,0.5,0.6222,0.8626
0.7647,0.4643,0.5778,0.8269
0.8824,0.4286,0.5769,0.8748
0.7879,0.4262,0.5532,0.8618
0.697,0.3898,0.5,0.824
0.7576,0.4167,0.5376,0.8295
0.8485,0.4375,0.5773,0.8497
0.6667,0.4889,0.5641,0.8247
0.6364,0.3621,0.4615,0.806
0.7576,0.4464,0.5618,0.8774
0.7647,0.4407,0.5591,0.8838
0.8235,0.4375,0.5714,0.8752
0.7647,0.5,0.6047,0.8547
0.8182,0.4286,0.5625,0.879
0.8182,0.45,0.5806,0.9068
0.9697,0.4507,0.6154,0.8813
0.7576,0.3571,0.4854,0.7921
0.7576,0.431,0.5495,0.8205
0.6667,0.386,0.4889,0.7889
0.7879,0.4643,0.5843,0.8649
0.7353,0.4098,0.5263,0.8593
0.6765,0.434,0.5287,0.8522
0.8529,0.4394,0.58,0.8892
0.7273,0.4068,0.5217,0.8487
0.8182,0.4821,0.6067,0.8909
0.8182,0.4286,0.5625,0.8731
0.7879,0.4407,0.5652,0.8369
0.6667,0.449,0.5366,0.8562
0.7576,0.5,0.6024,0.8729
0.6667,0.4231,0.5176,0.8212
0.7647,0.4727,0.5843,0.8463
0.9118,0.4627,0.6139,0.8913
0.8824,0.4545,0.6,0.8827
0.7576,0.3731,0.5,0.8504
0.6667,0.386,0.4889,0.8173
0.7273,0.4615,0.5647,0.8538
0.7273,0.4068,0.5217,0.8175
0.8182,0.54,0.6506,0.9078
0.7879,0.4906,0.6047,0.8601
0.8182,0.3971,0.5347,0.8631
0.7647,0.4,0.5253,0.8473
0.8235,0.4828,0.6087,0.8652
0.6765,0.3966,0.5,0.8009
0.8485,0.3944,0.5385,0.8524
0.7576,0.431,0.5495,0.8612
0.7273,0.4706,0.5714,0.8688
0.7576,0.5208,0.6173,0.8565
0.9091,0.4478,0.6,0.8929
0.7576,0.431,0.5495,0.8503
0.7879,0.4643,0.5843,0.8738
0.8235,0.4242,0.56,0.8603
0.7059,0.4,0.5106,0.8199
0.7647,0.4333,0.5532,0.8472
0.7273,0.3934,0.5106,0.8431
0.8788,0.4462,0.5918,0.8547
0.7879,0.4127,0.5417,0.8629
0.8182,0.4909,0.6136,0.8792
0.8182,0.3971,0.5347,0.8456
0.7879,0.4,0.5306,0.8632
0.7273,0.4364,0.5455,0.8758
0.6765,0.3382,0.451,0.7961
0.7647,0.4333,0.5532,0.837
0.7941,0.4655,0.587,0.8721
0.7273,0.5106,0.6,0.9072
0.7879,0.4906,0.6047,0.8598
0.6364,0.4773,0.5455,0.8484
0.7879,0.4407,0.5652,0.8616
0.7576,0.5435,0.6329,0.863
0.6061,0.4,0.4819,0.8381
0.7273,0.4068,0.5217,0.8117
0.7941,0.4219,0.551,0.8099
0.9118,0.4921,0.6392,0.8972
0.8235,0.3944,0.5333,0.8511
0.697,0.434,0.5349,0.8087
0.7576,0.4386,0.5556,0.8869
0.7273,0.5,0.5926,0.8539
0.7576,0.463,0.5747,0.8855
0.6667,0.4,0.5,0.8003
0.7576,0.4098,0.5319,0.8787
0.697,0.4792,0.5679,0.8385
0.6176,0.35,0.4468,0.7713
0.8529,0.4677,0.6042,0.8787
0.8529,0.4833,0.617,0.8504
0.8485,0.4667,0.6022,0.8969
0.8182,0.4154,0.551,0.8509
0.8788,0.4915,0.6304,0.8768
0.8788,0.4328,0.58,0.8994
0.6667,0.4074,0.5057,0.8482
0.8485,0.4912,0.6222,0.8922
0.7879,0.4127,0.5417,0.8137
0.7353,0.4717,0.5747,0.8729
0.7353,0.3906,0.5102,0.8418
0.6765,0.3898,0.4946,0.8212
0.7273,0.4615,0.5647,0.8785
0.6364,0.3889,0.4828,0.7926
0.7941,0.4737,0.5934,0.8377
0.6765,0.3898,0.4946,0.8254
0.7941,0.4426,0.5684,0.8515
0.8485,0.4746,0.6087,0.8938
0.8788,0.4677,0.6105,0.911
0.7273,0.4706,0.5714,0.8274
0.8182,0.4154,0.551,0.8485
0.8788,0.4833,0.6237,0.9052
0.6364,0.3621,0.4615,0.785
0.8485,0.4828,0.6154,0.8767
0.7879,0.4194,0.5474,0.8354
0.7576,0.4167,0.5376,0.8369
0.8485,0.4746,0.6087,0.8742
0.7576,0.4098,0.5319,0.8589
0.6364,0.3962,0.4884,0.8091
0.7941,0.45,0.5745,0.8752
0.7941,0.4355,0.5625,0.8475
0.9118,0.4844,0.6327,0.9067
0.7879,0.4194,0.5474,0.8183
0.8182,0.4286,0.5625,0.8741
0.7879,0.4643,0.5843,0.8949
0.7273,0.4444,0.5517,0.7976
0.6364,0.4773,0.5455,0.792
0.8182,0.4909,0.6136,0.871
0.6364,0.3443,0.4468,0.7887
0.9412,0.5079,0.6598,0.9328
0.7059,0.3934,0.5053,0.8193
0.7941,0.4426,0.5684,0.832
0.8182,0.4219,0.5567,0.8861
0.7576,0.4386,0.5556,0.8557
0.7879,0.3824,0.5149,0.8319
0.7879,0.4407,0.5652,0.8547
0.697,0.3898,0.5,0.8145
0.7879,0.3824,0.5149,0.8435
0.6061,0.4444,0.5128,0.8066
0.7941,0.4355,0.5625,0.8373
0.8235,0.4828,0.6087,0.8439
0.9118,0.5082,0.6526,0.9149
0.8182,0.4909,0.6136,0.8451
0.8485,0.4667,0.6022,0.9188
0.8788,0.4394,0.5859,0.8756
0.7879,0.3714,0.5049,0.8115
0.8485,0.549,0.6667,0.9043
0.7576,0.431,0.5495,0.8238
0.7879,0.4727,0.5909,0.8751
0.7059,0.4,0.5106,0.7909
0.7059,0.4898,0.5783,0.8689
0.8529,0.5,0.6304,0.8918
0.7879,0.4262,0.5532,0.855
0.7273,0.3692,0.4898,0.7986
0.8485,0.4118,0.5545,0.8661
0.7576,0.4237,0.5435,0.8891
0.8182,0.4091,0.5455,0.8869
0.697,0.4182,0.5227,0.8232
0.7576,0.4098,0.5319,0.859
0.7353,0.4237,0.5376,0.8329
0.7647,0.4561,0.5714,0.8693
0.6765,0.3898,0.4946,0.843
0.7576,0.4545,0.5682,0.8424
0.8182,0.4909,0.6136,0.8621
0.6667,0.4074,0.5057,0.8109
0.6667,0.4889,0.5641,0.88
0.8485,0.4516,0.5895,0.8662
0.7879,0.4262,0.5532,0.8511
0.9091,0.5172,0.6593,0.9147
0.8235,0.4118,0.549,0.8658
0.6471,0.3667,0.4681,0.7688
0.7353,0.4464,0.5556,0.8479
0.8182,0.4219,0.5567,0.8949
0.697,0.377,0.4894,0.8269
0.7273,0.5106,0.6,0.8264
0.7576,0.4386,0.5556,0.8317
0.9091,0.5,0.6452,0.9384
0.6364,0.4468,0.525,0.8565
0.7879,0.4333,0.5591,0.8494
0.7941,0.3913,0.5243,0.8466
0.7941,0.3913,0.5243,0.8155
0.7941,0.4821,0.6,0.8742
0.8788,0.4394,0.5859,0.8755
0.8788,0.4394,0.5859,0.8709
0.7576,0.3968,0.5208,0.8361
0.7576,0.4167,0.5376,0.8186
0.8788,0.4028,0.5524,0.8461
0.7879,0.4333,0.5591,0.8728
0.8485,0.4667,0.6022,0.8778
0.9118,0.5167,0.6596,0.9319
0.7059,0.4444,0.5455,0.8236
0.7647,0.4407,0.5591,0.8616
0.5455,0.3462,0.4235,0.7735
0.8788,0.4603,0.6042,0.8981
0.7576,0.3846,0.5102,0.8216
0.697,0.5,0.5823,0.8437
0.7879,0.4333,0.5591,0.856
0.8485,0.4179,0.56,0.8465
0.6667,0.5,0.5714,0.8392
0.8529,0.4085,0.5524,0.8618
0.7647,0.4643,0.5778,0.8556
0.8235,0.4828,0.6087,0.8812
0.7879,0.3939,0.5253,0.8696
0.8182,0.3971,0.5347,0.8586
0.8485,0.4444,0.5833,0.874
0.7879,0.4127,0.5417,0.8766
0.7879,0.4727,0.5909,0.8922
0.697,0.4423,0.5412,0.8193
0.8182,0.5,0.6207,0.8933
0.7059,0.381,0.4948,0.8128
0.7647,0.4643,0.5778,0.8772
0.7941,0.3803,0.5143,0.836
0.7273,0.3692,0.4898,0.8215
0.8485,0.4667,0.6022,0.8653
0.7273,0.4211,0.5333,0.8109
0.7576,0.4464,0.5618,0.8477
0.697,0.4182,0.5227,0.8522
0.697,0.371,0.4842,0.8163
0.6667,0.3607,0.4681,0.8359
0.8235,0.4667,0.5957,0.8656
0.8235,0.4058,0.5437,0.826
0.8824,0.4918,0.6316,0.9195
0.9091,0.4839,0.6316,0.9139
0.8182,0.4655,0.5934,0.8779
0.7576,0.431,0.5495,0.8791
0.8182,0.4737,0.6,0.836
0.697,0.434,0.5349,0.8477
0.7576,0.4098,0.5319,0.8434
0.8182,0.45,0.5806,0.8567
0.8235,0.4516,0.5833,0.8615
0.6765,0.4107,0.5111,0.8056
0.7941,0.4426,0.5684,0.8727
0.7576,0.4167,0.5376,0.8362
0.9091,0.4918,0.6383,0.9375
0.8182,0.4355,0.5684,0.8868
0.697,0.4035,0.5111,0.8185
0.7576,0.4167,0.5376,0.8597
0.8485,0.4516,0.5895,0.8917
0.697,0.3833,0.4946,0.8182
0.8235,0.549,0.6588,0.9106
0.8235,0.4375,0.5714,0.8632
0.6765,0.451,0.5412,0.839
0.697,0.451,0.5476,0.8464
0.7879,0.4333,0.5591,0.8543
0.6061,0.4545,0.5195,0.8089
0.7576,0.4808,0.5882,0.883
0.9091,0.4615,0.6122,0.8874
0.7273,0.4,0.5161,0.7658
0.8485,0.4375,0.5773,0.9171
0.7941,0.5625,0.6585,0.8756
0.7941,0.4821,0.6,0.9057
0.7353,0.3846,0.5051,0.8216
0.8485,0.459,0.5957,0.897
0.697,0.377,0.4894,0.8023
0.7576,0.4386,0.5556,0.8658
0.8485,0.4242,0.5657,0.8549
0.7576,0.4167,0.5376,0.833
0.697,0.377,0.4894,0.8022
0.8788,0.4754,0.617,0.8872
0.8824,0.4839,0.625,0.9081
0.8529,0.4394,0.58,0.8719
0.7059,0.4444,0.5455,0.821
0.7576,0.4808,0.5882,0.8885
0.8485,0.5091,0.6364,0.8635
0.7273,0.4211,0.5333,0.8622
0.5758,0.3654,0.4471,0.7874
0.8485,0.459,0.5957,0.8845
0.7879,0.4333,0.5591,0.8604
0.9091,0.4286,0.5825,0.8908
0.9118,0.5254,0.6667,0.8944
0.7647,0.4262,0.5474,0.8542
0.7059,0.4138,0.5217,0.8506
0.7576,0.5102,0.6098,0.868
0.7879,0.3939,0.5253,0.8392
0.7576,0.5,0.6024,0.8389
0.7273,0.4364,0.5455,0.837
0.7576,0.4386,0.5556,0.8497
0.7879,0.4561,0.5778,0.9065
0.9091,0.3896,0.5455,0.8806
0.7647,0.4194,0.5417,0.8514
0.7647,0.4643,0.5778,0.874
0.7647,0.4194,0.5417,0.8688
0.8182,0.4219,0.5567,0.8552
0.8485,0.4179,0.56,0.8404
0.7941,0.4576,0.5806,0.8524
0.5882,0.4167,0.4878,0.8135
0.7353,0.4464,0.5556,0.8472
0.8182,0.4909,0.6136,0.8608
0.697,0.4035,0.5111,0.8308
0.9697,0.4384,0.6038,0.9432
0.6364,0.4118,0.5,0.8121
0.9697,0.4571,0.6214,0.8976
0.7273,0.4706,0.5714,0.8917
0.7576,0.3846,0.5102,0.8422
