RUSBag
0.8636,0.2317,0.3654,0.8931
1.0,0.2716,0.4272,0.9727
0.8182,0.2195,0.3462,0.9107
0.6522,0.2143,0.3226,0.8735
0.8182,0.2647,0.4,0.9395
0.7273,0.2105,0.3265,0.8729
0.9091,0.2941,0.4444,0.9192
0.6364,0.1892,0.2917,0.8189
0.8636,0.2235,0.3551,0.9111
0.7727,0.2982,0.4304,0.9077
0.8636,0.2923,0.4368,0.9439
0.7727,0.2329,0.3579,0.8618
0.8182,0.2609,0.3956,0.8902
0.7826,0.2571,0.3871,0.871
0.7273,0.2254,0.3441,0.9082
0.8182,0.2308,0.36,0.933
0.8636,0.2676,0.4086,0.929
0.5909,0.1912,0.2889,0.8267
0.8182,0.2466,0.3789,0.8797
0.9091,0.2273,0.3636,0.9023
0.7727,0.2024,0.3208,0.9045
0.7273,0.2388,0.3596,0.8819
0.8182,0.2647,0.4,0.8973
0.7391,0.2329,0.3542,0.9148
0.8182,0.225,0.3529,0.8929
0.8182,0.2951,0.4337,0.9301
0.7273,0.25,0.3721,0.901
0.6818,0.1786,0.283,0.8045
0.8636,0.2468,0.3838,0.8986
0.8636,0.2879,0.4318,0.9214
0.9545,0.2561,0.4038,0.9318
0.8182,0.2222,0.3495,0.8894
0.8182,0.2571,0.3913,0.9149
0.5217,0.1846,0.2727,0.7875
0.8182,0.2222,0.3495,0.8825
0.8636,0.3115,0.4578,0.9318
0.7727,0.1771,0.2881,0.9117
0.8182,0.2338,0.3636,0.8997
0.7273,0.2623,0.3855,0.8744
0.8636,0.2639,0.4043,0.9339
0.8182,0.2466,0.3789,0.8792
0.9091,0.2381,0.3774,0.8953
0.7727,0.2394,0.3656,0.906
0.8261,0.2794,0.4176,0.9249
0.7273,0.2286,0.3478,0.8733
0.7273,0.2623,0.3855,0.8871
0.8182,0.2432,0.375,0.9203
0.6818,0.2344,0.3488,0.876
0.7273,0.2162,0.3333,0.9014
0.9091,0.2817,0.4301,0.9359
0.7727,0.2464,0.3736,0.9023
0.8182,0.2769,0.4138,0.8703
0.8182,0.2951,0.4337,0.8808
0.7826,0.2368,0.3636,0.9008
0.8636,0.2639,0.4043,0.9396
0.8636,0.2436,0.38,0.918
0.9091,0.3226,0.4762,0.9485
0.7727,0.25,0.3778,0.8817
0.8182,0.2278,0.3564,0.8902
0.8182,0.2535,0.3871,0.8706
0.7727,0.2024,0.3208,0.8816
0.7273,0.2462,0.3678,0.8582
0.7727,0.2429,0.3696,0.885
0.7826,0.2,0.3186,0.9147
0.8182,0.24,0.3711,0.8982
0.8636,0.2603,0.4,0.9363
0.8636,0.2375,0.3725,0.9202
0.7727,0.25,0.3778,0.9082
0.7273,0.2712,0.3951,0.8592
0.8182,0.25,0.383,0.9252
0.8261,0.2879,0.427,0.9207
0.7727,0.2464,0.3736,0.8723
0.7727,0.3036,0.4359,0.8902
0.7273,0.1928,0.3048,0.8664
0.9091,0.2632,0.4082,0.9022
0.7273,0.2286,0.3478,0.8573
0.7273,0.2319,0.3516,0.869
0.8182,0.2368,0.3673,0.928
0.8182,0.2432,0.375,0.9007
0.9091,0.2703,0.4167,0.9413
0.7391,0.2297,0.3505,0.8655
0.8636,0.2676,0.4086,0.9084
0.7273,0.2319,0.3516,0.878
0.7273,0.2254,0.3441,0.8834
0.9091,0.2985,0.4494,0.9365
0.9545,0.236,0.3784,0.9203
0.7273,0.2286,0.3478,0.8445
0.7727,0.2237,0.3469,0.888
0.7273,0.2353,0.3556,0.901
0.8636,0.2676,0.4086,0.9478
0.9545,0.2838,0.4375,0.9607
0.6364,0.2188,0.3256,0.8356
0.7727,0.2297,0.3542,0.8778
0.8261,0.322,0.4634,0.9413
0.7273,0.2133,0.3299,0.8772
0.5909,0.2203,0.321,0.8381
0.6818,0.2083,0.3191,0.8688
0.9545,0.2692,0.42,0.9249
0.9545,0.3281,0.4884,0.9644
0.6818,0.2083,0.3191,0.8348
0.7727,0.2267,0.3505,0.8693
0.9091,0.2667,0.4124,0.9083
0.6818,0.2239,0.3371,0.8429
0.913,0.28,0.4286,0.9317
0.9091,0.25,0.3922,0.9146
0.9091,0.2817,0.4301,0.9393
0.8182,0.225,0.3529,0.8935
0.8182,0.2769,0.4138,0.918
0.8636,0.2346,0.3689,0.9041
0.6364,0.209,0.3146,0.8425
0.7273,0.2581,0.381,0.9051
0.9545,0.2692,0.42,0.9387
0.6818,0.2027,0.3125,0.8786
0.6957,0.2388,0.3556,0.8267
0.7727,0.2429,0.3696,0.8641
0.7727,0.2656,0.3953,0.8837
0.8182,0.2535,0.3871,0.929
0.8182,0.24,0.3711,0.8958
0.7727,0.2742,0.4048,0.9208
0.8182,0.2571,0.3913,0.9045
0.7727,0.2237,0.3469,0.9056
0.7273,0.2162,0.3333,0.846
0.7727,0.2152,0.3366,0.8841
0.7826,0.2687,0.4,0.8839
0.8636,0.2533,0.3918,0.934
0.9091,0.2532,0.396,0.9247
0.8636,0.2436,0.38,0.9405
0.8636,0.2794,0.4222,0.9237
0.6818,0.2308,0.3448,0.8646
0.7273,0.1905,0.3019,0.8609
0.8636,0.2533,0.3918,0.9206
0.8182,0.25,0.383,0.8921
0.9091,0.2667,0.4124,0.9324
0.8261,0.2209,0.3486,0.8998
0.8182,0.2769,0.4138,0.9276
0.8182,0.2143,0.3396,0.901
0.5455,0.1846,0.2759,0.8451
0.7273,0.2581,0.381,0.8581
0.7727,0.2615,0.3908,0.8896
0.7727,0.2464,0.3736,0.9014
0.8636,0.2568,0.3958,0.8802
0.7727,0.2267,0.3505,0.8734
0.6364,0.2188,0.3256,0.845
0.8261,0.2436,0.3762,0.9292
0.8182,0.2466,0.3789,0.8867
0.7273,0.2105,0.3265,0.8885
0.8636,0.2879,0.4318,0.9438
0.8636,0.2603,0.4,0.8864
0.9091,0.2469,0.3883,0.9305
0.7727,0.2267,0.3505,0.8882
0.9091,0.2353,0.3738,0.9342
0.9091,0.2857,0.4348,0.9526
0.8182,0.2308,0.36,0.8673
0.6522,0.2679,0.3797,0.8798
0.7273,0.2857,0.4103,0.8913
0.7727,0.2361,0.3617,0.879
0.8182,0.2169,0.3429,0.8904
0.7727,0.2208,0.3434,0.8792
0.7273,0.25,0.3721,0.8566
0.9545,0.2763,0.4286,0.944
0.7727,0.2179,0.34,0.8691
0.8182,0.24,0.3711,0.882
0.8636,0.2375,0.3725,0.9062
0.7826,0.2466,0.375,0.9037
0.7273,0.2462,0.3678,0.9062
0.8182,0.2143,0.3396,0.8865
0.8636,0.2346,0.3689,0.9431
0.7273,0.2319,0.3516,0.8814
0.7273,0.2222,0.3404,0.9071
0.9091,0.2899,0.4396,0.9325
0.8182,0.2769,0.4138,0.9069
0.7727,0.3333,0.4658,0.8965
0.7727,0.2125,0.3333,0.8986
0.913,0.2763,0.4242,0.9295
0.6364,0.2642,0.3733,0.8572
0.7273,0.2025,0.3168,0.8734
0.7727,0.2361,0.3617,0.8994
0.8636,0.2603,0.4,0.9362
0.8636,0.2289,0.3619,0.88
0.9091,0.2353,0.3738,0.9362
0.8182,0.24,0.3711,0.9154
0.6818,0.1852,0.2913,0.8766
0.8182,0.2338,0.3636,0.8755
0.8261,0.2969,0.4368,0.9145
0.7727,0.2698,0.4,0.9085
0.9091,0.2778,0.4255,0.9287
0.9091,0.25,0.3922,0.922
0.6818,0.2459,0.3614,0.8979
0.6364,0.2456,0.3544,0.8518
0.9091,0.2326,0.3704,0.927
0.7273,0.1951,0.3077,0.8916
0.7727,0.2237,0.3469,0.8755
0.9545,0.3043,0.4615,0.962
0.913,0.3,0.4516,0.9536
0.9091,0.2326,0.3704,0.949
0.6364,0.2,0.3043,0.8415
0.8182,0.2308,0.36,0.8932
0.7273,0.2623,0.3855,0.9175
0.8636,0.2676,0.4086,0.8806
0.7727,0.2329,0.3579,0.8739
0.8182,0.2535,0.3871,0.905
0.8636,0.2065,0.3333,0.8775
0.7273,0.2388,0.3596,0.9064
0.7391,0.2615,0.3864,0.8914
0.7273,0.2388,0.3596,0.878
0.7727,0.2237,0.3469,0.8788
0.7727,0.2208,0.3434,0.8944
0.6818,0.2632,0.3797,0.8754
0.8636,0.2346,0.3689,0.9141
0.8636,0.2639,0.4043,0.9268
0.7727,0.2833,0.4146,0.8985
0.9091,0.2667,0.4124,0.9191
0.7727,0.2267,0.3505,0.8831
0.7826,0.2535,0.383,0.8439
0.8182,0.2308,0.36,0.9153
0.8182,0.2045,0.3273,0.8749
0.8182,0.2278,0.3564,0.9128
0.6364,0.2295,0.3373,0.8834
0.7727,0.2394,0.3656,0.9187
0.8636,0.2533,0.3918,0.9215
0.6364,0.2059,0.3111,0.8472
0.7727,0.2537,0.382,0.9216
0.8636,0.2923,0.4368,0.9503
0.6957,0.2353,0.3516,0.9005
0.6818,0.2083,0.3191,0.8463
0.8182,0.2466,0.3789,0.9123
0.8182,0.2647,0.4,0.923
0.8182,0.2118,0.3364,0.8631
0.9091,0.241,0.381,0.9427
0.8182,0.25,0.383,0.8927
0.9091,0.2597,0.404,0.9358
0.6818,0.2143,0.3261,0.8616
0.7273,0.2162,0.3333,0.8644
0.7391,0.25,0.3736,0.8753
0.8182,0.2278,0.3564,0.8744
0.9091,0.3175,0.4706,0.948
0.7727,0.2361,0.3617,0.9037
0.7273,0.2025,0.3168,0.8815
0.7273,0.2133,0.3299,0.8503
0.9091,0.2857,0.4348,0.9412
0.7273,0.2353,0.3556,0.8838
0.7727,0.2329,0.3579,0.849
0.7273,0.2462,0.3678,0.8828
0.9565,0.2588,0.4074,0.9464
0.8636,0.2836,0.427,0.9332
0.6818,0.2174,0.3297,0.8704
0.8182,0.2647,0.4,0.8698
0.9545,0.2838,0.4375,0.9465
0.8182,0.2222,0.3495,0.8922
0.9091,0.2439,0.3846,0.8943
0.6364,0.2059,0.3111,0.8565
0.8636,0.2676,0.4086,0.9084
0.9091,0.2817,0.4301,0.9411
0.7391,0.2464,0.3696,0.8564
0.6818,0.2,0.3093,0.8617
0.8636,0.2794,0.4222,0.935
0.8182,0.2571,0.3913,0.9378
0.5455,0.1622,0.25,0.8295
0.8182,0.24,0.3711,0.8934
0.9545,0.2838,0.4375,0.951
0.8636,0.25,0.3878,0.9252
0.8636,0.2375,0.3725,0.923
0.7273,0.2353,0.3556,0.9011
0.8696,0.3077,0.4545,0.9212
0.6364,0.2258,0.3333,0.806
0.8182,0.2308,0.36,0.8822
0.7273,0.2025,0.3168,0.8563
0.9091,0.274,0.4211,0.9122
0.9091,0.2564,0.4,0.9408
0.7273,0.2051,0.32,0.8518
0.8182,0.2278,0.3564,0.8938
0.7273,0.2133,0.3299,0.8465
0.8182,0.2368,0.3673,0.9033
0.8261,0.2754,0.413,0.9073
0.7273,0.2192,0.3368,0.888
0.9091,0.2941,0.4444,0.8979
0.8182,0.25,0.383,0.9217
0.8182,0.225,0.3529,0.8843
0.8182,0.2727,0.4091,0.9312
0.8636,0.2568,0.3958,0.9386
0.7727,0.2394,0.3656,0.9045
0.6364,0.2121,0.3182,0.8326
0.7273,0.2105,0.3265,0.8937
0.8261,0.2235,0.3519,0.9218
0.9545,0.2471,0.3925,0.933
0.8636,0.2346,0.3689,0.8997
0.8182,0.3,0.439,0.8871
0.7727,0.2073,0.3269,0.8801
0.6818,0.283,0.4,0.8701
0.9545,0.3387,0.5,0.9648
0.6522,0.2273,0.3371,0.7999
0.8636,0.2209,0.3519,0.9164
0.7273,0.2424,0.3636,0.89
0.8182,0.2368,0.3673,0.9171
0.7727,0.2179,0.34,0.8956
0.6364,0.2121,0.3182,0.7979
0.8636,0.2289,0.3619,0.9201
0.8636,0.2754,0.4176,0.9214
1.0,0.2895,0.449,0.945
0.8636,0.3115,0.4578,0.9441
0.7727,0.2125,0.3333,0.8579
0.7727,0.3036,0.4359,0.894
0.9091,0.3077,0.4598,0.9592
0.9565,0.3056,0.4632,0.9275
0.8182,0.2368,0.3673,0.9209
0.7273,0.2025,0.3168,0.8699
0.7727,0.2429,0.3696,0.9046
0.8636,0.2714,0.413,0.9157
0.6364,0.1972,0.3011,0.8192
0.8636,0.2436,0.38,0.917
0.8182,0.2813,0.4186,0.8936
0.8182,0.24,0.3711,0.9072
0.6364,0.2373,0.3457,0.8834
0.6087,0.2295,0.3333,0.8635
0.5455,0.2,0.2927,0.8207
1.0,0.2529,0.4037,0.9487
0.8636,0.2135,0.3423,0.9107
0.9091,0.2899,0.4396,0.9401
0.8636,0.2375,0.3725,0.8886
0.8636,0.2468,0.3838,0.9434
0.7727,0.2361,0.3617,0.891
0.8182,0.24,0.3711,0.8816
0.7727,0.2267,0.3505,0.8539
0.7826,0.24,0.3673,0.8763
0.7273,0.2353,0.3556,0.8888
0.8182,0.2338,0.3636,0.8887
1.0,0.2857,0.4444,0.9559
0.7273,0.2581,0.381,0.8783
0.9091,0.2778,0.4255,0.9433
0.8182,0.24,0.3711,0.9299
0.7727,0.2742,0.4048,0.8849
0.8182,0.3273,0.4675,0.9398
0.7273,0.1928,0.3048,0.8348
0.8261,0.2405,0.3725,0.921
0.8182,0.2195,0.3462,0.8892
0.8182,0.2432,0.375,0.9019
0.7727,0.2237,0.3469,0.8853
0.7273,0.2051,0.32,0.8636
0.8182,0.2338,0.3636,0.9193
0.8636,0.2639,0.4043,0.9119
0.7273,0.2286,0.3478,0.8639
0.9091,0.2703,0.4167,0.9416
0.7727,0.2329,0.3579,0.8745
0.7391,0.25,0.3736,0.8732
0.8182,0.24,0.3711,0.8674
0.7727,0.2048,0.3238,0.8969
0.8182,0.2571,0.3913,0.903
0.8182,0.25,0.383,0.8879
0.8636,0.2603,0.4,0.875
0.7727,0.2537,0.382,0.9227
0.8636,0.2879,0.4318,0.9362
0.7727,0.2537,0.382,0.9048
0.9091,0.2326,0.3704,0.9419
0.8261,0.2184,0.3455,0.8808
0.8636,0.2676,0.4086,0.8899
0.7727,0.2787,0.4096,0.8902
0.6818,0.2273,0.3409,0.8566
0.8182,0.2338,0.3636,0.8906
0.8636,0.2184,0.3486,0.9125
0.8182,0.2308,0.36,0.8912
0.8636,0.2533,0.3918,0.9052
0.6364,0.2373,0.3457,0.845
0.9091,0.2469,0.3883,0.936
0.6957,0.2424,0.3596,0.8911
0.9091,0.2778,0.4255,0.9094
0.7727,0.1954,0.3119,0.8706
0.8182,0.2432,0.375,0.9102
0.8182,0.2687,0.4045,0.9077
0.7273,0.2025,0.3168,0.8855
0.7273,0.2462,0.3678,0.9097
0.7273,0.2857,0.4103,0.9019
0.7273,0.2388,0.3596,0.9113
0.8182,0.2432,0.375,0.8808
0.8696,0.241,0.3774,0.8785
0.8182,0.24,0.3711,0.8948
0.8182,0.2857,0.4235,0.9185
0.7273,0.2051,0.32,0.8513
0.9091,0.2564,0.4,0.9359
0.6818,0.2,0.3093,0.8573
0.8636,0.2754,0.4176,0.9253
0.8636,0.2533,0.3918,0.9219
0.7273,0.2462,0.3678,0.8869
0.8636,0.2639,0.4043,0.9573
0.6087,0.1892,0.2887,0.8173
0.7273,0.2424,0.3636,0.8595
0.5,0.1571,0.2391,0.8249
0.8182,0.2687,0.4045,0.9105
0.8182,0.2535,0.3871,0.9072
0.9545,0.2386,0.3818,0.9458
0.8182,0.2222,0.3495,0.9113
0.8636,0.25,0.3878,0.9335
0.8636,0.2603,0.4,0.8922
0.7273,0.2319,0.3516,0.8763
0.7826,0.2813,0.4138,0.9024
0.8636,0.2375,0.3725,0.9167
0.9091,0.2778,0.4255,0.9232
0.6818,0.2055,0.3158,0.8441
0.7727,0.25,0.3778,0.9055
0.7727,0.2329,0.3579,0.9024
0.8182,0.2368,0.3673,0.8752
0.8636,0.2568,0.3958,0.9167
0.7727,0.2698,0.4,0.9176
0.8182,0.2609,0.3956,0.9223
0.8261,0.2317,0.3619,0.8806
0.7273,0.2192,0.3368,0.9062
0.7273,0.2353,0.3556,0.8434
0.8182,0.2466,0.3789,0.922
0.6818,0.1807,0.2857,0.8587
0.9091,0.3333,0.4878,0.9287
0.7727,0.2297,0.3542,0.8724
0.8182,0.1935,0.313,0.8747
0.7727,0.2787,0.4096,0.9084
0.8636,0.2639,0.4043,0.9462
0.7826,0.2769,0.4091,0.9258
0.9091,0.3175,0.4706,0.913
0.8182,0.2278,0.3564,0.8964
0.7273,0.2254,0.3441,0.8859
0.8182,0.1978,0.3186,0.8618
0.8636,0.2754,0.4176,0.908
0.7273,0.2319,0.3516,0.8814
0.7273,0.2623,0.3855,0.9035
0.7727,0.2576,0.3864,0.8658
0.7273,0.2286,0.3478,0.8905
0.8696,0.2597,0.4,0.9122
0.7727,0.2099,0.3301,0.8659
0.7727,0.2297,0.3542,0.9073
0.7727,0.2208,0.3434,0.8636
0.9091,0.2667,0.4124,0.9165
0.9091,0.2899,0.4396,0.9388
0.9091,0.2597,0.404,0.9604
0.7273,0.25,0.3721,0.8822
0.8182,0.2609,0.3956,0.8862
0.8636,0.2639,0.4043,0.8945
0.7826,0.2432,0.3711,0.8908
0.8636,0.2568,0.3958,0.91
0.7273,0.2286,0.3478,0.9042
0.5909,0.1688,0.2626,0.8153
0.9091,0.2469,0.3883,0.938
0.9091,0.2326,0.3704,0.9008
0.8636,0.2468,0.3838,0.9375
0.8182,0.2169,0.3429,0.9018
0.8636,0.2836,0.427,0.931
0.5909,0.1757,0.2708,0.8317
0.8696,0.2667,0.4082,0.9292
0.8636,0.2836,0.427,0.9453
0.7273,0.2857,0.4103,0.877
0.8636,0.25,0.3878,0.9383
0.8182,0.2278,0.3564,0.8591
0.6818,0.2239,0.3371,0.8859
0.7727,0.2698,0.4,0.9241
0.8636,0.2714,0.413,0.925
0.8182,0.2813,0.4186,0.9176
0.9091,0.2597,0.404,0.933
0.6957,0.2192,0.3333,0.8729
0.8182,0.2069,0.3303,0.8855
0.6364,0.2029,0.3077,0.8263
0.9091,0.2667,0.4124,0.9464
0.8182,0.2535,0.3871,0.9088
0.8182,0.25,0.383,0.8971
0.7273,0.2222,0.3404,0.8675
0.8636,0.2436,0.38,0.9257
0.7727,0.2267,0.3505,0.8832
0.8182,0.2308,0.36,0.9024
0.6522,0.2083,0.3158,0.8547
0.8182,0.225,0.3529,0.8769
0.8182,0.2609,0.3956,0.894
0.7727,0.2429,0.3696,0.9042
0.8636,0.2754,0.4176,0.9321
0.8182,0.2432,0.375,0.9171
0.8182,0.2609,0.3956,0.8794
0.8636,0.2603,0.4,0.8981
0.7273,0.2162,0.3333,0.8278
0.7273,0.2105,0.3265,0.8817
0.8261,0.2714,0.4086,0.9137
0.8182,0.2466,0.3789,0.9247
0.9545,0.253,0.4,0.9548
0.5909,0.1884,0.2857,0.8446
0.7727,0.2576,0.3864,0.8985
0.7273,0.2286,0.3478,0.8892
0.9545,0.3088,0.4667,0.95
0.6087,0.2154,0.3182,0.8467
0.8182,0.25,0.383,0.9305
0.7273,0.2105,0.3265,0.8799
0.7727,0.2329,0.3579,0.9069
0.9091,0.2703,0.4167,0.9423
0.7273,0.1951,0.3077,0.8576
0.9091,0.25,0.3922,0.9343
0.8182,0.2535,0.3871,0.925
0.8182,0.2813,0.4186,0.8622
0.6818,0.1974,0.3061,0.8626
0.6364,0.2373,0.3457,0.8392
0.8182,0.2535,0.3871,0.8924
0.8636,0.2533,0.3918,0.9303
0.913,0.2442,0.3853,0.9508
0.6818,0.2055,0.3158,0.8486
0.9091,0.2564,0.4,0.9198
0.8182,0.2278,0.3564,0.8966
0.7273,0.2222,0.3404,0.8672
0.9091,0.2778,0.4255,0.9302
0.8182,0.2535,0.3871,0.8959
0.7273,0.2353,0.3556,0.8703
0.8182,0.2687,0.4045,0.9236
0.8182,0.3051,0.4444,0.9168
0.8696,0.2703,0.4124,0.9367
0.8636,0.2639,0.4043,0.924
0.7727,0.2,0.3178,0.8888
0.6818,0.2055,0.3158,0.8878
0.9091,0.2273,0.3636,0.9175
0.7727,0.2429,0.3696,0.8402
0.6364,0.1842,0.2857,0.86
0.7727,0.2125,0.3333,0.8792
0.8182,0.2813,0.4186,0.8842
0.8182,0.2647,0.4,0.9025
0.8696,0.2632,0.404,0.9057
0.7727,0.3036,0.4359,0.897
0.7727,0.2267,0.3505,0.9054
0.8636,0.2468,0.3838,0.9054
0.9545,0.2763,0.4286,0.946
0.7727,0.2237,0.3469,0.8936
0.7727,0.2464,0.3736,0.8889
0.8636,0.2794,0.4222,0.9239
0.7273,0.2623,0.3855,0.9023
0.8636,0.25,0.3878,0.9156
0.8261,0.2603,0.3958,0.8663
0.7727,0.2698,0.4,0.8791
0.6818,0.1765,0.2804,0.8473
0.6818,0.2083,0.3191,0.8737
0.8182,0.2368,0.3673,0.931
0.7727,0.2537,0.382,0.9036
0.9091,0.2439,0.3846,0.9275
0.6364,0.2,0.3043,0.8421
0.8182,0.25,0.383,0.9028
0.9091,0.25,0.3922,0.9107
0.8261,0.2262,0.3551,0.9031
0.5455,0.24,0.3333,0.8387
0.8182,0.225,0.3529,0.8543
0.9091,0.2667,0.4124,0.918
0.8182,0.2609,0.3956,0.9114
0.7727,0.2429,0.3696,0.9049
0.7273,0.2712,0.3951,0.9218
0.9091,0.2222,0.3571,0.9214
0.7273,0.2909,0.4156,0.9252
0.7727,0.1977,0.3148,0.8798
0.7391,0.2024,0.3178,0.8725
0.8182,0.2857,0.4235,0.9166
0.9091,0.339,0.4938,0.9227
0.7727,0.2208,0.3434,0.852
0.9091,0.2564,0.4,0.9332
0.5909,0.2364,0.3377,0.8525
0.9091,0.2941,0.4444,0.9294
0.5909,0.1912,0.2889,0.8299
0.7727,0.2742,0.4048,0.906
0.8636,0.2436,0.38,0.8854
0.7391,0.2394,0.3617,0.8812
0.7273,0.2353,0.3556,0.8914
0.7727,0.2237,0.3469,0.8899
0.8182,0.25,0.383,0.8952
0.8636,0.2468,0.3838,0.9324
0.9091,0.2597,0.404,0.9474
0.8182,0.24,0.3711,0.9194
0.8636,0.2533,0.3918,0.8713
0.9091,0.2469,0.3883,0.9354
0.8182,0.2571,0.3913,0.8872
0.8261,0.3167,0.4578,0.8947
0.9545,0.2414,0.3853,0.9463
0.7727,0.2787,0.4096,0.9357
0.6364,0.2029,0.3077,0.8279
0.9091,0.2941,0.4444,0.9362
0.8636,0.2235,0.3551,0.9297
0.6364,0.2029,0.3077,0.8485
0.7273,0.2667,0.3902,0.902
0.8182,0.2769,0.4138,0.8979
0.7727,0.2361,0.3617,0.8983
0.8261,0.2603,0.3958,0.9091
0.8182,0.24,0.3711,0.9103
0.8182,0.2093,0.3333,0.8775
0.9091,0.2273,0.3636,0.896
0.8636,0.2923,0.4368,0.9009
0.8636,0.2375,0.3725,0.937
0.7273,0.2254,0.3441,0.8515
0.9091,0.2564,0.4,0.9102
0.7727,0.2787,0.4096,0.9107
0.8636,0.2568,0.3958,0.9226
0.6957,0.2424,0.3596,0.9063
0.8182,0.2338,0.3636,0.9228
0.6818,0.2308,0.3448,0.8448
0.7727,0.2024,0.3208,0.9166
0.8182,0.2368,0.3673,0.9019
0.7273,0.2424,0.3636,0.8932
0.6364,0.2059,0.3111,0.8429
0.7727,0.2361,0.3617,0.9239
0.7273,0.2388,0.3596,0.8918
0.8636,0.2969,0.4419,0.9199
0.8696,0.2985,0.4444,0.9091
0.8636,0.2346,0.3689,0.9025
0.7727,0.2787,0.4096,0.8784
0.9091,0.2985,0.4494,0.9445
0.8636,0.2289,0.3619,0.9287
0.6818,0.1923,0.3,0.8329
0.6364,0.2059,0.3111,0.8204
0.7727,0.2,0.3178,0.8761
0.8636,0.2209,0.3519,0.8834
0.7273,0.2133,0.3299,0.8988
0.8696,0.3226,0.4706,0.9318
0.9545,0.2692,0.42,0.9602
0.7727,0.2394,0.3656,0.8764
0.8182,0.2769,0.4138,0.9333
0.7727,0.25,0.3778,0.923
0.6364,0.2333,0.3415,0.837
0.8182,0.2432,0.375,0.9073
0.7727,0.25,0.3778,0.9008
0.8182,0.2278,0.3564,0.9049
0.7727,0.2048,0.3238,0.8916
0.913,0.2763,0.4242,0.9186
0.7727,0.2576,0.3864,0.8824
0.7727,0.2361,0.3617,0.9094
0.7273,0.2581,0.381,0.8774
0.8182,0.2609,0.3956,0.9251
0.8636,0.2346,0.3689,0.8743
0.8636,0.2879,0.4318,0.8989
0.6364,0.1972,0.3011,0.8487
0.7727,0.2267,0.3505,0.8937
0.9091,0.2353,0.3738,0.9193
0.8696,0.2817,0.4255,0.9297
0.8636,0.2754,0.4176,0.9332
0.6818,0.2344,0.3488,0.8491
0.7273,0.2319,0.3516,0.8764
0.7727,0.2208,0.3434,0.869
0.8636,0.2794,0.4222,0.9141
0.7727,0.2537,0.382,0.923
0.7727,0.2464,0.3736,0.9009
0.9545,0.28,0.433,0.9278
0.8182,0.25,0.383,0.9134
0.7826,0.2368,0.3636,0.8801
0.9091,0.2778,0.4255,0.9083
0.7727,0.2537,0.382,0.8709
0.9545,0.25,0.3962,0.9596
0.8636,0.2923,0.4368,0.9003
0.8182,0.2338,0.3636,0.8959
0.7727,0.25,0.3778,0.8672
0.9091,0.2667,0.4124,0.92
0.8182,0.2278,0.3564,0.8821
0.7273,0.2222,0.3404,0.899
0.7826,0.2571,0.3871,0.8811
0.7273,0.2462,0.3678,0.8856
0.8182,0.2687,0.4045,0.893
0.8636,0.2568,0.3958,0.9195
0.7727,0.2152,0.3366,0.8937
0.7727,0.2267,0.3505,0.8646
0.8182,0.2535,0.3871,0.9188
0.9545,0.2561,0.4038,0.9573
0.7273,0.25,0.3721,0.8695
0.7273,0.2712,0.3951,0.8495
0.8261,0.2159,0.3423,0.8951
0.7727,0.2464,0.3736,0.8934
0.6364,0.2121,0.3182,0.8999
0.7727,0.2297,0.3542,0.8975
0.9091,0.25,0.3922,0.9362
0.7273,0.2162,0.3333,0.8044
0.7727,0.2429,0.3696,0.9353
0.8636,0.2568,0.3958,0.9331
0.7727,0.2152,0.3366,0.8779
0.7727,0.2297,0.3542,0.8678
0.8261,0.2405,0.3725,0.8572
0.7727,0.2237,0.3469,0.8876
0.8636,0.2969,0.4419,0.9239
0.9091,0.274,0.4211,0.9449
0.7273,0.254,0.3765,0.8801
0.6818,0.2239,0.3371,0.8648
0.7727,0.2615,0.3908,0.9123
0.9091,0.2632,0.4082,0.9263
0.7727,0.2267,0.3505,0.8159
0.7727,0.2698,0.4,0.8957
0.7826,0.2338,0.36,0.9046
0.5909,0.2167,0.3171,0.8556
0.8636,0.2568,0.3958,0.9186
0.7727,0.2931,0.425,0.9088
0.8182,0.2338,0.3636,0.9342
0.7727,0.2576,0.3864,0.8928
0.7273,0.2581,0.381,0.9079
0.7727,0.2394,0.3656,0.8772
0.8182,0.3,0.439,0.9171
0.9545,0.2471,0.3925,0.9473
0.7391,0.2329,0.3542,0.8607
0.8636,0.2533,0.3918,0.9057
0.7727,0.2881,0.4198,0.906
0.6364,0.1818,0.2828,0.8386
0.8182,0.24,0.3711,0.908
0.8636,0.2714,0.413,0.9252
0.8182,0.2222,0.3495,0.8956
0.8182,0.2535,0.3871,0.9083
0.7727,0.2656,0.3953,0.8463
0.7727,0.2208,0.3434,0.8882
0.6522,0.2206,0.3297,0.8573
0.7727,0.2698,0.4,0.8927
0.8182,0.2195,0.3462,0.9048
0.8182,0.2609,0.3956,0.9346
0.9091,0.2778,0.4255,0.9395
0.8182,0.2769,0.4138,0.8956
0.9545,0.2471,0.3925,0.9284
0.8636,0.2533,0.3918,0.9194
0.7273,0.254,0.3765,0.8678
0.9545,0.25,0.3962,0.9346
0.8261,0.2794,0.4176,0.9228
0.7273,0.2424,0.3636,0.8857
0.7273,0.2424,0.3636,0.8528
0.7273,0.2667,0.3902,0.8975
0.7727,0.2297,0.3542,0.8791
0.7727,0.25,0.3778,0.8989
0.9545,0.25,0.3962,0.9248
0.7273,0.2254,0.3441,0.8455
0.9545,0.3,0.4565,0.9727
0.8636,0.2346,0.3689,0.9367
0.8696,0.2985,0.4444,0.9145
0.8182,0.2951,0.4337,0.8854
0.7727,0.2297,0.3542,0.8509
0.7727,0.2464,0.3736,0.8881
0.7727,0.2152,0.3366,0.8979
0.6364,0.1944,0.2979,0.8634
0.7727,0.2464,0.3736,0.9077
0.7391,0.2099,0.3269,0.848
0.9091,0.2564,0.4,0.9266
0.8636,0.2436,0.38,0.9201
0.9091,0.2778,0.4255,0.922
0.8182,0.2609,0.3956,0.9131
0.8182,0.25,0.383,0.8726
0.7727,0.2429,0.3696,0.8648
0.5455,0.2,0.2927,0.8526
0.9091,0.2941,0.4444,0.9547
0.6818,0.2083,0.3191,0.8697
0.7727,0.1977,0.3148,0.8432
0.7727,0.2537,0.382,0.8742
0.8182,0.2368,0.3673,0.8908
0.8261,0.2639,0.4,0.9336
0.9091,0.25,0.3922,0.935
0.8182,0.2338,0.3636,0.898
0.5909,0.2364,0.3377,0.8233
0.9545,0.2593,0.4078,0.9136
0.7727,0.2464,0.3736,0.9002
0.7273,0.2162,0.3333,0.8824
0.7727,0.25,0.3778,0.8936
0.7273,0.2254,0.3441,0.8844
0.7727,0.2787,0.4096,0.9183
0.7826,0.2222,0.3462,0.8538
0.9091,0.2532,0.396,0.9335
0.9091,0.2778,0.4255,0.9361
0.7727,0.3148,0.4474,0.9049
0.6364,0.1867,0.2887,0.8438
0.8182,0.2432,0.375,0.9263
0.7727,0.2361,0.3617,0.8801
0.7273,0.1684,0.2735,0.851
0.9091,0.3175,0.4706,0.9521
0.7273,0.2133,0.3299,0.8849
0.8696,0.3125,0.4598,0.9354
0.7727,0.2297,0.3542,0.8826
0.9545,0.2877,0.4421,0.9169
0.6818,0.25,0.3659,0.8355
0.7727,0.3091,0.4416,0.8935
0.9545,0.2471,0.3925,0.9526
0.7273,0.2388,0.3596,0.8666
0.7273,0.2254,0.3441,0.8968
0.8636,0.2289,0.3619,0.9259
0.9545,0.2958,0.4516,0.9568
0.8261,0.25,0.3838,0.9196
0.7273,0.2222,0.3404,0.8487
0.7273,0.25,0.3721,0.8805
0.6364,0.1818,0.2828,0.815
0.8182,0.2466,0.3789,0.8904
0.8636,0.2969,0.4419,0.939
0.8636,0.2533,0.3918,0.9269
0.7727,0.25,0.3778,0.895
0.9091,0.2105,0.3419,0.8525
0.8636,0.25,0.3878,0.9301
0.8261,0.3016,0.4419,0.8834
0.8182,0.2727,0.4091,0.9216
0.8182,0.25,0.383,0.8736
0.8636,0.2714,0.413,0.9227
0.8636,0.2923,0.4368,0.9423
0.7273,0.2025,0.3168,0.8851
0.6818,0.1899,0.297,0.8647
0.8182,0.2432,0.375,0.9211
0.7727,0.2361,0.3617,0.886
0.7727,0.2267,0.3505,0.9224
0.7826,0.2647,0.3956,0.9168
0.6364,0.1972,0.3011,0.8634
0.7727,0.2267,0.3505,0.8869
0.7273,0.1839,0.2936,0.8278
0.7727,0.2537,0.382,0.8924
0.8182,0.2535,0.3871,0.8981
0.9091,0.2941,0.4444,0.903
0.8696,0.2817,0.4255,0.9336
0.7727,0.2208,0.3434,0.9025
0.8182,0.2687,0.4045,0.8626
0.8182,0.225,0.3529,0.9052
0.8636,0.2405,0.3762,0.8827
0.8636,0.2836,0.427,0.9149
0.9091,0.2564,0.4,0.934
0.6818,0.2586,0.375,0.8671
0.7727,0.2237,0.3469,0.8749
0.7727,0.25,0.3778,0.9057
0.8636,0.2159,0.3455,0.9102
0.7727,0.3091,0.4416,0.9076
0.9091,0.25,0.3922,0.9342
0.7391,0.2152,0.3333,0.8077
0.7273,0.2353,0.3556,0.8836
0.7727,0.3148,0.4474,0.907
0.8636,0.2754,0.4176,0.9163
0.8182,0.2022,0.3243,0.8779
0.9091,0.2703,0.4167,0.8979
0.7273,0.1818,0.2909,0.8831
0.7391,0.2361,0.3579,0.901
0.6818,0.2239,0.3371,0.8454
0.9091,0.2597,0.404,0.9311
0.8182,0.2432,0.375,0.9033
0.8182,0.225,0.3529,0.8994
0.8182,0.2769,0.4138,0.9098
0.6818,0.2273,0.3409,0.8858
0.8636,0.2676,0.4086,0.9247
0.7727,0.2361,0.3617,0.884
0.8636,0.2603,0.4,0.9239
0.8696,0.2632,0.404,0.9186
0.7727,0.2329,0.3579,0.8891
0.8636,0.2794,0.4222,0.8931
0.9545,0.2838,0.4375,0.9439
0.8182,0.2466,0.3789,0.9196
0.6818,0.2459,0.3614,0.8709
0.8636,0.2639,0.4043,0.9007
0.6364,0.2154,0.3218,0.8532
0.7727,0.25,0.3778,0.8753
0.7727,0.25,0.3778,0.8695
0.7727,0.2208,0.3434,0.8387
0.6818,0.2727,0.3896,0.8789
0.7727,0.2576,0.3864,0.9233
0.7826,0.2368,0.3636,0.8901
0.8182,0.2169,0.3429,0.925
0.8182,0.2143,0.3396,0.902
0.5455,0.1791,0.2697,0.8355
0.8636,0.2568,0.3958,0.9072
0.9091,0.2597,0.404,0.9437
0.8636,0.2923,0.4368,0.9236
0.7727,0.2099,0.3301,0.9039
0.7727,0.2237,0.3469,0.8706
0.5455,0.1875,0.2791,0.817
0.9565,0.234,0.3761,0.9298
0.9545,0.2917,0.4468,0.9523
0.8182,0.2338,0.3636,0.8801
0.6818,0.2273,0.3409,0.9034
0.6818,0.2419,0.3571,0.8218
0.9091,0.3333,0.4878,0.94
0.8182,0.2432,0.375,0.9191
0.8182,0.2571,0.3913,0.8807
0.8182,0.2093,0.3333,0.9161
0.8636,0.2533,0.3918,0.9131
0.8261,0.2639,0.4,0.8919
0.7727,0.25,0.3778,0.894
0.7727,0.2237,0.3469,0.8473
0.6818,0.2381,0.3529,0.8572
0.6818,0.2381,0.3529,0.9014
0.8636,0.2436,0.38,0.9173
0.8636,0.2533,0.3918,0.9147
0.7727,0.2361,0.3617,0.918
0.8182,0.2338,0.3636,0.9082
0.7273,0.2051,0.32,0.8537
0.7826,0.2466,0.375,0.8798
0.8636,0.2603,0.4,0.939
0.9545,0.2763,0.4286,0.9451
0.6818,0.2027,0.3125,0.8338
0.8636,0.3016,0.4471,0.9109
0.5909,0.2031,0.3023,0.8425
0.9091,0.2353,0.3738,0.9564
0.8636,0.2639,0.4043,0.9263
0.8636,0.25,0.3878,0.9305
0.7727,0.2537,0.382,0.9049
0.8696,0.2703,0.4124,0.9266
0.8636,0.2436,0.38,0.9039
0.7273,0.2667,0.3902,0.9145
0.7727,0.2698,0.4,0.8983
0.7727,0.2615,0.3908,0.8342
0.8636,0.2375,0.3725,0.9322
0.7727,0.1683,0.2764,0.854
0.8182,0.2687,0.4045,0.8963
0.6364,0.2029,0.3077,0.857
0.8182,0.1978,0.3186,0.8836
0.8261,0.2714,0.4086,0.8926
0.8182,0.24,0.3711,0.8891
0.7727,0.2656,0.3953,0.9027
0.8636,0.2603,0.4,0.8929
0.8182,0.2308,0.36,0.9092
0.8636,0.2568,0.3958,0.9346
0.8182,0.2222,0.3495,0.9046
0.8182,0.3051,0.4444,0.8989
0.7273,0.2078,0.3232,0.86
0.9091,0.2151,0.3478,0.9257
0.913,0.2442,0.3853,0.896
0.9091,0.2469,0.3883,0.9384
0.7273,0.2133,0.3299,0.8649
0.7727,0.2787,0.4096,0.921
0.9091,0.25,0.3922,0.9007
0.6364,0.2593,0.3684,0.8605
0.8636,0.25,0.3878,0.9211
0.7273,0.2192,0.3368,0.8345
0.7727,0.2152,0.3366,0.8788
0.7727,0.2267,0.3505,0.9123
0.6957,0.2,0.3107,0.8739
0.7727,0.2615,0.3908,0.9043
0.8182,0.2222,0.3495,0.9017
0.8636,0.2603,0.4,0.9228
0.8182,0.2647,0.4,0.9025
0.8636,0.2754,0.4176,0.9022
0.8636,0.2923,0.4368,0.8975
0.7727,0.2429,0.3696,0.8728
0.8636,0.2209,0.3519,0.8975
0.9091,0.2857,0.4348,0.935
0.8261,0.2714,0.4086,0.9409
0.7727,0.2208,0.3434,0.9004
0.7273,0.2759,0.4,0.9037
0.8182,0.2222,0.3495,0.8956
0.7727,0.2698,0.4,0.913
0.7727,0.2073,0.3269,0.8682
0.7727,0.2698,0.4,0.8776
0.7727,0.2125,0.3333,0.8743
0.8182,0.2308,0.36,0.9115
0.7273,0.2623,0.3855,0.8988
0.7391,0.2394,0.3617,0.8719
0.8636,0.2714,0.413,0.8884
0.8182,0.2813,0.4186,0.928
0.9091,0.2703,0.4167,0.9361
0.8182,0.2093,0.3333,0.9006
0.7727,0.2329,0.3579,0.8849
0.7273,0.2424,0.3636,0.8914
0.9545,0.2471,0.3925,0.9362
0.6818,0.2027,0.3125,0.8632
0.9091,0.2632,0.4082,0.9493
0.8696,0.2985,0.4444,0.9156
0.8636,0.2603,0.4,0.9121
0.8636,0.2346,0.3689,0.9205
0.7727,0.2537,0.382,0.8722
0.8636,0.2533,0.3918,0.9066
0.6364,0.209,0.3146,0.8601
0.6818,0.2586,0.375,0.8654
0.8182,0.2647,0.4,0.9324
0.8636,0.2159,0.3455,0.9169
0.9091,0.2299,0.367,0.9397
0.7826,0.2769,0.4091,0.8832
0.6818,0.2239,0.3371,0.8861
0.6818,0.2419,0.3571,0.8482
0.9091,0.2857,0.4348,0.9356
0.8636,0.2879,0.4318,0.9415
0.8182,0.225,0.3529,0.8824
0.6818,0.2308,0.3448,0.8515
0.7273,0.2133,0.3299,0.8916
0.8182,0.24,0.3711,0.8559
0.7727,0.2982,0.4304,0.9017
0.913,0.2414,0.3818,0.9287
0.7727,0.2361,0.3617,0.9019
0.7727,0.2429,0.3696,0.8805
0.6818,0.2344,0.3488,0.8904
0.8182,0.25,0.383,0.9274
0.7273,0.2133,0.3299,0.8539
0.8636,0.2714,0.413,0.927
0.7727,0.2179,0.34,0.8825
0.8636,0.2262,0.3585,0.9091
0.6818,0.2083,0.3191,0.8528
0.7826,0.2727,0.4045,0.8823
0.8182,0.2278,0.3564,0.8773
0.8182,0.2727,0.4091,0.9301
0.8636,0.2603,0.4,0.9429
0.7273,0.2286,0.3478,0.8922
0.7727,0.2615,0.3908,0.8812
0.7727,0.2429,0.3696,0.9067
0.7727,0.2787,0.4096,0.8978
0.9091,0.274,0.4211,0.9298
0.6818,0.2273,0.3409,0.8797
0.7826,0.2278,0.3529,0.9026
0.8636,0.2436,0.38,0.8887
0.7727,0.2615,0.3908,0.8794
0.7727,0.2537,0.382,0.8814
0.8636,0.2714,0.413,0.9387
0.8182,0.225,0.3529,0.8994
0.6818,0.1786,0.283,0.8388
0.8182,0.2687,0.4045,0.9166
0.7727,0.2208,0.3434,0.9001
0.7273,0.2286,0.3478,0.8943
0.8261,0.2317,0.3619,0.8936
0.8182,0.2813,0.4186,0.9418
0.6818,0.25,0.3659,0.8311
0.8182,0.2687,0.4045,0.885
0.8182,0.25,0.383,0.8804
0.8636,0.2436,0.38,0.9106
0.7727,0.25,0.3778,0.9112
0.8182,0.2951,0.4337,0.9132
0.8182,0.2195,0.3462,0.9072
0.8182,0.225,0.3529,0.9058
0.6087,0.2154,0.3182,0.8115
0.7727,0.2464,0.3736,0.8841
0.7273,0.2222,0.3404,0.8929
0.9091,0.2703,0.4167,0.947
0.7273,0.1951,0.3077,0.838
0.8182,0.2535,0.3871,0.9201
0.9545,0.2958,0.4516,0.9454
