RUSBag
0.9639,0.7692,0.8556,0.9824
0.9639,0.8511,0.904,0.9841
0.9286,0.8041,0.8619,0.9839
0.8929,0.7732,0.8287,0.9662
0.9518,0.8587,0.9029,0.9838
0.9398,0.7222,0.8168,0.9652
0.9639,0.7921,0.8696,0.9833
0.9518,0.7745,0.8541,0.9812
0.988,0.82,0.8962,0.9861
0.9759,0.8526,0.9101,0.9907
0.9277,0.8556,0.8902,0.9891
0.9157,0.8,0.8539,0.9757
0.9643,0.7297,0.8308,0.9801
0.9405,0.7745,0.8495,0.9676
0.9157,0.8444,0.8786,0.9816
0.9639,0.8247,0.8889,0.9827
0.9759,0.75,0.8482,0.9833
0.9518,0.7524,0.8404,0.9684
0.9518,0.798,0.8681,0.9748
0.9398,0.7959,0.8619,0.9896
0.9277,0.7264,0.8148,0.9714
0.9759,0.7431,0.8438,0.9907
0.9524,0.8247,0.884,0.9787
0.9167,0.8105,0.8603,0.9766
0.9518,0.8316,0.8876,0.9874
0.9639,0.7921,0.8696,0.9826
0.9639,0.7692,0.8556,0.977
0.9639,0.8081,0.8791,0.989
0.8916,0.7789,0.8315,0.9776
0.9036,0.8333,0.8671,0.9753
0.9277,0.8105,0.8652,0.9845
0.9157,0.7525,0.8261,0.9753
0.9286,0.8667,0.8966,0.9737
0.9167,0.7938,0.8508,0.9844
0.9277,0.7333,0.8191,0.9637
0.9759,0.7431,0.8438,0.9844
0.9759,0.81,0.8852,0.9886
0.9157,0.8444,0.8786,0.9781
0.9759,0.7431,0.8438,0.9827
0.9518,0.8229,0.8827,0.9862
0.9762,0.7664,0.8586,0.9795
0.9405,0.8229,0.8778,0.9809
0.9639,0.7843,0.8649,0.9842
0.9639,0.7843,0.8649,0.9635
0.9398,0.8571,0.8966,0.9909
0.9518,0.8404,0.8927,0.9883
0.9518,0.8061,0.8729,0.9773
0.9398,0.8298,0.8814,0.9813
0.9518,0.7822,0.8587,0.9894
0.8916,0.7551,0.8177,0.9742
0.8929,0.7813,0.8333,0.9763
0.9762,0.7736,0.8632,0.9864
0.9759,0.757,0.8526,0.9793
0.9398,0.8298,0.8814,0.9854
0.8916,0.6852,0.7749,0.9609
0.9157,0.8,0.8539,0.9647
0.9639,0.7407,0.8377,0.973
1.0,0.83,0.9071,0.9944
0.9639,0.8333,0.8939,0.986
0.9157,0.8736,0.8941,0.9817
0.9157,0.7677,0.8352,0.9696
0.9759,0.81,0.8852,0.9889
0.9048,0.8539,0.8786,0.9594
0.9286,0.7429,0.8254,0.9565
0.8916,0.7551,0.8177,0.9759
0.9277,0.7938,0.8556,0.9867
0.9639,0.7692,0.8556,0.9901
0.988,0.8039,0.8865,0.9956
0.9518,0.8316,0.8876,0.9814
0.9398,0.8041,0.8667,0.9861
0.9643,0.757,0.8482,0.9894
0.9167,0.7549,0.828,0.9489
0.9157,0.8172,0.8636,0.9779
0.9157,0.7917,0.8492,0.9662
0.9398,0.78,0.8525,0.9841
0.9157,0.8172,0.8636,0.9796
0.9759,0.802,0.8804,0.9856
0.9759,0.8265,0.895,0.9922
1.0,0.8058,0.8925,0.9909
0.9157,0.7525,0.8261,0.9785
0.9405,0.7822,0.8541,0.9777
0.9524,0.7692,0.8511,0.9862
0.9639,0.7207,0.8247,0.978
0.9398,0.8571,0.8966,0.9766
0.8795,0.7684,0.8202,0.9637
0.9639,0.8081,0.8791,0.9833
0.8554,0.7717,0.8114,0.9652
0.9518,0.8061,0.8729,0.9822
0.9518,0.8229,0.8827,0.9877
0.9759,0.8351,0.9,0.9901
0.9277,0.7938,0.8556,0.9797
0.9759,0.7642,0.8571,0.9815
0.9405,0.8681,0.9029,0.9858
0.9524,0.8081,0.8743,0.9845
0.9759,0.8182,0.8901,0.9861
0.9277,0.7857,0.8508,0.9767
0.9398,0.7959,0.8619,0.9812
0.9398,0.7959,0.8619,0.9795
0.8916,0.8315,0.8605,0.9779
0.9277,0.8105,0.8652,0.9656
0.9881,0.8557,0.9171,0.9868
0.9762,0.7736,0.8632,0.9921
0.9277,0.7549,0.8324,0.9696
0.988,0.8723,0.9266,0.989
0.9759,0.8182,0.8901,0.988
0.9036,0.8152,0.8571,0.9737
0.8916,0.8315,0.8605,0.969
0.9759,0.7642,0.8571,0.9822
0.9277,0.8105,0.8652,0.9763
0.9518,0.8587,0.9029,0.9841
0.9048,0.7755,0.8352,0.9762
0.9524,0.7843,0.8602,0.9873
0.9518,0.798,0.8681,0.9808
0.9518,0.767,0.8495,0.9863
0.9639,0.8247,0.8889,0.9858
0.9398,0.8298,0.8814,0.982
0.9518,0.8229,0.8827,0.988
0.9157,0.8,0.8539,0.9731
0.9157,0.8085,0.8588,0.9703
0.9398,0.7879,0.8571,0.9699
0.9762,0.7885,0.8723,0.9898
0.9881,0.8384,0.9071,0.9952
0.9398,0.7723,0.8478,0.9735
0.9277,0.8021,0.8603,0.97
0.9157,0.7379,0.8172,0.9767
0.9277,0.8953,0.9112,0.9792
0.9157,0.7677,0.8352,0.9657
0.9398,0.8041,0.8667,0.9808
0.9277,0.7549,0.8324,0.9782
0.9639,0.7619,0.8511,0.9897
0.9759,0.8182,0.8901,0.9807
0.9398,0.8211,0.8764,0.9803
0.9524,0.7767,0.8556,0.9812
0.9881,0.8384,0.9071,0.9882
0.9157,0.8085,0.8588,0.9761
0.9639,0.708,0.8163,0.9841
0.9518,0.79,0.8634,0.9758
0.9759,0.8182,0.8901,0.989
0.8795,0.8202,0.8488,0.9709
0.9759,0.81,0.8852,0.9797
0.9167,0.7938,0.8508,0.9669
0.9643,0.8265,0.8901,0.9841
0.9157,0.7677,0.8352,0.9701
0.9759,0.7864,0.871,0.9924
0.9157,0.8539,0.8837,0.9778
0.9639,0.8,0.8743,0.9856
0.9157,0.8,0.8539,0.9694
0.9639,0.8511,0.904,0.991
0.9639,0.7921,0.8696,0.9892
0.9759,0.7941,0.8757,0.9826
0.9277,0.77,0.8415,0.9838
0.9398,0.8298,0.8814,0.9821
0.9643,0.802,0.8757,0.9789
0.9286,0.75,0.8298,0.983
0.9639,0.8421,0.8989,0.9866
0.8675,0.7579,0.809,0.9606
0.9157,0.7677,0.8352,0.9839
0.9518,0.8681,0.908,0.9838
0.9639,0.7767,0.8602,0.9755
0.9759,0.7788,0.8663,0.9841
0.9398,0.7429,0.8298,0.9735
0.9398,0.7429,0.8298,0.9831
0.9762,0.8039,0.8817,0.986
0.9167,0.7938,0.8508,0.9788
0.9277,0.7333,0.8191,0.9729
0.9639,0.8247,0.8889,0.9801
0.9277,0.8105,0.8652,0.9786
0.9639,0.7692,0.8556,0.9813
0.9036,0.8929,0.8982,0.988
0.9277,0.7778,0.8462,0.9815
0.8929,0.7813,0.8333,0.9738
0.9167,0.8191,0.8652,0.9775
0.9518,0.79,0.8634,0.984
0.9759,0.81,0.8852,0.9872
0.9518,0.798,0.8681,0.9847
0.8916,0.7957,0.8409,0.9696
0.9398,0.8125,0.8715,0.984
0.9759,0.7642,0.8571,0.9835
0.9398,0.7647,0.8432,0.9666
0.9759,0.8351,0.9,0.9827
0.9157,0.8837,0.8994,0.9825
0.9277,0.7476,0.828,0.9757
0.881,0.7957,0.8362,0.9807
0.9643,0.7788,0.8617,0.9818
0.9398,0.78,0.8525,0.9668
0.8916,0.8043,0.8457,0.9736
0.9759,0.802,0.8804,0.9874
0.9518,0.79,0.8634,0.9762
0.9518,0.8316,0.8876,0.9835
0.9518,0.7822,0.8587,0.9843
0.9759,0.7864,0.871,0.9924
0.9157,0.7677,0.8352,0.9717
0.9286,0.7647,0.8387,0.9749
0.9286,0.7959,0.8571,0.9804
0.9518,0.7315,0.8272,0.9831
0.9518,0.8316,0.8876,0.9773
0.9759,0.8351,0.9,0.9838
0.9277,0.7196,0.8105,0.9726
0.988,0.8632,0.9213,0.995
0.9036,0.8333,0.8671,0.9822
0.9398,0.7959,0.8619,0.9801
0.9639,0.7407,0.8377,0.9837
0.9524,0.7547,0.8421,0.9813
0.9405,0.8229,0.8778,0.9718
0.9518,0.8229,0.8827,0.9883
0.8675,0.7912,0.8276,0.9659
0.9036,0.7576,0.8242,0.9712
0.9277,0.7938,0.8556,0.9785
0.9518,0.7745,0.8541,0.9868
0.9759,0.8438,0.905,0.9866
0.9036,0.7653,0.8287,0.9652
0.9157,0.7835,0.8444,0.9753
0.9167,0.7778,0.8415,0.9779
0.9405,0.8404,0.8876,0.9806
0.988,0.8283,0.9011,0.9952
0.9277,0.7624,0.837,0.9718
0.9277,0.7624,0.837,0.975
0.8795,0.8295,0.8538,0.9799
0.9398,0.7959,0.8619,0.9769
0.9277,0.8851,0.9059,0.9865
0.8554,0.7172,0.7802,0.957
0.9398,0.8125,0.8715,0.981
0.9167,0.7778,0.8415,0.9823
0.9048,0.8352,0.8686,0.9779
0.988,0.781,0.8723,0.9902
0.9518,0.8404,0.8927,0.9856
0.9398,0.8125,0.8715,0.9697
0.9518,0.7524,0.8404,0.9868
0.9398,0.7429,0.8298,0.9785
0.9518,0.7822,0.8587,0.9737
0.9643,0.802,0.8757,0.9818
0.9405,0.8061,0.8681,0.9846
0.9398,0.8041,0.8667,0.9878
0.9518,0.8144,0.8778,0.9824
0.9759,0.757,0.8526,0.9796
0.8554,0.8161,0.8353,0.9721
0.988,0.781,0.8723,0.9851
0.9036,0.8065,0.8523,0.9713
0.9277,0.8105,0.8652,0.9622
0.9759,0.871,0.9205,0.9918
0.9036,0.8621,0.8824,0.9781
0.9518,0.767,0.8495,0.9882
0.9762,0.82,0.8913,0.9891
0.9643,0.7941,0.871,0.9798
0.9518,0.7596,0.8449,0.9804
0.9398,0.7959,0.8619,0.9794
0.9277,0.7549,0.8324,0.9759
0.9036,0.8427,0.8721,0.9812
0.9518,0.7745,0.8541,0.9778
0.9398,0.7959,0.8619,0.9754
0.9639,0.8421,0.8989,0.9792
0.9398,0.8041,0.8667,0.974
0.9167,0.837,0.875,0.9712
0.9643,0.8182,0.8852,0.981
0.9277,0.828,0.875,0.9864
0.988,0.8119,0.8913,0.9923
0.9518,0.7596,0.8449,0.9801
0.9157,0.7451,0.8216,0.9744
0.9518,0.8404,0.8927,0.9806
0.9518,0.7315,0.8272,0.9833
0.9157,0.8085,0.8588,0.9746
0.9639,0.8247,0.8889,0.9877
0.9405,0.8229,0.8778,0.986
0.9167,0.7333,0.8148,0.9714
0.9518,0.8316,0.8876,0.9895
0.9518,0.798,0.8681,0.9772
0.9639,0.7767,0.8602,0.9843
0.9398,0.75,0.8342,0.9695
0.9518,0.798,0.8681,0.9835
0.988,0.7455,0.8497,0.982
0.9759,0.7941,0.8757,0.9844
0.9639,0.7619,0.8511,0.9846
0.9762,0.8283,0.8962,0.9882
0.9762,0.8913,0.9318,0.99
0.9157,0.8352,0.8736,0.9631
0.9518,0.767,0.8495,0.9798
0.9036,0.7576,0.8242,0.9694
0.9157,0.7677,0.8352,0.9741
0.9639,0.8,0.8743,0.9813
0.988,0.781,0.8723,0.9897
0.9405,0.8229,0.8778,0.9833
0.9167,0.8191,0.8652,0.9818
0.9639,0.7692,0.8556,0.9858
0.8554,0.7474,0.7978,0.9643
0.9398,0.7879,0.8571,0.9794
0.8916,0.8222,0.8555,0.9781
0.9398,0.8041,0.8667,0.9725
0.9518,0.7453,0.836,0.9647
0.9398,0.78,0.8525,0.9777
0.9518,0.79,0.8634,0.9837
0.9157,0.8172,0.8636,0.978
0.9759,0.75,0.8482,0.9854
0.9048,0.7835,0.8398,0.9552
0.9167,0.7938,0.8508,0.9706
0.9398,0.7573,0.8387,0.9805
0.9518,0.798,0.8681,0.9878
0.9398,0.8211,0.8764,0.9871
0.9639,0.8247,0.8889,0.9866
0.9518,0.7596,0.8449,0.9789
0.9518,0.767,0.8495,0.9833
0.9639,0.8081,0.8791,0.9867
0.9639,0.7767,0.8602,0.9865
0.9762,0.7455,0.8454,0.9867
0.9167,0.8191,0.8652,0.97
0.9277,0.7938,0.8556,0.9719
0.9518,0.798,0.8681,0.9855
0.8675,0.8276,0.8471,0.9762
0.9398,0.8041,0.8667,0.9853
0.9157,0.7677,0.8352,0.9773
0.9157,0.7308,0.8128,0.9674
0.9048,0.7835,0.8398,0.9721
0.9167,0.77,0.837,0.9664
0.9759,0.7941,0.8757,0.9858
0.9639,0.7207,0.8247,0.9898
0.9639,0.7921,0.8696,0.9843
0.9157,0.8085,0.8588,0.9697
0.9398,0.729,0.8211,0.9722
0.9157,0.8444,0.8786,0.9882
0.9518,0.8144,0.8778,0.9802
0.9277,0.8652,0.8953,0.982
0.988,0.7885,0.877,0.9902
0.9157,0.7238,0.8085,0.9741
0.9524,0.8333,0.8889,0.9786
0.9167,0.7476,0.8235,0.9735
0.9398,0.8041,0.8667,0.9833
0.9639,0.6957,0.8081,0.9751
0.9518,0.798,0.8681,0.9842
0.9398,0.8571,0.8966,0.9751
0.9639,0.8,0.8743,0.9854
0.9639,0.8247,0.8889,0.9888
0.9518,0.767,0.8495,0.9826
0.9036,0.8333,0.8671,0.9668
0.9405,0.79,0.8587,0.979
0.9286,0.7959,0.8571,0.9765
0.9398,0.8298,0.8814,0.9772
0.9398,0.7647,0.8432,0.981
0.9036,0.8065,0.8523,0.9803
0.9639,0.8,0.8743,0.9803
0.9639,0.7619,0.8511,0.9812
0.988,0.781,0.8723,0.9821
0.9036,0.8333,0.8671,0.9772
0.9518,0.7745,0.8541,0.9828
0.9405,0.8587,0.8977,0.9724
0.9405,0.8229,0.8778,0.9798
0.9398,0.8211,0.8764,0.9894
0.9398,0.8571,0.8966,0.9877
0.9759,0.81,0.8852,0.9854
0.9277,0.7404,0.8235,0.9829
0.9759,0.7941,0.8757,0.9854
0.9518,0.7054,0.8103,0.9653
0.9643,0.8182,0.8852,0.9894
0.9405,0.7745,0.8495,0.9839
0.9639,0.7339,0.8333,0.9821
0.9639,0.7843,0.8649,0.9881
0.9759,0.7714,0.8617,0.9901
0.9398,0.7959,0.8619,0.974
0.9518,0.7596,0.8449,0.9826
0.9277,0.8556,0.8902,0.9869
0.9639,0.7843,0.8649,0.9876
0.8193,0.8,0.8095,0.9528
0.9398,0.7959,0.8619,0.9845
0.9639,0.7619,0.8511,0.9758
0.8929,0.7895,0.838,0.9696
0.9524,0.7547,0.8421,0.9764
0.9036,0.8152,0.8571,0.9814
0.988,0.8542,0.9162,0.9908
0.9277,0.7857,0.8508,0.9753
0.988,0.7961,0.8817,0.9858
0.9157,0.7917,0.8492,0.9776
0.9759,0.81,0.8852,0.9873
0.9405,0.8681,0.9029,0.9907
0.9405,0.7453,0.8316,0.9826
0.9157,0.8172,0.8636,0.9763
0.9518,0.7248,0.8229,0.985
0.9639,0.8081,0.8791,0.9843
0.9036,0.7813,0.838,0.9686
0.9398,0.8211,0.8764,0.977
0.9759,0.802,0.8804,0.9889
0.8795,0.7935,0.8343,0.9686
0.9759,0.802,0.8804,0.9805
0.9157,0.8,0.8539,0.969
0.9277,0.8105,0.8652,0.9791
0.9643,0.8265,0.8901,0.9895
0.9643,0.7714,0.8571,0.9842
0.9759,0.8351,0.9,0.9921
0.9036,0.7895,0.8427,0.9788
0.9639,0.8163,0.884,0.9734
0.9518,0.8229,0.8827,0.9804
0.9277,0.7476,0.828,0.9673
0.9277,0.7778,0.8462,0.9664
0.9167,0.8105,0.8603,0.9759
0.9286,0.8211,0.8715,0.9813
0.9518,0.8229,0.8827,0.9871
0.9277,0.7264,0.8148,0.9718
0.9036,0.8242,0.8621,0.9876
0.9277,0.8021,0.8603,0.9779
0.9036,0.7075,0.7937,0.9682
0.988,0.7455,0.8497,0.9838
0.9518,0.8229,0.8827,0.9832
0.9518,0.8587,0.9029,0.9864
0.9405,0.7524,0.836,0.9787
0.9643,0.7714,0.8571,0.9826
0.9639,0.7692,0.8556,0.9861
0.8675,0.8,0.8324,0.9735
0.9759,0.7642,0.8571,0.9797
0.9157,0.8,0.8539,0.9659
0.9518,0.767,0.8495,0.98
0.9518,0.8316,0.8876,0.9822
0.9277,0.837,0.88,0.9863
0.9639,0.8511,0.904,0.9818
0.9398,0.7879,0.8571,0.9654
0.9518,0.7453,0.836,0.9788
0.9643,0.8265,0.8901,0.9898
0.9762,0.7664,0.8586,0.9832
0.9639,0.8511,0.904,0.989
0.9157,0.6972,0.7917,0.9604
0.9639,0.8602,0.9091,0.9892
0.9036,0.8242,0.8621,0.9856
0.9036,0.7813,0.838,0.9743
0.9639,0.7767,0.8602,0.9809
0.8675,0.6923,0.7701,0.9531
0.8916,0.7957,0.8409,0.9664
0.9643,0.81,0.8804,0.9874
0.9643,0.8438,0.9,0.9928
0.9398,0.75,0.8342,0.9765
0.9398,0.7959,0.8619,0.9818
0.9759,0.7788,0.8663,0.9854
0.9398,0.8211,0.8764,0.9863
0.9759,0.8804,0.9257,0.9945
0.9518,0.7745,0.8541,0.9772
0.9398,0.7723,0.8478,0.9724
0.9639,0.8247,0.8889,0.9792
0.9286,0.8211,0.8715,0.9636
0.9881,0.8384,0.9071,0.9937
0.8916,0.7957,0.8409,0.9727
0.9759,0.7642,0.8571,0.988
0.9639,0.7339,0.8333,0.9793
0.9759,0.7864,0.871,0.9893
0.9036,0.8333,0.8671,0.9759
0.9759,0.8351,0.9,0.9887
0.9524,0.8163,0.8791,0.987
0.9643,0.7941,0.871,0.9831
0.9639,0.8421,0.8989,0.9859
0.9398,0.7429,0.8298,0.9728
0.9036,0.7576,0.8242,0.9668
0.9036,0.7813,0.838,0.9735
0.9398,0.7879,0.8571,0.9741
0.988,0.8039,0.8865,0.9901
0.9518,0.8876,0.9186,0.9858
0.8916,0.8132,0.8506,0.9658
0.9398,0.8478,0.8914,0.9729
0.9518,0.7745,0.8541,0.9841
0.9881,0.7981,0.883,0.994
0.9167,0.7624,0.8324,0.9747
0.9277,0.828,0.875,0.9758
0.9518,0.798,0.8681,0.9851
1.0,0.8058,0.8925,0.9859
0.9398,0.7573,0.8387,0.9718
0.9277,0.7938,0.8556,0.9739
0.9398,0.7647,0.8432,0.98
0.9398,0.6842,0.7919,0.974
0.8916,0.8222,0.8555,0.9754
0.9643,0.802,0.8757,0.9703
0.9405,0.7596,0.8404,0.9737
0.9277,0.7404,0.8235,0.9748
0.9639,0.8,0.8743,0.9872
0.9639,0.7619,0.8511,0.9808
0.9036,0.8065,0.8523,0.981
0.9639,0.8421,0.8989,0.9924
0.9398,0.8864,0.9123,0.9774
0.9405,0.7745,0.8495,0.9778
0.881,0.7551,0.8132,0.9655
0.9277,0.837,0.88,0.9808
0.9398,0.8125,0.8715,0.9839
0.9398,0.78,0.8525,0.9785
0.9518,0.8229,0.8827,0.9801
0.9398,0.7959,0.8619,0.9799
0.9277,0.8191,0.8701,0.9812
0.9518,0.79,0.8634,0.9807
0.9759,0.7642,0.8571,0.9798
0.9639,0.8,0.8743,0.9836
0.9277,0.7624,0.837,0.9726
0.9286,0.75,0.8298,0.9809
0.9048,0.8,0.8492,0.9713
0.988,0.8283,0.9011,0.9962
0.9518,0.79,0.8634,0.9808
0.9518,0.8144,0.8778,0.9864
0.9277,0.7857,0.8508,0.9739
0.9398,0.8125,0.8715,0.9691
0.9639,0.7407,0.8377,0.9779
0.9398,0.8211,0.8764,0.9845
0.9277,0.77,0.8415,0.9749
0.9405,0.8316,0.8827,0.9893
0.9524,0.7407,0.8333,0.9782
0.9759,0.8182,0.8901,0.9917
0.9518,0.8316,0.8876,0.9896
0.8554,0.7978,0.8256,0.9616
0.9277,0.7857,0.8508,0.9847
0.9157,0.8172,0.8636,0.9615
0.9036,0.7653,0.8287,0.9783
0.9157,0.8261,0.8686,0.9756
0.9036,0.75,0.8197,0.9632
0.9167,0.7938,0.8508,0.9801
0.9048,0.8352,0.8686,0.9666
0.9398,0.78,0.8525,0.9811
0.9518,0.79,0.8634,0.9845
0.9277,0.7624,0.837,0.9743
0.9036,0.7979,0.8475,0.9718
0.9639,0.7767,0.8602,0.9866
0.988,0.7885,0.877,0.9937
0.9518,0.7745,0.8541,0.9807
1.0,0.7905,0.883,0.9943
0.9405,0.7524,0.836,0.9827
0.9286,0.7723,0.8432,0.9711
0.9518,0.7745,0.8541,0.9825
0.9518,0.8061,0.8729,0.9832
0.9157,0.8172,0.8636,0.9722
0.9398,0.8387,0.8864,0.9803
0.9398,0.7959,0.8619,0.9801
0.9518,0.8404,0.8927,0.9775
0.9405,0.8229,0.8778,0.9856
0.9405,0.7745,0.8495,0.9693
0.988,0.781,0.8723,0.9926
0.9157,0.7755,0.8398,0.9601
0.9518,0.7745,0.8541,0.9838
0.9639,0.8081,0.8791,0.983
0.9639,0.8081,0.8791,0.9837
0.9157,0.76,0.8306,0.9751
0.9518,0.8404,0.8927,0.9905
0.9157,0.7835,0.8444,0.9816
0.9643,0.7642,0.8526,0.9753
0.9286,0.7723,0.8432,0.978
0.9277,0.7404,0.8235,0.98
0.9398,0.7156,0.8125,0.9849
0.9036,0.8242,0.8621,0.9766
0.9277,0.7778,0.8462,0.9803
1.0,0.8137,0.8973,0.995
0.9518,0.8977,0.924,0.9861
0.9639,0.7692,0.8556,0.983
0.9277,0.828,0.875,0.9776
0.9639,0.7767,0.8602,0.9864
0.9036,0.7979,0.8475,0.9795
0.9643,0.7788,0.8617,0.985
0.9524,0.8,0.8696,0.9769
0.988,0.7885,0.877,0.9898
0.9157,0.7525,0.8261,0.9605
0.9036,0.7813,0.838,0.9816
0.9518,0.8229,0.8827,0.9825
0.9398,0.8125,0.8715,0.9662
0.9398,0.8125,0.8715,0.9776
0.9639,0.8,0.8743,0.9845
0.9639,0.708,0.8163,0.9835
0.8571,0.809,0.8324,0.9702
0.9762,0.8454,0.9061,0.992
0.9639,0.8421,0.8989,0.9877
0.9639,0.7619,0.8511,0.9677
0.9157,0.7835,0.8444,0.9696
0.9518,0.7383,0.8316,0.9811
0.9639,0.8,0.8743,0.9912
0.9157,0.8444,0.8786,0.9694
0.9639,0.8163,0.884,0.9878
0.9157,0.7835,0.8444,0.9679
0.9167,0.713,0.8021,0.968
0.9405,0.798,0.8634,0.9846
0.9036,0.7979,0.8475,0.9728
0.9639,0.7767,0.8602,0.9823
0.988,0.8367,0.9061,0.9945
0.9639,0.8,0.8743,0.9857
0.9277,0.8556,0.8902,0.9889
0.8916,0.8409,0.8655,0.9778
0.9048,0.8,0.8492,0.9763
0.9405,0.7745,0.8495,0.9785
0.9398,0.75,0.8342,0.9723
0.9398,0.7723,0.8478,0.979
0.9639,0.7767,0.8602,0.9886
0.9639,0.8696,0.9143,0.9877
0.9639,0.8421,0.8989,0.9857
0.9759,0.8438,0.905,0.9947
0.9759,0.7864,0.871,0.9836
0.9036,0.7426,0.8152,0.9618
0.9048,0.8261,0.8636,0.9816
0.9643,0.757,0.8482,0.9838
0.9277,0.8191,0.8701,0.986
0.9639,0.7843,0.8649,0.9857
0.988,0.7593,0.8586,0.9878
0.9759,0.81,0.8852,0.9825
0.9036,0.7576,0.8242,0.9689
1.0,0.83,0.9071,0.9895
0.8916,0.8132,0.8506,0.9652
0.9157,0.7917,0.8492,0.9713
0.8916,0.7551,0.8177,0.9756
0.9157,0.7308,0.8128,0.9765
0.9524,0.7843,0.8602,0.982
0.9762,0.82,0.8913,0.9876
0.9157,0.8837,0.8994,0.9719
0.8916,0.7789,0.8315,0.9789
0.9398,0.7573,0.8387,0.9753
0.9759,0.8265,0.895,0.9823
0.9639,0.8333,0.8939,0.9862
0.9639,0.8081,0.8791,0.9838
0.9759,0.7297,0.8351,0.987
0.9398,0.7573,0.8387,0.9769
0.9167,0.837,0.875,0.9813
0.9762,0.8039,0.8817,0.9885
0.9518,0.8316,0.8876,0.9769
0.9398,0.7879,0.8571,0.9769
0.8795,0.7935,0.8343,0.9647
0.9639,0.7843,0.8649,0.9822
0.9639,0.8511,0.904,0.9927
0.9398,0.7959,0.8619,0.9843
0.9036,0.7895,0.8427,0.9664
0.9518,0.8316,0.8876,0.9846
0.9286,0.8211,0.8715,0.9848
0.9524,0.7692,0.8511,0.9781
0.9398,0.8387,0.8864,0.9923
0.9157,0.7677,0.8352,0.9753
0.9398,0.8571,0.8966,0.9778
0.9759,0.7788,0.8663,0.9869
0.9639,0.8163,0.884,0.9848
0.9759,0.757,0.8526,0.9809
0.9518,0.767,0.8495,0.9806
0.9759,0.8265,0.895,0.9873
0.9524,0.7619,0.8466,0.9761
0.9881,0.7757,0.8691,0.9851
0.9518,0.8404,0.8927,0.9811
0.9398,0.7959,0.8619,0.9817
0.9277,0.828,0.875,0.9799
0.9518,0.767,0.8495,0.9746
0.8916,0.8222,0.8555,0.9776
0.9157,0.8,0.8539,0.983
0.9759,0.757,0.8526,0.9825
0.9398,0.8298,0.8814,0.9793
0.9524,0.7921,0.8649,0.9844
0.9405,0.8144,0.8729,0.9863
0.9277,0.7778,0.8462,0.9786
0.9518,0.8495,0.8977,0.983
0.9518,0.798,0.8681,0.9789
0.9518,0.7822,0.8587,0.9828
0.9518,0.7745,0.8541,0.9711
0.9277,0.7624,0.837,0.9738
0.9157,0.7917,0.8492,0.9769
0.988,0.8283,0.9011,0.9952
0.9524,0.7273,0.8247,0.9839
0.9762,0.7387,0.841,0.9854
0.9398,0.8864,0.9123,0.9846
0.9398,0.75,0.8342,0.9698
0.8554,0.7889,0.8208,0.9578
0.9759,0.7864,0.871,0.9887
0.9157,0.7103,0.8,0.9746
0.9157,0.8444,0.8786,0.986
0.9398,0.7959,0.8619,0.9886
0.9518,0.7822,0.8587,0.9798
0.9048,0.8,0.8492,0.9759
0.9643,0.7788,0.8617,0.9887
0.9398,0.8211,0.8764,0.98
0.9398,0.8298,0.8814,0.9826
0.9036,0.7979,0.8475,0.9662
0.9639,0.7921,0.8696,0.9787
0.988,0.8039,0.8865,0.988
0.9639,0.7547,0.8466,0.9826
0.9759,0.7788,0.8663,0.9833
0.9277,0.8556,0.8902,0.9857
0.9286,0.8298,0.8764,0.968
0.9524,0.8696,0.9091,0.9876
0.9277,0.7333,0.8191,0.9803
0.9759,0.8526,0.9101,0.9902
0.9759,0.757,0.8526,0.9822
0.8916,0.7551,0.8177,0.9704
0.9759,0.8265,0.895,0.9811
0.9277,0.8556,0.8902,0.9874
0.9639,0.8247,0.8889,0.9882
0.9157,0.7525,0.8261,0.9693
0.9167,0.8191,0.8652,0.982
0.9762,0.781,0.8677,0.9932
0.8554,0.7396,0.7933,0.9693
0.9518,0.8144,0.8778,0.984
0.9518,0.798,0.8681,0.9748
0.9518,0.7596,0.8449,0.9735
0.9639,0.7843,0.8649,0.9832
0.9398,0.7573,0.8387,0.9828
0.9759,0.7941,0.8757,0.9828
0.8795,0.8111,0.8439,0.9656
0.8929,0.8065,0.8475,0.9816
0.9524,0.7692,0.8511,0.9886
0.9639,0.7692,0.8556,0.9845
0.9639,0.7843,0.8649,0.9793
0.9518,0.8229,0.8827,0.9877
0.9036,0.7576,0.8242,0.9732
0.9518,0.7745,0.8541,0.9769
0.9759,0.8351,0.9,0.993
0.9518,0.7596,0.8449,0.9769
0.9157,0.8444,0.8786,0.9666
0.9643,0.8265,0.8901,0.9898
0.9405,0.798,0.8634,0.9788
0.9398,0.8571,0.8966,0.9816
0.9277,0.7624,0.837,0.9712
0.988,0.781,0.8723,0.9876
0.9518,0.7596,0.8449,0.9877
0.8795,0.7849,0.8295,0.9772
0.9277,0.8191,0.8701,0.9823
0.9157,0.8352,0.8736,0.974
0.9639,0.8247,0.8889,0.9815
0.8929,0.7653,0.8242,0.9638
0.9524,0.7843,0.8602,0.9838
0.988,0.7885,0.877,0.9882
0.8675,0.75,0.8045,0.9743
0.9398,0.7959,0.8619,0.9834
0.9157,0.8,0.8539,0.9805
0.9036,0.7813,0.838,0.9829
0.9518,0.8229,0.8827,0.9878
0.9277,0.7778,0.8462,0.9758
0.9277,0.77,0.8415,0.9773
0.9405,0.798,0.8634,0.9747
0.9762,0.8542,0.9111,0.9832
0.9639,0.7692,0.8556,0.9801
0.9036,0.8152,0.8571,0.9851
0.9518,0.7745,0.8541,0.9722
0.9639,0.8247,0.8889,0.9826
0.9398,0.7959,0.8619,0.9839
0.9277,0.8652,0.8953,0.9863
0.9157,0.7379,0.8172,0.9713
0.9759,0.7714,0.8617,0.9859
0.9762,0.7664,0.8586,0.9858
0.9524,0.7921,0.8649,0.9789
0.8916,0.7957,0.8409,0.9627
0.9759,0.757,0.8526,0.9818
0.9398,0.8211,0.8764,0.9795
0.9518,0.8587,0.9029,0.991
0.9157,0.7451,0.8216,0.9772
0.9639,0.8247,0.8889,0.9845
0.9518,0.7745,0.8541,0.9838
0.9518,0.79,0.8634,0.9802
0.9524,0.8,0.8696,0.9768
0.9524,0.8247,0.884,0.9817
0.9518,0.7524,0.8404,0.9712
0.9277,0.7549,0.8324,0.9797
0.9518,0.8587,0.9029,0.983
0.9518,0.8144,0.8778,0.9873
0.9398,0.8667,0.9017,0.9813
0.9398,0.75,0.8342,0.9744
0.9277,0.7857,0.8508,0.9778
0.988,0.8913,0.9371,0.9959
0.9524,0.7619,0.8466,0.9649
0.9167,0.7196,0.8063,0.9696
0.9639,0.8081,0.8791,0.981
0.9157,0.7835,0.8444,0.9727
0.9759,0.802,0.8804,0.9831
0.9639,0.8511,0.904,0.9884
0.9518,0.7383,0.8316,0.9774
0.9639,0.8333,0.8939,0.9885
0.9398,0.8478,0.8914,0.9792
0.9036,0.7895,0.8427,0.9777
0.9524,0.8081,0.8743,0.9871
0.9643,0.802,0.8757,0.9898
0.9398,0.8298,0.8814,0.9751
0.9398,0.8125,0.8715,0.9842
0.9398,0.78,0.8525,0.9782
0.9639,0.8511,0.904,0.9875
0.9398,0.7723,0.8478,0.9802
0.9036,0.7813,0.838,0.9728
0.988,0.7664,0.8632,0.9875
0.9398,0.8041,0.8667,0.9788
0.9048,0.7835,0.8398,0.9705
0.8929,0.8065,0.8475,0.9694
0.9518,0.7822,0.8587,0.979
0.8193,0.8,0.8095,0.9467
0.9277,0.7857,0.8508,0.9757
0.9759,0.8265,0.895,0.9874
0.988,0.8454,0.9111,0.9934
0.9639,0.7767,0.8602,0.9866
0.988,0.8283,0.9011,0.9941
0.9518,0.798,0.8681,0.9863
0.881,0.7255,0.7957,0.9596
0.9048,0.8085,0.8539,0.9674
0.9518,0.8316,0.8876,0.9884
0.9157,0.8736,0.8941,0.9749
0.9639,0.7843,0.8649,0.9851
0.9759,0.757,0.8526,0.9839
0.9518,0.7822,0.8587,0.9765
0.9036,0.8152,0.8571,0.97
0.9639,0.7843,0.8649,0.9633
0.9639,0.8247,0.8889,0.9876
0.9524,0.8333,0.8889,0.9864
0.9286,0.7879,0.8525,0.9772
0.9759,0.7941,0.8757,0.987
0.8795,0.8295,0.8538,0.9761
0.9277,0.77,0.8415,0.973
0.9036,0.75,0.8197,0.962
0.9639,0.8163,0.884,0.9911
0.9639,0.8163,0.884,0.9862
0.9518,0.8061,0.8729,0.9877
0.9759,0.7864,0.871,0.9856
0.9762,0.82,0.8913,0.9868
0.9167,0.7857,0.8462,0.973
0.8795,0.7604,0.8156,0.9565
0.9639,0.7767,0.8602,0.9814
0.9639,0.8163,0.884,0.9874
0.9277,0.7938,0.8556,0.9818
0.9639,0.7921,0.8696,0.9832
0.9036,0.8065,0.8523,0.9775
0.9286,0.8125,0.8667,0.9797
0.9167,0.7624,0.8324,0.9705
0.9398,0.7723,0.8478,0.9833
0.9518,0.767,0.8495,0.9861
0.9518,0.8316,0.8876,0.9861
0.9157,0.8172,0.8636,0.9697
0.9518,0.7524,0.8404,0.9755
0.9398,0.7959,0.8619,0.9857
0.988,0.8632,0.9213,0.9941
0.9277,0.7938,0.8556,0.9715
0.8929,0.7979,0.8427,0.9615
0.9167,0.837,0.875,0.9769
0.9759,0.8438,0.905,0.9928
0.9759,0.7431,0.8438,0.9856
0.9518,0.798,0.8681,0.975
0.988,0.7523,0.8542,0.9906
0.9157,0.76,0.8306,0.9508
0.9518,0.8681,0.908,0.9895
0.9398,0.75,0.8342,0.9721
0.9036,0.7653,0.8287,0.9826
0.9524,0.7843,0.8602,0.9681
0.9405,0.8229,0.8778,0.9855
0.9639,0.8081,0.8791,0.9804
0.9518,0.8404,0.8927,0.9906
0.9398,0.7647,0.8432,0.9783
0.9518,0.7453,0.836,0.9784
0.9759,0.81,0.8852,0.9852
0.9398,0.8211,0.8764,0.9826
0.9277,0.7938,0.8556,0.9818
0.9639,0.8,0.8743,0.9745
0.9881,0.8646,0.9222,0.994
0.9524,0.8333,0.8889,0.9857
0.9398,0.8041,0.8667,0.9816
0.9639,0.8247,0.8889,0.9875
0.9277,0.8021,0.8603,0.9796
0.9157,0.7755,0.8398,0.9726
0.9518,0.798,0.8681,0.9877
0.9277,0.7938,0.8556,0.9741
0.9398,0.7959,0.8619,0.9696
0.8916,0.7551,0.8177,0.9663
0.9277,0.8191,0.8701,0.9853
0.9277,0.77,0.8415,0.9786
0.9524,0.7921,0.8649,0.9805
0.9167,0.8462,0.88,0.9815
0.9759,0.7431,0.8438,0.9795
0.9277,0.8191,0.8701,0.9761
0.9398,0.8125,0.8715,0.9792
0.9277,0.8105,0.8652,0.9822
0.9277,0.837,0.88,0.9795
0.9639,0.8163,0.884,0.989
0.9518,0.8144,0.8778,0.9828
0.9277,0.7938,0.8556,0.9762
0.9762,0.781,0.8677,0.9831
0.9643,0.7642,0.8526,0.9763
0.9398,0.78,0.8525,0.9704
0.9518,0.8061,0.8729,0.9867
0.9036,0.8065,0.8523,0.9654
0.9639,0.8163,0.884,0.9891
0.9759,0.802,0.8804,0.9901
0.8916,0.8132,0.8506,0.9834
0.988,0.8283,0.9011,0.9914
0.9398,0.7959,0.8619,0.9801
0.9524,0.7843,0.8602,0.9859
0.9405,0.8144,0.8729,0.9821
0.9398,0.78,0.8525,0.9676
0.988,0.7736,0.8677,0.9808
0.9518,0.798,0.8681,0.9813
0.9639,0.8,0.8743,0.9791
0.9157,0.7835,0.8444,0.9776
0.8434,0.8235,0.8333,0.9695
0.9398,0.75,0.8342,0.9777
0.988,0.7593,0.8586,0.9807
0.9286,0.8041,0.8619,0.9737
0.9762,0.8367,0.9011,0.9879
0.9518,0.8144,0.8778,0.9832
0.988,0.7885,0.877,0.989
0.9639,0.7619,0.8511,0.9767
0.9157,0.7677,0.8352,0.9739
0.9157,0.8352,0.8736,0.9704
0.9398,0.8571,0.8966,0.989
0.9759,0.7788,0.8663,0.9828
0.9639,0.7692,0.8556,0.9817
0.9286,0.8571,0.8914,0.9831
0.9643,0.7788,0.8617,0.9816
0.9398,0.8211,0.8764,0.9811
0.8675,0.8182,0.8421,0.9668
0.9398,0.7959,0.8619,0.977
0.9518,0.79,0.8634,0.986
0.988,0.8119,0.8913,0.9874
0.9639,0.8791,0.9195,0.9809
0.9762,0.7523,0.8497,0.9913
0.9405,0.767,0.8449,0.9722
0.9398,0.7879,0.8571,0.9818
0.9518,0.8316,0.8876,0.9872
0.8916,0.7872,0.8362,0.97
0.9398,0.8571,0.8966,0.985
0.9639,0.8,0.8743,0.9885
0.9639,0.7692,0.8556,0.9796
0.8916,0.7872,0.8362,0.9715
0.9639,0.7767,0.8602,0.9797
0.9157,0.7917,0.8492,0.9701
0.8916,0.7872,0.8362,0.9714
0.9762,0.8367,0.9011,0.9902
0.9762,0.8632,0.9162,0.9935
0.9639,0.7843,0.8649,0.9722
0.9639,0.8,0.8743,0.9781
0.9398,0.7647,0.8432,0.9833
0.9398,0.729,0.8211,0.9803
0.9277,0.8105,0.8652,0.9798
0.9398,0.7647,0.8432,0.9816
0.9759,0.8351,0.9,0.9898
0.9398,0.8041,0.8667,0.9781
0.9286,0.8041,0.8619,0.9767
0.9524,0.8602,0.904,0.9822
0.9157,0.7379,0.8172,0.9748
0.9518,0.7524,0.8404,0.9685
0.9398,0.7879,0.8571,0.9729
0.9518,0.8316,0.8876,0.9853
0.9518,0.7524,0.8404,0.9836
0.9518,0.8316,0.8876,0.9895
0.9639,0.7843,0.8649,0.9868
0.9518,0.8144,0.8778,0.9861
0.9405,0.8229,0.8778,0.9775
0.9762,0.7885,0.8723,0.9852
0.9518,0.8681,0.908,0.9835
0.9639,0.8,0.8743,0.9881
0.9759,0.802,0.8804,0.9869
0.9639,0.7619,0.8511,0.9835
0.9157,0.7755,0.8398,0.9683
0.9036,0.8152,0.8571,0.9743
0.9639,0.7767,0.8602,0.979
0.9639,0.8,0.8743,0.9798
0.9167,0.8021,0.8556,0.9863
0.9286,0.7647,0.8387,0.9736
0.9398,0.7879,0.8571,0.9808
0.988,0.82,0.8962,0.9784
0.9759,0.7788,0.8663,0.9767
0.9157,0.8736,0.8941,0.9893
0.9036,0.7732,0.8333,0.9768
0.9639,0.8163,0.884,0.982
0.9759,0.7788,0.8663,0.9833
0.9277,0.8105,0.8652,0.9793
0.8929,0.7813,0.8333,0.9703
0.9524,0.7692,0.8511,0.9845
0.988,0.8039,0.8865,0.9908
0.9759,0.8182,0.8901,0.9887
0.9398,0.7723,0.8478,0.9753
0.9157,0.8,0.8539,0.97
0.988,0.8542,0.9162,0.9909
0.8916,0.7957,0.8409,0.9604
0.9398,0.8211,0.8764,0.9762
0.9759,0.7788,0.8663,0.9929
0.9286,0.7879,0.8525,0.9752
0.9167,0.77,0.837,0.9725
0.9277,0.7404,0.8235,0.9627
0.8675,0.8471,0.8571,0.977
0.9157,0.7755,0.8398,0.9773
0.9518,0.8229,0.8827,0.9868
0.9398,0.7959,0.8619,0.9761
0.9639,0.8,0.8743,0.9893
0.9036,0.7979,0.8475,0.9745
0.9398,0.7647,0.8432,0.9737
1.0,0.7925,0.8842,0.9881
0.8929,0.8523,0.8721,0.9815
0.9759,0.8182,0.8901,0.9903
0.9518,0.8229,0.8827,0.9691
0.9398,0.8211,0.8764,0.984
0.9398,0.7959,0.8619,0.9849
0.9639,0.8,0.8743,0.9869
0.8916,0.7629,0.8222,0.9659
0.9639,0.8,0.8743,0.9868
0.9398,0.8571,0.8966,0.9766
0.9762,0.8367,0.9011,0.9878
0.9048,0.7525,0.8216,0.972
0.9759,0.8182,0.8901,0.9851
0.9398,0.7573,0.8387,0.9781
0.9398,0.75,0.8342,0.9616
0.8916,0.7551,0.8177,0.9719
0.9518,0.798,0.8681,0.9835
0.9639,0.8081,0.8791,0.9867
0.988,0.8039,0.8865,0.9892
0.9518,0.767,0.8495,0.9761
0.8333,0.8333,0.8333,0.9501
0.9048,0.7755,0.8352,0.9748
0.9759,0.7941,0.8757,0.9773
0.988,0.7736,0.8677,0.9864
0.9518,0.798,0.8681,0.9802
0.9518,0.7383,0.8316,0.9812
0.9518,0.8061,0.8729,0.9879
0.9398,0.78,0.8525,0.9766
0.9518,0.8061,0.8729,0.9805
0.9518,0.7383,0.8316,0.9813
0.9524,0.8081,0.8743,0.9769
0.9762,0.7961,0.877,0.9897
0.9759,0.7431,0.8438,0.9878
0.9398,0.7879,0.8571,0.9741
0.9157,0.7755,0.8398,0.9779
0.9639,0.8163,0.884,0.9827
0.9518,0.8316,0.8876,0.9823
0.9639,0.8247,0.8889,0.9809
