RUSBag
0.8636,0.57,0.6867,0.9111
0.9545,0.5478,0.6961,0.9344
0.9552,0.547,0.6957,0.9407
0.806,0.551,0.6545,0.9075
0.8507,0.5327,0.6552,0.8909
0.8657,0.5472,0.6705,0.9197
0.8939,0.5514,0.6821,0.9273
0.9091,0.566,0.6977,0.9337
0.8636,0.5377,0.6628,0.9008
0.8333,0.5978,0.6962,0.9322
0.8788,0.5133,0.648,0.9148
0.7879,0.5532,0.65,0.902
0.8358,0.56,0.6707,0.9192
0.8657,0.5979,0.7073,0.9179
0.9254,0.5124,0.6596,0.9248
0.8209,0.514,0.6322,0.9094
0.8636,0.479,0.6162,0.881
0.8939,0.602,0.7195,0.9331
0.9242,0.5922,0.7219,0.9226
0.9394,0.6327,0.7561,0.9561
0.8636,0.5534,0.6746,0.9101
0.8636,0.5481,0.6706,0.9177
0.9403,0.5207,0.6702,0.933
0.8507,0.4914,0.623,0.9039
0.8955,0.5607,0.6897,0.941
0.806,0.5684,0.6667,0.9213
0.8333,0.5851,0.6875,0.9142
0.8636,0.5089,0.6404,0.9141
0.8485,0.5714,0.6829,0.9181
0.9242,0.5755,0.7093,0.9393
0.9394,0.5741,0.7126,0.9338
0.8788,0.58,0.6988,0.9214
0.8209,0.55,0.6587,0.9033
0.9104,0.5259,0.6667,0.9366
0.8955,0.5714,0.6977,0.9351
0.8806,0.6146,0.7239,0.9325
0.8788,0.5686,0.6905,0.9264
0.8636,0.4914,0.6264,0.9038
0.8182,0.551,0.6585,0.9063
0.8788,0.5273,0.6591,0.9209
0.8485,0.5234,0.6474,0.9119
0.8182,0.5,0.6207,0.894
0.9104,0.5648,0.6971,0.9309
0.8955,0.531,0.6667,0.9263
0.8507,0.5377,0.659,0.923
0.8358,0.5185,0.64,0.9104
0.8788,0.6444,0.7436,0.9238
0.9394,0.5586,0.7006,0.9406
0.8939,0.5673,0.6941,0.9329
0.8636,0.5588,0.6786,0.9155
0.7879,0.5778,0.6667,0.9058
0.7727,0.51,0.6145,0.9026
0.9104,0.5304,0.6703,0.9327
0.8657,0.6105,0.716,0.9434
0.8507,0.5588,0.6746,0.9233
0.8806,0.5221,0.6556,0.907
0.9242,0.5701,0.7052,0.9472
0.8939,0.5043,0.6448,0.917
0.9242,0.5545,0.6932,0.9267
0.7879,0.5361,0.638,0.8963
0.9242,0.5755,0.7093,0.9474
0.9091,0.6061,0.7273,0.9294
0.7612,0.51,0.6108,0.8822
0.8955,0.5556,0.6857,0.9232
0.8358,0.5773,0.6829,0.9209
0.8806,0.5043,0.6413,0.9051
0.8788,0.5631,0.6864,0.9231
0.9242,0.5495,0.6893,0.9169
0.9545,0.5943,0.7326,0.9569
0.8182,0.5,0.6207,0.879
0.8788,0.5631,0.6864,0.9375
0.8636,0.5229,0.6514,0.9076
0.9104,0.5596,0.6932,0.9366
0.8657,0.58,0.6946,0.9165
0.8657,0.6237,0.725,0.9193
0.8806,0.5086,0.6448,0.8971
0.8485,0.5895,0.6957,0.9104
0.8939,0.5514,0.6821,0.9324
0.8788,0.4915,0.6304,0.9333
0.8333,0.5,0.625,0.9059
0.8636,0.5377,0.6628,0.9202
0.7121,0.5465,0.6184,0.896
0.8806,0.5463,0.6743,0.91
0.9254,0.5536,0.6927,0.9257
0.8657,0.5577,0.6784,0.9123
0.8657,0.5918,0.703,0.9297
0.8485,0.5657,0.6788,0.9172
0.8788,0.5524,0.6784,0.9038
0.9091,0.5941,0.7186,0.946
0.8939,0.5,0.6413,0.9118
0.9091,0.531,0.6704,0.9433
0.8485,0.5333,0.655,0.915
0.8507,0.5588,0.6746,0.9198
0.8507,0.5182,0.6441,0.9017
0.9403,0.5431,0.6885,0.9287
0.8507,0.5758,0.6867,0.9286
0.8636,0.5816,0.6951,0.9282
0.7879,0.5253,0.6303,0.9085
0.8333,0.55,0.6627,0.9063
0.8788,0.5524,0.6784,0.9107
0.8209,0.55,0.6587,0.9162
0.8806,0.5514,0.6782,0.9153
0.791,0.5638,0.6584,0.9123
0.8806,0.4758,0.6178,0.8954
0.8485,0.5185,0.6437,0.9071
0.8636,0.5588,0.6786,0.9214
0.9545,0.5526,0.7,0.9253
0.8182,0.5806,0.6792,0.9167
0.9545,0.5526,0.7,0.9466
0.7879,0.5149,0.6228,0.8974
0.9091,0.5263,0.6667,0.913
0.9242,0.5495,0.6893,0.9432
0.8657,0.6042,0.7117,0.9579
0.8955,0.5357,0.6704,0.9176
0.8806,0.5842,0.7024,0.9281
0.8657,0.5321,0.6591,0.91
0.8939,0.5619,0.6901,0.9286
0.8182,0.4954,0.6171,0.8747
0.8182,0.5455,0.6545,0.9024
0.7273,0.5647,0.6358,0.9168
0.9091,0.5405,0.678,0.9264
0.9091,0.4918,0.6383,0.9116
0.806,0.5094,0.6243,0.8952
0.8209,0.6471,0.7237,0.9275
0.8955,0.5455,0.678,0.917
0.9104,0.5398,0.6778,0.9149
0.8182,0.54,0.6506,0.9212
0.8485,0.5545,0.6707,0.9277
0.8788,0.5918,0.7073,0.9312
0.9091,0.6,0.7229,0.9328
0.9552,0.6095,0.7442,0.9486
0.8507,0.6,0.7037,0.9339
0.8507,0.5588,0.6746,0.9009
0.8955,0.5263,0.663,0.9087
0.8636,0.5089,0.6404,0.913
0.8636,0.5044,0.6369,0.908
0.9545,0.5833,0.7241,0.9508
0.803,0.5354,0.6424,0.9042
0.9091,0.5172,0.6593,0.9199
0.8485,0.5657,0.6788,0.9287
0.8358,0.5657,0.6747,0.9235
0.9552,0.5981,0.7356,0.945
0.8358,0.5234,0.6437,0.916
0.8806,0.5619,0.686,0.9286
0.8636,0.6,0.7081,0.9387
0.803,0.5196,0.631,0.8888
0.803,0.5824,0.6752,0.9138
0.8939,0.5221,0.6592,0.9252
0.8333,0.4825,0.6111,0.8696
0.8939,0.5514,0.6821,0.9257
0.8485,0.5773,0.6871,0.9272
0.8485,0.5333,0.655,0.9126
0.9104,0.6354,0.7485,0.9408
0.8657,0.5631,0.6824,0.9213
0.8657,0.5918,0.703,0.9278
0.8657,0.5524,0.6744,0.9241
0.8939,0.513,0.6519,0.9077
0.8636,0.5229,0.6514,0.9217
0.7727,0.5313,0.6296,0.8878
0.8788,0.5577,0.6824,0.908
0.8358,0.5773,0.6829,0.9141
0.8955,0.5455,0.678,0.9361
0.9254,0.521,0.6667,0.9156
0.8657,0.5133,0.6444,0.9033
0.7879,0.5306,0.6341,0.9074
0.9091,0.531,0.6704,0.9278
0.8939,0.5784,0.7024,0.9239
0.8939,0.6277,0.7375,0.9321
0.8182,0.5,0.6207,0.8959
0.9242,0.5545,0.6932,0.9383
0.9394,0.6327,0.7561,0.9449
0.9545,0.5478,0.6961,0.9272
0.8507,0.5377,0.659,0.9198
0.8507,0.5481,0.6667,0.9296
0.791,0.6386,0.7067,0.9298
0.9104,0.5596,0.6932,0.927
0.8939,0.5221,0.6592,0.9131
0.803,0.5464,0.6503,0.9041
0.8182,0.5347,0.6467,0.9012
0.8636,0.4957,0.6298,0.9216
0.8788,0.4874,0.627,0.9059
0.803,0.5824,0.6752,0.9193
0.9254,0.5124,0.6596,0.9152
0.8955,0.5505,0.6818,0.927
0.8507,0.5644,0.6786,0.9196
0.8657,0.58,0.6946,0.9278
0.9091,0.566,0.6977,0.9398
0.8788,0.5179,0.6517,0.9092
0.8333,0.625,0.7143,0.9272
0.8333,0.55,0.6627,0.9032
0.7879,0.5253,0.6303,0.9092
0.9545,0.6,0.7368,0.953
0.8209,0.5446,0.6548,0.9192
0.9403,0.5575,0.7,0.9274
0.8657,0.5577,0.6784,0.9072
0.791,0.5699,0.6625,0.9104
0.8333,0.5046,0.6286,0.8928
0.9091,0.531,0.6704,0.9191
0.9242,0.5755,0.7093,0.9456
0.7727,0.51,0.6145,0.9168
0.8788,0.5686,0.6905,0.9226
0.9091,0.6,0.7229,0.9315
0.9104,0.5865,0.7135,0.9254
0.8507,0.5377,0.659,0.8978
0.8507,0.5377,0.659,0.9227
0.8657,0.5421,0.6667,0.897
0.8939,0.5175,0.6556,0.9196
0.9091,0.5405,0.678,0.9329
0.8939,0.5221,0.6592,0.9138
0.8788,0.5918,0.7073,0.9399
0.8788,0.5133,0.648,0.9117
0.8636,0.5534,0.6746,0.9157
0.8657,0.5179,0.648,0.9097
0.8806,0.59,0.7066,0.9353
0.8657,0.5524,0.6744,0.9198
0.8806,0.5619,0.686,0.9305
0.8636,0.5182,0.6477,0.9238
0.8485,0.5545,0.6707,0.9119
0.8788,0.5472,0.6744,0.9201
0.8182,0.5347,0.6467,0.901
0.9091,0.5607,0.6936,0.9345
0.8333,0.4955,0.6215,0.8894
0.9104,0.5648,0.6971,0.9253
0.8507,0.4914,0.623,0.9045
0.9254,0.5636,0.7006,0.948
0.8955,0.6316,0.7407,0.9388
0.8485,0.5333,0.655,0.9295
0.8333,0.5556,0.6667,0.9135
0.8939,0.5566,0.686,0.9221
0.803,0.5096,0.6235,0.8988
0.8507,0.5377,0.659,0.9178
0.8657,0.5577,0.6784,0.8971
0.8806,0.5463,0.6743,0.9356
0.8657,0.5524,0.6744,0.9093
0.9091,0.5405,0.678,0.921
0.9242,0.5596,0.6971,0.923
0.9697,0.5766,0.7232,0.9462
0.8485,0.5437,0.6627,0.9018
0.9545,0.5431,0.6923,0.9279
0.8182,0.5684,0.6708,0.9095
0.8955,0.531,0.6667,0.9211
0.8507,0.5377,0.659,0.913
0.9254,0.5487,0.6889,0.9121
0.8358,0.5773,0.6829,0.9296
0.9242,0.5398,0.6816,0.9433
0.8333,0.6111,0.7051,0.9201
0.8485,0.5545,0.6707,0.9202
0.8636,0.5044,0.6369,0.9002
0.8182,0.5806,0.6792,0.9245
0.8333,0.5288,0.6471,0.9119
0.8788,0.5686,0.6905,0.9364
0.9242,0.5259,0.6703,0.9204
0.7761,0.5306,0.6303,0.8993
0.806,0.54,0.6467,0.914
0.8806,0.602,0.7152,0.9306
0.8955,0.566,0.6936,0.9316
0.8939,0.5566,0.686,0.9202
0.8939,0.4917,0.6344,0.9322
0.8788,0.5686,0.6905,0.912
0.8788,0.5321,0.6629,0.9115
0.8788,0.5421,0.6705,0.9176
0.8939,0.5221,0.6592,0.929
0.8806,0.59,0.7066,0.9377
0.8955,0.5556,0.6857,0.9373
0.9104,0.5169,0.6595,0.9015
0.8209,0.5446,0.6548,0.902
0.8333,0.5978,0.6962,0.9196
0.9394,0.5299,0.6776,0.9085
0.8788,0.5472,0.6744,0.9366
0.8788,0.5686,0.6905,0.924
0.9091,0.5128,0.6557,0.9183
0.8636,0.5327,0.659,0.9132
0.8507,0.6867,0.76,0.9488
0.8209,0.5189,0.6358,0.9063
0.8955,0.5505,0.6818,0.9199
0.8507,0.5534,0.6706,0.9113
0.8636,0.5481,0.6706,0.9195
0.9242,0.5596,0.6971,0.9405
0.8485,0.5437,0.6627,0.9125
0.8636,0.5135,0.6441,0.9192
0.8485,0.6022,0.7044,0.9322
0.9242,0.5545,0.6932,0.9201
0.8657,0.5273,0.6554,0.9113
0.8955,0.6122,0.7273,0.9402
0.8507,0.5278,0.6514,0.9151
0.8657,0.5179,0.648,0.9109
0.8788,0.5743,0.6946,0.9293
0.8485,0.5714,0.6829,0.9292
0.9091,0.5172,0.6593,0.9092
0.8939,0.4876,0.631,0.9059
0.803,0.5408,0.6463,0.9023
0.8788,0.5979,0.7117,0.942
0.8955,0.5357,0.6704,0.9244
0.8209,0.534,0.6471,0.9006
0.806,0.4865,0.6067,0.888
0.9403,0.5833,0.72,0.9406
0.9242,0.5865,0.7176,0.9465
0.8788,0.5631,0.6864,0.9345
0.8788,0.5421,0.6705,0.9111
0.9242,0.5304,0.674,0.9233
0.8507,0.5044,0.6333,0.9038
0.806,0.5243,0.6353,0.9076
0.9552,0.5872,0.7273,0.9296
0.806,0.6,0.6879,0.9359
0.9394,0.5345,0.6813,0.9332
0.8485,0.549,0.6667,0.9188
0.8636,0.5182,0.6477,0.9193
0.8636,0.5876,0.6994,0.9215
0.8636,0.5044,0.6369,0.8988
0.8636,0.5644,0.6826,0.9164
0.8636,0.5377,0.6628,0.9147
0.9242,0.5214,0.6667,0.9409
0.9254,0.5439,0.6851,0.9116
0.8657,0.5133,0.6444,0.9246
0.9254,0.5439,0.6851,0.9129
0.8657,0.6042,0.7117,0.9245
0.8939,0.5221,0.6592,0.919
0.8333,0.6111,0.7051,0.9192
0.8788,0.5133,0.648,0.9202
0.8636,0.5481,0.6706,0.9002
0.8333,0.4741,0.6044,0.8889
0.8485,0.5714,0.6829,0.9189
0.9254,0.6139,0.7381,0.9533
0.8507,0.57,0.6826,0.9014
0.8209,0.5556,0.6627,0.9176
0.8657,0.5179,0.648,0.9203
0.9091,0.5769,0.7059,0.9214
0.8182,0.6,0.6923,0.9145
0.8182,0.5192,0.6353,0.9232
0.8939,0.5315,0.6667,0.917
0.8333,0.5446,0.6587,0.915
0.9242,0.4959,0.6455,0.9037
0.8507,0.57,0.6826,0.9178
0.8358,0.5545,0.6667,0.909
0.9254,0.5962,0.7251,0.9467
0.8209,0.567,0.6707,0.9226
0.803,0.5354,0.6424,0.8947
0.9545,0.5164,0.6702,0.9395
0.9091,0.566,0.6977,0.9319
0.8485,0.5437,0.6627,0.9184
0.8788,0.5225,0.6554,0.9179
0.7879,0.5417,0.642,0.904
0.806,0.5455,0.6506,0.8992
0.9254,0.5688,0.7045,0.9324
0.9104,0.5446,0.6816,0.9248
0.9104,0.5922,0.7176,0.9399
0.8788,0.5472,0.6744,0.9258
0.9545,0.5625,0.7079,0.9372
0.9394,0.5905,0.7251,0.9553
0.8333,0.514,0.6358,0.8786
0.8657,0.5133,0.6444,0.9061
0.8806,0.602,0.7152,0.9355
0.8657,0.5225,0.6517,0.925
0.8806,0.5086,0.6448,0.8913
0.8485,0.5714,0.6829,0.9217
0.9091,0.6061,0.7273,0.9244
0.8939,0.596,0.7152,0.9316
0.8182,0.5684,0.6708,0.9098
0.8939,0.5619,0.6901,0.9293
0.8636,0.4957,0.6298,0.9274
0.8788,0.5743,0.6946,0.9313
0.8485,0.5333,0.655,0.9115
0.9104,0.5596,0.6932,0.9336
0.8806,0.5175,0.6519,0.9254
0.8955,0.5714,0.6977,0.9208
0.806,0.5684,0.6667,0.9044
0.8939,0.5315,0.6667,0.9006
0.8333,0.625,0.7143,0.9231
0.9091,0.5556,0.6897,0.9164
0.8939,0.5566,0.686,0.9302
0.8788,0.5472,0.6744,0.9338
0.8788,0.5686,0.6905,0.9286
0.8358,0.5437,0.6588,0.9166
0.8955,0.5607,0.6897,0.914
0.7761,0.5714,0.6582,0.8949
0.8955,0.6,0.7186,0.9296
0.9394,0.5439,0.6889,0.9411
0.8485,0.549,0.6667,0.9101
0.8182,0.5567,0.6626,0.9013
0.8333,0.4911,0.618,0.906
0.8333,0.567,0.6748,0.9101
0.8939,0.5463,0.6782,0.9104
0.8507,0.4914,0.623,0.8841
0.8507,0.5135,0.6404,0.9099
0.8806,0.513,0.6484,0.9213
0.8358,0.5773,0.6829,0.9235
0.9091,0.5714,0.7018,0.9401
0.8788,0.5918,0.7073,0.935
0.9394,0.5487,0.6927,0.9387
0.8939,0.5268,0.6629,0.9034
0.8333,0.5046,0.6286,0.9124
0.8939,0.5413,0.6743,0.9143
0.9254,0.6078,0.7337,0.9501
0.8507,0.5182,0.6441,0.8996
0.8657,0.5577,0.6784,0.911
0.8657,0.5273,0.6554,0.9052
0.8636,0.5588,0.6786,0.9255
0.8333,0.5729,0.679,0.9345
0.803,0.5761,0.6709,0.9168
0.9091,0.5505,0.6857,0.9215
0.8333,0.5556,0.6667,0.9178
0.8636,0.57,0.6867,0.9222
0.8657,0.5577,0.6784,0.9173
0.8657,0.5472,0.6705,0.9109
0.8507,0.5429,0.6628,0.9199
0.9403,0.5385,0.6848,0.9169
0.8939,0.5463,0.6782,0.914
0.8485,0.5773,0.6871,0.9257
0.8636,0.5135,0.6441,0.9251
0.8182,0.4737,0.6,0.9082
0.9697,0.64,0.7711,0.96
0.8636,0.5588,0.6786,0.9209
0.8358,0.4828,0.612,0.9043
0.8507,0.5644,0.6786,0.9348
0.9552,0.547,0.6957,0.9276
0.8507,0.5135,0.6404,0.903
0.7727,0.5313,0.6296,0.8885
0.8485,0.5185,0.6437,0.9087
0.8333,0.5238,0.6433,0.8997
0.9091,0.5172,0.6593,0.9235
0.8636,0.6196,0.7215,0.9387
0.9242,0.5304,0.674,0.9203
0.791,0.5521,0.6503,0.9023
0.8358,0.5545,0.6667,0.9061
0.8657,0.5631,0.6824,0.9256
0.806,0.5,0.6171,0.883
0.8485,0.5773,0.6871,0.9195
0.8788,0.5472,0.6744,0.9314
0.9091,0.5217,0.663,0.9092
0.8788,0.5686,0.6905,0.9341
0.8636,0.5,0.6333,0.8943
0.8939,0.5619,0.6901,0.9299
0.8955,0.6186,0.7317,0.9424
0.791,0.6023,0.6839,0.9222
0.8507,0.5758,0.6867,0.9019
0.9254,0.521,0.6667,0.9292
0.9091,0.48,0.6283,0.9176
0.8485,0.5773,0.6871,0.9069
0.8939,0.5364,0.6705,0.9298
0.8333,0.5851,0.6875,0.927
0.8507,0.5377,0.659,0.9108
0.9104,0.581,0.7093,0.9348
0.8358,0.56,0.6707,0.9045
0.8806,0.596,0.7108,0.9363
0.8788,0.5225,0.6554,0.9063
0.8788,0.5225,0.6554,0.9166
0.8182,0.5455,0.6545,0.9103
0.8636,0.5429,0.6667,0.9114
0.9091,0.5556,0.6897,0.9284
0.8788,0.5918,0.7073,0.9299
0.8806,0.5463,0.6743,0.9213
0.9104,0.5304,0.6703,0.9223
0.8507,0.5938,0.6994,0.9331
0.8507,0.5182,0.6441,0.9201
0.9394,0.5636,0.7045,0.9409
0.8788,0.537,0.6667,0.9143
0.8939,0.5728,0.6982,0.9292
0.7424,0.5158,0.6087,0.879
0.8182,0.4954,0.6171,0.8988
0.9091,0.5455,0.6818,0.9214
0.9403,0.5727,0.7119,0.9313
0.8358,0.5545,0.6667,0.9232
0.791,0.5248,0.631,0.8832
0.8358,0.5091,0.6328,0.9036
0.8485,0.5545,0.6707,0.9115
0.9394,0.5487,0.6927,0.9247
0.8939,0.5673,0.6941,0.9288
0.8788,0.5524,0.6784,0.9223
0.8939,0.5619,0.6901,0.9425
0.8485,0.56,0.6747,0.9121
0.9091,0.5085,0.6522,0.9051
0.8333,0.534,0.6509,0.9214
0.9403,0.525,0.6738,0.9197
0.8209,0.618,0.7051,0.9352
0.8657,0.5743,0.6905,0.9273
0.9254,0.5041,0.6526,0.9448
0.8636,0.6129,0.717,0.9411
0.7879,0.5591,0.6541,0.9145
0.8485,0.5234,0.6474,0.8922
0.8939,0.5315,0.6667,0.9181
0.8939,0.5221,0.6592,0.9143
0.9394,0.5439,0.6889,0.9371
0.8358,0.5714,0.6788,0.9086
0.9254,0.5254,0.6703,0.9242
0.8209,0.567,0.6707,0.9226
0.8806,0.596,0.7108,0.9267
0.8788,0.537,0.6667,0.9325
0.8333,0.5392,0.6548,0.9115
0.7879,0.5049,0.6154,0.9008
0.8636,0.5182,0.6477,0.9165
0.8182,0.5,0.6207,0.9122
0.8939,0.5315,0.6667,0.9133
0.8209,0.5,0.6215,0.877
0.8209,0.567,0.6707,0.9105
0.9552,0.5614,0.7072,0.9381
0.8955,0.5882,0.7101,0.9431
0.8333,0.5392,0.6548,0.905
0.8939,0.5413,0.6743,0.9276
0.8939,0.5619,0.6901,0.9214
0.9091,0.5825,0.7101,0.9306
0.8788,0.5524,0.6784,0.9128
0.8333,0.5851,0.6875,0.9256
0.8657,0.5859,0.6988,0.9226
0.8955,0.5217,0.6593,0.9038
0.8507,0.5938,0.6994,0.9234
0.9104,0.5922,0.7176,0.9382
0.9091,0.5769,0.7059,0.9339
0.8485,0.549,0.6667,0.9198
0.803,0.5096,0.6235,0.9042
0.9242,0.5041,0.6524,0.925
0.8806,0.59,0.7066,0.9404
0.8657,0.5524,0.6744,0.9231
0.8806,0.5784,0.6982,0.926
0.9104,0.5648,0.6971,0.9236
0.803,0.5048,0.6199,0.8929
0.8333,0.5556,0.6667,0.936
0.8636,0.5327,0.659,0.9275
0.8788,0.5088,0.6444,0.9277
0.8485,0.5138,0.64,0.884
0.8182,0.5455,0.6545,0.9084
0.8333,0.534,0.6509,0.9047
0.8939,0.5784,0.7024,0.938
0.8507,0.5816,0.6909,0.9178
0.9254,0.5636,0.7006,0.9445
0.8955,0.5825,0.7059,0.9265
0.9403,0.5575,0.7,0.9425
0.8939,0.5175,0.6556,0.9128
0.8788,0.58,0.6988,0.9213
0.803,0.5699,0.6667,0.8961
0.8636,0.4872,0.623,0.8976
0.8182,0.5567,0.6626,0.9111
0.8636,0.5089,0.6404,0.9087
0.8657,0.5088,0.6409,0.914
0.8358,0.5234,0.6437,0.8878
0.806,0.5625,0.6626,0.9053
0.8507,0.5758,0.6867,0.9098
0.9394,0.5905,0.7251,0.9526
0.8939,0.59,0.7108,0.9392
0.8485,0.5283,0.6512,0.9126
0.9394,0.5082,0.6596,0.9323
0.8788,0.6237,0.7296,0.9516
0.8485,0.5957,0.7,0.9263
0.8358,0.5773,0.6829,0.921
0.8657,0.5273,0.6554,0.9013
0.9104,0.604,0.7262,0.937
0.8358,0.5045,0.6292,0.878
0.8182,0.54,0.6506,0.9033
0.803,0.53,0.6386,0.9108
0.9545,0.5385,0.6885,0.9453
0.8788,0.5133,0.648,0.8936
0.9242,0.5755,0.7093,0.9349
0.7727,0.5484,0.6415,0.906
0.8657,0.5859,0.6988,0.9237
0.8806,0.5221,0.6556,0.9052
0.8507,0.4957,0.6264,0.8776
0.9254,0.5905,0.7209,0.9582
0.8636,0.5429,0.6667,0.9402
0.8333,0.5093,0.6322,0.8978
0.8485,0.5657,0.6788,0.9363
0.9242,0.5351,0.6778,0.9157
0.8939,0.5268,0.6629,0.9133
0.8485,0.5185,0.6437,0.9083
0.9104,0.5126,0.6559,0.9097
0.8209,0.5238,0.6395,0.8933
0.8955,0.6,0.7186,0.9391
0.8955,0.531,0.6667,0.9254
0.8939,0.5315,0.6667,0.9172
0.8788,0.617,0.725,0.9359
0.8333,0.5789,0.6832,0.9245
0.8636,0.5327,0.659,0.9277
0.9091,0.5769,0.7059,0.9446
0.803,0.53,0.6386,0.9022
0.8806,0.4958,0.6344,0.9214
0.8955,0.5607,0.6897,0.9195
0.8358,0.5045,0.6292,0.8987
0.8358,0.56,0.6707,0.9201
0.9091,0.5714,0.7018,0.9155
0.8485,0.5185,0.6437,0.9088
0.8636,0.5534,0.6746,0.9365
0.9091,0.6186,0.7362,0.9363
0.8788,0.5225,0.6554,0.891
0.9242,0.5259,0.6703,0.9274
0.8955,0.566,0.6936,0.9321
0.8955,0.5128,0.6522,0.9144
0.8507,0.6,0.7037,0.9386
0.8507,0.5229,0.6477,0.9096
0.8333,0.5,0.625,0.899
0.8636,0.5588,0.6786,0.9155
0.9242,0.5545,0.6932,0.9459
0.8485,0.5545,0.6707,0.917
0.8806,0.5566,0.6821,0.9199
0.8657,0.6237,0.725,0.9319
0.9104,0.6559,0.7625,0.9536
0.9104,0.5304,0.6703,0.9395
0.7727,0.4951,0.6036,0.874
0.9091,0.5128,0.6557,0.906
0.8333,0.5,0.625,0.8833
0.9242,0.5755,0.7093,0.9394
0.8333,0.5729,0.679,0.9073
0.8788,0.5088,0.6444,0.9171
0.8788,0.5631,0.6864,0.9224
0.9242,0.5545,0.6932,0.939
0.8657,0.5088,0.6409,0.8988
0.8209,0.5789,0.679,0.9118
0.8507,0.57,0.6826,0.9143
0.8358,0.5833,0.6871,0.9381
0.8788,0.4915,0.6304,0.9227
0.8636,0.5377,0.6628,0.92
0.8788,0.5,0.6374,0.8993
0.9394,0.5741,0.7126,0.9257
0.803,0.5521,0.6543,0.9133
0.8939,0.5,0.6413,0.9198
0.8358,0.5657,0.6747,0.9155
0.9104,0.5,0.6455,0.9215
0.8955,0.5941,0.7143,0.9355
0.9254,0.5741,0.7086,0.9366
0.8636,0.5278,0.6552,0.9155
0.8485,0.5234,0.6474,0.8992
0.8939,0.5463,0.6782,0.9182
0.8939,0.5784,0.7024,0.9302
0.8485,0.5234,0.6474,0.9177
0.8788,0.5421,0.6705,0.9277
0.9104,0.5755,0.7052,0.9187
0.8806,0.5566,0.6821,0.9287
0.8657,0.5524,0.6744,0.9204
0.9104,0.5259,0.6667,0.9164
0.8939,0.5413,0.6743,0.9291
0.8788,0.6105,0.7205,0.9311
0.8485,0.5283,0.6512,0.9052
0.8485,0.5545,0.6707,0.9069
0.8788,0.5321,0.6629,0.9235
0.9545,0.5727,0.7159,0.946
0.806,0.5625,0.6626,0.9085
0.7612,0.5484,0.6375,0.9103
0.9254,0.5741,0.7086,0.9339
0.8806,0.5364,0.6667,0.9207
0.8182,0.5047,0.6243,0.8894
0.8939,0.5364,0.6705,0.9114
0.8636,0.6064,0.7125,0.9117
0.8333,0.55,0.6627,0.9192
0.8939,0.5784,0.7024,0.9309
0.8636,0.5429,0.6667,0.9234
0.8657,0.5631,0.6824,0.9238
0.8507,0.5429,0.6628,0.9124
0.8657,0.5273,0.6554,0.9207
0.8657,0.5577,0.6784,0.9364
0.8939,0.5315,0.6667,0.925
0.8788,0.5321,0.6629,0.9059
0.8636,0.5588,0.6786,0.9185
0.8485,0.5185,0.6437,0.9166
0.8788,0.5179,0.6517,0.8997
0.9091,0.5556,0.6897,0.9188
0.806,0.5192,0.6316,0.8929
0.8657,0.5472,0.6705,0.9121
0.8806,0.59,0.7066,0.9257
0.8806,0.5268,0.6592,0.9134
0.9091,0.5882,0.7143,0.9512
0.8636,0.5876,0.6994,0.9344
0.8939,0.5463,0.6782,0.9234
0.8485,0.5283,0.6512,0.8908
0.9242,0.5596,0.6971,0.9271
0.8939,0.5463,0.6782,0.9267
0.8209,0.4955,0.618,0.9179
0.8209,0.55,0.6587,0.9148
0.8507,0.5229,0.6477,0.9115
0.8955,0.5714,0.6977,0.9195
0.8182,0.5347,0.6467,0.8892
0.9394,0.5487,0.6927,0.9284
0.8939,0.5842,0.7066,0.943
0.8485,0.5333,0.655,0.9066
0.8939,0.59,0.7108,0.9343
0.8939,0.5619,0.6901,0.9089
0.8806,0.5619,0.686,0.9167
0.8806,0.5463,0.6743,0.9251
0.8955,0.6122,0.7273,0.9345
0.9403,0.5431,0.6885,0.9407
0.8485,0.5045,0.6328,0.8871
0.8333,0.5851,0.6875,0.9219
0.9091,0.4762,0.625,0.9195
0.803,0.5196,0.631,0.8897
0.803,0.5824,0.6752,0.9172
0.9091,0.5941,0.7186,0.9395
0.8358,0.5,0.6257,0.9041
0.7761,0.5098,0.6154,0.8834
0.9254,0.5636,0.7006,0.9204
0.8955,0.5825,0.7059,0.936
0.8485,0.5333,0.655,0.9146
0.803,0.5146,0.6272,0.8887
0.8636,0.5938,0.7037,0.9454
0.8939,0.5619,0.6901,0.93
0.8939,0.5673,0.6941,0.9276
0.8939,0.5514,0.6821,0.9175
0.8955,0.5825,0.7059,0.9232
0.8955,0.5769,0.7018,0.9496
0.9254,0.5741,0.7086,0.9346
0.7463,0.4902,0.5917,0.8462
0.8939,0.5463,0.6782,0.915
0.8788,0.5631,0.6864,0.9247
0.8788,0.5577,0.6824,0.924
0.7879,0.52,0.6265,0.9031
0.803,0.5889,0.6795,0.9199
0.8636,0.5089,0.6404,0.901
0.806,0.5192,0.6316,0.8988
0.8955,0.6122,0.7273,0.9366
0.9403,0.5294,0.6774,0.9305
0.8806,0.5043,0.6413,0.9088
0.8333,0.5446,0.6587,0.9172
0.8636,0.57,0.6867,0.9225
0.9394,0.6139,0.7425,0.9482
0.8939,0.5364,0.6705,0.9208
0.9394,0.6078,0.7381,0.9537
0.8333,0.5093,0.6322,0.9168
0.8507,0.5135,0.6404,0.9172
0.8358,0.5437,0.6588,0.9309
0.9552,0.5614,0.7072,0.9314
0.8806,0.5728,0.6941,0.9074
0.8788,0.5225,0.6554,0.9083
0.9091,0.5455,0.6818,0.9242
0.8788,0.5472,0.6744,0.9163
0.8636,0.5229,0.6514,0.9078
0.8636,0.5135,0.6441,0.913
0.8788,0.58,0.6988,0.9351
0.8657,0.5631,0.6824,0.9206
0.8209,0.5556,0.6627,0.915
0.8657,0.5273,0.6554,0.9055
0.9104,0.5,0.6455,0.9113
0.8333,0.5556,0.6667,0.9072
0.8485,0.549,0.6667,0.9085
0.9394,0.5636,0.7045,0.9416
0.9242,0.5495,0.6893,0.9229
0.8485,0.5385,0.6588,0.92
0.9242,0.5446,0.6854,0.9272
0.8657,0.5577,0.6784,0.9224
0.8657,0.537,0.6629,0.9349
0.8507,0.5481,0.6667,0.9244
0.9254,0.5391,0.6813,0.9394
0.8485,0.5437,0.6627,0.916
0.9242,0.5701,0.7052,0.9296
0.8182,0.5,0.6207,0.8847
0.8485,0.6154,0.7134,0.9283
0.8806,0.513,0.6484,0.923
0.9254,0.5082,0.6561,0.9205
0.8358,0.4956,0.6222,0.8935
0.8806,0.5728,0.6941,0.9147
0.8182,0.54,0.6506,0.9119
0.8636,0.5327,0.659,0.9136
0.8788,0.5421,0.6705,0.9199
0.9848,0.5556,0.7104,0.9452
0.8182,0.6,0.6923,0.9327
0.8485,0.5895,0.6957,0.9278
0.8507,0.6,0.7037,0.9213
0.8507,0.5278,0.6514,0.9156
0.9104,0.5648,0.6971,0.9295
0.8955,0.531,0.6667,0.9167
0.8636,0.5938,0.7037,0.9283
0.8333,0.4955,0.6215,0.9099
0.8939,0.5463,0.6782,0.9315
0.8485,0.549,0.6667,0.9225
0.8333,0.4955,0.6215,0.891
0.9091,0.6186,0.7362,0.9349
0.8333,0.55,0.6627,0.911
0.8485,0.56,0.6747,0.9051
0.8806,0.5221,0.6556,0.922
0.8657,0.5631,0.6824,0.9218
0.9403,0.5575,0.7,0.9397
0.8657,0.5859,0.6988,0.9353
0.8182,0.4954,0.6171,0.8895
0.8333,0.5789,0.6832,0.9315
0.8333,0.534,0.6509,0.8934
0.8939,0.513,0.6519,0.9195
0.8485,0.4956,0.6257,0.8874
0.9242,0.5169,0.663,0.9309
0.7761,0.5149,0.619,0.8832
0.8806,0.602,0.7152,0.9436
0.8806,0.6705,0.7613,0.9306
0.8955,0.566,0.6936,0.9223
0.8788,0.5273,0.6591,0.9081
0.8636,0.5182,0.6477,0.8909
0.9394,0.5741,0.7126,0.9548
0.8788,0.5743,0.6946,0.9322
0.806,0.5455,0.6506,0.9227
0.8657,0.5472,0.6705,0.9153
0.8955,0.5556,0.6857,0.9184
0.8657,0.6105,0.716,0.9181
0.9091,0.5357,0.6742,0.8979
0.8788,0.5225,0.6554,0.9222
0.8636,0.5377,0.6628,0.9137
0.9545,0.5431,0.6923,0.9335
0.8182,0.5347,0.6467,0.8958
0.8333,0.5914,0.6918,0.9212
0.8939,0.5413,0.6743,0.928
0.9242,0.5398,0.6816,0.9529
0.8358,0.6364,0.7226,0.9274
0.7612,0.5204,0.6182,0.9056
0.8507,0.5534,0.6706,0.9001
0.8657,0.4833,0.6203,0.8942
0.8636,0.5758,0.6909,0.9289
0.8182,0.4865,0.6102,0.8896
0.8939,0.5364,0.6705,0.9092
0.7879,0.5843,0.671,0.9177
0.9545,0.5478,0.6961,0.9434
0.8939,0.6413,0.7468,0.9524
0.7463,0.5,0.5988,0.8793
0.8358,0.5045,0.6292,0.8936
0.8955,0.5263,0.663,0.9202
0.791,0.6386,0.7067,0.9157
0.8182,0.54,0.6506,0.8894
0.8485,0.56,0.6747,0.9377
0.8333,0.514,0.6358,0.9018
0.8939,0.5315,0.6667,0.9268
0.8182,0.5684,0.6708,0.9086
0.8333,0.5046,0.6286,0.8843
0.9403,0.6176,0.7456,0.9429
0.9104,0.5545,0.6893,0.9389
0.8955,0.5556,0.6857,0.9139
0.9104,0.6224,0.7394,0.9448
0.8788,0.5321,0.6629,0.9112
0.8939,0.602,0.7195,0.9382
0.8485,0.487,0.6188,0.9008
0.8788,0.5421,0.6705,0.9101
0.9394,0.6078,0.7381,0.9348
0.8485,0.5437,0.6627,0.9252
0.8806,0.5043,0.6413,0.8965
0.9254,0.496,0.6458,0.9127
0.8657,0.5472,0.6705,0.91
0.8955,0.5357,0.6704,0.9128
0.8485,0.5545,0.6707,0.9145
0.9242,0.5922,0.7219,0.9395
0.8485,0.5714,0.6829,0.9338
0.8636,0.5182,0.6477,0.9068
0.8939,0.5566,0.686,0.9394
0.8636,0.5876,0.6994,0.9102
0.8806,0.5175,0.6519,0.8978
0.8358,0.549,0.6627,0.9181
0.8507,0.5089,0.6369,0.9201
0.8507,0.6,0.7037,0.9266
0.8788,0.5631,0.6864,0.9158
0.8485,0.5045,0.6328,0.8963
0.8939,0.5413,0.6743,0.9269
0.8636,0.6064,0.7125,0.9325
0.9104,0.5755,0.7052,0.9254
0.9254,0.5962,0.7251,0.9387
0.8806,0.5566,0.6821,0.946
0.8657,0.5133,0.6444,0.8945
0.9242,0.5446,0.6854,0.9498
0.8485,0.5091,0.6364,0.8936
0.8939,0.5619,0.6901,0.9376
0.8939,0.5043,0.6448,0.8906
0.8636,0.6264,0.7261,0.9444
0.8182,0.5047,0.6243,0.8991
0.9091,0.5607,0.6936,0.9218
0.8788,0.5631,0.6864,0.9088
0.8657,0.4957,0.6304,0.9014
0.8507,0.6264,0.7215,0.9421
0.9104,0.5922,0.7176,0.942
0.8358,0.5545,0.6667,0.9141
0.8939,0.5268,0.6629,0.9205
0.9091,0.5455,0.6818,0.9235
0.8485,0.4912,0.6222,0.9029
0.8939,0.5463,0.6782,0.9188
0.8939,0.5221,0.6592,0.9199
0.9545,0.5385,0.6885,0.9325
0.8209,0.5046,0.625,0.9014
0.9104,0.581,0.7093,0.9347
0.9104,0.5169,0.6595,0.9133
0.8209,0.567,0.6707,0.9074
0.8485,0.5714,0.6829,0.9224
0.8636,0.5182,0.6477,0.9175
0.8485,0.5657,0.6788,0.9067
0.8636,0.5758,0.6909,0.9195
0.803,0.5464,0.6503,0.8882
0.8485,0.5185,0.6437,0.9217
0.9104,0.5304,0.6703,0.9247
0.9104,0.5351,0.674,0.9292
0.8209,0.567,0.6707,0.9076
0.7612,0.51,0.6108,0.8873
0.8788,0.5631,0.6864,0.9271
0.9242,0.5596,0.6971,0.9355
0.8939,0.596,0.7152,0.9356
0.9242,0.5446,0.6854,0.9253
0.8333,0.5556,0.6667,0.9345
0.9091,0.5217,0.663,0.9124
0.8657,0.5421,0.6667,0.9198
0.8358,0.5185,0.64,0.9173
0.8209,0.514,0.6322,0.902
0.8209,0.5914,0.6875,0.9235
0.8636,0.6196,0.7215,0.9316
0.9091,0.531,0.6704,0.9149
0.8182,0.5745,0.675,0.916
0.9697,0.547,0.6995,0.938
0.8485,0.5385,0.6588,0.9104
0.8636,0.5938,0.7037,0.9149
0.9254,0.5041,0.6526,0.9111
0.8806,0.5413,0.6705,0.9265
0.9104,0.598,0.7219,0.9346
0.8657,0.5179,0.648,0.9155
0.9242,0.5398,0.6816,0.9362
0.8333,0.5,0.625,0.9001
0.8182,0.6136,0.7013,0.9305
0.8485,0.5833,0.6914,0.9314
0.8485,0.5138,0.64,0.9054
0.8333,0.6044,0.7006,0.9329
0.8806,0.5619,0.686,0.9265
0.8806,0.5463,0.6743,0.9235
0.8657,0.537,0.6629,0.923
0.8358,0.5091,0.6328,0.8903
0.8333,0.55,0.6627,0.9168
0.9091,0.5714,0.7018,0.9355
0.9242,0.5596,0.6971,0.9222
0.7727,0.505,0.6108,0.9109
0.9242,0.5495,0.6893,0.9298
0.8788,0.58,0.6988,0.9346
0.8657,0.6042,0.7117,0.943
0.8358,0.487,0.6154,0.885
0.8657,0.5686,0.6864,0.9269
0.9104,0.5446,0.6816,0.9206
0.8182,0.5625,0.6667,0.9102
0.8939,0.596,0.7152,0.9139
0.8788,0.537,0.6667,0.9255
0.803,0.5521,0.6543,0.9181
0.8788,0.5088,0.6444,0.9128
0.8788,0.5,0.6374,0.9096
0.9403,0.504,0.6563,0.937
0.8358,0.4956,0.6222,0.8908
0.8806,0.5566,0.6821,0.93
0.8507,0.6264,0.7215,0.9355
0.8182,0.5243,0.6391,0.9038
0.9091,0.531,0.6704,0.9112
0.9091,0.6061,0.7273,0.9365
0.8182,0.6,0.6923,0.9255
0.8333,0.534,0.6509,0.9088
0.9091,0.5405,0.678,0.9304
0.8657,0.5577,0.6784,0.9297
0.9104,0.581,0.7093,0.932
0.8209,0.5288,0.6433,0.8981
0.8358,0.5283,0.6474,0.9193
0.8939,0.5784,0.7024,0.9193
0.8636,0.5588,0.6786,0.9258
0.9242,0.604,0.7305,0.9355
0.7879,0.4952,0.6082,0.8959
0.9091,0.5505,0.6857,0.9277
0.8182,0.5243,0.6391,0.8939
0.8955,0.531,0.6667,0.922
0.8806,0.602,0.7152,0.9326
0.8955,0.4918,0.6349,0.915
0.8806,0.5842,0.7024,0.937
0.8485,0.5545,0.6707,0.9077
0.8788,0.5577,0.6824,0.9249
0.8788,0.5088,0.6444,0.9007
0.8788,0.5577,0.6824,0.93
0.9091,0.5882,0.7143,0.9462
0.9091,0.5455,0.6818,0.9263
0.8507,0.5,0.6298,0.9019
0.8657,0.5743,0.6905,0.9166
0.8657,0.5421,0.6667,0.9095
0.9254,0.5905,0.7209,0.9511
0.8333,0.4955,0.6215,0.8865
0.8939,0.5619,0.6901,0.9178
0.7879,0.5532,0.65,0.9168
0.8939,0.5673,0.6941,0.9204
0.9242,0.5755,0.7093,0.9414
0.8788,0.5686,0.6905,0.9232
0.9104,0.5545,0.6893,0.9372
0.8507,0.5429,0.6628,0.9242
0.9104,0.5446,0.6816,0.9197
0.7612,0.5604,0.6456,0.8933
0.8788,0.5577,0.6824,0.9025
0.8333,0.5729,0.679,0.9145
0.8182,0.5745,0.675,0.9123
0.9545,0.5478,0.6961,0.9339
0.8485,0.4786,0.612,0.8994
0.8939,0.513,0.6519,0.8963
0.9104,0.5865,0.7135,0.9289
0.8507,0.5481,0.6667,0.9158
0.8358,0.6437,0.7273,0.943
0.8358,0.5895,0.6914,0.9179
0.7879,0.5843,0.671,0.916
0.8333,0.55,0.6627,0.9077
0.9242,0.5648,0.7011,0.9302
0.9394,0.5124,0.6631,0.9288
0.8485,0.5234,0.6474,0.9084
0.9091,0.5217,0.663,0.9364
0.8657,0.5088,0.6409,0.8998
0.7761,0.5306,0.6303,0.9046
0.8955,0.625,0.7362,0.9525
0.8806,0.5315,0.6629,0.9211
0.9545,0.5431,0.6923,0.9332
0.803,0.5196,0.631,0.8958
0.8939,0.5514,0.6821,0.9129
0.9091,0.5941,0.7186,0.9304
0.8358,0.5657,0.6747,0.9104
0.8955,0.5714,0.6977,0.9193
0.8806,0.5175,0.6519,0.9312
0.8209,0.567,0.6707,0.913
0.8333,0.514,0.6358,0.9201
0.803,0.53,0.6386,0.9119
0.8485,0.5437,0.6627,0.9071
0.9697,0.5714,0.7191,0.9515
0.8333,0.5189,0.6395,0.9038
0.8788,0.5421,0.6705,0.9094
