RUSBag
1.0,0.4118,0.5833,0.9068
0.8095,0.2931,0.4304,0.8768
0.7273,0.4103,0.5246,0.8943
0.9091,0.3846,0.5405,0.8737
0.6364,0.3043,0.4118,0.8202
0.7727,0.3617,0.4928,0.8692
0.8571,0.375,0.5217,0.873
0.8095,0.3269,0.4658,0.8719
0.9048,0.4043,0.5588,0.9068
0.7143,0.3333,0.4545,0.8362
0.9048,0.3455,0.5,0.8316
0.8571,0.3051,0.45,0.8545
0.8636,0.3585,0.5067,0.8739
0.8636,0.3333,0.481,0.8696
0.8182,0.4,0.5373,0.8954
0.8636,0.413,0.5588,0.9387
0.7619,0.4848,0.5926,0.9271
0.7143,0.3261,0.4478,0.8314
0.7619,0.381,0.5079,0.8793
0.7619,0.4211,0.5424,0.897
0.9048,0.38,0.5352,0.8941
0.7619,0.3333,0.4638,0.8532
0.7727,0.3333,0.4658,0.866
0.5,0.3056,0.3793,0.8126
0.9091,0.3704,0.5263,0.899
0.8182,0.3529,0.4932,0.8883
0.8571,0.3529,0.5,0.8732
0.8571,0.375,0.5217,0.9089
0.8571,0.3529,0.5,0.8932
0.5714,0.2857,0.381,0.839
0.8095,0.4146,0.5484,0.9021
0.9048,0.3519,0.5067,0.9016
0.6818,0.3191,0.4348,0.8375
0.7273,0.3636,0.4848,0.8512
1.0,0.3729,0.5432,0.9134
0.9545,0.4468,0.6087,0.9244
0.7619,0.3902,0.5161,0.8868
0.8571,0.3,0.4444,0.8743
0.9048,0.4318,0.5846,0.9031
0.6667,0.28,0.3944,0.825
0.8095,0.2931,0.4304,0.8628
0.8571,0.383,0.5294,0.8804
0.7727,0.3864,0.5152,0.8746
0.7727,0.3469,0.4789,0.855
0.6818,0.3191,0.4348,0.7985
0.9545,0.4038,0.5676,0.9434
0.8571,0.375,0.5217,0.893
0.9524,0.3922,0.5556,0.8981
0.8095,0.3696,0.5075,0.8719
0.8571,0.5294,0.6545,0.9284
0.9524,0.3448,0.5063,0.9205
0.7619,0.2909,0.4211,0.8307
0.7727,0.3617,0.4928,0.8853
0.9545,0.3684,0.5316,0.8934
0.7727,0.4595,0.5763,0.9076
0.8182,0.375,0.5143,0.8819
0.8095,0.4048,0.5397,0.8823
0.8571,0.3913,0.5373,0.8995
0.6667,0.3043,0.4179,0.8031
0.9048,0.3519,0.5067,0.8995
0.8571,0.375,0.5217,0.9188
0.8571,0.36,0.507,0.9153
0.9545,0.4038,0.5676,0.9426
0.5909,0.3333,0.4262,0.8523
0.7273,0.2712,0.3951,0.8425
0.8636,0.3519,0.5,0.8759
0.7619,0.3636,0.4923,0.8579
0.8571,0.439,0.5806,0.8953
0.8095,0.3617,0.5,0.8766
0.8095,0.4595,0.5862,0.908
0.8095,0.3208,0.4595,0.9057
0.7619,0.2807,0.4103,0.8101
0.9545,0.42,0.5833,0.9325
0.6364,0.2917,0.4,0.8025
0.8182,0.4,0.5373,0.8902
0.8182,0.4186,0.5538,0.9013
0.9048,0.3725,0.5278,0.9068
0.7143,0.3846,0.5,0.8783
0.7619,0.3478,0.4776,0.8825
0.6667,0.2917,0.4058,0.8505
0.9048,0.4043,0.5588,0.9325
0.8571,0.4286,0.5714,0.9134
0.8182,0.375,0.5143,0.8948
0.7727,0.3269,0.4595,0.8517
0.8182,0.3673,0.507,0.8806
0.6364,0.3684,0.4667,0.8737
0.5714,0.2353,0.3333,0.7292
0.8095,0.3953,0.5313,0.911
0.9524,0.4,0.5634,0.9301
0.8095,0.3778,0.5152,0.914
0.7273,0.4,0.5161,0.8743
0.8636,0.3333,0.481,0.8615
0.9091,0.4348,0.5882,0.9275
0.9091,0.3175,0.4706,0.8999
0.9048,0.3393,0.4935,0.9211
0.7143,0.3846,0.5,0.859
0.619,0.3421,0.4407,0.7921
0.9048,0.3654,0.5205,0.9125
0.7143,0.3409,0.4615,0.8543
0.8571,0.3462,0.4932,0.8759
0.8182,0.3273,0.4675,0.8373
0.8182,0.3333,0.4737,0.8804
0.7273,0.3478,0.4706,0.8496
0.7727,0.3091,0.4416,0.8424
0.8571,0.36,0.507,0.9198
0.8095,0.3778,0.5152,0.9063
0.8571,0.36,0.507,0.9082
0.7619,0.4571,0.5714,0.8919
0.6667,0.2333,0.3457,0.7821
0.7619,0.3333,0.4638,0.87
0.7273,0.32,0.4444,0.8997
0.8182,0.3158,0.4557,0.8636
0.6818,0.3947,0.5,0.8308
0.7727,0.3778,0.5075,0.8891
0.8571,0.3158,0.4615,0.8577
0.9524,0.3571,0.5195,0.9218
0.8095,0.3864,0.5231,0.8685
0.6667,0.3415,0.4516,0.8726
0.8571,0.3396,0.4865,0.8966
0.7143,0.3846,0.5,0.8615
0.8571,0.36,0.507,0.8691
0.9524,0.4082,0.5714,0.9196
0.7727,0.3091,0.4416,0.8575
0.7727,0.4048,0.5312,0.877
0.9091,0.4,0.5556,0.9053
0.9545,0.3962,0.56,0.9107
0.9524,0.339,0.5,0.8828
0.8571,0.383,0.5294,0.9059
0.619,0.2766,0.3824,0.8193
0.7619,0.4211,0.5424,0.8802
0.9048,0.4222,0.5758,0.8948
0.9524,0.3636,0.5263,0.9229
0.5455,0.25,0.3429,0.7693
0.8636,0.4524,0.5938,0.9163
0.8182,0.375,0.5143,0.9006
0.9545,0.3621,0.525,0.9039
0.7143,0.3061,0.4286,0.8262
0.8095,0.3542,0.4928,0.898
0.8571,0.5143,0.6429,0.9208
0.6667,0.2979,0.4118,0.8076
0.6818,0.3061,0.4225,0.8068
0.8182,0.383,0.5217,0.8948
0.9091,0.3922,0.5479,0.8718
0.8636,0.3276,0.475,0.8501
0.9524,0.4255,0.5882,0.9625
0.7143,0.3261,0.4478,0.8592
0.8095,0.3208,0.4595,0.8524
0.9524,0.4,0.5634,0.918
0.8571,0.375,0.5217,0.9112
0.7143,0.3659,0.4839,0.8399
0.8571,0.3214,0.4675,0.9042
0.6667,0.3415,0.4516,0.8382
0.8636,0.3654,0.5135,0.8911
0.8636,0.3393,0.4872,0.8838
0.7273,0.4103,0.5246,0.849
0.9545,0.375,0.5385,0.8957
0.8571,0.4615,0.6,0.8989
0.6667,0.3256,0.4375,0.8275
0.7619,0.3137,0.4444,0.8605
0.8571,0.4091,0.5538,0.9246
0.9048,0.3167,0.4691,0.8815
0.8095,0.3208,0.4595,0.8678
0.7273,0.4571,0.5614,0.8988
0.7727,0.4048,0.5312,0.9071
0.8182,0.383,0.5217,0.8611
0.7273,0.381,0.5,0.8795
0.9048,0.38,0.5352,0.8876
0.9048,0.3725,0.5278,0.9129
0.8571,0.3462,0.4932,0.8828
0.7619,0.3333,0.4638,0.8719
0.6667,0.3256,0.4375,0.8369
0.9048,0.3958,0.5507,0.8991
0.7727,0.34,0.4722,0.8674
0.9545,0.35,0.5122,0.9113
0.7273,0.3404,0.4638,0.8368
0.7273,0.3636,0.4848,0.8804
0.7143,0.3488,0.4688,0.8558
0.9048,0.3878,0.5429,0.9182
0.8571,0.3529,0.5,0.9346
0.8095,0.3864,0.5231,0.8745
0.8571,0.383,0.5294,0.9042
0.8095,0.4048,0.5397,0.9031
0.9545,0.4375,0.6,0.9001
0.8182,0.3273,0.4675,0.8557
0.8636,0.3878,0.5352,0.9134
0.8636,0.4043,0.5507,0.8831
0.8571,0.3462,0.4932,0.874
0.7619,0.381,0.5079,0.8798
0.6667,0.3043,0.4179,0.8282
0.8095,0.3953,0.5313,0.8997
0.6667,0.3684,0.4746,0.8348
0.8095,0.3148,0.4533,0.8682
0.5909,0.2955,0.3939,0.7917
0.8636,0.3519,0.5,0.9154
0.8636,0.3519,0.5,0.8748
0.8182,0.3913,0.5294,0.8938
0.7619,0.3721,0.5,0.8604
0.8571,0.375,0.5217,0.9121
0.8571,0.383,0.5294,0.9167
0.8095,0.3778,0.5152,0.8821
0.8571,0.3529,0.5,0.8753
0.7143,0.3659,0.4839,0.8753
0.9091,0.3704,0.5263,0.8992
0.6818,0.3,0.4167,0.8638
0.9091,0.4545,0.6061,0.9257
0.8182,0.383,0.5217,0.879
0.7619,0.32,0.4507,0.8645
0.8095,0.3148,0.4533,0.8384
0.8095,0.3696,0.5075,0.9031
0.9048,0.3333,0.4872,0.8881
0.9048,0.4419,0.5938,0.9132
0.8571,0.383,0.5294,0.8778
0.7727,0.3542,0.4857,0.8555
0.8182,0.3273,0.4675,0.8546
0.9091,0.3704,0.5263,0.8898
0.8636,0.38,0.5278,0.8705
0.9048,0.3519,0.5067,0.9036
0.8095,0.3269,0.4658,0.8798
0.5238,0.3929,0.449,0.8483
0.8571,0.4091,0.5538,0.9097
0.8095,0.3778,0.5152,0.8776
0.9524,0.3509,0.5128,0.9288
0.8636,0.38,0.5278,0.9067
0.7273,0.3721,0.4923,0.8723
0.7727,0.3542,0.4857,0.882
0.7727,0.3091,0.4416,0.8442
0.7619,0.3721,0.5,0.8766
0.8095,0.34,0.4789,0.8687
0.8095,0.3148,0.4533,0.8324
0.8571,0.4,0.5455,0.9159
0.6667,0.3784,0.4828,0.8825
0.7619,0.3478,0.4776,0.8678
0.8636,0.413,0.5588,0.8936
0.9091,0.3704,0.5263,0.8936
0.9545,0.3818,0.5455,0.8882
0.7273,0.3333,0.4571,0.8319
0.8571,0.36,0.507,0.876
0.8095,0.425,0.5574,0.9021
0.8095,0.3469,0.4857,0.9116
0.8095,0.34,0.4789,0.8936
0.8095,0.3469,0.4857,0.8763
0.7619,0.3333,0.4638,0.8498
0.8636,0.38,0.5278,0.9037
0.8182,0.375,0.5143,0.8833
0.8636,0.3654,0.5135,0.8885
0.7727,0.3208,0.4533,0.8178
0.8571,0.3273,0.4737,0.8424
0.7619,0.3404,0.4706,0.8551
0.8095,0.34,0.4789,0.8811
0.9524,0.4082,0.5714,0.9409
0.8095,0.3778,0.5152,0.9042
0.7143,0.3409,0.4615,0.8324
0.8636,0.3276,0.475,0.9017
0.7727,0.2931,0.425,0.8258
0.8636,0.4524,0.5938,0.9235
0.8636,0.4043,0.5507,0.9085
1.0,0.3889,0.56,0.8963
0.7619,0.3265,0.4571,0.8485
0.7143,0.3659,0.4839,0.8804
0.5238,0.3333,0.4074,0.8282
0.7143,0.3409,0.4615,0.8375
0.9048,0.3878,0.5429,0.8963
0.7727,0.3469,0.4789,0.8883
0.7273,0.3077,0.4324,0.8395
0.9091,0.3922,0.5479,0.9152
0.9545,0.4038,0.5676,0.9078
0.9524,0.3333,0.4938,0.8915
0.9048,0.413,0.5672,0.8857
0.7619,0.3478,0.4776,0.8683
0.7143,0.3659,0.4839,0.8585
0.8095,0.2931,0.4304,0.8489
0.7619,0.3404,0.4706,0.8481
0.6364,0.3684,0.4667,0.8304
0.6364,0.3684,0.4667,0.8644
0.8636,0.4043,0.5507,0.9223
0.7727,0.3469,0.4789,0.8801
0.9048,0.3878,0.5429,0.8885
0.8571,0.36,0.507,0.887
0.9048,0.3725,0.5278,0.8768
0.8571,0.3913,0.5373,0.8855
0.9048,0.3725,0.5278,0.8838
0.6667,0.3043,0.4179,0.8596
0.9091,0.3846,0.5405,0.9114
0.7273,0.4211,0.5333,0.8665
0.9545,0.42,0.5833,0.9363
0.9091,0.3509,0.5063,0.9125
0.7619,0.3721,0.5,0.9025
0.7619,0.3404,0.4706,0.8711
0.7619,0.3077,0.4384,0.8416
0.7619,0.32,0.4507,0.853
0.7143,0.3333,0.4545,0.8489
0.7619,0.3556,0.4848,0.9004
0.9091,0.3509,0.5063,0.9067
0.8182,0.3158,0.4557,0.8741
0.7727,0.3778,0.5075,0.8945
0.7273,0.4103,0.5246,0.8552
0.9048,0.38,0.5352,0.9063
0.8095,0.3333,0.4722,0.873
0.6667,0.3684,0.4746,0.8386
0.9524,0.4255,0.5882,0.9076
1.0,0.4118,0.5833,0.9539
0.9048,0.4419,0.5938,0.9304
0.6818,0.3333,0.4478,0.8218
0.7727,0.3617,0.4928,0.8595
0.7727,0.3333,0.4658,0.8566
0.7273,0.3077,0.4324,0.8131
0.8571,0.383,0.5294,0.9029
0.8095,0.4474,0.5763,0.9004
0.9048,0.3585,0.5135,0.9148
0.6667,0.2979,0.4118,0.8471
0.6667,0.3111,0.4242,0.8166
0.7619,0.3404,0.4706,0.8307
0.9545,0.42,0.5833,0.8941
0.8636,0.38,0.5278,0.9039
0.7273,0.3902,0.5079,0.8727
0.9545,0.3621,0.525,0.9062
0.619,0.2826,0.3881,0.8292
0.9048,0.4043,0.5588,0.9257
0.7619,0.3721,0.5,0.8662
0.9048,0.3878,0.5429,0.9008
0.7619,0.381,0.5079,0.8785
0.7143,0.3846,0.5,0.8836
0.8636,0.38,0.5278,0.8916
0.9545,0.3818,0.5455,0.9336
0.8636,0.38,0.5278,0.8873
0.6364,0.3043,0.4118,0.8075
0.8571,0.3333,0.48,0.8772
0.7619,0.3404,0.4706,0.877
0.7143,0.3061,0.4286,0.8579
0.8571,0.375,0.5217,0.8798
0.8095,0.3696,0.5075,0.9316
0.7619,0.3478,0.4776,0.8838
0.8636,0.3519,0.5,0.8898
0.7273,0.3137,0.4384,0.8469
0.6818,0.2885,0.4054,0.8413
0.9545,0.4118,0.5753,0.9188
0.7143,0.3488,0.4688,0.8488
0.9048,0.4222,0.5758,0.9059
0.8571,0.3333,0.48,0.8515
0.8095,0.3208,0.4595,0.8558
0.7143,0.4167,0.5263,0.8615
0.8095,0.3617,0.5,0.8751
0.7273,0.4103,0.5246,0.8847
0.8182,0.375,0.5143,0.8719
0.9545,0.4468,0.6087,0.9167
0.8636,0.3115,0.4578,0.8965
0.7143,0.3,0.4225,0.8263
0.8571,0.3333,0.48,0.8998
0.6667,0.3333,0.4444,0.866
0.8095,0.3333,0.4722,0.8776
0.8095,0.3208,0.4595,0.8701
0.7619,0.3265,0.4571,0.8748
0.6818,0.2941,0.411,0.8436
0.8636,0.4043,0.5507,0.9109
0.7273,0.3077,0.4324,0.8088
0.7273,0.3636,0.4848,0.8667
0.8571,0.3673,0.5143,0.8707
0.7619,0.3556,0.4848,0.8898
0.8095,0.3469,0.4857,0.8827
0.8571,0.4186,0.5625,0.9291
0.8095,0.3778,0.5152,0.8903
0.8095,0.3333,0.4722,0.8819
0.7727,0.4048,0.5312,0.9033
0.8182,0.3333,0.4737,0.868
0.7273,0.3077,0.4324,0.8131
0.7727,0.4146,0.5397,0.8755
0.7619,0.3077,0.4384,0.8804
0.8571,0.4,0.5455,0.8781
0.8571,0.4091,0.5538,0.9061
0.8095,0.3469,0.4857,0.9023
0.9091,0.3571,0.5128,0.8725
0.9091,0.3846,0.5405,0.8956
0.8636,0.3878,0.5352,0.8909
0.8182,0.4286,0.5625,0.9125
0.8571,0.375,0.5217,0.9014
0.8095,0.3469,0.4857,0.8763
0.7143,0.3,0.4225,0.8352
0.7619,0.3478,0.4776,0.8626
0.7619,0.381,0.5079,0.9025
0.7143,0.3333,0.4545,0.8485
0.7143,0.3488,0.4688,0.883
0.9048,0.3519,0.5067,0.8652
0.9091,0.3704,0.5263,0.8851
0.8636,0.3878,0.5352,0.9022
0.7727,0.34,0.4722,0.8535
0.7727,0.3696,0.5,0.8975
0.8571,0.36,0.507,0.8861
0.8095,0.3864,0.5231,0.8796
0.8571,0.375,0.5217,0.8927
0.9048,0.3958,0.5507,0.9227
0.9524,0.4082,0.5714,0.9231
0.8095,0.3333,0.4722,0.8373
0.7273,0.4324,0.5424,0.8936
0.7727,0.2787,0.4096,0.8023
0.9545,0.4375,0.6,0.9154
0.6818,0.375,0.4839,0.8629
0.7619,0.3137,0.4444,0.829
0.9048,0.3585,0.5135,0.8998
0.8571,0.3529,0.5,0.9095
0.8571,0.4286,0.5714,0.8966
0.619,0.2955,0.4,0.8373
0.7619,0.2807,0.4103,0.818
0.8182,0.3273,0.4675,0.8562
0.9091,0.4,0.5556,0.8896
0.6818,0.3571,0.4688,0.8501
0.9091,0.3846,0.5405,0.9051
0.9524,0.3774,0.5405,0.9267
0.8571,0.3673,0.5143,0.9248
0.9048,0.3519,0.5067,0.9091
0.7143,0.3125,0.4348,0.8403
0.5714,0.2791,0.375,0.7865
0.7619,0.3137,0.4444,0.8211
0.9545,0.4375,0.6,0.9129
0.8636,0.4043,0.5507,0.9118
0.8182,0.4,0.5373,0.869
0.8182,0.36,0.5,0.8777
0.8571,0.383,0.5294,0.922
0.8095,0.3696,0.5075,0.9167
0.7619,0.3019,0.4324,0.8611
0.7143,0.3409,0.4615,0.8685
0.7727,0.3617,0.4928,0.8968
0.8182,0.36,0.5,0.8548
0.7727,0.3333,0.4658,0.8849
0.8182,0.3396,0.48,0.8566
0.8095,0.3208,0.4595,0.8676
0.7619,0.4,0.5246,0.8742
0.6667,0.3256,0.4375,0.8362
0.9048,0.3958,0.5507,0.9254
0.7619,0.3721,0.5,0.8834
1.0,0.4038,0.5753,0.9216
0.8571,0.3913,0.5373,0.9078
0.8095,0.3696,0.5075,0.8843
1.0,0.4074,0.5789,0.9621
0.7727,0.34,0.4722,0.8759
0.8182,0.3396,0.48,0.8227
0.8636,0.3519,0.5,0.8461
0.4762,0.2326,0.3125,0.7685
0.7619,0.3902,0.5161,0.8779
0.8571,0.3158,0.4615,0.873
0.8571,0.3673,0.5143,0.9048
0.9048,0.3654,0.5205,0.9051
0.8095,0.34,0.4789,0.8866
0.9545,0.3962,0.56,0.903
0.8182,0.3673,0.507,0.8912
0.7727,0.4359,0.5574,0.8876
0.8182,0.3158,0.4557,0.8669
0.7143,0.3659,0.4839,0.8819
0.7143,0.3409,0.4615,0.8426
0.619,0.2766,0.3824,0.8212
0.8571,0.36,0.507,0.8955
0.9048,0.3455,0.5,0.8933
0.9048,0.3455,0.5,0.8826
0.8182,0.3529,0.4932,0.8746
0.8636,0.3519,0.5,0.8728
0.8636,0.3878,0.5352,0.9049
0.6818,0.3571,0.4688,0.8699
0.6667,0.3043,0.4179,0.818
0.9048,0.3878,0.5429,0.8953
0.8095,0.4595,0.5862,0.9138
0.6667,0.2857,0.4,0.8524
0.6667,0.3043,0.4179,0.8453
0.8095,0.3778,0.5152,0.9006
0.7273,0.3265,0.4507,0.8615
0.8182,0.3673,0.507,0.8977
0.8636,0.3725,0.5205,0.8737
0.8182,0.3396,0.48,0.9156
0.7143,0.3659,0.4839,0.8664
0.7143,0.3488,0.4688,0.8636
0.9048,0.3654,0.5205,0.8738
0.8095,0.3469,0.4857,0.8621
0.8571,0.375,0.5217,0.8939
0.8571,0.3333,0.48,0.8283
0.8182,0.2857,0.4235,0.8526
0.9091,0.3509,0.5063,0.8972
0.7727,0.34,0.4722,0.8369
0.7273,0.3902,0.5079,0.888
0.9048,0.4524,0.6032,0.9257
0.7143,0.3846,0.5,0.8912
0.7619,0.3902,0.5161,0.8842
0.7619,0.3636,0.4923,0.874
0.8095,0.3208,0.4595,0.8695
0.9048,0.3725,0.5278,0.8905
0.6364,0.3684,0.4667,0.8039
0.7727,0.3269,0.4595,0.8405
0.8636,0.3519,0.5,0.8815
0.8636,0.4419,0.5846,0.9271
0.7619,0.3556,0.4848,0.86
0.8571,0.4,0.5455,0.8891
0.8095,0.3617,0.5,0.8883
0.8571,0.3273,0.4737,0.8904
0.7619,0.3137,0.4444,0.8455
0.9048,0.322,0.475,0.8721
0.9091,0.3922,0.5479,0.8911
0.7727,0.3542,0.4857,0.8941
0.7273,0.3636,0.4848,0.8588
0.7273,0.4103,0.5246,0.8622
0.7619,0.3077,0.4384,0.8379
0.8095,0.3333,0.4722,0.8868
0.8571,0.3462,0.4932,0.8963
0.8571,0.4186,0.5625,0.8991
0.6667,0.3256,0.4375,0.8738
0.9524,0.4651,0.625,0.9524
0.8182,0.3913,0.5294,0.8773
0.6818,0.3409,0.4545,0.8514
0.8636,0.4318,0.5758,0.9048
0.7273,0.3478,0.4706,0.8925
0.8095,0.3953,0.5313,0.8851
0.8571,0.2903,0.4337,0.8898
0.8571,0.2727,0.4138,0.8171
0.7619,0.2963,0.4267,0.8494
0.8095,0.4474,0.5763,0.8888
0.8095,0.3542,0.4928,0.8821
0.5,0.2619,0.3438,0.8124
0.9091,0.3333,0.4878,0.8562
0.7727,0.3469,0.4789,0.8642
0.8636,0.3393,0.4872,0.8709
0.8095,0.3208,0.4595,0.8622
0.9524,0.4167,0.5797,0.9329
0.7619,0.2909,0.4211,0.863
0.7619,0.381,0.5079,0.9021
0.8095,0.3953,0.5313,0.8766
0.9048,0.3654,0.5205,0.9186
0.9545,0.3962,0.56,0.9172
0.6818,0.3571,0.4688,0.8447
0.7727,0.3778,0.5075,0.8968
0.7727,0.3269,0.4595,0.8784
0.8095,0.3208,0.4595,0.8583
0.8095,0.3542,0.4928,0.8466
0.8571,0.4186,0.5625,0.8781
0.7143,0.2727,0.3947,0.7988
0.8095,0.3208,0.4595,0.8766
0.8571,0.375,0.5217,0.919
0.6818,0.3125,0.4286,0.8369
0.9091,0.3509,0.5063,0.9138
0.6818,0.3947,0.5,0.8736
0.8182,0.3913,0.5294,0.9067
0.7619,0.381,0.5079,0.8649
0.8095,0.3208,0.4595,0.8377
0.8571,0.383,0.5294,0.8813
0.6667,0.3415,0.4516,0.8802
0.8095,0.3333,0.4722,0.8686
0.9048,0.4222,0.5758,0.8922
0.8636,0.413,0.5588,0.9208
0.7727,0.3269,0.4595,0.8755
0.8182,0.4286,0.5625,0.892
0.7727,0.3542,0.4857,0.892
0.8571,0.3462,0.4932,0.8724
0.7619,0.3265,0.4571,0.8182
0.8571,0.3529,0.5,0.8929
0.9048,0.38,0.5352,0.8985
0.8571,0.4091,0.5538,0.9151
0.7619,0.4103,0.5333,0.8849
0.7273,0.3636,0.4848,0.8559
0.9091,0.3636,0.5195,0.8745
0.6818,0.3,0.4167,0.8479
0.8636,0.3115,0.4578,0.884
0.9048,0.413,0.5672,0.8861
0.8571,0.45,0.5902,0.8951
0.7143,0.3488,0.4688,0.8694
0.9048,0.3455,0.5,0.921
0.9048,0.3393,0.4935,0.8956
0.6667,0.3182,0.4308,0.8448
0.6364,0.3182,0.4242,0.8254
0.7727,0.34,0.4722,0.8391
0.8182,0.383,0.5217,0.9098
0.6364,0.2917,0.4,0.8157
0.7143,0.3571,0.4762,0.869
0.9524,0.3922,0.5556,0.9206
0.8571,0.3214,0.4675,0.9225
0.8571,0.3913,0.5373,0.8719
0.9524,0.3704,0.5333,0.9076
1.0,0.3684,0.5385,0.9203
0.8182,0.4186,0.5538,0.8925
0.8636,0.4419,0.5846,0.9352
0.8182,0.439,0.5714,0.8929
0.6818,0.3261,0.4412,0.8638
0.6667,0.3256,0.4375,0.8577
0.9524,0.3774,0.5405,0.89
0.619,0.2955,0.4,0.8297
0.619,0.2889,0.3939,0.7954
0.7727,0.3269,0.4595,0.8748
0.8636,0.3654,0.5135,0.8552
0.7727,0.3864,0.5152,0.8867
0.8636,0.3654,0.5135,0.8719
0.9048,0.4043,0.5588,0.9323
0.6667,0.3415,0.4516,0.8555
0.8095,0.4857,0.6071,0.9203
0.6667,0.2979,0.4118,0.8082
0.8571,0.375,0.5217,0.9146
0.9048,0.3725,0.5278,0.9221
0.8095,0.3617,0.5,0.8673
0.8571,0.4,0.5455,0.9106
0.8636,0.475,0.6129,0.8956
0.9091,0.3509,0.5063,0.8784
0.6818,0.3659,0.4762,0.8323
0.7727,0.34,0.4722,0.8317
0.9524,0.4444,0.6061,0.9197
0.9048,0.38,0.5352,0.9212
0.8571,0.36,0.507,0.8921
0.8095,0.3542,0.4928,0.8723
0.9048,0.3585,0.5135,0.9094
0.8095,0.3778,0.5152,0.8607
0.9545,0.4667,0.6269,0.9524
0.5909,0.3095,0.4063,0.8039
0.8636,0.3519,0.5,0.9111
0.8182,0.3673,0.507,0.8718
0.7143,0.3125,0.4348,0.8587
0.7619,0.3556,0.4848,0.8418
0.8571,0.439,0.5806,0.8791
0.8571,0.4091,0.5538,0.8932
0.8571,0.383,0.5294,0.8937
0.8571,0.375,0.5217,0.8886
0.7273,0.3265,0.4507,0.8478
0.6364,0.3111,0.4179,0.8243
0.8182,0.3273,0.4675,0.8463
0.7273,0.3478,0.4706,0.8588
0.9048,0.4318,0.5846,0.9014
0.8571,0.375,0.5217,0.8976
0.7143,0.3409,0.4615,0.8987
0.9048,0.3519,0.5067,0.9257
0.7619,0.3636,0.4923,0.8937
0.8571,0.3529,0.5,0.8997
0.7273,0.3333,0.4571,0.8216
0.8182,0.36,0.5,0.884
0.8636,0.413,0.5588,0.8707
0.8182,0.3462,0.4865,0.8804
0.7619,0.4103,0.5333,0.8819
0.8095,0.4048,0.5397,0.9123
0.8095,0.3617,0.5,0.8248
0.9524,0.3279,0.4878,0.9152
0.8095,0.3542,0.4928,0.8731
0.9524,0.3774,0.5405,0.9329
0.8182,0.3333,0.4737,0.8375
0.9091,0.4444,0.597,0.9087
0.7727,0.3617,0.4928,0.9033
0.7727,0.3778,0.5075,0.8609
0.8571,0.3158,0.4615,0.867
0.7619,0.3333,0.4638,0.8262
0.7619,0.4103,0.5333,0.8895
0.8095,0.3617,0.5,0.8793
0.7143,0.3191,0.4412,0.8273
0.9048,0.38,0.5352,0.9139
0.8182,0.375,0.5143,0.8804
0.7273,0.2857,0.4103,0.8027
0.7727,0.3469,0.4789,0.8831
0.6364,0.3684,0.4667,0.8467
0.8571,0.3333,0.48,0.8947
0.8571,0.4186,0.5625,0.9121
1.0,0.3889,0.56,0.9533
0.8095,0.3469,0.4857,0.8673
0.8095,0.3542,0.4928,0.8862
0.8095,0.3469,0.4857,0.8864
0.9091,0.4082,0.5634,0.864
0.5455,0.2553,0.3478,0.8079
0.7727,0.3542,0.4857,0.879
0.8182,0.4,0.5373,0.8663
0.8571,0.383,0.5294,0.8949
0.8095,0.4048,0.5397,0.9146
0.8095,0.3778,0.5152,0.8895
0.8095,0.3333,0.4722,0.8692
0.8095,0.3208,0.4595,0.8766
0.7619,0.3478,0.4776,0.8969
0.8182,0.4286,0.5625,0.904
0.8182,0.4091,0.5455,0.8766
0.8636,0.3958,0.5429,0.8984
0.7727,0.3696,0.5,0.8952
0.7143,0.2885,0.411,0.8165
0.8571,0.3396,0.4865,0.8687
0.8095,0.3696,0.5075,0.8328
0.7619,0.32,0.4507,0.8101
1.0,0.3621,0.5316,0.9124
0.8571,0.2813,0.4235,0.8611
0.8636,0.38,0.5278,0.9017
0.7727,0.3469,0.4789,0.8649
0.6818,0.3571,0.4688,0.8393
0.7727,0.3542,0.4857,0.8712
0.6667,0.3043,0.4179,0.8692
0.8571,0.36,0.507,0.8802
0.8571,0.4091,0.5538,0.8951
0.8095,0.3864,0.5231,0.874
1.0,0.42,0.5915,0.9342
0.8095,0.34,0.4789,0.8903
0.8182,0.4,0.5373,0.8681
0.6818,0.3571,0.4688,0.8451
0.7727,0.3208,0.4533,0.857
0.9091,0.4348,0.5882,0.9168
0.8571,0.2857,0.4286,0.8715
0.5714,0.3158,0.4068,0.8352
0.8571,0.3913,0.5373,0.8857
0.9048,0.3455,0.5,0.8813
0.8636,0.3654,0.5135,0.8975
0.9091,0.4167,0.5714,0.8883
0.8182,0.3673,0.507,0.8938
0.9545,0.4118,0.5753,0.9452
0.8095,0.3864,0.5231,0.8868
0.8571,0.3913,0.5373,0.8781
0.8095,0.3953,0.5313,0.8647
0.8095,0.3269,0.4658,0.8543
0.7143,0.3488,0.4688,0.8687
0.6667,0.2745,0.3889,0.8129
0.8571,0.4,0.5455,0.9044
0.8095,0.3542,0.4928,0.8793
0.6818,0.3409,0.4545,0.8755
0.9091,0.4,0.5556,0.8981
0.8636,0.3958,0.5429,0.8984
0.8636,0.3455,0.4935,0.8786
0.8095,0.2982,0.4359,0.8794
0.8571,0.3,0.4444,0.8413
0.7619,0.3721,0.5,0.843
0.7619,0.4,0.5246,0.8813
0.8182,0.3158,0.4557,0.8782
0.7727,0.2982,0.4304,0.8236
0.7727,0.3696,0.5,0.8873
0.6818,0.3846,0.4918,0.8523
0.9524,0.3704,0.5333,0.943
0.8571,0.4,0.5455,0.9124
0.8571,0.3673,0.5143,0.8651
0.7619,0.3404,0.4706,0.8568
0.7619,0.3404,0.4706,0.8328
0.9048,0.4524,0.6032,0.9157
0.8182,0.375,0.5143,0.84
0.8636,0.3654,0.5135,0.9048
0.8182,0.36,0.5,0.8819
0.6818,0.283,0.4,0.8028
0.8571,0.4186,0.5625,0.9001
0.7619,0.3077,0.4384,0.8547
0.6667,0.2857,0.4,0.8486
0.9524,0.4878,0.6452,0.9473
0.8571,0.4091,0.5538,0.9195
0.619,0.3421,0.4407,0.8896
0.7273,0.3137,0.4384,0.8555
0.7727,0.3617,0.4928,0.869
0.7727,0.425,0.5484,0.8867
0.9545,0.3818,0.5455,0.919
0.7619,0.3902,0.5161,0.896
0.8571,0.3396,0.4865,0.8795
0.7143,0.3571,0.4762,0.8723
0.9048,0.3115,0.4634,0.8566
0.9524,0.4167,0.5797,0.9229
0.619,0.2653,0.3714,0.7971
0.6667,0.3256,0.4375,0.8493
0.8095,0.4857,0.6071,0.9192
0.8636,0.3654,0.5135,0.886
0.8182,0.3673,0.507,0.8883
0.8182,0.3333,0.4737,0.8802
0.9091,0.4545,0.6061,0.9168
0.8571,0.3673,0.5143,0.8798
0.8095,0.3696,0.5075,0.9033
0.8095,0.3208,0.4595,0.8331
0.7143,0.2679,0.3896,0.8137
0.9048,0.3725,0.5278,0.8999
0.7619,0.3721,0.5,0.8982
0.6364,0.3333,0.4375,0.7882
0.8182,0.3529,0.4932,0.8662
0.7273,0.3478,0.4706,0.8196
0.7727,0.4048,0.5312,0.8804
0.9048,0.413,0.5672,0.9155
0.7143,0.3333,0.4545,0.8791
0.9524,0.339,0.5,0.9034
0.6667,0.3333,0.4444,0.8853
0.7619,0.3721,0.5,0.8765
0.8095,0.425,0.5574,0.9031
0.9091,0.4255,0.5797,0.901
0.7727,0.3333,0.4658,0.884
0.7273,0.3019,0.4267,0.8303
0.6818,0.3659,0.4762,0.8575
0.5714,0.2857,0.381,0.7827
0.7619,0.3137,0.4444,0.8785
0.8571,0.3214,0.4675,0.8895
0.8571,0.3673,0.5143,0.8707
0.9048,0.4043,0.5588,0.901
0.619,0.3421,0.4407,0.853
0.7273,0.3333,0.4571,0.8285
0.9545,0.3621,0.525,0.9226
0.8636,0.4222,0.5672,0.8799
0.9091,0.3448,0.5,0.923
0.619,0.3171,0.4194,0.8042
0.9524,0.3636,0.5263,0.8989
0.7143,0.3333,0.4545,0.8513
0.9524,0.4,0.5634,0.9186
0.9048,0.322,0.475,0.9085
0.619,0.3023,0.4063,0.8534
0.8182,0.3913,0.5294,0.9006
0.8182,0.3673,0.507,0.846
0.8636,0.4318,0.5758,0.9046
0.8182,0.3673,0.507,0.825
0.619,0.3171,0.4194,0.8114
0.7619,0.3478,0.4776,0.9108
0.7619,0.32,0.4507,0.8709
0.9048,0.3276,0.481,0.9093
0.6667,0.2692,0.3836,0.8037
0.9048,0.3958,0.5507,0.919
0.7273,0.3902,0.5079,0.8709
0.7727,0.3208,0.4533,0.8169
0.7727,0.3617,0.4928,0.8575
0.9545,0.4773,0.6364,0.972
0.8571,0.45,0.5902,0.9172
0.8571,0.3673,0.5143,0.8851
0.7143,0.3409,0.4615,0.8949
0.7143,0.3409,0.4615,0.8568
0.9524,0.4444,0.6061,0.9558
0.8095,0.425,0.5574,0.9055
0.6818,0.2941,0.411,0.7969
0.8182,0.36,0.5,0.8779
0.7273,0.32,0.4444,0.833
0.7727,0.3953,0.5231,0.9102
0.9048,0.3958,0.5507,0.9265
1.0,0.35,0.5185,0.9148
0.7619,0.3404,0.4706,0.8456
0.7143,0.2885,0.411,0.8167
0.7619,0.3137,0.4444,0.8755
0.8095,0.3696,0.5075,0.8322
0.8182,0.4286,0.5625,0.8997
0.9091,0.4255,0.5797,0.9217
0.8182,0.36,0.5,0.8932
0.7727,0.3617,0.4928,0.895
1.0,0.4118,0.5833,0.9528
0.7619,0.2963,0.4267,0.8677
0.7619,0.2963,0.4267,0.8318
0.7619,0.3478,0.4776,0.8655
0.8571,0.3158,0.4615,0.8641
0.8095,0.3542,0.4928,0.8813
0.6818,0.3846,0.4918,0.8681
0.8636,0.38,0.5278,0.8916
0.7727,0.3778,0.5075,0.869
0.7273,0.3556,0.4776,0.8546
0.8095,0.3036,0.4416,0.891
0.8571,0.3273,0.4737,0.8985
0.7619,0.3478,0.4776,0.8749
0.8571,0.36,0.507,0.9123
0.9524,0.3846,0.5479,0.9074
0.7619,0.3333,0.4638,0.8343
0.8182,0.3214,0.4615,0.8344
0.8182,0.375,0.5143,0.8878
0.8182,0.439,0.5714,0.9168
0.7727,0.34,0.4722,0.8705
0.8095,0.3333,0.4722,0.9084
0.619,0.3095,0.4127,0.8432
0.8571,0.3913,0.5373,0.8964
0.9048,0.3393,0.4935,0.873
0.7619,0.32,0.4507,0.8253
0.8571,0.3396,0.4865,0.8941
0.7273,0.4324,0.5424,0.901
0.9545,0.3559,0.5185,0.9179
0.8182,0.5143,0.6316,0.9113
0.9091,0.3571,0.5128,0.915
0.7619,0.4444,0.5614,0.908
0.8571,0.3673,0.5143,0.908
0.8095,0.3333,0.4722,0.8647
0.6667,0.2979,0.4118,0.818
0.7143,0.3571,0.4762,0.8817
0.7143,0.3571,0.4762,0.83
0.9091,0.4651,0.6154,0.91
0.7727,0.3617,0.4928,0.8745
0.7273,0.3721,0.4923,0.8716
0.8182,0.3462,0.4865,0.86
0.7143,0.3488,0.4688,0.8734
0.8571,0.36,0.507,0.8895
0.9048,0.38,0.5352,0.932
0.8571,0.3,0.4444,0.8728
0.7727,0.3469,0.4789,0.8553
0.7727,0.3542,0.4857,0.8819
0.9091,0.3774,0.5333,0.8627
0.9545,0.4884,0.6462,0.9347
0.8095,0.3778,0.5152,0.881
0.6667,0.3415,0.4516,0.8358
0.8095,0.34,0.4789,0.857
0.7619,0.3404,0.4706,0.8645
0.7143,0.3947,0.5085,0.8946
0.8095,0.3333,0.4722,0.8717
0.9048,0.4524,0.6032,0.937
0.8095,0.34,0.4789,0.8365
0.8636,0.322,0.4691,0.9084
0.8182,0.3913,0.5294,0.8716
0.9545,0.5,0.6563,0.9529
0.8182,0.4615,0.5902,0.9212
0.6667,0.3043,0.4179,0.8125
0.7619,0.3556,0.4848,0.8539
0.7143,0.3191,0.4412,0.8726
0.9524,0.3333,0.4938,0.9076
0.9524,0.3077,0.4651,0.9276
0.9048,0.3654,0.5205,0.9239
0.7727,0.3696,0.5,0.8983
0.8182,0.375,0.5143,0.857
0.7273,0.3902,0.5079,0.8797
0.6364,0.3333,0.4375,0.8256
0.9524,0.339,0.5,0.901
0.6667,0.4,0.5,0.8724
0.8095,0.4146,0.5484,0.9121
0.8571,0.3673,0.5143,0.893
0.9048,0.322,0.475,0.8566
0.7143,0.3333,0.4545,0.8483
0.7727,0.3778,0.5075,0.8943
0.7727,0.4048,0.5312,0.8986
0.7273,0.3478,0.4706,0.8725
0.8182,0.3158,0.4557,0.8703
0.7619,0.3636,0.4923,0.8874
0.9048,0.413,0.5672,0.8963
0.6667,0.3333,0.4444,0.8639
0.8095,0.3617,0.5,0.8879
0.7273,0.3721,0.4923,0.8418
0.8182,0.3462,0.4865,0.8469
0.7273,0.3478,0.4706,0.8279
0.8182,0.4091,0.5455,0.9228
0.8095,0.3333,0.4722,0.8856
0.8095,0.3542,0.4928,0.8701
0.8571,0.3396,0.4865,0.9144
0.9524,0.4167,0.5797,0.9019
0.7143,0.3191,0.4412,0.8381
0.7619,0.3721,0.5,0.873
0.9048,0.3958,0.5507,0.8813
0.8095,0.3333,0.4722,0.8446
0.9091,0.4348,0.5882,0.9107
0.6818,0.3261,0.4412,0.8479
0.7727,0.3208,0.4533,0.8256
0.8182,0.4,0.5373,0.886
0.9048,0.3585,0.5135,0.9305
0.8095,0.425,0.5574,0.8942
0.7619,0.4,0.5246,0.8399
0.8095,0.2982,0.4359,0.8811
0.8571,0.3462,0.4932,0.8592
0.7143,0.3488,0.4688,0.8607
0.8182,0.3673,0.507,0.89
0.8182,0.3333,0.4737,0.8496
0.6818,0.283,0.4,0.8362
0.8182,0.4186,0.5538,0.853
0.9524,0.3509,0.5128,0.9038
0.9048,0.3654,0.5205,0.9344
0.7619,0.381,0.5079,0.8881
0.9048,0.4419,0.5938,0.9129
0.7143,0.3061,0.4286,0.8543
0.7143,0.375,0.4918,0.8538
0.7727,0.4048,0.5312,0.8663
0.8636,0.3333,0.481,0.9033
0.7727,0.3953,0.5231,0.8916
0.8636,0.3958,0.5429,0.8936
0.8095,0.3696,0.5075,0.8759
0.8571,0.3396,0.4865,0.8707
0.7619,0.3333,0.4638,0.8598
0.8571,0.375,0.5217,0.8921
0.6667,0.2857,0.4,0.8181
0.8095,0.3617,0.5,0.8633
0.8636,0.413,0.5588,0.9062
0.7727,0.3778,0.5075,0.8548
0.9091,0.3846,0.5405,0.8984
0.9545,0.3962,0.56,0.9297
0.8571,0.3396,0.4865,0.874
0.8571,0.36,0.507,0.8936
0.9524,0.3846,0.5479,0.9356
0.5238,0.2558,0.3438,0.7632
0.7619,0.381,0.5079,0.9188
0.8571,0.4091,0.5538,0.881
0.6818,0.3488,0.4615,0.8404
0.8182,0.3051,0.4444,0.8274
0.9091,0.4167,0.5714,0.9167
0.7273,0.3137,0.4384,0.8651
0.8571,0.2687,0.4091,0.8517
0.7143,0.3571,0.4762,0.8628
0.8571,0.375,0.5217,0.9289
0.9524,0.3922,0.5556,0.9033
0.8571,0.3396,0.4865,0.9049
0.7619,0.3478,0.4776,0.8609
0.8182,0.3273,0.4675,0.8696
0.8636,0.3878,0.5352,0.875
0.5909,0.3333,0.4262,0.809
0.9545,0.4118,0.5753,0.928
0.7619,0.4571,0.5714,0.9129
0.6667,0.359,0.4667,0.8713
0.8571,0.3273,0.4737,0.8978
0.9048,0.3519,0.5067,0.8594
0.7619,0.5,0.6038,0.9286
0.7143,0.3571,0.4762,0.8558
0.9091,0.4255,0.5797,0.9172
0.8636,0.3519,0.5,0.904
0.7273,0.3478,0.4706,0.8636
0.7273,0.4211,0.5333,0.8947
0.8095,0.3091,0.4474,0.8193
0.8095,0.3208,0.4595,0.8728
0.8571,0.3462,0.4932,0.8925
0.8095,0.34,0.4789,0.8759
0.8182,0.2769,0.4138,0.8653
0.8636,0.4634,0.6032,0.8912
0.8636,0.413,0.5588,0.8858
0.8182,0.439,0.5714,0.8945
0.7143,0.3947,0.5085,0.8676
0.8095,0.3696,0.5075,0.8928
0.9048,0.3333,0.4872,0.884
0.9048,0.3585,0.5135,0.9078
0.8095,0.3542,0.4928,0.8762
0.7143,0.375,0.4918,0.8811
0.7143,0.3846,0.5,0.8369
0.9048,0.3878,0.5429,0.9342
0.8636,0.3333,0.481,0.8501
0.6818,0.3571,0.4688,0.8391
0.8636,0.3725,0.5205,0.906
0.8636,0.3725,0.5205,0.8905
0.8571,0.3396,0.4865,0.843
0.8571,0.3913,0.5373,0.9082
0.9048,0.3725,0.5278,0.9237
0.7143,0.3,0.4225,0.8392
