RUSBag
0.8824,0.3571,0.5085,0.9008
0.8824,0.5556,0.6818,0.9457
0.7647,0.2955,0.4262,0.8848
0.8824,0.4286,0.5769,0.9217
0.7778,0.3684,0.5,0.9122
0.8333,0.3947,0.5357,0.9233
0.8235,0.4,0.5385,0.9279
0.9412,0.381,0.5424,0.9485
1.0,0.4595,0.6296,0.9495
0.8824,0.4412,0.5882,0.9035
0.8235,0.3889,0.5283,0.9354
0.6471,0.275,0.386,0.8582
0.8824,0.4545,0.6,0.9362
0.8824,0.5,0.6383,0.9377
0.8333,0.5172,0.6383,0.9459
0.8333,0.3846,0.5263,0.9297
0.7059,0.375,0.4898,0.8864
0.9412,0.4706,0.6275,0.9427
0.8235,0.3333,0.4746,0.9085
0.8824,0.3488,0.5,0.8874
0.8889,0.4,0.5517,0.8884
0.8333,0.5,0.625,0.9402
0.8235,0.4516,0.5833,0.9225
0.8824,0.3846,0.5357,0.9262
0.7647,0.4063,0.5306,0.8863
0.9412,0.4571,0.6154,0.9484
0.8824,0.4545,0.6,0.9289
0.8824,0.3571,0.5085,0.9072
0.9412,0.4324,0.5926,0.9487
1.0,0.3269,0.4928,0.9379
0.8235,0.4828,0.6087,0.9332
0.7647,0.3714,0.5,0.9195
0.8824,0.4286,0.5769,0.9382
1.0,0.3778,0.5484,0.9013
0.8333,0.4054,0.5455,0.9209
0.9444,0.4595,0.6182,0.938
0.7059,0.5,0.5854,0.9314
0.8824,0.375,0.5263,0.9017
0.8824,0.4545,0.6,0.9314
0.8235,0.4,0.5385,0.9055
0.7647,0.3939,0.52,0.8841
0.8824,0.4286,0.5769,0.9172
0.9412,0.4571,0.6154,0.9506
0.8824,0.5,0.6383,0.9539
0.8333,0.4545,0.5882,0.9138
0.9444,0.4359,0.5965,0.9226
0.8824,0.375,0.5263,0.9364
0.7647,0.3421,0.4727,0.8517
0.8824,0.4412,0.5882,0.9382
0.9412,0.4,0.5614,0.9432
0.8889,0.4211,0.5714,0.9148
0.7778,0.3889,0.5185,0.9152
0.9412,0.4706,0.6275,0.9487
0.9412,0.381,0.5424,0.8968
1.0,0.4857,0.6538,0.9394
0.9412,0.5,0.6531,0.9651
0.7059,0.4,0.5106,0.8834
0.8824,0.375,0.5263,0.9258
0.8235,0.2979,0.4375,0.9002
0.8235,0.3684,0.5091,0.9045
0.9412,0.381,0.5424,0.9354
0.9412,0.4324,0.5926,0.9601
0.8235,0.4,0.5385,0.9202
0.9412,0.3721,0.5333,0.9285
0.8333,0.4839,0.6122,0.9404
0.8889,0.4444,0.5926,0.9198
0.8824,0.3947,0.5455,0.8849
0.7647,0.5,0.6047,0.9123
1.0,0.4146,0.5862,0.9316
0.7059,0.4138,0.5217,0.9007
0.8235,0.4375,0.5714,0.9207
0.8824,0.3571,0.5085,0.8848
0.6471,0.3667,0.4681,0.8699
0.8235,0.4,0.5385,0.8981
0.9444,0.3864,0.5484,0.9568
0.8333,0.4839,0.6122,0.9112
0.9412,0.4848,0.64,0.9424
0.8824,0.3409,0.4918,0.8977
0.9412,0.4103,0.5714,0.946
0.8824,0.4839,0.625,0.9379
0.9412,0.4706,0.6275,0.9499
0.8824,0.5172,0.6522,0.9516
0.9412,0.381,0.5424,0.925
0.9412,0.4706,0.6275,0.9494
0.8333,0.3261,0.4688,0.8775
0.7778,0.4,0.5283,0.878
0.8824,0.375,0.5263,0.9253
1.0,0.3864,0.5574,0.9502
0.8824,0.4545,0.6,0.9266
0.8235,0.4375,0.5714,0.9186
0.8824,0.4688,0.6122,0.924
0.9412,0.3902,0.5517,0.9352
0.8235,0.3784,0.5185,0.9015
0.9412,0.5,0.6531,0.9541
0.9444,0.3778,0.5397,0.9143
0.8333,0.3947,0.5357,0.9129
0.8824,0.3571,0.5085,0.9208
0.7059,0.4286,0.5333,0.9256
0.7647,0.3939,0.52,0.907
0.7647,0.4483,0.5652,0.9042
0.9412,0.4211,0.5818,0.9339
0.9412,0.4211,0.5818,0.928
0.8824,0.3409,0.4918,0.905
0.9412,0.4571,0.6154,0.9531
0.9444,0.4857,0.6415,0.9302
0.8333,0.4167,0.5556,0.9179
0.7059,0.3077,0.4286,0.8743
0.8824,0.4167,0.566,0.9268
0.9412,0.4706,0.6275,0.9527
0.8824,0.4054,0.5556,0.8884
0.7647,0.2766,0.4062,0.8472
0.6471,0.3235,0.4314,0.8664
0.8235,0.4242,0.56,0.913
0.8235,0.3333,0.4746,0.8776
0.9444,0.4857,0.6415,0.9599
0.9444,0.4595,0.6182,0.9169
0.9412,0.5517,0.6957,0.9422
1.0,0.4474,0.6182,0.9791
0.8824,0.3947,0.5455,0.9497
0.7059,0.3871,0.5,0.9072
0.8824,0.4286,0.5769,0.9195
0.8235,0.4242,0.56,0.9349
0.8824,0.375,0.5263,0.9153
0.7647,0.3714,0.5,0.9215
0.7778,0.4828,0.5957,0.9259
0.7778,0.4118,0.5385,0.9148
0.7647,0.3611,0.4906,0.9012
0.8824,0.375,0.5263,0.9238
0.8824,0.2885,0.4348,0.9027
0.9412,0.4848,0.64,0.9407
0.8824,0.4688,0.6122,0.9536
0.8235,0.3784,0.5185,0.8662
0.9412,0.4324,0.5926,0.9357
0.8235,0.35,0.4912,0.8921
0.7222,0.4643,0.5652,0.8989
0.8889,0.4,0.5517,0.9024
0.8824,0.4167,0.566,0.9299
0.8235,0.4375,0.5714,0.9329
1.0,0.4048,0.5763,0.9734
1.0,0.3864,0.5574,0.9143
0.8235,0.4118,0.549,0.9165
0.8824,0.4545,0.6,0.9312
0.8824,0.4286,0.5769,0.9342
0.7059,0.3429,0.4615,0.906
0.8333,0.3571,0.5,0.9107
0.8889,0.4211,0.5714,0.9243
1.0,0.4857,0.6538,0.9615
0.8824,0.4167,0.566,0.9397
0.9412,0.4,0.5614,0.914
0.8824,0.3488,0.5,0.8989
0.9412,0.4103,0.5714,0.9387
0.9412,0.381,0.5424,0.9148
1.0,0.3696,0.5397,0.9457
0.8824,0.4412,0.5882,0.9177
0.8333,0.375,0.5172,0.9038
0.8333,0.3846,0.5263,0.9034
0.9412,0.4848,0.64,0.9515
0.8824,0.4839,0.625,0.9578
0.8824,0.4839,0.625,0.9221
0.7647,0.4643,0.5778,0.9103
0.8235,0.4118,0.549,0.9113
0.8824,0.4545,0.6,0.9362
0.8824,0.3947,0.5455,0.907
0.9412,0.5,0.6531,0.9614
0.8333,0.5,0.625,0.9435
0.8889,0.3721,0.5246,0.9252
1.0,0.3778,0.5484,0.9258
0.7647,0.3514,0.4815,0.872
0.9412,0.4211,0.5818,0.9334
0.8824,0.375,0.5263,0.9233
1.0,0.3864,0.5574,0.9133
0.8824,0.375,0.5263,0.8948
0.8824,0.4167,0.566,0.9332
0.8824,0.4167,0.566,0.9354
1.0,0.4615,0.6316,0.9582
0.8889,0.4,0.5517,0.9198
0.8235,0.4118,0.549,0.8937
0.7647,0.4063,0.5306,0.9281
0.8235,0.4516,0.5833,0.9439
0.8824,0.375,0.5263,0.9035
0.9412,0.4571,0.6154,0.9474
0.8235,0.3889,0.5283,0.8928
0.8824,0.3947,0.5455,0.9235
1.0,0.4359,0.6071,0.9651
0.8333,0.4054,0.5455,0.9105
0.8333,0.4054,0.5455,0.897
0.9412,0.4103,0.5714,0.9399
0.8235,0.4242,0.56,0.9226
0.8824,0.3333,0.4839,0.8879
0.9412,0.3556,0.5161,0.8994
0.8824,0.375,0.5263,0.907
1.0,0.4474,0.6182,0.9591
0.7059,0.375,0.4898,0.8761
0.7647,0.3939,0.52,0.9252
0.8333,0.3846,0.5263,0.9207
0.8333,0.4167,0.5556,0.9027
0.9412,0.4571,0.6154,0.9648
0.9412,0.4706,0.6275,0.9512
1.0,0.5,0.6667,0.9696
0.8235,0.3256,0.4667,0.8758
0.8824,0.4412,0.5882,0.9297
0.7647,0.3611,0.4906,0.8816
0.8235,0.3111,0.4516,0.8711
1.0,0.4722,0.6415,0.9539
0.8889,0.5333,0.6667,0.9668
0.8333,0.4688,0.6,0.9311
0.8824,0.3659,0.5172,0.9279
0.9412,0.4848,0.64,0.9472
0.8824,0.3571,0.5085,0.8932
0.8235,0.35,0.4912,0.9042
0.8235,0.3684,0.5091,0.9265
0.8824,0.4286,0.5769,0.9215
1.0,0.5152,0.68,0.9521
0.7647,0.3171,0.4483,0.8382
0.7222,0.4194,0.5306,0.9048
0.8889,0.4848,0.6275,0.9266
0.8235,0.3784,0.5185,0.8854
0.9412,0.5,0.6531,0.9465
0.8235,0.4118,0.549,0.9407
0.7059,0.3,0.4211,0.858
0.8889,0.381,0.5333,0.9219
0.9444,0.4146,0.5763,0.9437
0.5882,0.2439,0.3448,0.8522
0.8235,0.4,0.5385,0.9165
0.9412,0.5333,0.6809,0.9671
0.8824,0.4286,0.5769,0.928
0.8824,0.3846,0.5357,0.9236
0.8824,0.4167,0.566,0.9002
0.8824,0.4054,0.5556,0.9057
0.9412,0.4103,0.5714,0.9517
0.8824,0.4688,0.6122,0.9369
0.8824,0.5172,0.6522,0.9489
0.7647,0.3824,0.5098,0.8861
0.8824,0.3571,0.5085,0.9143
0.7222,0.4063,0.52,0.8906
0.8889,0.4211,0.5714,0.9041
0.8824,0.3947,0.5455,0.9397
0.8824,0.4054,0.5556,0.9175
1.0,0.425,0.5965,0.9708
0.9412,0.381,0.5424,0.9392
0.7059,0.3243,0.4444,0.8881
1.0,0.3778,0.5484,0.9389
0.8235,0.4667,0.5957,0.8956
0.9412,0.381,0.5424,0.9275
0.8333,0.3488,0.4918,0.8822
0.8889,0.5517,0.6809,0.9596
0.8824,0.3947,0.5455,0.9163
0.8235,0.4,0.5385,0.9243
0.9412,0.4848,0.64,0.9329
0.8824,0.4688,0.6122,0.9329
0.8824,0.5,0.6383,0.9252
1.0,0.4146,0.5862,0.9536
0.8824,0.3659,0.5172,0.917
0.8235,0.4118,0.549,0.913
0.7778,0.4516,0.5714,0.9219
1.0,0.4737,0.6429,0.9623
0.8824,0.4054,0.5556,0.9329
1.0,0.425,0.5965,0.9276
0.7647,0.4483,0.5652,0.8856
0.6471,0.3143,0.4231,0.8663
0.7647,0.3824,0.5098,0.8774
0.8824,0.375,0.5263,0.929
0.8824,0.4054,0.5556,0.9073
0.8824,0.3947,0.5455,0.9222
0.9444,0.4359,0.5965,0.9473
0.9444,0.425,0.5862,0.9319
0.9412,0.5,0.6531,0.9537
0.8824,0.4412,0.5882,0.9208
0.9412,0.4571,0.6154,0.9457
0.7647,0.3824,0.5098,0.8967
0.7647,0.4194,0.5417,0.9035
0.8235,0.4242,0.56,0.8903
0.8235,0.4375,0.5714,0.9317
0.9412,0.3902,0.5517,0.8996
0.8889,0.4706,0.6154,0.9532
0.9444,0.3696,0.5313,0.9333
0.8824,0.4545,0.6,0.9266
0.8235,0.3684,0.5091,0.8803
0.9412,0.4,0.5614,0.9364
0.8235,0.3889,0.5283,0.9281
0.8235,0.3889,0.5283,0.9078
0.7647,0.4483,0.5652,0.9262
0.9412,0.4324,0.5926,0.9227
1.0,0.5313,0.6939,0.9693
1.0,0.4615,0.6316,0.9387
0.8889,0.4103,0.5614,0.9091
0.8235,0.4118,0.549,0.9138
0.8235,0.3415,0.4828,0.8959
0.7059,0.3333,0.4528,0.8972
0.8235,0.4118,0.549,0.9175
1.0,0.5667,0.7234,0.9671
0.8824,0.375,0.5263,0.9267
0.7059,0.3158,0.4364,0.839
0.9412,0.4211,0.5818,0.9484
0.7778,0.3111,0.4444,0.8875
0.8889,0.5,0.64,0.9257
0.8235,0.35,0.4912,0.9213
0.8235,0.3684,0.5091,0.8874
0.8235,0.4,0.5385,0.911
0.8824,0.375,0.5263,0.9311
0.8824,0.4839,0.625,0.928
0.7647,0.3171,0.4483,0.8816
0.7647,0.3824,0.5098,0.8504
0.9412,0.4571,0.6154,0.9594
0.8333,0.4286,0.566,0.9311
0.8333,0.3488,0.4918,0.8955
0.8824,0.4839,0.625,0.954
0.9412,0.4571,0.6154,0.9198
0.8824,0.3846,0.5357,0.9098
0.9412,0.4324,0.5926,0.9472
0.8235,0.3256,0.4667,0.8831
0.9412,0.4,0.5614,0.9143
0.8824,0.3333,0.4839,0.8739
0.8824,0.375,0.5263,0.8804
0.9444,0.4359,0.5965,0.9103
0.8333,0.4412,0.5769,0.9217
0.8824,0.5,0.6383,0.9565
0.7647,0.3611,0.4906,0.9005
0.9412,0.4571,0.6154,0.9472
0.9412,0.4444,0.6038,0.9532
0.8235,0.2917,0.4308,0.8986
1.0,0.4359,0.6071,0.9349
0.8824,0.5556,0.6818,0.9594
0.8235,0.4516,0.5833,0.9325
0.6667,0.375,0.48,0.8732
0.8889,0.4,0.5517,0.9482
0.8235,0.4118,0.549,0.905
0.7647,0.3421,0.4727,0.8979
0.8235,0.4118,0.549,0.8934
1.0,0.4474,0.6182,0.95
0.8235,0.4,0.5385,0.903
1.0,0.4359,0.6071,0.9354
0.7059,0.3429,0.4615,0.9055
0.7647,0.4063,0.5306,0.908
0.8889,0.4103,0.5614,0.9176
1.0,0.4615,0.6316,0.9292
0.8235,0.4,0.5385,0.9108
0.8235,0.35,0.4912,0.9037
0.9412,0.5161,0.6667,0.9545
0.8235,0.4516,0.5833,0.9389
0.7647,0.5,0.6047,0.9477
0.9412,0.3556,0.5161,0.9095
0.9412,0.5,0.6531,0.9312
0.7647,0.3421,0.4727,0.9
0.7778,0.3182,0.4516,0.8794
0.7222,0.3333,0.4561,0.8694
0.8824,0.3846,0.5357,0.9553
1.0,0.4722,0.6415,0.917
0.9412,0.4103,0.5714,0.9583
0.7647,0.4815,0.5909,0.9223
0.9412,0.381,0.5424,0.8921
0.8824,0.3488,0.5,0.9103
0.8824,0.4167,0.566,0.9125
0.9412,0.4571,0.6154,0.9698
0.8889,0.4444,0.5926,0.9385
0.8333,0.5,0.625,0.9119
0.9412,0.3902,0.5517,0.9454
0.7059,0.3243,0.4444,0.8462
0.9412,0.4211,0.5818,0.9585
0.8824,0.4167,0.566,0.9311
1.0,0.425,0.5965,0.9706
0.8235,0.3415,0.4828,0.8893
0.8824,0.3846,0.5357,0.9172
0.9412,0.4848,0.64,0.9357
0.9444,0.4474,0.6071,0.9556
0.9444,0.4595,0.6182,0.9513
0.8824,0.4545,0.6,0.9108
0.8824,0.4412,0.5882,0.9409
0.8235,0.3333,0.4746,0.8622
0.8235,0.4,0.5385,0.8871
0.8235,0.4118,0.549,0.8901
0.8824,0.4412,0.5882,0.9192
0.8235,0.4242,0.56,0.9172
0.8824,0.4545,0.6,0.9429
0.9444,0.3696,0.5313,0.9563
0.9444,0.3778,0.5397,0.9395
1.0,0.3778,0.5484,0.9319
0.8824,0.4054,0.5556,0.9065
0.7059,0.4138,0.5217,0.8901
0.8824,0.3947,0.5455,0.9145
0.8824,0.3571,0.5085,0.9337
0.8824,0.4286,0.5769,0.9297
0.8824,0.375,0.5263,0.9138
0.8824,0.4412,0.5882,0.9359
0.9444,0.4146,0.5763,0.9428
0.8333,0.3571,0.5,0.8934
0.8235,0.56,0.6667,0.9261
0.8235,0.4516,0.5833,0.9093
0.8235,0.3784,0.5185,0.8934
0.8824,0.4167,0.566,0.9296
0.8824,0.375,0.5263,0.9227
0.8235,0.4118,0.549,0.9172
1.0,0.5152,0.68,0.9467
0.9412,0.5333,0.6809,0.9494
0.9444,0.4595,0.6182,0.9349
0.8889,0.4444,0.5926,0.952
0.8235,0.3889,0.5283,0.8876
0.9412,0.3636,0.5246,0.9165
0.8824,0.3846,0.5357,0.9118
0.8235,0.35,0.4912,0.8592
0.7059,0.3529,0.4706,0.8622
0.8235,0.4516,0.5833,0.933
0.8235,0.3784,0.5185,0.9172
0.7647,0.3421,0.4727,0.8896
0.9444,0.4146,0.5763,0.9525
1.0,0.4737,0.6429,0.9421
1.0,0.4595,0.6296,0.9477
0.7647,0.3824,0.5098,0.8952
0.8824,0.3947,0.5455,0.9113
1.0,0.4359,0.6071,0.9605
0.8235,0.3182,0.459,0.8831
0.7059,0.375,0.4898,0.9088
0.9412,0.4444,0.6038,0.9504
1.0,0.4048,0.5763,0.9439
0.7778,0.4,0.5283,0.9107
0.9444,0.425,0.5862,0.9155
0.6471,0.4074,0.5,0.9047
0.7059,0.375,0.4898,0.9065
0.8824,0.4167,0.566,0.9319
0.8824,0.3488,0.5,0.8819
0.7059,0.3429,0.4615,0.8729
0.8824,0.3947,0.5455,0.8744
0.8235,0.359,0.5,0.8971
0.9412,0.4324,0.5926,0.91
0.8889,0.5161,0.6531,0.9411
0.8333,0.4839,0.6122,0.93
1.0,0.3617,0.5313,0.9462
0.8235,0.4,0.5385,0.9186
0.8824,0.4545,0.6,0.9548
0.9412,0.4211,0.5818,0.9427
0.8824,0.4688,0.6122,0.9255
0.7059,0.4138,0.5217,0.9
0.9412,0.4706,0.6275,0.9424
0.8235,0.4516,0.5833,0.9065
0.9444,0.4146,0.5763,0.9169
0.9444,0.3469,0.5075,0.9131
0.7059,0.3871,0.5,0.9072
0.9412,0.4706,0.6275,0.9284
0.7647,0.3421,0.4727,0.9017
0.8824,0.3333,0.4839,0.8715
0.9412,0.3902,0.5517,0.923
0.8235,0.4242,0.56,0.9207
0.8235,0.4,0.5385,0.931
1.0,0.5,0.6667,0.9751
0.9444,0.3953,0.5574,0.9387
0.8333,0.4286,0.566,0.8974
0.7059,0.3529,0.4706,0.8612
0.8235,0.4667,0.5957,0.9349
1.0,0.4474,0.6182,0.946
0.7647,0.3421,0.4727,0.8924
0.9444,0.4146,0.5763,0.9072
0.8889,0.3636,0.5161,0.9345
0.8235,0.4516,0.5833,0.9242
1.0,0.4722,0.6415,0.9594
0.8235,0.3889,0.5283,0.9359
0.9412,0.4103,0.5714,0.9544
0.8824,0.3571,0.5085,0.9279
0.6471,0.3793,0.4783,0.8788
0.7647,0.3939,0.52,0.9002
0.7647,0.3714,0.5,0.903
0.8235,0.5,0.6222,0.9404
0.8824,0.4545,0.6,0.9078
0.7059,0.3333,0.4528,0.8756
0.9412,0.4444,0.6038,0.9516
0.9444,0.3953,0.5574,0.9573
0.9444,0.3864,0.5484,0.8858
0.8235,0.359,0.5,0.9223
0.7059,0.3871,0.5,0.8685
0.8824,0.3846,0.5357,0.9178
1.0,0.4722,0.6415,0.9361
0.9412,0.4103,0.5714,0.9292
0.7059,0.375,0.4898,0.8963
0.6471,0.3929,0.4889,0.8826
0.8824,0.4545,0.6,0.91
0.9444,0.3542,0.5152,0.9188
0.8889,0.4444,0.5926,0.9326
0.7647,0.3939,0.52,0.8982
0.7647,0.3939,0.52,0.8994
1.0,0.4146,0.5862,0.9515
0.9412,0.4706,0.6275,0.9512
0.8235,0.3684,0.5091,0.9367
0.8235,0.5385,0.6512,0.932
0.7647,0.5,0.6047,0.9247
0.7059,0.3243,0.4444,0.85
0.8889,0.4324,0.5818,0.916
1.0,0.4091,0.5806,0.9497
0.8235,0.4516,0.5833,0.915
0.8824,0.3846,0.5357,0.9294
0.8824,0.4054,0.5556,0.9266
0.8824,0.3846,0.5357,0.8974
0.9412,0.4706,0.6275,0.9489
0.9412,0.4324,0.5926,0.9195
0.7647,0.4063,0.5306,0.8981
0.7647,0.3514,0.4815,0.8886
0.8889,0.4103,0.5614,0.9371
1.0,0.439,0.6102,0.9679
0.8235,0.3889,0.5283,0.904
0.8235,0.4118,0.549,0.9198
0.8824,0.3947,0.5455,0.9296
0.9412,0.4,0.5614,0.913
0.8235,0.5,0.6222,0.9125
0.8235,0.4118,0.549,0.9013
1.0,0.4146,0.5862,0.9604
0.8235,0.3889,0.5283,0.9018
0.7778,0.4516,0.5714,0.9046
0.8889,0.4571,0.6038,0.9537
0.9412,0.3721,0.5333,0.9103
1.0,0.4595,0.6296,0.9651
0.8235,0.3784,0.5185,0.91
0.8235,0.3415,0.4828,0.8912
0.8824,0.3409,0.4918,0.8966
0.9412,0.4,0.5614,0.9334
0.7647,0.3939,0.52,0.8908
0.7647,0.4333,0.5532,0.9093
0.8889,0.4706,0.6154,0.9319
0.7778,0.359,0.4912,0.8754
0.9412,0.4211,0.5818,0.9354
0.9412,0.5161,0.6667,0.9537
1.0,0.4146,0.5862,0.9256
0.8824,0.5172,0.6522,0.9465
0.9412,0.4706,0.6275,0.9701
0.8824,0.5,0.6383,0.9482
0.7059,0.375,0.4898,0.8699
0.8235,0.3111,0.4516,0.8337
0.9444,0.3696,0.5313,0.9281
0.7778,0.4516,0.5714,0.91
0.9412,0.4571,0.6154,0.9108
1.0,0.5,0.6667,0.9588
0.9412,0.4706,0.6275,0.946
0.9412,0.3478,0.5079,0.9291
0.6471,0.3667,0.4681,0.8971
0.8235,0.5385,0.6512,0.9462
0.9412,0.5,0.6531,0.9594
0.9412,0.3478,0.5079,0.9252
0.8889,0.4571,0.6038,0.9257
0.8333,0.3659,0.5085,0.9005
0.8235,0.3415,0.4828,0.8922
0.7647,0.3421,0.4727,0.91
1.0,0.425,0.5965,0.9316
0.8235,0.4242,0.56,0.9429
0.7647,0.4194,0.5417,0.9065
0.7647,0.4063,0.5306,0.9123
0.9412,0.4,0.5614,0.8981
0.9412,0.4324,0.5926,0.927
0.7222,0.4063,0.52,0.8934
1.0,0.4865,0.6545,0.9537
0.8824,0.4545,0.6,0.9125
0.9412,0.4103,0.5714,0.915
0.8824,0.375,0.5263,0.909
0.8824,0.3488,0.5,0.9115
0.9412,0.4,0.5614,0.9402
0.9412,0.3902,0.5517,0.9312
0.8235,0.3684,0.5091,0.9282
0.9412,0.4706,0.6275,0.9639
0.8889,0.3556,0.5079,0.905
0.8333,0.4545,0.5882,0.9217
0.8824,0.3947,0.5455,0.9274
0.7647,0.325,0.4561,0.8869
0.8824,0.5357,0.6667,0.9417
0.8235,0.4375,0.5714,0.9155
0.8333,0.375,0.5172,0.8934
0.8889,0.4211,0.5714,0.9255
0.8235,0.4118,0.549,0.9362
0.7647,0.3939,0.52,0.9005
0.8824,0.3846,0.5357,0.9509
0.8824,0.4688,0.6122,0.9242
1.0,0.5,0.6667,0.961
0.8824,0.3191,0.4688,0.8625
0.7059,0.4444,0.5455,0.9173
1.0,0.5313,0.6939,0.9623
0.7647,0.3824,0.5098,0.9167
0.9412,0.4444,0.6038,0.9708
0.8824,0.5,0.6383,0.9591
0.4118,0.28,0.3333,0.8265
0.8889,0.3902,0.5424,0.8846
0.9444,0.4146,0.5763,0.9404
0.7059,0.4444,0.5455,0.9045
0.9412,0.4103,0.5714,0.9475
0.8824,0.3261,0.4762,0.9128
0.8824,0.3191,0.4688,0.8635
0.8824,0.4839,0.625,0.9474
0.8824,0.3488,0.5,0.91
0.9412,0.3404,0.5,0.9257
0.8824,0.5172,0.6522,0.9369
0.9444,0.4048,0.5667,0.9207
0.7778,0.4375,0.56,0.9285
0.9412,0.3721,0.5333,0.9379
0.8235,0.4516,0.5833,0.9148
0.7059,0.375,0.4898,0.8871
0.8824,0.4167,0.566,0.9306
0.8235,0.359,0.5,0.904
0.8824,0.4286,0.5769,0.9245
0.7647,0.4194,0.5417,0.9225
0.8824,0.3333,0.4839,0.9105
0.8333,0.3,0.4412,0.8511
1.0,0.5806,0.7347,0.9725
0.8235,0.4375,0.5714,0.907
0.9412,0.5161,0.6667,0.9548
0.8235,0.3889,0.5283,0.9072
0.6471,0.3793,0.4783,0.8849
0.9412,0.4706,0.6275,0.9482
0.8235,0.4242,0.56,0.9202
0.8235,0.3684,0.5091,0.9115
0.9412,0.3404,0.5,0.9123
0.8333,0.5172,0.6383,0.9509
0.9444,0.3953,0.5574,0.9226
0.5882,0.3333,0.4255,0.8622
0.9412,0.4211,0.5818,0.9321
0.7647,0.3421,0.4727,0.9042
0.8824,0.4688,0.6122,0.9196
0.8824,0.3409,0.4918,0.915
0.8824,0.375,0.5263,0.923
0.9412,0.4,0.5614,0.9192
0.8824,0.4688,0.6122,0.9429
1.0,0.3913,0.5625,0.9171
0.9444,0.3953,0.5574,0.8927
0.8824,0.4286,0.5769,0.9153
0.9412,0.4706,0.6275,0.9512
0.7647,0.4333,0.5532,0.8934
0.7059,0.3636,0.48,0.902
0.8235,0.359,0.5,0.9018
0.8824,0.5769,0.6977,0.9723
0.8824,0.4286,0.5769,0.9539
0.8235,0.3784,0.5185,0.906
0.8889,0.4211,0.5714,0.9088
0.8889,0.4444,0.5926,0.9065
0.8824,0.3659,0.5172,0.918
0.7059,0.3158,0.4364,0.867
0.7647,0.3611,0.4906,0.8912
1.0,0.5667,0.7234,0.9761
0.9412,0.381,0.5424,0.9462
0.8824,0.3571,0.5085,0.906
0.8235,0.4828,0.6087,0.9302
0.8824,0.375,0.5263,0.921
0.7778,0.4,0.5283,0.9091
0.7778,0.4375,0.56,0.9475
0.7647,0.4643,0.5778,0.9067
0.9412,0.3902,0.5517,0.9175
1.0,0.425,0.5965,0.9414
1.0,0.3778,0.5484,0.9306
0.9412,0.4444,0.6038,0.9397
0.6471,0.2821,0.3929,0.8527
0.8824,0.3409,0.4918,0.9158
0.8824,0.4054,0.5556,0.925
0.7222,0.325,0.4483,0.8739
0.8889,0.3636,0.5161,0.9243
0.8235,0.3889,0.5283,0.9178
0.8824,0.5357,0.6667,0.9532
0.9412,0.5333,0.6809,0.9663
0.8824,0.3659,0.5172,0.8871
1.0,0.4359,0.6071,0.9589
0.8824,0.3125,0.4615,0.8908
1.0,0.4857,0.6538,0.9601
0.8235,0.3784,0.5185,0.8971
0.8889,0.4211,0.5714,0.9302
0.8333,0.4412,0.5769,0.9081
0.7647,0.5,0.6047,0.9429
0.9412,0.4211,0.5818,0.9261
0.8824,0.4545,0.6,0.9361
0.6471,0.4074,0.5,0.8793
0.9412,0.4444,0.6038,0.927
0.7647,0.3939,0.52,0.8749
1.0,0.4474,0.6182,0.9778
1.0,0.425,0.5965,0.9511
0.8333,0.3409,0.4839,0.8697
0.7778,0.4,0.5283,0.8932
0.7647,0.3714,0.5,0.8826
0.8824,0.4545,0.6,0.9286
0.9412,0.4706,0.6275,0.9495
0.9412,0.3721,0.5333,0.909
1.0,0.4857,0.6538,0.9424
0.8235,0.4242,0.56,0.9085
0.8235,0.3415,0.4828,0.9063
0.7059,0.3333,0.4528,0.8779
0.7778,0.359,0.4912,0.8682
0.8889,0.4324,0.5818,0.9321
0.9412,0.4103,0.5714,0.9158
0.8235,0.3889,0.5283,0.9321
0.9412,0.4571,0.6154,0.9615
0.8235,0.3784,0.5185,0.9233
0.9412,0.5,0.6531,0.9661
0.7647,0.3824,0.5098,0.908
0.7647,0.3611,0.4906,0.8754
0.8824,0.3846,0.5357,0.9202
1.0,0.4286,0.6,0.9518
0.8889,0.4706,0.6154,0.9264
0.5882,0.4167,0.4878,0.8927
0.8824,0.4286,0.5769,0.9397
0.9412,0.3902,0.5517,0.9314
0.8824,0.3846,0.5357,0.9025
0.8824,0.4545,0.6,0.922
0.7647,0.4063,0.5306,0.9227
0.8824,0.4054,0.5556,0.9172
0.8235,0.4828,0.6087,0.9098
1.0,0.4,0.5714,0.9642
0.8333,0.4286,0.566,0.9352
0.9412,0.3721,0.5333,0.9261
0.8235,0.4,0.5385,0.9055
0.8824,0.4167,0.566,0.8954
0.9412,0.4103,0.5714,0.9351
0.8824,0.4054,0.5556,0.9354
0.8824,0.3947,0.5455,0.9399
0.9412,0.4324,0.5926,0.929
0.8235,0.3889,0.5283,0.9003
0.8333,0.5,0.625,0.9342
0.8333,0.4167,0.5556,0.9057
0.9412,0.5,0.6531,0.9497
0.9412,0.381,0.5424,0.9424
0.8824,0.3571,0.5085,0.8957
0.8235,0.4828,0.6087,0.9246
0.8235,0.359,0.5,0.8933
0.9412,0.3636,0.5246,0.8986
0.9412,0.5,0.6531,0.9349
0.9412,0.5161,0.6667,0.9305
0.8333,0.3846,0.5263,0.8908
0.8889,0.4706,0.6154,0.9554
0.8235,0.4118,0.549,0.9266
0.9412,0.4706,0.6275,0.961
0.9412,0.4324,0.5926,0.9316
0.8824,0.4286,0.5769,0.9196
0.8824,0.3191,0.4688,0.8694
0.9412,0.4,0.5614,0.9382
0.8824,0.3659,0.5172,0.9275
0.8824,0.4545,0.6,0.9172
0.7778,0.5,0.6087,0.9397
0.8333,0.3947,0.5357,0.9252
0.7647,0.3824,0.5098,0.9123
0.8235,0.4828,0.6087,0.9434
0.8824,0.375,0.5263,0.8967
0.9412,0.4848,0.64,0.9462
0.8824,0.4839,0.625,0.9536
0.9412,0.4,0.5614,0.9489
0.8235,0.4242,0.56,0.9255
0.8235,0.3684,0.5091,0.908
0.7778,0.3889,0.5185,0.91
0.7778,0.4375,0.56,0.9219
0.8824,0.375,0.5263,0.8859
1.0,0.4722,0.6415,0.9633
0.8824,0.4054,0.5556,0.9206
0.8235,0.4242,0.56,0.9035
0.9412,0.3902,0.5517,0.9521
0.8235,0.4118,0.549,0.8953
0.8235,0.3256,0.4667,0.9207
0.9412,0.4706,0.6275,0.9681
0.7778,0.4828,0.5957,0.9342
0.8333,0.4167,0.5556,0.9148
1.0,0.3864,0.5574,0.9437
0.7647,0.3939,0.52,0.904
0.7647,0.3939,0.52,0.905
0.9412,0.3721,0.5333,0.9296
0.9412,0.4444,0.6038,0.93
0.8235,0.4828,0.6087,0.9322
0.8824,0.4167,0.566,0.9155
0.7647,0.3714,0.5,0.8866
0.8889,0.381,0.5333,0.8806
0.9444,0.4359,0.5965,0.9364
1.0,0.4474,0.6182,0.9452
0.8235,0.3333,0.4746,0.872
0.8824,0.375,0.5263,0.9372
0.8235,0.4,0.5385,0.9266
0.6111,0.2895,0.3929,0.8388
0.8889,0.4848,0.6275,0.9383
1.0,0.4857,0.6538,0.9656
0.9412,0.4571,0.6154,0.9546
0.8235,0.3684,0.5091,0.8933
0.9412,0.3636,0.5246,0.9447
0.8824,0.4286,0.5769,0.8942
1.0,0.425,0.5965,0.9231
0.7647,0.4333,0.5532,0.9198
0.8824,0.4167,0.566,0.9193
0.7778,0.4,0.5283,0.9255
1.0,0.4615,0.6316,0.9433
0.9412,0.4706,0.6275,0.9649
0.8824,0.3846,0.5357,0.9344
0.8824,0.4286,0.5769,0.9045
0.8824,0.3846,0.5357,0.8998
0.9412,0.4103,0.5714,0.9319
0.9412,0.4706,0.6275,0.9422
0.8824,0.3846,0.5357,0.9027
0.8235,0.359,0.5,0.8937
0.9412,0.32,0.4776,0.8883
0.8235,0.4375,0.5714,0.9369
0.8235,0.35,0.4912,0.9165
0.8235,0.4118,0.549,0.9222
0.7778,0.359,0.4912,0.8981
0.8889,0.4324,0.5818,0.943
0.8824,0.4054,0.5556,0.905
0.7647,0.4063,0.5306,0.9191
0.9412,0.4,0.5614,0.9135
0.8824,0.4545,0.6,0.9143
0.8235,0.3889,0.5283,0.907
0.9412,0.4706,0.6275,0.9479
0.8235,0.4,0.5385,0.9247
0.8235,0.3889,0.5283,0.8926
0.7778,0.3043,0.4375,0.8815
0.7778,0.4667,0.5833,0.9295
0.8824,0.4839,0.625,0.9218
1.0,0.3617,0.5313,0.8886
1.0,0.4595,0.6296,0.9651
0.9412,0.4211,0.5818,0.9314
1.0,0.4474,0.6182,0.9516
0.8824,0.375,0.5263,0.925
0.8824,0.3947,0.5455,0.9073
0.9412,0.4444,0.6038,0.9165
0.8333,0.3947,0.5357,0.8908
0.8889,0.4444,0.5926,0.9335
0.9412,0.4444,0.6038,0.9165
0.7059,0.2727,0.3934,0.8743
0.8824,0.4286,0.5769,0.9286
0.8824,0.4286,0.5769,0.9578
0.8235,0.3684,0.5091,0.8811
0.9412,0.4571,0.6154,0.9359
0.7647,0.3714,0.5,0.9155
0.9412,0.5714,0.7111,0.9631
0.8889,0.3902,0.5424,0.8815
0.9444,0.3778,0.5397,0.9292
0.9412,0.381,0.5424,0.9442
0.7647,0.3714,0.5,0.9055
0.7647,0.3095,0.4407,0.8849
0.7647,0.4643,0.5778,0.9035
0.9412,0.3556,0.5161,0.9163
1.0,0.4359,0.6071,0.9768
0.8235,0.4242,0.56,0.9065
0.8824,0.4688,0.6122,0.9252
0.8333,0.4167,0.5556,0.911
0.8889,0.4848,0.6275,0.9402
0.7647,0.4333,0.5532,0.9148
0.8235,0.35,0.4912,0.9025
0.9412,0.3636,0.5246,0.9077
0.9412,0.4444,0.6038,0.9437
0.9412,0.4211,0.5818,0.9325
0.8824,0.3947,0.5455,0.925
0.8235,0.4242,0.56,0.931
0.8235,0.3684,0.5091,0.9065
0.9444,0.4722,0.6296,0.9554
0.8333,0.5172,0.6383,0.9409
0.9412,0.4211,0.5818,0.9108
0.9412,0.4706,0.6275,0.9525
0.9412,0.4444,0.6038,0.9186
0.7647,0.325,0.4561,0.8743
0.5882,0.3846,0.4651,0.8739
0.9412,0.4103,0.5714,0.9287
0.8824,0.4167,0.566,0.9285
0.8235,0.3182,0.459,0.8694
0.8333,0.4286,0.566,0.9274
0.8889,0.3902,0.5424,0.8993
1.0,0.5152,0.68,0.9678
0.8235,0.4242,0.56,0.9268
1.0,0.4474,0.6182,0.9537
0.8824,0.3846,0.5357,0.9291
0.9412,0.4571,0.6154,0.9521
0.7647,0.3171,0.4483,0.8809
0.9412,0.5333,0.6809,0.9519
0.8824,0.4839,0.625,0.928
0.7778,0.3415,0.4746,0.882
0.9444,0.4722,0.6296,0.9646
0.9412,0.3721,0.5333,0.8942
0.8235,0.3784,0.5185,0.9193
0.8824,0.4286,0.5769,0.9196
0.8235,0.3333,0.4746,0.8984
0.8235,0.4242,0.56,0.9138
0.9412,0.4,0.5614,0.931
0.7647,0.3714,0.5,0.8873
0.9412,0.4848,0.64,0.9688
0.9444,0.4722,0.6296,0.9418
0.9444,0.3696,0.5313,0.938
0.8824,0.3947,0.5455,0.9429
0.7059,0.3243,0.4444,0.8522
0.9412,0.4571,0.6154,0.9314
0.5882,0.3125,0.4082,0.8527
0.9444,0.5,0.6538,0.9338
0.8889,0.4103,0.5614,0.9418
0.8824,0.375,0.5263,0.8923
0.8824,0.4054,0.5556,0.9339
0.8824,0.375,0.5263,0.8826
0.7647,0.3421,0.4727,0.914
0.8824,0.375,0.5263,0.9231
0.7647,0.3939,0.52,0.8821
0.9412,0.5517,0.6957,0.9605
0.9412,0.4103,0.5714,0.9417
0.9412,0.3721,0.5333,0.9118
0.8235,0.3784,0.5185,0.8886
0.9412,0.4848,0.64,0.9327
0.7647,0.4483,0.5652,0.9202
0.7222,0.325,0.4483,0.8507
0.9444,0.4048,0.5667,0.9252
1.0,0.3864,0.5574,0.9475
0.8824,0.3846,0.5357,0.915
0.7647,0.4194,0.5417,0.9233
0.8235,0.35,0.4912,0.8859
1.0,0.4146,0.5862,0.9454
0.8235,0.4667,0.5957,0.9434
0.8824,0.4054,0.5556,0.9045
0.9412,0.5333,0.6809,0.9596
0.8889,0.4706,0.6154,0.9392
0.9444,0.3864,0.5484,0.9321
0.8235,0.4118,0.549,0.9032
0.8824,0.4688,0.6122,0.9507
0.8824,0.3659,0.5172,0.861
0.6471,0.3333,0.44,0.8512
0.8235,0.3784,0.5185,0.8998
0.7059,0.3871,0.5,0.9265
0.9412,0.4444,0.6038,0.9536
0.8824,0.4054,0.5556,0.9477
0.8889,0.4103,0.5614,0.8979
1.0,0.383,0.5538,0.9017
1.0,0.4146,0.5862,0.9542
0.8824,0.4688,0.6122,0.9289
0.7647,0.3824,0.5098,0.8927
0.8824,0.3947,0.5455,0.9346
0.8333,0.3333,0.4762,0.8837
0.8889,0.4848,0.6275,0.9444
0.8235,0.4375,0.5714,0.9344
1.0,0.4722,0.6415,0.9606
0.8824,0.375,0.5263,0.9252
0.8235,0.4375,0.5714,0.9232
0.9412,0.4324,0.5926,0.9175
0.7647,0.3611,0.4906,0.8751
0.7059,0.3429,0.4615,0.9065
0.8824,0.4286,0.5769,0.9231
0.8235,0.4,0.5385,0.8846
0.9412,0.4324,0.5926,0.9369
0.8824,0.3947,0.5455,0.9113
0.8824,0.4839,0.625,0.9262
1.0,0.4865,0.6545,0.9513
0.9444,0.4359,0.5965,0.9304
0.7647,0.3824,0.5098,0.8969
0.9412,0.4,0.5614,0.9291
0.9412,0.3556,0.5161,0.9417
0.8235,0.4828,0.6087,0.9429
0.8824,0.3846,0.5357,0.9143
0.8824,0.4054,0.5556,0.9352
0.8824,0.375,0.5263,0.9275
0.8824,0.4412,0.5882,0.9372
0.7778,0.3684,0.5,0.9069
0.9444,0.4146,0.5763,0.9297
1.0,0.4474,0.6182,0.9346
0.7059,0.3243,0.4444,0.8813
0.7647,0.4194,0.5417,0.8994
0.8824,0.4688,0.6122,0.9228
0.8235,0.3889,0.5283,0.9128
0.9412,0.3137,0.4706,0.905
0.7059,0.4,0.5106,0.8838
0.8824,0.4412,0.5882,0.9128
0.8889,0.5,0.64,0.9471
0.8333,0.375,0.5172,0.8962
0.9412,0.4211,0.5818,0.9442
0.9412,0.381,0.5424,0.917
0.8824,0.625,0.7317,0.9623
1.0,0.3696,0.5397,0.9517
0.8235,0.35,0.4912,0.8402
1.0,0.4595,0.6296,0.9556
0.9412,0.3902,0.5517,0.9511
0.8235,0.3684,0.5091,0.9008
0.9444,0.5,0.6538,0.9212
0.7778,0.5385,0.6364,0.9385
0.9412,0.3902,0.5517,0.9495
0.7647,0.4194,0.5417,0.9015
0.7647,0.3939,0.52,0.8912
0.7647,0.2955,0.4262,0.8534
0.7647,0.4194,0.5417,0.9065
0.8824,0.4545,0.6,0.9379
0.8235,0.3256,0.4667,0.8821
0.9412,0.4324,0.5926,0.9402
1.0,0.4737,0.6429,0.9501
0.8889,0.4444,0.5926,0.9269
0.9412,0.381,0.5424,0.9246
0.9412,0.4211,0.5818,0.9193
0.7647,0.2955,0.4262,0.8635
0.9412,0.4848,0.64,0.9394
0.8824,0.4286,0.5769,0.9275
0.7647,0.325,0.4561,0.8956
0.8824,0.375,0.5263,0.8901
0.8235,0.5,0.6222,0.9287
0.7778,0.3784,0.5091,0.8986
0.9444,0.3953,0.5574,0.9245
0.8824,0.4286,0.5769,0.9143
0.8824,0.375,0.5263,0.9178
1.0,0.4048,0.5763,0.9789
0.8235,0.3889,0.5283,0.9346
0.8235,0.3784,0.5185,0.9075
0.7059,0.3529,0.4706,0.8863
1.0,0.5484,0.7083,0.9711
0.9412,0.3636,0.5246,0.9295
0.8889,0.4103,0.5614,0.8882
0.8889,0.4324,0.5818,0.9297
0.7059,0.2791,0.4,0.8464
0.9412,0.5517,0.6957,0.9703
0.6471,0.3929,0.4889,0.9045
0.8235,0.3889,0.5283,0.9105
0.8235,0.4242,0.56,0.91
0.9412,0.4706,0.6275,0.9536
0.7059,0.3871,0.5,0.8911
0.8824,0.375,0.5263,0.8848
0.8889,0.4444,0.5926,0.9411
0.7778,0.3784,0.5091,0.8787
0.8824,0.4545,0.6,0.9336
0.9412,0.4103,0.5714,0.9314
0.9412,0.4211,0.5818,0.95
0.9412,0.4211,0.5818,0.9437
