RUSBag
0.9149,0.5409,0.6798,0.9518
0.8936,0.5,0.6412,0.9412
0.9355,0.5839,0.719,0.9526
0.9462,0.5946,0.7303,0.953
0.9355,0.5506,0.6932,0.9651
0.9355,0.5404,0.685,0.9522
0.9574,0.5769,0.72,0.9571
0.8723,0.5503,0.6749,0.9452
0.8617,0.5436,0.6667,0.9278
0.9255,0.5506,0.6905,0.9458
0.9574,0.5521,0.7004,0.9597
0.9362,0.557,0.6984,0.9632
0.9032,0.5217,0.6614,0.9357
0.9032,0.5153,0.6563,0.9351
0.9247,0.5695,0.7049,0.9435
0.9355,0.5541,0.696,0.9396
0.9468,0.5633,0.7063,0.9697
0.9149,0.5513,0.688,0.9464
0.9043,0.5743,0.7025,0.9503
0.9043,0.5822,0.7083,0.9539
0.9362,0.5301,0.6769,0.9616
0.9043,0.5247,0.6641,0.9455
0.9149,0.5119,0.6565,0.9504
0.9149,0.5931,0.7197,0.947
0.883,0.5845,0.7034,0.9549
1.0,0.5802,0.7344,0.9719
0.914,0.5862,0.7143,0.9534
0.9677,0.566,0.7143,0.9726
0.9032,0.5,0.6437,0.9276
0.8925,0.5321,0.6667,0.9228
0.8936,0.503,0.6437,0.9288
0.9468,0.6138,0.7448,0.9639
0.9355,0.58,0.716,0.954
0.9785,0.5759,0.7251,0.975
0.9355,0.5029,0.6541,0.951
0.9462,0.5828,0.7213,0.9586
0.9149,0.5513,0.688,0.9451
0.9043,0.5592,0.6911,0.9463
0.9362,0.5535,0.6957,0.9624
0.8936,0.5563,0.6857,0.9462
0.9468,0.5705,0.712,0.9629
0.9255,0.5762,0.7102,0.9526
0.914,0.5414,0.68,0.9382
0.8925,0.5646,0.6917,0.9547
0.9032,0.5753,0.7029,0.9422
0.9247,0.5181,0.6641,0.9469
0.9149,0.5658,0.6992,0.9595
0.8723,0.5359,0.664,0.9325
0.9043,0.5862,0.7113,0.94
0.8617,0.5294,0.6559,0.9404
0.8936,0.5385,0.672,0.933
0.9255,0.5437,0.685,0.9514
0.914,0.5667,0.6996,0.9619
0.9032,0.5283,0.6667,0.9445
0.9785,0.5948,0.7398,0.9806
0.9355,0.5541,0.696,0.9604
0.9468,0.5361,0.6846,0.9599
0.883,0.557,0.6831,0.9414
0.8936,0.5753,0.7,0.941
0.9149,0.5478,0.6853,0.9481
0.9362,0.5116,0.6617,0.951
0.8723,0.5857,0.7009,0.9367
0.8602,0.5714,0.6867,0.9435
0.914,0.5743,0.7054,0.9671
0.8495,0.5725,0.684,0.9298
0.9032,0.5563,0.6885,0.9528
0.9362,0.5789,0.7154,0.9537
0.9255,0.5148,0.6616,0.9442
0.9468,0.5427,0.6899,0.9649
0.9255,0.5337,0.677,0.9445
0.9574,0.625,0.7563,0.9703
0.9574,0.5488,0.6977,0.9609
0.8495,0.5896,0.696,0.9277
0.9677,0.5769,0.7229,0.9687
0.871,0.526,0.6559,0.9367
0.9032,0.549,0.6829,0.9486
0.9255,0.5404,0.6824,0.9444
0.8723,0.519,0.6508,0.9418
0.9574,0.5389,0.6897,0.9527
0.9787,0.586,0.7331,0.9747
0.8723,0.5223,0.6534,0.9383
0.8936,0.5283,0.664,0.9458
0.957,0.5742,0.7177,0.9604
0.871,0.5625,0.6835,0.9356
0.9462,0.5714,0.7126,0.949
0.8925,0.6288,0.7378,0.9567
0.9681,0.5385,0.692,0.9546
0.883,0.5887,0.7064,0.9434
0.9574,0.5696,0.7143,0.9664
0.9043,0.5215,0.6615,0.934
0.9574,0.5455,0.695,0.9554
0.883,0.5188,0.6535,0.9297
0.8817,0.626,0.7321,0.9474
0.9355,0.5649,0.7045,0.9546
0.8387,0.5735,0.6812,0.9331
0.9032,0.5455,0.6802,0.9486
0.9574,0.5488,0.6977,0.9639
0.9043,0.538,0.6746,0.9348
0.9574,0.5357,0.687,0.9747
0.9574,0.5556,0.7031,0.9581
0.9362,0.5828,0.7184,0.9584
0.9362,0.5146,0.6642,0.935
0.8387,0.5342,0.6527,0.9227
0.9032,0.5283,0.6667,0.9508
0.9462,0.5399,0.6875,0.9636
0.8602,0.5333,0.6584,0.9307
0.9043,0.5782,0.7054,0.9465
0.9574,0.5114,0.6667,0.9642
0.9255,0.58,0.7131,0.9573
0.8511,0.5839,0.6926,0.9397
0.883,0.5764,0.6975,0.9357
0.8936,0.5526,0.6829,0.9423
0.9149,0.5972,0.7227,0.9588
0.8298,0.5532,0.6638,0.9135
0.9787,0.5897,0.736,0.9735
0.9043,0.5183,0.6589,0.9214
0.957,0.5817,0.7236,0.9767
0.8817,0.5734,0.6949,0.9504
0.9247,0.5244,0.6693,0.9429
0.9032,0.56,0.6914,0.9552
0.9681,0.5687,0.7165,0.9594
0.9362,0.5789,0.7154,0.9619
0.871,0.4793,0.6183,0.9315
0.871,0.5625,0.6835,0.9329
0.9462,0.5828,0.7213,0.9631
0.9355,0.5337,0.6797,0.9579
0.9574,0.5696,0.7143,0.9668
0.8511,0.5479,0.6667,0.931
1.0,0.5497,0.7094,0.9729
0.8617,0.5159,0.6454,0.9407
0.883,0.5724,0.6946,0.9466
0.9255,0.5577,0.696,0.9608
0.9355,0.5541,0.696,0.9601
0.8495,0.5448,0.6639,0.9211
0.9247,0.5375,0.6798,0.9492
0.9462,0.5752,0.7154,0.961
0.8723,0.5467,0.6721,0.9314
0.9574,0.5422,0.6923,0.9596
0.9681,0.5833,0.728,0.9717
0.9681,0.5652,0.7137,0.967
0.9149,0.5478,0.6853,0.9444
0.9681,0.5112,0.6691,0.958
0.9032,0.5283,0.6667,0.9333
0.9032,0.5874,0.7119,0.9532
0.871,0.5586,0.6807,0.9433
0.9462,0.5986,0.7333,0.972
0.8936,0.5753,0.7,0.9312
0.9362,0.6027,0.7333,0.9522
0.9149,0.5621,0.6964,0.955
0.8723,0.5816,0.6979,0.9533
0.9255,0.5878,0.719,0.9608
0.9255,0.5305,0.6744,0.9457
0.9462,0.6154,0.7458,0.9658
0.9032,0.5638,0.6942,0.9472
0.957,0.5427,0.6926,0.9604
0.9677,0.5732,0.72,0.9761
0.9362,0.5714,0.7097,0.9594
0.9149,0.5409,0.6798,0.9373
0.883,0.5497,0.6776,0.9414
0.9468,0.5563,0.7008,0.9509
0.9362,0.5535,0.6957,0.9654
0.9255,0.6127,0.7373,0.9543
0.8817,0.5616,0.6862,0.9357
0.9355,0.5724,0.7102,0.9546
0.914,0.5449,0.6827,0.9559
0.9462,0.5176,0.6692,0.964
0.9149,0.5409,0.6798,0.954
0.9043,0.5862,0.7113,0.9496
0.9255,0.5337,0.677,0.9539
0.9043,0.5313,0.6693,0.9253
0.9149,0.585,0.7137,0.9543
0.9468,0.5205,0.6717,0.9354
0.957,0.5205,0.6742,0.9627
0.9247,0.5811,0.7137,0.964
0.8925,0.5724,0.6975,0.9495
0.957,0.546,0.6953,0.9649
0.9468,0.5817,0.7206,0.9517
0.8723,0.5775,0.6949,0.9293
0.883,0.5646,0.6888,0.955
0.883,0.5461,0.6748,0.9276
0.9255,0.58,0.7131,0.9573
0.9681,0.5583,0.7082,0.9565
0.8817,0.5816,0.7009,0.9438
0.957,0.5494,0.698,0.9676
0.8925,0.5497,0.6803,0.9542
0.9247,0.5513,0.6908,0.9541
0.8511,0.5369,0.6584,0.9304
0.883,0.5253,0.6587,0.9339
0.8936,0.5833,0.7059,0.946
0.9787,0.5714,0.7216,0.9681
0.883,0.5425,0.6721,0.9513
0.9574,0.6294,0.7595,0.9737
0.9355,0.5577,0.6988,0.9361
0.914,0.5313,0.6719,0.9413
0.9462,0.5641,0.7068,0.9513
0.9355,0.5577,0.6988,0.9635
0.8936,0.5385,0.672,0.9485
0.883,0.5804,0.7004,0.9332
0.9574,0.5085,0.6642,0.9685
0.9362,0.6331,0.7554,0.9632
0.9149,0.5811,0.7107,0.9567
0.9362,0.5399,0.6848,0.946
0.9355,0.486,0.6397,0.9493
0.9032,0.549,0.6829,0.9418
0.8925,0.5887,0.7094,0.9368
0.9355,0.6127,0.7404,0.9632
0.9255,0.6127,0.7373,0.9548
0.8936,0.5316,0.6667,0.9423
0.9681,0.5652,0.7137,0.9737
0.8404,0.5197,0.6423,0.9251
0.9574,0.5422,0.6923,0.9617
0.9043,0.5449,0.68,0.9397
0.9032,0.549,0.6829,0.9477
0.9785,0.6107,0.7521,0.9653
0.9247,0.5375,0.6798,0.9366
0.9355,0.5577,0.6988,0.9538
0.9468,0.5705,0.712,0.9653
0.9362,0.6027,0.7333,0.9664
0.8723,0.5857,0.7009,0.9411
0.9043,0.5346,0.6719,0.9484
0.883,0.5971,0.7124,0.9461
0.9468,0.5705,0.712,0.9637
0.914,0.5313,0.6719,0.9454
0.914,0.5592,0.6939,0.9509
0.9355,0.5878,0.722,0.9573
0.9355,0.537,0.6824,0.9554
0.9255,0.5241,0.6692,0.9458
0.9468,0.5563,0.7008,0.9642
0.9043,0.5629,0.6939,0.954
0.8723,0.5157,0.6482,0.9345
0.9043,0.5903,0.7143,0.9359
0.9255,0.5541,0.6932,0.9586
0.9355,0.5404,0.685,0.9511
0.8602,0.5161,0.6452,0.917
0.9355,0.537,0.6824,0.9393
0.914,0.6028,0.7265,0.9449
0.9468,0.5933,0.7295,0.9714
0.9362,0.557,0.6984,0.9548
0.8511,0.5556,0.6723,0.9354
0.9468,0.5817,0.7206,0.9628
0.8936,0.5091,0.6486,0.943
0.8936,0.5753,0.7,0.9518
0.8925,0.6148,0.7281,0.9608
0.914,0.506,0.6513,0.9409
0.9355,0.5959,0.728,0.9623
0.957,0.5394,0.6899,0.9624
0.9681,0.5449,0.6973,0.9623
0.9149,0.5772,0.7078,0.9582
0.9362,0.5789,0.7154,0.9543
0.8723,0.5616,0.6833,0.9276
0.9894,0.5602,0.7154,0.9756
0.9574,0.5455,0.695,0.9565
0.871,0.5625,0.6835,0.9313
0.8817,0.5125,0.6482,0.9344
0.914,0.5484,0.6855,0.9546
0.9677,0.5921,0.7347,0.9599
0.8723,0.5734,0.692,0.9447
0.9043,0.5556,0.6883,0.945
0.8723,0.5256,0.656,0.9446
0.9362,0.5906,0.7243,0.9569
0.9149,0.5513,0.688,0.9559
0.9043,0.5414,0.6773,0.9323
0.9362,0.5677,0.7068,0.9485
0.9574,0.5732,0.7171,0.9737
0.9574,0.5625,0.7087,0.9597
0.8723,0.5467,0.6721,0.9354
0.9355,0.5839,0.719,0.9576
0.957,0.5973,0.7355,0.9581
0.9247,0.585,0.7167,0.9523
0.957,0.5705,0.7149,0.9581
0.9468,0.6312,0.7574,0.9653
0.9574,0.5921,0.7317,0.9618
0.9247,0.5733,0.7078,0.9515
0.9355,0.5724,0.7102,0.9568
0.8387,0.5379,0.6555,0.9139
0.8387,0.5065,0.6316,0.9365
0.9043,0.5556,0.6883,0.9487
0.8723,0.5857,0.7009,0.9435
0.9149,0.5059,0.6515,0.9404
0.9681,0.6454,0.7745,0.9756
0.9043,0.5592,0.6911,0.9522
0.9149,0.5811,0.7107,0.9513
0.9247,0.5478,0.688,0.9449
0.8817,0.5694,0.692,0.9262
0.957,0.5145,0.6692,0.9543
0.8817,0.5734,0.6949,0.9406
0.9574,0.5325,0.6844,0.9641
0.9468,0.5528,0.698,0.9584
0.9468,0.5427,0.6899,0.9637
0.9149,0.585,0.7137,0.9494
0.9362,0.5432,0.6875,0.9422
0.9362,0.55,0.6929,0.948
0.9247,0.5811,0.7137,0.9609
0.957,0.5,0.6568,0.9552
0.914,0.6028,0.7265,0.9567
0.8925,0.5887,0.7094,0.9484
0.8936,0.6087,0.7241,0.9479
0.8723,0.5467,0.6721,0.9458
0.9149,0.5972,0.7227,0.9535
0.8936,0.5676,0.6942,0.9453
0.883,0.557,0.6831,0.9398
0.9255,0.5273,0.6718,0.9587
0.9355,0.5404,0.685,0.9528
0.9785,0.5833,0.7309,0.9691
0.914,0.506,0.6513,0.9381
0.914,0.5592,0.6939,0.947
0.9149,0.5658,0.6992,0.9522
0.8298,0.5652,0.6724,0.9226
0.9043,0.5986,0.7203,0.9551
0.9681,0.5652,0.7137,0.9686
0.9255,0.5839,0.716,0.9511
0.8936,0.5676,0.6942,0.9503
0.914,0.5215,0.6641,0.9524
0.957,0.546,0.6953,0.9644
0.914,0.5667,0.6996,0.9516
0.871,0.551,0.675,0.9418
0.9043,0.5313,0.6693,0.9394
0.8617,0.587,0.6983,0.9303
0.9362,0.5366,0.6822,0.9522
0.883,0.5497,0.6776,0.9501
0.9255,0.5148,0.6616,0.9525
0.9255,0.5724,0.7073,0.9623
0.9462,0.5752,0.7154,0.9595
0.914,0.5629,0.6967,0.9472
0.914,0.5629,0.6967,0.9464
0.914,0.5247,0.6667,0.9432
0.9149,0.5548,0.6908,0.9565
0.9149,0.5513,0.688,0.935
0.9149,0.5584,0.6935,0.9371
0.9255,0.5839,0.716,0.9524
0.9681,0.6408,0.7712,0.9693
0.9468,0.5669,0.7092,0.9645
0.8925,0.5321,0.6667,0.9521
0.9677,0.5455,0.6977,0.9739
0.914,0.5449,0.6827,0.9438
0.9032,0.5676,0.6971,0.9423
0.8723,0.5467,0.6721,0.9493
0.9149,0.4914,0.6394,0.931
0.9255,0.5839,0.716,0.9497
0.9362,0.557,0.6984,0.9498
0.9787,0.5542,0.7077,0.9668
0.9255,0.5305,0.6744,0.9378
0.9255,0.5839,0.716,0.9502
0.8936,0.5833,0.7059,0.9522
0.9574,0.596,0.7347,0.9709
0.9043,0.5629,0.6939,0.9439
0.914,0.5484,0.6855,0.9428
0.8817,0.5655,0.6891,0.9462
0.9355,0.5918,0.725,0.9606
0.8925,0.503,0.6434,0.9397
0.9149,0.5409,0.6798,0.9564
0.9362,0.5399,0.6848,0.965
0.9032,0.5283,0.6667,0.9371
0.8817,0.529,0.6613,0.9271
0.914,0.5986,0.7234,0.9532
0.914,0.5667,0.6996,0.9548
0.8936,0.5638,0.6914,0.9458
0.9362,0.5641,0.704,0.941
0.8617,0.5159,0.6454,0.9227
0.9255,0.5724,0.7073,0.9532
0.9468,0.5855,0.7236,0.9553
0.9255,0.5649,0.7016,0.9678
0.8387,0.5493,0.6638,0.9434
0.914,0.5414,0.68,0.9553
0.914,0.5556,0.6911,0.9594
0.9355,0.5839,0.719,0.9616
0.9255,0.5839,0.716,0.9502
0.9255,0.5148,0.6616,0.9342
0.9255,0.58,0.7131,0.9527
0.9255,0.5305,0.6744,0.9447
0.9362,0.5867,0.7213,0.9549
0.9255,0.5577,0.696,0.9555
0.9247,0.5181,0.6641,0.9586
0.914,0.6115,0.7328,0.9459
0.8925,0.522,0.6587,0.9411
0.8925,0.5425,0.6748,0.9414
0.8723,0.5062,0.6406,0.9359
0.9681,0.5617,0.7109,0.9727
0.9149,0.5972,0.7227,0.9499
0.9468,0.546,0.6926,0.9638
0.9043,0.5629,0.6939,0.9544
0.9043,0.5484,0.6827,0.9403
0.914,0.5822,0.7113,0.9405
0.9032,0.5283,0.6667,0.9416
0.8925,0.5971,0.7155,0.9609
0.9247,0.5478,0.688,0.9652
0.9149,0.5409,0.6798,0.9496
0.9043,0.5629,0.6939,0.9499
0.9043,0.5743,0.7025,0.9451
0.9468,0.5633,0.7063,0.9563
0.8723,0.543,0.6694,0.9489
0.9574,0.5202,0.6742,0.9529
0.957,0.5494,0.698,0.9589
0.957,0.5597,0.7063,0.966
0.9032,0.6087,0.7273,0.9427
0.8387,0.5693,0.6783,0.9386
0.9149,0.5811,0.7107,0.9516
0.883,0.5845,0.7034,0.9468
0.9255,0.58,0.7131,0.9497
0.8936,0.5957,0.7149,0.9351
0.9362,0.557,0.6984,0.9573
0.9255,0.5437,0.685,0.9492
0.9247,0.6232,0.7446,0.9599
0.9355,0.5918,0.725,0.9593
0.9247,0.5772,0.7107,0.954
0.9247,0.5584,0.6964,0.9527
0.883,0.5461,0.6748,0.9408
0.9787,0.5714,0.7216,0.971
0.9468,0.5742,0.7149,0.9574
0.883,0.5646,0.6888,0.9413
0.9043,0.5743,0.7025,0.9541
0.9149,0.5772,0.7078,0.9533
0.9032,0.5455,0.6802,0.9341
0.8925,0.522,0.6587,0.9379
0.8925,0.5287,0.664,0.9438
0.8495,0.5448,0.6639,0.9311
0.9255,0.6127,0.7373,0.9561
0.9149,0.5409,0.6798,0.9596
0.9574,0.6294,0.7595,0.9693
0.9362,0.5269,0.6743,0.9601
0.9043,0.5986,0.7203,0.9386
0.9255,0.5404,0.6824,0.9442
0.9149,0.5695,0.702,0.9555
0.8404,0.5448,0.6611,0.9271
0.8936,0.5676,0.6942,0.9331
0.9362,0.5535,0.6957,0.9496
0.957,0.5779,0.7206,0.9738
0.9355,0.5878,0.722,0.9653
0.9355,0.5541,0.696,0.9599
0.9355,0.5878,0.722,0.9602
0.9043,0.5782,0.7054,0.9572
0.9362,0.55,0.6929,0.9586
0.9032,0.56,0.6914,0.9577
0.8925,0.5887,0.7094,0.9431
1.0,0.5536,0.7126,0.9782
0.914,0.5743,0.7054,0.9602
0.8936,0.4941,0.6364,0.9248
0.9255,0.5472,0.6877,0.961
0.8617,0.5664,0.6835,0.9428
0.8617,0.5473,0.6694,0.9276
0.9149,0.5443,0.6825,0.9424
0.883,0.4911,0.6312,0.9369
0.9462,0.5269,0.6769,0.9443
0.9462,0.5535,0.6984,0.9536
0.957,0.5933,0.7325,0.9579
0.914,0.6028,0.7265,0.9536
0.9681,0.5987,0.7398,0.9756
0.8936,0.5385,0.672,0.9388
0.8723,0.5899,0.7039,0.9415
0.9043,0.5743,0.7025,0.9457
0.9255,0.6127,0.7373,0.9599
0.9574,0.5455,0.695,0.9632
0.914,0.5862,0.7143,0.9608
0.9247,0.5513,0.6908,0.9559
0.9032,0.5563,0.6885,0.9533
0.9032,0.5563,0.6885,0.9431
0.9574,0.4865,0.6452,0.9477
0.9255,0.6042,0.7311,0.9533
0.9574,0.5488,0.6977,0.9613
0.8191,0.5746,0.6754,0.9306
0.9787,0.586,0.7331,0.9591
0.9362,0.5432,0.6875,0.9584
0.9032,0.5833,0.7089,0.944
0.914,0.5944,0.7203,0.9543
0.871,0.551,0.675,0.9445
0.9355,0.5179,0.6667,0.9604
0.9362,0.5466,0.6902,0.959
0.9149,0.5375,0.6772,0.9506
0.9255,0.5878,0.719,0.9591
0.8723,0.5734,0.692,0.9306
0.8723,0.5694,0.6891,0.9471
0.9468,0.5855,0.7236,0.9593
0.9462,0.5641,0.7068,0.9646
0.8602,0.5096,0.64,0.9186
0.9032,0.5957,0.7179,0.9495
0.9247,0.5443,0.6853,0.9395
0.9468,0.5361,0.6846,0.9588
0.9255,0.5959,0.725,0.9622
0.9149,0.5212,0.6641,0.9361
0.9043,0.512,0.6538,0.9395
0.9468,0.5427,0.6899,0.9678
0.9043,0.503,0.6464,0.9392
0.9355,0.5649,0.7045,0.9643
0.9032,0.5419,0.6774,0.9451
0.9355,0.5878,0.722,0.9593
0.871,0.5159,0.648,0.9242
0.9255,0.5839,0.716,0.9607
0.9255,0.5613,0.6988,0.9519
0.9574,0.5422,0.6923,0.9577
0.9149,0.5772,0.7078,0.9591
0.8936,0.5563,0.6857,0.9416
0.9362,0.6027,0.7333,0.9469
0.883,0.5355,0.6667,0.9483
0.9468,0.5779,0.7177,0.9545
0.9574,0.566,0.7115,0.9596
0.8404,0.5524,0.6667,0.9355
0.9462,0.5752,0.7154,0.955
0.9355,0.5305,0.677,0.9612
0.9892,0.5897,0.739,0.9671
0.8495,0.5032,0.632,0.9312
0.8511,0.5634,0.678,0.9465
0.9043,0.5782,0.7054,0.9566
0.8602,0.4938,0.6275,0.9274
0.9247,0.5212,0.6667,0.9485
0.957,0.5705,0.7149,0.964
0.9462,0.5605,0.704,0.9631
0.9043,0.5449,0.68,0.9515
0.9149,0.5342,0.6745,0.9446
0.9468,0.5742,0.7149,0.9714
0.9468,0.5427,0.6899,0.9501
0.9043,0.5519,0.6855,0.9419
0.9681,0.6026,0.7429,0.9695
0.9247,0.5478,0.688,0.9471
0.957,0.5266,0.6794,0.9675
0.8817,0.5775,0.6979,0.9561
0.9677,0.5844,0.7287,0.9637
0.9149,0.5972,0.7227,0.9514
0.8723,0.5395,0.6667,0.9325
0.9255,0.5337,0.677,0.9577
0.9149,0.585,0.7137,0.9513
0.8723,0.529,0.6586,0.9346
0.8617,0.5473,0.6694,0.9333
0.9032,0.5526,0.6857,0.9326
0.9677,0.5488,0.7004,0.9634
0.9032,0.535,0.672,0.9494
0.9247,0.5409,0.6825,0.952
0.8936,0.5283,0.664,0.9412
0.9574,0.5921,0.7317,0.9715
0.9681,0.5687,0.7165,0.969
0.9255,0.5762,0.7102,0.9563
0.9043,0.5822,0.7083,0.9585
0.8936,0.5455,0.6774,0.9301
0.957,0.6054,0.7417,0.9758
0.9462,0.5641,0.7068,0.9621
0.8817,0.529,0.6613,0.9302
0.8925,0.5646,0.6917,0.9479
0.883,0.5608,0.686,0.9411
0.9043,0.5944,0.7173,0.9413
0.9149,0.585,0.7137,0.9521
0.9043,0.528,0.6667,0.9533
0.9468,0.6138,0.7448,0.9558
0.8723,0.5395,0.6667,0.9336
0.828,0.5347,0.6498,0.9161
0.9247,0.5972,0.7257,0.9614
0.8925,0.5929,0.7124,0.9545
0.8925,0.5355,0.6694,0.9307
0.8936,0.5283,0.664,0.9413
0.9362,0.5752,0.7126,0.9605
0.9468,0.5633,0.7063,0.9604
0.9468,0.5597,0.7036,0.9647
0.9149,0.6014,0.7257,0.9479
0.8936,0.6131,0.7273,0.9505
0.957,0.5973,0.7355,0.9679
0.8817,0.5503,0.6777,0.935
0.8817,0.5734,0.6949,0.9514
0.9355,0.5404,0.685,0.9634
0.9681,0.5056,0.6642,0.9665
0.9255,0.5305,0.6744,0.9542
0.8723,0.5775,0.6949,0.9272
0.9043,0.512,0.6538,0.9264
0.9149,0.5478,0.6853,0.9455
0.9574,0.604,0.7407,0.9751
0.8602,0.5405,0.6639,0.9317
0.8817,0.5256,0.6586,0.9284
0.8925,0.5929,0.7124,0.9436
0.8925,0.5253,0.6614,0.9409
0.8723,0.5578,0.6805,0.9355
0.8404,0.5852,0.69,0.9336
0.9362,0.5946,0.7273,0.9621
0.9255,0.537,0.6797,0.9459
0.9574,0.5844,0.7258,0.9552
0.9574,0.566,0.7115,0.9644
0.914,0.5782,0.7083,0.9479
0.9032,0.5833,0.7089,0.946
0.9677,0.5882,0.7317,0.9699
0.9247,0.5342,0.6772,0.9618
0.9681,0.5583,0.7082,0.9616
0.9255,0.5337,0.677,0.9594
0.9043,0.5705,0.6996,0.9427
0.9043,0.5705,0.6996,0.9502
0.9574,0.5233,0.6767,0.9618
0.9362,0.5867,0.7213,0.9695
0.957,0.5563,0.7036,0.9549
0.9032,0.5185,0.6588,0.9343
0.914,0.5247,0.6667,0.9565
0.8925,0.5608,0.6888,0.9386
0.8511,0.5674,0.6809,0.9357
0.9574,0.5521,0.7004,0.9546
0.9043,0.5629,0.6939,0.9364
0.9574,0.6122,0.7469,0.9623
0.9255,0.5649,0.7016,0.9526
0.9362,0.5789,0.7154,0.9529
0.9468,0.5563,0.7008,0.962
0.8617,0.4765,0.6136,0.9319
0.9681,0.6233,0.7583,0.9788
0.9362,0.5752,0.7126,0.9573
0.9247,0.5621,0.6992,0.9547
0.9785,0.5652,0.7165,0.9605
0.9247,0.5276,0.6719,0.952
0.8387,0.5532,0.6667,0.9348
0.8936,0.549,0.6802,0.9403
0.8936,0.549,0.6802,0.9408
0.9032,0.5714,0.7,0.9642
0.9247,0.5244,0.6693,0.9409
0.957,0.5855,0.7265,0.9672
0.914,0.528,0.6693,0.9403
0.9043,0.5986,0.7203,0.9627
0.9468,0.5779,0.7177,0.9692
0.9787,0.5679,0.7188,0.9689
0.9468,0.546,0.6926,0.9491
0.9362,0.5301,0.6769,0.9476
0.8936,0.5638,0.6914,0.9447
0.8602,0.5333,0.6584,0.931
0.8602,0.5369,0.6612,0.9386
0.8817,0.5541,0.6805,0.9444
0.9032,0.5753,0.7029,0.95
0.8511,0.5195,0.6452,0.9263
0.9787,0.5786,0.7273,0.9759
0.9574,0.559,0.7059,0.9595
0.9149,0.5584,0.6935,0.9504
0.9574,0.5455,0.695,0.9534
0.9468,0.5563,0.7008,0.966
0.8925,0.5425,0.6748,0.9382
0.9355,0.6084,0.7373,0.9475
0.8065,0.5357,0.6438,0.9241
0.8925,0.5764,0.7004,0.9526
0.9043,0.5414,0.6773,0.9394
0.9149,0.5513,0.688,0.9498
0.9362,0.5466,0.6902,0.9583
0.9574,0.6,0.7377,0.9626
0.8936,0.5419,0.6747,0.9509
0.9255,0.5472,0.6877,0.9513
0.9149,0.5443,0.6825,0.9406
0.8936,0.5316,0.6667,0.9498
0.9149,0.5733,0.7049,0.9462
0.9468,0.5705,0.712,0.9522
0.9247,0.5658,0.702,0.9542
0.9355,0.5649,0.7045,0.9507
0.9032,0.5526,0.6857,0.9414
0.8925,0.5461,0.6776,0.9444
0.9149,0.5375,0.6772,0.9485
0.9362,0.5301,0.6769,0.9576
0.883,0.5461,0.6748,0.9372
0.8617,0.5664,0.6835,0.932
0.9149,0.637,0.7511,0.9553
0.9149,0.5695,0.702,0.9613
0.9355,0.5472,0.6905,0.962
0.9032,0.5714,0.7,0.953
0.9247,0.5089,0.6565,0.96
0.8387,0.5532,0.6667,0.9419
0.9468,0.5528,0.698,0.9646
0.9043,0.5862,0.7113,0.9455
0.9355,0.5686,0.7073,0.9572
0.9355,0.5959,0.728,0.9504
0.9032,0.5874,0.7119,0.9533
0.8817,0.5503,0.6777,0.9398
0.9043,0.5346,0.6719,0.9322
0.883,0.5497,0.6776,0.9299
0.8936,0.5455,0.6774,0.9444
0.8404,0.5097,0.6345,0.9279
0.9149,0.5621,0.6964,0.9549
0.9255,0.537,0.6797,0.9476
0.8925,0.5804,0.7034,0.9552
0.9355,0.5613,0.7016,0.9528
0.914,0.5152,0.6589,0.9522
0.9355,0.6084,0.7373,0.9598
0.8617,0.5704,0.6864,0.9452
0.9362,0.5466,0.6902,0.9591
0.9362,0.5366,0.6822,0.9636
0.8936,0.5526,0.6829,0.9409
0.9574,0.6569,0.7792,0.9667
0.9362,0.5752,0.7126,0.9408
0.8723,0.5325,0.6613,0.9381
0.9043,0.5346,0.6719,0.9467
0.9043,0.5414,0.6773,0.9334
0.9787,0.538,0.6943,0.9746
0.9785,0.5833,0.7309,0.9663
0.9462,0.5641,0.7068,0.958
0.9355,0.5472,0.6905,0.9482
0.8925,0.5425,0.6748,0.9412
0.9787,0.538,0.6943,0.9684
0.8404,0.5267,0.6475,0.932
0.9255,0.5577,0.696,0.9562
0.8936,0.5455,0.6774,0.9451
0.8936,0.5676,0.6942,0.9462
0.9043,0.5862,0.7113,0.9433
0.8925,0.5845,0.7064,0.9411
0.9032,0.5419,0.6774,0.943
0.9462,0.5986,0.7333,0.9683
0.8602,0.5755,0.6897,0.938
0.9255,0.5613,0.6988,0.9492
0.9468,0.5563,0.7008,0.9491
0.9247,0.5375,0.6798,0.9492
0.9355,0.58,0.716,0.9566
0.914,0.509,0.6538,0.9472
0.957,0.5669,0.712,0.956
0.9149,0.6143,0.735,0.9584
0.9574,0.5625,0.7087,0.9706
0.9362,0.5677,0.7068,0.9492
0.9043,0.5414,0.6773,0.9353
0.8723,0.543,0.6694,0.9359
0.9255,0.5649,0.7016,0.9589
0.9462,0.55,0.6957,0.9594
0.9355,0.5437,0.6877,0.9488
0.9032,0.5676,0.6971,0.9457
0.9247,0.5478,0.688,0.945
0.9362,0.5752,0.7126,0.9499
0.8617,0.5827,0.6953,0.9486
0.9255,0.5404,0.6824,0.9375
0.9574,0.5806,0.7229,0.9602
0.9149,0.5811,0.7107,0.9574
0.8617,0.587,0.6983,0.9215
0.914,0.5592,0.6939,0.9381
0.8925,0.5,0.6409,0.9276
0.9247,0.5375,0.6798,0.9411
0.9355,0.5577,0.6988,0.9572
0.9468,0.5933,0.7295,0.9641
0.9149,0.5733,0.7049,0.9396
0.9255,0.5404,0.6824,0.948
0.8723,0.5467,0.6721,0.9405
0.8936,0.5638,0.6914,0.9406
0.883,0.5533,0.6803,0.9398
0.8925,0.5355,0.6694,0.9411
0.8817,0.5223,0.656,0.9426
0.957,0.5669,0.712,0.9588
0.957,0.5298,0.682,0.9608
0.9149,0.5733,0.7049,0.9556
0.9043,0.5862,0.7113,0.9519
0.9681,0.6149,0.7521,0.9629
0.9468,0.6014,0.7355,0.9589
0.9043,0.5782,0.7054,0.9433
0.9468,0.5779,0.7177,0.9654
0.9032,0.5185,0.6588,0.9494
0.9462,0.55,0.6957,0.9567
0.9355,0.5762,0.7131,0.9561
0.9785,0.5833,0.7309,0.9709
0.9043,0.5152,0.6564,0.9501
0.8511,0.5556,0.6723,0.9387
0.9043,0.5484,0.6827,0.9529
0.8404,0.5374,0.6556,0.927
0.9468,0.5669,0.7092,0.9467
0.9574,0.5844,0.7258,0.9687
0.8404,0.5163,0.6397,0.923
0.9149,0.5119,0.6565,0.9327
0.9149,0.5478,0.6853,0.943
0.9362,0.5333,0.6795,0.9467
0.8817,0.6074,0.7193,0.9398
0.9032,0.5714,0.7,0.9474
0.8925,0.5685,0.6946,0.9426
0.9462,0.6111,0.7426,0.955
0.9043,0.528,0.6667,0.9378
0.9787,0.5897,0.736,0.9718
0.914,0.5484,0.6855,0.948
0.9785,0.6594,0.7879,0.9757
0.8817,0.5325,0.664,0.9393
0.9355,0.5878,0.722,0.9558
0.8936,0.5833,0.7059,0.9437
0.9255,0.5437,0.685,0.9554
0.9468,0.5779,0.7177,0.9514
0.8936,0.5526,0.6829,0.9406
0.9255,0.5762,0.7102,0.9613
0.9255,0.5918,0.722,0.9532
0.9462,0.5986,0.7333,0.963
0.9247,0.5443,0.6853,0.9534
0.914,0.5862,0.7143,0.9581
0.871,0.609,0.7168,0.9432
0.9149,0.5621,0.6964,0.9455
0.9362,0.5146,0.6642,0.9461
0.9574,0.5732,0.7171,0.9624
0.9255,0.537,0.6797,0.9561
0.8936,0.5526,0.6829,0.9335
0.8936,0.5563,0.6857,0.9386
0.914,0.6028,0.7265,0.9598
0.9032,0.549,0.6829,0.9531
0.9462,0.5986,0.7333,0.9707
0.8925,0.4911,0.6336,0.9342
0.9149,0.5548,0.6908,0.9442
0.9255,0.5724,0.7073,0.9549
0.9574,0.5028,0.6593,0.9617
0.883,0.5425,0.6721,0.9257
0.883,0.5929,0.7094,0.9493
0.8511,0.5926,0.6987,0.9311
0.8817,0.5,0.6381,0.942
0.8925,0.5461,0.6776,0.9421
0.9462,0.5677,0.7097,0.9606
0.8925,0.5425,0.6748,0.9283
0.9149,0.5342,0.6745,0.9439
0.9362,0.5946,0.7273,0.9598
0.9468,0.5894,0.7265,0.9589
0.9362,0.557,0.6984,0.9585
0.9787,0.538,0.6943,0.9659
0.9574,0.596,0.7347,0.972
0.8602,0.5839,0.6957,0.9374
0.914,0.5519,0.6883,0.9537
0.9462,0.5641,0.7068,0.9519
0.9462,0.5641,0.7068,0.9592
0.8723,0.5734,0.692,0.9451
0.9255,0.5724,0.7073,0.9568
0.9362,0.5641,0.704,0.9486
0.883,0.5355,0.6667,0.9252
0.9787,0.5349,0.6917,0.9514
0.9362,0.5301,0.6769,0.9671
0.914,0.6115,0.7328,0.9547
0.9247,0.5658,0.702,0.9572
0.8817,0.5541,0.6805,0.9494
0.914,0.5743,0.7054,0.9507
0.8617,0.5127,0.6429,0.9111
0.883,0.5533,0.6803,0.9458
0.883,0.6434,0.7444,0.9488
0.9362,0.5399,0.6848,0.9596
0.9043,0.512,0.6538,0.9438
0.8617,0.5625,0.6807,0.9281
0.914,0.5519,0.6883,0.9527
0.8925,0.5287,0.664,0.9371
0.9355,0.5686,0.7073,0.9666
0.9892,0.586,0.736,0.9768
0.9574,0.6,0.7377,0.972
0.9149,0.5621,0.6964,0.9562
0.9043,0.5313,0.6693,0.9266
0.8936,0.56,0.6885,0.937
0.9787,0.5476,0.7023,0.9618
0.9255,0.5613,0.6988,0.9513
0.9785,0.52,0.6791,0.9681
0.9032,0.5957,0.7179,0.9471
0.8817,0.6029,0.7162,0.9519
0.9677,0.5389,0.6923,0.9698
0.9255,0.5613,0.6988,0.9372
0.8936,0.5316,0.6667,0.9453
0.9574,0.5732,0.7171,0.9613
0.9149,0.5811,0.7107,0.9533
0.9468,0.5933,0.7295,0.9724
0.9362,0.557,0.6984,0.9528
0.9355,0.5337,0.6797,0.9456
0.9355,0.5577,0.6988,0.9502
0.914,0.5782,0.7083,0.9457
0.9247,0.5811,0.7137,0.9505
0.9362,0.5301,0.6769,0.9596
0.9362,0.5867,0.7213,0.9601
0.9043,0.5519,0.6855,0.9385
0.883,0.5533,0.6803,0.946
0.9574,0.5696,0.7143,0.9678
0.9468,0.5361,0.6846,0.944
0.914,0.509,0.6538,0.9486
0.8925,0.6385,0.7444,0.9607
0.9247,0.5409,0.6825,0.949
0.8495,0.5603,0.6752,0.9298
0.9362,0.5677,0.7068,0.9591
0.8936,0.56,0.6885,0.9493
0.9043,0.5743,0.7025,0.9535
0.9149,0.5811,0.7107,0.9446
0.9574,0.5455,0.695,0.9634
0.9255,0.5686,0.7045,0.9566
0.9247,0.5931,0.7227,0.9693
0.8925,0.5685,0.6946,0.9376
0.9032,0.525,0.664,0.9357
0.9032,0.506,0.6486,0.9457
0.9574,0.5625,0.7087,0.9723
0.9574,0.5732,0.7171,0.9622
0.8723,0.5655,0.6862,0.9513
0.8723,0.5503,0.6749,0.9412
0.9574,0.5056,0.6618,0.9544
0.9149,0.585,0.7137,0.9507
0.9468,0.5563,0.7008,0.9596
0.9255,0.5148,0.6616,0.9472
0.9255,0.5577,0.696,0.9443
0.9149,0.637,0.7511,0.9614
0.914,0.5782,0.7083,0.9498
0.8925,0.6058,0.7217,0.9546
0.8925,0.5,0.6409,0.9245
0.9032,0.525,0.664,0.9402
0.9362,0.5535,0.6957,0.9476
0.9149,0.5409,0.6798,0.9446
0.8925,0.5764,0.7004,0.9473
0.957,0.5174,0.6717,0.9685
0.871,0.5159,0.648,0.925
0.957,0.5528,0.7008,0.9628
0.9362,0.5301,0.6769,0.9461
0.9468,0.6096,0.7417,0.9714
0.8936,0.5833,0.7059,0.9438
0.8617,0.5473,0.6694,0.9325
0.883,0.5321,0.664,0.9522
0.9681,0.5723,0.7194,0.9756
0.9032,0.5316,0.6693,0.9333
0.8925,0.5123,0.651,0.9415
0.914,0.509,0.6538,0.9466
0.8602,0.5263,0.6531,0.9092
0.9362,0.5906,0.7243,0.9634
0.9255,0.6,0.728,0.9587
0.9362,0.5789,0.7154,0.9637
0.9681,0.6067,0.7459,0.976
0.9043,0.528,0.6667,0.9489
0.8617,0.5548,0.675,0.9308
0.9247,0.5931,0.7227,0.9602
0.9462,0.5828,0.7213,0.9659
0.957,0.5669,0.712,0.9687
0.957,0.5361,0.6873,0.9631
0.9468,0.5817,0.7206,0.9561
0.9043,0.5705,0.6996,0.9452
0.9043,0.538,0.6746,0.9442
0.9468,0.5669,0.7092,0.9596
0.9468,0.5817,0.7206,0.9588
0.9468,0.5597,0.7036,0.9658
0.9247,0.515,0.6615,0.9549
0.9247,0.5695,0.7049,0.9517
0.8495,0.5338,0.6556,0.9173
0.8925,0.6103,0.7249,0.9413
0.9043,0.6159,0.7328,0.9618
0.9681,0.5322,0.6868,0.9586
0.9255,0.5577,0.696,0.9496
0.9255,0.5241,0.6692,0.9453
0.9043,0.5743,0.7025,0.9506
0.9681,0.5833,0.728,0.9729
0.9247,0.5772,0.7107,0.9623
0.8925,0.5461,0.6776,0.9375
0.914,0.503,0.6489,0.9533
0.957,0.5494,0.698,0.9665
0.9362,0.5605,0.7012,0.9495
0.9574,0.5732,0.7171,0.9597
0.9574,0.5844,0.7258,0.953
0.883,0.5287,0.6614,0.9193
0.9362,0.5752,0.7126,0.9524
0.9255,0.5404,0.6824,0.9509
0.9677,0.5422,0.695,0.9567
0.9355,0.5437,0.6877,0.9491
0.9247,0.5276,0.6719,0.9414
0.9247,0.5342,0.6772,0.9571
0.9362,0.55,0.6929,0.9541
0.9468,0.6403,0.7639,0.9802
0.9255,0.5918,0.722,0.9477
0.9255,0.6042,0.7311,0.9471
0.9255,0.537,0.6797,0.9508
0.9362,0.5946,0.7273,0.9624
0.9677,0.5625,0.7115,0.9574
0.9032,0.5563,0.6885,0.9568
0.8925,0.494,0.636,0.9283
0.957,0.5563,0.7036,0.9559
0.9362,0.5605,0.7012,0.9494
0.9468,0.5669,0.7092,0.9523
0.9362,0.5399,0.6848,0.956
0.8936,0.5793,0.7029,0.9479
0.8723,0.5503,0.6749,0.9477
0.8936,0.5455,0.6774,0.9498
0.9462,0.55,0.6957,0.958
0.9032,0.5385,0.6747,0.9435
0.8925,0.5355,0.6694,0.9407
0.871,0.5364,0.6639,0.9326
0.9149,0.5513,0.688,0.9364
0.9362,0.5714,0.7097,0.9513
0.8936,0.6,0.7179,0.9511
0.8298,0.5909,0.6903,0.9338
0.9043,0.5519,0.6855,0.9518
0.9255,0.5437,0.685,0.9629
0.8817,0.5256,0.6586,0.9214
0.8602,0.5405,0.6639,0.9297
0.9355,0.5649,0.7045,0.9619
0.8925,0.5461,0.6776,0.941
0.883,0.5764,0.6975,0.9374
0.9362,0.6154,0.7426,0.9594
0.9043,0.538,0.6746,0.9406
0.9894,0.5671,0.7209,0.9705
0.9255,0.6304,0.75,0.9531
0.9043,0.5592,0.6911,0.9451
0.9149,0.515,0.659,0.9425
0.9362,0.5714,0.7097,0.9609
0.9468,0.5705,0.712,0.9641
0.9149,0.5244,0.6667,0.9521
0.8925,0.5188,0.6561,0.9308
0.9677,0.5521,0.7031,0.9677
0.9462,0.5946,0.7303,0.9653
0.9032,0.5419,0.6774,0.9458
0.9362,0.5752,0.7126,0.9598
0.9149,0.5119,0.6565,0.9365
0.9247,0.5409,0.6825,0.932
0.9355,0.5839,0.719,0.9597
0.9032,0.6269,0.7401,0.9498
0.9462,0.5116,0.6642,0.9602
0.9149,0.5772,0.7078,0.9569
0.9043,0.5862,0.7113,0.9569
0.883,0.5608,0.686,0.9321
0.883,0.5321,0.664,0.9451
0.9255,0.5686,0.7045,0.944
0.9255,0.6042,0.7311,0.9659
0.957,0.5361,0.6873,0.9531
0.914,0.509,0.6538,0.9497
0.914,0.6343,0.7489,0.9627
0.9247,0.5478,0.688,0.9428
0.9255,0.521,0.6667,0.9526
0.9255,0.5839,0.716,0.9474
0.8617,0.526,0.6532,0.9459
0.883,0.5461,0.6748,0.944
0.9255,0.5686,0.7045,0.9607
0.9574,0.5921,0.7317,0.9685
0.8723,0.5857,0.7009,0.946
0.9362,0.5605,0.7012,0.9461
0.9468,0.5494,0.6953,0.9572
0.9149,0.6143,0.735,0.9599
0.9677,0.6164,0.7531,0.9695
0.9355,0.5878,0.722,0.9596
0.9677,0.566,0.7143,0.9443
0.914,0.5862,0.7143,0.945
