RUSBag
0.8462,0.3793,0.5238,0.8749
0.6538,0.2833,0.3953,0.846
0.9231,0.3288,0.4848,0.9068
0.64,0.2759,0.3855,0.8292
0.68,0.3269,0.4416,0.8303
0.68,0.3148,0.4304,0.8162
0.8077,0.3962,0.5316,0.8917
0.7308,0.3065,0.4318,0.8097
0.8462,0.3492,0.4944,0.882
0.5385,0.2188,0.3111,0.7723
0.7308,0.3654,0.4872,0.8843
0.5769,0.3061,0.4,0.7858
0.7692,0.2857,0.4167,0.8264
0.88,0.4,0.55,0.9169
0.76,0.3333,0.4634,0.895
0.8,0.3774,0.5128,0.8443
0.7692,0.3509,0.4819,0.8909
0.8077,0.3387,0.4773,0.8843
0.5769,0.2419,0.3409,0.7664
0.5769,0.283,0.3797,0.7903
0.6923,0.3673,0.48,0.8519
0.6923,0.2857,0.4045,0.818
0.7308,0.3115,0.4368,0.8228
0.8,0.4348,0.5634,0.9107
0.64,0.2286,0.3368,0.7644
0.84,0.2958,0.4375,0.883
0.6154,0.3265,0.4267,0.8215
0.6154,0.3137,0.4156,0.8167
0.7308,0.3725,0.4935,0.8706
0.9231,0.338,0.4948,0.918
0.7308,0.3585,0.481,0.8297
0.8077,0.3387,0.4773,0.9007
0.8077,0.3443,0.4828,0.8931
0.88,0.3333,0.4835,0.8566
0.76,0.322,0.4524,0.8425
0.64,0.3019,0.4103,0.8433
0.7692,0.303,0.4348,0.8259
0.6923,0.3333,0.45,0.8093
0.6538,0.3333,0.4416,0.8324
0.8462,0.3492,0.4944,0.8829
0.7308,0.3519,0.475,0.835
0.7692,0.339,0.4706,0.8709
0.7692,0.3279,0.4598,0.8629
0.6,0.3125,0.411,0.7871
0.6,0.2679,0.3704,0.7983
0.88,0.3438,0.4944,0.9048
0.6923,0.2813,0.4,0.8131
0.7692,0.3226,0.4545,0.8539
0.8462,0.3793,0.5238,0.8702
0.7308,0.322,0.4471,0.8438
0.7308,0.3654,0.4872,0.8517
0.6923,0.2769,0.3956,0.804
0.7692,0.2857,0.4167,0.8245
0.92,0.3651,0.5227,0.932
0.36,0.1957,0.2535,0.7037
0.72,0.3333,0.4557,0.8705
0.6923,0.2647,0.383,0.8489
0.8077,0.3621,0.5,0.8897
0.6923,0.3214,0.439,0.8265
0.7308,0.3393,0.4634,0.8426
0.6538,0.2742,0.3864,0.8082
0.4231,0.275,0.3333,0.7723
0.7308,0.2794,0.4043,0.8349
0.88,0.2973,0.4444,0.8893
0.68,0.3091,0.425,0.814
0.72,0.3214,0.4444,0.8696
0.9231,0.4286,0.5854,0.9304
0.7308,0.322,0.4471,0.8401
0.8462,0.3492,0.4944,0.867
0.7692,0.3333,0.4651,0.9023
0.7692,0.3175,0.4494,0.8645
0.7308,0.3333,0.4578,0.8002
0.7308,0.3016,0.427,0.7958
0.76,0.3333,0.4634,0.8587
0.76,0.3276,0.4578,0.8747
0.76,0.3016,0.4318,0.8415
0.6923,0.2903,0.4091,0.8104
0.7692,0.3636,0.4938,0.8737
0.6154,0.2667,0.3721,0.8198
0.8462,0.3929,0.5366,0.9042
0.6923,0.3051,0.4235,0.8243
0.7308,0.3654,0.4872,0.8713
0.9231,0.381,0.5393,0.9376
0.68,0.25,0.3656,0.7451
0.88,0.3438,0.4944,0.9251
0.56,0.2154,0.3111,0.7823
0.6538,0.3469,0.4533,0.831
0.8462,0.3607,0.5057,0.8851
0.6923,0.375,0.4865,0.8518
0.6923,0.3462,0.4615,0.8362
0.5769,0.3261,0.4167,0.8013
0.7308,0.3333,0.4578,0.8385
0.8077,0.35,0.4884,0.889
0.72,0.3673,0.4865,0.8951
0.8,0.3509,0.4878,0.9081
0.72,0.2687,0.3913,0.8254
0.7308,0.3654,0.4872,0.8446
0.6923,0.3158,0.4337,0.8113
0.6923,0.2687,0.3871,0.7892
0.8077,0.3387,0.4773,0.8646
0.7692,0.2778,0.4082,0.8159
0.6923,0.3529,0.4675,0.8725
0.8462,0.386,0.5301,0.8999
0.76,0.3585,0.4872,0.8397
0.76,0.2969,0.427,0.8458
0.72,0.3051,0.4286,0.82
0.5769,0.2885,0.3846,0.8099
0.6538,0.3617,0.4658,0.8402
0.7692,0.3448,0.4762,0.8064
0.8077,0.3134,0.4516,0.8709
0.7692,0.3704,0.5,0.8671
0.7308,0.3725,0.4935,0.8494
0.6538,0.2931,0.4048,0.8274
0.68,0.3036,0.4198,0.8526
0.76,0.3393,0.4691,0.8565
0.8,0.3226,0.4598,0.8625
0.7692,0.3226,0.4545,0.8521
0.6538,0.2833,0.3953,0.7728
0.7308,0.3115,0.4368,0.8237
0.8077,0.35,0.4884,0.9017
0.8846,0.3538,0.5055,0.9268
0.6923,0.3529,0.4675,0.8348
0.5,0.2549,0.3377,0.7317
0.68,0.2742,0.3908,0.825
0.76,0.322,0.4524,0.8469
0.88,0.3929,0.5432,0.9048
0.6923,0.2727,0.3913,0.8189
0.8077,0.3443,0.4828,0.8951
0.8462,0.3492,0.4944,0.8794
0.6923,0.3333,0.45,0.7955
0.8462,0.3333,0.4783,0.8843
0.6923,0.2687,0.3871,0.8222
0.7308,0.3333,0.4578,0.8469
0.84,0.35,0.4941,0.883
0.56,0.25,0.3457,0.7689
0.84,0.3281,0.4719,0.848
0.7692,0.3175,0.4494,0.8332
0.8077,0.3889,0.525,0.8589
0.6538,0.34,0.4474,0.8243
0.7308,0.38,0.5,0.8653
0.7692,0.3448,0.4762,0.8817
0.7692,0.339,0.4706,0.8644
0.6923,0.2813,0.4,0.8324
0.76,0.3115,0.4419,0.8401
0.72,0.3103,0.4337,0.8944
0.64,0.3077,0.4156,0.8117
0.6923,0.2813,0.4,0.8377
0.8077,0.3182,0.4565,0.8766
0.6923,0.3273,0.4444,0.8574
0.5769,0.3191,0.411,0.7999
0.7308,0.3276,0.4524,0.824
0.7308,0.2969,0.4222,0.8684
0.7308,0.4043,0.5205,0.8991
0.8,0.339,0.4762,0.8514
0.68,0.2931,0.4096,0.8121
0.88,0.2895,0.4356,0.9162
0.7308,0.3333,0.4578,0.8549
0.5385,0.3043,0.3889,0.8209
0.6154,0.3636,0.4571,0.8222
0.6923,0.3396,0.4557,0.822
0.6538,0.3091,0.4198,0.829
0.5385,0.2917,0.3784,0.7877
0.8077,0.3333,0.4719,0.8409
0.6154,0.2857,0.3902,0.812
0.6154,0.2963,0.4,0.8435
0.7692,0.339,0.4706,0.8967
0.7692,0.2899,0.4211,0.8414
0.64,0.3902,0.4848,0.8256
0.76,0.3115,0.4419,0.8244
0.72,0.3214,0.4444,0.9049
0.7692,0.3636,0.4938,0.8823
0.6923,0.2769,0.3956,0.8435
0.6538,0.34,0.4474,0.7838
0.72,0.2769,0.4,0.81
0.64,0.2857,0.3951,0.8445
0.88,0.3607,0.5116,0.8909
0.6538,0.3333,0.4416,0.8377
0.6154,0.2286,0.3333,0.7888
0.7308,0.3519,0.475,0.8513
0.8846,0.4182,0.5679,0.9247
0.6538,0.3036,0.4146,0.8298
0.7308,0.322,0.4471,0.8687
0.8462,0.3793,0.5238,0.9038
0.6,0.283,0.3846,0.797
0.68,0.3208,0.4359,0.8151
0.68,0.2931,0.4096,0.8091
0.6923,0.3396,0.4557,0.8726
0.6923,0.2951,0.4138,0.7835
0.7692,0.3279,0.4598,0.8464
0.7692,0.3636,0.4938,0.8772
0.5769,0.3333,0.4225,0.8243
0.6538,0.3091,0.4198,0.8054
0.7692,0.3175,0.4494,0.8598
0.8,0.2899,0.4255,0.8419
0.72,0.2951,0.4186,0.843
0.68,0.3269,0.4416,0.8365
0.8462,0.3548,0.5,0.8919
0.8462,0.3438,0.4889,0.9024
0.7692,0.3509,0.4819,0.836
0.7692,0.3226,0.4545,0.8322
0.6538,0.3208,0.4304,0.7979
0.7692,0.303,0.4348,0.823
0.7308,0.3585,0.481,0.8421
0.64,0.2667,0.3765,0.7551
0.52,0.3611,0.4262,0.838
0.68,0.2464,0.3617,0.8349
0.8462,0.3438,0.4889,0.8537
0.6923,0.3462,0.4615,0.8522
0.6923,0.3462,0.4615,0.8776
0.8846,0.3485,0.5,0.8976
0.8846,0.377,0.5287,0.896
0.6538,0.2982,0.4096,0.7964
0.7692,0.2899,0.4211,0.8383
0.6,0.2679,0.3704,0.8204
0.6,0.2941,0.3947,0.8286
0.6,0.2679,0.3704,0.8025
0.8077,0.3333,0.4719,0.8982
0.6538,0.2787,0.3908,0.7962
0.8462,0.4074,0.55,0.9183
0.7692,0.4082,0.5333,0.8815
0.7692,0.3448,0.4762,0.8334
0.6154,0.2807,0.3855,0.8405
0.7692,0.274,0.404,0.8132
0.68,0.3269,0.4416,0.8397
0.76,0.3519,0.481,0.8824
0.68,0.3269,0.4416,0.8094
0.8462,0.4231,0.5641,0.9102
0.7692,0.3448,0.4762,0.8751
0.8077,0.3182,0.4565,0.8351
0.6923,0.3103,0.4286,0.8145
0.5769,0.25,0.3488,0.8083
0.8462,0.4231,0.5641,0.9176
0.7692,0.3448,0.4762,0.8341
0.64,0.2807,0.3902,0.8153
0.8,0.2857,0.4211,0.8185
0.8,0.339,0.4762,0.8685
0.6923,0.383,0.4932,0.8736
0.8077,0.42,0.5526,0.8817
0.7692,0.303,0.4348,0.8311
0.8077,0.35,0.4884,0.8695
0.5769,0.2586,0.3571,0.7772
0.6923,0.375,0.4865,0.8801
0.5385,0.2692,0.359,0.7626
0.76,0.3065,0.4368,0.8189
0.72,0.2903,0.4138,0.8173
0.84,0.2958,0.4375,0.8815
0.7308,0.3276,0.4524,0.8662
0.8846,0.3898,0.5412,0.9292
0.8077,0.3281,0.4667,0.8973
0.6538,0.3036,0.4146,0.8226
0.7308,0.3519,0.475,0.8516
0.6538,0.2833,0.3953,0.826
0.8462,0.3143,0.4583,0.8738
0.84,0.35,0.4941,0.8975
0.64,0.32,0.4267,0.7842
0.76,0.2794,0.4086,0.8541
0.8462,0.3492,0.4944,0.8964
0.8077,0.3182,0.4565,0.838
0.6154,0.3265,0.4267,0.84
0.8462,0.4314,0.5714,0.909
0.7692,0.3636,0.4938,0.8673
0.5385,0.3043,0.3889,0.8017
0.6154,0.3019,0.4051,0.7826
0.68,0.3333,0.4474,0.8352
0.92,0.3538,0.5111,0.9038
0.8,0.2632,0.396,0.8556
0.6538,0.2742,0.3864,0.8043
0.7692,0.4082,0.5333,0.8343
0.7308,0.3016,0.427,0.8689
0.8846,0.3833,0.5349,0.9071
0.6538,0.2931,0.4048,0.784
0.6538,0.3333,0.4416,0.8196
0.8077,0.3387,0.4773,0.8663
0.7308,0.3115,0.4368,0.8112
0.7308,0.3654,0.4872,0.8213
0.6923,0.3214,0.439,0.857
0.9231,0.4211,0.5783,0.9453
0.8,0.2941,0.4301,0.8589
0.64,0.3019,0.4103,0.8247
0.72,0.3333,0.4557,0.8762
0.6923,0.3462,0.4615,0.8396
0.7308,0.3519,0.475,0.8592
0.6154,0.3137,0.4156,0.8281
0.76,0.3167,0.4471,0.8954
0.72,0.2857,0.4091,0.7881
0.8,0.3226,0.4598,0.8634
0.7308,0.2969,0.4222,0.803
0.5769,0.3125,0.4054,0.8428
0.8077,0.3559,0.4941,0.8583
0.6923,0.3396,0.4557,0.8835
0.8077,0.3231,0.4615,0.8814
0.8462,0.3492,0.4944,0.88
0.7692,0.3774,0.5063,0.892
0.72,0.3462,0.4675,0.8302
0.8,0.3922,0.5263,0.8758
0.6,0.2586,0.3614,0.8241
0.6538,0.3333,0.4416,0.8297
0.6923,0.2951,0.4138,0.7961
0.6154,0.2909,0.3951,0.7907
0.7308,0.3016,0.427,0.8292
0.6538,0.3469,0.4533,0.845
0.8077,0.42,0.5526,0.8947
0.7308,0.3519,0.475,0.8668
0.72,0.2903,0.4138,0.8282
0.76,0.3276,0.4578,0.8868
0.88,0.3333,0.4835,0.8767
0.9231,0.4286,0.5854,0.9154
0.8077,0.35,0.4884,0.8592
0.5,0.2708,0.3514,0.7605
0.6538,0.2833,0.3953,0.7833
0.8077,0.3889,0.525,0.8864
0.6923,0.3462,0.4615,0.7979
0.7308,0.3115,0.4368,0.8403
0.92,0.3067,0.46,0.9189
0.76,0.3065,0.4368,0.8467
0.48,0.2105,0.2927,0.7235
0.6538,0.425,0.5152,0.8621
0.7308,0.3585,0.481,0.8571
0.7692,0.303,0.4348,0.864
0.7692,0.3333,0.4651,0.885
0.8462,0.3929,0.5366,0.8833
0.6538,0.3148,0.425,0.8226
0.6538,0.2833,0.3953,0.814
0.72,0.3396,0.4615,0.8477
0.52,0.2653,0.3514,0.7714
0.72,0.3396,0.4615,0.8651
0.8077,0.3333,0.4719,0.8962
0.8077,0.3231,0.4615,0.911
0.7692,0.2899,0.4211,0.8366
0.7308,0.322,0.4471,0.8407
0.7308,0.3016,0.427,0.8317
0.7308,0.322,0.4471,0.8308
0.6538,0.2787,0.3908,0.8302
0.68,0.25,0.3656,0.768
0.68,0.3091,0.425,0.8275
0.84,0.3559,0.5,0.8753
0.7692,0.3448,0.4762,0.8513
0.8462,0.4151,0.557,0.9207
0.6154,0.2581,0.3636,0.8078
0.6923,0.4,0.507,0.8697
0.8077,0.3962,0.5316,0.8673
0.7692,0.339,0.4706,0.8178
0.5385,0.2917,0.3784,0.8232
0.64,0.2909,0.4,0.768
0.76,0.2923,0.4222,0.8335
0.8,0.3509,0.4878,0.8429
0.8077,0.3559,0.4941,0.8654
0.8846,0.3485,0.5,0.8895
0.8077,0.3684,0.506,0.8958
0.7308,0.3167,0.4419,0.8458
0.7308,0.3115,0.4368,0.8371
0.8077,0.3231,0.4615,0.8401
0.6538,0.2787,0.3908,0.8429
0.72,0.3158,0.439,0.8371
0.68,0.3036,0.4198,0.7746
0.72,0.4186,0.5294,0.8802
0.9231,0.4,0.5581,0.9142
0.7692,0.3333,0.4651,0.8144
0.6538,0.34,0.4474,0.8354
0.8462,0.3188,0.4632,0.8881
0.5769,0.3333,0.4225,0.8227
0.8077,0.3387,0.4773,0.8711
0.6538,0.2464,0.3579,0.8029
0.7308,0.3065,0.4318,0.8309
0.7308,0.3958,0.5135,0.868
0.7692,0.339,0.4706,0.8192
0.8462,0.386,0.5301,0.8909
0.64,0.2712,0.381,0.8236
0.8,0.3175,0.4545,0.8849
0.72,0.375,0.4932,0.8278
0.7308,0.3725,0.4935,0.8939
0.8077,0.3182,0.4565,0.8414
0.6538,0.3542,0.4595,0.7961
0.72,0.3273,0.45,0.8396
0.64,0.2963,0.4051,0.8411
0.68,0.34,0.4533,0.8609
0.7692,0.3448,0.4762,0.8296
0.7692,0.2817,0.4124,0.8453
0.7308,0.322,0.4471,0.8264
0.6923,0.3273,0.4444,0.8308
0.8462,0.3235,0.4681,0.8872
0.8462,0.3492,0.4944,0.8713
0.7308,0.4634,0.5672,0.9148
0.8,0.3175,0.4545,0.8596
0.64,0.2623,0.3721,0.7804
0.76,0.3519,0.481,0.844
0.6923,0.3529,0.4675,0.8151
0.8846,0.4035,0.5542,0.9383
0.5,0.2453,0.3291,0.7534
0.8077,0.3333,0.4719,0.8613
0.6154,0.2857,0.3902,0.8242
0.8846,0.371,0.5227,0.9328
0.5769,0.3125,0.4054,0.8218
0.72,0.2951,0.4186,0.8226
0.72,0.3051,0.4286,0.845
0.68,0.3148,0.4304,0.8756
0.7308,0.2879,0.413,0.8058
0.6923,0.383,0.4932,0.8768
0.6923,0.3333,0.45,0.8238
0.7692,0.3077,0.4396,0.8206
0.8462,0.3667,0.5116,0.8915
0.7308,0.3725,0.4935,0.8969
0.6538,0.2982,0.4096,0.8151
0.76,0.3393,0.4691,0.8251
0.72,0.36,0.48,0.833
0.76,0.3333,0.4634,0.8288
0.7692,0.3226,0.4545,0.8336
0.8462,0.3438,0.4889,0.8681
0.7692,0.3333,0.4651,0.8591
0.6923,0.3273,0.4444,0.8258
0.6154,0.3137,0.4156,0.7918
0.6154,0.2963,0.4,0.7631
0.8462,0.3667,0.5116,0.9131
0.8,0.3125,0.4494,0.8531
0.72,0.3273,0.45,0.8444
0.8,0.2899,0.4255,0.8388
0.7692,0.4167,0.5405,0.8934
0.7308,0.3519,0.475,0.8858
0.7308,0.2794,0.4043,0.8303
0.8077,0.2917,0.4286,0.8763
0.6538,0.34,0.4474,0.8323
0.7692,0.3448,0.4762,0.8827
0.7308,0.3393,0.4634,0.858
0.64,0.3137,0.4211,0.8215
0.72,0.2951,0.4186,0.847
0.68,0.3269,0.4416,0.7931
0.8462,0.3188,0.4632,0.8974
0.6154,0.2667,0.3721,0.7757
0.7308,0.3115,0.4368,0.8635
0.7692,0.3636,0.4938,0.8602
0.8077,0.3088,0.4468,0.8228
0.8846,0.3286,0.4792,0.9056
0.6923,0.3396,0.4557,0.839
0.76,0.38,0.5067,0.9125
0.72,0.3214,0.4444,0.8306
0.6,0.3061,0.4054,0.82
0.8462,0.3143,0.4583,0.8857
0.7308,0.2923,0.4176,0.871
0.6923,0.2857,0.4045,0.7938
0.6154,0.32,0.4211,0.7842
0.7692,0.2941,0.4255,0.8059
0.6538,0.2787,0.3908,0.8016
0.5385,0.2373,0.3294,0.7827
0.88,0.3492,0.5,0.8746
0.76,0.3393,0.4691,0.8772
0.36,0.2,0.2571,0.7635
0.7308,0.3878,0.5067,0.8862
0.7308,0.322,0.4471,0.8316
0.6923,0.3103,0.4286,0.8308
0.7692,0.3077,0.4396,0.8555
0.5385,0.2642,0.3544,0.7808
0.8846,0.3333,0.4842,0.8674
0.6538,0.3269,0.4359,0.8082
0.72,0.3214,0.4444,0.8858
0.8,0.2857,0.4211,0.8802
0.64,0.2807,0.3902,0.7851
0.8462,0.3188,0.4632,0.8868
0.7308,0.3878,0.5067,0.8843
0.6923,0.3396,0.4557,0.8625
0.7692,0.3509,0.4819,0.8315
0.6538,0.34,0.4474,0.8527
0.8462,0.4151,0.557,0.8819
0.6923,0.2727,0.3913,0.8614
0.6538,0.2429,0.3542,0.8065
0.8462,0.386,0.5301,0.8818
0.6923,0.3214,0.439,0.8493
0.6923,0.3333,0.45,0.8376
0.76,0.3519,0.481,0.8539
0.68,0.2576,0.3736,0.8446
0.64,0.381,0.4776,0.8367
0.6538,0.2881,0.4,0.8068
0.7308,0.322,0.4471,0.8325
0.6538,0.3617,0.4658,0.8503
0.76,0.2969,0.427,0.8746
0.64,0.3019,0.4103,0.8269
0.84,0.4375,0.5753,0.9073
0.8846,0.2949,0.4423,0.8872
0.6923,0.3051,0.4235,0.8384
0.7692,0.3571,0.4878,0.8448
0.7308,0.322,0.4471,0.84
0.8077,0.3559,0.4941,0.8719
0.7308,0.3393,0.4634,0.8347
0.7308,0.322,0.4471,0.8916
0.72,0.3103,0.4337,0.8492
0.68,0.2881,0.4048,0.7895
0.72,0.375,0.4932,0.844
0.8077,0.3231,0.4615,0.8552
0.6923,0.2903,0.4091,0.8227
0.7692,0.3125,0.4444,0.8371
0.8077,0.35,0.4884,0.913
0.7308,0.3333,0.4578,0.85
0.7308,0.2923,0.4176,0.8302
0.5,0.3095,0.3824,0.8289
0.72,0.3051,0.4286,0.8467
0.6,0.25,0.3529,0.7804
0.76,0.38,0.5067,0.8585
0.7308,0.4043,0.5205,0.8732
0.7692,0.3571,0.4878,0.8902
0.7308,0.2794,0.4043,0.8193
0.6923,0.36,0.4737,0.8075
0.8462,0.3607,0.5057,0.8589
0.5385,0.3333,0.4118,0.815
0.8077,0.3621,0.5,0.8527
0.88,0.3667,0.5176,0.8883
0.8,0.2941,0.4301,0.8668
0.76,0.3016,0.4318,0.8606
0.7692,0.4348,0.5556,0.8512
0.6923,0.4091,0.5143,0.8537
0.8846,0.3898,0.5412,0.8863
0.6538,0.25,0.3617,0.8249
0.8846,0.4107,0.561,0.8988
0.7308,0.3585,0.481,0.8194
0.6538,0.2982,0.4096,0.8515
0.68,0.4048,0.5075,0.8516
0.64,0.2353,0.3441,0.8006
0.72,0.3214,0.4444,0.8373
0.6154,0.2424,0.3478,0.7886
0.7692,0.303,0.4348,0.8654
0.7692,0.3175,0.4494,0.8632
0.6538,0.2742,0.3864,0.795
0.7692,0.3125,0.4444,0.8531
0.7692,0.303,0.4348,0.8709
0.6923,0.375,0.4865,0.8592
0.88,0.3729,0.5238,0.8926
0.72,0.3,0.4235,0.8562
0.68,0.2833,0.4,0.7958
0.7308,0.3065,0.4318,0.8302
0.6538,0.3333,0.4416,0.8475
0.7308,0.3065,0.4318,0.8185
0.7692,0.4255,0.5479,0.8957
0.7692,0.4545,0.5714,0.8649
0.7692,0.3509,0.4819,0.9113
0.7308,0.2676,0.3918,0.7836
0.72,0.2951,0.4186,0.8698
0.64,0.2712,0.381,0.7986
0.72,0.3333,0.4557,0.8768
0.7308,0.322,0.4471,0.8704
0.6538,0.3333,0.4416,0.8295
0.7308,0.3455,0.4691,0.849
0.7308,0.3065,0.4318,0.8046
0.7308,0.3519,0.475,0.8266
0.8846,0.3333,0.4842,0.9253
0.7692,0.3333,0.4651,0.8268
0.68,0.3208,0.4359,0.8515
0.68,0.3542,0.4658,0.849
0.76,0.2714,0.4,0.8481
0.7308,0.3167,0.4419,0.8365
0.7308,0.3585,0.481,0.8368
0.5385,0.3111,0.3944,0.7965
0.7692,0.3175,0.4494,0.8767
0.6154,0.3333,0.4324,0.8608
0.6154,0.2963,0.4,0.7966
0.5769,0.2419,0.3409,0.8132
0.64,0.3077,0.4156,0.8095
0.36,0.2045,0.2609,0.7492
0.92,0.4182,0.575,0.9387
0.8846,0.3594,0.5111,0.8858
0.5385,0.28,0.3684,0.8328
0.7692,0.2985,0.4301,0.8834
0.8462,0.3667,0.5116,0.8994
0.6923,0.3273,0.4444,0.8104
0.7308,0.3455,0.4691,0.8152
0.7692,0.3333,0.4651,0.876
0.68,0.3208,0.4359,0.7704
0.68,0.2537,0.3696,0.7629
0.8,0.2941,0.4301,0.8632
0.6923,0.3,0.4186,0.8904
0.7692,0.3846,0.5128,0.8782
0.7692,0.3846,0.5128,0.8512
0.7692,0.3636,0.4938,0.8769
0.6923,0.3333,0.45,0.8349
0.7692,0.3846,0.5128,0.8811
0.8077,0.3684,0.506,0.8657
0.84,0.3182,0.4615,0.8804
0.68,0.3696,0.4789,0.8645
0.6,0.2586,0.3614,0.7768
0.7308,0.2639,0.3878,0.8326
0.7692,0.3774,0.5063,0.8828
0.7692,0.339,0.4706,0.8771
0.6538,0.2833,0.3953,0.8081
0.8077,0.3621,0.5,0.9021
0.6154,0.2857,0.3902,0.8097
0.6538,0.3269,0.4359,0.8358
0.72,0.3158,0.439,0.8617
0.6,0.3333,0.4286,0.8373
0.68,0.2464,0.3617,0.7862
0.7692,0.303,0.4348,0.848
0.8077,0.35,0.4884,0.8791
0.8462,0.3929,0.5366,0.8842
0.6154,0.2667,0.3721,0.7981
0.8846,0.3067,0.4554,0.879
0.6923,0.2769,0.3956,0.8228
0.6538,0.2615,0.3736,0.7942
0.6923,0.36,0.4737,0.8575
0.6538,0.2576,0.3696,0.8196
0.8077,0.35,0.4884,0.8461
0.7308,0.3878,0.5067,0.8884
0.8,0.3509,0.4878,0.8619
0.92,0.3433,0.5,0.8887
0.68,0.3269,0.4416,0.8336
0.7308,0.3393,0.4634,0.8617
0.7308,0.3654,0.4872,0.853
0.7308,0.413,0.5278,0.8952
0.64,0.3019,0.4103,0.8812
0.84,0.2763,0.4158,0.8194
0.68,0.3333,0.4474,0.8078
0.7692,0.303,0.4348,0.8462
0.6538,0.34,0.4474,0.8328
0.7308,0.322,0.4471,0.8188
0.8077,0.3231,0.4615,0.8561
0.6154,0.2353,0.3404,0.8478
0.7692,0.3571,0.4878,0.8769
0.4615,0.2857,0.3529,0.763
0.72,0.3462,0.4675,0.8385
0.8,0.2703,0.404,0.8358
0.68,0.4146,0.5152,0.8775
0.7692,0.3279,0.4598,0.8792
0.6538,0.3036,0.4146,0.7746
0.6923,0.2769,0.3956,0.8487
0.8462,0.3099,0.4536,0.8775
0.8462,0.3438,0.4889,0.8934
0.7308,0.322,0.4471,0.8221
0.7692,0.3125,0.4444,0.847
0.8,0.4255,0.5556,0.9002
0.68,0.3333,0.4474,0.7974
0.76,0.2714,0.4,0.8228
0.4615,0.2609,0.3333,0.7247
0.7692,0.3704,0.5,0.9017
0.8462,0.3667,0.5116,0.9181
0.6538,0.2931,0.4048,0.8624
0.7308,0.3115,0.4368,0.8524
0.6154,0.3478,0.4444,0.8362
0.7308,0.3276,0.4524,0.8086
0.56,0.28,0.3733,0.77
0.8,0.3175,0.4545,0.8306
0.84,0.3387,0.4828,0.8557
0.7308,0.322,0.4471,0.8548
0.8077,0.3043,0.4421,0.8712
0.6538,0.2881,0.4,0.8627
0.6538,0.2833,0.3953,0.8194
0.6538,0.2833,0.3953,0.7961
0.7692,0.3226,0.4545,0.8567
0.6154,0.3019,0.4051,0.838
0.8,0.3636,0.5,0.9234
0.8,0.3175,0.4545,0.8366
0.88,0.3099,0.4583,0.8891
0.6538,0.3148,0.425,0.8275
0.7308,0.3585,0.481,0.8833
0.8077,0.4286,0.56,0.8911
0.6923,0.3396,0.4557,0.7867
0.7308,0.2969,0.4222,0.8444
0.7308,0.3065,0.4318,0.8512
0.6538,0.3269,0.4359,0.83
0.68,0.3208,0.4359,0.7944
0.64,0.2759,0.3855,0.8096
0.8,0.2899,0.4255,0.8426
0.6923,0.3333,0.45,0.8492
0.8462,0.4681,0.6027,0.8916
0.6923,0.3273,0.4444,0.8436
0.7692,0.4082,0.5333,0.917
0.8077,0.3387,0.4773,0.8941
0.5769,0.3061,0.4,0.8477
0.6923,0.3,0.4186,0.8287
0.88,0.3056,0.4536,0.8805
0.64,0.3265,0.4324,0.8369
0.72,0.375,0.4932,0.8752
0.6154,0.2963,0.4,0.7693
0.8846,0.3833,0.5349,0.8851
0.6923,0.2769,0.3956,0.784
0.7692,0.339,0.4706,0.8521
0.7308,0.3455,0.4691,0.8181
0.7692,0.2941,0.4255,0.8195
0.7692,0.3175,0.4494,0.8459
0.6,0.2778,0.3797,0.7919
0.88,0.3793,0.5301,0.8784
0.72,0.3158,0.439,0.867
0.7692,0.3279,0.4598,0.8259
0.8462,0.3793,0.5238,0.9097
0.8846,0.4035,0.5542,0.9214
0.6538,0.3617,0.4658,0.8087
0.5769,0.3488,0.4348,0.8524
0.8077,0.3962,0.5316,0.882
0.8077,0.3621,0.5,0.8894
0.76,0.2794,0.4086,0.842
0.6,0.283,0.3846,0.769
0.76,0.3333,0.4634,0.8625
0.8846,0.2805,0.4259,0.8902
0.6923,0.36,0.4737,0.8631
0.6538,0.2982,0.4096,0.8139
0.8077,0.3,0.4375,0.86
0.6538,0.2742,0.3864,0.8186
0.8077,0.3333,0.4719,0.858
0.8846,0.4423,0.5897,0.901
0.76,0.2879,0.4176,0.8302
0.68,0.2982,0.4146,0.8371
0.8,0.3774,0.5128,0.8731
0.7692,0.3774,0.5063,0.883
0.6538,0.2833,0.3953,0.786
0.8077,0.3443,0.4828,0.8767
0.6923,0.3273,0.4444,0.7887
0.7692,0.4255,0.5479,0.882
0.6923,0.3158,0.4337,0.85
0.6154,0.3333,0.4324,0.8584
0.8,0.3175,0.4545,0.8341
0.76,0.2754,0.4043,0.8229
0.68,0.2833,0.4,0.8097
0.8077,0.3559,0.4941,0.8464
0.7308,0.3333,0.4578,0.8573
0.8077,0.3559,0.4941,0.9019
0.6538,0.2833,0.3953,0.8306
0.8462,0.3143,0.4583,0.8483
0.7692,0.2899,0.4211,0.8324
0.5769,0.2941,0.3896,0.8235
0.7692,0.3448,0.4762,0.8964
0.9231,0.3529,0.5106,0.9077
0.7308,0.3065,0.4318,0.835
0.6538,0.3333,0.4416,0.8579
0.6,0.2586,0.3614,0.7731
0.76,0.4222,0.5429,0.8722
0.68,0.3696,0.4789,0.8034
0.6923,0.3529,0.4675,0.8394
0.6154,0.2424,0.3478,0.7392
0.6154,0.3019,0.4051,0.8292
0.84,0.3387,0.4828,0.8646
0.8,0.3774,0.5128,0.8839
0.64,0.25,0.3596,0.7988
0.8077,0.3281,0.4667,0.8714
0.7692,0.2817,0.4124,0.878
0.6923,0.3462,0.4615,0.8386
0.8462,0.3667,0.5116,0.8865
0.8462,0.3929,0.5366,0.8866
0.8846,0.3538,0.5055,0.9038
0.7692,0.2941,0.4255,0.8712
0.76,0.3585,0.4872,0.8655
0.68,0.2881,0.4048,0.8045
0.72,0.2687,0.3913,0.8309
0.7692,0.2985,0.4301,0.8585
0.6923,0.3913,0.5,0.8507
0.8077,0.3443,0.4828,0.8498
0.6923,0.3,0.4186,0.8398
0.6538,0.2982,0.4096,0.8249
0.6923,0.3673,0.48,0.8692
0.8077,0.4286,0.56,0.9158
0.64,0.3077,0.4156,0.8248
0.8,0.3175,0.4545,0.8419
0.8,0.2899,0.4255,0.8722
0.7308,0.3065,0.4318,0.8445
0.6538,0.3208,0.4304,0.8315
0.6923,0.3529,0.4675,0.8479
0.6923,0.2687,0.3871,0.8088
0.6538,0.2833,0.3953,0.7911
0.8077,0.3387,0.4773,0.8733
0.7692,0.3571,0.4878,0.8377
0.7692,0.3571,0.4878,0.8959
0.8846,0.371,0.5227,0.8869
0.7308,0.2676,0.3918,0.8394
0.6923,0.2769,0.3956,0.7806
0.8,0.3704,0.5063,0.8807
0.8,0.3922,0.5263,0.8919
0.64,0.2623,0.3721,0.7717
0.8462,0.3729,0.5176,0.9001
0.6923,0.2951,0.4138,0.8288
0.6923,0.3103,0.4286,0.8555
0.56,0.2593,0.3544,0.774
0.8,0.3571,0.4938,0.8646
0.56,0.2979,0.3889,0.786
0.7692,0.3226,0.4545,0.8588
0.5,0.2889,0.3662,0.7412
0.7692,0.4,0.5263,0.9044
0.8462,0.3548,0.5,0.8916
0.8462,0.3729,0.5176,0.9036
0.7692,0.3509,0.4819,0.8467
0.7308,0.2969,0.4222,0.8337
0.72,0.3158,0.439,0.8357
0.68,0.2787,0.3953,0.8579
0.72,0.2903,0.4138,0.8013
0.5769,0.2941,0.3896,0.7892
0.7308,0.3393,0.4634,0.8403
0.5769,0.3,0.3947,0.7607
0.8462,0.3929,0.5366,0.8763
0.7308,0.2836,0.4086,0.8543
0.6923,0.3273,0.4444,0.8235
0.6538,0.2833,0.3953,0.7794
0.92,0.3833,0.5412,0.9226
0.76,0.3167,0.4471,0.8662
0.76,0.3519,0.481,0.8877
0.6538,0.2881,0.4,0.7916
0.6538,0.3696,0.4722,0.8448
0.6923,0.3673,0.48,0.8252
0.8077,0.3443,0.4828,0.8767
0.5769,0.2778,0.375,0.7877
0.8077,0.375,0.5122,0.8711
0.7308,0.3276,0.4524,0.8376
0.6538,0.2742,0.3864,0.836
0.6923,0.2903,0.4091,0.8113
0.8077,0.3333,0.4719,0.9173
0.7692,0.303,0.4348,0.839
0.64,0.3333,0.4384,0.8206
0.6,0.2679,0.3704,0.799
0.76,0.3455,0.475,0.8785
0.6923,0.3462,0.4615,0.8425
0.7692,0.3279,0.4598,0.8372
0.8077,0.3182,0.4565,0.8754
0.68,0.2982,0.4146,0.8027
0.6,0.3191,0.4167,0.8174
0.76,0.3276,0.4578,0.8694
0.9231,0.3582,0.5161,0.8996
0.7308,0.3585,0.481,0.8678
0.6538,0.2931,0.4048,0.8089
0.7692,0.2899,0.4211,0.8487
0.6154,0.2759,0.381,0.797
0.8846,0.377,0.5287,0.9343
0.6538,0.2982,0.4096,0.8092
0.68,0.3036,0.4198,0.8068
0.76,0.322,0.4524,0.8401
0.76,0.3065,0.4368,0.833
0.8462,0.3014,0.4444,0.8536
0.8077,0.4038,0.5385,0.916
0.8077,0.4286,0.56,0.8955
0.6923,0.3103,0.4286,0.8127
0.7308,0.38,0.5,0.8764
0.6923,0.3158,0.4337,0.8293
0.6923,0.3273,0.4444,0.8687
0.64,0.3265,0.4324,0.8623
0.76,0.3455,0.475,0.8582
0.8,0.3077,0.4444,0.841
0.7692,0.3279,0.4598,0.842
0.6538,0.2982,0.4096,0.8074
0.7692,0.339,0.4706,0.8352
0.8462,0.3438,0.4889,0.8712
0.7692,0.3509,0.4819,0.8907
0.6538,0.3148,0.425,0.827
0.8077,0.3043,0.4421,0.8641
0.72,0.3462,0.4675,0.8639
0.8,0.3636,0.5,0.904
0.8,0.2985,0.4348,0.8649
0.7308,0.3333,0.4578,0.8457
0.6154,0.2623,0.3678,0.7673
0.4615,0.2791,0.3478,0.8024
0.5769,0.3191,0.411,0.7942
0.7308,0.3065,0.4318,0.8094
0.7308,0.3455,0.4691,0.8858
0.7692,0.3077,0.4396,0.8682
0.84,0.3088,0.4516,0.8832
0.56,0.2692,0.3636,0.7535
0.88,0.3548,0.5057,0.8881
0.6923,0.3273,0.4444,0.8271
0.6923,0.3,0.4186,0.8525
0.6538,0.2982,0.4096,0.8309
0.8462,0.3492,0.4944,0.8832
0.7692,0.4,0.5263,0.8828
0.7692,0.3279,0.4598,0.8306
0.6154,0.3077,0.4103,0.8001
0.6923,0.3333,0.45,0.9014
0.7692,0.3571,0.4878,0.8732
0.5385,0.209,0.3011,0.7149
0.8846,0.377,0.5287,0.8996
0.84,0.3088,0.4516,0.8823
0.76,0.3519,0.481,0.8605
0.68,0.2931,0.4096,0.8218
0.6154,0.2807,0.3855,0.8129
0.5385,0.2857,0.3733,0.7681
0.8462,0.3667,0.5116,0.8763
0.72,0.3214,0.4444,0.8403
0.76,0.3519,0.481,0.8423
0.76,0.3167,0.4471,0.8815
0.5769,0.2727,0.3704,0.844
0.7692,0.3077,0.4396,0.832
0.8462,0.4231,0.5641,0.9149
0.6923,0.3529,0.4675,0.8504
0.7308,0.2879,0.413,0.8597
0.8462,0.3929,0.5366,0.9071
0.6538,0.3148,0.425,0.8024
0.76,0.3455,0.475,0.8306
0.8,0.339,0.4762,0.878
0.84,0.3182,0.4615,0.8598
0.6154,0.2807,0.3855,0.781
0.5385,0.3182,0.4,0.7953
0.7692,0.3774,0.5063,0.8954
0.6154,0.2319,0.3368,0.8031
0.8846,0.3108,0.46,0.8821
0.8462,0.386,0.5301,0.8862
0.6538,0.3091,0.4198,0.79
0.68,0.2742,0.3908,0.837
0.84,0.3387,0.4828,0.8632
0.76,0.3276,0.4578,0.8597
0.5385,0.3111,0.3944,0.8472
0.6538,0.2698,0.382,0.7936
0.7692,0.4348,0.5556,0.8916
0.5769,0.3333,0.4225,0.8185
0.7308,0.322,0.4471,0.8657
0.8077,0.3333,0.4719,0.8531
0.7308,0.3519,0.475,0.8643
0.72,0.2647,0.3871,0.7922
0.8,0.3509,0.4878,0.8781
0.84,0.3387,0.4828,0.9179
0.6154,0.3265,0.4267,0.8539
0.7692,0.3125,0.4444,0.8672
0.6538,0.34,0.4474,0.8178
0.6538,0.3542,0.4595,0.8133
0.8077,0.3281,0.4667,0.8392
0.6154,0.2909,0.3951,0.8001
0.8846,0.3538,0.5055,0.8914
0.6,0.3261,0.4225,0.8006
0.76,0.3654,0.4935,0.8329
0.72,0.3273,0.45,0.857
0.5769,0.2459,0.3448,0.7952
0.7308,0.322,0.4471,0.8623
0.7308,0.2923,0.4176,0.8179
0.8077,0.375,0.5122,0.8789
0.6538,0.3269,0.4359,0.8612
0.6923,0.2903,0.4091,0.8439
0.6923,0.3158,0.4337,0.8456
0.6,0.3488,0.4412,0.8272
0.68,0.2267,0.34,0.7569
0.6,0.2679,0.3704,0.8013
0.8077,0.3387,0.4773,0.8759
0.9231,0.3158,0.4706,0.907
0.8462,0.4074,0.55,0.8655
0.6923,0.3273,0.4444,0.8542
0.5385,0.3043,0.3889,0.7499
0.8077,0.3818,0.5185,0.8837
0.7308,0.322,0.4471,0.83
0.64,0.2319,0.3404,0.7877
0.84,0.3333,0.4773,0.8982
0.76,0.3958,0.5205,0.9075
0.6538,0.3333,0.4416,0.8062
0.8846,0.3538,0.5055,0.8765
0.7308,0.3393,0.4634,0.8326
0.7308,0.2879,0.413,0.8642
0.7308,0.322,0.4471,0.8496
0.8077,0.3043,0.4421,0.8226
0.6923,0.36,0.4737,0.8933
0.68,0.3208,0.4359,0.8235
0.76,0.3276,0.4578,0.8944
0.72,0.3158,0.439,0.8514
0.6923,0.4,0.507,0.8418
0.6154,0.3404,0.4384,0.8331
0.8077,0.3182,0.4565,0.8259
0.8462,0.4074,0.55,0.879
0.7692,0.3333,0.4651,0.8649
0.8077,0.3889,0.525,0.9056
0.8462,0.2933,0.4356,0.8745
0.76,0.3016,0.4318,0.8635
0.56,0.2373,0.3333,0.7381
0.56,0.28,0.3733,0.7697
0.7692,0.3175,0.4494,0.86
0.8077,0.3962,0.5316,0.8947
0.6923,0.383,0.4932,0.875
0.8077,0.35,0.4884,0.8804
0.6538,0.3208,0.4304,0.795
0.7692,0.3509,0.4819,0.8695
0.7692,0.3509,0.4819,0.8525
0.8,0.3636,0.5,0.8684
0.72,0.3396,0.4615,0.8452
0.6,0.2586,0.3614,0.8042
0.6923,0.3214,0.439,0.8523
0.7692,0.303,0.4348,0.8572
0.6923,0.383,0.4932,0.8669
0.7308,0.3519,0.475,0.8699
0.8462,0.3056,0.449,0.8743
0.8462,0.386,0.5301,0.9247
0.7308,0.2923,0.4176,0.8475
0.68,0.3208,0.4359,0.8255
0.68,0.3269,0.4416,0.8166
0.72,0.3333,0.4557,0.8256
0.7692,0.3279,0.4598,0.8522
0.6923,0.3333,0.45,0.8417
0.7692,0.3571,0.4878,0.8623
0.6923,0.2857,0.4045,0.8071
0.5769,0.283,0.3797,0.795
0.8077,0.3443,0.4828,0.8639
0.7308,0.3167,0.4419,0.8217
0.52,0.3611,0.4262,0.789
0.76,0.3585,0.4872,0.8446
0.96,0.3636,0.5275,0.9221
0.7308,0.2969,0.4222,0.8409
0.8462,0.3607,0.5057,0.9028
0.5769,0.2941,0.3896,0.7437
0.6538,0.3333,0.4416,0.8838
0.7692,0.3448,0.4762,0.8497
0.4231,0.2292,0.2973,0.7701
0.8462,0.3438,0.4889,0.8913
0.8,0.3704,0.5063,0.8655
0.68,0.34,0.4533,0.8576
0.68,0.2742,0.3908,0.8523
0.6154,0.3137,0.4156,0.7859
0.8077,0.3443,0.4828,0.8948
0.8846,0.3286,0.4792,0.8957
0.7692,0.3175,0.4494,0.855
0.8462,0.3548,0.5,0.8863
0.7308,0.2568,0.38,0.7986
0.6923,0.3396,0.4557,0.8624
0.76,0.3455,0.475,0.8781
0.76,0.3276,0.4578,0.8983
0.8,0.3125,0.4494,0.861
0.8846,0.3433,0.4946,0.8974
0.5769,0.2885,0.3846,0.7888
0.5769,0.3659,0.4478,0.822
0.7308,0.3455,0.4691,0.8254
