RUSBag
0.8571,0.4412,0.5825,0.8984
0.9143,0.4776,0.6275,0.9402
0.6571,0.3833,0.4842,0.85
0.7429,0.3421,0.4685,0.8432
0.8857,0.3827,0.5345,0.8883
0.8286,0.4203,0.5577,0.9196
0.8571,0.3797,0.5263,0.8962
0.8889,0.4776,0.6214,0.9082
0.8333,0.411,0.5505,0.8979
0.8286,0.4203,0.5577,0.9013
0.7429,0.4,0.52,0.8934
0.8571,0.4167,0.5607,0.9235
0.8,0.3784,0.5138,0.8749
0.7143,0.3906,0.5051,0.86
0.6571,0.3966,0.4946,0.8709
0.8286,0.4265,0.5631,0.9238
0.7714,0.4426,0.5625,0.8966
0.8889,0.4571,0.6038,0.9
0.6944,0.4098,0.5155,0.8543
0.8571,0.3947,0.5405,0.8909
0.9143,0.4776,0.6275,0.9356
0.7714,0.403,0.5294,0.8701
0.7429,0.3611,0.486,0.8251
0.8286,0.3973,0.537,0.919
0.8571,0.3947,0.5405,0.8953
0.7714,0.4286,0.551,0.8666
0.8,0.4375,0.5657,0.9184
0.8611,0.4559,0.5962,0.9272
0.8056,0.3973,0.5321,0.8696
0.6857,0.3934,0.5,0.8772
0.9167,0.4783,0.6286,0.9236
0.8056,0.4328,0.5631,0.9057
0.8571,0.4,0.5455,0.9021
0.8571,0.4,0.5455,0.8832
0.8,0.4667,0.5895,0.9085
0.6571,0.4423,0.5287,0.86
0.8,0.4,0.5333,0.8732
0.7714,0.4219,0.5455,0.8912
0.8857,0.378,0.5299,0.9118
0.8857,0.4247,0.5741,0.9037
0.8286,0.4265,0.5631,0.894
0.8857,0.4697,0.6139,0.907
0.8571,0.4286,0.5714,0.9036
0.6857,0.3692,0.48,0.8276
0.8286,0.4085,0.5472,0.9079
0.7429,0.3939,0.5149,0.871
0.7429,0.4063,0.5253,0.8624
0.8611,0.3827,0.5299,0.8963
0.8611,0.4769,0.6139,0.9248
0.8857,0.4189,0.5688,0.8932
0.8,0.4912,0.6087,0.9087
0.7429,0.4,0.52,0.8419
0.8286,0.3766,0.5179,0.9073
0.8571,0.3947,0.5405,0.87
0.8571,0.4286,0.5714,0.9277
0.9143,0.4324,0.5872,0.9199
0.8286,0.4462,0.58,0.8778
0.8056,0.5179,0.6304,0.9092
0.8056,0.3867,0.5225,0.8837
0.7429,0.4063,0.5253,0.8909
0.8857,0.4133,0.5636,0.9159
0.7714,0.4576,0.5745,0.8922
0.8286,0.4143,0.5524,0.9172
0.7429,0.3768,0.5,0.8655
0.7714,0.4355,0.5567,0.9042
0.7143,0.3676,0.4854,0.8868
0.8571,0.411,0.5556,0.9078
0.75,0.45,0.5625,0.8563
0.75,0.4286,0.5455,0.8869
0.8857,0.3974,0.5487,0.8934
0.8286,0.3671,0.5088,0.8959
0.7714,0.4219,0.5455,0.8878
0.8571,0.4688,0.6061,0.9044
0.8,0.459,0.5833,0.8999
0.9714,0.4658,0.6296,0.9501
0.8286,0.3867,0.5273,0.8839
0.7714,0.3913,0.5192,0.8513
0.7778,0.4118,0.5385,0.8935
0.8333,0.4286,0.566,0.8932
0.8286,0.3973,0.537,0.8726
0.8286,0.4754,0.6042,0.9078
0.8,0.459,0.5833,0.9253
0.7714,0.3913,0.5192,0.8398
0.8571,0.4225,0.566,0.8883
0.7714,0.3913,0.5192,0.8762
0.8571,0.5085,0.6383,0.9122
0.8571,0.3947,0.5405,0.9007
0.6944,0.3676,0.4808,0.8462
0.8056,0.4677,0.5918,0.902
0.8571,0.4286,0.5714,0.9042
0.8286,0.5273,0.6444,0.9187
0.8286,0.3919,0.5321,0.8889
0.7143,0.431,0.5376,0.8862
0.7714,0.36,0.4909,0.878
0.8857,0.4247,0.5741,0.9323
0.8286,0.4462,0.58,0.8997
0.7429,0.4262,0.5417,0.8966
0.8333,0.4688,0.6,0.9071
0.8889,0.3765,0.5289,0.9062
0.7143,0.3676,0.4854,0.8628
0.8571,0.4286,0.5714,0.9102
0.8286,0.4265,0.5631,0.883
0.9143,0.4103,0.5664,0.9173
0.7143,0.4167,0.5263,0.8536
0.7429,0.4333,0.5474,0.8766
0.9429,0.4342,0.5946,0.9296
0.8,0.3733,0.5091,0.8872
0.7222,0.4,0.5149,0.864
0.75,0.45,0.5625,0.9054
0.8286,0.4394,0.5743,0.9106
0.8286,0.4143,0.5524,0.898
0.8,0.4444,0.5714,0.892
0.8,0.4179,0.549,0.8968
0.8,0.4308,0.56,0.8514
0.8571,0.4225,0.566,0.9251
0.7714,0.4355,0.5567,0.8658
0.9429,0.4459,0.6055,0.9306
0.8333,0.3846,0.5263,0.8687
0.8056,0.4833,0.6042,0.9196
0.6857,0.4286,0.5275,0.8533
0.7143,0.4386,0.5435,0.8674
0.7143,0.3906,0.5051,0.8766
0.8857,0.5082,0.6458,0.9317
0.8286,0.3816,0.5225,0.9032
0.8,0.4058,0.5385,0.9001
0.8571,0.4225,0.566,0.9014
0.8,0.4242,0.5545,0.8794
0.9444,0.3864,0.5484,0.9029
0.8333,0.3846,0.5263,0.8935
0.8286,0.3816,0.5225,0.903
0.8333,0.4348,0.5714,0.9029
0.9722,0.4375,0.6034,0.9486
0.7429,0.4,0.52,0.8863
0.8,0.4912,0.6087,0.8999
0.6857,0.3934,0.5,0.8638
0.8286,0.3973,0.537,0.892
0.8857,0.4189,0.5688,0.9046
0.7143,0.3906,0.5051,0.852
0.8286,0.4143,0.5524,0.8973
0.7714,0.4154,0.54,0.8633
0.8,0.4242,0.5545,0.8834
0.8571,0.4348,0.5769,0.9424
0.8286,0.4754,0.6042,0.9078
0.8857,0.3605,0.5124,0.8872
0.8286,0.3973,0.537,0.8919
0.9143,0.4638,0.6154,0.9229
0.7429,0.4,0.52,0.8694
0.7222,0.3939,0.5098,0.8588
0.6667,0.3871,0.4898,0.854
0.7714,0.3649,0.4954,0.8778
0.7778,0.4308,0.5545,0.8841
0.8611,0.5439,0.6667,0.9312
0.8857,0.4026,0.5536,0.9131
0.8571,0.4225,0.566,0.9093
0.7429,0.4333,0.5474,0.8719
0.8,0.35,0.487,0.8466
0.7429,0.4194,0.5361,0.8663
0.7714,0.403,0.5294,0.858
0.8571,0.4762,0.6122,0.9457
0.8857,0.3924,0.5439,0.9057
0.8286,0.4265,0.5631,0.913
0.7714,0.4286,0.551,0.8812
0.7429,0.4,0.52,0.8476
0.8857,0.4133,0.5636,0.9068
0.8286,0.4603,0.5918,0.9405
0.8571,0.4762,0.6122,0.9109
0.8,0.3684,0.5045,0.8839
0.8333,0.4167,0.5556,0.8792
0.8333,0.3947,0.5357,0.9149
0.6857,0.4211,0.5217,0.8352
0.7714,0.45,0.5684,0.884
0.8286,0.4265,0.5631,0.9049
0.8286,0.4203,0.5577,0.8969
0.7714,0.4355,0.5567,0.9012
0.6571,0.3382,0.4466,0.8477
0.8,0.4667,0.5895,0.9052
0.7429,0.4407,0.5532,0.8701
0.8333,0.4348,0.5714,0.8963
0.8889,0.4267,0.5766,0.9108
0.8571,0.3704,0.5172,0.9037
0.8571,0.3846,0.531,0.8977
0.6857,0.3636,0.4752,0.831
0.7429,0.4,0.52,0.8946
0.8857,0.4429,0.5905,0.931
0.8571,0.4286,0.5714,0.9132
0.8286,0.4143,0.5524,0.8876
0.9714,0.4658,0.6296,0.9265
0.75,0.45,0.5625,0.879
0.8333,0.4348,0.5714,0.9057
0.8286,0.4531,0.5859,0.8844
0.7714,0.3214,0.4538,0.8619
0.7143,0.4167,0.5263,0.8495
0.8571,0.4839,0.6186,0.9166
0.8571,0.4412,0.5825,0.9124
0.8857,0.4429,0.5905,0.9001
0.8286,0.4328,0.5686,0.8973
0.7714,0.3462,0.4779,0.8861
0.6667,0.4068,0.5053,0.8628
0.9167,0.4714,0.6226,0.9322
0.7143,0.3846,0.5,0.8878
0.8056,0.4143,0.5472,0.8756
0.8611,0.3735,0.521,0.8969
0.7714,0.45,0.5684,0.8917
0.8,0.4444,0.5714,0.9193
0.9143,0.4103,0.5664,0.9398
0.7714,0.4219,0.5455,0.8918
0.8857,0.4921,0.6327,0.9174
0.8286,0.4754,0.6042,0.8954
0.8,0.4444,0.5714,0.8966
0.7714,0.3418,0.4737,0.8371
0.7714,0.3699,0.5,0.8633
0.8,0.4375,0.5657,0.9199
0.8571,0.3896,0.5357,0.9077
0.8,0.4667,0.5895,0.8992
0.8286,0.3766,0.5179,0.9162
0.8857,0.4306,0.5794,0.89
0.9143,0.4324,0.5872,0.9255
0.8333,0.4054,0.5455,0.8851
0.6944,0.4545,0.5495,0.8456
0.7143,0.3676,0.4854,0.8598
0.7714,0.3803,0.5094,0.8638
0.8857,0.4697,0.6139,0.9288
0.7714,0.3857,0.5143,0.8856
0.7429,0.3611,0.486,0.8633
0.8,0.3373,0.4746,0.8591
0.7429,0.4407,0.5532,0.8941
0.8,0.459,0.5833,0.8963
0.7778,0.4912,0.6022,0.9221
0.8611,0.4769,0.6139,0.9181
0.8857,0.3827,0.5345,0.9148
0.8,0.3944,0.5283,0.8848
0.7714,0.3553,0.4865,0.8606
0.7143,0.4545,0.5556,0.8453
0.7714,0.3857,0.5143,0.8894
0.8286,0.4143,0.5524,0.893
0.8286,0.4203,0.5577,0.908
0.7714,0.3971,0.5243,0.8644
0.8889,0.4156,0.5664,0.8809
0.8056,0.4085,0.5421,0.9169
0.7429,0.4262,0.5417,0.9155
0.8571,0.4412,0.5825,0.9214
0.9429,0.3793,0.541,0.9171
0.6857,0.4,0.5053,0.8408
0.8,0.3836,0.5185,0.8803
0.7714,0.3971,0.5243,0.878
0.7429,0.3662,0.4906,0.8739
0.9143,0.4103,0.5664,0.9214
0.8333,0.4167,0.5556,0.8935
0.8611,0.4247,0.5688,0.9189
0.7714,0.4576,0.5745,0.9005
0.8857,0.4559,0.6019,0.9218
0.8,0.4828,0.6022,0.9037
0.7714,0.3857,0.5143,0.8511
0.7143,0.3968,0.5102,0.8533
0.7714,0.4091,0.5347,0.8638
0.8,0.3836,0.5185,0.9035
0.8,0.4308,0.56,0.8953
0.8333,0.411,0.5505,0.8975
0.9722,0.4667,0.6306,0.9416
0.8,0.4444,0.5714,0.8923
0.8857,0.3647,0.5167,0.9049
0.7429,0.3939,0.5149,0.8922
0.8,0.4,0.5333,0.8897
0.7429,0.3611,0.486,0.8606
0.8286,0.4531,0.5859,0.9001
0.8857,0.3875,0.5391,0.8959
0.7714,0.403,0.5294,0.8925
0.8611,0.4429,0.5849,0.8968
0.6944,0.4545,0.5495,0.8674
0.8286,0.4203,0.5577,0.903
0.8286,0.4143,0.5524,0.8716
0.9143,0.3516,0.5079,0.8935
0.8,0.4242,0.5545,0.8958
0.7714,0.3803,0.5094,0.8663
0.8,0.4058,0.5385,0.8559
0.8,0.3836,0.5185,0.8916
0.8,0.459,0.5833,0.894
0.7778,0.4912,0.6022,0.8963
0.8056,0.4833,0.6042,0.9074
0.8,0.4179,0.549,0.8867
0.8286,0.4531,0.5859,0.941
0.8,0.35,0.487,0.8837
0.8857,0.4429,0.5905,0.9005
0.7714,0.4091,0.5347,0.8948
0.7714,0.4576,0.5745,0.8922
0.8,0.4375,0.5657,0.899
0.8571,0.3896,0.5357,0.8867
0.7222,0.4,0.5149,0.8662
0.7222,0.4,0.5149,0.8722
0.7429,0.3939,0.5149,0.8692
0.7429,0.4262,0.5417,0.8562
0.9714,0.4304,0.5965,0.9504
0.8857,0.4247,0.5741,0.9043
0.7143,0.4032,0.5155,0.8693
0.7714,0.3857,0.5143,0.858
0.8286,0.4265,0.5631,0.8918
0.7714,0.4355,0.5567,0.8949
0.8333,0.4348,0.5714,0.9202
0.8056,0.4531,0.58,0.901
0.8571,0.4225,0.566,0.8811
0.7143,0.4237,0.5319,0.86
0.7714,0.375,0.5047,0.8639
0.8571,0.4167,0.5607,0.9281
0.8286,0.4394,0.5743,0.9018
0.7143,0.4167,0.5263,0.8863
0.8,0.3836,0.5185,0.885
0.8,0.3636,0.5,0.8806
0.8056,0.4531,0.58,0.8818
0.8611,0.4844,0.62,0.9115
0.8,0.4118,0.5437,0.8845
0.8571,0.4615,0.6,0.8918
0.7714,0.36,0.4909,0.8847
0.8286,0.4028,0.5421,0.9058
0.8,0.4667,0.5895,0.8682
0.8571,0.4054,0.5505,0.9374
0.8286,0.3766,0.5179,0.8924
0.8571,0.4412,0.5825,0.8995
0.8056,0.4603,0.5859,0.9295
0.7222,0.4194,0.5306,0.8723
0.7143,0.4237,0.5319,0.8847
0.8857,0.4189,0.5688,0.9204
0.7714,0.403,0.5294,0.8811
0.8,0.4242,0.5545,0.891
0.8571,0.4918,0.625,0.9436
0.8,0.3544,0.4912,0.8666
0.7714,0.3803,0.5094,0.8527
0.9714,0.5,0.6602,0.9593
0.7222,0.4127,0.5253,0.8682
0.75,0.403,0.5243,0.8823
0.7143,0.3731,0.4902,0.8622
0.8,0.3889,0.5234,0.8944
0.8,0.4,0.5333,0.8748
0.6857,0.3934,0.5,0.8916
0.6857,0.3243,0.4404,0.8049
0.9143,0.4051,0.5614,0.9283
0.7429,0.4727,0.5778,0.8831
0.8286,0.4328,0.5686,0.9011
0.8056,0.4085,0.5421,0.8874
0.8611,0.4026,0.5487,0.9233
0.7714,0.3418,0.4737,0.8659
0.8857,0.3924,0.5439,0.9068
0.8571,0.4615,0.6,0.913
0.7714,0.3971,0.5243,0.8712
0.8571,0.4545,0.5941,0.8892
0.5714,0.2985,0.3922,0.8074
0.7143,0.3846,0.5,0.8482
0.8,0.459,0.5833,0.8848
0.8611,0.4247,0.5688,0.901
0.8056,0.4143,0.5472,0.921
0.8571,0.4412,0.5825,0.9392
0.8,0.4242,0.5545,0.8779
0.8286,0.3671,0.5088,0.8593
0.7429,0.4262,0.5417,0.9049
0.7429,0.4262,0.5417,0.8779
0.6857,0.3692,0.48,0.8525
0.9143,0.4324,0.5872,0.9051
0.8857,0.4697,0.6139,0.9221
0.9444,0.4857,0.6415,0.9394
0.7778,0.359,0.4912,0.8647
0.8571,0.4286,0.5714,0.9155
0.7143,0.4386,0.5435,0.8362
0.6286,0.4314,0.5116,0.8537
0.8,0.3944,0.5283,0.893
0.8857,0.5,0.6392,0.924
0.7429,0.4127,0.5306,0.8966
0.8,0.3944,0.5283,0.8977
0.7714,0.3803,0.5094,0.8863
0.8333,0.3846,0.5263,0.8875
0.8056,0.358,0.4957,0.8813
0.8,0.4375,0.5657,0.8728
0.7143,0.3846,0.5,0.8415
0.6571,0.4035,0.5,0.8456
0.8,0.4179,0.549,0.8878
0.8286,0.3625,0.5043,0.8613
0.8286,0.4677,0.5979,0.9043
0.8857,0.4493,0.5962,0.9178
0.8857,0.4133,0.5636,0.8945
0.8333,0.4762,0.6061,0.9324
0.9167,0.4783,0.6286,0.9343
0.7714,0.4154,0.54,0.9001
0.9143,0.3902,0.547,0.9319
0.8571,0.3846,0.531,0.8884
0.6571,0.4182,0.5111,0.8678
0.8571,0.4225,0.566,0.9235
0.8571,0.4054,0.5505,0.8851
0.7714,0.403,0.5294,0.8614
0.8286,0.4143,0.5524,0.9132
0.6667,0.3582,0.466,0.843
0.8333,0.4412,0.5769,0.9094
0.8,0.4375,0.5657,0.9018
0.7429,0.3562,0.4815,0.8807
0.8286,0.5088,0.6304,0.9321
0.8286,0.4462,0.58,0.919
0.7714,0.3506,0.4821,0.8678
0.8286,0.3867,0.5273,0.8811
0.8857,0.4429,0.5905,0.9047
0.8286,0.4531,0.5859,0.9069
0.8056,0.4203,0.5524,0.8645
0.75,0.4426,0.5567,0.8928
0.7714,0.36,0.4909,0.885
0.7143,0.3968,0.5102,0.8566
0.8857,0.4026,0.5536,0.8979
0.7143,0.4032,0.5155,0.8663
0.9143,0.4444,0.5981,0.9141
0.6857,0.4138,0.5161,0.8667
0.8857,0.4306,0.5794,0.9067
0.7714,0.3803,0.5094,0.9025
0.8056,0.4143,0.5472,0.8888
0.6944,0.4098,0.5155,0.8779
0.9714,0.4416,0.6071,0.9427
0.7222,0.3768,0.4952,0.8557
0.75,0.4286,0.5455,0.8686
0.8571,0.4688,0.6061,0.9146
0.8571,0.4688,0.6061,0.917
0.8571,0.3896,0.5357,0.8992
0.9143,0.4776,0.6275,0.9224
0.8,0.4375,0.5657,0.897
0.7714,0.4091,0.5347,0.8827
0.9143,0.4324,0.5872,0.919
0.7714,0.4219,0.5455,0.8662
0.7143,0.3846,0.5,0.852
0.6857,0.3636,0.4752,0.8342
0.8286,0.4203,0.5577,0.8886
0.9143,0.4384,0.5926,0.9386
0.7714,0.3971,0.5243,0.8514
0.8571,0.3947,0.5405,0.8716
0.8,0.5,0.6154,0.9148
0.75,0.3971,0.5192,0.8873
0.8889,0.4051,0.5565,0.9358
0.9429,0.5156,0.6667,0.9389
0.7429,0.4194,0.5361,0.8592
0.7714,0.4426,0.5625,0.9084
0.8857,0.4189,0.5688,0.9054
0.8571,0.4286,0.5714,0.9135
0.8286,0.3625,0.5043,0.8599
0.8571,0.3947,0.5405,0.8927
0.8571,0.411,0.5556,0.9354
0.8056,0.4677,0.5918,0.8865
0.6667,0.4068,0.5053,0.8329
0.8286,0.3867,0.5273,0.9125
0.7714,0.3857,0.5143,0.8946
0.8571,0.4167,0.5607,0.8876
0.8286,0.4462,0.58,0.9075
0.8286,0.3867,0.5273,0.9005
0.7429,0.3939,0.5149,0.8701
0.9429,0.4521,0.6111,0.9411
0.6286,0.3438,0.4444,0.853
0.8611,0.4247,0.5688,0.9161
0.7222,0.3881,0.5049,0.8457
0.8286,0.4754,0.6042,0.9055
0.8286,0.4328,0.5686,0.9107
0.8571,0.4478,0.5882,0.8991
0.8,0.4242,0.5545,0.9154
0.7714,0.4355,0.5567,0.9028
0.9143,0.4444,0.5981,0.917
0.7143,0.3676,0.4854,0.8495
0.8571,0.3659,0.5128,0.8933
0.7222,0.4727,0.5714,0.9067
0.7778,0.3944,0.5234,0.8551
0.7143,0.3472,0.4673,0.861
0.8571,0.4348,0.5769,0.9167
0.8571,0.4167,0.5607,0.8953
0.6857,0.375,0.4848,0.8753
0.8,0.3889,0.5234,0.8898
0.8571,0.4615,0.6,0.8946
0.8,0.4308,0.56,0.9007
0.6857,0.32,0.4364,0.8276
0.7778,0.4058,0.5333,0.8951
0.8333,0.4839,0.6122,0.8922
0.8,0.4516,0.5773,0.8976
0.8286,0.4603,0.5918,0.9209
0.8857,0.4627,0.6078,0.9328
0.8857,0.4026,0.5536,0.9011
0.7143,0.3623,0.4808,0.8633
0.7429,0.4407,0.5532,0.8872
0.8,0.3544,0.4912,0.8906
0.8571,0.4054,0.5505,0.9181
0.6667,0.4068,0.5053,0.8287
0.8333,0.5172,0.6383,0.9289
0.7429,0.3611,0.486,0.8504
0.7429,0.3768,0.5,0.862
0.8571,0.3947,0.5405,0.9063
0.7714,0.3803,0.5094,0.891
0.8,0.4516,0.5773,0.8398
0.8,0.3944,0.5283,0.9044
0.9143,0.4444,0.5981,0.9003
0.8,0.3457,0.4828,0.8858
0.75,0.4091,0.5294,0.8697
0.8611,0.4247,0.5688,0.9002
0.7429,0.4561,0.5652,0.8888
0.8571,0.3947,0.5405,0.9161
0.7714,0.4355,0.5567,0.8881
0.9429,0.4286,0.5893,0.8929
0.8,0.4375,0.5657,0.8707
0.8857,0.3924,0.5439,0.8955
0.7714,0.4355,0.5567,0.9027
0.6857,0.3871,0.4948,0.8299
0.9167,0.5,0.6471,0.9566
0.8056,0.4085,0.5421,0.89
0.8286,0.4203,0.5577,0.8887
0.6857,0.3636,0.4752,0.8484
0.8286,0.4603,0.5918,0.8845
0.7143,0.4098,0.5208,0.8656
0.8571,0.4,0.5455,0.8946
0.8857,0.4306,0.5794,0.912
0.8571,0.4688,0.6061,0.9242
0.8857,0.4366,0.5849,0.916
0.7222,0.3662,0.486,0.8655
0.7222,0.4063,0.52,0.8818
0.8571,0.411,0.5556,0.8883
0.7714,0.4091,0.5347,0.8768
0.9143,0.3902,0.547,0.9128
0.7714,0.4576,0.5745,0.8694
0.9429,0.55,0.6947,0.9494
0.7429,0.3768,0.5,0.8824
0.8286,0.4531,0.5859,0.9171
0.8571,0.4348,0.5769,0.8925
0.6667,0.4286,0.5217,0.8582
0.8333,0.3896,0.531,0.8807
0.8286,0.4531,0.5859,0.9083
0.8,0.3733,0.5091,0.9159
0.6857,0.3582,0.4706,0.8304
0.7429,0.4,0.52,0.8718
0.8286,0.3718,0.5133,0.8662
0.7429,0.4063,0.5253,0.8587
0.8571,0.3896,0.5357,0.8901
0.7429,0.4,0.52,0.8468
0.7222,0.4815,0.5778,0.9162
0.8889,0.4211,0.5714,0.9418
0.8857,0.4627,0.6078,0.9401
0.8571,0.4225,0.566,0.9333
0.7714,0.3803,0.5094,0.8608
0.7143,0.3676,0.4854,0.8415
0.6286,0.3667,0.4632,0.8306
0.8,0.3636,0.5,0.8758
0.8571,0.4545,0.5941,0.924
0.7429,0.3514,0.4771,0.8611
0.8333,0.4167,0.5556,0.903
0.7778,0.4912,0.6022,0.8989
0.8,0.4179,0.549,0.8802
0.7714,0.3699,0.5,0.8704
0.8857,0.4306,0.5794,0.913
0.8571,0.4615,0.6,0.9219
0.8571,0.4225,0.566,0.8639
0.7429,0.4407,0.5532,0.8865
0.8571,0.3797,0.5263,0.8917
0.8571,0.3659,0.5128,0.8826
0.8889,0.4103,0.5614,0.8963
0.7778,0.3784,0.5091,0.8627
0.8286,0.4531,0.5859,0.9109
0.7714,0.4154,0.54,0.8792
0.7143,0.3676,0.4854,0.8698
0.8,0.3889,0.5234,0.8873
0.8286,0.4328,0.5686,0.8889
0.7429,0.3939,0.5149,0.8596
0.8286,0.4915,0.617,0.9247
0.8,0.4118,0.5437,0.8916
0.8333,0.4545,0.5882,0.9018
0.8056,0.4085,0.5421,0.8812
0.8571,0.4167,0.5607,0.9245
0.8333,0.4478,0.5825,0.88
0.7778,0.4179,0.5437,0.8875
0.8,0.3784,0.5138,0.885
0.8,0.4242,0.5545,0.8966
0.8,0.4746,0.5957,0.9144
0.8,0.4058,0.5385,0.8717
0.8857,0.4844,0.6263,0.921
0.8286,0.3816,0.5225,0.8784
0.7714,0.36,0.4909,0.8793
0.7429,0.3881,0.5098,0.8905
0.8,0.4444,0.5714,0.8935
0.6857,0.4,0.5053,0.8682
0.7429,0.3291,0.4561,0.8462
0.7429,0.4063,0.5253,0.8589
0.8,0.4058,0.5385,0.9136
0.9143,0.3678,0.5246,0.9187
0.9143,0.4706,0.6214,0.9204
0.9444,0.4304,0.5913,0.9246
0.8056,0.4265,0.5577,0.8794
0.7714,0.5294,0.6279,0.8705
0.8571,0.3896,0.5357,0.9093
0.6857,0.381,0.4898,0.8817
0.8,0.4242,0.5545,0.9042
0.7714,0.403,0.5294,0.8782
0.8,0.3944,0.5283,0.87
0.9143,0.4444,0.5981,0.9317
0.9143,0.4571,0.6095,0.9313
0.6667,0.4364,0.5275,0.8344
0.7778,0.359,0.4912,0.8651
0.6857,0.48,0.5647,0.8751
0.7714,0.4576,0.5745,0.8648
0.8286,0.4462,0.58,0.8821
0.7714,0.4286,0.551,0.8877
0.6857,0.3529,0.466,0.84
0.9143,0.4211,0.5766,0.9559
0.7714,0.4355,0.5567,0.8588
0.7714,0.4426,0.5625,0.9021
0.9167,0.3976,0.5546,0.912
0.7778,0.4667,0.5833,0.9096
0.9143,0.4706,0.6214,0.9395
0.8611,0.4559,0.5962,0.9321
0.7778,0.4308,0.5545,0.8978
0.7429,0.4407,0.5532,0.8899
0.9429,0.4583,0.6168,0.9497
0.7429,0.3514,0.4771,0.8681
0.8286,0.3919,0.5321,0.88
0.6286,0.3438,0.4444,0.7967
0.7429,0.4262,0.5417,0.8383
0.7429,0.3768,0.5,0.8957
0.8286,0.4603,0.5918,0.9188
0.7143,0.3846,0.5,0.8584
0.8,0.5091,0.6222,0.889
0.6857,0.3636,0.4752,0.879
0.8286,0.4462,0.58,0.9036
0.7429,0.3714,0.4952,0.8703
0.8286,0.4833,0.6105,0.9319
0.8,0.4118,0.5437,0.8851
0.8611,0.4133,0.5586,0.8943
0.75,0.4655,0.5745,0.8931
0.8286,0.3412,0.4833,0.889
0.8857,0.4247,0.5741,0.8962
0.5714,0.3571,0.4396,0.8647
0.8571,0.4688,0.6061,0.9396
0.7143,0.3521,0.4717,0.8324
0.9143,0.5333,0.6737,0.9595
0.6857,0.381,0.4898,0.8387
0.8571,0.4167,0.5607,0.9091
0.8611,0.4133,0.5586,0.9034
0.7778,0.3889,0.5185,0.875
0.7429,0.3662,0.4906,0.8943
0.9143,0.4324,0.5872,0.9187
0.8,0.4375,0.5657,0.882
0.8,0.3944,0.5283,0.8711
0.7429,0.4262,0.5417,0.895
0.8286,0.4462,0.58,0.8915
0.8286,0.4677,0.5979,0.9073
0.8286,0.4143,0.5524,0.8852
0.8889,0.381,0.5333,0.902
0.75,0.4286,0.5455,0.883
0.8,0.4118,0.5437,0.894
0.8857,0.4133,0.5636,0.9212
0.8286,0.4203,0.5577,0.9016
0.7714,0.375,0.5047,0.8744
0.8857,0.4627,0.6078,0.9317
0.7429,0.3881,0.5098,0.8503
0.6857,0.3871,0.4948,0.8456
0.8,0.4242,0.5545,0.8878
0.8333,0.411,0.5505,0.8882
0.9167,0.4177,0.5739,0.9073
0.7143,0.431,0.5376,0.8775
0.7143,0.3521,0.4717,0.8569
0.8286,0.4265,0.5631,0.8964
0.8571,0.4478,0.5882,0.9019
0.8857,0.4079,0.5586,0.934
0.8286,0.3973,0.537,0.9003
0.6286,0.3099,0.4151,0.7959
0.8857,0.4306,0.5794,0.9357
0.8611,0.4189,0.5636,0.9187
0.6667,0.4,0.5,0.8529
0.8286,0.4328,0.5686,0.8843
0.8571,0.4348,0.5769,0.9019
0.6571,0.3433,0.451,0.8324
0.8571,0.3797,0.5263,0.869
0.8571,0.4167,0.5607,0.8921
0.8286,0.4085,0.5472,0.9275
0.8286,0.4603,0.5918,0.9186
0.7143,0.3788,0.495,0.8908
0.75,0.54,0.6279,0.8811
0.8611,0.4627,0.6019,0.8808
0.8286,0.4143,0.5524,0.9028
0.6667,0.32,0.4324,0.806
0.7778,0.4912,0.6022,0.8874
0.8571,0.4167,0.5607,0.903
0.8286,0.4265,0.5631,0.9082
0.8286,0.4531,0.5859,0.9081
0.7714,0.375,0.5047,0.8694
0.8286,0.4328,0.5686,0.9012
0.8571,0.3896,0.5357,0.9004
0.8857,0.4697,0.6139,0.9315
0.7429,0.3939,0.5149,0.8709
0.7778,0.4516,0.5714,0.8577
0.7222,0.3939,0.5098,0.8544
0.8,0.3784,0.5138,0.8883
0.8286,0.3718,0.5133,0.8816
0.8571,0.5,0.6316,0.9486
0.8286,0.4265,0.5631,0.9081
0.8571,0.4348,0.5769,0.9006
0.8286,0.4265,0.5631,0.8901
0.6286,0.4074,0.4944,0.8872
0.8571,0.4,0.5455,0.9338
0.7429,0.3939,0.5149,0.8659
0.8571,0.4,0.5455,0.913
0.8286,0.4085,0.5472,0.8702
0.6,0.3443,0.4375,0.8378
0.8571,0.4839,0.6186,0.9273
0.9143,0.4324,0.5872,0.9468
0.9143,0.3765,0.5333,0.9437
0.7222,0.3714,0.4906,0.8454
0.7222,0.3611,0.4815,0.8433
0.8,0.4242,0.5545,0.8923
0.8571,0.4167,0.5607,0.9144
0.7429,0.3714,0.4952,0.8717
0.8571,0.4054,0.5505,0.8913
0.8,0.3889,0.5234,0.8816
0.8,0.3944,0.5283,0.9032
0.8857,0.4247,0.5741,0.9248
0.8,0.4118,0.5437,0.8787
0.8611,0.4769,0.6139,0.9214
0.6667,0.4068,0.5053,0.8623
0.7429,0.4561,0.5652,0.881
0.8286,0.4328,0.5686,0.928
0.8286,0.4531,0.5859,0.9137
0.8571,0.375,0.5217,0.8836
0.6857,0.4364,0.5333,0.8989
0.8,0.3944,0.5283,0.9058
0.8286,0.4394,0.5743,0.8867
0.8,0.35,0.487,0.8822
0.8611,0.3827,0.5299,0.8686
0.8889,0.4211,0.5714,0.9146
0.6857,0.4444,0.5393,0.8698
0.8,0.4516,0.5773,0.8995
0.8571,0.3846,0.531,0.8912
0.7714,0.4154,0.54,0.8698
0.6857,0.3636,0.4752,0.8427
0.7429,0.4333,0.5474,0.8885
0.8571,0.4054,0.5505,0.9031
0.9143,0.3951,0.5517,0.941
0.75,0.4737,0.5806,0.9143
0.8056,0.3766,0.5133,0.8727
0.7714,0.5094,0.6136,0.9067
0.7429,0.4561,0.5652,0.8785
0.7714,0.3699,0.5,0.8866
0.8857,0.3735,0.5254,0.9181
0.9143,0.4848,0.6337,0.952
0.8286,0.4203,0.5577,0.9133
0.7429,0.3768,0.5,0.8521
0.7429,0.4262,0.5417,0.8975
0.7222,0.3939,0.5098,0.8585
0.9167,0.4648,0.6168,0.9229
0.7714,0.4154,0.54,0.8688
0.8571,0.4615,0.6,0.9087
0.8286,0.4203,0.5577,0.8973
0.8,0.3944,0.5283,0.9065
0.8857,0.4366,0.5849,0.9186
0.8857,0.4366,0.5849,0.8948
0.8,0.4179,0.549,0.9039
0.5429,0.3393,0.4176,0.7917
0.8056,0.5,0.617,0.9032
0.8056,0.4143,0.5472,0.9082
0.8286,0.3973,0.537,0.8894
0.9143,0.4,0.5565,0.9202
0.8,0.4179,0.549,0.9009
0.8571,0.3846,0.531,0.8871
0.7429,0.4063,0.5253,0.873
0.8857,0.4769,0.62,0.907
0.7429,0.4127,0.5306,0.8679
0.7143,0.3623,0.4808,0.8648
0.8333,0.4054,0.5455,0.8931
0.6944,0.4032,0.5102,0.8376
0.8,0.3784,0.5138,0.9019
0.8286,0.4265,0.5631,0.8596
0.8,0.4746,0.5957,0.9069
0.9429,0.3882,0.55,0.9114
0.6571,0.3538,0.46,0.8209
0.8,0.5,0.6154,0.903
0.8,0.3944,0.5283,0.8712
0.7143,0.3472,0.4673,0.8571
0.8333,0.4762,0.6061,0.8806
0.9444,0.4474,0.6071,0.9406
0.8286,0.4677,0.5979,0.9279
0.7222,0.3939,0.5098,0.8503
0.9167,0.4521,0.6055,0.9148
0.8286,0.3919,0.5321,0.8707
0.8857,0.4769,0.62,0.9327
0.8857,0.4429,0.5905,0.9146
0.8286,0.4265,0.5631,0.8776
0.8857,0.4079,0.5586,0.927
0.7714,0.3913,0.5192,0.8748
0.8,0.4058,0.5385,0.8959
0.6571,0.451,0.5349,0.857
0.8571,0.4412,0.5825,0.9027
0.8571,0.4225,0.566,0.9105
0.8,0.4242,0.5545,0.9098
0.8286,0.4265,0.5631,0.9082
0.7429,0.4127,0.5306,0.865
0.8,0.4242,0.5545,0.8589
0.8571,0.4478,0.5882,0.9056
0.8333,0.4286,0.566,0.8838
0.8889,0.4,0.5517,0.8888
0.7714,0.3857,0.5143,0.8818
0.8571,0.3947,0.5405,0.9068
0.7714,0.4737,0.587,0.8666
0.8,0.3944,0.5283,0.8909
0.8286,0.4203,0.5577,0.9188
0.7714,0.45,0.5684,0.8786
0.8857,0.4026,0.5536,0.9064
0.6857,0.375,0.4848,0.8904
0.7222,0.4063,0.52,0.805
0.75,0.4091,0.5294,0.8825
0.8857,0.4079,0.5586,0.914
0.8857,0.4079,0.5586,0.9175
0.7714,0.403,0.5294,0.862
0.8286,0.3625,0.5043,0.8613
0.8,0.4828,0.6022,0.9064
0.7143,0.3846,0.5,0.8891
0.8857,0.4627,0.6078,0.9278
0.8571,0.411,0.5556,0.9196
0.8611,0.4921,0.6263,0.9251
0.6944,0.3425,0.4587,0.8383
0.8,0.4242,0.5545,0.8881
0.7714,0.375,0.5047,0.8593
0.8286,0.3919,0.5321,0.9079
0.8,0.4308,0.56,0.868
0.7714,0.36,0.4909,0.8594
0.7429,0.3939,0.5149,0.8869
0.8571,0.4688,0.6061,0.9257
0.8,0.4118,0.5437,0.8959
0.75,0.3649,0.4909,0.8431
0.8056,0.4531,0.58,0.9132
0.9143,0.5079,0.6531,0.9379
0.8286,0.3973,0.537,0.9148
0.8286,0.4754,0.6042,0.8955
0.8857,0.4844,0.6263,0.9361
0.7429,0.3824,0.5049,0.8973
0.7429,0.3562,0.4815,0.8559
0.8,0.3684,0.5045,0.854
0.8,0.4308,0.56,0.9028
0.8333,0.4615,0.5941,0.9067
0.8889,0.3902,0.5424,0.8864
0.7143,0.3906,0.5051,0.8916
0.6,0.3559,0.4468,0.8003
0.8857,0.4627,0.6078,0.9386
0.8,0.4179,0.549,0.881
0.7714,0.3699,0.5,0.8469
0.9429,0.4286,0.5893,0.9297
0.8571,0.411,0.5556,0.9078
0.8571,0.4348,0.5769,0.9069
0.8333,0.4054,0.5455,0.9109
0.7222,0.3768,0.4952,0.8637
0.9143,0.4156,0.5714,0.9352
0.7714,0.3971,0.5243,0.8609
0.8286,0.4677,0.5979,0.913
0.8286,0.4085,0.5472,0.929
0.7143,0.3906,0.5051,0.8747
0.8857,0.4133,0.5636,0.9158
0.8571,0.4,0.5455,0.8968
0.7714,0.4154,0.54,0.9016
0.8056,0.4754,0.5979,0.9007
0.8056,0.4394,0.5686,0.8733
0.8857,0.4306,0.5794,0.9114
0.9429,0.4853,0.6408,0.9431
0.8857,0.4429,0.5905,0.9001
0.8,0.4375,0.5657,0.8909
0.7714,0.3913,0.5192,0.8556
0.7429,0.3768,0.5,0.8641
0.7714,0.3971,0.5243,0.9055
0.9143,0.4507,0.6038,0.9438
0.75,0.36,0.4865,0.8651
0.8056,0.3867,0.5225,0.8664
0.8,0.4828,0.6022,0.8965
0.8,0.4058,0.5385,0.9095
0.9143,0.3902,0.547,0.9196
0.8286,0.4531,0.5859,0.9216
0.7714,0.4576,0.5745,0.9063
0.6857,0.3529,0.466,0.8354
0.8286,0.4462,0.58,0.9058
0.8286,0.3718,0.5133,0.8902
0.8333,0.4545,0.5882,0.8959
0.7778,0.5,0.6087,0.8732
0.8857,0.4697,0.6139,0.8923
0.7714,0.3857,0.5143,0.872
0.8,0.4516,0.5773,0.9063
0.7714,0.375,0.5047,0.8973
0.9143,0.4776,0.6275,0.9338
0.8857,0.4366,0.5849,0.903
0.7429,0.3824,0.5049,0.8624
0.8,0.4,0.5333,0.906
0.6389,0.4259,0.5111,0.8577
0.8611,0.4306,0.5741,0.9185
0.6857,0.3582,0.4706,0.8192
0.8571,0.4839,0.6186,0.9049
0.7714,0.4355,0.5567,0.8964
0.8857,0.3735,0.5254,0.8968
0.9143,0.4,0.5565,0.9289
0.8,0.4667,0.5895,0.9106
0.6286,0.3607,0.4583,0.8241
0.8571,0.3846,0.531,0.8835
0.75,0.403,0.5243,0.8687
0.8056,0.3816,0.5179,0.8793
0.8286,0.4531,0.5859,0.9119
0.9143,0.3951,0.5517,0.8957
0.8571,0.4615,0.6,0.9046
0.7714,0.36,0.4909,0.8228
0.7714,0.4154,0.54,0.8907
0.6857,0.3288,0.4444,0.8243
0.8,0.3889,0.5234,0.876
0.8857,0.4697,0.6139,0.9147
0.8611,0.4769,0.6139,0.9292
0.8889,0.4706,0.6154,0.9372
0.7714,0.4426,0.5625,0.8941
0.7143,0.4237,0.5319,0.8805
0.7714,0.3803,0.5094,0.8602
0.9143,0.4324,0.5872,0.916
0.8571,0.4839,0.6186,0.9214
0.7714,0.4219,0.5455,0.8647
0.8286,0.4265,0.5631,0.8904
0.8,0.4179,0.549,0.9214
0.8333,0.375,0.5172,0.8792
0.75,0.3553,0.4821,0.8591
0.7714,0.4219,0.5455,0.8954
0.6571,0.3833,0.4842,0.8198
0.8,0.4058,0.5385,0.9019
0.6,0.3684,0.4565,0.8581
0.8286,0.3625,0.5043,0.8859
0.8571,0.3896,0.5357,0.9117
0.8571,0.4478,0.5882,0.9047
0.8857,0.3974,0.5487,0.8921
0.7778,0.4,0.5283,0.8823
0.8333,0.4615,0.5941,0.9
0.7714,0.4355,0.5567,0.8827
0.6571,0.3833,0.4842,0.8271
0.9429,0.4648,0.6226,0.9383
0.8286,0.4462,0.58,0.9175
0.8,0.3836,0.5185,0.8703
0.8857,0.4697,0.6139,0.9339
0.8286,0.4754,0.6042,0.91
0.8,0.4118,0.5437,0.8685
0.8611,0.4133,0.5586,0.8867
0.8611,0.4189,0.5636,0.92
0.7714,0.403,0.5294,0.8883
0.8857,0.4079,0.5586,0.9255
0.8286,0.3766,0.5179,0.8806
0.8,0.3784,0.5138,0.8628
0.9143,0.4103,0.5664,0.9165
0.8571,0.4348,0.5769,0.8911
0.8571,0.566,0.6818,0.9185
0.8857,0.3875,0.5391,0.9272
0.7222,0.4333,0.5417,0.8667
0.6944,0.3676,0.4808,0.8423
0.7429,0.4483,0.5591,0.8523
0.8,0.3836,0.5185,0.8803
0.8,0.3684,0.5045,0.8509
0.8,0.4179,0.549,0.9095
0.8,0.3636,0.5,0.8783
0.8,0.4179,0.549,0.8607
0.8571,0.5172,0.6452,0.9429
0.8,0.3784,0.5138,0.8766
0.7778,0.459,0.5773,0.9113
0.8611,0.4493,0.5905,0.9112
0.7143,0.431,0.5376,0.8839
0.75,0.4655,0.5745,0.8924
0.7222,0.4,0.5149,0.8925
0.7714,0.3506,0.4821,0.849
0.8286,0.4028,0.5421,0.8809
0.8571,0.4615,0.6,0.8738
0.8,0.4308,0.56,0.8731
0.9143,0.3951,0.5517,0.9266
0.8286,0.4143,0.5524,0.9125
0.8286,0.3816,0.5225,0.8755
0.7429,0.4561,0.5652,0.9056
0.8286,0.4754,0.6042,0.9101
0.7429,0.3768,0.5,0.8674
0.8571,0.4412,0.5825,0.8966
0.8286,0.4531,0.5859,0.9006
0.7429,0.4,0.52,0.8672
0.9143,0.4156,0.5714,0.9236
0.7429,0.4127,0.5306,0.8636
0.75,0.4091,0.5294,0.8584
0.7778,0.4667,0.5833,0.8816
0.9143,0.3902,0.547,0.9142
0.8,0.35,0.487,0.8695
0.7714,0.4219,0.5455,0.8964
0.8,0.4,0.5333,0.8952
0.8571,0.4688,0.6061,0.9286
0.8857,0.4079,0.5586,0.9338
0.7143,0.4386,0.5435,0.8665
0.8857,0.4366,0.5849,0.907
0.7222,0.4063,0.52,0.8839
0.75,0.4655,0.5745,0.8822
0.8571,0.4762,0.6122,0.8992
0.8889,0.4384,0.5872,0.9153
0.8611,0.4493,0.5905,0.9139
0.7714,0.36,0.4909,0.8627
0.8,0.4667,0.5895,0.9122
0.8286,0.3973,0.537,0.8668
0.8286,0.4531,0.5859,0.8932
0.8286,0.4603,0.5918,0.9288
0.7429,0.3714,0.4952,0.838
0.7714,0.4355,0.5567,0.9084
0.7429,0.4063,0.5253,0.8506
0.9143,0.4776,0.6275,0.9212
0.8,0.4242,0.5545,0.9165
0.6571,0.3898,0.4894,0.8567
0.8571,0.4545,0.5941,0.9241
0.6857,0.375,0.4848,0.863
0.8571,0.3614,0.5085,0.9258
0.7143,0.4032,0.5155,0.8769
0.8333,0.4348,0.5714,0.8918
0.6389,0.3333,0.4381,0.7925
0.9429,0.4231,0.5841,0.9407
